0 0.193750 0.445312 0.043750 0.026042
0 0.616146 0.811458 0.038542 0.031250
0 0.355208 0.125000 0.043750 0.035417
0 0.125000 0.729688 0.039583 0.026042
0 0.448958 0.841146 0.039583 0.028125
0 0.395833 0.091667 0.039583 0.047917
0 0.226042 0.719271 0.050000 0.042708
0 0.583854 0.780208 0.053125 0.047917
0 0.670833 0.243229 0.022917 0.038542
0 0.127604 0.654167 0.051042 0.033333
0 0.576042 0.846354 0.050000 0.044792
0 0.494792 0.512500 0.025000 0.041667
0 0.213542 0.141667 0.025000 0.037500
0 0.122396 0.439583 0.048958 0.052083
0 0.961979 0.417187 0.034375 0.053125
0 0.292187 0.954167 0.040625 0.043750
0 0.740625 0.839063 0.039583 0.030208
0 0.255729 0.835938 0.034375 0.040625
0 0.713021 0.171354 0.040625 0.044792
0 0.421354 0.833854 0.026042 0.040625
0 0.758333 0.876563 0.043750 0.055208
0 0.380208 0.326042 0.050000 0.029167
0 0.806250 0.092188 0.025000 0.042708
0 0.915104 0.797917 0.048958 0.041667
0 0.280208 0.184896 0.039583 0.038542
0 0.892708 0.475521 0.037500 0.038542
0 0.617188 0.095312 0.053125 0.034375
0 0.577604 0.750521 0.028125 0.044792
0 0.815625 0.589583 0.052083 0.045833
0 0.230208 0.325521 0.050000 0.026042
0 0.722396 0.793750 0.032292 0.052083
0 0.606250 0.197396 0.045833 0.032292
0 0.584375 0.920312 0.025000 0.038542
0 0.445312 0.899479 0.055208 0.042708
0 0.610417 0.868229 0.045833 0.028125
0 0.853646 0.252604 0.038542 0.046875
0 0.713542 0.642188 0.037500 0.053125
0 0.375521 0.092708 0.051042 0.050000
0 0.377083 0.066667 0.043750 0.025000
0 0.201042 0.713021 0.045833 0.036458
0 0.704167 0.692708 0.025000 0.037500
0 0.177604 0.282813 0.051042 0.044792
0 0.514062 0.143750 0.042708 0.027083
0 0.535417 0.543750 0.020833 0.039583
0 0.538021 0.239583 0.038542 0.035417
0 0.826562 0.185938 0.055208 0.046875
0 0.164062 0.187500 0.034375 0.039583
0 0.162500 0.291667 0.047917 0.027083
0 0.601042 0.714063 0.045833 0.036458
0 0.423958 0.307812 0.050000 0.053125
0 0.538021 0.446354 0.034375 0.046875
0 0.884375 0.507812 0.027083 0.042708
0 0.135937 0.780729 0.042708 0.051042
0 0.189583 0.439583 0.037500 0.027083
0 0.499479 0.555729 0.044792 0.028125
0 0.882292 0.928646 0.039583 0.028125
0 0.388021 0.308854 0.048958 0.032292
0 0.586458 0.135937 0.037500 0.040625
0 0.390104 0.158854 0.040625 0.023958
0 0.928125 0.492708 0.033333 0.043750
0 0.221875 0.242708 0.052083 0.047917
0 0.195312 0.216667 0.028125 0.045833
0 0.396354 0.094792 0.046875 0.031250
0 0.582812 0.213021 0.044792 0.042708
0 0.846875 0.492708 0.047917 0.041667
0 0.596354 0.482812 0.038542 0.040625
0 0.529167 0.845833 0.043750 0.045833
0 0.628646 0.416667 0.034375 0.039583
0 0.358333 0.169792 0.022917 0.035417
0 0.203125 0.895833 0.045833 0.029167
0 0.263021 0.878125 0.019792 0.037500
0 0.173958 0.191667 0.022917 0.043750
0 0.423438 0.270833 0.032292 0.043750
0 0.685417 0.207292 0.035417 0.037500
0 0.303646 0.609375 0.036458 0.037500
0 0.200000 0.262500 0.037500 0.027083
0 0.734375 0.429167 0.047917 0.037500
0 0.744271 0.154167 0.023958 0.037500
0 0.504687 0.383333 0.038542 0.031250
0 0.587500 0.772396 0.039583 0.030208
0 0.219271 0.899479 0.036458 0.046875
0 0.526042 0.775000 0.039583 0.022917
0 0.601562 0.190104 0.040625 0.036458
0 0.888021 0.959896 0.040625 0.023958
0 0.352604 0.581771 0.034375 0.046875
0 0.477083 0.688542 0.047917 0.025000
0 0.677604 0.117188 0.040625 0.036458
0 0.638021 0.161979 0.023958 0.042708
0 0.861979 0.547396 0.051042 0.042708
0 0.659896 0.711979 0.038542 0.046875
0 0.478125 0.425521 0.050000 0.044792
0 0.473438 0.246354 0.042708 0.055208
0 0.488542 0.339583 0.035417 0.047917
0 0.508333 0.701042 0.037500 0.041667
0 0.384896 0.893750 0.038542 0.052083
0 0.601042 0.228125 0.035417 0.020833
0 0.684375 0.866146 0.052083 0.051042
0 0.218229 0.311979 0.044792 0.042708
0 0.804688 0.286458 0.053125 0.035417
0 0.283854 0.605729 0.046875 0.038542
0 0.904687 0.073958 0.036458 0.037500
0 0.833854 0.148438 0.028125 0.044792
0 0.327604 0.786458 0.032292 0.052083
0 0.218750 0.586458 0.041667 0.037500
0 0.870833 0.496875 0.041667 0.039583
0 0.903125 0.845833 0.043750 0.035417
0 0.319792 0.531250 0.043750 0.031250
0 0.270313 0.838542 0.038542 0.043750
0 0.544271 0.775521 0.028125 0.051042
0 0.194792 0.911458 0.041667 0.047917
0 0.151042 0.378125 0.037500 0.035417
0 0.942708 0.259896 0.033333 0.040625
0 0.853646 0.633333 0.042708 0.031250
0 0.643750 0.835938 0.022917 0.040625
0 0.284375 0.916667 0.052083 0.041667
0 0.375521 0.690104 0.046875 0.048958
0 0.177083 0.794792 0.041667 0.031250
0 0.518750 0.819271 0.039583 0.044792
0 0.951042 0.494271 0.043750 0.030208
0 0.933854 0.650521 0.026042 0.040625
0 0.686979 0.916667 0.038542 0.025000
0 0.326042 0.671354 0.054167 0.046875
0 0.856771 0.135417 0.040625 0.054167
0 0.204167 0.440104 0.039583 0.030208
0 0.163021 0.692708 0.032292 0.043750
0 0.570833 0.378125 0.041667 0.039583
0 0.676042 0.450000 0.050000 0.029167
0 0.529687 0.228646 0.034375 0.051042
0 0.649479 0.493750 0.044792 0.035417
0 0.212500 0.492708 0.052083 0.041667
0 0.546875 0.378646 0.039583 0.048958
0 0.338021 0.494271 0.040625 0.028125
0 0.394271 0.702604 0.046875 0.048958
0 0.207292 0.119792 0.035417 0.052083
0 0.395833 0.918229 0.029167 0.044792
0 0.393750 0.251563 0.039583 0.026042
0 0.505729 0.310417 0.028125 0.050000
0 0.426563 0.668229 0.019792 0.038542
0 0.875000 0.084896 0.043750 0.028125
0 0.954688 0.273958 0.036458 0.052083
0 0.129167 0.194271 0.037500 0.044792
0 0.597917 0.786458 0.043750 0.052083
0 0.367708 0.248438 0.041667 0.032292
0 0.406250 0.679688 0.022917 0.038542
0 0.277604 0.410417 0.051042 0.050000
0 0.196354 0.100000 0.026042 0.041667
0 0.840625 0.664062 0.039583 0.044792
0 0.871875 0.543750 0.027083 0.047917
0 0.452604 0.588021 0.038542 0.021875
0 0.878646 0.781771 0.055208 0.044792
0 0.620313 0.908854 0.048958 0.032292
0 0.508333 0.522396 0.054167 0.048958
0 0.746354 0.920833 0.038542 0.043750
0 0.456771 0.795833 0.044792 0.045833
0 0.551042 0.888021 0.039583 0.034375
0 0.372396 0.465625 0.038542 0.043750
0 0.494271 0.744792 0.034375 0.039583
0 0.723958 0.093750 0.041667 0.029167
0 0.637500 0.074479 0.041667 0.032292
0 0.483333 0.876042 0.047917 0.035417
0 0.262500 0.198958 0.041667 0.025000
0 0.517708 0.393750 0.033333 0.037500
0 0.678646 0.160938 0.028125 0.040625
0 0.485938 0.656771 0.046875 0.034375
0 0.906771 0.943229 0.040625 0.019792
0 0.407292 0.901563 0.045833 0.038542
0 0.848437 0.378125 0.030208 0.050000
0 0.242708 0.509375 0.052083 0.037500
0 0.361979 0.904167 0.021875 0.037500
0 0.336458 0.666146 0.050000 0.028125
0 0.578125 0.115104 0.043750 0.055208
0 0.860938 0.706771 0.055208 0.040625
0 0.796354 0.584375 0.034375 0.052083
0 0.085417 0.119271 0.043750 0.055208
0 0.305208 0.636458 0.041667 0.037500
0 0.894792 0.220312 0.041667 0.044792
0 0.588021 0.280729 0.051042 0.040625
0 0.390625 0.180729 0.041667 0.042708
0 0.089583 0.744792 0.031250 0.045833
0 0.615104 0.420312 0.046875 0.026042
0 0.146354 0.108333 0.023958 0.041667
0 0.347917 0.392708 0.041667 0.039583
0 0.268229 0.073958 0.028125 0.043750
0 0.083333 0.663542 0.050000 0.029167
0 0.464062 0.577083 0.051042 0.050000
0 0.536458 0.795312 0.054167 0.044792
0 0.365104 0.836979 0.021875 0.038542
0 0.641667 0.813542 0.035417 0.043750
0 0.552083 0.523958 0.027083 0.041667
0 0.121354 0.190104 0.034375 0.053125
0 0.424479 0.763021 0.028125 0.040625
0 0.100000 0.106771 0.043750 0.026042
0 0.959896 0.730208 0.051042 0.050000
0 0.138542 0.120833 0.033333 0.045833
0 0.817187 0.505729 0.023958 0.048958
0 0.850521 0.106771 0.034375 0.040625
0 0.322917 0.391146 0.031250 0.048958
0 0.672396 0.700000 0.038542 0.052083
0 0.683333 0.525000 0.045833 0.043750
0 0.817708 0.112500 0.037500 0.025000
0 0.220312 0.911979 0.040625 0.032292
0 0.344271 0.427604 0.051042 0.038542
0 0.818750 0.950521 0.047917 0.030208
0 0.235937 0.832292 0.038542 0.052083
0 0.498437 0.127604 0.042708 0.055208
0 0.303125 0.542708 0.045833 0.043750
0 0.123438 0.072396 0.026042 0.040625
0 0.562500 0.440625 0.041667 0.020833
0 0.946354 0.707292 0.036458 0.047917
0 0.323437 0.592708 0.044792 0.045833
0 0.673958 0.593750 0.025000 0.041667
0 0.194792 0.654687 0.050000 0.034375
0 0.406250 0.950000 0.037500 0.033333
0 0.186458 0.713021 0.037500 0.053125
0 0.876563 0.611979 0.055208 0.048958
0 0.082292 0.491667 0.043750 0.045833
0 0.700000 0.698958 0.035417 0.020833
0 0.786458 0.395833 0.045833 0.031250
0 0.870313 0.552083 0.042708 0.033333
0 0.756250 0.083854 0.041667 0.044792
0 0.851042 0.194271 0.035417 0.017708
0 0.583333 0.763542 0.022917 0.037500
0 0.897396 0.438542 0.030208 0.039583
0 0.710417 0.328646 0.035417 0.044792
0 0.716146 0.800000 0.038542 0.033333
0 0.417708 0.207292 0.045833 0.027083
0 0.906250 0.472396 0.050000 0.053125
0 0.313542 0.504687 0.041667 0.032292
0 0.323437 0.446875 0.038542 0.035417
0 0.338542 0.422917 0.031250 0.050000
0 0.135417 0.941146 0.031250 0.040625
0 0.631250 0.855729 0.039583 0.044792
0 0.111458 0.563542 0.035417 0.052083
0 0.925000 0.409896 0.037500 0.053125
0 0.842187 0.226562 0.055208 0.044792
0 0.887500 0.217188 0.035417 0.040625
0 0.930208 0.109896 0.022917 0.038542
0 0.166667 0.733854 0.039583 0.023958
0 0.644792 0.865625 0.037500 0.027083
0 0.535937 0.591146 0.021875 0.044792
0 0.187500 0.822396 0.027083 0.042708
0 0.728646 0.928125 0.034375 0.039583
0 0.913021 0.414062 0.038542 0.021875
0 0.775521 0.919792 0.048958 0.041667
0 0.128125 0.361979 0.045833 0.034375
0 0.945833 0.879687 0.041667 0.048958
0 0.318229 0.415625 0.046875 0.027083
0 0.607292 0.939583 0.039583 0.041667
0 0.431250 0.871875 0.050000 0.050000
0 0.278646 0.814063 0.051042 0.042708
0 0.219271 0.490104 0.040625 0.038542
0 0.145313 0.404167 0.048958 0.035417
0 0.315104 0.881250 0.044792 0.022917
0 0.584896 0.894271 0.038542 0.051042
0 0.860938 0.482812 0.055208 0.048958
0 0.151562 0.761458 0.038542 0.031250
0 0.544792 0.751042 0.025000 0.043750
0 0.139583 0.908333 0.043750 0.035417
0 0.899479 0.282813 0.055208 0.048958
0 0.719792 0.893229 0.045833 0.032292
0 0.275521 0.237500 0.036458 0.037500
0 0.340625 0.378646 0.050000 0.028125
0 0.596354 0.289062 0.046875 0.055208
0 0.332813 0.397917 0.019792 0.037500
0 0.495833 0.380729 0.035417 0.044792
0 0.162500 0.566667 0.037500 0.027083
0 0.758854 0.302604 0.051042 0.034375
0 0.745313 0.439583 0.021875 0.037500
0 0.693750 0.351562 0.041667 0.044792
0 0.657292 0.800000 0.041667 0.031250
0 0.492188 0.951042 0.051042 0.035417
0 0.959896 0.811458 0.046875 0.052083
0 0.870833 0.505208 0.031250 0.043750
0 0.568750 0.217708 0.037500 0.033333
0 0.722396 0.528125 0.030208 0.039583
0 0.626563 0.801562 0.028125 0.044792
0 0.740625 0.443229 0.027083 0.051042
0 0.873437 0.607292 0.038542 0.052083
0 0.137500 0.393229 0.027083 0.040625
0 0.657292 0.566146 0.043750 0.030208
0 0.214583 0.234375 0.052083 0.035417
0 0.201563 0.154167 0.034375 0.016667
0 0.213021 0.342708 0.023958 0.043750
0 0.423438 0.880208 0.038542 0.033333
0 0.864062 0.663542 0.019792 0.035417
0 0.379688 0.838542 0.051042 0.050000
0 0.809375 0.493750 0.037500 0.029167
0 0.461458 0.879167 0.033333 0.043750
0 0.547917 0.665104 0.045833 0.055208
0 0.226562 0.459896 0.044792 0.042708
0 0.926042 0.605729 0.033333 0.044792
0 0.929688 0.583854 0.026042 0.044792
0 0.965104 0.132812 0.034375 0.040625
0 0.161979 0.971875 0.032292 0.047917
0 0.940625 0.526042 0.047917 0.052083
0 0.132812 0.742188 0.044792 0.030208
0 0.310937 0.607812 0.040625 0.034375
0 0.648958 0.091146 0.037500 0.048958
0 0.237500 0.528125 0.031250 0.050000
0 0.529687 0.167708 0.044792 0.052083
0 0.564583 0.173437 0.045833 0.040625
0 0.651042 0.827604 0.025000 0.042708
0 0.854167 0.838021 0.047917 0.046875
0 0.434375 0.566146 0.031250 0.040625
0 0.423958 0.785937 0.050000 0.038542
0 0.293229 0.916146 0.048958 0.055208
0 0.625521 0.642708 0.051042 0.050000
0 0.352604 0.118229 0.038542 0.055208
0 0.932292 0.366667 0.035417 0.037500
0 0.676042 0.169271 0.050000 0.053125
0 0.460417 0.211458 0.050000 0.050000
0 0.726042 0.493229 0.039583 0.036458
0 0.870833 0.800000 0.041667 0.052083
0 0.351562 0.205729 0.023958 0.040625
0 0.566667 0.329688 0.025000 0.044792
0 0.686979 0.833854 0.046875 0.048958
0 0.218229 0.434375 0.034375 0.039583
0 0.366146 0.940104 0.053125 0.030208
0 0.314583 0.241667 0.037500 0.033333
0 0.293750 0.680729 0.052083 0.051042
0 0.965625 0.783854 0.045833 0.038542
0 0.726042 0.491667 0.025000 0.047917
0 0.089583 0.251042 0.047917 0.035417
0 0.325521 0.234896 0.044792 0.051042
0 0.410938 0.459375 0.051042 0.031250
0 0.547396 0.636458 0.038542 0.029167
0 0.232292 0.803125 0.022917 0.037500
0 0.077604 0.278646 0.038542 0.021875
0 0.834896 0.189583 0.019792 0.037500
0 0.103646 0.716667 0.044792 0.035417
0 0.357812 0.913542 0.051042 0.050000
0 0.085938 0.130729 0.046875 0.048958
0 0.637500 0.139583 0.037500 0.035417
0 0.481250 0.214583 0.018750 0.035417
0 0.808333 0.264062 0.047917 0.046875
0 0.688542 0.077083 0.045833 0.029167
0 0.618750 0.360417 0.041667 0.029167
0 0.255208 0.549479 0.050000 0.034375
0 0.911979 0.869792 0.042708 0.029167
0 0.186458 0.190625 0.050000 0.050000
0 0.848958 0.491667 0.033333 0.043750
0 0.807813 0.175521 0.048958 0.028125
0 0.504167 0.150000 0.027083 0.037500
0 0.513542 0.276562 0.039583 0.044792
0 0.362500 0.186979 0.043750 0.055208
0 0.883854 0.527604 0.044792 0.040625
0 0.689583 0.514062 0.020833 0.036458
0 0.592187 0.655729 0.040625 0.023958
0 0.864062 0.187500 0.038542 0.031250
0 0.905729 0.915625 0.038542 0.043750
0 0.093750 0.970833 0.050000 0.050000
0 0.107292 0.945833 0.029167 0.050000
0 0.493229 0.698958 0.044792 0.047917
0 0.177083 0.947396 0.047917 0.046875
0 0.680729 0.902604 0.044792 0.030208
0 0.614062 0.210417 0.038542 0.029167
0 0.579167 0.892708 0.037500 0.025000
0 0.679167 0.770312 0.031250 0.048958
0 0.548438 0.262500 0.044792 0.052083
0 0.274479 0.797917 0.038542 0.018750
0 0.442708 0.133333 0.041667 0.029167
0 0.243750 0.330208 0.052083 0.047917
0 0.253646 0.091667 0.021875 0.037500
0 0.317188 0.645833 0.030208 0.050000
0 0.324479 0.911979 0.044792 0.048958
0 0.090625 0.357812 0.035417 0.053125
0 0.719271 0.902083 0.048958 0.052083
0 0.193750 0.693229 0.039583 0.034375
0 0.180729 0.855729 0.038542 0.046875
0 0.695312 0.850000 0.038542 0.022917
0 0.206771 0.810937 0.034375 0.053125
0 0.253125 0.280208 0.043750 0.031250
0 0.491667 0.649479 0.029167 0.046875
0 0.572396 0.256250 0.053125 0.043750
0 0.829688 0.208333 0.038542 0.035417
0 0.865625 0.857292 0.035417 0.037500
0 0.618750 0.837500 0.035417 0.020833
0 0.237500 0.498437 0.033333 0.040625
0 0.858333 0.233854 0.050000 0.040625
0 0.225521 0.078646 0.040625 0.036458
0 0.230208 0.213542 0.052083 0.043750
0 0.619271 0.723437 0.044792 0.032292
0 0.399479 0.934896 0.036458 0.051042
0 0.648958 0.452083 0.052083 0.033333
0 0.693229 0.755729 0.030208 0.040625
0 0.852604 0.339583 0.051042 0.031250
0 0.581250 0.271354 0.037500 0.038542
0 0.808854 0.225000 0.048958 0.052083
0 0.367708 0.670833 0.050000 0.033333
0 0.964583 0.230208 0.043750 0.033333
0 0.521875 0.229167 0.050000 0.047917
0 0.838021 0.136458 0.044792 0.035417
0 0.653125 0.189062 0.037500 0.040625
0 0.925521 0.949479 0.048958 0.030208
0 0.792708 0.447917 0.027083 0.041667
0 0.465104 0.711979 0.026042 0.044792
0 0.807292 0.815625 0.029167 0.037500
0 0.775000 0.730729 0.047917 0.023958
0 0.168229 0.736979 0.048958 0.055208
0 0.333333 0.381771 0.027083 0.040625
0 0.085938 0.488021 0.038542 0.055208
0 0.283854 0.734375 0.042708 0.027083
0 0.441667 0.879687 0.029167 0.044792
0 0.735938 0.455208 0.053125 0.047917
0 0.321875 0.192188 0.045833 0.038542
0 0.785937 0.087500 0.051042 0.047917
0 0.477604 0.189583 0.042708 0.041667
0 0.669271 0.073438 0.051042 0.034375
0 0.926042 0.757812 0.043750 0.032292
0 0.854688 0.160417 0.038542 0.043750
0 0.715104 0.594792 0.034375 0.039583
0 0.491146 0.466146 0.038542 0.051042
0 0.208854 0.083333 0.053125 0.039583
0 0.291146 0.665104 0.030208 0.053125
0 0.197396 0.391667 0.042708 0.031250
0 0.275521 0.952604 0.032292 0.044792
0 0.458854 0.109896 0.028125 0.044792
0 0.102604 0.444792 0.053125 0.039583
0 0.442708 0.481250 0.027083 0.043750
0 0.080729 0.497917 0.038542 0.047917
0 0.129688 0.952083 0.040625 0.022917
0 0.752083 0.749479 0.041667 0.048958
0 0.304167 0.960417 0.037500 0.033333
0 0.421354 0.165625 0.028125 0.045833
0 0.575521 0.297917 0.032292 0.043750
0 0.843750 0.861979 0.037500 0.019792
0 0.194792 0.120313 0.045833 0.034375
0 0.481250 0.468229 0.033333 0.048958
0 0.156250 0.771354 0.052083 0.051042
0 0.381771 0.959896 0.044792 0.042708
0 0.226562 0.768750 0.021875 0.037500
0 0.160417 0.635938 0.041667 0.023958
0 0.556250 0.255208 0.031250 0.045833
0 0.689063 0.275521 0.040625 0.044792
0 0.071354 0.140625 0.034375 0.037500
0 0.193229 0.104167 0.036458 0.020833
0 0.607812 0.788542 0.051042 0.047917
0 0.422396 0.134896 0.036458 0.051042
0 0.616667 0.553125 0.037500 0.027083
0 0.942187 0.888542 0.042708 0.027083
0 0.703646 0.930729 0.042708 0.021875
0 0.795312 0.701042 0.046875 0.027083
0 0.883333 0.320833 0.018750 0.035417
0 0.126042 0.926562 0.043750 0.055208
0 0.902604 0.568229 0.036458 0.040625
0 0.863021 0.474479 0.036458 0.051042
0 0.851042 0.782292 0.045833 0.029167
0 0.570833 0.792188 0.037500 0.053125
0 0.107813 0.353646 0.055208 0.040625
0 0.381771 0.142187 0.048958 0.046875
0 0.328125 0.386979 0.045833 0.048958
0 0.741667 0.490625 0.045833 0.027083
0 0.181771 0.517188 0.042708 0.044792
0 0.510417 0.125000 0.039583 0.047917
0 0.717187 0.354687 0.051042 0.034375
0 0.217188 0.692708 0.034375 0.043750
0 0.860417 0.683333 0.033333 0.037500
0 0.652083 0.902083 0.020833 0.035417
0 0.244792 0.225521 0.043750 0.048958
0 0.573958 0.302083 0.018750 0.035417
0 0.267188 0.705729 0.032292 0.044792
0 0.403646 0.776042 0.046875 0.031250
0 0.845313 0.857292 0.034375 0.052083
0 0.473958 0.532292 0.052083 0.039583
0 0.139063 0.780729 0.040625 0.032292
0 0.482812 0.646875 0.040625 0.020833
0 0.415625 0.768750 0.052083 0.047917
0 0.267188 0.776563 0.044792 0.026042
0 0.555208 0.149479 0.043750 0.055208
0 0.880208 0.946354 0.050000 0.034375
0 0.956771 0.446354 0.026042 0.040625
0 0.661979 0.640104 0.030208 0.053125
0 0.206250 0.952083 0.031250 0.037500
0 0.073958 0.842187 0.043750 0.026042
0 0.928125 0.489583 0.043750 0.035417
0 0.626563 0.844792 0.046875 0.045833
0 0.645312 0.077604 0.038542 0.051042
0 0.360417 0.232813 0.054167 0.038542
0 0.251563 0.876563 0.040625 0.044792
0 0.734375 0.720313 0.050000 0.036458
0 0.656250 0.566667 0.039583 0.022917
0 0.172396 0.185938 0.040625 0.044792
0 0.252604 0.451042 0.042708 0.037500
0 0.312500 0.706771 0.047917 0.055208
0 0.443750 0.750000 0.033333 0.045833
0 0.852083 0.400521 0.031250 0.044792
0 0.294792 0.107292 0.037500 0.031250
0 0.604688 0.464062 0.040625 0.023958