0 0.127604 0.660937 0.030208 0.048958
0 0.886979 0.556250 0.051042 0.047917
0 0.864583 0.907292 0.029167 0.041667
0 0.697917 0.284375 0.047917 0.037500
0 0.765104 0.638021 0.044792 0.042708
0 0.397396 0.552083 0.038542 0.043750
0 0.185938 0.250521 0.040625 0.032292
0 0.919792 0.325000 0.037500 0.035417
0 0.794792 0.789583 0.052083 0.039583
0 0.653125 0.918750 0.037500 0.031250
0 0.245312 0.257292 0.046875 0.045833
0 0.943750 0.913542 0.037500 0.027083
0 0.891667 0.386979 0.050000 0.042708
0 0.932813 0.918750 0.030208 0.050000
0 0.348438 0.919792 0.046875 0.043750
0 0.591667 0.521875 0.052083 0.033333
0 0.079167 0.397396 0.035417 0.040625
0 0.275000 0.462500 0.041667 0.039583
0 0.695312 0.835938 0.040625 0.036458
0 0.419271 0.228125 0.040625 0.041667
0 0.399479 0.314063 0.032292 0.040625
0 0.940625 0.729688 0.052083 0.032292
0 0.364583 0.397396 0.041667 0.032292
0 0.516667 0.086458 0.052083 0.037500
0 0.695833 0.937500 0.035417 0.018750
0 0.766146 0.450000 0.048958 0.027083
0 0.411979 0.869271 0.055208 0.042708
0 0.401042 0.231250 0.041667 0.025000
0 0.820312 0.244792 0.030208 0.039583
0 0.942708 0.403125 0.039583 0.041667
0 0.253646 0.344271 0.040625 0.023958
0 0.575000 0.351562 0.047917 0.044792
0 0.699479 0.790104 0.051042 0.042708
0 0.821875 0.350521 0.045833 0.038542
0 0.789062 0.592708 0.036458 0.037500
0 0.916667 0.546875 0.043750 0.027083
0 0.908333 0.688542 0.043750 0.045833
0 0.459375 0.591146 0.027083 0.042708
0 0.220833 0.071875 0.022917 0.035417
0 0.084896 0.675000 0.044792 0.045833
0 0.746354 0.654167 0.048958 0.050000
0 0.667708 0.206771 0.039583 0.036458
0 0.409896 0.840104 0.053125 0.030208
0 0.593229 0.896354 0.032292 0.040625
0 0.835938 0.556250 0.051042 0.031250
0 0.244271 0.177604 0.055208 0.042708
0 0.945833 0.580208 0.052083 0.041667
0 0.518229 0.631771 0.030208 0.048958
0 0.614062 0.425000 0.034375 0.052083
0 0.584375 0.582812 0.039583 0.030208
0 0.089063 0.478125 0.053125 0.043750
0 0.841146 0.710417 0.040625 0.041667
0 0.155729 0.802604 0.032292 0.044792
0 0.488542 0.244271 0.029167 0.051042
0 0.697396 0.558333 0.034375 0.052083
0 0.589583 0.344792 0.045833 0.031250
0 0.741146 0.478646 0.048958 0.034375
0 0.497396 0.526042 0.038542 0.025000
0 0.602604 0.522396 0.051042 0.030208
0 0.365104 0.942708 0.046875 0.031250
0 0.309375 0.439063 0.047917 0.046875
0 0.810417 0.388021 0.041667 0.032292
0 0.835938 0.758333 0.046875 0.052083
0 0.195312 0.458333 0.042708 0.031250
0 0.294271 0.662500 0.040625 0.020833
0 0.724479 0.441667 0.026042 0.037500
0 0.081250 0.785937 0.037500 0.038542
0 0.343750 0.458333 0.052083 0.035417
0 0.792708 0.718229 0.031250 0.048958
0 0.806771 0.155729 0.040625 0.034375
0 0.443750 0.494271 0.037500 0.040625
0 0.385937 0.656771 0.040625 0.038542
0 0.068750 0.124479 0.018750 0.038542
0 0.806250 0.241146 0.022917 0.040625
0 0.143229 0.717708 0.023958 0.041667
0 0.746354 0.775000 0.032292 0.039583
0 0.396875 0.101042 0.018750 0.037500
0 0.506250 0.587500 0.022917 0.035417
0 0.503125 0.498437 0.043750 0.040625
0 0.397396 0.263021 0.040625 0.026042
0 0.921354 0.863021 0.053125 0.030208
0 0.220312 0.303646 0.036458 0.051042
0 0.325000 0.624479 0.022917 0.040625
0 0.487500 0.386458 0.039583 0.041667
0 0.269792 0.108333 0.041667 0.047917
0 0.115104 0.179167 0.053125 0.045833
0 0.606771 0.547917 0.038542 0.043750
0 0.338021 0.726042 0.032292 0.043750
0 0.778125 0.707292 0.041667 0.031250
0 0.133854 0.661979 0.051042 0.040625
0 0.467187 0.731250 0.030208 0.047917
0 0.731250 0.388542 0.033333 0.037500
0 0.821875 0.121354 0.039583 0.044792
0 0.883333 0.228125 0.045833 0.043750
0 0.351562 0.719271 0.046875 0.026042
0 0.873437 0.650521 0.038542 0.040625
0 0.361979 0.420833 0.048958 0.033333
0 0.352083 0.554688 0.033333 0.053125
0 0.259896 0.224479 0.040625 0.036458
0 0.684896 0.177604 0.044792 0.042708
0 0.912500 0.499479 0.039583 0.034375
0 0.949479 0.391667 0.038542 0.031250
0 0.502083 0.922396 0.039583 0.023958
0 0.541146 0.363021 0.032292 0.040625
0 0.359375 0.318229 0.039583 0.036458
0 0.425000 0.925000 0.039583 0.020833
0 0.548438 0.814583 0.040625 0.041667
0 0.566667 0.335417 0.037500 0.052083
0 0.129688 0.310417 0.042708 0.031250
0 0.956250 0.932813 0.043750 0.055208
0 0.876563 0.323437 0.026042 0.044792
0 0.607292 0.235417 0.047917 0.039583
0 0.590625 0.541667 0.031250 0.043750
0 0.881250 0.535937 0.050000 0.042708
0 0.415625 0.214062 0.027083 0.048958
0 0.428125 0.452083 0.045833 0.043750
0 0.427083 0.131250 0.031250 0.050000
0 0.191667 0.226042 0.035417 0.043750
0 0.140104 0.477604 0.055208 0.038542
0 0.735417 0.843750 0.037500 0.033333
0 0.582812 0.182292 0.032292 0.052083
0 0.497396 0.855208 0.044792 0.054167
0 0.359896 0.082812 0.053125 0.053125
0 0.750521 0.864062 0.055208 0.048958
0 0.289062 0.466146 0.034375 0.040625
0 0.282813 0.776563 0.042708 0.051042
0 0.145833 0.528125 0.037500 0.033333
0 0.548958 0.488542 0.020833 0.035417
0 0.719271 0.151042 0.038542 0.035417
0 0.699479 0.445833 0.044792 0.037500
0 0.575521 0.920833 0.026042 0.041667
0 0.839063 0.295312 0.044792 0.042708
0 0.373958 0.572917 0.047917 0.033333
0 0.291146 0.582812 0.051042 0.053125
0 0.619792 0.326042 0.033333 0.047917
0 0.763542 0.754167 0.041667 0.052083
0 0.703125 0.673438 0.050000 0.036458
0 0.373958 0.261979 0.050000 0.044792
0 0.479687 0.836458 0.040625 0.022917
0 0.486979 0.692708 0.021875 0.037500
0 0.535417 0.847917 0.025000 0.037500
0 0.460417 0.924479 0.043750 0.042708
0 0.404167 0.680729 0.025000 0.046875
0 0.907813 0.750000 0.030208 0.047917
0 0.137500 0.376042 0.039583 0.047917
0 0.370312 0.092708 0.038542 0.027083
0 0.375000 0.316667 0.035417 0.037500
0 0.547917 0.477604 0.033333 0.040625
0 0.274479 0.551562 0.044792 0.040625
0 0.452604 0.512500 0.038542 0.043750
0 0.299479 0.081250 0.034375 0.037500
0 0.421354 0.785417 0.046875 0.043750
0 0.541146 0.921875 0.051042 0.033333
0 0.303125 0.914062 0.029167 0.040625
0 0.570312 0.811458 0.032292 0.047917
0 0.671354 0.356771 0.032292 0.040625
0 0.481250 0.803646 0.045833 0.036458
0 0.850521 0.669792 0.038542 0.033333
0 0.276042 0.649479 0.027083 0.046875
0 0.537500 0.680729 0.039583 0.034375
0 0.593750 0.478125 0.033333 0.050000
0 0.095833 0.430729 0.050000 0.053125
0 0.271875 0.507292 0.035417 0.020833
0 0.301042 0.082292 0.025000 0.037500
0 0.630729 0.801562 0.034375 0.046875
0 0.883333 0.598437 0.050000 0.038542
0 0.829688 0.935937 0.028125 0.044792
0 0.848958 0.291667 0.037500 0.031250
0 0.459375 0.469271 0.029167 0.046875
0 0.875521 0.636979 0.032292 0.040625
0 0.376042 0.304167 0.031250 0.050000
0 0.600000 0.884896 0.043750 0.048958
0 0.740625 0.825000 0.043750 0.045833
0 0.114583 0.472917 0.043750 0.027083
0 0.489063 0.395313 0.051042 0.026042
0 0.776042 0.963542 0.033333 0.037500
0 0.106771 0.440104 0.055208 0.038542
0 0.239583 0.473958 0.027083 0.047917
0 0.456250 0.527083 0.020833 0.039583
0 0.532813 0.666146 0.053125 0.032292
0 0.258333 0.682813 0.050000 0.034375
0 0.344792 0.621354 0.043750 0.030208
0 0.777083 0.356771 0.050000 0.038542
0 0.609375 0.200521 0.041667 0.042708
0 0.397917 0.202604 0.045833 0.034375
0 0.618229 0.767708 0.044792 0.047917
0 0.489063 0.930208 0.053125 0.039583
0 0.344792 0.415625 0.031250 0.041667
0 0.497396 0.542708 0.038542 0.035417
0 0.769271 0.811979 0.040625 0.019792
0 0.720833 0.105208 0.035417 0.020833
0 0.243229 0.189062 0.055208 0.038542
0 0.799479 0.909375 0.026042 0.041667
0 0.710417 0.081250 0.045833 0.052083
0 0.492708 0.414062 0.047917 0.046875
0 0.614062 0.214583 0.034375 0.043750
0 0.472396 0.824479 0.046875 0.036458
0 0.705729 0.772917 0.046875 0.029167
0 0.110417 0.319792 0.037500 0.035417
0 0.503125 0.638542 0.029167 0.050000
0 0.860938 0.304167 0.048958 0.035417
0 0.685937 0.901042 0.038542 0.031250
0 0.464062 0.496354 0.046875 0.048958
0 0.118750 0.927604 0.041667 0.048958
0 0.501042 0.741146 0.027083 0.042708
0 0.207813 0.381771 0.040625 0.032292
0 0.225000 0.254167 0.025000 0.041667
0 0.636979 0.453646 0.038542 0.038542
0 0.446354 0.491667 0.042708 0.047917
0 0.191146 0.273958 0.046875 0.043750
0 0.355208 0.332813 0.045833 0.026042
0 0.555729 0.662500 0.042708 0.037500
0 0.789062 0.492188 0.051042 0.034375
0 0.697396 0.106250 0.048958 0.041667
0 0.217708 0.715625 0.035417 0.018750
0 0.687500 0.232292 0.022917 0.039583
0 0.304167 0.636979 0.029167 0.048958
0 0.298958 0.770312 0.029167 0.051042
0 0.433333 0.261979 0.052083 0.053125
0 0.361979 0.723958 0.038542 0.031250
0 0.309375 0.917188 0.037500 0.048958
0 0.389583 0.723958 0.029167 0.037500
0 0.753646 0.108854 0.040625 0.026042
0 0.471354 0.435417 0.042708 0.027083
0 0.718750 0.785937 0.045833 0.032292
0 0.674479 0.503125 0.034375 0.037500
0 0.204167 0.435417 0.037500 0.047917
0 0.777604 0.501042 0.048958 0.027083
0 0.372396 0.898958 0.023958 0.043750
0 0.266146 0.406250 0.026042 0.037500
0 0.292708 0.769271 0.054167 0.036458
0 0.293750 0.265104 0.033333 0.053125
0 0.676042 0.213021 0.054167 0.042708
0 0.083854 0.586979 0.055208 0.036458
0 0.931771 0.202083 0.051042 0.050000
0 0.586458 0.665625 0.043750 0.037500
0 0.132292 0.199479 0.045833 0.034375
0 0.422396 0.686458 0.017708 0.035417
0 0.708854 0.418229 0.044792 0.026042
0 0.241667 0.646354 0.037500 0.048958
0 0.177083 0.521354 0.041667 0.055208
0 0.330729 0.638542 0.040625 0.022917
0 0.362500 0.169271 0.018750 0.036458
0 0.446875 0.598437 0.039583 0.026042
0 0.301042 0.500521 0.045833 0.036458
0 0.934375 0.152083 0.033333 0.037500
0 0.836458 0.595833 0.037500 0.035417
0 0.944271 0.695312 0.048958 0.055208
0 0.581771 0.913021 0.042708 0.051042
0 0.882292 0.626563 0.054167 0.042708
0 0.917188 0.370312 0.046875 0.055208
0 0.387500 0.643750 0.041667 0.029167
0 0.836458 0.751563 0.047917 0.053125
0 0.803646 0.361979 0.051042 0.038542
0 0.490104 0.184375 0.042708 0.047917
0 0.641667 0.691146 0.029167 0.048958
0 0.911458 0.548438 0.022917 0.040625
0 0.521875 0.668750 0.050000 0.031250
0 0.151042 0.078125 0.039583 0.041667
0 0.830208 0.421875 0.045833 0.031250
0 0.755729 0.094792 0.053125 0.037500
0 0.583854 0.213542 0.028125 0.050000
0 0.201042 0.883333 0.039583 0.052083
0 0.865625 0.864062 0.054167 0.048958
0 0.536979 0.459896 0.055208 0.044792
0 0.807813 0.933333 0.038542 0.027083
0 0.280208 0.445312 0.041667 0.021875
0 0.773958 0.758333 0.043750 0.045833
0 0.630729 0.262500 0.048958 0.041667
0 0.564063 0.408333 0.042708 0.047917
0 0.519271 0.841667 0.038542 0.047917
0 0.957812 0.469792 0.026042 0.045833
0 0.109896 0.363021 0.026042 0.046875
0 0.062500 0.116146 0.020833 0.036458
0 0.361979 0.485938 0.046875 0.040625
0 0.386979 0.103125 0.048958 0.041667
0 0.120313 0.802083 0.042708 0.039583
0 0.667708 0.163021 0.039583 0.055208
0 0.081250 0.139063 0.043750 0.040625
0 0.476042 0.683854 0.031250 0.048958
0 0.184375 0.828125 0.029167 0.050000
0 0.469792 0.478125 0.052083 0.045833
0 0.246354 0.791667 0.021875 0.037500
0 0.082292 0.138542 0.037500 0.035417
0 0.895312 0.113542 0.036458 0.052083
0 0.230208 0.689063 0.047917 0.046875
0 0.697396 0.448437 0.040625 0.034375
0 0.970833 0.501042 0.045833 0.031250
0 0.344271 0.417187 0.038542 0.046875
0 0.457292 0.461979 0.039583 0.026042
0 0.733333 0.297396 0.052083 0.032292
0 0.600000 0.585417 0.047917 0.039583
0 0.932292 0.718229 0.037500 0.040625
0 0.934375 0.381250 0.031250 0.050000
0 0.240104 0.899479 0.055208 0.044792
0 0.779167 0.132812 0.039583 0.038542
0 0.782813 0.326562 0.038542 0.019792
0 0.132292 0.304688 0.054167 0.046875
0 0.707292 0.916667 0.041667 0.020833
0 0.609375 0.768750 0.035417 0.047917
0 0.410417 0.498437 0.025000 0.044792
0 0.927604 0.387500 0.038542 0.035417
0 0.451042 0.722917 0.039583 0.041667
0 0.094271 0.785937 0.032292 0.053125
0 0.585938 0.127083 0.023958 0.043750
0 0.636458 0.461458 0.047917 0.027083
0 0.843750 0.785417 0.037500 0.025000
0 0.073958 0.298438 0.037500 0.021875
0 0.223958 0.530729 0.050000 0.038542
0 0.467187 0.584375 0.053125 0.043750
0 0.410938 0.547917 0.036458 0.047917
0 0.581250 0.107813 0.031250 0.053125
0 0.086979 0.285417 0.044792 0.033333
0 0.950521 0.418750 0.053125 0.037500
0 0.869271 0.425521 0.042708 0.055208
0 0.820312 0.729688 0.044792 0.030208
0 0.813542 0.808854 0.047917 0.046875
0 0.484896 0.499479 0.036458 0.046875
0 0.409896 0.333854 0.046875 0.023958
0 0.903646 0.488542 0.023958 0.041667
0 0.569792 0.404687 0.050000 0.028125
0 0.279687 0.122917 0.019792 0.035417
0 0.277604 0.155208 0.040625 0.022917
0 0.905729 0.603646 0.040625 0.034375
0 0.644271 0.900000 0.034375 0.043750
0 0.312500 0.459896 0.037500 0.053125
0 0.626563 0.861979 0.036458 0.040625
0 0.579167 0.109896 0.039583 0.028125
0 0.745313 0.698958 0.040625 0.041667
0 0.290625 0.780729 0.039583 0.048958
0 0.892708 0.724479 0.041667 0.055208
0 0.861458 0.955729 0.027083 0.048958
0 0.583333 0.804688 0.050000 0.053125
0 0.593229 0.364583 0.017708 0.035417
0 0.360417 0.152604 0.054167 0.046875
0 0.518750 0.504687 0.043750 0.032292
0 0.325521 0.416146 0.032292 0.040625
0 0.716146 0.253125 0.042708 0.039583
0 0.162500 0.367708 0.037500 0.027083
0 0.367708 0.507292 0.035417 0.047917
0 0.679167 0.800000 0.039583 0.022917
0 0.850000 0.163542 0.037500 0.027083
0 0.653125 0.153125 0.037500 0.025000
0 0.143229 0.969271 0.038542 0.055208
0 0.953125 0.259896 0.037500 0.040625
0 0.640625 0.276562 0.039583 0.036458
0 0.577083 0.657292 0.047917 0.035417
0 0.194271 0.601042 0.046875 0.029167
0 0.573958 0.969271 0.043750 0.042708
0 0.527604 0.373437 0.048958 0.046875
0 0.259375 0.432292 0.043750 0.033333
0 0.553646 0.147396 0.040625 0.051042
0 0.523438 0.521354 0.046875 0.038542
0 0.738542 0.461458 0.031250 0.043750
0 0.807813 0.951042 0.040625 0.041667
0 0.253646 0.159375 0.038542 0.033333
0 0.638021 0.415625 0.051042 0.029167
0 0.534896 0.894792 0.036458 0.047917
0 0.717187 0.285938 0.038542 0.040625
0 0.753646 0.957292 0.028125 0.043750
0 0.201563 0.071875 0.034375 0.037500
0 0.953646 0.806250 0.026042 0.039583
0 0.842187 0.876042 0.026042 0.039583
0 0.513542 0.640104 0.037500 0.044792
0 0.490625 0.670312 0.041667 0.044792
0 0.214062 0.506771 0.046875 0.048958
0 0.503646 0.518750 0.053125 0.043750
0 0.423958 0.842187 0.052083 0.034375
0 0.838542 0.500521 0.050000 0.038542
0 0.595313 0.600000 0.051042 0.033333
0 0.308854 0.396875 0.032292 0.052083
0 0.704167 0.326562 0.045833 0.026042
0 0.873958 0.745313 0.043750 0.055208
0 0.787500 0.547396 0.039583 0.028125
0 0.873437 0.820833 0.030208 0.043750
0 0.532292 0.753125 0.043750 0.033333
0 0.873437 0.673958 0.053125 0.037500
0 0.620313 0.636979 0.051042 0.028125
0 0.730729 0.235937 0.038542 0.023958
0 0.484896 0.188021 0.040625 0.044792
0 0.135937 0.555729 0.034375 0.040625
0 0.448958 0.835938 0.022917 0.038542
0 0.316667 0.164062 0.043750 0.040625
0 0.216667 0.663542 0.031250 0.050000
0 0.175521 0.700521 0.038542 0.038542
0 0.728646 0.529167 0.040625 0.047917
0 0.511458 0.208333 0.033333 0.050000
0 0.396875 0.587500 0.041667 0.047917
0 0.080208 0.512500 0.035417 0.047917
0 0.684375 0.829688 0.039583 0.034375
0 0.085938 0.509896 0.038542 0.046875
0 0.177083 0.824479 0.025000 0.042708
0 0.117708 0.334896 0.047917 0.032292
0 0.853646 0.933333 0.048958 0.041667
0 0.573438 0.374479 0.040625 0.044792
0 0.411979 0.291146 0.051042 0.034375
0 0.875521 0.375000 0.053125 0.045833
0 0.108333 0.078646 0.041667 0.023958
0 0.100000 0.679688 0.039583 0.019792
0 0.475000 0.515625 0.027083 0.037500
0 0.501563 0.903125 0.038542 0.027083
0 0.321354 0.739062 0.053125 0.051042
0 0.207813 0.669792 0.032292 0.039583
0 0.850000 0.434896 0.050000 0.040625
0 0.873437 0.554688 0.030208 0.048958
0 0.606250 0.708333 0.037500 0.033333
0 0.253646 0.703125 0.034375 0.043750
0 0.275000 0.628646 0.039583 0.030208
0 0.391146 0.335938 0.034375 0.040625
0 0.316146 0.927083 0.053125 0.043750
0 0.917188 0.886458 0.030208 0.047917
0 0.950000 0.314063 0.047917 0.028125
0 0.147396 0.170313 0.028125 0.040625
0 0.707292 0.305729 0.043750 0.042708
0 0.796354 0.716667 0.034375 0.052083
0 0.099479 0.623958 0.034375 0.039583
0 0.692187 0.647917 0.046875 0.033333
0 0.775000 0.843229 0.037500 0.044792
0 0.656250 0.119271 0.045833 0.026042
0 0.073438 0.411979 0.038542 0.040625
0 0.594792 0.535417 0.035417 0.047917
0 0.903646 0.104688 0.040625 0.026042
0 0.393750 0.932813 0.039583 0.034375
0 0.278125 0.590625 0.018750 0.037500
0 0.455729 0.656250 0.053125 0.037500
0 0.652604 0.167187 0.042708 0.023958
0 0.407813 0.468750 0.032292 0.039583
0 0.800521 0.127604 0.038542 0.040625
0 0.655729 0.604167 0.021875 0.043750
0 0.830729 0.767188 0.048958 0.048958
0 0.097917 0.098958 0.047917 0.041667
0 0.627083 0.671354 0.039583 0.044792
0 0.607292 0.461979 0.027083 0.042708
0 0.890104 0.543229 0.053125 0.032292
0 0.481771 0.514062 0.040625 0.055208
0 0.903125 0.305208 0.039583 0.025000
0 0.070833 0.851042 0.037500 0.033333
0 0.863542 0.163021 0.043750 0.048958
0 0.700521 0.786979 0.046875 0.048958
0 0.323437 0.384375 0.042708 0.037500
0 0.943229 0.697917 0.021875 0.037500
0 0.356771 0.682813 0.055208 0.046875
0 0.811979 0.148438 0.036458 0.017708
0 0.381771 0.679688 0.030208 0.040625
0 0.845313 0.500521 0.023958 0.038542
0 0.665625 0.453125 0.043750 0.025000
0 0.128646 0.725000 0.034375 0.047917
0 0.959896 0.138021 0.040625 0.028125
0 0.154688 0.670833 0.032292 0.043750
0 0.373437 0.318229 0.030208 0.048958
0 0.082812 0.891146 0.032292 0.040625
0 0.456771 0.280729 0.034375 0.040625
0 0.182812 0.891667 0.053125 0.041667
0 0.647917 0.397917 0.041667 0.027083
0 0.262500 0.475000 0.035417 0.052083
0 0.199479 0.825000 0.046875 0.043750
0 0.481771 0.927604 0.040625 0.019792
0 0.867708 0.346354 0.020833 0.036458
0 0.798958 0.534375 0.035417 0.052083
0 0.454688 0.620833 0.042708 0.041667
0 0.464062 0.944271 0.040625 0.038542
0 0.400000 0.647396 0.045833 0.040625
0 0.323958 0.436458 0.039583 0.022917
0 0.909375 0.195312 0.039583 0.036458
0 0.188021 0.736979 0.046875 0.036458
0 0.184375 0.564063 0.043750 0.026042
0 0.515625 0.554167 0.041667 0.025000
0 0.581771 0.510938 0.026042 0.040625
0 0.700521 0.246354 0.034375 0.040625
0 0.441667 0.946875 0.029167 0.041667
0 0.403646 0.798958 0.038542 0.031250
0 0.421354 0.582812 0.051042 0.026042
0 0.261979 0.952083 0.036458 0.037500
0 0.208333 0.357292 0.045833 0.043750
0 0.485938 0.709896 0.030208 0.048958
0 0.619792 0.610938 0.039583 0.044792
0 0.786458 0.273438 0.045833 0.048958
0 0.173958 0.393750 0.041667 0.025000
0 0.107292 0.422917 0.037500 0.022917
0 0.505208 0.290625 0.050000 0.029167
0 0.475521 0.256250 0.044792 0.052083
0 0.784375 0.704688 0.045833 0.048958
0 0.200521 0.493750 0.021875 0.043750
0 0.105208 0.370312 0.045833 0.048958
0 0.805729 0.414583 0.048958 0.041667
0 0.825521 0.427083 0.042708 0.047917
0 0.127604 0.775000 0.034375 0.039583
0 0.620313 0.659896 0.026042 0.051042
0 0.850521 0.931250 0.038542 0.022917
0 0.929688 0.093750 0.048958 0.041667
0 0.400521 0.513542 0.044792 0.033333
0 0.346354 0.126042 0.046875 0.043750
0 0.110937 0.092188 0.051042 0.044792
0 0.731771 0.709375 0.040625 0.052083
0 0.739583 0.362500 0.037500 0.031250
0 0.266667 0.553125 0.047917 0.041667
0 0.738542 0.721354 0.047917 0.055208
0 0.275000 0.418229 0.029167 0.044792
0 0.089583 0.258333 0.043750 0.052083
0 0.222396 0.721354 0.046875 0.034375
0 0.691667 0.953125 0.035417 0.035417
0 0.925000 0.789583 0.033333 0.043750
0 0.853125 0.634375 0.037500 0.031250
0 0.919271 0.559896 0.051042 0.040625
0 0.531771 0.952604 0.046875 0.034375
0 0.282292 0.938542 0.025000 0.037500
0 0.625521 0.902083 0.036458 0.022917
0 0.601042 0.303125 0.029167 0.045833
0 0.638021 0.448437 0.055208 0.051042
0 0.291667 0.070312 0.039583 0.026042
0 0.714583 0.897396 0.039583 0.030208
0 0.622396 0.737500 0.048958 0.052083
0 0.133333 0.387500 0.041667 0.025000
0 0.545312 0.434375 0.032292 0.052083
0 0.904167 0.478125 0.035417 0.037500
0 0.278125 0.706771 0.033333 0.048958
0 0.630729 0.549479 0.053125 0.034375
0 0.601562 0.643750 0.032292 0.043750
0 0.119792 0.402083 0.043750 0.035417
0 0.477083 0.829688 0.020833 0.036458
0 0.401562 0.875000 0.032292 0.039583
0 0.093750 0.078646 0.054167 0.051042
0 0.548438 0.231771 0.034375 0.040625
0 0.418229 0.855729 0.036458 0.051042
0 0.717708 0.632292 0.041667 0.047917
0 0.806250 0.321875 0.033333 0.052083
0 0.882292 0.083854 0.045833 0.055208
0 0.336458 0.498958 0.039583 0.020833
0 0.315625 0.802604 0.037500 0.040625
0 0.403646 0.845313 0.044792 0.030208
0 0.794271 0.946354 0.040625 0.055208
0 0.583333 0.511979 0.037500 0.038542
0 0.135417 0.340104 0.037500 0.040625
0 0.256771 0.515104 0.040625 0.036458
0 0.758333 0.138542 0.025000 0.047917
0 0.965104 0.411979 0.053125 0.030208
0 0.536458 0.302604 0.039583 0.048958
0 0.303125 0.634896 0.052083 0.034375
0 0.545833 0.792708 0.045833 0.029167
0 0.904167 0.398438 0.050000 0.038542
0 0.325521 0.292708 0.036458 0.043750
0 0.648438 0.335417 0.048958 0.037500
0 0.739062 0.202083 0.046875 0.043750
0 0.691146 0.803125 0.046875 0.029167
0 0.514583 0.938542 0.037500 0.025000
0 0.547396 0.433854 0.026042 0.046875
0 0.456250 0.458333 0.031250 0.041667
0 0.869271 0.759375 0.042708 0.031250
0 0.073958 0.130208 0.043750 0.035417
0 0.096875 0.313542 0.043750 0.035417
0 0.661458 0.861979 0.033333 0.048958
0 0.673958 0.551042 0.018750 0.035417
0 0.962500 0.268229 0.043750 0.048958
0 0.814583 0.536458 0.035417 0.043750
0 0.560937 0.695312 0.046875 0.055208
0 0.170313 0.413021 0.051042 0.038542
0 0.814063 0.430729 0.048958 0.030208
0 0.222396 0.546354 0.042708 0.051042
0 0.852604 0.844792 0.028125 0.039583
0 0.504167 0.894271 0.025000 0.042708
0 0.660417 0.532292 0.047917 0.025000
0 0.800000 0.213542 0.022917 0.037500
0 0.660417 0.659375 0.027083 0.037500
0 0.795312 0.331771 0.036458 0.046875
0 0.952083 0.867708 0.039583 0.041667
0 0.308854 0.185417 0.044792 0.047917
0 0.719271 0.169792 0.048958 0.039583
0 0.903125 0.321875 0.022917 0.039583
0 0.703646 0.858333 0.051042 0.047917
0 0.858333 0.824479 0.041667 0.042708
0 0.123438 0.350521 0.026042 0.044792
0 0.719792 0.568229 0.037500 0.053125
0 0.152604 0.318750 0.042708 0.031250
0 0.529167 0.128646 0.041667 0.044792
0 0.145833 0.805729 0.027083 0.051042
0 0.838542 0.439063 0.047917 0.028125
0 0.155729 0.298958 0.048958 0.037500
0 0.614062 0.106771 0.044792 0.040625
0 0.503646 0.664062 0.055208 0.040625
0 0.517188 0.629167 0.040625 0.020833
0 0.390104 0.709896 0.046875 0.026042
0 0.482292 0.767708 0.035417 0.037500
0 0.814583 0.301563 0.045833 0.036458
0 0.579167 0.448437 0.037500 0.044792
0 0.407292 0.535417 0.027083 0.041667
0 0.334375 0.814063 0.035417 0.044792
0 0.505729 0.241146 0.046875 0.040625
0 0.885417 0.317708 0.035417 0.020833
0 0.719271 0.797396 0.023958 0.042708
0 0.700000 0.215104 0.039583 0.038542
0 0.895833 0.841146 0.045833 0.055208
0 0.870313 0.742188 0.028125 0.044792
0 0.362500 0.356771 0.037500 0.019792
0 0.500521 0.827083 0.038542 0.035417
0 0.276562 0.569271 0.044792 0.042708
0 0.762500 0.773958 0.022917 0.035417
0 0.159896 0.574479 0.030208 0.040625
0 0.943750 0.092188 0.039583 0.034375
0 0.500000 0.615625 0.052083 0.035417
0 0.669792 0.344271 0.035417 0.053125
0 0.706250 0.717187 0.045833 0.034375
0 0.669271 0.496354 0.048958 0.046875
0 0.108333 0.458854 0.035417 0.048958
0 0.289062 0.281250 0.038542 0.035417
0 0.658854 0.281771 0.026042 0.040625
0 0.711458 0.825521 0.029167 0.040625
0 0.581771 0.297917 0.042708 0.029167
0 0.669792 0.122917 0.037500 0.033333
0 0.684375 0.168750 0.045833 0.027083
0 0.953646 0.190104 0.040625 0.032292
0 0.517708 0.423958 0.033333 0.052083
0 0.345313 0.143750 0.048958 0.052083
0 0.950000 0.187500 0.035417 0.018750
0 0.867188 0.954167 0.017708 0.035417
0 0.466146 0.924479 0.040625 0.051042
0 0.911979 0.873958 0.019792 0.039583
0 0.909896 0.685417 0.036458 0.037500
0 0.809375 0.791667 0.041667 0.031250
0 0.179167 0.867188 0.039583 0.055208
0 0.861458 0.530729 0.020833 0.036458
0 0.842187 0.436458 0.053125 0.045833
0 0.143750 0.154167 0.039583 0.041667
0 0.442188 0.878125 0.028125 0.050000
0 0.314063 0.507812 0.038542 0.019792
0 0.530208 0.459896 0.035417 0.040625
0 0.097396 0.628125 0.053125 0.043750
0 0.925000 0.866146 0.047917 0.030208
0 0.761458 0.607812 0.052083 0.030208
0 0.449479 0.514062 0.042708 0.044792
0 0.609896 0.836458 0.040625 0.047917
0 0.838542 0.152604 0.043750 0.040625
0 0.846875 0.160417 0.039583 0.041667
0 0.853646 0.115625 0.038542 0.052083
0 0.616146 0.485938 0.040625 0.038542
0 0.617188 0.145313 0.053125 0.032292
0 0.593750 0.630729 0.031250 0.048958
0 0.803125 0.492188 0.039583 0.036458
0 0.427604 0.835417 0.053125 0.035417
0 0.919792 0.738542 0.025000 0.043750
0 0.716146 0.895833 0.032292 0.039583
0 0.697396 0.656771 0.040625 0.026042
0 0.823958 0.220833 0.031250 0.045833
0 0.375000 0.398958 0.027083 0.037500
0 0.732292 0.840625 0.037500 0.043750
0 0.665104 0.218229 0.046875 0.055208
0 0.438542 0.538542 0.047917 0.037500
0 0.719792 0.431250 0.052083 0.041667
0 0.930208 0.798438 0.025000 0.044792
0 0.761979 0.882292 0.036458 0.020833
0 0.765625 0.750521 0.035417 0.040625
0 0.527604 0.804688 0.036458 0.046875
0 0.854688 0.854688 0.051042 0.038542
0 0.242708 0.684896 0.052083 0.032292
0 0.721875 0.334896 0.039583 0.048958
0 0.308854 0.588542 0.036458 0.018750
0 0.596875 0.438021 0.050000 0.053125
0 0.435417 0.945312 0.037500 0.021875
0 0.594271 0.659375 0.034375 0.037500
0 0.357292 0.743750 0.037500 0.031250
0 0.260937 0.944792 0.038542 0.025000
0 0.754167 0.300521 0.039583 0.030208
0 0.778646 0.365104 0.040625 0.034375
0 0.777604 0.906771 0.023958 0.042708
0 0.929688 0.092708 0.053125 0.043750
0 0.175521 0.453125 0.046875 0.045833
0 0.768229 0.264062 0.053125 0.032292
0 0.662500 0.470833 0.041667 0.039583
0 0.682292 0.207292 0.031250 0.037500
0 0.490104 0.453646 0.051042 0.044792
0 0.617188 0.352604 0.051042 0.053125
0 0.653125 0.323958 0.041667 0.037500
0 0.934375 0.098437 0.039583 0.023958
0 0.903646 0.536458 0.044792 0.025000
0 0.712500 0.728125 0.052083 0.045833
0 0.122917 0.793229 0.039583 0.030208
0 0.857812 0.608333 0.038542 0.033333
0 0.680729 0.230208 0.042708 0.047917
0 0.072917 0.654167 0.022917 0.039583
0 0.491146 0.280729 0.048958 0.046875
0 0.132292 0.403125 0.043750 0.045833
0 0.542188 0.736458 0.038542 0.029167
0 0.325000 0.882292 0.041667 0.047917
0 0.707292 0.401562 0.022917 0.044792
0 0.545312 0.394271 0.044792 0.055208
0 0.892708 0.848437 0.041667 0.023958
0 0.931250 0.099479 0.047917 0.028125
0 0.290104 0.157812 0.051042 0.038542
0 0.502083 0.365625 0.025000 0.043750
0 0.267708 0.690625 0.022917 0.039583
0 0.130208 0.105729 0.039583 0.048958
0 0.691146 0.470833 0.019792 0.035417
0 0.521875 0.652083 0.043750 0.035417
0 0.321875 0.229167 0.031250 0.050000
0 0.332813 0.401042 0.038542 0.035417
0 0.339583 0.588021 0.039583 0.030208
0 0.287500 0.111979 0.050000 0.053125
0 0.564583 0.459896 0.035417 0.048958
0 0.125521 0.194271 0.053125 0.032292
0 0.497396 0.623437 0.038542 0.055208
0 0.627083 0.726042 0.041667 0.047917
0 0.526042 0.634896 0.037500 0.038542
0 0.177083 0.474479 0.043750 0.026042
0 0.424479 0.344792 0.053125 0.037500
0 0.301563 0.307812 0.044792 0.030208
0 0.161979 0.193750 0.044792 0.022917
0 0.631250 0.138021 0.050000 0.040625
0 0.417708 0.203125 0.041667 0.052083
0 0.154688 0.772396 0.040625 0.038542
0 0.549479 0.323958 0.036458 0.020833
0 0.367188 0.278125 0.026042 0.041667
0 0.403646 0.486979 0.026042 0.040625
0 0.954167 0.418750 0.039583 0.041667
0 0.160417 0.322396 0.039583 0.048958
0 0.142187 0.659896 0.040625 0.030208
0 0.918229 0.148958 0.032292 0.043750
0 0.500521 0.774479 0.051042 0.038542
0 0.603646 0.513542 0.042708 0.025000
0 0.193750 0.194271 0.039583 0.036458
0 0.322917 0.683854 0.041667 0.044792