0 0.613542 0.116146 0.029167 0.040625
0 0.726562 0.282292 0.044792 0.025000
0 0.940104 0.319792 0.048958 0.041667
0 0.481250 0.275000 0.052083 0.039583
0 0.216667 0.310937 0.037500 0.040625
0 0.605208 0.121875 0.027083 0.047917
0 0.084375 0.405729 0.039583 0.048958
0 0.185938 0.783854 0.032292 0.040625
0 0.929688 0.903646 0.044792 0.026042
0 0.690625 0.810937 0.045833 0.036458
0 0.543750 0.264583 0.043750 0.052083
0 0.911458 0.398438 0.039583 0.019792
0 0.371354 0.267188 0.046875 0.028125
0 0.789062 0.931250 0.051042 0.050000
0 0.561979 0.269271 0.028125 0.048958
0 0.283333 0.789062 0.043750 0.042708
0 0.418229 0.752604 0.030208 0.040625
0 0.560937 0.571354 0.040625 0.030208
0 0.569792 0.488542 0.043750 0.045833
0 0.497917 0.264062 0.043750 0.028125
0 0.389583 0.863021 0.052083 0.051042
0 0.912500 0.629687 0.050000 0.042708
0 0.483333 0.154167 0.043750 0.045833
0 0.643750 0.134896 0.043750 0.026042
0 0.448958 0.403646 0.037500 0.019792
0 0.388542 0.467187 0.025000 0.042708
0 0.353125 0.660417 0.047917 0.050000
0 0.737500 0.339062 0.050000 0.028125
0 0.623437 0.307292 0.040625 0.020833
0 0.347396 0.793229 0.055208 0.044792
0 0.404687 0.135937 0.048958 0.032292
0 0.709375 0.616146 0.041667 0.042708
0 0.489063 0.809375 0.036458 0.052083
0 0.447396 0.843229 0.042708 0.021875
0 0.143750 0.457292 0.035417 0.022917
0 0.901563 0.730729 0.051042 0.026042
0 0.309896 0.752604 0.055208 0.048958
0 0.589583 0.924479 0.037500 0.038542
0 0.651563 0.268750 0.034375 0.047917
0 0.448958 0.238021 0.041667 0.055208
0 0.259375 0.531771 0.039583 0.036458
0 0.286979 0.398958 0.042708 0.031250
0 0.943750 0.300000 0.045833 0.045833
0 0.966667 0.251042 0.047917 0.052083
0 0.097917 0.233854 0.029167 0.046875
0 0.363542 0.087500 0.039583 0.041667
0 0.535937 0.675521 0.042708 0.055208
0 0.344271 0.207292 0.023958 0.043750
0 0.577083 0.287500 0.050000 0.031250
0 0.378125 0.858854 0.037500 0.021875
0 0.409375 0.660937 0.050000 0.034375
0 0.150521 0.631771 0.051042 0.055208
0 0.342708 0.784896 0.041667 0.055208
0 0.476562 0.472917 0.026042 0.041667
0 0.952083 0.761979 0.037500 0.021875
0 0.912500 0.091146 0.037500 0.038542
0 0.348958 0.467187 0.047917 0.046875
0 0.143229 0.142187 0.023958 0.040625
0 0.408333 0.377083 0.052083 0.047917
0 0.388542 0.851042 0.033333 0.047917
0 0.536458 0.418229 0.037500 0.021875
0 0.294792 0.275000 0.033333 0.037500
0 0.778646 0.600000 0.038542 0.022917
0 0.789583 0.814583 0.047917 0.027083
0 0.543229 0.695833 0.038542 0.033333
0 0.529687 0.894271 0.051042 0.042708
0 0.792708 0.267188 0.031250 0.044792
0 0.337500 0.901042 0.035417 0.018750
0 0.530729 0.742708 0.030208 0.050000
0 0.668229 0.724479 0.028125 0.040625
0 0.145313 0.727604 0.051042 0.044792
0 0.720313 0.903125 0.034375 0.047917
0 0.839063 0.867188 0.040625 0.055208
0 0.392708 0.658854 0.027083 0.046875
0 0.629167 0.390104 0.054167 0.048958
0 0.248958 0.314583 0.041667 0.039583
0 0.082292 0.227604 0.031250 0.040625
0 0.679688 0.764583 0.032292 0.047917
0 0.137500 0.435937 0.039583 0.038542
0 0.583333 0.217708 0.045833 0.029167
0 0.930208 0.363021 0.054167 0.048958
0 0.441667 0.224479 0.045833 0.032292
0 0.453646 0.388542 0.046875 0.029167
0 0.242708 0.272917 0.039583 0.041667
0 0.117188 0.569271 0.048958 0.044792
0 0.832292 0.318229 0.041667 0.055208
0 0.581250 0.367188 0.045833 0.026042
0 0.861458 0.472917 0.050000 0.047917
0 0.208854 0.341667 0.042708 0.037500
0 0.811979 0.410417 0.036458 0.052083
0 0.801042 0.932292 0.035417 0.037500
0 0.810417 0.298438 0.041667 0.023958
0 0.569271 0.287500 0.038542 0.031250
0 0.570833 0.210417 0.041667 0.039583
0 0.700000 0.354167 0.022917 0.037500
0 0.139583 0.634896 0.047917 0.032292
0 0.685417 0.134375 0.039583 0.022917
0 0.150521 0.931771 0.053125 0.032292
0 0.522917 0.221354 0.054167 0.036458
0 0.252083 0.217188 0.041667 0.021875
0 0.286458 0.803646 0.050000 0.034375
0 0.709375 0.476042 0.041667 0.029167
0 0.560937 0.095312 0.048958 0.028125
0 0.564063 0.118750 0.046875 0.027083
0 0.297917 0.711458 0.031250 0.037500
0 0.318229 0.360938 0.051042 0.053125
0 0.528646 0.422917 0.038542 0.052083
0 0.475521 0.726562 0.034375 0.046875
0 0.362500 0.496354 0.039583 0.044792
0 0.117708 0.958854 0.035417 0.053125
0 0.673438 0.378125 0.042708 0.037500
0 0.246875 0.456250 0.020833 0.035417
0 0.513021 0.882292 0.038542 0.031250
0 0.125521 0.831771 0.046875 0.032292
0 0.100521 0.497917 0.048958 0.039583
0 0.401042 0.488021 0.039583 0.034375
0 0.914062 0.845833 0.051042 0.033333
0 0.117188 0.400521 0.040625 0.023958
0 0.350521 0.418229 0.055208 0.042708
0 0.107292 0.261979 0.054167 0.051042
0 0.300000 0.208333 0.047917 0.039583
0 0.560937 0.657813 0.038542 0.021875
0 0.554167 0.105208 0.050000 0.033333
0 0.200000 0.289062 0.050000 0.036458
0 0.953646 0.645312 0.040625 0.030208
0 0.784375 0.105208 0.037500 0.041667
0 0.247917 0.546354 0.029167 0.046875
0 0.701042 0.493750 0.035417 0.043750
0 0.380729 0.311458 0.044792 0.052083
0 0.932292 0.243750 0.050000 0.029167
0 0.772396 0.317188 0.053125 0.032292
0 0.444792 0.201042 0.047917 0.035417
0 0.115104 0.100000 0.026042 0.041667
0 0.958333 0.906771 0.039583 0.019792
0 0.361979 0.872396 0.044792 0.042708
0 0.592187 0.900521 0.055208 0.036458
0 0.648438 0.701562 0.055208 0.038542
0 0.672917 0.317188 0.050000 0.053125
0 0.794792 0.643750 0.043750 0.035417
0 0.169271 0.827604 0.040625 0.044792
0 0.447396 0.920833 0.023958 0.041667
0 0.590104 0.822396 0.046875 0.038542
0 0.774479 0.597396 0.040625 0.038542
0 0.750000 0.650521 0.031250 0.051042
0 0.292708 0.190625 0.031250 0.041667
0 0.671875 0.907292 0.052083 0.045833
0 0.308854 0.161458 0.036458 0.037500
0 0.964063 0.402604 0.042708 0.051042
0 0.653125 0.338021 0.043750 0.026042
0 0.285417 0.633854 0.050000 0.028125
0 0.822396 0.306250 0.032292 0.039583
0 0.643750 0.750000 0.043750 0.035417
0 0.127083 0.427604 0.047917 0.046875
0 0.441667 0.152604 0.045833 0.034375
0 0.439063 0.373437 0.048958 0.030208
0 0.366146 0.446354 0.036458 0.046875
0 0.426563 0.753646 0.048958 0.028125
0 0.486458 0.943750 0.020833 0.039583
0 0.358854 0.790625 0.036458 0.022917
0 0.771354 0.539062 0.044792 0.051042
0 0.532813 0.661979 0.048958 0.055208
0 0.483854 0.273438 0.040625 0.038542
0 0.286979 0.898438 0.055208 0.046875
0 0.203646 0.519792 0.048958 0.052083
0 0.543229 0.387500 0.021875 0.037500
0 0.892188 0.713021 0.040625 0.051042
0 0.649479 0.939063 0.026042 0.040625
0 0.833333 0.515625 0.031250 0.043750
0 0.772917 0.934896 0.016667 0.034375
0 0.432292 0.845833 0.039583 0.041667
0 0.624479 0.176563 0.044792 0.030208
0 0.856250 0.706771 0.050000 0.026042
0 0.622917 0.551562 0.029167 0.040625
0 0.494792 0.119271 0.043750 0.040625
0 0.127604 0.421354 0.040625 0.028125
0 0.358854 0.422917 0.036458 0.037500
0 0.827083 0.304167 0.045833 0.031250
0 0.728125 0.708333 0.052083 0.035417
0 0.875521 0.340625 0.053125 0.047917
0 0.761458 0.240104 0.050000 0.038542
0 0.408333 0.385937 0.033333 0.040625
0 0.601562 0.164583 0.026042 0.039583
0 0.525521 0.893229 0.044792 0.055208
0 0.795833 0.513542 0.052083 0.035417
0 0.807292 0.865625 0.047917 0.025000
0 0.335417 0.343229 0.043750 0.028125
0 0.691146 0.308854 0.040625 0.028125
0 0.915104 0.438542 0.046875 0.043750
0 0.647917 0.216667 0.052083 0.037500
0 0.778646 0.319792 0.044792 0.025000
0 0.968229 0.586979 0.053125 0.051042
0 0.830208 0.700000 0.037500 0.047917
0 0.491146 0.893750 0.034375 0.037500
0 0.297396 0.160417 0.030208 0.043750
0 0.103125 0.071875 0.035417 0.035417
0 0.350521 0.126042 0.048958 0.041667
0 0.697396 0.634896 0.042708 0.023958
0 0.760417 0.131250 0.031250 0.045833
0 0.840104 0.716146 0.048958 0.046875
0 0.219271 0.218229 0.023958 0.048958
0 0.516146 0.164583 0.048958 0.050000
0 0.663021 0.753125 0.032292 0.047917
0 0.342708 0.504687 0.027083 0.042708
0 0.130208 0.310417 0.039583 0.047917
0 0.580729 0.734896 0.026042 0.046875
0 0.124479 0.679688 0.040625 0.026042
0 0.577604 0.697396 0.030208 0.040625
0 0.247917 0.711458 0.037500 0.022917
0 0.693229 0.617708 0.030208 0.047917
0 0.649479 0.595833 0.044792 0.025000
0 0.364583 0.865625 0.037500 0.025000
0 0.848437 0.783854 0.040625 0.036458
0 0.683854 0.143229 0.028125 0.044792
0 0.254167 0.554688 0.037500 0.048958
0 0.332292 0.693229 0.045833 0.038542
0 0.757812 0.166146 0.042708 0.044792
0 0.264583 0.746354 0.035417 0.053125
0 0.442188 0.198958 0.042708 0.031250
0 0.877083 0.357812 0.054167 0.042708
0 0.645833 0.549479 0.039583 0.026042
0 0.863021 0.408333 0.028125 0.043750
0 0.371354 0.665625 0.026042 0.050000
0 0.108854 0.522917 0.032292 0.039583
0 0.213021 0.881250 0.051042 0.047917
0 0.653125 0.073958 0.037500 0.041667
0 0.176042 0.221354 0.031250 0.048958
0 0.296354 0.248958 0.028125 0.050000
0 0.412500 0.923958 0.027083 0.047917
0 0.209896 0.954688 0.028125 0.048958
0 0.722396 0.869792 0.023958 0.041667
0 0.124479 0.894792 0.038542 0.033333
0 0.105729 0.421354 0.038542 0.038542
0 0.552083 0.265625 0.031250 0.037500
0 0.879687 0.738542 0.023958 0.037500
0 0.405208 0.795312 0.047917 0.032292
0 0.733854 0.378125 0.044792 0.037500
0 0.523958 0.694271 0.039583 0.034375
0 0.308854 0.774479 0.048958 0.028125
0 0.784896 0.125000 0.048958 0.035417
0 0.084896 0.383854 0.028125 0.051042
0 0.863021 0.233854 0.044792 0.042708
0 0.377604 0.687500 0.040625 0.047917
0 0.289062 0.445312 0.026042 0.044792
0 0.499479 0.608333 0.042708 0.047917
0 0.271354 0.783854 0.044792 0.040625
0 0.315104 0.582812 0.042708 0.023958
0 0.654687 0.852604 0.046875 0.040625
0 0.825521 0.338021 0.040625 0.055208
0 0.893229 0.397396 0.044792 0.042708
0 0.608854 0.515625 0.044792 0.054167
0 0.543750 0.209896 0.033333 0.048958
0 0.959375 0.705208 0.029167 0.041667
0 0.286979 0.826562 0.017708 0.036458
0 0.371354 0.265625 0.042708 0.039583
0 0.097396 0.471875 0.042708 0.031250
0 0.418229 0.932813 0.032292 0.040625
0 0.664062 0.574479 0.046875 0.026042
0 0.717708 0.667188 0.039583 0.038542
0 0.920312 0.167708 0.042708 0.039583
0 0.690625 0.268229 0.045833 0.048958
0 0.561458 0.675521 0.050000 0.053125
0 0.438542 0.406771 0.039583 0.023958
0 0.259896 0.880208 0.044792 0.037500
0 0.193750 0.272917 0.045833 0.043750
0 0.536458 0.427604 0.043750 0.028125
0 0.512500 0.695312 0.054167 0.038542
0 0.818750 0.800521 0.027083 0.042708
0 0.244271 0.145313 0.034375 0.046875
0 0.444792 0.782813 0.027083 0.042708
0 0.881771 0.553125 0.042708 0.037500
0 0.919271 0.108854 0.042708 0.051042
0 0.750521 0.625521 0.055208 0.036458
0 0.731771 0.558333 0.030208 0.050000
0 0.698958 0.470833 0.041667 0.029167
0 0.590104 0.348958 0.028125 0.045833
0 0.512500 0.345833 0.041667 0.039583
0 0.427083 0.235937 0.039583 0.032292
0 0.504687 0.266146 0.053125 0.051042
0 0.688021 0.841667 0.038542 0.047917
0 0.680208 0.453125 0.047917 0.041667
0 0.704167 0.103646 0.052083 0.053125
0 0.255208 0.415104 0.045833 0.038542
0 0.531250 0.378646 0.033333 0.048958
0 0.150000 0.823958 0.029167 0.045833
0 0.255729 0.148438 0.040625 0.028125
0 0.925521 0.883854 0.044792 0.030208
0 0.971354 0.196354 0.048958 0.046875
0 0.930729 0.323437 0.036458 0.055208
0 0.682813 0.670833 0.051042 0.033333
0 0.608854 0.903646 0.042708 0.055208
0 0.225000 0.400521 0.050000 0.042708
0 0.648958 0.799479 0.045833 0.055208
0 0.450521 0.377604 0.053125 0.032292
0 0.771875 0.809896 0.050000 0.044792
0 0.217188 0.467187 0.038542 0.019792
0 0.785937 0.539062 0.040625 0.038542
0 0.165625 0.386979 0.043750 0.042708
0 0.545833 0.634375 0.022917 0.039583
0 0.966146 0.277604 0.038542 0.040625
0 0.480208 0.583333 0.045833 0.043750
0 0.636458 0.395313 0.020833 0.038542
0 0.608854 0.438021 0.055208 0.048958
0 0.403125 0.422917 0.035417 0.020833
0 0.127083 0.706250 0.025000 0.043750
0 0.363021 0.180729 0.044792 0.030208
0 0.795312 0.832812 0.038542 0.040625
0 0.880729 0.426042 0.023958 0.047917
0 0.830208 0.614062 0.035417 0.048958
0 0.823438 0.166146 0.051042 0.038542
0 0.680208 0.288542 0.037500 0.035417
0 0.556771 0.311979 0.026042 0.044792
0 0.596875 0.108854 0.037500 0.038542
0 0.756771 0.257812 0.046875 0.055208
0 0.594792 0.660417 0.029167 0.037500
0 0.475521 0.914062 0.055208 0.036458
0 0.475000 0.758854 0.035417 0.040625
0 0.894271 0.198437 0.019792 0.038542
0 0.073958 0.622917 0.037500 0.041667
0 0.081250 0.244271 0.045833 0.038542
0 0.122396 0.404687 0.042708 0.044792
0 0.649479 0.233854 0.032292 0.048958
0 0.822917 0.179167 0.045833 0.043750
0 0.571354 0.841667 0.042708 0.054167
0 0.423438 0.310417 0.030208 0.050000
0 0.865625 0.956250 0.020833 0.035417
0 0.830729 0.465625 0.044792 0.035417
0 0.542188 0.088542 0.028125 0.043750
0 0.664583 0.666667 0.035417 0.020833
0 0.281250 0.851562 0.020833 0.036458
0 0.866667 0.747917 0.043750 0.035417
0 0.761458 0.631250 0.052083 0.035417
0 0.670312 0.902604 0.040625 0.032292
0 0.775521 0.724479 0.026042 0.051042
0 0.889062 0.710417 0.051042 0.050000
0 0.742188 0.812500 0.032292 0.052083
0 0.353646 0.836458 0.032292 0.043750
0 0.760938 0.098958 0.053125 0.047917
0 0.369792 0.504167 0.045833 0.052083
0 0.373958 0.893229 0.039583 0.055208
0 0.442188 0.572396 0.030208 0.040625
0 0.291146 0.124479 0.046875 0.048958
0 0.746354 0.691667 0.042708 0.039583
0 0.213021 0.690104 0.046875 0.026042
0 0.892708 0.932292 0.041667 0.029167
0 0.134375 0.483854 0.043750 0.021875
0 0.566667 0.632812 0.039583 0.023958
0 0.405729 0.136979 0.040625 0.044792
0 0.585938 0.167708 0.040625 0.041667
0 0.772396 0.619792 0.028125 0.050000
0 0.723437 0.330208 0.048958 0.027083
0 0.106771 0.874479 0.042708 0.051042
0 0.594271 0.582812 0.026042 0.046875
0 0.906250 0.876042 0.037500 0.052083
0 0.595313 0.206250 0.053125 0.043750
0 0.161979 0.832292 0.032292 0.039583
0 0.784375 0.307292 0.031250 0.045833
0 0.830208 0.718229 0.054167 0.042708
0 0.797396 0.861458 0.028125 0.045833
0 0.713021 0.695312 0.051042 0.038542
0 0.710938 0.489063 0.040625 0.044792
0 0.274479 0.926042 0.051042 0.050000
0 0.637500 0.177083 0.039583 0.020833
0 0.102604 0.125521 0.026042 0.044792
0 0.478125 0.493750 0.020833 0.039583
0 0.470833 0.603125 0.045833 0.043750
0 0.412500 0.165104 0.037500 0.021875
0 0.935937 0.297396 0.040625 0.038542
0 0.636979 0.263021 0.040625 0.034375
0 0.075000 0.803646 0.045833 0.034375
0 0.745833 0.531771 0.043750 0.055208
0 0.181250 0.796354 0.025000 0.042708
0 0.476562 0.550000 0.044792 0.035417
0 0.404687 0.528646 0.028125 0.051042
0 0.078646 0.637500 0.028125 0.039583
0 0.909375 0.468229 0.045833 0.032292
0 0.657813 0.430208 0.036458 0.047917
0 0.179688 0.202604 0.030208 0.053125
0 0.704167 0.209896 0.020833 0.036458
0 0.191146 0.616667 0.053125 0.045833
0 0.475000 0.871875 0.043750 0.027083
0 0.557813 0.626042 0.044792 0.052083
0 0.790625 0.348958 0.052083 0.033333
0 0.698958 0.278646 0.043750 0.030208
0 0.743229 0.750521 0.038542 0.021875
0 0.603125 0.933854 0.037500 0.053125
0 0.343750 0.360938 0.050000 0.034375
0 0.621354 0.233854 0.046875 0.034375
0 0.691146 0.156771 0.038542 0.046875
0 0.101562 0.839063 0.023958 0.040625
0 0.825521 0.541146 0.042708 0.044792
0 0.593229 0.267708 0.040625 0.052083
0 0.713021 0.735417 0.051042 0.050000
0 0.802083 0.765625 0.043750 0.052083
0 0.539062 0.557813 0.046875 0.040625
0 0.817187 0.518750 0.023958 0.047917
0 0.346875 0.423958 0.027083 0.045833
0 0.584375 0.938542 0.027083 0.045833
0 0.825000 0.369792 0.041667 0.039583
0 0.378646 0.546354 0.053125 0.051042
0 0.936979 0.575000 0.026042 0.037500
0 0.466667 0.714063 0.043750 0.048958
0 0.748958 0.500000 0.043750 0.052083
0 0.634896 0.087500 0.040625 0.054167
0 0.424479 0.091667 0.044792 0.045833
0 0.218229 0.753125 0.048958 0.027083
0 0.325000 0.852604 0.035417 0.040625
0 0.752604 0.179688 0.044792 0.032292
0 0.404167 0.730208 0.033333 0.047917
0 0.676562 0.100521 0.044792 0.042708
0 0.418750 0.318750 0.052083 0.043750
0 0.888021 0.452083 0.036458 0.043750
0 0.489063 0.671875 0.026042 0.039583
0 0.087500 0.926562 0.037500 0.038542
0 0.319271 0.963542 0.044792 0.045833
0 0.339583 0.283854 0.045833 0.040625
0 0.684375 0.595833 0.041667 0.031250
0 0.913021 0.419271 0.055208 0.042708
0 0.419271 0.766667 0.034375 0.047917
0 0.698958 0.746354 0.050000 0.028125
0 0.709896 0.469792 0.042708 0.033333
0 0.602083 0.222396 0.047917 0.023958
0 0.683333 0.881771 0.022917 0.044792
0 0.452604 0.844792 0.044792 0.033333
0 0.430729 0.494792 0.028125 0.039583
0 0.096354 0.593229 0.046875 0.038542
0 0.088021 0.947396 0.036458 0.055208
0 0.372396 0.361458 0.053125 0.045833
0 0.919271 0.490104 0.055208 0.051042
0 0.234375 0.577604 0.043750 0.055208
0 0.688542 0.173958 0.052083 0.043750
0 0.185417 0.408854 0.054167 0.046875
0 0.364063 0.304167 0.040625 0.041667
0 0.900521 0.411458 0.032292 0.047917
0 0.764062 0.265625 0.038542 0.035417
0 0.369271 0.697917 0.032292 0.039583
0 0.889583 0.690625 0.037500 0.031250
0 0.190104 0.085417 0.040625 0.041667
0 0.230729 0.926042 0.046875 0.045833
0 0.313021 0.603646 0.048958 0.046875
0 0.621875 0.255208 0.043750 0.035417
0 0.721875 0.406771 0.037500 0.023958
0 0.872917 0.267708 0.052083 0.045833
0 0.591667 0.883854 0.047917 0.032292
0 0.683854 0.269271 0.042708 0.023958
0 0.361979 0.929688 0.030208 0.044792
0 0.880208 0.808333 0.050000 0.033333
0 0.932292 0.148438 0.039583 0.023958
0 0.759896 0.531771 0.040625 0.028125
0 0.516667 0.570833 0.037500 0.029167
0 0.109375 0.755208 0.052083 0.041667
0 0.671875 0.718750 0.037500 0.033333
0 0.094792 0.333333 0.041667 0.047917
0 0.081250 0.211979 0.027083 0.040625
0 0.158333 0.516146 0.052083 0.053125
0 0.806771 0.211458 0.042708 0.031250
0 0.138542 0.401042 0.047917 0.035417
0 0.176042 0.889062 0.050000 0.042708
0 0.906771 0.571875 0.021875 0.039583
0 0.479167 0.909896 0.052083 0.034375
0 0.920833 0.407813 0.039583 0.028125
0 0.252083 0.080208 0.020833 0.035417
0 0.601042 0.235937 0.039583 0.038542
0 0.211458 0.287500 0.027083 0.045833
0 0.805208 0.218750 0.037500 0.033333
0 0.478646 0.489063 0.055208 0.044792
0 0.810937 0.527083 0.053125 0.047917
0 0.799479 0.659375 0.053125 0.037500
0 0.585417 0.823958 0.052083 0.045833
0 0.594792 0.510938 0.035417 0.040625
0 0.219271 0.238542 0.036458 0.037500
0 0.890625 0.655729 0.045833 0.055208
0 0.919271 0.885938 0.036458 0.051042
0 0.479167 0.366146 0.022917 0.038542
0 0.608333 0.686458 0.052083 0.037500
0 0.865104 0.543750 0.046875 0.052083
0 0.959896 0.587500 0.042708 0.029167
0 0.080208 0.461458 0.029167 0.041667
0 0.716146 0.632292 0.032292 0.043750
0 0.393750 0.423438 0.047917 0.046875
0 0.553125 0.789583 0.047917 0.041667
0 0.666667 0.955729 0.039583 0.019792
0 0.618750 0.623437 0.039583 0.028125
0 0.389583 0.910937 0.052083 0.034375
0 0.160417 0.215625 0.037500 0.018750
0 0.343229 0.475521 0.044792 0.048958
0 0.286979 0.180729 0.023958 0.048958
0 0.611458 0.199479 0.029167 0.046875
0 0.525521 0.615104 0.048958 0.046875
0 0.612500 0.240625 0.045833 0.031250
0 0.459375 0.191146 0.027083 0.042708
0 0.488021 0.245312 0.055208 0.042708
0 0.572396 0.296354 0.051042 0.053125
0 0.579167 0.180208 0.043750 0.027083
0 0.568750 0.647396 0.037500 0.040625
0 0.320312 0.964063 0.053125 0.034375
0 0.675521 0.775521 0.055208 0.044792
0 0.864062 0.586458 0.042708 0.031250
0 0.913542 0.638542 0.047917 0.039583
0 0.329167 0.193750 0.033333 0.050000
0 0.244792 0.830729 0.047917 0.023958
0 0.585417 0.512500 0.045833 0.052083
0 0.338542 0.804688 0.027083 0.040625
0 0.319792 0.835938 0.047917 0.055208
0 0.183333 0.695312 0.043750 0.040625
0 0.540104 0.750521 0.042708 0.051042
0 0.923958 0.815104 0.043750 0.042708
0 0.450000 0.095312 0.047917 0.046875
0 0.870313 0.525521 0.055208 0.051042
0 0.266667 0.294271 0.041667 0.032292
0 0.778125 0.617188 0.047917 0.044792
0 0.766146 0.296354 0.023958 0.038542
0 0.934896 0.953646 0.032292 0.044792
0 0.311458 0.118229 0.050000 0.042708
0 0.203125 0.940104 0.050000 0.034375
0 0.703125 0.130208 0.037500 0.025000
0 0.768229 0.299479 0.048958 0.046875
0 0.496354 0.951562 0.034375 0.040625
0 0.433854 0.429688 0.040625 0.036458
0 0.276562 0.415104 0.048958 0.055208
0 0.712500 0.809375 0.037500 0.027083
0 0.628125 0.536458 0.035417 0.020833
0 0.413021 0.834896 0.044792 0.042708
0 0.651042 0.759375 0.025000 0.041667
0 0.864583 0.702083 0.050000 0.047917
0 0.745833 0.960938 0.047917 0.032292
0 0.232292 0.943750 0.043750 0.052083
0 0.539062 0.821875 0.044792 0.027083
0 0.348438 0.240104 0.028125 0.051042
0 0.932813 0.227083 0.038542 0.035417
0 0.851562 0.971354 0.051042 0.053125
0 0.431250 0.248958 0.033333 0.016667
0 0.585938 0.880729 0.038542 0.040625
0 0.319271 0.425521 0.051042 0.026042
0 0.573958 0.704167 0.045833 0.022917
0 0.747917 0.199479 0.041667 0.021875
0 0.384375 0.430208 0.043750 0.052083
0 0.282813 0.345833 0.048958 0.041667
0 0.389583 0.727604 0.039583 0.034375
0 0.395833 0.642708 0.018750 0.035417
0 0.488542 0.608854 0.054167 0.044792
0 0.600000 0.561979 0.050000 0.044792
0 0.948438 0.080208 0.042708 0.054167
0 0.861979 0.169271 0.028125 0.040625
0 0.133854 0.683333 0.026042 0.037500
0 0.363542 0.263021 0.035417 0.040625
0 0.770312 0.116146 0.042708 0.051042
0 0.883854 0.856771 0.032292 0.040625
0 0.957812 0.100000 0.038542 0.035417
0 0.426042 0.718750 0.041667 0.037500
0 0.717187 0.579688 0.048958 0.028125
0 0.086458 0.145313 0.039583 0.036458
0 0.235417 0.819271 0.039583 0.034375
0 0.191146 0.194271 0.048958 0.032292
0 0.946875 0.328125 0.041667 0.031250
0 0.802083 0.525000 0.043750 0.045833
0 0.170833 0.485938 0.047917 0.046875
0 0.818229 0.392708 0.046875 0.029167
0 0.668229 0.555729 0.051042 0.042708
0 0.193750 0.349479 0.037500 0.038542
0 0.630208 0.150000 0.039583 0.041667
0 0.122396 0.665625 0.042708 0.047917
0 0.955729 0.156250 0.030208 0.039583
0 0.107813 0.132292 0.038542 0.027083
0 0.393750 0.167708 0.035417 0.052083
0 0.079687 0.506771 0.036458 0.046875
0 0.834375 0.144271 0.052083 0.032292
0 0.126562 0.301563 0.040625 0.051042
0 0.360938 0.359375 0.040625 0.041667
0 0.135937 0.641146 0.028125 0.040625
0 0.884896 0.814063 0.051042 0.053125
0 0.848437 0.398438 0.038542 0.051042
0 0.555729 0.419271 0.040625 0.026042
0 0.133854 0.346354 0.044792 0.051042
0 0.134896 0.205729 0.028125 0.048958
0 0.863021 0.439583 0.053125 0.037500
0 0.661458 0.524479 0.037500 0.044792
0 0.598958 0.146354 0.039583 0.028125
0 0.417708 0.894792 0.027083 0.045833
0 0.281771 0.276042 0.038542 0.043750
0 0.169792 0.253646 0.047917 0.046875
0 0.354167 0.381250 0.043750 0.025000
0 0.950000 0.954688 0.050000 0.042708
0 0.338542 0.089063 0.045833 0.048958
0 0.561979 0.583333 0.053125 0.045833
0 0.075000 0.388021 0.022917 0.042708
0 0.710938 0.847917 0.040625 0.041667
0 0.909896 0.857292 0.051042 0.031250
0 0.787500 0.557813 0.041667 0.044792
0 0.250000 0.560937 0.029167 0.051042
0 0.804688 0.264583 0.051042 0.050000
0 0.363021 0.956771 0.034375 0.040625
0 0.455729 0.560937 0.021875 0.042708
0 0.890104 0.693750 0.053125 0.039583
0 0.258333 0.494271 0.033333 0.040625
0 0.255208 0.650000 0.045833 0.031250
0 0.606250 0.128125 0.050000 0.031250
0 0.239063 0.121354 0.046875 0.048958
0 0.776563 0.179688 0.036458 0.051042
0 0.191146 0.113021 0.042708 0.044792
0 0.368750 0.246354 0.039583 0.023958
0 0.907813 0.459896 0.038542 0.051042