0 0.275521 0.436458 0.038542 0.022917
0 0.607292 0.252083 0.041667 0.039583
0 0.546875 0.408333 0.035417 0.037500
0 0.617188 0.875000 0.042708 0.037500
0 0.875521 0.147917 0.051042 0.035417
0 0.778646 0.289062 0.040625 0.028125
0 0.969792 0.884896 0.043750 0.042708
0 0.145833 0.589583 0.031250 0.050000
0 0.504687 0.161979 0.040625 0.032292
0 0.856250 0.620833 0.037500 0.047917
0 0.930729 0.395313 0.053125 0.051042
0 0.835938 0.554688 0.040625 0.044792
0 0.246875 0.281771 0.043750 0.040625
0 0.413021 0.720833 0.038542 0.027083
0 0.873437 0.460938 0.023958 0.042708
0 0.576042 0.877083 0.041667 0.052083
0 0.558333 0.458854 0.043750 0.026042
0 0.373437 0.681250 0.048958 0.041667
0 0.138021 0.922396 0.040625 0.032292
0 0.518750 0.920833 0.020833 0.039583
0 0.159375 0.213542 0.052083 0.035417
0 0.716146 0.418229 0.055208 0.040625
0 0.960938 0.568229 0.040625 0.023958
0 0.831771 0.652604 0.044792 0.026042
0 0.667708 0.289062 0.039583 0.034375
0 0.305208 0.696354 0.037500 0.053125
0 0.155729 0.725000 0.034375 0.039583
0 0.749479 0.619792 0.042708 0.054167
0 0.576562 0.603125 0.044792 0.047917
0 0.493229 0.819271 0.040625 0.034375
0 0.729688 0.530729 0.030208 0.040625
0 0.615104 0.160417 0.042708 0.037500
0 0.762500 0.920833 0.045833 0.052083
0 0.118750 0.463021 0.033333 0.048958
0 0.617708 0.861458 0.025000 0.041667
0 0.673438 0.370312 0.034375 0.046875
0 0.740625 0.682813 0.047917 0.046875
0 0.285417 0.152083 0.027083 0.047917
0 0.152604 0.388542 0.038542 0.033333
0 0.466667 0.208854 0.039583 0.030208
0 0.315104 0.169271 0.055208 0.040625
0 0.926042 0.787500 0.037500 0.031250
0 0.770312 0.623958 0.051042 0.029167
0 0.591146 0.447917 0.042708 0.031250
0 0.396875 0.648438 0.050000 0.042708
0 0.321875 0.384375 0.035417 0.037500
0 0.283333 0.145833 0.041667 0.047917
0 0.834896 0.641146 0.040625 0.023958
0 0.760417 0.271875 0.025000 0.039583
0 0.654167 0.777083 0.041667 0.047917
0 0.851042 0.663021 0.029167 0.044792
0 0.259896 0.198437 0.051042 0.042708
0 0.643750 0.352604 0.039583 0.030208
0 0.843750 0.365625 0.037500 0.052083
0 0.782813 0.861458 0.038542 0.047917
0 0.415104 0.251563 0.044792 0.030208
0 0.629687 0.493229 0.034375 0.040625
0 0.188542 0.583854 0.020833 0.042708
0 0.600000 0.803646 0.039583 0.036458
0 0.414583 0.375521 0.047917 0.055208
0 0.842187 0.736458 0.038542 0.031250
0 0.106250 0.694271 0.029167 0.040625
0 0.111979 0.156250 0.046875 0.027083
0 0.836979 0.759896 0.046875 0.026042
0 0.241667 0.841667 0.037500 0.027083
0 0.115104 0.085938 0.051042 0.044792
0 0.843229 0.896354 0.040625 0.034375
0 0.187500 0.860938 0.031250 0.044792
0 0.865104 0.451042 0.053125 0.039583
0 0.250000 0.891667 0.043750 0.027083
0 0.123958 0.283854 0.025000 0.044792
0 0.102604 0.764062 0.046875 0.023958
0 0.400521 0.629167 0.046875 0.027083
0 0.876042 0.573438 0.054167 0.046875
0 0.465104 0.511458 0.030208 0.039583
0 0.431250 0.921875 0.027083 0.037500
0 0.595833 0.891667 0.045833 0.043750
0 0.672917 0.245833 0.037500 0.047917
0 0.278646 0.776042 0.034375 0.039583
0 0.942187 0.215625 0.042708 0.039583
0 0.801562 0.210938 0.034375 0.040625
0 0.765104 0.302083 0.028125 0.050000
0 0.706771 0.646875 0.048958 0.037500
0 0.496354 0.546354 0.044792 0.026042
0 0.443750 0.570312 0.035417 0.044792
0 0.145313 0.452604 0.032292 0.040625
0 0.445312 0.440625 0.036458 0.037500
0 0.660937 0.926562 0.048958 0.055208
0 0.110937 0.839063 0.028125 0.048958
0 0.402604 0.531250 0.038542 0.035417
0 0.359375 0.820833 0.029167 0.041667
0 0.216146 0.302083 0.040625 0.047917
0 0.869271 0.192188 0.046875 0.036458
0 0.372917 0.729688 0.050000 0.042708
0 0.142187 0.396875 0.051042 0.047917
0 0.428646 0.825000 0.051042 0.031250
0 0.133333 0.636979 0.035417 0.040625
0 0.403125 0.599479 0.033333 0.048958
0 0.291667 0.500000 0.043750 0.035417
0 0.322396 0.806771 0.044792 0.040625
0 0.560937 0.454167 0.021875 0.037500
0 0.756250 0.276042 0.027083 0.037500
0 0.312500 0.721354 0.052083 0.030208
0 0.514062 0.536458 0.053125 0.045833
0 0.456250 0.513542 0.041667 0.039583
0 0.867708 0.419792 0.041667 0.029167
0 0.261979 0.623437 0.046875 0.036458
0 0.164062 0.839583 0.040625 0.041667
0 0.939583 0.551562 0.054167 0.046875
0 0.510417 0.158333 0.047917 0.041667
0 0.607292 0.072917 0.033333 0.037500
0 0.863542 0.868229 0.043750 0.042708
0 0.606771 0.304167 0.048958 0.037500
0 0.651042 0.524479 0.054167 0.042708
0 0.891667 0.320312 0.043750 0.055208
0 0.144271 0.713021 0.055208 0.038542
0 0.777083 0.072396 0.052083 0.034375
0 0.149479 0.733333 0.051042 0.047917
0 0.762500 0.418750 0.037500 0.033333
0 0.357292 0.530208 0.043750 0.025000
0 0.597917 0.779167 0.025000 0.037500
0 0.845833 0.571875 0.045833 0.031250
0 0.516667 0.959896 0.054167 0.044792
0 0.266667 0.408854 0.054167 0.042708
0 0.500000 0.790625 0.020833 0.035417
0 0.738542 0.603125 0.033333 0.043750
0 0.619792 0.229687 0.025000 0.044792
0 0.630208 0.196875 0.037500 0.052083
0 0.511458 0.315625 0.039583 0.041667
0 0.114583 0.792188 0.037500 0.038542
0 0.791146 0.504167 0.032292 0.043750
0 0.681771 0.398438 0.046875 0.028125
0 0.747917 0.450000 0.035417 0.037500
0 0.856771 0.657292 0.048958 0.033333
0 0.925521 0.239063 0.051042 0.044792
0 0.555208 0.661979 0.050000 0.034375
0 0.894792 0.414583 0.047917 0.035417
0 0.657813 0.070312 0.044792 0.021875
0 0.213021 0.530729 0.040625 0.055208
0 0.671875 0.568229 0.039583 0.030208
0 0.646354 0.084375 0.038542 0.043750
0 0.209896 0.835417 0.042708 0.054167
0 0.908333 0.839063 0.031250 0.040625
0 0.146354 0.265104 0.023958 0.046875
0 0.302083 0.408854 0.045833 0.023958
0 0.393750 0.141146 0.037500 0.019792
0 0.785417 0.194271 0.050000 0.053125
0 0.195312 0.488021 0.036458 0.046875
0 0.689063 0.126562 0.030208 0.040625
0 0.726042 0.126042 0.045833 0.052083
0 0.955208 0.844271 0.041667 0.023958
0 0.303125 0.859375 0.047917 0.039583
0 0.954167 0.876042 0.037500 0.047917
0 0.070833 0.522917 0.031250 0.050000
0 0.950521 0.420312 0.055208 0.044792
0 0.752604 0.724479 0.055208 0.048958
0 0.864062 0.407292 0.017708 0.035417
0 0.313021 0.414062 0.046875 0.048958
0 0.601042 0.219271 0.050000 0.036458
0 0.690104 0.159896 0.044792 0.030208
0 0.139583 0.120313 0.039583 0.038542
0 0.189062 0.386458 0.040625 0.047917
0 0.832292 0.383333 0.025000 0.039583
0 0.930208 0.707292 0.043750 0.025000
0 0.337500 0.197396 0.027083 0.046875
0 0.480208 0.604167 0.039583 0.047917
0 0.569792 0.376563 0.029167 0.040625
0 0.383854 0.390625 0.036458 0.018750
0 0.195833 0.742708 0.035417 0.047917
0 0.098958 0.706250 0.035417 0.037500
0 0.801042 0.603125 0.025000 0.037500
0 0.762500 0.197917 0.050000 0.031250
0 0.426042 0.238021 0.031250 0.044792
0 0.401042 0.729167 0.043750 0.031250
0 0.280729 0.524479 0.028125 0.044792
0 0.668229 0.234896 0.034375 0.040625
0 0.804688 0.216146 0.051042 0.036458
0 0.553125 0.712500 0.052083 0.045833
0 0.574479 0.766146 0.040625 0.044792
0 0.750521 0.709375 0.040625 0.047917
0 0.800521 0.679688 0.048958 0.046875
0 0.458333 0.544271 0.045833 0.055208
0 0.752083 0.288542 0.045833 0.043750
0 0.762500 0.376042 0.035417 0.037500
0 0.563542 0.843229 0.045833 0.036458
0 0.624479 0.947396 0.036458 0.040625
0 0.557292 0.888542 0.039583 0.041667
0 0.797917 0.285417 0.029167 0.041667
0 0.826562 0.177604 0.055208 0.046875
0 0.823958 0.798438 0.043750 0.042708
0 0.466667 0.568229 0.052083 0.051042
0 0.450521 0.392188 0.046875 0.036458
0 0.684896 0.666146 0.040625 0.028125
0 0.757292 0.852083 0.025000 0.041667
0 0.632812 0.564583 0.036458 0.052083
0 0.454167 0.160417 0.037500 0.041667
0 0.235417 0.463021 0.041667 0.021875
0 0.478646 0.605208 0.038542 0.027083
0 0.651563 0.231250 0.044792 0.035417
0 0.403125 0.794271 0.033333 0.044792
0 0.505729 0.602604 0.053125 0.053125
0 0.259896 0.631771 0.040625 0.055208
0 0.606771 0.456771 0.038542 0.051042
0 0.524479 0.561979 0.028125 0.051042
0 0.708854 0.589063 0.040625 0.051042
0 0.272917 0.517188 0.031250 0.044792
0 0.144271 0.254688 0.044792 0.055208
0 0.911979 0.167187 0.038542 0.040625
0 0.705729 0.599479 0.055208 0.042708
0 0.405729 0.377604 0.051042 0.044792
0 0.122917 0.758854 0.039583 0.038542
0 0.839063 0.205729 0.051042 0.042708
0 0.242188 0.163021 0.048958 0.046875
0 0.156250 0.394792 0.031250 0.037500
0 0.538542 0.161458 0.043750 0.033333
0 0.571354 0.263542 0.044792 0.025000
0 0.814063 0.775521 0.023958 0.042708
0 0.520833 0.186458 0.052083 0.043750
0 0.331771 0.305729 0.040625 0.036458
0 0.085938 0.471354 0.055208 0.046875
0 0.273958 0.594271 0.045833 0.048958
0 0.649479 0.880729 0.048958 0.032292
0 0.678646 0.582812 0.051042 0.038542
0 0.344271 0.503646 0.023958 0.040625
0 0.492708 0.244792 0.039583 0.022917
0 0.207813 0.638021 0.026042 0.040625
0 0.874479 0.396354 0.048958 0.032292
0 0.441667 0.222917 0.047917 0.039583
0 0.450000 0.955208 0.029167 0.050000
0 0.661458 0.560417 0.043750 0.035417
0 0.751563 0.501042 0.046875 0.043750
0 0.209896 0.500000 0.048958 0.039583
0 0.131250 0.450521 0.025000 0.042708
0 0.195312 0.722396 0.053125 0.053125
0 0.096354 0.592187 0.040625 0.038542
0 0.913542 0.240625 0.033333 0.043750
0 0.839063 0.752604 0.053125 0.032292
0 0.248958 0.382292 0.037500 0.031250
0 0.625521 0.838542 0.030208 0.039583
0 0.480208 0.122917 0.045833 0.045833
0 0.228125 0.104688 0.039583 0.028125
0 0.737500 0.805729 0.050000 0.028125
0 0.176563 0.522917 0.042708 0.047917
0 0.108333 0.243750 0.029167 0.041667
0 0.398958 0.591146 0.031250 0.044792
0 0.870313 0.774479 0.040625 0.044792
0 0.826042 0.361458 0.037500 0.052083
0 0.244792 0.176563 0.037500 0.021875
0 0.663021 0.302083 0.046875 0.029167
0 0.924479 0.226562 0.042708 0.021875
0 0.535417 0.451042 0.035417 0.037500
0 0.820312 0.193229 0.044792 0.021875
0 0.877083 0.723958 0.033333 0.047917
0 0.511458 0.876563 0.037500 0.048958
0 0.467187 0.815104 0.048958 0.030208
0 0.331771 0.809375 0.048958 0.033333
0 0.360417 0.953646 0.037500 0.038542
0 0.220833 0.926042 0.052083 0.043750
0 0.560937 0.359375 0.051042 0.029167
0 0.491146 0.451042 0.032292 0.039583
0 0.695312 0.090625 0.046875 0.052083
0 0.263021 0.943229 0.021875 0.044792
0 0.536458 0.262500 0.041667 0.039583
0 0.914062 0.782292 0.038542 0.035417
0 0.463542 0.851562 0.054167 0.044792
0 0.344271 0.883333 0.032292 0.043750
0 0.270313 0.857292 0.046875 0.045833
0 0.580729 0.501563 0.046875 0.048958
0 0.108854 0.323437 0.055208 0.048958
0 0.620833 0.167708 0.045833 0.052083
0 0.482292 0.783333 0.043750 0.045833
0 0.848437 0.311458 0.051042 0.033333
0 0.358333 0.834896 0.047917 0.046875
0 0.754687 0.544271 0.046875 0.048958
0 0.900000 0.679167 0.047917 0.037500
0 0.620833 0.450521 0.018750 0.036458
0 0.384896 0.902083 0.048958 0.025000
0 0.576562 0.641667 0.040625 0.020833
0 0.938542 0.447917 0.052083 0.043750
0 0.536458 0.418750 0.052083 0.037500
0 0.873437 0.105208 0.040625 0.047917
0 0.129167 0.622396 0.031250 0.048958
0 0.195833 0.365625 0.037500 0.031250
0 0.373437 0.094271 0.026042 0.051042
0 0.888542 0.124479 0.039583 0.044792
0 0.753125 0.114583 0.039583 0.022917
0 0.894792 0.850521 0.035417 0.040625
0 0.419792 0.540625 0.027083 0.045833
0 0.102083 0.404167 0.035417 0.043750
0 0.427604 0.395313 0.040625 0.036458
0 0.404687 0.281250 0.038542 0.031250
0 0.964583 0.098958 0.043750 0.045833
0 0.511458 0.491146 0.039583 0.026042
0 0.270833 0.090104 0.047917 0.028125
0 0.125000 0.354167 0.035417 0.043750
0 0.731771 0.323437 0.038542 0.046875
0 0.081771 0.279167 0.042708 0.031250
0 0.503125 0.372917 0.033333 0.037500
0 0.625521 0.408854 0.055208 0.040625
0 0.713542 0.298438 0.039583 0.026042
0 0.714583 0.212500 0.029167 0.045833
0 0.470833 0.956771 0.045833 0.038542
0 0.117708 0.314583 0.020833 0.039583
0 0.742188 0.620833 0.051042 0.050000
0 0.704167 0.192708 0.045833 0.045833
0 0.805729 0.452083 0.044792 0.022917
0 0.343750 0.901563 0.039583 0.034375
0 0.482292 0.878646 0.027083 0.042708
0 0.681771 0.931250 0.044792 0.047917
0 0.826042 0.617188 0.035417 0.040625
0 0.787500 0.929688 0.041667 0.032292
0 0.431771 0.479687 0.019792 0.038542
0 0.328125 0.507292 0.031250 0.050000
0 0.731771 0.846354 0.051042 0.028125
0 0.691667 0.245833 0.031250 0.050000
0 0.493229 0.183333 0.030208 0.039583
0 0.479167 0.103646 0.031250 0.040625
0 0.650521 0.107292 0.036458 0.020833
0 0.940104 0.196354 0.053125 0.034375
0 0.269792 0.711979 0.043750 0.040625
0 0.888542 0.178646 0.041667 0.021875
0 0.948958 0.951562 0.050000 0.026042
0 0.776042 0.812500 0.045833 0.022917
0 0.290625 0.232292 0.033333 0.052083
0 0.342708 0.301042 0.027083 0.047917
0 0.914062 0.214062 0.053125 0.030208
0 0.629687 0.841146 0.048958 0.046875
0 0.324479 0.438542 0.046875 0.043750
0 0.718229 0.293229 0.044792 0.051042
0 0.913021 0.494792 0.026042 0.050000
0 0.885938 0.848437 0.021875 0.042708
0 0.547396 0.350521 0.038542 0.051042
0 0.252604 0.721354 0.046875 0.023958
0 0.854688 0.724479 0.040625 0.030208
0 0.275000 0.368229 0.029167 0.040625
0 0.629167 0.219271 0.043750 0.026042
0 0.891146 0.485417 0.023958 0.041667
0 0.545833 0.873437 0.045833 0.023958
0 0.142708 0.663542 0.047917 0.039583
0 0.281771 0.121354 0.032292 0.053125
0 0.372917 0.678646 0.020833 0.038542
0 0.178125 0.319792 0.039583 0.022917
0 0.445312 0.173437 0.040625 0.032292
0 0.269792 0.302604 0.037500 0.040625
0 0.777604 0.720313 0.055208 0.042708
0 0.808333 0.102083 0.027083 0.037500
0 0.936458 0.782813 0.033333 0.048958
0 0.098437 0.687500 0.048958 0.027083
0 0.241146 0.119792 0.038542 0.035417
0 0.663021 0.865625 0.028125 0.045833
0 0.763542 0.813542 0.037500 0.043750
0 0.798958 0.135937 0.031250 0.048958
0 0.800521 0.405208 0.042708 0.027083
0 0.182292 0.529167 0.045833 0.043750
0 0.629167 0.359896 0.039583 0.038542
0 0.223958 0.153646 0.054167 0.040625
0 0.847396 0.765625 0.044792 0.054167
0 0.260937 0.625000 0.038542 0.043750
0 0.127604 0.236458 0.036458 0.047917
0 0.923958 0.312500 0.022917 0.035417
0 0.094792 0.507812 0.050000 0.044792
0 0.078646 0.737500 0.038542 0.043750
0 0.950521 0.305729 0.040625 0.038542
0 0.443750 0.563542 0.043750 0.052083
0 0.561979 0.825521 0.036458 0.051042
0 0.750521 0.695833 0.019792 0.039583
0 0.427604 0.548438 0.026042 0.044792
0 0.854688 0.165625 0.036458 0.018750
0 0.855729 0.824479 0.023958 0.040625
0 0.741667 0.404167 0.037500 0.027083
0 0.627604 0.729688 0.023958 0.042708
0 0.507292 0.548438 0.050000 0.034375
0 0.291146 0.703646 0.055208 0.051042
0 0.325521 0.877083 0.051042 0.047917
0 0.726042 0.148958 0.031250 0.045833
0 0.811979 0.439583 0.040625 0.025000
0 0.803125 0.501042 0.043750 0.033333
0 0.386458 0.198437 0.047917 0.028125
0 0.821875 0.410938 0.031250 0.044792
0 0.269792 0.376563 0.045833 0.038542
0 0.093750 0.136979 0.054167 0.046875
0 0.369792 0.301563 0.022917 0.038542
0 0.860417 0.671354 0.041667 0.044792
0 0.420833 0.721354 0.054167 0.036458
0 0.400000 0.925521 0.039583 0.034375
0 0.251042 0.195833 0.041667 0.052083
0 0.866146 0.266146 0.042708 0.044792
0 0.851042 0.856250 0.039583 0.052083
0 0.840625 0.370312 0.045833 0.023958
0 0.568750 0.731250 0.047917 0.041667
0 0.109896 0.368229 0.028125 0.040625
0 0.400521 0.488021 0.040625 0.032292
0 0.450000 0.767188 0.050000 0.044792
0 0.276042 0.360938 0.041667 0.021875
0 0.846875 0.140104 0.050000 0.040625
0 0.607292 0.936458 0.025000 0.041667
0 0.545833 0.958333 0.050000 0.050000
0 0.540104 0.875521 0.028125 0.051042
0 0.679167 0.171354 0.045833 0.048958
0 0.481771 0.863021 0.038542 0.021875
0 0.583333 0.269271 0.039583 0.034375
0 0.204687 0.117188 0.048958 0.044792
0 0.601042 0.277083 0.037500 0.031250
0 0.860417 0.357292 0.039583 0.041667
0 0.659375 0.768229 0.039583 0.028125
0 0.931771 0.884896 0.038542 0.051042
0 0.094792 0.520833 0.037500 0.033333
0 0.610938 0.669271 0.036458 0.051042
0 0.765104 0.612500 0.040625 0.052083
0 0.468229 0.804167 0.030208 0.039583
0 0.099479 0.757812 0.048958 0.055208
0 0.448958 0.140625 0.035417 0.047917
0 0.699479 0.718229 0.040625 0.034375
0 0.206250 0.560417 0.037500 0.041667
0 0.223438 0.426563 0.048958 0.055208
0 0.906250 0.552604 0.050000 0.038542
0 0.542188 0.334375 0.048958 0.041667
0 0.111458 0.950000 0.043750 0.035417
0 0.402083 0.122396 0.054167 0.044792
0 0.573958 0.819792 0.018750 0.035417
0 0.763021 0.193229 0.051042 0.040625
0 0.178646 0.782292 0.042708 0.039583
0 0.154167 0.923958 0.025000 0.041667
0 0.923958 0.243229 0.043750 0.030208
0 0.902604 0.231250 0.053125 0.041667
0 0.453646 0.364583 0.038542 0.035417
0 0.424479 0.371875 0.038542 0.035417
0 0.223958 0.949479 0.047917 0.053125
0 0.140625 0.380208 0.033333 0.043750
0 0.186458 0.717708 0.037500 0.029167
0 0.227604 0.140625 0.038542 0.029167
0 0.226562 0.084375 0.042708 0.039583
0 0.315104 0.846354 0.042708 0.055208
0 0.902604 0.316667 0.038542 0.035417
0 0.810417 0.673958 0.035417 0.043750
0 0.172917 0.308333 0.043750 0.037500
0 0.426042 0.088542 0.039583 0.041667
0 0.793750 0.891667 0.039583 0.041667
0 0.205208 0.811979 0.043750 0.021875
0 0.930729 0.818229 0.040625 0.032292
0 0.513542 0.608333 0.050000 0.047917
0 0.800521 0.584375 0.038542 0.029167
0 0.378646 0.446875 0.046875 0.031250
0 0.197396 0.950521 0.028125 0.051042
0 0.666146 0.618750 0.036458 0.037500
0 0.670312 0.302604 0.028125 0.044792
0 0.138021 0.751563 0.042708 0.023958
0 0.385937 0.113542 0.023958 0.047917
0 0.802083 0.901563 0.035417 0.048958
0 0.147396 0.219271 0.051042 0.053125
0 0.114062 0.258333 0.046875 0.031250
0 0.916667 0.528646 0.043750 0.026042
0 0.471354 0.512500 0.040625 0.020833
0 0.538021 0.873437 0.042708 0.044792
0 0.797396 0.641667 0.040625 0.025000
0 0.492708 0.231250 0.037500 0.047917
0 0.926562 0.224479 0.030208 0.051042
0 0.366667 0.825521 0.043750 0.042708
0 0.717708 0.310417 0.035417 0.018750
0 0.475521 0.454167 0.030208 0.050000
0 0.887500 0.421354 0.043750 0.040625
0 0.145313 0.753125 0.053125 0.043750
0 0.586979 0.828125 0.046875 0.027083
0 0.701042 0.307812 0.052083 0.053125
0 0.709896 0.882292 0.034375 0.039583
0 0.888021 0.225000 0.017708 0.035417
0 0.177604 0.720313 0.046875 0.055208
0 0.475000 0.648438 0.035417 0.053125
0 0.609896 0.923438 0.044792 0.051042
0 0.134375 0.458333 0.035417 0.020833
0 0.597917 0.095312 0.035417 0.053125
0 0.521875 0.649479 0.039583 0.030208
0 0.650521 0.830208 0.038542 0.031250
0 0.717708 0.774479 0.039583 0.028125
0 0.861458 0.542708 0.047917 0.037500
0 0.647396 0.758333 0.040625 0.054167
0 0.525521 0.103125 0.028125 0.045833
0 0.390104 0.102604 0.038542 0.051042
0 0.777083 0.392708 0.029167 0.037500
0 0.256771 0.191667 0.034375 0.039583
0 0.929688 0.260937 0.030208 0.048958
0 0.105208 0.882292 0.047917 0.027083
0 0.900521 0.742188 0.028125 0.048958
0 0.459896 0.068229 0.040625 0.023958
0 0.265104 0.232813 0.048958 0.032292
0 0.869792 0.260937 0.045833 0.038542
0 0.478125 0.139583 0.041667 0.025000
0 0.679167 0.291667 0.037500 0.035417
0 0.814583 0.301563 0.039583 0.038542
0 0.427083 0.455729 0.045833 0.028125
0 0.273438 0.579688 0.026042 0.040625
0 0.943750 0.430208 0.039583 0.041667
0 0.667708 0.289062 0.050000 0.040625
0 0.691667 0.369271 0.045833 0.048958
0 0.494271 0.164062 0.051042 0.053125
0 0.640625 0.750521 0.025000 0.038542
0 0.340625 0.251042 0.039583 0.041667
0 0.700000 0.458854 0.050000 0.042708
0 0.590625 0.828646 0.041667 0.048958
0 0.185938 0.842187 0.044792 0.030208
0 0.614062 0.283333 0.048958 0.052083
0 0.882292 0.158333 0.052083 0.047917
0 0.604688 0.244792 0.048958 0.041667
0 0.710417 0.258333 0.037500 0.033333
0 0.668229 0.144271 0.040625 0.051042
0 0.248438 0.642188 0.023958 0.040625
0 0.518750 0.595313 0.043750 0.042708
0 0.328125 0.290104 0.035417 0.040625
0 0.411979 0.416146 0.036458 0.017708
0 0.221875 0.300521 0.054167 0.036458
0 0.901563 0.150000 0.044792 0.027083
0 0.951562 0.387500 0.046875 0.031250
0 0.297917 0.133333 0.025000 0.043750
0 0.111979 0.259375 0.051042 0.033333
0 0.282813 0.423958 0.036458 0.037500
0 0.712500 0.230208 0.041667 0.039583
0 0.768750 0.078646 0.043750 0.048958
0 0.086458 0.730729 0.027083 0.048958
0 0.696875 0.881771 0.039583 0.028125
0 0.514583 0.310417 0.037500 0.035417
0 0.825000 0.100000 0.037500 0.018750
0 0.431250 0.546354 0.043750 0.048958
0 0.746875 0.367188 0.050000 0.042708
0 0.106250 0.900000 0.035417 0.047917