0 0.498437 0.460417 0.044792 0.054167
0 0.087500 0.128646 0.054167 0.042708
0 0.073958 0.156771 0.043750 0.026042
0 0.772396 0.613542 0.044792 0.045833
0 0.191667 0.688542 0.037500 0.041667
0 0.092708 0.130729 0.043750 0.042708
0 0.719792 0.535937 0.054167 0.042708
0 0.816146 0.356771 0.044792 0.055208
0 0.092708 0.349479 0.031250 0.040625
0 0.917708 0.953646 0.037500 0.053125
0 0.532292 0.448958 0.035417 0.035417
0 0.895833 0.592187 0.029167 0.051042
0 0.164062 0.283333 0.042708 0.041667
0 0.257812 0.665104 0.055208 0.044792
0 0.812500 0.790625 0.052083 0.037500
0 0.254688 0.193229 0.036458 0.046875
0 0.720833 0.521354 0.054167 0.046875
0 0.071875 0.391146 0.020833 0.038542
0 0.733333 0.466146 0.029167 0.044792
0 0.132812 0.277604 0.021875 0.044792
0 0.486979 0.567708 0.023958 0.043750
0 0.532292 0.701562 0.025000 0.042708
0 0.911458 0.114583 0.037500 0.035417
0 0.945312 0.571875 0.040625 0.020833
0 0.103646 0.266667 0.042708 0.047917
0 0.650000 0.382292 0.035417 0.020833
0 0.182812 0.196875 0.042708 0.029167
0 0.940104 0.256771 0.055208 0.044792
0 0.443229 0.804688 0.026042 0.046875
0 0.345313 0.836979 0.046875 0.055208
0 0.941667 0.692187 0.025000 0.042708
0 0.597917 0.287500 0.037500 0.035417
0 0.675000 0.078125 0.050000 0.047917
0 0.727604 0.545312 0.028125 0.040625
0 0.850521 0.153646 0.028125 0.048958
0 0.581250 0.936979 0.041667 0.021875
0 0.709896 0.348958 0.028125 0.039583
0 0.302604 0.834896 0.051042 0.030208
0 0.827083 0.196875 0.035417 0.037500
0 0.860417 0.907292 0.033333 0.050000
0 0.898438 0.418229 0.044792 0.051042
0 0.558333 0.618750 0.041667 0.047917
0 0.571875 0.552604 0.047917 0.046875
0 0.563542 0.891146 0.047917 0.053125
0 0.350000 0.919271 0.045833 0.036458
0 0.958333 0.145833 0.025000 0.047917
0 0.957812 0.683854 0.040625 0.026042
0 0.419271 0.470313 0.046875 0.038542
0 0.902604 0.413542 0.048958 0.039583
0 0.830729 0.381250 0.038542 0.033333
0 0.672917 0.291146 0.031250 0.044792
0 0.938542 0.215104 0.045833 0.048958
0 0.137500 0.371354 0.039583 0.036458
0 0.217188 0.257812 0.038542 0.019792
0 0.493229 0.194271 0.042708 0.023958
0 0.843229 0.340625 0.042708 0.039583
0 0.487500 0.241146 0.037500 0.048958
0 0.519271 0.893750 0.048958 0.033333
0 0.514062 0.576042 0.042708 0.054167
0 0.480729 0.382812 0.044792 0.040625
0 0.433854 0.793750 0.026042 0.050000
0 0.657292 0.135417 0.045833 0.033333
0 0.573958 0.823438 0.031250 0.051042
0 0.211458 0.888542 0.020833 0.039583
0 0.234896 0.177604 0.036458 0.017708
0 0.509375 0.877083 0.037500 0.031250
0 0.280729 0.963542 0.044792 0.054167
0 0.168750 0.076042 0.033333 0.016667
0 0.522917 0.094271 0.043750 0.030208
0 0.793750 0.609896 0.041667 0.044792
0 0.895312 0.714583 0.030208 0.050000
0 0.440104 0.201563 0.044792 0.051042
0 0.879687 0.614062 0.034375 0.053125
0 0.583333 0.434896 0.037500 0.019792
0 0.670312 0.552083 0.048958 0.027083
0 0.347917 0.790625 0.022917 0.043750
0 0.686979 0.397917 0.048958 0.033333
0 0.639583 0.518229 0.033333 0.044792
0 0.784375 0.935417 0.052083 0.037500
0 0.620313 0.185938 0.040625 0.028125
0 0.180208 0.310937 0.043750 0.055208
0 0.241146 0.680729 0.034375 0.046875
0 0.642708 0.202083 0.047917 0.050000
0 0.093750 0.636979 0.050000 0.042708
0 0.652083 0.734375 0.035417 0.020833
0 0.651042 0.067187 0.041667 0.021875
0 0.636979 0.230208 0.026042 0.047917
0 0.529687 0.103646 0.040625 0.034375
0 0.434375 0.292187 0.054167 0.044792
0 0.773438 0.300521 0.034375 0.046875
0 0.332292 0.901042 0.037500 0.047917
0 0.733854 0.157812 0.044792 0.051042
0 0.527604 0.174479 0.040625 0.051042
0 0.395833 0.827604 0.033333 0.048958
0 0.350000 0.133333 0.043750 0.045833
0 0.135417 0.306250 0.037500 0.047917
0 0.556250 0.605729 0.050000 0.034375
0 0.829688 0.753646 0.046875 0.040625
0 0.762500 0.938542 0.039583 0.020833
0 0.128646 0.103125 0.042708 0.039583
0 0.757812 0.146875 0.034375 0.037500
0 0.688542 0.340104 0.052083 0.032292
0 0.588021 0.535417 0.038542 0.025000
0 0.476562 0.181771 0.034375 0.040625
0 0.766667 0.476042 0.050000 0.029167
0 0.077604 0.219792 0.046875 0.043750
0 0.633854 0.500000 0.044792 0.047917
0 0.289062 0.717187 0.042708 0.051042
0 0.486458 0.220833 0.043750 0.052083
0 0.644271 0.620833 0.023958 0.043750
0 0.197917 0.898438 0.041667 0.032292
0 0.782292 0.702604 0.033333 0.044792
0 0.067708 0.197917 0.027083 0.045833
0 0.886979 0.621875 0.038542 0.035417
0 0.908333 0.438542 0.035417 0.052083
0 0.702083 0.772396 0.045833 0.036458
0 0.233854 0.392188 0.036458 0.017708
0 0.640625 0.293750 0.045833 0.052083
0 0.356250 0.132812 0.035417 0.040625
0 0.528125 0.452604 0.043750 0.028125
0 0.268229 0.619271 0.032292 0.040625
0 0.101562 0.921875 0.038542 0.035417
0 0.733333 0.841146 0.045833 0.055208
0 0.465104 0.243750 0.051042 0.031250
0 0.588542 0.529687 0.052083 0.032292
0 0.840625 0.913542 0.052083 0.037500
0 0.856771 0.274479 0.051042 0.053125
0 0.144792 0.289062 0.054167 0.044792
0 0.209375 0.754687 0.043750 0.026042
0 0.932813 0.581771 0.040625 0.034375
0 0.863021 0.331771 0.038542 0.021875
0 0.106250 0.714063 0.039583 0.036458
0 0.932813 0.691667 0.036458 0.047917
0 0.613542 0.432812 0.033333 0.044792
0 0.538021 0.226042 0.040625 0.054167
0 0.827604 0.426042 0.051042 0.050000
0 0.606250 0.896354 0.027083 0.040625
0 0.828646 0.146354 0.044792 0.028125
0 0.170833 0.115625 0.037500 0.047917
0 0.149479 0.775000 0.046875 0.033333
0 0.813021 0.271354 0.040625 0.044792
0 0.555729 0.518229 0.044792 0.026042
0 0.758333 0.567708 0.037500 0.029167
0 0.380729 0.307812 0.048958 0.034375
0 0.308333 0.931250 0.025000 0.037500
0 0.346354 0.948438 0.032292 0.048958
0 0.537500 0.084896 0.039583 0.036458
0 0.806771 0.404687 0.055208 0.040625
0 0.599479 0.851042 0.036458 0.043750
0 0.746875 0.304688 0.054167 0.048958
0 0.400521 0.661458 0.023958 0.047917
0 0.782813 0.841146 0.038542 0.021875
0 0.794271 0.863021 0.038542 0.046875
0 0.973958 0.718229 0.052083 0.034375
0 0.730729 0.775000 0.036458 0.037500
0 0.295312 0.093750 0.042708 0.039583
0 0.880729 0.176563 0.040625 0.019792
0 0.753646 0.094271 0.026042 0.051042
0 0.538021 0.138021 0.048958 0.032292
0 0.727083 0.345833 0.035417 0.018750
0 0.452604 0.235937 0.040625 0.051042
0 0.593750 0.176042 0.047917 0.039583
0 0.147917 0.250521 0.029167 0.040625
0 0.236979 0.413542 0.038542 0.037500
0 0.320312 0.938021 0.038542 0.046875
0 0.206771 0.241667 0.038542 0.025000
0 0.118229 0.916146 0.038542 0.055208
0 0.131250 0.303646 0.045833 0.048958
0 0.645312 0.177083 0.034375 0.043750
0 0.570312 0.342187 0.019792 0.038542
0 0.269271 0.254688 0.055208 0.051042
0 0.725521 0.461458 0.036458 0.047917
0 0.354167 0.910417 0.039583 0.047917
0 0.742708 0.205208 0.045833 0.043750
0 0.582812 0.372396 0.026042 0.040625
0 0.481250 0.916146 0.041667 0.048958
0 0.168750 0.397396 0.035417 0.048958
0 0.748958 0.536458 0.050000 0.031250
0 0.830729 0.400521 0.040625 0.038542
0 0.563542 0.495833 0.043750 0.025000
0 0.107292 0.165104 0.052083 0.032292
0 0.970313 0.788021 0.044792 0.055208
0 0.513542 0.292708 0.043750 0.052083
0 0.321354 0.409896 0.055208 0.040625
0 0.389062 0.326562 0.044792 0.040625
0 0.751563 0.520312 0.053125 0.034375
0 0.596875 0.305729 0.052083 0.051042
0 0.675521 0.173958 0.026042 0.045833
0 0.141146 0.267708 0.036458 0.037500
0 0.364583 0.455729 0.047917 0.046875
0 0.909375 0.853646 0.045833 0.048958
0 0.183333 0.293750 0.033333 0.050000
0 0.843750 0.752604 0.041667 0.042708
0 0.213542 0.307292 0.035417 0.047917
0 0.689063 0.160938 0.030208 0.048958
0 0.462500 0.135417 0.047917 0.041667
0 0.502604 0.233854 0.032292 0.053125
0 0.708854 0.159896 0.030208 0.044792
0 0.332292 0.354167 0.045833 0.052083
0 0.244271 0.207813 0.034375 0.046875
0 0.140625 0.199479 0.041667 0.023958
0 0.515104 0.533854 0.038542 0.055208
0 0.689583 0.880208 0.033333 0.016667
0 0.427083 0.582812 0.029167 0.051042
0 0.865104 0.181771 0.038542 0.046875
0 0.500521 0.605729 0.046875 0.036458
0 0.175000 0.239583 0.039583 0.052083
0 0.590104 0.670312 0.051042 0.042708
0 0.141146 0.675521 0.040625 0.030208
0 0.692708 0.342187 0.054167 0.046875
0 0.650521 0.866667 0.030208 0.050000
0 0.166146 0.447396 0.028125 0.044792
0 0.521875 0.726042 0.037500 0.031250
0 0.385417 0.461458 0.041667 0.039583
0 0.649479 0.509375 0.038542 0.031250
0 0.642188 0.204167 0.038542 0.043750
0 0.715104 0.952083 0.036458 0.037500
0 0.940625 0.161458 0.031250 0.037500
0 0.948438 0.955208 0.044792 0.047917
0 0.879167 0.582812 0.031250 0.048958
0 0.199479 0.071354 0.044792 0.026042
0 0.283333 0.406250 0.027083 0.037500
0 0.758854 0.573438 0.032292 0.048958
0 0.486458 0.537500 0.037500 0.031250
0 0.527604 0.631771 0.046875 0.036458
0 0.896875 0.215104 0.022917 0.042708
0 0.294271 0.596875 0.030208 0.039583
0 0.241667 0.406771 0.039583 0.038542
0 0.867708 0.596875 0.037500 0.031250
0 0.696875 0.486979 0.041667 0.044792
0 0.154688 0.403125 0.026042 0.045833
0 0.695833 0.776042 0.037500 0.035417
0 0.555208 0.885417 0.025000 0.039583
0 0.896875 0.850521 0.041667 0.044792
0 0.463542 0.775000 0.041667 0.029167
0 0.604167 0.442188 0.037500 0.038542
0 0.273438 0.483854 0.055208 0.040625
0 0.160417 0.864062 0.045833 0.048958
0 0.940104 0.764062 0.048958 0.046875
0 0.822396 0.156771 0.040625 0.030208
0 0.672396 0.756250 0.046875 0.043750
0 0.582812 0.714583 0.038542 0.022917
0 0.950521 0.919792 0.048958 0.025000
0 0.380208 0.377604 0.045833 0.048958
0 0.332292 0.102604 0.054167 0.046875
0 0.594792 0.311979 0.047917 0.030208
0 0.170833 0.329167 0.050000 0.047917
0 0.241667 0.869792 0.043750 0.045833
0 0.773958 0.430208 0.047917 0.035417
0 0.512500 0.725521 0.039583 0.023958
0 0.734896 0.684896 0.046875 0.034375
0 0.436458 0.329167 0.047917 0.041667
0 0.655729 0.524479 0.021875 0.044792
0 0.743229 0.556250 0.048958 0.041667
0 0.784375 0.905729 0.050000 0.036458
0 0.431771 0.485938 0.040625 0.036458
0 0.664062 0.367188 0.040625 0.036458
0 0.555729 0.847917 0.036458 0.047917
0 0.763542 0.331771 0.037500 0.044792
0 0.783854 0.849479 0.034375 0.040625
0 0.936979 0.348438 0.028125 0.044792
0 0.357812 0.709375 0.036458 0.020833
0 0.563021 0.191667 0.034375 0.043750
0 0.451562 0.921354 0.040625 0.036458
0 0.918229 0.819271 0.030208 0.040625
0 0.177083 0.295312 0.045833 0.048958
0 0.427083 0.142187 0.020833 0.038542
0 0.723958 0.269792 0.037500 0.018750
0 0.192188 0.850000 0.034375 0.016667
0 0.596354 0.679688 0.030208 0.040625
0 0.340625 0.685417 0.041667 0.031250
0 0.881771 0.251563 0.040625 0.034375
0 0.275000 0.500000 0.031250 0.037500
0 0.946354 0.154688 0.046875 0.023958
0 0.231771 0.332292 0.032292 0.052083
0 0.790625 0.555208 0.045833 0.043750
0 0.177083 0.644792 0.029167 0.037500
0 0.167708 0.120313 0.025000 0.038542
0 0.288542 0.574479 0.037500 0.040625
0 0.146875 0.441146 0.054167 0.046875
0 0.597396 0.674479 0.044792 0.051042
0 0.118229 0.177083 0.030208 0.050000
0 0.918229 0.790104 0.034375 0.046875
0 0.561458 0.078646 0.027083 0.046875
0 0.243229 0.609896 0.051042 0.040625
0 0.779167 0.302604 0.027083 0.048958
0 0.232292 0.135417 0.027083 0.037500
0 0.086458 0.640625 0.050000 0.047917
0 0.674479 0.269792 0.030208 0.050000
0 0.468229 0.097917 0.051042 0.050000
0 0.951562 0.502083 0.053125 0.043750
0 0.750000 0.960938 0.054167 0.044792
0 0.300000 0.514583 0.045833 0.043750
0 0.205729 0.616146 0.051042 0.040625
0 0.425521 0.192708 0.051042 0.033333
0 0.258854 0.598958 0.036458 0.018750
0 0.201042 0.253125 0.037500 0.031250
0 0.301042 0.108333 0.027083 0.047917
0 0.880208 0.773438 0.045833 0.040625
0 0.206771 0.889583 0.048958 0.041667
0 0.156250 0.390625 0.041667 0.039583
0 0.277083 0.426042 0.037500 0.052083
0 0.358333 0.299479 0.035417 0.048958
0 0.928646 0.915104 0.044792 0.028125
0 0.229687 0.532292 0.036458 0.020833
0 0.679167 0.749479 0.031250 0.053125
0 0.111979 0.171875 0.048958 0.037500
0 0.114583 0.364583 0.047917 0.041667
0 0.497396 0.333333 0.026042 0.041667
0 0.567708 0.510938 0.031250 0.053125
0 0.667188 0.320312 0.055208 0.046875
0 0.947917 0.517188 0.045833 0.055208
0 0.239063 0.683333 0.036458 0.020833
0 0.172917 0.758333 0.029167 0.037500
0 0.705208 0.273438 0.018750 0.036458
0 0.375521 0.874479 0.030208 0.040625
0 0.148958 0.771875 0.033333 0.047917
0 0.852083 0.247917 0.050000 0.031250
0 0.700000 0.154688 0.037500 0.021875
0 0.669271 0.804688 0.036458 0.051042
0 0.498437 0.475000 0.044792 0.035417
0 0.570312 0.099479 0.040625 0.036458
0 0.558333 0.775000 0.045833 0.052083
0 0.403125 0.291667 0.037500 0.047917
0 0.659896 0.706250 0.053125 0.047917
0 0.819792 0.304688 0.043750 0.028125
0 0.276562 0.260417 0.044792 0.054167
0 0.258333 0.356771 0.029167 0.051042
0 0.576562 0.102083 0.036458 0.043750
0 0.433333 0.394792 0.037500 0.047917
0 0.325521 0.160938 0.040625 0.032292
0 0.226042 0.365104 0.031250 0.048958
0 0.559896 0.491146 0.030208 0.048958
0 0.177083 0.958854 0.043750 0.042708
0 0.301563 0.130729 0.051042 0.042708
0 0.759375 0.425521 0.037500 0.038542
0 0.221354 0.569271 0.026042 0.040625
0 0.854688 0.266146 0.053125 0.032292
0 0.828125 0.823958 0.052083 0.043750
0 0.710417 0.218750 0.041667 0.039583
0 0.512500 0.814583 0.041667 0.027083
0 0.552083 0.650000 0.037500 0.025000
0 0.813021 0.792188 0.028125 0.046875
0 0.124479 0.754687 0.055208 0.046875
0 0.613542 0.631250 0.052083 0.039583
0 0.623958 0.812500 0.039583 0.052083
0 0.207292 0.566146 0.047917 0.046875
0 0.630729 0.898438 0.019792 0.038542
0 0.543229 0.135417 0.038542 0.033333
0 0.860417 0.278646 0.039583 0.026042
0 0.830208 0.542188 0.033333 0.053125
0 0.580729 0.668750 0.030208 0.050000
0 0.707812 0.302083 0.019792 0.039583
0 0.722917 0.358333 0.033333 0.043750
0 0.806771 0.864583 0.051042 0.050000
0 0.311979 0.315104 0.032292 0.046875
0 0.813021 0.558333 0.034375 0.043750
0 0.822917 0.602083 0.047917 0.033333
0 0.343750 0.100521 0.043750 0.048958
0 0.709375 0.103646 0.035417 0.040625
0 0.221875 0.104167 0.033333 0.037500
0 0.130729 0.809896 0.051042 0.044792
0 0.816146 0.779687 0.036458 0.046875
0 0.209375 0.554688 0.039583 0.048958
0 0.859375 0.877083 0.039583 0.041667
0 0.396875 0.251563 0.047917 0.032292
0 0.388021 0.772917 0.044792 0.033333
0 0.198437 0.368750 0.044792 0.035417
0 0.836458 0.575000 0.037500 0.031250
0 0.257812 0.731771 0.046875 0.034375
0 0.934896 0.807292 0.028125 0.050000
0 0.809375 0.912500 0.029167 0.041667
0 0.516667 0.083333 0.035417 0.043750
0 0.694271 0.188021 0.044792 0.051042
0 0.377604 0.354167 0.051042 0.047917
0 0.476562 0.298438 0.036458 0.040625
0 0.176563 0.661979 0.030208 0.053125
0 0.165625 0.576042 0.031250 0.041667
0 0.776563 0.587500 0.036458 0.047917
0 0.303125 0.883333 0.043750 0.033333
0 0.457813 0.966146 0.044792 0.040625
0 0.858333 0.893750 0.033333 0.047917
0 0.326042 0.702083 0.037500 0.025000
0 0.792708 0.868229 0.054167 0.042708
0 0.538542 0.241146 0.033333 0.044792
0 0.567708 0.555729 0.052083 0.034375
0 0.826042 0.480208 0.052083 0.039583
0 0.626563 0.567187 0.046875 0.048958
0 0.508854 0.542188 0.044792 0.028125
0 0.577083 0.321875 0.035417 0.047917
0 0.634896 0.499479 0.042708 0.044792
0 0.318750 0.705729 0.041667 0.023958
0 0.936458 0.302604 0.025000 0.046875
0 0.641146 0.577604 0.044792 0.028125
0 0.940104 0.590104 0.051042 0.040625
0 0.217708 0.783854 0.037500 0.023958
0 0.452083 0.225521 0.050000 0.042708
0 0.272917 0.264583 0.052083 0.035417
0 0.505729 0.596875 0.034375 0.052083
0 0.598437 0.563021 0.036458 0.055208
0 0.377083 0.932813 0.050000 0.044792
0 0.642188 0.395833 0.019792 0.039583
0 0.305208 0.382292 0.050000 0.047917
0 0.434375 0.832812 0.029167 0.048958
0 0.658333 0.944792 0.041667 0.027083
0 0.716146 0.403646 0.032292 0.040625
0 0.848437 0.655208 0.053125 0.045833
0 0.909896 0.313021 0.053125 0.034375
0 0.800521 0.223438 0.030208 0.040625
0 0.451562 0.197396 0.040625 0.038542
0 0.588021 0.838542 0.042708 0.039583
0 0.535417 0.359896 0.035417 0.044792
0 0.909896 0.672396 0.028125 0.040625
0 0.252083 0.102083 0.033333 0.037500
0 0.547396 0.848958 0.044792 0.037500
0 0.526042 0.796875 0.037500 0.027083
0 0.076042 0.427083 0.020833 0.039583
0 0.376563 0.841146 0.044792 0.030208
0 0.872917 0.685417 0.043750 0.035417
0 0.895312 0.491667 0.034375 0.043750
0 0.889062 0.227083 0.038542 0.031250
0 0.521875 0.114583 0.037500 0.025000
0 0.248958 0.754167 0.033333 0.037500
0 0.554688 0.222396 0.034375 0.046875
0 0.838021 0.317188 0.032292 0.040625
0 0.632292 0.251563 0.050000 0.038542
0 0.356250 0.239063 0.039583 0.053125
0 0.406771 0.598958 0.040625 0.020833
0 0.318750 0.624479 0.050000 0.036458
0 0.267708 0.623958 0.025000 0.039583
0 0.447396 0.447396 0.046875 0.023958
0 0.290625 0.147396 0.047917 0.046875
0 0.268750 0.240625 0.045833 0.029167
0 0.497396 0.391146 0.055208 0.040625
0 0.134896 0.670833 0.053125 0.037500
0 0.827083 0.676042 0.041667 0.039583
0 0.471354 0.338021 0.055208 0.038542
0 0.771875 0.648958 0.033333 0.043750
0 0.390104 0.682292 0.042708 0.041667
0 0.736979 0.847917 0.036458 0.043750
0 0.729167 0.838542 0.052083 0.039583
0 0.387500 0.918229 0.050000 0.028125
0 0.410417 0.711979 0.031250 0.040625
0 0.391667 0.351562 0.054167 0.040625
0 0.213021 0.655729 0.040625 0.034375
0 0.280729 0.178646 0.040625 0.034375
0 0.442188 0.648958 0.017708 0.035417
0 0.629167 0.892708 0.043750 0.033333
0 0.143229 0.471875 0.040625 0.054167
0 0.647396 0.184375 0.023958 0.037500
0 0.123438 0.566667 0.042708 0.047917
0 0.570312 0.338021 0.048958 0.046875
0 0.661458 0.100000 0.037500 0.022917
0 0.383854 0.167708 0.044792 0.025000
0 0.856771 0.930208 0.044792 0.037500
0 0.837500 0.494271 0.045833 0.038542
0 0.184896 0.943750 0.048958 0.037500
0 0.315104 0.104167 0.046875 0.043750
0 0.307292 0.428646 0.029167 0.051042
0 0.791146 0.713542 0.030208 0.039583
0 0.430208 0.783333 0.037500 0.033333
0 0.712500 0.592187 0.041667 0.048958
0 0.668750 0.807292 0.052083 0.041667
0 0.164583 0.524479 0.039583 0.030208
0 0.704688 0.273958 0.040625 0.047917
0 0.123958 0.857812 0.025000 0.046875
0 0.250000 0.344792 0.025000 0.047917
0 0.701042 0.608854 0.041667 0.023958
0 0.382812 0.152083 0.042708 0.054167
0 0.639062 0.869271 0.036458 0.051042
0 0.165104 0.360938 0.051042 0.053125
0 0.862500 0.556771 0.045833 0.048958
0 0.435937 0.239063 0.036458 0.046875
0 0.901563 0.694271 0.051042 0.042708
0 0.159896 0.960938 0.032292 0.040625
0 0.273958 0.705729 0.027083 0.042708
0 0.492708 0.689063 0.041667 0.048958
0 0.674479 0.370833 0.038542 0.035417
0 0.668750 0.656250 0.052083 0.041667
0 0.834896 0.689063 0.053125 0.032292
0 0.562500 0.277083 0.035417 0.037500
0 0.079687 0.319271 0.042708 0.044792
0 0.081250 0.155208 0.035417 0.052083
0 0.409896 0.909375 0.042708 0.039583
0 0.856250 0.651042 0.025000 0.037500
0 0.629687 0.668229 0.048958 0.055208
0 0.780729 0.893750 0.048958 0.027083
0 0.505729 0.682292 0.021875 0.037500
0 0.843229 0.722917 0.048958 0.041667
0 0.642708 0.257812 0.027083 0.042708
0 0.131250 0.155729 0.050000 0.028125
0 0.135417 0.347917 0.047917 0.039583
0 0.111458 0.469271 0.050000 0.036458
0 0.365625 0.721875 0.041667 0.037500
0 0.613021 0.224479 0.038542 0.055208
0 0.584896 0.359896 0.051042 0.055208
0 0.951562 0.728125 0.042708 0.029167
0 0.588021 0.862500 0.046875 0.033333
0 0.136458 0.813021 0.043750 0.042708
0 0.351042 0.695833 0.037500 0.052083
0 0.275000 0.272396 0.039583 0.044792
0 0.623437 0.504687 0.038542 0.040625
0 0.893750 0.079167 0.037500 0.027083
0 0.148438 0.597396 0.023958 0.042708
0 0.147917 0.506771 0.018750 0.036458
0 0.082812 0.913021 0.040625 0.026042
0 0.770312 0.869792 0.036458 0.018750
0 0.340104 0.603125 0.040625 0.022917
0 0.111458 0.859896 0.041667 0.044792
0 0.244271 0.795833 0.042708 0.054167
0 0.911979 0.720313 0.053125 0.053125
0 0.946875 0.494792 0.037500 0.035417
0 0.399479 0.932813 0.042708 0.044792
0 0.617188 0.752604 0.042708 0.051042
0 0.468229 0.847917 0.048958 0.039583
0 0.456771 0.322396 0.030208 0.048958
0 0.323437 0.920833 0.034375 0.047917
0 0.915625 0.651563 0.043750 0.042708
0 0.445312 0.506771 0.055208 0.048958
0 0.804167 0.431771 0.039583 0.023958
0 0.528125 0.500000 0.045833 0.031250
0 0.757292 0.434896 0.039583 0.034375
0 0.786979 0.539583 0.048958 0.052083
0 0.315104 0.180729 0.040625 0.038542
0 0.625521 0.680208 0.040625 0.047917
0 0.202604 0.430208 0.044792 0.054167
0 0.943750 0.814583 0.027083 0.047917
0 0.411458 0.462500 0.047917 0.033333
0 0.714583 0.271875 0.047917 0.039583
0 0.281250 0.110417 0.037500 0.033333
0 0.942187 0.956771 0.051042 0.053125
0 0.123958 0.192188 0.041667 0.044792
0 0.402604 0.969792 0.034375 0.047917
0 0.156250 0.397396 0.052083 0.034375
0 0.239583 0.406771 0.054167 0.036458
0 0.533854 0.795312 0.038542 0.051042
0 0.119792 0.576562 0.035417 0.048958
0 0.926562 0.464062 0.038542 0.046875
0 0.594271 0.105208 0.053125 0.041667
0 0.660417 0.510417 0.052083 0.037500
0 0.945833 0.108854 0.039583 0.055208
0 0.246875 0.712500 0.037500 0.033333
0 0.360938 0.284896 0.032292 0.048958
0 0.559375 0.851562 0.022917 0.038542
0 0.580208 0.509375 0.047917 0.041667
0 0.726562 0.675521 0.051042 0.036458
0 0.178125 0.306771 0.033333 0.044792
0 0.803125 0.923438 0.050000 0.038542
0 0.078646 0.570833 0.028125 0.041667
0 0.558333 0.218229 0.050000 0.053125
0 0.805729 0.238021 0.053125 0.034375
0 0.687500 0.169271 0.022917 0.042708
0 0.309896 0.608854 0.051042 0.036458
0 0.684375 0.414062 0.029167 0.051042
0 0.880208 0.736979 0.025000 0.042708
0 0.782813 0.753125 0.048958 0.035417
0 0.827083 0.191667 0.041667 0.037500
0 0.180729 0.916146 0.048958 0.023958
0 0.900000 0.510417 0.033333 0.043750
0 0.197396 0.669792 0.040625 0.041667
0 0.270313 0.529687 0.040625 0.028125
0 0.093229 0.626563 0.042708 0.044792
0 0.616146 0.272917 0.053125 0.039583
0 0.489063 0.360417 0.048958 0.041667
0 0.759375 0.598958 0.047917 0.041667
0 0.402083 0.332292 0.037500 0.047917
0 0.648438 0.792188 0.028125 0.048958
0 0.929688 0.254688 0.044792 0.032292
0 0.958854 0.235417 0.038542 0.031250
0 0.921875 0.539583 0.035417 0.018750
0 0.446875 0.466667 0.029167 0.037500
0 0.850000 0.966146 0.033333 0.044792
0 0.107813 0.967708 0.028125 0.043750
0 0.623958 0.531771 0.039583 0.036458
0 0.507292 0.864062 0.037500 0.044792
0 0.083854 0.244792 0.019792 0.039583
0 0.097396 0.264062 0.036458 0.040625
0 0.802083 0.870313 0.035417 0.040625
0 0.526563 0.727083 0.038542 0.031250
0 0.898438 0.161458 0.048958 0.037500
0 0.274479 0.179688 0.034375 0.051042
0 0.167708 0.850521 0.033333 0.048958
0 0.856771 0.857812 0.030208 0.048958
0 0.845313 0.423438 0.032292 0.048958
0 0.329688 0.317188 0.046875 0.048958
0 0.912500 0.687500 0.033333 0.043750
0 0.220833 0.779687 0.043750 0.048958
0 0.260937 0.285417 0.021875 0.041667
0 0.207292 0.887500 0.047917 0.033333
0 0.122917 0.271354 0.045833 0.055208
0 0.454688 0.623958 0.042708 0.039583
0 0.147396 0.294271 0.051042 0.038542
0 0.862500 0.678646 0.050000 0.044792
0 0.872917 0.715104 0.047917 0.028125
0 0.139063 0.907292 0.038542 0.025000
0 0.804167 0.609896 0.039583 0.044792
0 0.509375 0.945833 0.041667 0.029167
0 0.938542 0.337500 0.041667 0.029167
0 0.245833 0.902083 0.037500 0.025000
0 0.833333 0.890625 0.045833 0.045833
0 0.582292 0.087500 0.027083 0.037500
0 0.812500 0.292187 0.037500 0.053125
0 0.163021 0.163021 0.055208 0.048958
0 0.184375 0.581771 0.050000 0.053125
0 0.125000 0.300000 0.047917 0.041667
0 0.156250 0.183854 0.050000 0.034375
0 0.202604 0.637500 0.040625 0.020833
0 0.694271 0.211458 0.044792 0.047917
0 0.497396 0.425000 0.023958 0.037500
0 0.277083 0.288021 0.037500 0.053125
0 0.938542 0.315104 0.050000 0.053125
0 0.622396 0.836979 0.046875 0.048958
0 0.873437 0.665625 0.032292 0.039583
0 0.162500 0.929167 0.047917 0.025000
0 0.324479 0.848437 0.019792 0.040625
0 0.861458 0.836458 0.025000 0.037500
0 0.914583 0.546875 0.041667 0.039583
0 0.296875 0.710417 0.047917 0.050000
0 0.218229 0.378125 0.034375 0.043750
0 0.441667 0.949479 0.050000 0.040625
0 0.111979 0.091146 0.048958 0.046875
0 0.334896 0.352604 0.053125 0.053125
0 0.534896 0.590104 0.044792 0.055208
0 0.383333 0.762500 0.025000 0.037500
0 0.935417 0.121875 0.037500 0.035417
0 0.207813 0.198437 0.053125 0.034375
0 0.302083 0.473438 0.054167 0.042708
0 0.104688 0.618750 0.034375 0.047917
0 0.409375 0.665104 0.035417 0.044792
0 0.181771 0.468750 0.021875 0.037500
0 0.750521 0.920312 0.021875 0.038542
0 0.236979 0.771875 0.032292 0.043750
0 0.435417 0.532813 0.022917 0.040625
0 0.091667 0.470313 0.054167 0.046875
0 0.261458 0.618229 0.050000 0.038542
0 0.315104 0.148958 0.026042 0.039583
0 0.121875 0.482812 0.039583 0.044792
0 0.302083 0.481771 0.039583 0.034375
0 0.817708 0.115625 0.027083 0.047917
0 0.885938 0.438542 0.030208 0.043750
0 0.861458 0.170313 0.043750 0.030208
0 0.403125 0.802083 0.052083 0.035417
0 0.195833 0.233333 0.052083 0.035417
0 0.589583 0.936458 0.047917 0.041667
0 0.130729 0.550000 0.019792 0.037500
0 0.080208 0.356771 0.029167 0.044792
0 0.497917 0.673438 0.047917 0.023958
0 0.263542 0.921354 0.050000 0.053125
0 0.778646 0.077604 0.040625 0.038542
0 0.659375 0.944271 0.025000 0.042708
0 0.856250 0.775000 0.039583 0.041667
0 0.821354 0.191667 0.042708 0.031250
0 0.236979 0.150521 0.051042 0.034375
0 0.873437 0.938021 0.040625 0.026042
0 0.227083 0.796875 0.045833 0.027083
0 0.591667 0.550521 0.045833 0.026042
0 0.215104 0.742188 0.023958 0.040625
0 0.795312 0.352604 0.055208 0.048958
0 0.151562 0.744271 0.051042 0.038542
0 0.441146 0.731771 0.051042 0.030208
0 0.697396 0.593750 0.038542 0.043750
0 0.878125 0.239583 0.029167 0.045833
0 0.194792 0.437500 0.031250 0.041667
0 0.799479 0.325000 0.038542 0.043750
0 0.729688 0.736458 0.053125 0.045833