0 0.572396 0.747917 0.030208 0.039583
0 0.621354 0.522396 0.040625 0.032292
0 0.675000 0.191146 0.039583 0.036458
0 0.670833 0.268750 0.050000 0.031250
0 0.871875 0.820833 0.047917 0.052083
0 0.600521 0.469271 0.046875 0.034375
0 0.678646 0.917708 0.028125 0.043750
0 0.483333 0.949479 0.054167 0.046875
0 0.834896 0.140104 0.023958 0.038542
0 0.338542 0.441146 0.035417 0.044792
0 0.133333 0.564583 0.037500 0.031250
0 0.204687 0.903125 0.038542 0.027083
0 0.786458 0.766667 0.037500 0.025000
0 0.569271 0.487500 0.026042 0.039583
0 0.351042 0.960938 0.037500 0.048958
0 0.382812 0.900000 0.028125 0.050000
0 0.761979 0.815104 0.051042 0.053125
0 0.897917 0.559896 0.041667 0.055208
0 0.938542 0.683333 0.047917 0.041667
0 0.430208 0.301563 0.037500 0.019792
0 0.638542 0.215104 0.033333 0.048958
0 0.172917 0.807813 0.043750 0.055208
0 0.496354 0.659375 0.036458 0.043750
0 0.455208 0.578125 0.045833 0.043750
0 0.326562 0.960417 0.023958 0.041667
0 0.250000 0.319271 0.045833 0.023958
0 0.375521 0.678646 0.055208 0.048958
0 0.545312 0.759375 0.042708 0.054167
0 0.133854 0.117188 0.053125 0.032292
0 0.497917 0.895312 0.037500 0.021875
0 0.498958 0.940104 0.025000 0.046875
0 0.639583 0.198437 0.035417 0.044792
0 0.711979 0.598958 0.040625 0.020833
0 0.752604 0.300521 0.044792 0.055208
0 0.801562 0.947917 0.038542 0.047917
0 0.708854 0.414583 0.053125 0.045833
0 0.306771 0.422917 0.051042 0.050000
0 0.930729 0.192188 0.044792 0.030208
0 0.538542 0.863021 0.016667 0.034375
0 0.875000 0.494792 0.047917 0.027083
0 0.649479 0.773438 0.046875 0.023958
0 0.180208 0.608333 0.037500 0.035417
0 0.430208 0.145833 0.047917 0.052083
0 0.944271 0.515104 0.044792 0.030208
0 0.732812 0.710938 0.046875 0.034375
0 0.691667 0.901042 0.050000 0.031250
0 0.658333 0.672917 0.031250 0.043750
0 0.252083 0.596354 0.043750 0.040625
0 0.314583 0.859896 0.031250 0.048958
0 0.785937 0.409896 0.042708 0.023958
0 0.645312 0.723958 0.046875 0.022917
0 0.420833 0.164062 0.033333 0.053125
0 0.194271 0.155729 0.046875 0.026042
0 0.934896 0.371875 0.044792 0.035417
0 0.293229 0.195833 0.032292 0.043750
0 0.244271 0.297396 0.044792 0.028125
0 0.562500 0.560937 0.054167 0.048958
0 0.721354 0.946875 0.032292 0.043750
0 0.076563 0.785937 0.040625 0.023958
0 0.610938 0.915625 0.042708 0.054167
0 0.233854 0.531771 0.036458 0.046875
0 0.535417 0.440104 0.054167 0.051042
0 0.552083 0.232292 0.043750 0.035417
0 0.919792 0.348958 0.039583 0.052083
0 0.136979 0.941146 0.034375 0.051042
0 0.338021 0.129688 0.023958 0.042708
0 0.510417 0.778125 0.027083 0.037500
0 0.513542 0.076563 0.027083 0.048958
0 0.608333 0.201563 0.050000 0.034375
0 0.183854 0.159375 0.026042 0.050000
0 0.160417 0.737500 0.027083 0.047917
0 0.939583 0.712500 0.031250 0.041667
0 0.777604 0.522917 0.042708 0.041667
0 0.324479 0.835417 0.036458 0.018750
0 0.560417 0.773438 0.029167 0.040625
0 0.376042 0.170313 0.039583 0.036458
0 0.277083 0.277604 0.041667 0.032292
0 0.922917 0.248438 0.045833 0.040625
0 0.950000 0.633854 0.031250 0.040625
0 0.606771 0.386979 0.051042 0.055208
0 0.841146 0.331771 0.032292 0.053125
0 0.128125 0.506250 0.045833 0.031250
0 0.386458 0.448958 0.037500 0.022917
0 0.901042 0.367188 0.050000 0.040625
0 0.755729 0.417187 0.032292 0.044792
0 0.847396 0.154688 0.038542 0.040625
0 0.845833 0.946875 0.039583 0.025000
0 0.178125 0.564583 0.035417 0.052083
0 0.467187 0.575000 0.028125 0.039583
0 0.850521 0.545312 0.034375 0.046875
0 0.467187 0.444792 0.051042 0.035417
0 0.473438 0.759375 0.038542 0.047917
0 0.749479 0.364063 0.021875 0.038542
0 0.663021 0.662500 0.042708 0.037500
0 0.541146 0.836979 0.026042 0.044792
0 0.316667 0.135417 0.052083 0.045833
0 0.194792 0.714063 0.054167 0.036458
0 0.745313 0.661458 0.026042 0.037500
0 0.100000 0.610417 0.047917 0.052083
0 0.691667 0.372396 0.054167 0.048958
0 0.888021 0.689063 0.042708 0.044792
0 0.315625 0.942708 0.037500 0.022917
0 0.656771 0.373437 0.038542 0.021875
0 0.250521 0.310937 0.038542 0.046875
0 0.269271 0.568229 0.044792 0.040625
0 0.125000 0.814583 0.035417 0.018750
0 0.334896 0.585417 0.048958 0.037500
0 0.632812 0.498958 0.030208 0.047917
0 0.851042 0.360938 0.035417 0.040625
0 0.619271 0.262500 0.048958 0.035417
0 0.158854 0.568750 0.042708 0.025000
0 0.911458 0.284896 0.039583 0.036458
0 0.805729 0.360417 0.036458 0.020833
0 0.148438 0.788021 0.055208 0.046875
0 0.895833 0.938021 0.025000 0.038542
0 0.169792 0.578125 0.050000 0.047917
0 0.276562 0.911979 0.055208 0.046875
0 0.644792 0.485417 0.047917 0.037500
0 0.638542 0.886979 0.031250 0.048958
0 0.729167 0.955208 0.052083 0.043750
0 0.144792 0.910417 0.047917 0.033333
0 0.714583 0.385937 0.033333 0.040625
0 0.888021 0.857812 0.048958 0.055208
0 0.596354 0.116146 0.032292 0.044792
0 0.530729 0.377604 0.048958 0.023958
0 0.942187 0.083854 0.051042 0.036458
0 0.751042 0.701042 0.045833 0.029167
0 0.787500 0.081250 0.047917 0.037500
0 0.179688 0.681250 0.042708 0.033333
0 0.947917 0.720833 0.035417 0.043750
0 0.559896 0.913542 0.044792 0.033333
0 0.836979 0.855208 0.053125 0.043750
0 0.642188 0.415104 0.051042 0.044792
0 0.885417 0.710938 0.045833 0.038542
0 0.515625 0.305208 0.025000 0.037500
0 0.472917 0.085938 0.035417 0.040625
0 0.612500 0.413542 0.045833 0.043750
0 0.218750 0.139583 0.041667 0.039583
0 0.679688 0.693229 0.051042 0.038542
0 0.288021 0.434375 0.044792 0.035417
0 0.442708 0.218229 0.039583 0.030208
0 0.730208 0.710938 0.041667 0.044792
0 0.898958 0.125000 0.047917 0.033333
0 0.696875 0.846875 0.033333 0.050000
0 0.943750 0.859896 0.043750 0.042708
0 0.456250 0.288021 0.029167 0.048958
0 0.690104 0.709375 0.030208 0.047917
0 0.158854 0.775000 0.051042 0.050000
0 0.191667 0.386979 0.054167 0.048958
0 0.947917 0.141667 0.041667 0.039583
0 0.166146 0.245312 0.038542 0.038542
0 0.642188 0.754167 0.038542 0.029167
0 0.694792 0.278125 0.027083 0.037500
0 0.559375 0.401562 0.041667 0.032292
0 0.476042 0.758333 0.025000 0.047917
0 0.935937 0.639583 0.046875 0.052083
0 0.895833 0.654167 0.027083 0.041667
0 0.450000 0.731250 0.041667 0.037500
0 0.927604 0.306771 0.051042 0.042708
0 0.809896 0.223438 0.055208 0.036458
0 0.602083 0.488542 0.047917 0.039583
0 0.889583 0.394792 0.039583 0.022917
0 0.116146 0.315104 0.051042 0.036458
0 0.145833 0.733333 0.043750 0.033333
0 0.407292 0.638542 0.037500 0.018750
0 0.664583 0.398438 0.052083 0.032292
0 0.372396 0.126042 0.028125 0.043750
0 0.564063 0.114062 0.038542 0.038542
0 0.659375 0.181771 0.039583 0.044792
0 0.146354 0.738542 0.042708 0.027083
0 0.348438 0.649479 0.042708 0.044792
0 0.208333 0.958854 0.039583 0.055208
0 0.682813 0.795833 0.034375 0.052083
0 0.274479 0.165625 0.019792 0.037500
0 0.455208 0.617708 0.052083 0.047917
0 0.739062 0.623437 0.040625 0.032292
0 0.727604 0.343750 0.042708 0.027083
0 0.890104 0.208854 0.044792 0.032292
0 0.222917 0.628125 0.031250 0.041667
0 0.744792 0.661979 0.031250 0.040625
0 0.299479 0.682292 0.044792 0.052083
0 0.451042 0.363542 0.039583 0.041667
0 0.782292 0.808333 0.041667 0.047917
0 0.781250 0.167187 0.039583 0.030208
0 0.181771 0.340104 0.040625 0.051042
0 0.069271 0.714063 0.019792 0.038542
0 0.833854 0.280208 0.046875 0.045833
0 0.484375 0.519792 0.052083 0.045833
0 0.444792 0.613021 0.037500 0.048958
0 0.829688 0.385937 0.032292 0.040625
0 0.594271 0.682292 0.053125 0.043750
0 0.609375 0.627604 0.039583 0.028125
0 0.916146 0.894271 0.048958 0.032292
0 0.571354 0.832812 0.055208 0.040625
0 0.581250 0.740625 0.035417 0.035417
0 0.860938 0.097396 0.032292 0.040625
0 0.539583 0.230729 0.025000 0.042708
0 0.495312 0.753125 0.042708 0.029167
0 0.632812 0.145833 0.044792 0.045833
0 0.711979 0.343229 0.040625 0.030208
0 0.206250 0.280208 0.041667 0.031250
0 0.587500 0.907292 0.027083 0.041667
0 0.605208 0.371354 0.018750 0.036458
0 0.695312 0.488542 0.046875 0.052083
0 0.252083 0.595833 0.041667 0.039583
0 0.791146 0.148958 0.021875 0.037500
0 0.879687 0.168750 0.038542 0.025000
0 0.589063 0.255208 0.053125 0.035417
0 0.213542 0.106250 0.039583 0.041667
0 0.947917 0.769271 0.039583 0.038542
0 0.562500 0.452604 0.029167 0.046875
0 0.566667 0.573958 0.045833 0.027083
0 0.672917 0.848958 0.033333 0.043750
0 0.153646 0.200000 0.044792 0.035417
0 0.661458 0.859375 0.037500 0.025000
0 0.894271 0.534375 0.044792 0.054167
0 0.769792 0.944792 0.025000 0.037500
0 0.652604 0.871875 0.048958 0.052083
0 0.546875 0.879167 0.043750 0.045833
0 0.671875 0.392708 0.029167 0.045833
0 0.145833 0.941667 0.035417 0.020833
0 0.718229 0.810417 0.048958 0.041667
0 0.278125 0.168229 0.052083 0.051042
0 0.160938 0.726562 0.042708 0.044792
0 0.307292 0.943750 0.052083 0.037500
0 0.806250 0.904167 0.052083 0.047917
0 0.202083 0.392188 0.050000 0.034375
0 0.926042 0.457292 0.033333 0.050000
0 0.347917 0.444271 0.045833 0.038542
0 0.622917 0.168750 0.035417 0.020833
0 0.270833 0.658333 0.031250 0.041667
0 0.646354 0.158333 0.030208 0.039583
0 0.369271 0.692708 0.053125 0.047917
0 0.473438 0.680208 0.051042 0.031250
0 0.428646 0.621875 0.046875 0.031250
0 0.125000 0.640104 0.033333 0.040625
0 0.130208 0.644271 0.022917 0.038542
0 0.257292 0.857812 0.045833 0.048958
0 0.861979 0.593750 0.036458 0.018750
0 0.735417 0.164583 0.041667 0.052083
0 0.690104 0.721354 0.046875 0.028125
0 0.210938 0.371875 0.036458 0.037500
0 0.727083 0.220312 0.050000 0.053125
0 0.901563 0.506771 0.021875 0.042708
0 0.290625 0.510417 0.037500 0.041667
0 0.235417 0.126562 0.037500 0.038542
0 0.600000 0.855729 0.043750 0.055208
0 0.204167 0.359375 0.045833 0.045833
0 0.888021 0.869792 0.042708 0.027083
0 0.132812 0.798438 0.046875 0.055208
0 0.642188 0.085938 0.044792 0.051042
0 0.262500 0.870313 0.039583 0.048958
0 0.795833 0.246875 0.033333 0.043750
0 0.416667 0.820312 0.041667 0.021875
0 0.361458 0.543750 0.029167 0.045833
0 0.253125 0.250521 0.050000 0.036458
0 0.405729 0.169792 0.036458 0.037500
0 0.339062 0.409375 0.051042 0.047917
0 0.146875 0.867708 0.033333 0.043750
0 0.373437 0.687500 0.038542 0.052083
0 0.153125 0.097396 0.043750 0.048958
0 0.348438 0.966146 0.051042 0.038542
0 0.577083 0.459896 0.043750 0.042708
0 0.311458 0.679167 0.045833 0.052083
0 0.939063 0.272396 0.034375 0.046875
0 0.597917 0.278125 0.037500 0.052083
0 0.500521 0.088542 0.038542 0.029167
0 0.218750 0.496354 0.054167 0.038542
0 0.255208 0.865104 0.054167 0.046875
0 0.662500 0.587500 0.041667 0.052083
0 0.929167 0.291667 0.037500 0.041667
0 0.685417 0.530208 0.047917 0.050000
0 0.083333 0.278125 0.050000 0.050000
0 0.339583 0.184375 0.035417 0.047917
0 0.513021 0.751563 0.044792 0.048958
0 0.156250 0.388542 0.035417 0.037500
0 0.702083 0.661979 0.050000 0.040625
0 0.111979 0.906250 0.034375 0.043750
0 0.098437 0.740104 0.055208 0.046875
0 0.160417 0.132812 0.050000 0.044792
0 0.577083 0.422917 0.037500 0.052083
0 0.665104 0.369792 0.023958 0.043750
0 0.105208 0.368750 0.037500 0.035417
0 0.780729 0.826562 0.023958 0.040625
0 0.580208 0.178646 0.045833 0.038542
0 0.202083 0.856250 0.041667 0.029167
0 0.103646 0.633854 0.030208 0.048958
0 0.682292 0.148438 0.039583 0.036458
0 0.944271 0.525521 0.044792 0.055208
0 0.605729 0.494271 0.042708 0.044792
0 0.810937 0.598958 0.038542 0.043750
0 0.850000 0.185938 0.045833 0.040625
0 0.700000 0.259375 0.039583 0.052083
0 0.571875 0.208333 0.050000 0.050000
0 0.820312 0.924479 0.055208 0.044792
0 0.954688 0.356771 0.055208 0.046875
0 0.766667 0.840104 0.025000 0.038542
0 0.540625 0.509896 0.037500 0.040625
0 0.504167 0.208854 0.045833 0.034375
0 0.804167 0.885938 0.054167 0.048958
0 0.601562 0.385937 0.051042 0.030208
0 0.507292 0.452604 0.050000 0.053125
0 0.545833 0.965625 0.029167 0.041667
0 0.555208 0.965625 0.035417 0.037500
0 0.717708 0.289062 0.041667 0.055208
0 0.768750 0.422396 0.043750 0.042708
0 0.571875 0.666146 0.039583 0.034375
0 0.266146 0.901563 0.032292 0.040625
0 0.142708 0.438542 0.027083 0.045833
0 0.601042 0.677083 0.031250 0.045833
0 0.563542 0.902083 0.045833 0.043750
0 0.942187 0.217708 0.046875 0.029167
0 0.246875 0.682292 0.047917 0.039583
0 0.110417 0.965104 0.033333 0.040625
0 0.229687 0.557813 0.040625 0.038542
0 0.698438 0.642188 0.040625 0.026042
0 0.533854 0.484896 0.026042 0.046875
0 0.850000 0.697917 0.047917 0.037500
0 0.779687 0.663021 0.026042 0.040625
0 0.283333 0.366146 0.054167 0.048958
0 0.603125 0.755208 0.037500 0.031250
0 0.683854 0.501042 0.030208 0.039583
0 0.456771 0.823958 0.042708 0.041667
0 0.730208 0.742188 0.050000 0.038542
0 0.507292 0.691146 0.039583 0.030208
0 0.752083 0.557292 0.033333 0.043750
0 0.301563 0.897917 0.036458 0.037500
0 0.366667 0.296875 0.018750 0.035417
0 0.795833 0.474479 0.039583 0.044792
0 0.900521 0.961979 0.034375 0.046875