0 0.770312 0.307812 0.053125 0.051042
0 0.536458 0.177083 0.029167 0.041667
0 0.123438 0.477604 0.040625 0.023958
0 0.084896 0.623437 0.040625 0.030208
0 0.628125 0.763542 0.037500 0.035417
0 0.929688 0.682292 0.048958 0.035417
0 0.238021 0.412500 0.038542 0.033333
0 0.860938 0.508333 0.038542 0.027083
0 0.425000 0.795833 0.022917 0.037500
0 0.214062 0.278646 0.040625 0.030208
0 0.254167 0.363542 0.025000 0.037500
0 0.869271 0.358854 0.053125 0.032292
0 0.527604 0.754167 0.040625 0.047917
0 0.273958 0.858333 0.039583 0.047917
0 0.279167 0.377083 0.033333 0.047917
0 0.953125 0.230729 0.031250 0.044792
0 0.751563 0.147917 0.042708 0.041667
0 0.102083 0.417187 0.054167 0.044792
0 0.483854 0.235417 0.038542 0.033333
0 0.563542 0.587500 0.037500 0.052083
0 0.497917 0.163021 0.029167 0.051042
0 0.863021 0.107292 0.030208 0.043750
0 0.858854 0.273438 0.040625 0.026042
0 0.952604 0.791146 0.032292 0.053125
0 0.361979 0.802083 0.034375 0.052083
0 0.695312 0.395833 0.038542 0.033333
0 0.152083 0.291146 0.039583 0.038542
0 0.614583 0.873437 0.052083 0.051042
0 0.332292 0.544792 0.052083 0.043750
0 0.166667 0.495833 0.041667 0.037500
0 0.539062 0.855729 0.040625 0.028125
0 0.766146 0.116667 0.028125 0.045833
0 0.245312 0.561458 0.048958 0.037500
0 0.194271 0.292187 0.034375 0.051042
0 0.231250 0.790625 0.035417 0.037500
0 0.638021 0.150000 0.038542 0.035417
0 0.217188 0.383333 0.038542 0.047917
0 0.826042 0.222396 0.039583 0.048958
0 0.114583 0.774479 0.050000 0.044792
0 0.696354 0.754167 0.034375 0.039583
0 0.710938 0.726042 0.028125 0.043750
0 0.335417 0.096354 0.037500 0.044792
0 0.854167 0.500000 0.041667 0.039583
0 0.555208 0.478646 0.052083 0.051042
0 0.507292 0.266146 0.054167 0.036458
0 0.961458 0.126042 0.035417 0.018750
0 0.096354 0.314063 0.038542 0.040625
0 0.633333 0.338021 0.043750 0.040625
0 0.922396 0.785937 0.042708 0.044792
0 0.884896 0.155208 0.042708 0.037500
0 0.646875 0.932813 0.045833 0.034375
0 0.752083 0.711979 0.039583 0.026042
0 0.476042 0.198958 0.029167 0.045833
0 0.528646 0.541146 0.051042 0.028125
0 0.614062 0.847396 0.026042 0.040625
0 0.127083 0.641146 0.039583 0.034375
0 0.171875 0.500521 0.031250 0.044792
0 0.275521 0.623958 0.044792 0.054167
0 0.153646 0.683854 0.046875 0.036458
0 0.854167 0.653646 0.043750 0.032292
0 0.804688 0.645833 0.038542 0.043750
0 0.856250 0.799479 0.052083 0.030208
0 0.326562 0.495312 0.051042 0.053125
0 0.103646 0.394271 0.046875 0.055208
0 0.971875 0.078646 0.047917 0.046875
0 0.536458 0.874479 0.041667 0.044792
0 0.926562 0.082812 0.034375 0.051042
0 0.192188 0.815104 0.023958 0.038542
0 0.736979 0.656250 0.028125 0.050000
0 0.589063 0.085938 0.038542 0.021875
0 0.341667 0.964063 0.045833 0.032292
0 0.126562 0.771354 0.040625 0.055208
0 0.418229 0.603646 0.048958 0.055208
0 0.916146 0.469271 0.042708 0.051042
0 0.830729 0.282813 0.051042 0.030208
0 0.968229 0.880729 0.044792 0.032292
0 0.949479 0.926562 0.040625 0.034375
0 0.835417 0.840625 0.035417 0.052083
0 0.795312 0.172917 0.036458 0.052083
0 0.702083 0.346354 0.045833 0.034375
0 0.399479 0.508333 0.028125 0.050000
0 0.800000 0.638021 0.041667 0.023958
0 0.447396 0.335938 0.040625 0.055208
0 0.115625 0.915104 0.037500 0.021875
0 0.739583 0.154167 0.031250 0.050000
0 0.460938 0.407292 0.042708 0.054167
0 0.797396 0.597396 0.055208 0.038542
0 0.967708 0.169271 0.054167 0.036458
0 0.786979 0.267708 0.048958 0.037500
0 0.794271 0.483854 0.026042 0.040625
0 0.351042 0.582292 0.031250 0.037500
0 0.458333 0.421354 0.043750 0.040625
0 0.673958 0.732812 0.050000 0.042708
0 0.604167 0.563542 0.047917 0.035417
0 0.389583 0.942708 0.052083 0.045833
0 0.495833 0.531771 0.043750 0.040625
0 0.454688 0.519792 0.042708 0.054167
0 0.684375 0.094271 0.050000 0.053125
0 0.493229 0.261979 0.053125 0.030208
0 0.743229 0.768229 0.036458 0.046875
0 0.140625 0.172917 0.043750 0.035417
0 0.423958 0.952604 0.037500 0.048958
0 0.335938 0.449479 0.030208 0.048958
0 0.312500 0.777604 0.031250 0.040625
0 0.574479 0.903125 0.040625 0.047917
0 0.620313 0.745313 0.023958 0.048958
0 0.686458 0.094271 0.031250 0.040625
0 0.679688 0.124479 0.032292 0.053125
0 0.116146 0.497396 0.026042 0.040625
0 0.947396 0.698958 0.030208 0.047917
0 0.579167 0.918750 0.050000 0.050000
0 0.570833 0.306250 0.037500 0.035417
0 0.267188 0.921875 0.038542 0.035417
0 0.707812 0.449479 0.040625 0.023958
0 0.331250 0.791146 0.054167 0.040625
0 0.231250 0.875521 0.041667 0.055208
0 0.166667 0.764062 0.045833 0.038542
0 0.358854 0.935417 0.034375 0.037500
0 0.569271 0.268750 0.053125 0.045833
0 0.607812 0.209896 0.026042 0.040625
0 0.563021 0.807813 0.042708 0.044792
0 0.213542 0.245312 0.039583 0.038542
0 0.559896 0.760938 0.046875 0.034375
0 0.447396 0.901042 0.042708 0.031250
0 0.678646 0.789583 0.036458 0.037500
0 0.894271 0.158333 0.053125 0.047917
0 0.361979 0.914583 0.042708 0.039583
0 0.617188 0.782292 0.036458 0.052083
0 0.091667 0.852604 0.052083 0.051042
0 0.216667 0.590104 0.043750 0.028125
0 0.804167 0.114062 0.035417 0.017708
0 0.147396 0.881771 0.021875 0.044792
0 0.461458 0.156250 0.033333 0.037500
0 0.282292 0.180729 0.025000 0.042708
0 0.722917 0.118750 0.043750 0.022917
0 0.869792 0.835417 0.025000 0.047917
0 0.936979 0.707812 0.051042 0.042708
0 0.852604 0.966146 0.044792 0.055208
0 0.544792 0.858333 0.045833 0.045833
0 0.878646 0.142187 0.048958 0.028125
0 0.890625 0.931250 0.031250 0.037500
0 0.257812 0.653646 0.055208 0.044792
0 0.928125 0.607292 0.031250 0.041667
0 0.723958 0.829167 0.052083 0.045833
0 0.132812 0.481250 0.048958 0.025000
0 0.534896 0.179167 0.036458 0.037500
0 0.220833 0.717708 0.045833 0.052083
0 0.095312 0.806250 0.038542 0.035417
0 0.435417 0.514583 0.047917 0.050000
0 0.756250 0.555729 0.020833 0.036458
0 0.609375 0.939583 0.041667 0.047917
0 0.342187 0.620313 0.028125 0.040625
0 0.374479 0.732812 0.030208 0.044792
0 0.771354 0.695312 0.051042 0.036458
0 0.557813 0.860417 0.042708 0.027083
0 0.720313 0.625521 0.036458 0.051042
0 0.931250 0.607292 0.037500 0.027083
0 0.459375 0.304688 0.052083 0.034375
0 0.896875 0.104688 0.037500 0.021875
0 0.322917 0.419792 0.043750 0.022917
0 0.342708 0.541667 0.041667 0.031250
0 0.687500 0.777083 0.050000 0.031250
0 0.165104 0.354687 0.053125 0.051042
0 0.105208 0.170313 0.027083 0.048958
0 0.378646 0.419792 0.051042 0.050000
0 0.645312 0.205729 0.048958 0.028125
0 0.497396 0.710938 0.046875 0.055208
0 0.203125 0.915104 0.045833 0.036458
0 0.454688 0.263542 0.040625 0.047917
0 0.158333 0.860938 0.037500 0.040625
0 0.683854 0.750000 0.036458 0.047917
0 0.885938 0.398958 0.040625 0.047917
0 0.576562 0.769271 0.040625 0.055208
0 0.175000 0.448958 0.037500 0.033333
0 0.267708 0.697396 0.043750 0.032292
0 0.918750 0.480729 0.045833 0.048958
0 0.173437 0.673958 0.036458 0.037500
0 0.677604 0.759375 0.042708 0.047917
0 0.487500 0.345313 0.041667 0.032292
0 0.269271 0.379688 0.038542 0.040625
0 0.822396 0.590104 0.040625 0.023958
0 0.086979 0.603646 0.034375 0.046875
0 0.328125 0.368229 0.047917 0.046875
0 0.556250 0.141146 0.054167 0.044792
0 0.792188 0.669271 0.040625 0.036458
0 0.125000 0.825521 0.031250 0.051042
0 0.069792 0.252604 0.035417 0.044792
0 0.490104 0.834896 0.038542 0.040625
0 0.143229 0.548958 0.030208 0.050000
0 0.453125 0.536458 0.043750 0.045833
0 0.389583 0.362500 0.052083 0.043750
0 0.636458 0.118229 0.052083 0.051042
0 0.875521 0.608854 0.051042 0.053125
0 0.089063 0.447396 0.044792 0.051042
0 0.250000 0.664062 0.037500 0.040625
0 0.536458 0.466667 0.027083 0.045833
0 0.271354 0.401562 0.046875 0.034375
0 0.159896 0.751042 0.048958 0.025000
0 0.222917 0.614062 0.047917 0.030208
0 0.147396 0.785417 0.053125 0.045833
0 0.653646 0.105208 0.042708 0.037500
0 0.146354 0.095833 0.038542 0.047917
0 0.570833 0.686458 0.033333 0.037500
0 0.595833 0.070833 0.045833 0.029167
0 0.510417 0.846354 0.039583 0.034375
0 0.140625 0.283854 0.037500 0.040625
0 0.931250 0.206771 0.054167 0.038542
0 0.907813 0.180729 0.051042 0.044792
0 0.245312 0.176042 0.044792 0.033333
0 0.820312 0.161979 0.046875 0.048958
0 0.643750 0.339583 0.041667 0.039583
0 0.535417 0.647917 0.052083 0.045833
0 0.494271 0.672917 0.038542 0.033333
0 0.853646 0.799479 0.046875 0.034375
0 0.360938 0.850521 0.038542 0.055208
0 0.077083 0.810417 0.050000 0.050000
0 0.182292 0.361979 0.041667 0.032292
0 0.370312 0.595313 0.042708 0.021875
0 0.527083 0.929167 0.043750 0.035417
0 0.205208 0.362500 0.047917 0.033333
0 0.782292 0.758854 0.022917 0.044792
0 0.838021 0.116146 0.048958 0.044792
0 0.713542 0.626563 0.047917 0.030208
0 0.684375 0.091667 0.031250 0.041667
0 0.592708 0.872396 0.043750 0.042708
0 0.335417 0.499479 0.043750 0.048958
0 0.078125 0.829688 0.031250 0.051042
0 0.839583 0.426042 0.031250 0.037500
0 0.223958 0.359375 0.027083 0.037500
0 0.081771 0.502083 0.023958 0.047917
0 0.360417 0.776042 0.039583 0.022917
0 0.200521 0.103125 0.048958 0.035417
0 0.314063 0.357812 0.040625 0.034375
0 0.766146 0.361979 0.046875 0.032292
0 0.153125 0.110417 0.052083 0.041667
0 0.659896 0.850000 0.036458 0.037500
0 0.626563 0.184375 0.038542 0.031250
0 0.819792 0.614583 0.037500 0.035417
0 0.842708 0.305729 0.054167 0.036458
0 0.567187 0.313542 0.040625 0.022917
0 0.965625 0.676562 0.037500 0.048958
0 0.089583 0.933333 0.033333 0.043750
0 0.736458 0.825000 0.047917 0.041667
0 0.201042 0.546875 0.037500 0.035417
0 0.724479 0.594792 0.028125 0.043750
0 0.151562 0.177083 0.019792 0.039583
0 0.226042 0.172917 0.043750 0.052083
0 0.696354 0.600000 0.036458 0.037500
0 0.609896 0.170313 0.038542 0.021875
0 0.394271 0.503125 0.044792 0.035417
0 0.379167 0.850521 0.050000 0.044792
0 0.317708 0.422917 0.033333 0.037500
0 0.491146 0.263542 0.036458 0.020833
0 0.682813 0.733854 0.055208 0.036458
0 0.682292 0.851042 0.035417 0.037500
0 0.912500 0.791667 0.052083 0.043750
0 0.469792 0.845313 0.045833 0.048958
0 0.805208 0.406771 0.027083 0.046875
0 0.296875 0.446875 0.029167 0.037500
0 0.171875 0.638542 0.045833 0.027083
0 0.402604 0.186458 0.019792 0.039583
0 0.546875 0.710938 0.033333 0.044792
0 0.904167 0.558333 0.047917 0.050000
0 0.708333 0.741667 0.033333 0.037500
0 0.789583 0.842708 0.047917 0.039583
0 0.401562 0.862500 0.042708 0.031250
0 0.856250 0.959375 0.043750 0.045833
0 0.267708 0.576042 0.052083 0.037500
0 0.590104 0.106250 0.048958 0.052083
0 0.823438 0.369271 0.044792 0.055208
0 0.692708 0.590104 0.052083 0.051042
0 0.821354 0.115104 0.028125 0.044792
0 0.815104 0.900521 0.021875 0.042708
0 0.960938 0.914583 0.038542 0.031250
0 0.827604 0.753125 0.053125 0.039583
0 0.669792 0.883333 0.045833 0.043750
0 0.333333 0.514583 0.020833 0.035417
0 0.511458 0.842187 0.043750 0.042708
0 0.072917 0.686458 0.037500 0.031250
0 0.827604 0.327083 0.036458 0.020833
0 0.849479 0.397396 0.042708 0.055208
0 0.247917 0.893750 0.035417 0.020833
0 0.914583 0.276562 0.041667 0.021875
0 0.645312 0.876042 0.051042 0.031250
0 0.782292 0.203646 0.045833 0.034375
0 0.882812 0.297917 0.038542 0.027083
0 0.070833 0.442708 0.035417 0.037500
0 0.945312 0.127604 0.048958 0.046875
0 0.520312 0.613542 0.048958 0.041667
0 0.313021 0.839063 0.042708 0.023958
0 0.710417 0.285938 0.052083 0.053125
0 0.756250 0.701562 0.029167 0.051042
0 0.787500 0.813542 0.035417 0.037500
0 0.306250 0.152604 0.050000 0.026042
0 0.286979 0.296875 0.048958 0.050000
0 0.607292 0.939583 0.043750 0.022917
0 0.137500 0.365625 0.047917 0.025000
0 0.925000 0.331771 0.041667 0.044792
0 0.641146 0.564063 0.044792 0.055208
0 0.710938 0.789062 0.028125 0.044792
0 0.502604 0.217708 0.044792 0.033333
0 0.602604 0.112500 0.036458 0.020833
0 0.469271 0.781771 0.038542 0.055208
0 0.126042 0.837500 0.039583 0.022917
0 0.958333 0.825000 0.033333 0.037500
0 0.786458 0.756250 0.050000 0.031250
0 0.400521 0.211979 0.040625 0.051042
0 0.107813 0.622396 0.048958 0.046875
0 0.518750 0.521875 0.027083 0.043750
0 0.346875 0.842187 0.031250 0.044792
0 0.822917 0.107813 0.033333 0.048958
0 0.267188 0.431771 0.040625 0.036458
0 0.198958 0.860938 0.033333 0.048958
0 0.575521 0.501563 0.040625 0.030208
0 0.853125 0.104688 0.050000 0.044792
0 0.855208 0.698438 0.047917 0.053125
0 0.475521 0.950000 0.034375 0.039583
0 0.614062 0.561458 0.048958 0.041667
0 0.233333 0.657813 0.018750 0.036458
0 0.898958 0.501563 0.035417 0.048958
0 0.488542 0.306250 0.039583 0.022917
0 0.409896 0.681250 0.026042 0.037500
0 0.290104 0.763021 0.026042 0.044792
0 0.497396 0.200521 0.038542 0.038542
0 0.333854 0.582812 0.055208 0.044792
0 0.144271 0.599479 0.040625 0.044792
0 0.308854 0.301563 0.044792 0.051042
0 0.276042 0.457813 0.050000 0.042708
0 0.341146 0.340625 0.044792 0.052083
0 0.395313 0.839583 0.044792 0.047917
0 0.207292 0.332292 0.047917 0.041667
0 0.283854 0.677083 0.048958 0.025000
0 0.741146 0.790625 0.046875 0.029167
0 0.525521 0.904167 0.042708 0.027083
0 0.470313 0.593229 0.040625 0.034375
0 0.074479 0.293750 0.032292 0.052083
0 0.729688 0.743229 0.032292 0.044792
0 0.259896 0.096875 0.044792 0.045833
0 0.258854 0.810937 0.053125 0.051042
0 0.144271 0.653646 0.026042 0.046875
0 0.658854 0.227604 0.042708 0.051042
0 0.268229 0.504687 0.055208 0.046875
0 0.100521 0.134375 0.042708 0.031250
0 0.649479 0.568229 0.044792 0.021875
0 0.818750 0.346875 0.039583 0.047917
0 0.660417 0.266667 0.029167 0.037500
0 0.504687 0.426042 0.048958 0.039583
0 0.785937 0.894792 0.042708 0.047917
0 0.505208 0.745313 0.050000 0.044792
0 0.963021 0.403125 0.034375 0.039583
0 0.396875 0.877604 0.033333 0.044792
0 0.942708 0.160938 0.037500 0.044792
0 0.634375 0.210938 0.033333 0.044792
0 0.727604 0.840625 0.040625 0.047917
0 0.617708 0.168229 0.022917 0.042708
0 0.656250 0.911458 0.029167 0.037500
0 0.855208 0.844271 0.052083 0.030208
0 0.934896 0.808854 0.048958 0.055208
0 0.763021 0.781250 0.036458 0.018750
0 0.423438 0.299479 0.048958 0.046875
0 0.548958 0.736979 0.037500 0.048958
0 0.075521 0.346354 0.034375 0.046875
0 0.506250 0.897917 0.031250 0.050000
0 0.877604 0.421354 0.048958 0.023958
0 0.427604 0.334375 0.042708 0.041667
0 0.763021 0.645833 0.042708 0.027083
0 0.507292 0.188542 0.031250 0.050000
0 0.900000 0.353646 0.043750 0.030208
0 0.197396 0.096875 0.048958 0.037500
0 0.911458 0.359375 0.045833 0.052083
0 0.892708 0.189583 0.043750 0.033333
0 0.331250 0.795312 0.039583 0.028125
0 0.905208 0.834896 0.043750 0.055208
0 0.711458 0.666146 0.039583 0.032292
0 0.806771 0.717708 0.032292 0.043750
0 0.744271 0.702604 0.034375 0.040625
0 0.475000 0.599479 0.041667 0.021875
0 0.073958 0.229167 0.037500 0.033333
0 0.594792 0.646875 0.037500 0.029167
0 0.244271 0.764062 0.026042 0.040625
0 0.565104 0.632812 0.040625 0.030208
0 0.720313 0.309896 0.053125 0.034375
0 0.318229 0.657813 0.044792 0.055208
0 0.094271 0.558854 0.021875 0.042708
0 0.830729 0.595833 0.026042 0.047917
0 0.429688 0.619271 0.051042 0.028125
0 0.836979 0.566667 0.053125 0.043750
0 0.274479 0.636979 0.034375 0.053125
0 0.344792 0.427083 0.025000 0.047917
0 0.295833 0.750000 0.050000 0.033333
0 0.300521 0.220312 0.046875 0.055208
0 0.086979 0.440625 0.028125 0.039583
0 0.581771 0.845833 0.042708 0.054167
0 0.420312 0.839063 0.040625 0.032292
0 0.302083 0.834375 0.037500 0.031250
0 0.180208 0.120833 0.043750 0.033333
0 0.575000 0.681250 0.043750 0.035417
0 0.699479 0.319271 0.055208 0.044792
0 0.603646 0.366146 0.044792 0.040625
0 0.579167 0.148438 0.022917 0.038542
0 0.395833 0.486979 0.039583 0.036458
0 0.316146 0.203125 0.042708 0.039583
0 0.933854 0.192188 0.042708 0.055208
0 0.250521 0.458854 0.036458 0.017708
0 0.898958 0.626563 0.045833 0.048958
0 0.467187 0.289062 0.055208 0.044792
0 0.523438 0.120313 0.046875 0.055208
0 0.708854 0.576562 0.036458 0.055208
0 0.484896 0.285417 0.023958 0.041667
0 0.795312 0.929688 0.036458 0.055208
0 0.379167 0.895833 0.037500 0.047917
0 0.226042 0.328646 0.025000 0.042708
0 0.368229 0.162500 0.038542 0.035417
0 0.882292 0.648958 0.022917 0.037500
0 0.523438 0.156771 0.034375 0.040625
0 0.818229 0.398438 0.055208 0.042708
0 0.288021 0.579167 0.042708 0.029167
0 0.172917 0.594792 0.045833 0.052083
0 0.442708 0.629167 0.037500 0.035417
0 0.437500 0.843750 0.052083 0.039583
0 0.327604 0.197917 0.053125 0.039583
0 0.339583 0.822396 0.033333 0.040625
0 0.844792 0.543750 0.037500 0.029167
0 0.374479 0.922396 0.048958 0.034375
0 0.513542 0.855729 0.047917 0.048958
0 0.135937 0.440104 0.038542 0.055208
0 0.639062 0.844792 0.053125 0.037500
0 0.921354 0.716146 0.044792 0.028125
0 0.595833 0.680729 0.039583 0.030208
0 0.540104 0.401042 0.051042 0.047917
0 0.093750 0.645833 0.043750 0.025000
0 0.453646 0.269792 0.053125 0.045833
0 0.866146 0.077604 0.044792 0.026042
0 0.722396 0.945312 0.055208 0.040625
0 0.788021 0.805208 0.053125 0.043750
0 0.651563 0.201563 0.044792 0.055208
0 0.622396 0.665104 0.038542 0.055208
0 0.968229 0.940625 0.046875 0.031250
0 0.246354 0.095312 0.048958 0.028125
0 0.785417 0.800000 0.035417 0.018750
0 0.369792 0.231250 0.043750 0.052083
0 0.238542 0.571354 0.039583 0.034375
0 0.206771 0.270313 0.040625 0.036458
0 0.228646 0.539062 0.038542 0.046875
0 0.156771 0.640104 0.042708 0.055208
0 0.760938 0.528646 0.051042 0.038542
0 0.198958 0.378125 0.031250 0.050000
0 0.873437 0.514583 0.042708 0.054167
0 0.948438 0.251563 0.044792 0.044792
0 0.560937 0.072917 0.046875 0.029167
0 0.431250 0.633854 0.041667 0.044792
0 0.366146 0.820312 0.044792 0.048958
0 0.706250 0.913021 0.050000 0.040625
0 0.806250 0.367188 0.043750 0.055208
0 0.373958 0.845833 0.037500 0.025000
0 0.134896 0.772917 0.044792 0.022917
0 0.528646 0.640104 0.046875 0.038542
0 0.458333 0.331250 0.031250 0.041667
0 0.318750 0.720313 0.022917 0.038542
0 0.762500 0.197396 0.047917 0.053125
0 0.452604 0.343750 0.053125 0.039583
0 0.800521 0.585938 0.030208 0.048958
0 0.439583 0.853646 0.047917 0.055208
0 0.329167 0.330729 0.022917 0.044792
0 0.895312 0.419271 0.053125 0.051042
0 0.826042 0.195833 0.037500 0.027083
0 0.391146 0.289062 0.040625 0.055208
0 0.268229 0.190104 0.042708 0.055208
0 0.806250 0.945312 0.037500 0.040625
0 0.450000 0.130729 0.054167 0.044792
0 0.366146 0.429167 0.044792 0.025000
0 0.949479 0.686979 0.051042 0.042708
0 0.594792 0.510417 0.052083 0.037500
0 0.758854 0.081771 0.048958 0.048958
0 0.541146 0.266146 0.040625 0.038542
0 0.319271 0.706250 0.026042 0.041667
0 0.616667 0.410938 0.037500 0.021875
0 0.504687 0.866667 0.053125 0.035417
0 0.878125 0.840104 0.045833 0.040625
0 0.359896 0.530729 0.046875 0.055208
0 0.220312 0.130729 0.038542 0.038542
0 0.094271 0.566667 0.023958 0.037500
0 0.211458 0.311979 0.052083 0.051042
0 0.935417 0.093229 0.035417 0.017708
0 0.683854 0.311458 0.030208 0.050000
0 0.466146 0.160417 0.044792 0.022917
0 0.104688 0.259896 0.034375 0.053125
0 0.501563 0.366146 0.051042 0.042708
0 0.477083 0.329167 0.037500 0.035417
0 0.565625 0.943229 0.043750 0.042708
0 0.847396 0.659896 0.048958 0.046875
0 0.239063 0.865104 0.055208 0.040625
0 0.425000 0.242708 0.029167 0.041667
0 0.108333 0.947396 0.045833 0.038542
0 0.695833 0.609375 0.029167 0.037500
0 0.790104 0.875521 0.044792 0.032292
0 0.780208 0.497917 0.047917 0.041667
0 0.197917 0.808854 0.039583 0.053125
0 0.526563 0.151042 0.040625 0.047917
0 0.242188 0.126042 0.038542 0.027083
0 0.426563 0.803125 0.030208 0.050000
0 0.854167 0.504687 0.050000 0.042708
0 0.293229 0.948438 0.038542 0.046875
0 0.646875 0.744792 0.039583 0.022917
0 0.536979 0.614583 0.038542 0.018750
0 0.243229 0.897917 0.042708 0.039583
0 0.208333 0.614583 0.025000 0.037500
0 0.459375 0.602083 0.047917 0.041667
0 0.395833 0.642188 0.041667 0.055208
0 0.708854 0.370833 0.038542 0.025000
0 0.463542 0.621354 0.043750 0.030208
0 0.147917 0.676042 0.029167 0.045833
0 0.313021 0.968750 0.036458 0.043750
0 0.198437 0.607292 0.034375 0.043750
0 0.250000 0.160417 0.041667 0.029167
0 0.715625 0.267188 0.033333 0.040625
0 0.716667 0.075521 0.050000 0.044792
0 0.577083 0.377604 0.031250 0.040625
0 0.655729 0.486979 0.044792 0.040625
0 0.235937 0.902083 0.044792 0.027083
0 0.359896 0.768229 0.026042 0.051042
0 0.616667 0.791146 0.054167 0.048958
0 0.818229 0.897396 0.042708 0.021875
0 0.153646 0.391146 0.028125 0.044792
0 0.650000 0.444792 0.041667 0.052083
0 0.106771 0.550521 0.055208 0.038542
0 0.492188 0.369271 0.028125 0.040625
0 0.814583 0.834375 0.047917 0.050000
0 0.354687 0.221875 0.048958 0.035417
0 0.138021 0.638542 0.038542 0.035417
0 0.841667 0.816146 0.045833 0.036458
0 0.750521 0.925521 0.055208 0.038542
0 0.857292 0.304167 0.045833 0.027083
0 0.308333 0.713542 0.045833 0.033333
0 0.930208 0.858333 0.025000 0.041667
0 0.507812 0.806250 0.023958 0.041667
0 0.645312 0.534896 0.036458 0.040625
0 0.752604 0.238021 0.046875 0.055208
0 0.208333 0.177083 0.039583 0.020833
0 0.471875 0.183854 0.050000 0.038542
0 0.248438 0.473438 0.048958 0.046875
0 0.350521 0.694271 0.055208 0.048958
0 0.158854 0.379688 0.048958 0.046875
0 0.070312 0.518750 0.036458 0.052083
0 0.723958 0.254688 0.029167 0.040625
0 0.111458 0.807813 0.043750 0.028125
0 0.205729 0.695833 0.046875 0.043750
0 0.644792 0.840625 0.041667 0.027083
0 0.886979 0.168750 0.046875 0.045833
0 0.891146 0.620313 0.023958 0.042708
0 0.956771 0.421875 0.021875 0.043750
0 0.502083 0.147396 0.039583 0.030208
0 0.831771 0.759375 0.032292 0.039583
0 0.558854 0.454688 0.048958 0.055208
0 0.634896 0.604167 0.038542 0.035417
0 0.615104 0.608854 0.040625 0.030208
0 0.220312 0.529167 0.046875 0.052083
0 0.125521 0.887500 0.021875 0.039583
0 0.438021 0.505729 0.026042 0.044792
0 0.655208 0.413021 0.050000 0.040625
0 0.769792 0.098958 0.050000 0.050000
0 0.553646 0.867188 0.040625 0.034375