0 0.068229 0.734375 0.030208 0.043750
0 0.482812 0.720313 0.053125 0.051042
0 0.287500 0.629167 0.035417 0.047917
0 0.720313 0.509375 0.042708 0.039583
0 0.159896 0.839583 0.021875 0.043750
0 0.516667 0.134375 0.052083 0.045833
0 0.580208 0.626563 0.045833 0.034375
0 0.234896 0.554167 0.040625 0.020833
0 0.673438 0.926042 0.038542 0.027083
0 0.217188 0.682813 0.044792 0.028125
0 0.648438 0.221875 0.044792 0.027083
0 0.817187 0.793750 0.044792 0.022917
0 0.304688 0.424479 0.040625 0.044792
0 0.213542 0.370833 0.033333 0.043750
0 0.550521 0.269271 0.038542 0.046875
0 0.591667 0.967187 0.029167 0.051042
0 0.902083 0.547396 0.039583 0.036458
0 0.181771 0.964063 0.038542 0.040625
0 0.126562 0.434896 0.028125 0.044792
0 0.426563 0.676042 0.034375 0.037500
0 0.964583 0.842708 0.052083 0.041667
0 0.645833 0.834375 0.016667 0.033333
0 0.906771 0.806771 0.040625 0.026042
0 0.316667 0.306771 0.041667 0.055208
0 0.641146 0.374479 0.034375 0.040625
0 0.082812 0.589583 0.036458 0.043750
0 0.480208 0.761458 0.047917 0.037500
0 0.244271 0.378125 0.034375 0.037500
0 0.150000 0.802083 0.047917 0.039583
0 0.230729 0.303125 0.034375 0.016667
0 0.857812 0.221354 0.036458 0.051042
0 0.879687 0.851042 0.040625 0.041667
0 0.693750 0.947917 0.039583 0.025000
0 0.188021 0.920312 0.051042 0.040625
0 0.519792 0.592187 0.035417 0.040625
0 0.379167 0.910417 0.043750 0.035417
0 0.189583 0.578646 0.052083 0.051042
0 0.152083 0.487500 0.037500 0.025000
0 0.371875 0.820833 0.037500 0.029167
0 0.244792 0.296875 0.035417 0.037500
0 0.131250 0.079167 0.029167 0.037500
0 0.624479 0.249479 0.040625 0.038542
0 0.413021 0.658333 0.042708 0.027083
0 0.306250 0.323958 0.022917 0.043750
0 0.304167 0.700000 0.037500 0.041667
0 0.181771 0.586458 0.044792 0.052083
0 0.350521 0.088542 0.032292 0.043750
0 0.310937 0.325521 0.048958 0.055208
0 0.782813 0.926042 0.046875 0.045833
0 0.455208 0.616146 0.047917 0.028125
0 0.428125 0.657813 0.041667 0.055208
0 0.372396 0.592708 0.032292 0.043750
0 0.438021 0.230729 0.048958 0.034375
0 0.745833 0.340625 0.047917 0.039583
0 0.398438 0.139063 0.051042 0.036458
0 0.421354 0.696875 0.053125 0.043750
0 0.929167 0.272917 0.037500 0.033333
0 0.305729 0.616667 0.038542 0.043750
0 0.567187 0.535937 0.046875 0.038542
0 0.164583 0.718750 0.043750 0.031250
0 0.257292 0.376042 0.043750 0.035417
0 0.689583 0.794271 0.037500 0.038542
0 0.398958 0.854688 0.037500 0.023958
0 0.890625 0.111458 0.025000 0.037500
0 0.583854 0.955729 0.040625 0.034375
0 0.947917 0.540104 0.018750 0.036458
0 0.508854 0.466667 0.046875 0.031250
0 0.644271 0.152604 0.046875 0.036458
0 0.705729 0.882812 0.044792 0.040625
0 0.336458 0.668750 0.047917 0.041667
0 0.678125 0.892708 0.045833 0.052083
0 0.412500 0.611458 0.043750 0.033333
0 0.927083 0.691146 0.029167 0.040625
0 0.840625 0.454688 0.050000 0.040625
0 0.266146 0.176042 0.048958 0.035417
0 0.635417 0.561979 0.047917 0.046875
0 0.523958 0.647917 0.027083 0.037500
0 0.304688 0.721875 0.046875 0.029167
0 0.490104 0.731250 0.036458 0.043750
0 0.790104 0.244271 0.040625 0.034375
0 0.583333 0.746354 0.047917 0.046875
0 0.925000 0.523438 0.037500 0.023958
0 0.172917 0.678125 0.052083 0.035417
0 0.929167 0.278646 0.054167 0.048958
0 0.261458 0.180729 0.050000 0.040625
0 0.884896 0.083333 0.032292 0.043750
0 0.205208 0.450521 0.054167 0.048958
0 0.775521 0.308333 0.048958 0.041667
0 0.382812 0.443229 0.044792 0.051042
0 0.775000 0.927604 0.054167 0.036458
0 0.109896 0.855208 0.038542 0.033333
0 0.479687 0.254688 0.026042 0.040625
0 0.329688 0.945833 0.036458 0.018750
0 0.165625 0.929688 0.052083 0.051042
0 0.124479 0.147396 0.051042 0.036458
0 0.593229 0.196354 0.023958 0.042708
0 0.665625 0.788542 0.047917 0.050000
0 0.599479 0.106771 0.051042 0.044792
0 0.181771 0.413542 0.051042 0.050000
0 0.501563 0.823958 0.034375 0.016667
0 0.385417 0.454688 0.047917 0.030208
0 0.470833 0.680729 0.043750 0.055208
0 0.902083 0.077083 0.029167 0.037500
0 0.911979 0.288542 0.026042 0.045833
0 0.195833 0.441667 0.043750 0.045833
0 0.708854 0.314583 0.030208 0.050000
0 0.663021 0.387500 0.021875 0.041667
0 0.432292 0.673438 0.045833 0.040625
0 0.845833 0.457292 0.050000 0.029167
0 0.960417 0.204687 0.050000 0.042708
0 0.419792 0.635417 0.029167 0.041667
0 0.291146 0.175521 0.044792 0.044792
0 0.572917 0.863021 0.043750 0.028125
0 0.564583 0.898438 0.029167 0.044792
0 0.713542 0.383854 0.054167 0.044792
0 0.575000 0.752604 0.050000 0.053125
0 0.118750 0.196354 0.050000 0.036458
0 0.417708 0.258333 0.020833 0.035417
0 0.598958 0.407292 0.033333 0.043750
0 0.488542 0.136458 0.043750 0.025000
0 0.766667 0.458333 0.031250 0.043750
0 0.928125 0.259896 0.047917 0.032292
0 0.477604 0.961979 0.028125 0.044792
0 0.104167 0.280208 0.018750 0.035417
0 0.321354 0.707292 0.036458 0.020833
0 0.767708 0.927604 0.029167 0.044792
0 0.766667 0.675521 0.039583 0.026042
0 0.194792 0.932292 0.031250 0.041667
0 0.805208 0.228646 0.047917 0.046875
0 0.086458 0.163542 0.047917 0.039583
0 0.512500 0.733854 0.050000 0.044792
0 0.274479 0.428125 0.032292 0.039583
0 0.858854 0.334896 0.030208 0.048958
0 0.540104 0.836458 0.030208 0.039583
0 0.407813 0.874479 0.040625 0.038542
0 0.633333 0.265104 0.054167 0.038542
0 0.815625 0.694792 0.043750 0.037500
0 0.564063 0.132812 0.044792 0.051042
0 0.531250 0.615104 0.045833 0.032292
0 0.515625 0.150000 0.041667 0.047917
0 0.120313 0.553646 0.048958 0.055208
0 0.491667 0.489583 0.037500 0.025000
0 0.254167 0.084896 0.050000 0.028125
0 0.708333 0.926042 0.033333 0.043750
0 0.136979 0.419271 0.038542 0.021875
0 0.241667 0.254688 0.039583 0.034375
0 0.676562 0.946354 0.044792 0.021875
0 0.502604 0.288542 0.040625 0.041667
0 0.101562 0.393229 0.046875 0.048958
0 0.123438 0.626563 0.040625 0.034375
0 0.300000 0.685937 0.031250 0.051042
0 0.576562 0.550000 0.030208 0.050000
0 0.859375 0.639583 0.037500 0.047917
0 0.153646 0.952604 0.036458 0.040625
0 0.436979 0.838542 0.032292 0.043750
0 0.228646 0.070833 0.036458 0.020833
0 0.315104 0.726562 0.028125 0.044792
0 0.951562 0.178125 0.034375 0.039583
0 0.655729 0.574479 0.034375 0.040625
0 0.293229 0.321354 0.055208 0.042708
0 0.704167 0.525000 0.035417 0.047917
0 0.573438 0.480729 0.032292 0.048958
0 0.923438 0.678646 0.042708 0.055208
0 0.915104 0.448958 0.053125 0.043750
0 0.668750 0.709896 0.039583 0.053125
0 0.903646 0.486458 0.040625 0.047917
0 0.778125 0.517708 0.029167 0.050000
0 0.336979 0.467708 0.051042 0.047917
0 0.604688 0.117188 0.044792 0.055208
0 0.761458 0.490104 0.031250 0.040625
0 0.208333 0.388542 0.020833 0.035417
0 0.255208 0.254688 0.045833 0.038542
0 0.207292 0.145313 0.037500 0.019792
0 0.780729 0.932813 0.053125 0.032292
0 0.153646 0.834375 0.044792 0.047917
0 0.292187 0.228125 0.019792 0.035417
0 0.564583 0.632812 0.041667 0.042708
0 0.506250 0.532292 0.043750 0.045833
0 0.272917 0.311458 0.033333 0.047917
0 0.541146 0.701042 0.048958 0.050000
0 0.440625 0.077083 0.043750 0.035417
0 0.143229 0.519271 0.053125 0.034375
0 0.576562 0.263542 0.038542 0.029167
0 0.394792 0.811458 0.027083 0.041667
0 0.540625 0.830208 0.052083 0.043750
0 0.896875 0.760417 0.052083 0.037500
0 0.959896 0.865104 0.034375 0.053125
0 0.756250 0.520312 0.050000 0.034375
0 0.661979 0.376563 0.040625 0.030208
0 0.294271 0.593750 0.051042 0.050000
0 0.083854 0.805208 0.046875 0.031250
0 0.761458 0.155208 0.025000 0.047917
0 0.563021 0.119271 0.044792 0.040625
0 0.271875 0.846875 0.041667 0.025000
0 0.583854 0.840104 0.046875 0.028125
0 0.765104 0.194792 0.040625 0.022917
0 0.947396 0.092188 0.055208 0.044792
0 0.767188 0.879167 0.048958 0.052083
0 0.547396 0.196875 0.051042 0.031250
0 0.569271 0.631250 0.034375 0.037500
0 0.101562 0.592187 0.040625 0.028125
0 0.935937 0.314583 0.034375 0.043750
0 0.589583 0.400000 0.027083 0.043750
0 0.847396 0.839583 0.038542 0.027083
0 0.818750 0.179688 0.054167 0.048958
0 0.186979 0.207292 0.048958 0.027083
0 0.820312 0.424479 0.053125 0.053125
0 0.683854 0.752083 0.048958 0.035417
0 0.610938 0.397917 0.032292 0.043750
0 0.546875 0.495833 0.047917 0.041667
0 0.581250 0.213021 0.039583 0.023958
0 0.319792 0.882292 0.039583 0.022917
0 0.792708 0.867708 0.035417 0.043750
0 0.943750 0.517708 0.037500 0.047917
0 0.404167 0.318229 0.043750 0.055208
0 0.758333 0.939063 0.047917 0.032292
0 0.123438 0.127083 0.036458 0.018750
0 0.285938 0.174479 0.042708 0.044792
0 0.313542 0.234896 0.043750 0.032292
0 0.886979 0.315625 0.034375 0.043750
0 0.968229 0.922917 0.048958 0.037500
0 0.354687 0.423438 0.046875 0.034375
0 0.271875 0.502604 0.039583 0.034375
0 0.846354 0.125000 0.051042 0.050000
0 0.491146 0.928646 0.028125 0.051042
0 0.214583 0.399479 0.037500 0.038542
0 0.880208 0.374479 0.050000 0.038542
0 0.648958 0.410417 0.052083 0.043750
0 0.385417 0.154688 0.054167 0.044792
0 0.615625 0.175000 0.035417 0.043750
0 0.247917 0.213021 0.029167 0.044792
0 0.830729 0.838542 0.028125 0.039583
0 0.491667 0.677083 0.052083 0.041667
0 0.959375 0.836979 0.043750 0.048958
0 0.822396 0.671354 0.051042 0.055208
0 0.956250 0.185417 0.025000 0.037500
0 0.608333 0.304167 0.020833 0.035417
0 0.197396 0.666146 0.040625 0.026042
0 0.239063 0.288542 0.048958 0.027083
0 0.367188 0.434896 0.040625 0.026042
0 0.725000 0.242708 0.052083 0.043750
0 0.279687 0.206250 0.048958 0.052083
0 0.884896 0.480208 0.046875 0.029167
0 0.882292 0.483333 0.043750 0.035417
0 0.855729 0.128646 0.040625 0.030208
0 0.866146 0.534896 0.055208 0.048958
0 0.257292 0.177604 0.045833 0.026042
0 0.471354 0.466667 0.021875 0.037500
0 0.878646 0.905729 0.040625 0.055208
0 0.077083 0.721354 0.041667 0.044792
0 0.920312 0.484896 0.036458 0.055208
0 0.201563 0.948438 0.042708 0.044792
0 0.341146 0.830729 0.034375 0.046875
0 0.399479 0.289583 0.051042 0.050000
0 0.913021 0.304167 0.038542 0.035417
0 0.816146 0.330208 0.023958 0.041667
0 0.600000 0.617708 0.027083 0.047917
0 0.657292 0.195833 0.022917 0.037500
0 0.612500 0.897917 0.037500 0.041667
0 0.291146 0.559375 0.034375 0.052083
0 0.616667 0.472917 0.031250 0.037500
0 0.125000 0.552604 0.045833 0.038542
0 0.199479 0.895312 0.019792 0.038542
0 0.319271 0.374479 0.044792 0.051042
0 0.788542 0.563542 0.043750 0.052083
0 0.428125 0.684375 0.037500 0.025000
0 0.393750 0.241667 0.039583 0.041667
0 0.248958 0.283333 0.041667 0.025000
0 0.957812 0.873437 0.040625 0.038542
0 0.811458 0.939063 0.041667 0.021875
0 0.538021 0.488542 0.028125 0.039583
0 0.435937 0.231771 0.040625 0.055208
0 0.663542 0.184375 0.037500 0.035417
0 0.597917 0.501042 0.041667 0.027083
0 0.938542 0.513021 0.039583 0.044792
0 0.090625 0.799479 0.043750 0.055208
0 0.850000 0.804688 0.047917 0.028125
0 0.322917 0.326042 0.016667 0.033333
0 0.366667 0.490625 0.035417 0.037500
0 0.878125 0.117708 0.043750 0.033333
0 0.516146 0.098958 0.026042 0.047917
0 0.706771 0.447396 0.038542 0.055208
0 0.512500 0.555208 0.050000 0.050000
0 0.110937 0.888021 0.028125 0.044792
0 0.833854 0.779167 0.051042 0.029167
0 0.930208 0.109375 0.022917 0.043750
0 0.622396 0.888021 0.048958 0.034375
0 0.436979 0.457292 0.036458 0.020833
0 0.463542 0.391667 0.043750 0.025000
0 0.258854 0.835938 0.051042 0.053125
0 0.494792 0.493750 0.037500 0.035417
0 0.415625 0.271875 0.045833 0.043750
0 0.309375 0.943750 0.041667 0.039583
0 0.754167 0.405208 0.043750 0.025000
0 0.710417 0.401042 0.052083 0.045833
0 0.457292 0.891146 0.052083 0.051042
0 0.875521 0.399479 0.030208 0.048958
0 0.867708 0.465104 0.039583 0.036458
0 0.678646 0.126562 0.055208 0.046875
0 0.464583 0.851042 0.029167 0.041667
0 0.120313 0.645312 0.032292 0.040625
0 0.263021 0.600521 0.048958 0.046875
0 0.179688 0.908854 0.044792 0.042708
0 0.732292 0.672396 0.043750 0.055208
0 0.827604 0.232292 0.053125 0.047917
0 0.448437 0.791667 0.042708 0.039583
0 0.314583 0.228125 0.033333 0.043750
0 0.558333 0.246875 0.039583 0.041667
0 0.296875 0.619271 0.045833 0.055208
0 0.883854 0.147396 0.051042 0.044792
0 0.867188 0.827604 0.040625 0.034375
0 0.071354 0.842187 0.023958 0.040625
0 0.135417 0.373437 0.045833 0.038542
0 0.742708 0.508854 0.033333 0.044792
0 0.168750 0.745313 0.043750 0.055208
0 0.090104 0.610938 0.044792 0.026042
0 0.928125 0.666667 0.043750 0.045833
0 0.716667 0.932813 0.027083 0.042708
0 0.183854 0.106771 0.044792 0.021875
0 0.250000 0.228646 0.043750 0.028125
0 0.749479 0.957292 0.017708 0.035417
0 0.101562 0.419792 0.044792 0.052083
0 0.085417 0.870313 0.047917 0.023958
0 0.204167 0.965104 0.029167 0.046875
0 0.481771 0.850521 0.034375 0.040625
0 0.296875 0.207292 0.043750 0.033333
0 0.302083 0.576562 0.029167 0.040625
0 0.368229 0.453125 0.036458 0.052083
0 0.132812 0.090104 0.030208 0.040625
0 0.238021 0.223958 0.053125 0.043750
0 0.750000 0.252083 0.037500 0.041667
0 0.652604 0.744271 0.042708 0.044792
0 0.458333 0.617188 0.029167 0.040625
0 0.428125 0.740104 0.047917 0.028125
0 0.307812 0.439583 0.044792 0.047917
0 0.816146 0.756771 0.023958 0.040625
0 0.952083 0.101562 0.054167 0.042708
0 0.725000 0.462500 0.041667 0.052083
0 0.293750 0.235937 0.037500 0.038542
0 0.082812 0.313021 0.046875 0.034375
0 0.319271 0.336458 0.051042 0.031250
0 0.962500 0.490625 0.039583 0.052083
0 0.721875 0.550000 0.029167 0.045833
0 0.833333 0.796354 0.043750 0.030208
0 0.202083 0.726042 0.037500 0.033333
0 0.213542 0.158333 0.045833 0.031250
0 0.800000 0.932813 0.033333 0.044792
0 0.344271 0.231250 0.028125 0.039583
0 0.667188 0.175000 0.038542 0.029167
0 0.811979 0.890625 0.036458 0.043750
0 0.310417 0.711979 0.031250 0.040625
0 0.438542 0.697917 0.043750 0.052083
0 0.701562 0.192708 0.044792 0.033333
0 0.650000 0.813021 0.022917 0.038542
0 0.955729 0.139063 0.032292 0.048958
0 0.259375 0.856250 0.043750 0.031250
0 0.673958 0.940104 0.029167 0.046875
0 0.397917 0.539062 0.029167 0.040625
0 0.082292 0.184896 0.052083 0.034375
0 0.698958 0.107292 0.033333 0.047917
0 0.157812 0.634896 0.040625 0.034375
0 0.250000 0.885938 0.039583 0.030208
0 0.586979 0.505729 0.044792 0.044792
0 0.190625 0.163021 0.045833 0.055208
0 0.941667 0.820833 0.033333 0.052083
0 0.095833 0.157812 0.037500 0.038542
0 0.861458 0.415625 0.029167 0.041667
0 0.143229 0.095833 0.028125 0.050000
0 0.901042 0.325000 0.045833 0.029167
0 0.179688 0.067187 0.046875 0.023958
0 0.877604 0.813021 0.038542 0.055208
0 0.801562 0.786458 0.038542 0.022917
0 0.289583 0.376042 0.022917 0.035417
0 0.322917 0.921354 0.045833 0.038542
0 0.348958 0.751563 0.029167 0.046875
0 0.393750 0.913542 0.025000 0.043750
0 0.145833 0.292187 0.052083 0.034375
0 0.911979 0.535937 0.042708 0.023958
0 0.160417 0.954688 0.018750 0.036458
0 0.166667 0.751042 0.041667 0.031250
0 0.713542 0.546875 0.037500 0.035417
0 0.852604 0.365104 0.030208 0.048958
0 0.257812 0.883854 0.030208 0.048958
0 0.549479 0.923958 0.053125 0.039583
0 0.680208 0.380208 0.037500 0.035417
0 0.747396 0.240625 0.040625 0.022917
0 0.252604 0.214062 0.046875 0.038542
0 0.480208 0.331250 0.037500 0.035417
0 0.661458 0.231250 0.050000 0.050000
0 0.739583 0.227604 0.045833 0.040625
0 0.259375 0.285938 0.022917 0.040625
0 0.164583 0.945833 0.039583 0.020833
0 0.595833 0.836979 0.045833 0.026042
0 0.403646 0.362500 0.028125 0.045833
0 0.569792 0.175000 0.047917 0.035417
0 0.421875 0.948958 0.043750 0.033333
0 0.746875 0.211458 0.045833 0.052083
0 0.516667 0.151562 0.035417 0.040625
0 0.088021 0.475521 0.046875 0.048958
0 0.670833 0.458854 0.054167 0.048958
0 0.547917 0.609375 0.043750 0.033333
0 0.490625 0.357292 0.037500 0.025000
0 0.395313 0.776563 0.051042 0.038542
0 0.798438 0.165104 0.042708 0.051042
0 0.841146 0.533854 0.040625 0.038542
0 0.285938 0.330208 0.046875 0.052083
0 0.302083 0.398958 0.037500 0.031250
0 0.892188 0.701042 0.034375 0.039583
0 0.245312 0.206250 0.030208 0.039583
0 0.583854 0.359896 0.032292 0.040625
0 0.372917 0.921354 0.041667 0.042708
0 0.148438 0.357812 0.040625 0.055208
0 0.167708 0.373958 0.047917 0.041667
0 0.595833 0.747917 0.041667 0.037500
0 0.570833 0.928646 0.029167 0.051042
0 0.730208 0.458854 0.054167 0.042708
0 0.107292 0.852604 0.039583 0.019792
0 0.928125 0.890625 0.035417 0.047917
0 0.572396 0.731250 0.019792 0.035417
0 0.557813 0.775000 0.034375 0.043750
0 0.566146 0.900521 0.053125 0.051042
0 0.499479 0.638542 0.032292 0.039583
0 0.791667 0.892708 0.041667 0.047917
0 0.652083 0.886979 0.039583 0.028125
0 0.494792 0.379688 0.033333 0.048958
0 0.364583 0.311979 0.029167 0.044792
0 0.877604 0.662500 0.036458 0.020833
0 0.445312 0.482812 0.030208 0.044792
0 0.630729 0.137500 0.040625 0.041667
0 0.798958 0.578646 0.047917 0.032292
0 0.946354 0.215625 0.038542 0.025000
0 0.533854 0.457813 0.055208 0.048958
0 0.650000 0.186458 0.037500 0.033333
0 0.092188 0.293750 0.046875 0.045833
0 0.652604 0.191146 0.055208 0.040625
0 0.203125 0.405208 0.027083 0.047917
0 0.734375 0.668229 0.043750 0.042708
0 0.128646 0.235417 0.046875 0.031250
0 0.710417 0.630208 0.039583 0.052083
0 0.283333 0.355208 0.050000 0.047917
0 0.423438 0.526042 0.038542 0.031250
0 0.114062 0.411979 0.038542 0.051042
0 0.080208 0.838542 0.043750 0.035417
0 0.909896 0.604688 0.044792 0.026042
0 0.540104 0.643750 0.036458 0.037500