0 0.854167 0.403125 0.047917 0.039583
0 0.841667 0.865104 0.020833 0.038542
0 0.935417 0.855729 0.029167 0.040625
0 0.776563 0.705208 0.040625 0.041667
0 0.501563 0.735417 0.042708 0.037500
0 0.418750 0.754687 0.039583 0.028125
0 0.753646 0.457292 0.021875 0.037500
0 0.946354 0.813021 0.023958 0.040625
0 0.740625 0.758333 0.047917 0.035417
0 0.630208 0.874479 0.033333 0.040625
0 0.573438 0.493229 0.030208 0.044792
0 0.614583 0.169271 0.045833 0.032292
0 0.290104 0.911458 0.036458 0.043750
0 0.680208 0.609896 0.045833 0.040625
0 0.160938 0.771354 0.023958 0.038542
0 0.948958 0.447917 0.043750 0.035417
0 0.343229 0.938542 0.038542 0.029167
0 0.341667 0.281771 0.022917 0.044792
0 0.519792 0.861979 0.050000 0.038542
0 0.775521 0.375000 0.038542 0.033333
0 0.451042 0.489063 0.041667 0.023958
0 0.622917 0.406250 0.037500 0.052083
0 0.925521 0.284896 0.038542 0.046875
0 0.838542 0.728125 0.027083 0.043750
0 0.881250 0.389062 0.052083 0.034375
0 0.466667 0.173958 0.037500 0.027083
0 0.901042 0.667188 0.043750 0.055208
0 0.546875 0.353646 0.052083 0.034375
0 0.725000 0.353125 0.045833 0.052083
0 0.550000 0.639062 0.037500 0.048958
0 0.161979 0.535417 0.051042 0.033333
0 0.443750 0.460417 0.037500 0.035417
0 0.821354 0.941667 0.036458 0.037500
0 0.619792 0.667708 0.031250 0.041667
0 0.696875 0.665104 0.047917 0.055208
0 0.176042 0.948958 0.043750 0.033333
0 0.796354 0.094271 0.038542 0.046875
0 0.280729 0.078125 0.042708 0.039583
0 0.788542 0.718750 0.047917 0.027083
0 0.707812 0.367188 0.038542 0.021875
0 0.473958 0.302604 0.045833 0.026042
0 0.135417 0.495833 0.035417 0.043750
0 0.557292 0.503125 0.039583 0.052083
0 0.638021 0.927083 0.038542 0.043750
0 0.680208 0.832292 0.031250 0.045833
0 0.176563 0.413021 0.034375 0.053125
0 0.452083 0.536458 0.039583 0.052083
0 0.192708 0.444271 0.018750 0.038542
0 0.348438 0.200000 0.032292 0.043750
0 0.751042 0.084375 0.027083 0.041667
0 0.615104 0.857292 0.028125 0.039583
0 0.800521 0.718229 0.044792 0.055208
0 0.701562 0.507292 0.042708 0.025000
0 0.377083 0.675000 0.031250 0.037500
0 0.638021 0.373437 0.040625 0.055208
0 0.108854 0.854688 0.044792 0.051042
0 0.711458 0.815625 0.037500 0.029167
0 0.954688 0.099479 0.040625 0.034375
0 0.307812 0.700000 0.051042 0.033333
0 0.322917 0.647396 0.039583 0.034375
0 0.737500 0.295312 0.033333 0.040625
0 0.128125 0.479687 0.033333 0.040625
0 0.252083 0.405208 0.037500 0.041667
0 0.624479 0.673438 0.044792 0.032292
0 0.758854 0.853646 0.046875 0.048958
0 0.887500 0.858854 0.039583 0.038542
0 0.284375 0.497396 0.035417 0.044792
0 0.203125 0.919792 0.047917 0.041667
0 0.325000 0.912500 0.035417 0.020833
0 0.659896 0.711458 0.036458 0.020833
0 0.275000 0.724479 0.050000 0.053125
0 0.365625 0.718229 0.050000 0.044792
0 0.781250 0.698958 0.052083 0.039583
0 0.587500 0.934375 0.035417 0.043750
0 0.206250 0.444792 0.045833 0.031250
0 0.664583 0.629167 0.043750 0.045833
0 0.779687 0.620833 0.044792 0.035417
0 0.612500 0.721354 0.039583 0.036458
0 0.327083 0.445833 0.027083 0.037500
0 0.880729 0.676042 0.044792 0.033333
0 0.383854 0.607292 0.038542 0.037500
0 0.273958 0.171875 0.050000 0.047917
0 0.667188 0.306250 0.036458 0.037500
0 0.533854 0.516667 0.042708 0.037500
0 0.670833 0.089063 0.050000 0.044792
0 0.436979 0.439063 0.032292 0.048958
0 0.754687 0.281771 0.026042 0.044792
0 0.902604 0.150521 0.044792 0.048958
0 0.669271 0.390625 0.034375 0.016667
0 0.152604 0.116667 0.038542 0.033333
0 0.781250 0.632292 0.047917 0.052083
0 0.507812 0.488021 0.028125 0.040625
0 0.365104 0.800521 0.055208 0.038542
0 0.102604 0.318750 0.044792 0.052083
0 0.162500 0.630208 0.037500 0.052083
0 0.086458 0.081250 0.045833 0.029167
0 0.206250 0.317708 0.037500 0.022917
0 0.536458 0.896354 0.043750 0.026042
0 0.538542 0.478646 0.039583 0.034375
0 0.524479 0.211458 0.030208 0.043750
0 0.412500 0.902604 0.029167 0.040625
0 0.942187 0.897396 0.021875 0.038542
0 0.400521 0.375000 0.042708 0.029167
0 0.466667 0.335417 0.045833 0.027083
0 0.417187 0.208854 0.042708 0.051042
0 0.650000 0.690625 0.037500 0.047917
0 0.340625 0.552083 0.037500 0.035417
0 0.971875 0.364583 0.047917 0.027083
0 0.927083 0.241146 0.043750 0.021875
0 0.367188 0.495833 0.034375 0.037500
0 0.382292 0.820833 0.052083 0.035417
0 0.100000 0.784896 0.041667 0.023958
0 0.647396 0.840625 0.042708 0.037500
0 0.702083 0.161458 0.035417 0.052083
0 0.793229 0.107292 0.042708 0.033333
0 0.776563 0.618229 0.038542 0.021875
0 0.844792 0.725000 0.050000 0.050000
0 0.076563 0.239063 0.046875 0.034375
0 0.468750 0.869271 0.037500 0.053125
0 0.714063 0.793229 0.042708 0.055208
0 0.760938 0.569792 0.032292 0.039583
0 0.606250 0.299479 0.037500 0.038542
0 0.818229 0.688542 0.038542 0.052083
0 0.741667 0.612500 0.035417 0.037500
0 0.803125 0.101042 0.031250 0.037500
0 0.296875 0.606250 0.027083 0.045833
0 0.939063 0.332292 0.040625 0.043750
0 0.584375 0.237500 0.052083 0.037500
0 0.792188 0.418229 0.026042 0.051042
0 0.928646 0.711458 0.042708 0.031250
0 0.117708 0.204167 0.043750 0.035417
0 0.308333 0.075000 0.041667 0.031250
0 0.451042 0.277604 0.041667 0.042708
0 0.230208 0.579167 0.041667 0.031250
0 0.584375 0.660417 0.031250 0.045833
0 0.230208 0.101562 0.047917 0.055208
0 0.609375 0.466667 0.052083 0.039583
0 0.158854 0.690104 0.032292 0.048958
0 0.185417 0.562500 0.027083 0.041667
0 0.471875 0.709375 0.037500 0.035417
0 0.479167 0.317188 0.043750 0.030208
0 0.108854 0.916667 0.046875 0.043750
0 0.947396 0.756771 0.048958 0.030208
0 0.704167 0.325521 0.037500 0.040625
0 0.817708 0.415104 0.047917 0.030208
0 0.920312 0.258333 0.034375 0.039583
0 0.481250 0.219792 0.039583 0.022917
0 0.310417 0.223958 0.052083 0.045833
0 0.724479 0.097396 0.055208 0.046875
0 0.436458 0.296354 0.047917 0.046875
0 0.213021 0.605208 0.038542 0.043750
0 0.453646 0.890625 0.038542 0.043750
0 0.630208 0.648438 0.045833 0.034375
0 0.194792 0.626563 0.037500 0.044792
0 0.855208 0.536979 0.031250 0.048958
0 0.823958 0.382292 0.027083 0.037500
0 0.695833 0.113021 0.050000 0.042708
0 0.706771 0.315625 0.038542 0.031250
0 0.488542 0.458854 0.054167 0.040625
0 0.711979 0.165625 0.036458 0.018750
0 0.247917 0.618750 0.018750 0.037500
0 0.202083 0.224479 0.045833 0.038542
0 0.610938 0.284896 0.048958 0.055208
0 0.116667 0.328646 0.027083 0.046875
0 0.700521 0.203125 0.019792 0.039583
0 0.227083 0.758854 0.039583 0.028125
0 0.745313 0.921875 0.032292 0.052083
0 0.212500 0.600521 0.041667 0.042708
0 0.106771 0.839583 0.048958 0.052083
0 0.545833 0.256771 0.043750 0.048958
0 0.583333 0.146875 0.041667 0.039583
0 0.395833 0.115625 0.035417 0.018750
0 0.160417 0.505208 0.047917 0.039583
0 0.175521 0.655729 0.046875 0.036458
0 0.292187 0.795312 0.040625 0.036458
0 0.523958 0.429688 0.039583 0.026042
0 0.377083 0.106250 0.047917 0.041667
0 0.270313 0.876563 0.040625 0.055208
0 0.354167 0.825000 0.047917 0.037500
0 0.896875 0.897917 0.037500 0.027083
0 0.669792 0.546354 0.045833 0.036458
0 0.959896 0.897396 0.038542 0.038542
0 0.186979 0.287500 0.048958 0.037500
0 0.119792 0.617708 0.041667 0.027083
0 0.443750 0.565625 0.027083 0.037500
0 0.647396 0.340625 0.046875 0.045833
0 0.411458 0.753646 0.022917 0.042708
0 0.210938 0.234896 0.040625 0.044792
0 0.131771 0.188021 0.036458 0.055208
0 0.178125 0.416667 0.047917 0.025000
0 0.139583 0.823438 0.041667 0.044792
0 0.220833 0.759896 0.039583 0.030208
0 0.329688 0.127604 0.040625 0.023958
0 0.338021 0.682292 0.051042 0.033333
0 0.859896 0.862500 0.053125 0.043750
0 0.471354 0.238542 0.021875 0.039583
0 0.343750 0.291667 0.037500 0.025000
0 0.860417 0.493750 0.047917 0.050000
0 0.823958 0.375000 0.037500 0.033333
0 0.082292 0.567187 0.054167 0.048958
0 0.111979 0.257812 0.044792 0.032292
0 0.564583 0.329688 0.037500 0.038542
0 0.116146 0.653125 0.044792 0.027083
0 0.711979 0.173437 0.051042 0.044792
0 0.631250 0.865104 0.031250 0.053125
0 0.143229 0.860417 0.048958 0.052083
0 0.816146 0.378125 0.038542 0.047917
0 0.868229 0.478646 0.053125 0.034375
0 0.332813 0.621354 0.034375 0.051042
0 0.108333 0.238021 0.041667 0.023958
0 0.831771 0.915625 0.032292 0.047917
0 0.178646 0.342708 0.034375 0.043750
0 0.659375 0.953646 0.039583 0.034375
0 0.203646 0.688542 0.038542 0.047917
0 0.110937 0.604167 0.051042 0.031250
0 0.377604 0.513542 0.028125 0.039583
0 0.552083 0.194271 0.043750 0.040625
0 0.734896 0.937500 0.042708 0.027083
0 0.111979 0.324479 0.046875 0.038542
0 0.120833 0.219271 0.054167 0.042708
0 0.879687 0.146875 0.046875 0.043750
0 0.728125 0.880729 0.039583 0.053125
0 0.773958 0.963021 0.027083 0.040625
0 0.238542 0.634896 0.027083 0.040625
0 0.790104 0.652604 0.051042 0.040625
0 0.325000 0.813542 0.043750 0.045833
0 0.319792 0.761979 0.037500 0.053125
0 0.086458 0.595833 0.022917 0.037500
0 0.893229 0.401042 0.048958 0.035417
0 0.595833 0.288021 0.050000 0.044792
0 0.847396 0.443229 0.044792 0.044792
0 0.078646 0.318229 0.042708 0.044792
0 0.506250 0.858333 0.033333 0.043750
0 0.633333 0.205208 0.041667 0.039583
0 0.817708 0.315104 0.039583 0.036458
0 0.295312 0.600521 0.021875 0.038542
0 0.737500 0.308854 0.039583 0.034375
0 0.463021 0.241667 0.038542 0.031250
0 0.290625 0.953125 0.050000 0.031250
0 0.806771 0.364063 0.026042 0.046875
0 0.865625 0.574479 0.052083 0.053125
0 0.242188 0.815104 0.046875 0.055208
0 0.852083 0.343229 0.037500 0.038542
0 0.545833 0.714583 0.043750 0.052083
0 0.354167 0.187500 0.029167 0.037500
0 0.200521 0.607812 0.051042 0.034375
0 0.586979 0.122917 0.038542 0.029167
0 0.440625 0.420833 0.031250 0.037500
0 0.267188 0.685937 0.038542 0.051042
0 0.637500 0.634896 0.033333 0.040625
0 0.363021 0.788542 0.032292 0.043750
0 0.713542 0.613021 0.050000 0.042708
0 0.322917 0.950000 0.045833 0.027083
0 0.582292 0.710417 0.050000 0.031250
0 0.800000 0.400521 0.041667 0.048958
0 0.719271 0.803125 0.040625 0.047917
0 0.170833 0.714063 0.054167 0.038542
0 0.792708 0.898958 0.052083 0.043750
0 0.794271 0.438021 0.026042 0.046875
0 0.205208 0.372917 0.035417 0.047917
0 0.236979 0.392188 0.044792 0.042708
0 0.167708 0.244792 0.037500 0.025000
0 0.609375 0.550000 0.037500 0.033333
0 0.333333 0.934375 0.050000 0.050000
0 0.198958 0.931250 0.047917 0.037500
0 0.356250 0.570312 0.031250 0.040625
0 0.348438 0.894271 0.040625 0.028125
0 0.639062 0.537500 0.034375 0.039583
0 0.133854 0.744792 0.038542 0.052083
0 0.650521 0.165104 0.042708 0.021875
0 0.873958 0.232292 0.022917 0.039583
0 0.556250 0.316146 0.041667 0.032292
0 0.549479 0.945312 0.038542 0.040625
0 0.774479 0.700521 0.040625 0.055208
0 0.572917 0.177604 0.043750 0.048958
0 0.438542 0.404167 0.047917 0.041667
0 0.729688 0.852083 0.046875 0.029167
0 0.228646 0.902083 0.038542 0.043750
0 0.233333 0.084375 0.045833 0.045833
0 0.480729 0.663542 0.044792 0.035417
0 0.109896 0.536979 0.051042 0.042708
0 0.225521 0.610417 0.053125 0.041667
0 0.527604 0.829688 0.055208 0.042708
0 0.560937 0.141667 0.042708 0.031250
0 0.805729 0.279687 0.046875 0.048958
0 0.413542 0.565625 0.029167 0.041667
0 0.603646 0.166667 0.032292 0.043750
0 0.930208 0.422396 0.045833 0.034375
0 0.625000 0.364063 0.050000 0.042708
0 0.487500 0.196875 0.029167 0.041667
0 0.423438 0.286979 0.034375 0.053125
0 0.620313 0.112500 0.046875 0.052083
0 0.463021 0.830729 0.055208 0.051042
0 0.639583 0.622396 0.050000 0.026042
0 0.735938 0.952083 0.021875 0.037500
0 0.922917 0.750521 0.043750 0.030208
0 0.086979 0.502604 0.044792 0.051042
0 0.608333 0.250000 0.050000 0.050000
0 0.343229 0.490104 0.034375 0.046875
0 0.695312 0.902604 0.023958 0.042708
0 0.130208 0.887500 0.016667 0.033333
0 0.350521 0.719792 0.036458 0.022917
0 0.852604 0.188021 0.032292 0.053125
0 0.895833 0.298438 0.033333 0.040625
0 0.159896 0.531250 0.048958 0.025000
0 0.771875 0.477083 0.039583 0.047917
0 0.238021 0.123958 0.053125 0.045833
0 0.762500 0.964583 0.029167 0.050000
0 0.937500 0.230729 0.041667 0.048958
0 0.278646 0.210938 0.053125 0.051042
0 0.205729 0.907813 0.026042 0.040625
0 0.963542 0.505729 0.054167 0.044792
0 0.794271 0.560417 0.048958 0.035417
0 0.721875 0.893229 0.039583 0.032292
0 0.889062 0.385937 0.032292 0.044792
0 0.755208 0.300000 0.052083 0.045833
0 0.380729 0.556771 0.046875 0.038542
0 0.636979 0.346875 0.040625 0.020833
0 0.580208 0.611458 0.031250 0.050000
0 0.111979 0.248438 0.046875 0.038542
0 0.888542 0.283333 0.037500 0.025000
0 0.535937 0.292708 0.019792 0.035417
0 0.774479 0.667188 0.046875 0.038542
0 0.188542 0.421875 0.041667 0.025000
0 0.193229 0.861979 0.023958 0.046875
0 0.068750 0.277604 0.022917 0.046875
0 0.685937 0.079167 0.021875 0.037500
0 0.683333 0.396875 0.041667 0.039583
0 0.936979 0.619792 0.038542 0.052083
0 0.783854 0.617188 0.030208 0.040625
0 0.935417 0.833333 0.029167 0.037500
0 0.140625 0.214583 0.045833 0.052083
0 0.114583 0.924479 0.045833 0.048958
0 0.365625 0.883854 0.025000 0.038542
0 0.746354 0.552083 0.048958 0.052083
0 0.875521 0.642188 0.028125 0.040625
0 0.643229 0.713542 0.036458 0.018750
0 0.341146 0.775000 0.021875 0.039583
0 0.623437 0.182292 0.046875 0.031250
0 0.661458 0.555729 0.045833 0.034375
0 0.344271 0.502604 0.044792 0.055208
0 0.677083 0.726562 0.050000 0.038542
0 0.643229 0.468229 0.053125 0.032292
0 0.136458 0.619792 0.050000 0.050000
0 0.369792 0.794271 0.031250 0.044792
0 0.857292 0.601562 0.027083 0.040625
0 0.158333 0.766146 0.047917 0.032292
0 0.083333 0.457813 0.041667 0.021875
0 0.385417 0.551042 0.041667 0.029167
0 0.116146 0.193750 0.034375 0.037500
0 0.586979 0.372917 0.040625 0.054167
0 0.889062 0.578646 0.023958 0.046875
0 0.813542 0.824479 0.033333 0.048958
0 0.828646 0.694271 0.053125 0.034375
0 0.908333 0.078646 0.037500 0.044792
0 0.565104 0.503646 0.046875 0.034375
0 0.306250 0.589583 0.039583 0.041667
0 0.727604 0.489063 0.053125 0.053125
0 0.666667 0.316667 0.045833 0.029167
0 0.860417 0.565104 0.047917 0.046875
0 0.384896 0.898438 0.040625 0.036458
0 0.414583 0.322396 0.041667 0.023958
0 0.596354 0.474479 0.040625 0.034375
0 0.068750 0.292187 0.027083 0.040625
0 0.609375 0.375000 0.041667 0.047917
0 0.290104 0.549479 0.038542 0.023958
0 0.881771 0.333854 0.044792 0.051042
0 0.925521 0.688542 0.046875 0.031250
0 0.831250 0.804167 0.022917 0.043750
0 0.433854 0.564583 0.036458 0.037500
0 0.150000 0.126562 0.035417 0.040625
0 0.726562 0.125000 0.038542 0.047917
0 0.326042 0.360417 0.039583 0.022917
0 0.356771 0.527604 0.040625 0.032292
0 0.283854 0.681250 0.038542 0.047917
0 0.825521 0.315104 0.034375 0.046875
0 0.395313 0.188542 0.036458 0.043750
0 0.474479 0.148958 0.026042 0.041667
0 0.477604 0.486458 0.038542 0.033333
0 0.136979 0.240625 0.040625 0.041667
0 0.754167 0.252083 0.041667 0.037500
0 0.422396 0.117188 0.021875 0.038542
0 0.804167 0.212500 0.041667 0.025000
0 0.600521 0.442708 0.053125 0.039583
0 0.610417 0.829688 0.031250 0.040625
0 0.582292 0.675521 0.027083 0.042708
0 0.726042 0.708854 0.050000 0.042708
0 0.630729 0.524479 0.040625 0.051042
0 0.106771 0.475000 0.048958 0.039583
0 0.575521 0.944271 0.051042 0.040625
0 0.410417 0.131250 0.050000 0.031250
0 0.802604 0.244792 0.038542 0.031250
0 0.906771 0.608333 0.036458 0.037500
0 0.593229 0.464062 0.028125 0.048958
0 0.099479 0.598958 0.023958 0.043750
0 0.343229 0.693229 0.055208 0.046875
0 0.358854 0.893750 0.021875 0.037500
0 0.582292 0.774479 0.054167 0.044792
0 0.167708 0.450521 0.047917 0.046875
0 0.722396 0.734896 0.044792 0.042708
0 0.646354 0.567708 0.032292 0.043750
0 0.246875 0.114583 0.052083 0.043750
0 0.752604 0.191667 0.036458 0.018750
0 0.279687 0.529167 0.038542 0.029167
0 0.382292 0.807813 0.043750 0.028125
0 0.764062 0.500000 0.019792 0.035417
0 0.547917 0.559375 0.037500 0.027083
0 0.896875 0.119792 0.033333 0.047917
0 0.951562 0.962500 0.026042 0.050000
0 0.771354 0.329167 0.038542 0.035417
0 0.708854 0.840104 0.038542 0.019792
0 0.481771 0.154688 0.044792 0.028125
0 0.378646 0.195833 0.038542 0.052083
0 0.848958 0.890625 0.039583 0.047917
0 0.553125 0.397396 0.035417 0.040625
0 0.476042 0.208333 0.029167 0.041667
0 0.660417 0.939583 0.037500 0.033333
0 0.402604 0.335417 0.053125 0.041667
0 0.761979 0.833333 0.042708 0.054167
0 0.710417 0.286979 0.052083 0.030208
0 0.871875 0.618750 0.039583 0.022917
0 0.458854 0.640625 0.038542 0.035417
0 0.363021 0.217188 0.044792 0.055208
0 0.177083 0.249479 0.052083 0.030208
0 0.253646 0.127604 0.046875 0.055208
0 0.293229 0.487500 0.038542 0.031250
0 0.515625 0.795833 0.043750 0.052083
0 0.777083 0.319792 0.022917 0.043750
0 0.746875 0.592187 0.043750 0.042708
0 0.332292 0.668750 0.047917 0.050000
0 0.490104 0.214583 0.036458 0.047917
0 0.899479 0.278125 0.042708 0.037500
0 0.714583 0.441667 0.029167 0.041667
0 0.289062 0.421354 0.048958 0.028125
0 0.430729 0.403646 0.042708 0.055208
0 0.351562 0.834896 0.038542 0.046875
0 0.672917 0.957292 0.018750 0.035417
0 0.391146 0.311979 0.032292 0.040625
0 0.731250 0.426563 0.045833 0.023958
0 0.294792 0.326042 0.031250 0.037500
0 0.638021 0.805208 0.051042 0.031250
0 0.124479 0.193750 0.036458 0.018750
0 0.433333 0.534896 0.050000 0.044792
0 0.743750 0.902604 0.045833 0.040625
0 0.413542 0.918750 0.047917 0.041667
0 0.203125 0.606771 0.047917 0.046875
0 0.309375 0.133333 0.043750 0.052083
0 0.581250 0.156250 0.052083 0.041667
0 0.965625 0.229167 0.043750 0.045833
0 0.726042 0.743229 0.052083 0.034375
0 0.386458 0.500000 0.041667 0.037500
0 0.402604 0.663021 0.044792 0.055208
0 0.960938 0.190104 0.038542 0.055208
0 0.973437 0.101562 0.055208 0.046875
0 0.972917 0.757292 0.052083 0.041667
0 0.940104 0.194792 0.023958 0.037500
0 0.795833 0.489583 0.037500 0.031250
0 0.694792 0.815104 0.041667 0.042708
0 0.860417 0.657292 0.029167 0.045833
0 0.538021 0.891146 0.040625 0.036458
0 0.307292 0.195833 0.052083 0.039583
0 0.718229 0.749479 0.040625 0.030208
0 0.902083 0.716146 0.041667 0.055208
0 0.601562 0.669792 0.040625 0.047917
0 0.217708 0.627083 0.043750 0.045833
0 0.146354 0.442188 0.030208 0.051042
0 0.701562 0.709375 0.034375 0.043750
0 0.675521 0.854167 0.042708 0.031250
0 0.523438 0.927604 0.042708 0.055208
0 0.446875 0.499479 0.039583 0.055208
0 0.106771 0.253646 0.021875 0.042708
0 0.080729 0.185938 0.046875 0.023958
0 0.470313 0.771354 0.028125 0.046875
0 0.248958 0.904167 0.037500 0.047917
0 0.597917 0.462500 0.043750 0.033333
0 0.120833 0.419271 0.022917 0.040625
0 0.659896 0.322917 0.046875 0.029167
0 0.447917 0.500521 0.045833 0.036458
0 0.664583 0.400521 0.047917 0.053125
0 0.778125 0.355729 0.050000 0.026042
0 0.643229 0.575521 0.030208 0.040625
0 0.565104 0.846354 0.034375 0.040625
0 0.602604 0.782292 0.036458 0.020833
0 0.514583 0.260417 0.039583 0.052083
0 0.760938 0.165625 0.036458 0.018750
0 0.929167 0.450000 0.037500 0.035417
0 0.697396 0.497917 0.040625 0.054167
0 0.710417 0.516146 0.031250 0.048958
0 0.327604 0.414062 0.026042 0.040625
0 0.361979 0.911979 0.034375 0.046875
0 0.598437 0.830729 0.044792 0.040625
0 0.809896 0.923958 0.034375 0.052083
0 0.092708 0.451042 0.035417 0.037500
0 0.318750 0.628646 0.052083 0.032292
0 0.932813 0.557813 0.051042 0.036458
0 0.648958 0.336458 0.031250 0.050000
0 0.233333 0.640104 0.029167 0.051042
0 0.138021 0.354167 0.042708 0.054167
0 0.778646 0.100521 0.055208 0.046875
0 0.280729 0.138542 0.028125 0.050000
0 0.163021 0.440104 0.038542 0.040625
0 0.801562 0.556250 0.051042 0.035417
0 0.307812 0.168229 0.032292 0.040625
0 0.325521 0.585938 0.038542 0.019792
0 0.203646 0.602083 0.036458 0.037500
0 0.762500 0.928125 0.043750 0.035417
0 0.537500 0.519792 0.033333 0.050000
0 0.835417 0.668750 0.041667 0.047917
0 0.622396 0.525000 0.034375 0.043750
0 0.701042 0.208333 0.041667 0.037500
0 0.140104 0.405729 0.040625 0.032292
0 0.331771 0.175521 0.051042 0.053125
0 0.229687 0.538021 0.023958 0.040625
0 0.198958 0.574479 0.039583 0.030208
0 0.406771 0.077604 0.040625 0.036458
0 0.576562 0.538542 0.040625 0.020833
0 0.859896 0.211458 0.046875 0.043750
0 0.400521 0.813542 0.044792 0.045833
0 0.427083 0.638021 0.050000 0.044792
0 0.771354 0.484896 0.032292 0.053125
0 0.347917 0.097917 0.031250 0.037500
0 0.413021 0.477083 0.021875 0.041667
0 0.796354 0.254167 0.048958 0.037500
0 0.208854 0.463542 0.030208 0.047917
0 0.213542 0.684375 0.035417 0.020833
0 0.355208 0.522396 0.054167 0.038542
0 0.310417 0.632812 0.045833 0.026042
0 0.658333 0.173437 0.029167 0.051042
0 0.332292 0.789062 0.039583 0.053125
0 0.112500 0.917708 0.037500 0.035417
0 0.174479 0.889583 0.048958 0.039583
0 0.664062 0.797396 0.048958 0.055208
0 0.874479 0.673958 0.038542 0.025000
0 0.851562 0.536458 0.042708 0.047917
0 0.325521 0.391146 0.032292 0.053125
0 0.761458 0.130208 0.031250 0.045833
0 0.077083 0.359375 0.035417 0.037500
0 0.442708 0.127083 0.041667 0.047917
0 0.641146 0.099479 0.030208 0.048958
0 0.596875 0.821354 0.043750 0.055208
0 0.815625 0.629167 0.033333 0.043750
0 0.572396 0.450521 0.055208 0.048958
0 0.296354 0.487500 0.032292 0.043750
0 0.478125 0.246875 0.043750 0.022917
0 0.538542 0.807292 0.022917 0.043750
0 0.153646 0.711458 0.038542 0.018750
0 0.569792 0.751042 0.045833 0.052083
0 0.939583 0.844271 0.029167 0.040625
0 0.595833 0.641667 0.052083 0.047917
0 0.776563 0.202083 0.038542 0.031250
0 0.672917 0.244792 0.022917 0.037500
0 0.411979 0.330208 0.053125 0.039583
0 0.922396 0.576562 0.044792 0.051042
0 0.830208 0.444271 0.018750 0.036458
0 0.766146 0.560937 0.040625 0.051042
0 0.658854 0.092708 0.038542 0.022917
0 0.673958 0.146354 0.039583 0.026042
0 0.936979 0.860417 0.036458 0.037500
0 0.333854 0.575521 0.046875 0.036458
0 0.903125 0.822396 0.031250 0.044792
0 0.205208 0.384896 0.054167 0.040625
0 0.869792 0.443750 0.033333 0.050000
0 0.781771 0.465625 0.023958 0.041667
0 0.742188 0.576042 0.040625 0.047917
0 0.874479 0.437500 0.036458 0.020833
0 0.914583 0.089063 0.039583 0.055208
0 0.409375 0.829167 0.050000 0.033333
0 0.304688 0.355729 0.055208 0.036458
0 0.311979 0.705729 0.036458 0.051042
0 0.250521 0.684896 0.046875 0.026042
0 0.642188 0.388021 0.051042 0.042708
0 0.765104 0.525000 0.051042 0.050000
0 0.149479 0.952083 0.036458 0.020833
0 0.768750 0.701562 0.043750 0.040625
0 0.138021 0.442708 0.019792 0.035417
0 0.541667 0.522396 0.043750 0.028125
0 0.434375 0.151562 0.045833 0.034375
0 0.345313 0.950521 0.055208 0.044792
0 0.760938 0.731771 0.042708 0.023958
0 0.159896 0.350000 0.036458 0.020833
0 0.410417 0.935417 0.045833 0.045833
0 0.240104 0.533333 0.036458 0.020833
0 0.602604 0.497917 0.032292 0.039583
0 0.277604 0.391146 0.055208 0.044792