0 0.659375 0.821875 0.025000 0.037500
0 0.347917 0.345313 0.047917 0.048958
0 0.490104 0.614062 0.051042 0.038542
0 0.942187 0.163021 0.051042 0.042708
0 0.329167 0.567187 0.054167 0.048958
0 0.069271 0.961979 0.032292 0.044792
0 0.647396 0.771354 0.053125 0.053125
0 0.885938 0.363021 0.042708 0.051042
0 0.778646 0.393750 0.030208 0.047917
0 0.680729 0.507292 0.040625 0.022917
0 0.791146 0.818750 0.040625 0.041667
0 0.563021 0.678646 0.044792 0.028125
0 0.499479 0.436458 0.048958 0.041667
0 0.254167 0.675521 0.045833 0.032292
0 0.938542 0.558854 0.054167 0.042708
0 0.385937 0.957292 0.032292 0.043750
0 0.678125 0.948438 0.043750 0.030208
0 0.841667 0.404687 0.035417 0.040625
0 0.575521 0.872396 0.032292 0.053125
0 0.661458 0.156771 0.022917 0.044792
0 0.265625 0.768750 0.041667 0.037500
0 0.827604 0.516667 0.026042 0.041667
0 0.450521 0.516667 0.048958 0.033333
0 0.685937 0.134375 0.023958 0.037500
0 0.891667 0.165104 0.031250 0.048958
0 0.376563 0.319271 0.044792 0.042708
0 0.918229 0.275000 0.042708 0.027083
0 0.239583 0.623958 0.037500 0.027083
0 0.769792 0.817187 0.045833 0.055208
0 0.644792 0.727604 0.027083 0.042708
0 0.204167 0.233854 0.039583 0.036458
0 0.170313 0.483333 0.040625 0.020833
0 0.703125 0.247917 0.029167 0.045833
0 0.464062 0.130208 0.048958 0.035417
0 0.140104 0.189583 0.053125 0.037500
0 0.346354 0.821875 0.036458 0.020833
0 0.829167 0.882292 0.045833 0.045833
0 0.276042 0.844271 0.039583 0.044792
0 0.530208 0.135937 0.052083 0.032292
0 0.669271 0.789583 0.032292 0.043750
0 0.342708 0.296354 0.039583 0.026042
0 0.353125 0.934896 0.045833 0.036458
0 0.651042 0.738021 0.052083 0.053125
0 0.142708 0.232813 0.037500 0.048958
0 0.293229 0.919792 0.048958 0.041667
0 0.614062 0.623437 0.055208 0.042708
0 0.185938 0.150000 0.048958 0.041667
0 0.115104 0.555208 0.048958 0.027083
0 0.402604 0.162500 0.036458 0.043750
0 0.078646 0.249479 0.051042 0.028125
0 0.089063 0.183854 0.055208 0.040625
0 0.229687 0.770312 0.046875 0.034375
0 0.118229 0.452604 0.030208 0.048958
0 0.654167 0.322917 0.041667 0.025000
0 0.598437 0.825000 0.044792 0.033333
0 0.789583 0.235937 0.039583 0.036458
0 0.718750 0.868229 0.052083 0.051042
0 0.556771 0.628125 0.042708 0.054167
0 0.447917 0.870833 0.033333 0.050000
0 0.195312 0.592187 0.055208 0.040625
0 0.839063 0.379167 0.044792 0.047917
0 0.392188 0.076563 0.048958 0.046875
0 0.118229 0.867188 0.040625 0.030208
0 0.240104 0.387500 0.023958 0.047917
0 0.219271 0.491667 0.021875 0.039583
0 0.594271 0.234896 0.034375 0.046875
0 0.293750 0.927083 0.052083 0.041667
0 0.782813 0.897917 0.038542 0.033333
0 0.696354 0.786979 0.051042 0.038542
0 0.822396 0.529167 0.044792 0.035417
0 0.697396 0.807292 0.028125 0.045833
0 0.701562 0.549479 0.040625 0.051042
0 0.158854 0.404687 0.051042 0.040625
0 0.176563 0.647396 0.055208 0.051042
0 0.592187 0.536979 0.048958 0.048958
0 0.885938 0.765625 0.019792 0.035417
0 0.834896 0.964583 0.023958 0.037500
0 0.146875 0.834375 0.035417 0.047917
0 0.700521 0.423958 0.034375 0.047917
0 0.876042 0.305729 0.039583 0.026042
0 0.482292 0.343229 0.050000 0.040625
0 0.269792 0.352083 0.052083 0.045833
0 0.951562 0.513021 0.051042 0.042708
0 0.303646 0.772396 0.046875 0.048958
0 0.231250 0.372396 0.033333 0.040625
0 0.926042 0.093750 0.037500 0.022917
0 0.639062 0.723958 0.028125 0.050000
0 0.482812 0.659375 0.030208 0.039583
0 0.781771 0.532292 0.036458 0.047917
0 0.144792 0.592187 0.054167 0.038542
0 0.401562 0.786458 0.048958 0.041667
0 0.607292 0.902083 0.052083 0.035417
0 0.897917 0.893750 0.020833 0.039583
0 0.822917 0.371875 0.025000 0.041667
0 0.853125 0.621875 0.045833 0.029167
0 0.567708 0.581771 0.045833 0.048958
0 0.636458 0.354687 0.047917 0.048958
0 0.919792 0.433333 0.041667 0.025000
0 0.207292 0.871354 0.039583 0.034375
0 0.156250 0.861458 0.043750 0.033333
0 0.838542 0.368229 0.050000 0.053125
0 0.135417 0.810417 0.041667 0.039583
0 0.091146 0.249479 0.044792 0.040625
0 0.743229 0.104688 0.053125 0.034375
0 0.082812 0.510938 0.046875 0.038542
0 0.457813 0.949479 0.046875 0.036458
0 0.187500 0.628646 0.045833 0.034375
0 0.837500 0.467708 0.043750 0.025000
0 0.403125 0.107813 0.027083 0.048958
0 0.883854 0.841667 0.038542 0.027083
0 0.961979 0.711458 0.051042 0.033333
0 0.797917 0.100000 0.043750 0.052083
0 0.222396 0.484375 0.019792 0.039583
0 0.530729 0.231250 0.044792 0.052083
0 0.144792 0.895312 0.022917 0.040625
0 0.339062 0.491146 0.044792 0.055208
0 0.094271 0.233854 0.046875 0.036458
0 0.777604 0.827604 0.051042 0.042708
0 0.189062 0.769792 0.034375 0.043750
0 0.494271 0.853125 0.036458 0.047917
0 0.898438 0.559896 0.044792 0.051042
0 0.446875 0.257812 0.025000 0.042708
0 0.440104 0.407813 0.040625 0.055208
0 0.762500 0.842708 0.043750 0.052083
0 0.212500 0.971354 0.035417 0.048958
0 0.858333 0.676562 0.039583 0.036458
0 0.363542 0.783854 0.039583 0.026042
0 0.832812 0.911979 0.032292 0.040625
0 0.450521 0.858333 0.038542 0.033333
0 0.490625 0.133333 0.031250 0.045833
0 0.217708 0.445312 0.043750 0.055208
0 0.659375 0.667708 0.041667 0.029167
0 0.636458 0.743229 0.043750 0.055208
0 0.369271 0.722396 0.036458 0.055208
0 0.322917 0.471875 0.029167 0.050000
0 0.940104 0.953646 0.042708 0.021875
0 0.860938 0.359896 0.042708 0.044792
0 0.296354 0.220833 0.038542 0.027083
0 0.810417 0.595833 0.041667 0.029167
0 0.593229 0.332813 0.051042 0.038542
0 0.850521 0.245312 0.051042 0.034375
0 0.393750 0.266146 0.052083 0.053125
0 0.887500 0.679167 0.045833 0.033333
0 0.197396 0.133854 0.044792 0.040625
0 0.424479 0.688542 0.040625 0.047917
0 0.157292 0.193750 0.045833 0.052083
0 0.430208 0.515625 0.039583 0.041667
0 0.740104 0.162500 0.040625 0.047917
0 0.703646 0.959896 0.040625 0.044792
0 0.161458 0.923438 0.054167 0.046875
0 0.691667 0.701042 0.031250 0.045833
0 0.506250 0.160417 0.037500 0.027083
0 0.456771 0.515625 0.038542 0.043750
0 0.411979 0.251563 0.044792 0.028125
0 0.848958 0.172917 0.050000 0.050000
0 0.396354 0.265625 0.036458 0.052083
0 0.884375 0.116146 0.027083 0.040625
0 0.294271 0.316667 0.046875 0.043750
0 0.785937 0.396875 0.048958 0.033333
0 0.173958 0.779167 0.041667 0.039583
0 0.120833 0.594271 0.050000 0.034375
0 0.868229 0.153646 0.055208 0.046875
0 0.890104 0.870833 0.019792 0.037500
0 0.872917 0.761979 0.050000 0.038542
0 0.922396 0.732292 0.028125 0.043750
0 0.716667 0.756771 0.047917 0.046875
0 0.805729 0.213021 0.036458 0.017708
0 0.353646 0.667188 0.040625 0.034375
0 0.201042 0.566146 0.047917 0.046875
0 0.380729 0.296354 0.034375 0.040625
0 0.541667 0.363542 0.052083 0.045833
0 0.315625 0.208333 0.035417 0.037500
0 0.128125 0.293750 0.052083 0.045833
0 0.874479 0.463021 0.046875 0.034375
0 0.714063 0.823438 0.053125 0.032292
0 0.961979 0.935417 0.044792 0.054167
0 0.538542 0.486979 0.045833 0.048958
0 0.126042 0.265104 0.054167 0.036458
0 0.741146 0.583333 0.036458 0.037500
0 0.764583 0.509896 0.025000 0.046875
0 0.584896 0.688542 0.046875 0.031250
0 0.116146 0.185938 0.026042 0.046875
0 0.520312 0.226562 0.023958 0.042708
0 0.396875 0.159896 0.054167 0.042708
0 0.290104 0.951562 0.040625 0.023958
0 0.384375 0.750000 0.027083 0.047917
0 0.351562 0.274479 0.036458 0.040625
0 0.471875 0.241146 0.050000 0.042708
0 0.548438 0.432812 0.048958 0.028125
0 0.576562 0.541667 0.044792 0.035417
0 0.543229 0.769792 0.026042 0.039583
0 0.314583 0.533854 0.039583 0.055208
0 0.221354 0.524479 0.044792 0.030208
0 0.682813 0.741146 0.036458 0.040625
0 0.591667 0.576562 0.037500 0.038542
0 0.908333 0.159375 0.027083 0.047917
0 0.513542 0.856250 0.031250 0.043750
0 0.185417 0.320833 0.037500 0.025000
0 0.223438 0.211979 0.038542 0.051042
0 0.797917 0.158333 0.041667 0.025000
0 0.607292 0.117188 0.029167 0.044792
0 0.260417 0.444792 0.052083 0.047917
0 0.720313 0.442188 0.032292 0.044792
0 0.141146 0.132292 0.053125 0.039583
0 0.566146 0.315625 0.036458 0.018750
0 0.116146 0.837500 0.034375 0.037500
0 0.439063 0.704167 0.044792 0.035417
0 0.318750 0.747917 0.043750 0.052083
0 0.590104 0.415625 0.053125 0.043750
0 0.265104 0.214583 0.044792 0.033333
0 0.770312 0.839063 0.026042 0.044792
0 0.738542 0.546875 0.035417 0.020833
0 0.382292 0.129688 0.047917 0.030208
0 0.413021 0.957292 0.040625 0.054167
0 0.878646 0.494271 0.046875 0.028125
0 0.788021 0.939583 0.034375 0.043750
0 0.944271 0.298958 0.046875 0.029167
0 0.356771 0.157812 0.032292 0.053125
0 0.752083 0.313542 0.045833 0.052083
0 0.765625 0.371354 0.041667 0.032292
0 0.139063 0.279167 0.030208 0.039583
0 0.457813 0.631250 0.038542 0.027083
0 0.707292 0.704688 0.025000 0.038542
0 0.570312 0.099479 0.036458 0.051042
0 0.410938 0.150000 0.051042 0.050000
0 0.803125 0.318750 0.041667 0.025000
0 0.418229 0.939583 0.044792 0.033333
0 0.827083 0.937500 0.043750 0.027083
0 0.080208 0.522917 0.018750 0.035417
0 0.783854 0.900521 0.046875 0.026042
0 0.217708 0.517708 0.020833 0.035417
0 0.087500 0.675000 0.037500 0.031250
0 0.129167 0.725521 0.033333 0.053125
0 0.584896 0.216146 0.040625 0.030208
0 0.534896 0.121875 0.036458 0.047917
0 0.299479 0.346875 0.036458 0.043750
0 0.388021 0.486458 0.026042 0.037500
0 0.430729 0.260937 0.044792 0.042708
0 0.373437 0.822396 0.038542 0.055208
0 0.362500 0.416667 0.037500 0.031250
0 0.798958 0.331250 0.029167 0.050000
0 0.256250 0.347917 0.039583 0.041667
0 0.721875 0.852604 0.037500 0.040625
0 0.492188 0.540104 0.055208 0.036458
0 0.225000 0.346875 0.043750 0.031250
0 0.692708 0.434375 0.020833 0.039583
0 0.442708 0.275521 0.054167 0.046875
0 0.546875 0.213021 0.031250 0.040625
0 0.588021 0.272917 0.048958 0.039583
0 0.318750 0.585417 0.033333 0.037500
0 0.585417 0.081771 0.050000 0.040625
0 0.235417 0.216146 0.043750 0.055208
0 0.277083 0.168229 0.050000 0.053125
0 0.204687 0.672917 0.051042 0.033333
0 0.141146 0.948958 0.034375 0.039583
0 0.158333 0.813542 0.025000 0.047917
0 0.077083 0.621354 0.047917 0.030208
0 0.886979 0.292708 0.040625 0.022917
0 0.592708 0.926042 0.041667 0.037500
0 0.842708 0.111458 0.022917 0.037500
0 0.659375 0.513542 0.043750 0.022917
0 0.082292 0.966667 0.035417 0.043750
0 0.528646 0.725000 0.040625 0.043750
0 0.771875 0.605208 0.037500 0.035417
0 0.690104 0.958854 0.040625 0.055208
0 0.176042 0.623958 0.039583 0.041667
0 0.532813 0.626563 0.051042 0.040625
0 0.193750 0.526042 0.037500 0.027083
0 0.897396 0.133854 0.040625 0.051042
0 0.457813 0.390104 0.051042 0.055208
0 0.138021 0.373437 0.046875 0.036458
0 0.290625 0.426042 0.043750 0.035417
0 0.863542 0.426563 0.027083 0.042708
0 0.668750 0.112500 0.050000 0.050000
0 0.519792 0.253125 0.043750 0.045833
0 0.703125 0.913542 0.037500 0.033333
0 0.192188 0.729167 0.044792 0.037500
0 0.751563 0.918750 0.048958 0.027083
0 0.558333 0.372396 0.045833 0.034375
0 0.738542 0.314063 0.054167 0.038542
0 0.280208 0.584375 0.037500 0.035417
0 0.644792 0.776042 0.037500 0.041667
0 0.690625 0.604167 0.043750 0.052083
0 0.094271 0.102083 0.044792 0.033333
0 0.656250 0.085938 0.039583 0.055208
0 0.130208 0.097917 0.043750 0.052083
0 0.902083 0.779167 0.045833 0.031250
0 0.399479 0.668750 0.034375 0.047917
0 0.932292 0.846354 0.050000 0.036458
0 0.952604 0.742188 0.023958 0.042708
0 0.396875 0.968750 0.047917 0.041667
0 0.193229 0.680729 0.032292 0.053125
0 0.419271 0.783854 0.036458 0.040625
0 0.470833 0.768229 0.022917 0.038542
0 0.142187 0.802604 0.040625 0.023958
0 0.540625 0.402604 0.037500 0.021875
0 0.457813 0.680729 0.048958 0.046875
0 0.350521 0.931771 0.044792 0.026042
0 0.539062 0.529167 0.040625 0.025000
0 0.711979 0.713021 0.044792 0.051042