0 0.584896 0.411458 0.044792 0.052083
0 0.551042 0.461979 0.052083 0.032292
0 0.254688 0.164062 0.040625 0.030208
0 0.398958 0.291667 0.033333 0.037500
0 0.176042 0.142187 0.033333 0.048958
0 0.557813 0.448958 0.046875 0.045833
0 0.274479 0.670312 0.044792 0.026042
0 0.476562 0.271354 0.040625 0.055208
0 0.475521 0.363542 0.042708 0.025000
0 0.486979 0.969271 0.036458 0.051042
0 0.741667 0.885938 0.031250 0.040625
0 0.094271 0.127604 0.032292 0.044792
0 0.575521 0.288542 0.046875 0.027083
0 0.873958 0.730208 0.033333 0.047917
0 0.881771 0.094792 0.046875 0.052083
0 0.731771 0.822396 0.048958 0.030208
0 0.694271 0.136979 0.032292 0.040625
0 0.891146 0.464583 0.053125 0.039583
0 0.623958 0.547917 0.052083 0.037500
0 0.242708 0.863021 0.054167 0.048958
0 0.346875 0.333333 0.037500 0.047917
0 0.789583 0.539062 0.054167 0.044792
0 0.485417 0.736458 0.035417 0.037500
0 0.695312 0.875000 0.036458 0.043750
0 0.886458 0.806250 0.020833 0.035417
0 0.798438 0.654687 0.040625 0.038542
0 0.197396 0.210417 0.023958 0.041667
0 0.620833 0.659896 0.047917 0.046875
0 0.489583 0.146354 0.050000 0.053125
0 0.386458 0.586458 0.037500 0.047917
0 0.678646 0.367188 0.048958 0.030208
0 0.391667 0.434896 0.050000 0.040625
0 0.390625 0.935417 0.050000 0.029167
0 0.933333 0.610417 0.031250 0.041667
0 0.758333 0.735938 0.041667 0.044792
0 0.579167 0.620313 0.039583 0.034375
0 0.086458 0.482812 0.039583 0.034375
0 0.509896 0.730208 0.053125 0.043750
0 0.209375 0.447917 0.047917 0.050000
0 0.161458 0.152083 0.029167 0.041667
0 0.368229 0.897917 0.044792 0.025000
0 0.719792 0.219792 0.035417 0.052083
0 0.246875 0.880208 0.033333 0.052083
0 0.958333 0.164062 0.035417 0.040625
0 0.675000 0.384375 0.037500 0.047917
0 0.682292 0.258854 0.041667 0.042708
0 0.360417 0.290625 0.020833 0.035417
0 0.558333 0.441667 0.047917 0.035417
0 0.270313 0.788542 0.038542 0.047917
0 0.081250 0.633854 0.054167 0.046875
0 0.838021 0.923958 0.048958 0.050000
0 0.646354 0.275000 0.023958 0.041667
0 0.735938 0.495833 0.032292 0.043750
0 0.629167 0.738021 0.050000 0.042708
0 0.498958 0.433854 0.043750 0.055208
0 0.733854 0.911458 0.034375 0.047917
0 0.864583 0.789583 0.050000 0.050000
0 0.348958 0.255208 0.035417 0.020833
0 0.156771 0.966146 0.040625 0.038542
0 0.695833 0.158854 0.039583 0.023958
0 0.204167 0.816667 0.045833 0.027083
0 0.967708 0.631771 0.050000 0.040625
0 0.352083 0.858333 0.033333 0.016667
0 0.701042 0.412500 0.035417 0.020833
0 0.863021 0.132292 0.046875 0.029167
0 0.206250 0.844792 0.043750 0.033333
0 0.810937 0.350521 0.030208 0.044792
0 0.425000 0.203646 0.052083 0.030208
0 0.688542 0.641146 0.037500 0.048958
0 0.172917 0.946354 0.035417 0.040625
0 0.393229 0.317708 0.053125 0.043750
0 0.129167 0.488542 0.027083 0.041667
0 0.142708 0.363542 0.025000 0.037500
0 0.414583 0.697917 0.022917 0.037500
0 0.496875 0.573958 0.029167 0.050000
0 0.293750 0.075521 0.045833 0.038542
0 0.940625 0.118750 0.045833 0.031250
0 0.340625 0.160417 0.047917 0.033333
0 0.365104 0.273958 0.042708 0.054167
0 0.403646 0.567708 0.036458 0.047917
0 0.151042 0.309896 0.031250 0.048958
0 0.565625 0.704167 0.052083 0.043750
0 0.442188 0.932813 0.048958 0.032292
0 0.451562 0.946354 0.046875 0.055208
0 0.878125 0.483854 0.047917 0.032292
0 0.929167 0.101562 0.035417 0.040625
0 0.779687 0.128125 0.026042 0.039583
0 0.284896 0.338021 0.048958 0.046875
0 0.478646 0.626042 0.030208 0.050000
0 0.155729 0.955729 0.028125 0.048958
0 0.452604 0.830729 0.019792 0.038542
0 0.851042 0.175521 0.039583 0.023958
0 0.236979 0.195312 0.042708 0.051042
0 0.813542 0.547396 0.025000 0.042708
0 0.554688 0.264062 0.017708 0.036458
0 0.668229 0.626042 0.038542 0.029167
0 0.866667 0.095833 0.020833 0.039583
0 0.855208 0.457292 0.037500 0.027083
0 0.815104 0.076042 0.034375 0.047917
0 0.231250 0.371354 0.039583 0.036458
0 0.526563 0.610938 0.048958 0.055208
0 0.627083 0.934896 0.043750 0.021875
0 0.584375 0.339583 0.022917 0.039583
0 0.165104 0.173437 0.051042 0.038542
0 0.368229 0.769792 0.042708 0.037500
0 0.200000 0.862500 0.047917 0.033333
0 0.250521 0.376563 0.028125 0.046875
0 0.801042 0.944271 0.047917 0.053125
0 0.101042 0.753125 0.037500 0.022917
0 0.243229 0.165104 0.023958 0.046875
0 0.525521 0.921354 0.032292 0.040625
0 0.802604 0.584896 0.023958 0.040625
0 0.199479 0.390104 0.046875 0.048958
0 0.815625 0.521354 0.054167 0.046875
0 0.296354 0.172917 0.038542 0.035417
0 0.338021 0.246875 0.038542 0.031250
0 0.757292 0.387500 0.035417 0.022917
0 0.871354 0.851562 0.040625 0.026042
0 0.764583 0.858854 0.050000 0.038542
0 0.584896 0.150000 0.030208 0.050000
0 0.791667 0.483333 0.043750 0.027083
0 0.500521 0.292187 0.028125 0.046875
0 0.614583 0.240104 0.033333 0.040625
0 0.083333 0.827083 0.029167 0.037500
0 0.190104 0.582812 0.040625 0.051042
0 0.760417 0.092188 0.054167 0.038542
0 0.589063 0.415104 0.046875 0.034375
0 0.166667 0.326562 0.029167 0.046875
0 0.088542 0.301563 0.045833 0.048958
0 0.728646 0.233854 0.051042 0.026042
0 0.793750 0.589063 0.027083 0.046875
0 0.366146 0.484896 0.032292 0.044792
0 0.792188 0.609375 0.040625 0.020833
0 0.290104 0.652083 0.042708 0.020833
0 0.718229 0.137500 0.032292 0.039583
0 0.351562 0.357812 0.048958 0.046875
0 0.882812 0.760938 0.032292 0.044792
0 0.252083 0.784375 0.027083 0.047917
0 0.376563 0.700000 0.040625 0.022917
0 0.272917 0.296875 0.052083 0.039583
0 0.822917 0.280208 0.037500 0.029167
0 0.593229 0.877083 0.036458 0.022917
0 0.434375 0.809375 0.031250 0.050000
0 0.142708 0.168229 0.039583 0.036458
0 0.368750 0.857292 0.047917 0.039583
0 0.817187 0.841146 0.040625 0.044792
0 0.417187 0.204687 0.055208 0.048958
0 0.682292 0.150521 0.037500 0.048958
0 0.117188 0.626563 0.048958 0.032292
0 0.662500 0.717187 0.041667 0.032292
0 0.193229 0.898438 0.028125 0.040625
0 0.519792 0.068229 0.052083 0.032292
0 0.373437 0.691146 0.046875 0.026042
0 0.743229 0.403646 0.055208 0.038542
0 0.615625 0.132292 0.037500 0.047917
0 0.413021 0.877083 0.034375 0.039583
0 0.930729 0.453646 0.023958 0.042708
0 0.144792 0.695312 0.029167 0.040625
0 0.665104 0.187500 0.036458 0.043750
0 0.431250 0.326042 0.035417 0.043750
0 0.860938 0.931771 0.048958 0.055208
0 0.488542 0.134375 0.033333 0.043750
0 0.921354 0.431771 0.044792 0.042708
0 0.422917 0.510938 0.043750 0.055208
0 0.172917 0.359896 0.039583 0.036458
0 0.211458 0.411979 0.047917 0.023958
0 0.762500 0.600521 0.039583 0.036458
0 0.221875 0.140625 0.018750 0.035417
0 0.552604 0.776042 0.042708 0.041667
0 0.457292 0.211979 0.025000 0.038542
0 0.215625 0.094271 0.045833 0.055208
0 0.634375 0.924479 0.022917 0.042708
0 0.785417 0.746354 0.041667 0.055208
0 0.352604 0.243750 0.038542 0.031250
0 0.796875 0.755208 0.043750 0.045833
0 0.223438 0.847917 0.021875 0.043750
0 0.354687 0.357812 0.028125 0.040625
0 0.768750 0.464062 0.047917 0.055208
0 0.693229 0.542708 0.034375 0.039583
0 0.225000 0.404687 0.025000 0.038542
0 0.089063 0.655729 0.028125 0.051042
0 0.666146 0.083333 0.036458 0.037500
0 0.701562 0.447917 0.030208 0.050000
0 0.391667 0.171354 0.039583 0.019792
0 0.458333 0.391146 0.031250 0.040625
0 0.501563 0.473958 0.036458 0.020833
0 0.645833 0.750521 0.033333 0.048958
0 0.147917 0.659375 0.043750 0.035417
0 0.509375 0.289583 0.037500 0.033333
0 0.317188 0.472396 0.055208 0.046875
0 0.750000 0.947917 0.035417 0.052083
0 0.155729 0.730208 0.026042 0.039583
0 0.122396 0.816146 0.040625 0.034375
0 0.353646 0.964063 0.038542 0.055208
0 0.517188 0.322917 0.053125 0.047917
0 0.808333 0.267708 0.041667 0.025000
0 0.601562 0.081250 0.030208 0.043750
0 0.476042 0.934896 0.041667 0.044792
0 0.706250 0.304688 0.041667 0.044792
0 0.655729 0.717187 0.040625 0.030208
0 0.150000 0.640625 0.039583 0.041667
0 0.253125 0.742708 0.052083 0.041667
0 0.850521 0.208854 0.053125 0.030208
0 0.185938 0.438542 0.051042 0.050000
0 0.464583 0.727604 0.033333 0.053125
0 0.636979 0.647396 0.051042 0.044792
0 0.300521 0.467187 0.023958 0.042708
0 0.158333 0.388021 0.041667 0.023958
0 0.606250 0.770312 0.037500 0.044792
0 0.935937 0.294271 0.019792 0.038542
0 0.231771 0.486458 0.032292 0.039583
0 0.606250 0.332813 0.018750 0.036458
0 0.660417 0.557292 0.041667 0.027083
0 0.420833 0.267708 0.037500 0.033333
0 0.490104 0.160938 0.046875 0.026042
0 0.798438 0.873437 0.040625 0.032292
0 0.229167 0.156250 0.052083 0.033333
0 0.077083 0.532292 0.050000 0.031250
0 0.765625 0.134896 0.039583 0.028125
0 0.629687 0.397396 0.032292 0.044792
0 0.906771 0.396354 0.044792 0.051042
0 0.690104 0.452083 0.044792 0.045833
0 0.716667 0.781250 0.052083 0.043750
0 0.141667 0.360417 0.031250 0.037500
0 0.276042 0.401562 0.050000 0.034375
0 0.526042 0.517188 0.041667 0.055208
0 0.563021 0.222917 0.028125 0.039583
0 0.167187 0.806250 0.028125 0.039583
0 0.671354 0.147396 0.046875 0.032292
0 0.119792 0.706250 0.037500 0.035417
0 0.933854 0.780208 0.028125 0.050000
0 0.638542 0.741667 0.027083 0.037500
0 0.213542 0.943229 0.039583 0.036458
0 0.556250 0.338021 0.043750 0.028125
0 0.661458 0.972917 0.039583 0.052083
0 0.771354 0.508333 0.021875 0.039583
0 0.445833 0.277083 0.043750 0.035417
0 0.628646 0.126042 0.034375 0.043750
0 0.206250 0.502083 0.025000 0.041667
0 0.169271 0.513542 0.023958 0.041667
0 0.832812 0.949479 0.042708 0.055208
0 0.870833 0.618750 0.043750 0.035417
0 0.075521 0.669271 0.046875 0.034375
0 0.367708 0.218750 0.035417 0.037500
0 0.747917 0.819792 0.031250 0.041667
0 0.458854 0.745313 0.055208 0.051042
0 0.852083 0.189062 0.045833 0.026042
0 0.755208 0.123438 0.039583 0.026042
0 0.579688 0.963021 0.048958 0.046875
0 0.576562 0.964583 0.046875 0.045833
0 0.470833 0.431771 0.031250 0.048958
0 0.655208 0.829167 0.045833 0.043750
0 0.386458 0.735938 0.054167 0.038542
0 0.264583 0.145833 0.033333 0.037500
0 0.759896 0.919792 0.044792 0.035417
0 0.963542 0.133854 0.054167 0.044792
0 0.305208 0.700000 0.037500 0.033333
0 0.448958 0.654687 0.050000 0.044792
0 0.265104 0.690104 0.051042 0.038542
0 0.441667 0.119271 0.039583 0.038542
0 0.133854 0.314063 0.040625 0.034375
0 0.396354 0.199479 0.053125 0.034375
0 0.406771 0.081250 0.048958 0.052083
0 0.695312 0.884896 0.026042 0.051042
0 0.084896 0.854688 0.051042 0.028125
0 0.940625 0.568229 0.027083 0.042708
0 0.842708 0.544792 0.045833 0.043750
0 0.142187 0.117708 0.026042 0.041667
0 0.822396 0.578125 0.042708 0.047917
0 0.072396 0.185417 0.038542 0.047917
0 0.831771 0.736979 0.055208 0.038542
0 0.502083 0.852083 0.050000 0.029167
0 0.658333 0.660937 0.027083 0.040625
0 0.348438 0.310417 0.044792 0.052083
0 0.514062 0.556771 0.053125 0.034375
0 0.271875 0.653125 0.025000 0.039583
0 0.179167 0.802604 0.047917 0.053125
0 0.186458 0.395833 0.037500 0.033333
0 0.532813 0.925521 0.048958 0.046875
0 0.295833 0.514062 0.052083 0.051042
0 0.303125 0.591667 0.043750 0.045833
0 0.586979 0.267188 0.021875 0.038542
0 0.741146 0.691146 0.040625 0.032292
0 0.496875 0.480208 0.052083 0.039583
0 0.888021 0.286979 0.036458 0.040625
0 0.328646 0.227604 0.019792 0.038542
0 0.274479 0.561458 0.038542 0.029167
0 0.105729 0.788021 0.051042 0.044792
0 0.474479 0.796354 0.044792 0.026042
0 0.593750 0.342708 0.033333 0.037500
0 0.644792 0.333854 0.054167 0.038542
0 0.806250 0.908333 0.045833 0.045833
0 0.244271 0.488021 0.028125 0.040625
0 0.251563 0.882292 0.046875 0.052083
0 0.403125 0.089583 0.025000 0.037500
0 0.496875 0.223438 0.043750 0.028125
0 0.730729 0.504687 0.021875 0.038542
0 0.496875 0.272396 0.043750 0.026042
0 0.458854 0.220833 0.034375 0.047917
0 0.078125 0.561979 0.043750 0.042708
0 0.924479 0.129688 0.042708 0.051042
0 0.733333 0.333854 0.033333 0.040625
0 0.406771 0.639062 0.038542 0.051042
0 0.449479 0.088021 0.053125 0.034375
0 0.519271 0.635417 0.038542 0.035417
0 0.570833 0.081250 0.045833 0.043750
0 0.816667 0.668229 0.035417 0.053125
0 0.632292 0.365625 0.047917 0.035417
0 0.914583 0.341667 0.050000 0.029167
0 0.829688 0.816667 0.038542 0.027083
0 0.189583 0.081250 0.035417 0.047917
0 0.268750 0.793750 0.037500 0.033333
0 0.553125 0.946354 0.039583 0.048958
0 0.109375 0.578646 0.039583 0.044792
0 0.957812 0.810937 0.019792 0.038542
0 0.853125 0.285938 0.029167 0.044792
0 0.643750 0.073958 0.041667 0.039583
0 0.536979 0.605208 0.040625 0.041667
0 0.230729 0.331250 0.038542 0.043750
0 0.917708 0.273438 0.045833 0.026042
0 0.125521 0.963542 0.053125 0.037500
0 0.302083 0.252604 0.039583 0.048958
0 0.199479 0.846354 0.053125 0.053125
0 0.098437 0.257292 0.051042 0.031250
0 0.162500 0.913542 0.035417 0.037500
0 0.823958 0.533333 0.047917 0.037500
0 0.781771 0.247917 0.053125 0.039583
0 0.092188 0.473958 0.023958 0.045833
0 0.306250 0.086979 0.045833 0.023958
0 0.462500 0.686979 0.041667 0.044792
0 0.862500 0.196875 0.033333 0.050000
0 0.106771 0.895833 0.028125 0.043750
0 0.803646 0.816146 0.034375 0.040625
0 0.242188 0.878125 0.030208 0.043750
0 0.819792 0.436979 0.050000 0.044792
0 0.308333 0.814583 0.041667 0.039583
0 0.181250 0.736979 0.041667 0.021875
0 0.931771 0.210938 0.051042 0.053125
0 0.168750 0.221875 0.037500 0.033333
0 0.971354 0.297917 0.048958 0.037500
0 0.860417 0.489063 0.037500 0.038542
0 0.393229 0.831250 0.028125 0.043750
0 0.340104 0.145833 0.032292 0.043750
0 0.900000 0.094271 0.025000 0.046875
0 0.491667 0.264062 0.047917 0.030208
0 0.148438 0.817187 0.038542 0.051042
0 0.229167 0.845833 0.045833 0.031250
0 0.346875 0.633333 0.022917 0.043750
0 0.574479 0.939063 0.042708 0.023958
0 0.713542 0.390104 0.045833 0.038542
0 0.263021 0.092708 0.038542 0.025000
0 0.372396 0.146354 0.019792 0.038542
0 0.589583 0.603646 0.043750 0.055208
0 0.640104 0.781771 0.038542 0.051042
0 0.611458 0.564583 0.043750 0.052083
0 0.626042 0.336458 0.052083 0.047917
0 0.263021 0.298958 0.048958 0.035417
0 0.782813 0.109896 0.046875 0.038542
0 0.872396 0.113021 0.044792 0.040625
0 0.971875 0.767708 0.050000 0.029167
0 0.858854 0.216667 0.044792 0.022917
0 0.290625 0.354167 0.029167 0.050000
0 0.894271 0.868229 0.051042 0.034375
0 0.377604 0.798438 0.030208 0.040625
0 0.203646 0.822396 0.040625 0.038542
0 0.897917 0.745833 0.037500 0.035417
0 0.536458 0.340104 0.043750 0.026042
0 0.238021 0.789062 0.048958 0.046875
0 0.084896 0.680729 0.038542 0.040625
0 0.336458 0.109896 0.039583 0.036458
0 0.606250 0.400000 0.025000 0.043750
0 0.500000 0.633854 0.054167 0.036458
0 0.545833 0.708854 0.043750 0.040625
0 0.457292 0.173958 0.037500 0.029167
0 0.458854 0.926562 0.046875 0.048958
0 0.390625 0.628125 0.027083 0.047917
0 0.539062 0.883854 0.038542 0.040625
0 0.905729 0.388021 0.038542 0.046875
0 0.964063 0.944792 0.051042 0.050000
0 0.523438 0.918750 0.034375 0.043750
0 0.816667 0.929167 0.050000 0.031250
0 0.884896 0.708854 0.048958 0.030208
0 0.148958 0.359375 0.037500 0.022917
0 0.766667 0.759375 0.033333 0.047917