0 0.532292 0.765625 0.043750 0.052083
0 0.250521 0.838021 0.040625 0.034375
0 0.582812 0.825521 0.040625 0.030208
0 0.163021 0.818750 0.046875 0.043750
0 0.888021 0.308333 0.028125 0.039583
0 0.399479 0.116667 0.038542 0.033333
0 0.964583 0.796875 0.047917 0.037500
0 0.225000 0.131771 0.043750 0.028125
0 0.305729 0.628646 0.051042 0.053125
0 0.276562 0.470833 0.048958 0.039583
0 0.425521 0.801042 0.042708 0.047917
0 0.963021 0.970833 0.032292 0.052083
0 0.401042 0.657813 0.043750 0.048958
0 0.613021 0.707292 0.053125 0.043750
0 0.873958 0.138021 0.043750 0.028125
0 0.338542 0.073438 0.047917 0.030208
0 0.576042 0.420833 0.025000 0.047917
0 0.278646 0.300521 0.023958 0.042708
0 0.157292 0.471875 0.043750 0.033333
0 0.424479 0.263021 0.051042 0.030208
0 0.809896 0.891667 0.044792 0.052083
0 0.514583 0.853125 0.037500 0.031250
0 0.495833 0.490625 0.037500 0.041667
0 0.131771 0.155729 0.048958 0.046875
0 0.744792 0.698958 0.039583 0.041667
0 0.076042 0.816146 0.035417 0.048958
0 0.264062 0.714583 0.036458 0.047917
0 0.871354 0.677604 0.032292 0.053125
0 0.327604 0.340625 0.042708 0.029167
0 0.392188 0.738542 0.044792 0.037500
0 0.305208 0.188542 0.041667 0.029167
0 0.812500 0.966667 0.047917 0.052083
0 0.598958 0.499479 0.041667 0.044792
0 0.521354 0.422917 0.030208 0.039583
0 0.411979 0.317708 0.038542 0.025000
0 0.157812 0.373958 0.038542 0.035417
0 0.663021 0.905729 0.044792 0.040625
0 0.933333 0.531250 0.037500 0.035417
0 0.723958 0.853125 0.052083 0.039583
0 0.793750 0.781250 0.047917 0.035417
0 0.221354 0.901563 0.030208 0.044792
0 0.153125 0.753646 0.020833 0.042708
0 0.234896 0.906771 0.044792 0.044792
0 0.297917 0.905729 0.043750 0.048958
0 0.499479 0.618750 0.038542 0.027083
0 0.647917 0.400521 0.037500 0.053125
0 0.394792 0.474479 0.039583 0.036458
0 0.570833 0.350521 0.035417 0.040625
0 0.763021 0.765104 0.038542 0.040625
0 0.732292 0.361458 0.033333 0.047917
0 0.143229 0.119792 0.032292 0.047917
0 0.196354 0.696354 0.044792 0.028125
0 0.525000 0.110417 0.031250 0.037500
0 0.636458 0.913021 0.031250 0.044792
0 0.548958 0.262500 0.043750 0.035417
0 0.538021 0.745833 0.040625 0.054167
0 0.783854 0.970313 0.038542 0.046875
0 0.253125 0.280729 0.050000 0.040625
0 0.348438 0.194792 0.040625 0.041667
0 0.261458 0.320312 0.027083 0.040625
0 0.615104 0.597396 0.036458 0.017708
0 0.295312 0.078125 0.046875 0.031250
0 0.299479 0.545312 0.040625 0.036458
0 0.808333 0.369271 0.039583 0.048958
0 0.763542 0.344792 0.025000 0.037500
0 0.601562 0.590625 0.026042 0.039583
0 0.111979 0.858854 0.038542 0.046875
0 0.316667 0.627604 0.029167 0.040625
0 0.918229 0.832292 0.019792 0.035417
0 0.731771 0.377604 0.046875 0.055208
0 0.334375 0.923438 0.039583 0.030208
0 0.810417 0.534896 0.033333 0.040625
0 0.527083 0.143750 0.041667 0.037500
0 0.461979 0.458854 0.048958 0.034375
0 0.535937 0.567187 0.040625 0.032292
0 0.126042 0.353125 0.050000 0.033333
0 0.129688 0.875521 0.028125 0.040625
0 0.626563 0.678646 0.044792 0.028125
0 0.935417 0.290104 0.052083 0.032292
0 0.087500 0.924479 0.043750 0.030208
0 0.393229 0.756250 0.042708 0.027083
0 0.207813 0.943229 0.040625 0.036458
0 0.865104 0.140625 0.032292 0.043750
0 0.352604 0.097917 0.032292 0.043750
0 0.619792 0.895312 0.043750 0.040625
0 0.299479 0.675000 0.026042 0.041667
0 0.327083 0.323437 0.037500 0.040625
0 0.547396 0.541146 0.044792 0.030208
0 0.808854 0.194271 0.048958 0.030208
0 0.851042 0.075000 0.031250 0.041667
0 0.502604 0.888542 0.042708 0.037500
0 0.176042 0.272396 0.054167 0.048958
0 0.100000 0.896875 0.037500 0.047917
0 0.947396 0.072917 0.046875 0.022917
0 0.831771 0.680208 0.040625 0.025000
0 0.447917 0.493229 0.054167 0.040625
0 0.376563 0.733333 0.046875 0.043750
0 0.548958 0.756771 0.050000 0.040625
0 0.497917 0.311979 0.050000 0.036458
0 0.131250 0.532292 0.047917 0.035417
0 0.213021 0.785417 0.038542 0.035417
0 0.708333 0.881250 0.043750 0.033333
0 0.234896 0.194792 0.038542 0.022917
0 0.579167 0.389062 0.050000 0.040625
0 0.153646 0.826562 0.044792 0.048958
0 0.917188 0.932813 0.030208 0.053125
0 0.668229 0.148958 0.040625 0.022917
0 0.174479 0.538021 0.040625 0.023958
0 0.655208 0.670833 0.043750 0.045833
0 0.539583 0.228646 0.031250 0.040625
0 0.641667 0.835938 0.039583 0.034375
0 0.085417 0.870313 0.039583 0.034375
0 0.363021 0.815625 0.028125 0.045833
0 0.492188 0.422396 0.048958 0.030208
0 0.535417 0.489063 0.033333 0.044792
0 0.530729 0.192188 0.028125 0.051042
0 0.422396 0.154688 0.051042 0.040625
0 0.337500 0.434896 0.054167 0.042708
0 0.772396 0.279687 0.053125 0.030208
0 0.181771 0.533333 0.026042 0.039583
0 0.550521 0.607812 0.055208 0.048958
0 0.904687 0.733333 0.038542 0.043750
0 0.427083 0.365625 0.035417 0.037500
0 0.416667 0.381771 0.031250 0.048958
0 0.552604 0.416146 0.046875 0.026042
0 0.670833 0.342187 0.039583 0.030208
0 0.706771 0.442188 0.044792 0.055208
0 0.526042 0.813021 0.052083 0.051042
0 0.707292 0.885938 0.031250 0.040625
0 0.870313 0.963542 0.053125 0.039583
0 0.330208 0.273438 0.050000 0.026042
0 0.508854 0.132292 0.026042 0.041667
0 0.578125 0.650521 0.039583 0.048958
0 0.078125 0.225521 0.027083 0.048958
0 0.400521 0.692187 0.038542 0.038542
0 0.127604 0.153646 0.046875 0.055208
0 0.440625 0.917188 0.050000 0.044792
0 0.375000 0.134896 0.043750 0.030208
0 0.880208 0.454688 0.043750 0.032292
0 0.814063 0.098958 0.053125 0.039583
0 0.192708 0.219792 0.043750 0.022917
0 0.741667 0.655208 0.047917 0.039583
0 0.423958 0.208333 0.037500 0.035417
0 0.857812 0.701562 0.046875 0.048958
0 0.744271 0.694271 0.055208 0.048958
0 0.609896 0.635417 0.040625 0.022917
0 0.263021 0.632292 0.042708 0.039583
0 0.540625 0.551562 0.035417 0.017708
0 0.370833 0.344792 0.037500 0.041667
0 0.124479 0.844271 0.046875 0.026042
0 0.789062 0.462500 0.046875 0.022917
0 0.451562 0.161979 0.051042 0.040625
0 0.871354 0.451562 0.055208 0.044792
0 0.766667 0.751563 0.037500 0.048958
0 0.483854 0.625000 0.038542 0.027083
0 0.853646 0.454167 0.028125 0.039583
0 0.256771 0.085417 0.046875 0.031250
0 0.526563 0.072917 0.042708 0.037500
0 0.274479 0.406771 0.038542 0.040625
0 0.864062 0.240625 0.038542 0.025000
0 0.445312 0.521875 0.042708 0.047917
0 0.534375 0.785937 0.037500 0.040625
0 0.479687 0.271354 0.028125 0.048958
0 0.931771 0.388542 0.032292 0.047917
0 0.692187 0.864062 0.044792 0.042708
0 0.145313 0.433333 0.021875 0.041667
0 0.077604 0.636979 0.034375 0.048958
0 0.362500 0.919271 0.035417 0.048958
0 0.696875 0.916146 0.039583 0.036458
0 0.170313 0.271354 0.023958 0.046875
0 0.659896 0.252604 0.026042 0.040625
0 0.090625 0.761458 0.045833 0.043750
0 0.562500 0.954688 0.045833 0.034375
0 0.381250 0.134896 0.039583 0.053125
0 0.164583 0.219792 0.020833 0.041667
0 0.369792 0.451562 0.029167 0.044792
0 0.586979 0.316146 0.038542 0.040625
0 0.915625 0.439583 0.050000 0.029167
0 0.787500 0.086979 0.045833 0.048958
0 0.147396 0.423958 0.042708 0.037500
0 0.511979 0.222917 0.040625 0.047917
0 0.785417 0.555208 0.020833 0.039583
0 0.154167 0.470833 0.047917 0.052083
0 0.502604 0.450000 0.046875 0.043750
0 0.759375 0.866667 0.041667 0.047917
0 0.546354 0.686458 0.023958 0.047917
0 0.457813 0.788542 0.048958 0.041667
0 0.706250 0.300521 0.043750 0.026042
0 0.919792 0.440625 0.047917 0.035417
0 0.383333 0.729167 0.037500 0.031250
0 0.447396 0.277604 0.040625 0.028125
0 0.265625 0.886979 0.037500 0.038542
0 0.544271 0.141667 0.042708 0.039583
0 0.823958 0.337500 0.035417 0.020833
0 0.548958 0.660417 0.043750 0.045833
0 0.927604 0.644271 0.019792 0.038542
0 0.586458 0.420312 0.054167 0.036458
0 0.592708 0.232292 0.047917 0.039583
0 0.166667 0.116667 0.043750 0.045833
0 0.806250 0.611458 0.025000 0.037500
0 0.369271 0.698438 0.040625 0.030208
0 0.257812 0.236979 0.032292 0.040625
0 0.251042 0.333333 0.043750 0.037500
0 0.952604 0.647396 0.046875 0.040625
0 0.868750 0.682292 0.027083 0.045833
0 0.458333 0.216146 0.045833 0.038542
0 0.116146 0.194792 0.026042 0.041667
0 0.125521 0.083854 0.038542 0.051042
0 0.271354 0.513021 0.038542 0.038542
0 0.263021 0.681771 0.051042 0.038542
0 0.707812 0.710938 0.044792 0.042708
0 0.753646 0.620833 0.044792 0.052083
0 0.934896 0.850521 0.036458 0.040625
0 0.692708 0.886458 0.045833 0.031250
0 0.436979 0.347396 0.030208 0.053125
0 0.723437 0.482812 0.053125 0.034375
0 0.785937 0.636979 0.051042 0.053125
0 0.582812 0.668229 0.051042 0.044792
0 0.519792 0.709375 0.052083 0.043750
0 0.672917 0.182292 0.043750 0.025000
0 0.614062 0.818750 0.053125 0.037500
0 0.860938 0.659375 0.048958 0.052083
0 0.095312 0.469271 0.032292 0.040625
0 0.639583 0.848437 0.054167 0.051042
0 0.441146 0.810937 0.048958 0.048958
0 0.590104 0.845833 0.053125 0.037500
0 0.688021 0.953646 0.038542 0.055208
0 0.827604 0.130729 0.030208 0.040625
0 0.383854 0.831250 0.042708 0.039583
0 0.184375 0.167708 0.041667 0.039583
0 0.695312 0.302083 0.030208 0.043750
0 0.454167 0.271354 0.052083 0.034375
0 0.625000 0.278646 0.047917 0.053125
0 0.432292 0.740625 0.037500 0.041667
0 0.606771 0.396875 0.046875 0.045833
0 0.074479 0.718750 0.040625 0.022917
0 0.556250 0.197917 0.052083 0.045833
0 0.127083 0.370833 0.033333 0.047917
0 0.795833 0.667708 0.050000 0.047917
0 0.259896 0.298438 0.032292 0.044792
0 0.233854 0.372917 0.048958 0.027083
0 0.153646 0.465625 0.019792 0.035417
0 0.500521 0.142187 0.034375 0.040625
0 0.534375 0.568750 0.037500 0.022917
0 0.464062 0.429688 0.048958 0.046875
0 0.604688 0.318229 0.046875 0.036458
0 0.298438 0.480208 0.023958 0.041667
0 0.672396 0.517708 0.051042 0.031250
0 0.425000 0.821354 0.037500 0.053125
0 0.392188 0.307292 0.048958 0.039583
0 0.703125 0.911458 0.037500 0.035417
0 0.581771 0.636458 0.048958 0.035417
0 0.380729 0.511979 0.030208 0.040625
0 0.688542 0.817187 0.039583 0.023958
0 0.663542 0.163021 0.043750 0.040625
0 0.511979 0.358854 0.051042 0.026042
0 0.161979 0.086458 0.036458 0.043750
0 0.623437 0.797917 0.036458 0.043750
0 0.936458 0.124479 0.050000 0.042708
0 0.514062 0.951562 0.026042 0.044792
0 0.408333 0.693229 0.043750 0.055208
0 0.718750 0.641667 0.050000 0.031250
0 0.713542 0.281771 0.050000 0.034375
0 0.108854 0.808854 0.021875 0.042708
0 0.784896 0.593229 0.040625 0.055208
0 0.806250 0.514583 0.018750 0.035417
0 0.125521 0.641667 0.021875 0.041667
0 0.138542 0.384375 0.035417 0.043750
0 0.685937 0.111458 0.044792 0.027083
0 0.866667 0.522396 0.045833 0.048958
0 0.567187 0.644271 0.048958 0.034375
0 0.537500 0.168229 0.052083 0.051042
0 0.894271 0.125521 0.040625 0.026042
0 0.091146 0.559896 0.040625 0.055208
0 0.894271 0.127604 0.051042 0.042708
0 0.295312 0.282292 0.036458 0.043750
0 0.661458 0.740625 0.037500 0.031250
0 0.572396 0.403646 0.046875 0.026042
0 0.253125 0.298958 0.047917 0.039583
0 0.412500 0.160938 0.052083 0.051042
0 0.326042 0.543750 0.037500 0.035417
0 0.681771 0.464583 0.042708 0.037500
0 0.434375 0.233333 0.041667 0.039583
0 0.656771 0.828646 0.028125 0.051042
0 0.425000 0.097396 0.043750 0.048958
0 0.763542 0.719271 0.047917 0.023958
0 0.146354 0.745313 0.051042 0.040625
0 0.518229 0.237500 0.044792 0.035417
0 0.514583 0.774479 0.043750 0.055208
0 0.561458 0.174479 0.029167 0.046875
0 0.948438 0.205729 0.038542 0.040625
0 0.134375 0.697396 0.045833 0.048958
0 0.171354 0.751563 0.046875 0.055208
0 0.695833 0.971875 0.025000 0.047917
0 0.672917 0.172396 0.050000 0.026042
0 0.430729 0.441146 0.051042 0.034375
0 0.094271 0.490625 0.038542 0.033333
0 0.468750 0.959896 0.035417 0.044792
0 0.263542 0.234896 0.054167 0.046875
0 0.940104 0.301042 0.028125 0.050000
0 0.139063 0.198958 0.042708 0.037500
0 0.094271 0.752604 0.046875 0.055208
0 0.410417 0.475000 0.031250 0.045833
0 0.930208 0.375000 0.033333 0.045833
0 0.368229 0.277604 0.040625 0.036458
0 0.852083 0.808333 0.041667 0.029167
0 0.770312 0.464583 0.038542 0.035417
0 0.838542 0.135937 0.025000 0.038542
0 0.377083 0.324479 0.039583 0.048958
0 0.422396 0.089583 0.051042 0.050000
0 0.777083 0.284896 0.043750 0.042708
0 0.302083 0.772396 0.039583 0.036458
0 0.406771 0.682813 0.044792 0.040625
0 0.528125 0.115625 0.037500 0.029167
0 0.143229 0.534896 0.044792 0.042708
0 0.454688 0.766146 0.051042 0.036458
0 0.845313 0.570833 0.034375 0.047917
0 0.926042 0.833333 0.041667 0.039583
0 0.143229 0.550000 0.046875 0.031250
0 0.320312 0.347917 0.036458 0.047917
0 0.226042 0.251563 0.031250 0.040625
0 0.925521 0.191146 0.044792 0.051042
0 0.380729 0.421875 0.034375 0.039583
0 0.089583 0.896354 0.039583 0.048958
0 0.423438 0.524479 0.036458 0.040625
0 0.141667 0.485417 0.033333 0.037500
0 0.342187 0.961458 0.053125 0.045833
0 0.478125 0.506771 0.054167 0.040625
0 0.106250 0.307812 0.050000 0.044792
0 0.555208 0.240104 0.031250 0.044792
0 0.279167 0.524479 0.043750 0.030208
0 0.755729 0.848958 0.036458 0.037500
0 0.548958 0.751042 0.033333 0.045833
0 0.278646 0.822917 0.036458 0.043750
0 0.931771 0.743229 0.046875 0.023958
0 0.261458 0.175000 0.041667 0.052083
0 0.665104 0.578125 0.021875 0.037500
0 0.250000 0.158333 0.033333 0.043750
0 0.633854 0.285938 0.044792 0.042708
0 0.671875 0.914062 0.047917 0.032292
0 0.145833 0.404687 0.025000 0.038542
0 0.649479 0.676042 0.036458 0.037500
0 0.715625 0.152604 0.045833 0.032292
0 0.911979 0.220833 0.051042 0.035417
0 0.503646 0.815625 0.028125 0.043750
0 0.886979 0.648438 0.046875 0.038542
0 0.383333 0.743229 0.041667 0.044792
0 0.180729 0.367708 0.038542 0.027083
0 0.315625 0.527083 0.037500 0.027083
0 0.567187 0.603646 0.044792 0.040625
0 0.284896 0.771875 0.030208 0.043750
0 0.236458 0.287500 0.025000 0.043750
0 0.639062 0.382812 0.032292 0.040625
0 0.079687 0.288542 0.042708 0.027083
0 0.778646 0.366667 0.053125 0.043750
0 0.694271 0.239063 0.055208 0.046875
0 0.088542 0.358854 0.050000 0.040625
0 0.625521 0.317708 0.046875 0.043750
0 0.130208 0.721354 0.033333 0.040625
0 0.389583 0.850000 0.027083 0.045833
0 0.198437 0.390625 0.040625 0.047917
0 0.255729 0.154688 0.044792 0.051042
0 0.768229 0.473958 0.051042 0.047917
0 0.964583 0.147396 0.052083 0.051042
0 0.381250 0.098958 0.039583 0.041667
0 0.085938 0.445833 0.051042 0.050000
0 0.917708 0.147396 0.045833 0.036458
0 0.895312 0.451042 0.040625 0.020833
0 0.620313 0.152083 0.034375 0.047917
0 0.689063 0.097917 0.048958 0.041667
0 0.816146 0.613542 0.023958 0.043750
0 0.251563 0.208333 0.038542 0.035417
0 0.527604 0.650521 0.026042 0.046875
0 0.708854 0.752083 0.034375 0.039583
0 0.941667 0.494792 0.039583 0.047917
0 0.419271 0.284375 0.026042 0.039583
0 0.725000 0.472396 0.039583 0.044792
0 0.809896 0.853125 0.028125 0.041667
0 0.133854 0.182292 0.036458 0.043750
0 0.482812 0.131771 0.051042 0.038542
0 0.425521 0.381250 0.046875 0.027083
0 0.630729 0.925000 0.023958 0.041667
0 0.259896 0.404687 0.051042 0.038542
0 0.703125 0.246875 0.043750 0.045833
0 0.539583 0.106771 0.045833 0.055208
0 0.274479 0.175000 0.021875 0.037500
0 0.095312 0.732292 0.038542 0.043750
0 0.777083 0.786458 0.041667 0.047917
0 0.278646 0.329688 0.038542 0.021875
0 0.909896 0.227083 0.046875 0.052083
0 0.395833 0.890104 0.039583 0.019792
0 0.479167 0.481250 0.035417 0.037500
0 0.339583 0.494271 0.045833 0.055208
0 0.661979 0.644792 0.038542 0.035417
0 0.506771 0.908854 0.051042 0.036458
0 0.558333 0.630729 0.037500 0.038542
0 0.395833 0.647917 0.022917 0.039583
0 0.692187 0.654167 0.026042 0.045833
0 0.324479 0.838542 0.036458 0.037500
0 0.617708 0.581771 0.039583 0.034375
0 0.341146 0.119271 0.042708 0.051042
0 0.488021 0.545833 0.034375 0.043750
0 0.072396 0.578646 0.040625 0.026042
0 0.967187 0.461979 0.044792 0.042708
0 0.878125 0.720833 0.047917 0.025000
0 0.848958 0.567187 0.041667 0.023958
0 0.160938 0.937500 0.019792 0.035417
0 0.295312 0.197917 0.044792 0.052083
0 0.077604 0.948958 0.048958 0.025000
0 0.455729 0.886979 0.048958 0.032292
0 0.757812 0.831250 0.038542 0.027083
0 0.121875 0.899479 0.047917 0.030208
0 0.252083 0.208333 0.050000 0.047917
0 0.783854 0.104688 0.044792 0.030208
0 0.292187 0.339062 0.019792 0.038542
0 0.413542 0.171354 0.039583 0.048958
0 0.650000 0.804688 0.037500 0.021875
0 0.852604 0.954688 0.046875 0.055208
0 0.806771 0.940625 0.042708 0.054167
0 0.831250 0.723437 0.043750 0.055208
0 0.092188 0.202604 0.030208 0.048958
0 0.897917 0.578125 0.039583 0.041667
0 0.077083 0.865104 0.045833 0.048958
0 0.104688 0.654167 0.028125 0.041667
0 0.748437 0.102604 0.040625 0.051042
0 0.708333 0.940625 0.052083 0.045833
0 0.826562 0.957292 0.026042 0.037500
0 0.170833 0.082292 0.041667 0.029167
0 0.177083 0.401042 0.052083 0.045833
0 0.483333 0.863542 0.047917 0.050000
0 0.888021 0.385937 0.042708 0.044792
0 0.706771 0.476562 0.044792 0.040625
0 0.817187 0.677083 0.042708 0.039583
0 0.704688 0.710417 0.028125 0.039583
0 0.424479 0.209375 0.040625 0.041667
0 0.332292 0.115625 0.027083 0.041667
0 0.141667 0.451042 0.045833 0.043750
0 0.451042 0.869271 0.043750 0.040625
0 0.532813 0.104688 0.032292 0.048958
0 0.379688 0.728125 0.053125 0.043750
0 0.193750 0.149479 0.041667 0.048958
0 0.177604 0.840625 0.034375 0.039583
0 0.628125 0.189062 0.045833 0.036458
0 0.281771 0.781250 0.028125 0.050000
0 0.129167 0.929688 0.043750 0.030208
0 0.371354 0.600000 0.026042 0.039583
0 0.222396 0.292187 0.026042 0.040625
0 0.215104 0.819271 0.042708 0.051042
0 0.781250 0.243229 0.054167 0.044792
0 0.659375 0.260417 0.043750 0.031250
0 0.429688 0.579167 0.030208 0.039583
0 0.380208 0.239583 0.045833 0.045833
0 0.831771 0.633854 0.053125 0.030208
0 0.598437 0.138021 0.042708 0.051042
0 0.942187 0.776563 0.055208 0.038542
0 0.729167 0.159375 0.033333 0.050000
0 0.078646 0.244271 0.048958 0.046875
0 0.447396 0.431771 0.048958 0.055208
0 0.328125 0.764062 0.045833 0.034375
0 0.814583 0.271875 0.027083 0.037500
0 0.519792 0.612500 0.041667 0.029167
0 0.488542 0.445312 0.025000 0.038542
0 0.428646 0.367188 0.046875 0.036458
0 0.479687 0.690625 0.038542 0.033333
0 0.640104 0.277083 0.040625 0.025000
0 0.402083 0.221875 0.045833 0.031250
0 0.128125 0.786458 0.035417 0.037500
0 0.590104 0.773958 0.021875 0.039583
0 0.766146 0.272396 0.046875 0.038542
0 0.081250 0.102604 0.043750 0.040625
0 0.465104 0.682292 0.032292 0.039583
0 0.779167 0.135417 0.037500 0.027083
0 0.741667 0.373437 0.052083 0.034375
0 0.907813 0.507812 0.044792 0.042708
0 0.664062 0.752604 0.051042 0.040625
0 0.928646 0.439583 0.042708 0.041667
0 0.717708 0.808854 0.045833 0.040625
0 0.617188 0.674479 0.040625 0.038542
0 0.376563 0.399479 0.044792 0.055208
0 0.903125 0.258854 0.033333 0.053125
0 0.438542 0.284375 0.020833 0.041667
0 0.458854 0.154167 0.036458 0.037500
0 0.387500 0.304688 0.045833 0.028125
0 0.509896 0.698958 0.042708 0.031250
0 0.177083 0.231250 0.050000 0.050000
0 0.079167 0.620833 0.052083 0.047917
0 0.468229 0.090625 0.042708 0.047917
0 0.443750 0.811979 0.043750 0.028125
0 0.852083 0.822396 0.041667 0.042708
0 0.931771 0.473438 0.036458 0.046875
0 0.713021 0.516146 0.023958 0.040625
0 0.634896 0.591146 0.055208 0.044792
0 0.083854 0.132812 0.017708 0.036458
0 0.218750 0.888542 0.050000 0.031250
0 0.253125 0.848958 0.022917 0.039583
0 0.425521 0.733333 0.038542 0.031250
0 0.248438 0.168229 0.023958 0.040625
0 0.279167 0.790104 0.018750 0.036458
0 0.327604 0.284375 0.042708 0.039583
0 0.681771 0.740625 0.034375 0.043750
0 0.184375 0.215625 0.029167 0.041667
0 0.073958 0.417708 0.025000 0.039583
0 0.622917 0.142708 0.037500 0.029167
0 0.540625 0.377083 0.035417 0.020833
0 0.652083 0.900521 0.031250 0.040625
0 0.237500 0.443750 0.025000 0.047917
0 0.140104 0.830729 0.032292 0.040625
0 0.567187 0.857292 0.038542 0.033333
0 0.384896 0.641146 0.042708 0.023958
0 0.324479 0.488021 0.038542 0.055208
0 0.471875 0.555729 0.037500 0.053125
0 0.314583 0.883333 0.039583 0.041667
0 0.919271 0.427083 0.040625 0.043750
0 0.873958 0.513021 0.031250 0.040625
0 0.383333 0.093750 0.045833 0.027083
0 0.458854 0.317188 0.030208 0.048958
0 0.331250 0.906250 0.039583 0.041667
0 0.388542 0.304688 0.035417 0.040625
0 0.071875 0.528646 0.035417 0.044792
0 0.543229 0.361458 0.021875 0.037500
0 0.892188 0.404687 0.028125 0.040625
0 0.330208 0.316146 0.029167 0.046875
0 0.774479 0.473438 0.028125 0.040625
0 0.290104 0.682292 0.042708 0.029167
0 0.390625 0.422917 0.033333 0.047917
0 0.411458 0.304167 0.041667 0.039583
0 0.268750 0.925000 0.039583 0.052083
0 0.901042 0.559896 0.043750 0.042708
0 0.618229 0.214583 0.038542 0.018750
0 0.348958 0.624479 0.029167 0.040625
0 0.923438 0.338021 0.040625 0.030208
0 0.365104 0.656771 0.051042 0.042708
0 0.764062 0.854688 0.051042 0.038542
0 0.822917 0.269271 0.037500 0.044792
0 0.364063 0.500000 0.042708 0.054167
0 0.549479 0.265625 0.032292 0.052083
0 0.466667 0.677083 0.035417 0.020833
0 0.831250 0.165625 0.037500 0.022917
0 0.150000 0.591667 0.047917 0.052083
0 0.096875 0.106250 0.016667 0.033333
0 0.343229 0.758854 0.030208 0.040625
0 0.895312 0.957292 0.032292 0.043750
0 0.081771 0.258854 0.026042 0.040625
0 0.659375 0.233333 0.043750 0.045833
0 0.951562 0.829688 0.053125 0.032292
0 0.953646 0.357292 0.032292 0.039583
0 0.559375 0.304688 0.025000 0.042708
0 0.455208 0.950521 0.037500 0.053125
0 0.497917 0.167187 0.020833 0.038542
0 0.829167 0.497396 0.052083 0.051042
0 0.784896 0.159375 0.046875 0.031250
0 0.913542 0.555208 0.045833 0.029167
0 0.746875 0.345313 0.031250 0.048958
0 0.395313 0.240625 0.030208 0.039583
0 0.679167 0.528125 0.022917 0.037500
0 0.461979 0.907292 0.048958 0.039583
0 0.481250 0.757292 0.041667 0.031250
0 0.307812 0.554688 0.040625 0.023958
0 0.323437 0.630208 0.048958 0.025000
0 0.451042 0.472917 0.041667 0.025000
0 0.408854 0.081250 0.044792 0.033333
0 0.458333 0.413021 0.047917 0.028125
0 0.911458 0.072917 0.031250 0.037500
0 0.680729 0.836458 0.042708 0.047917
0 0.610417 0.682292 0.047917 0.033333
0 0.449479 0.745833 0.023958 0.037500
0 0.743229 0.957292 0.026042 0.039583
0 0.516667 0.477083 0.052083 0.043750
0 0.443750 0.668750 0.052083 0.037500
0 0.405208 0.728646 0.041667 0.032292
0 0.644271 0.849479 0.044792 0.040625
0 0.473958 0.798958 0.033333 0.043750
0 0.671875 0.616146 0.052083 0.032292
0 0.319792 0.294792 0.047917 0.041667
0 0.361979 0.249479 0.051042 0.036458
0 0.699479 0.116667 0.032292 0.052083
0 0.323958 0.439583 0.043750 0.052083
0 0.938021 0.471354 0.051042 0.034375
0 0.847396 0.345313 0.032292 0.044792
0 0.956771 0.312500 0.044792 0.035417
0 0.650000 0.328646 0.025000 0.046875
0 0.114583 0.754687 0.039583 0.038542
0 0.383333 0.417708 0.022917 0.035417
0 0.082812 0.892188 0.044792 0.032292
0 0.830208 0.209896 0.035417 0.048958
0 0.807292 0.509375 0.035417 0.043750
0 0.847917 0.197917 0.041667 0.025000
0 0.620833 0.159375 0.031250 0.037500
0 0.406250 0.317188 0.050000 0.040625
0 0.145313 0.302604 0.051042 0.028125
0 0.421875 0.410938 0.041667 0.044792
0 0.480208 0.848958 0.035417 0.018750
0 0.599479 0.699479 0.044792 0.042708
0 0.140104 0.204687 0.034375 0.046875
0 0.429167 0.419271 0.052083 0.030208
0 0.816667 0.082812 0.043750 0.032292
0 0.239583 0.333333 0.050000 0.033333
0 0.901042 0.855729 0.039583 0.044792
0 0.105729 0.816146 0.038542 0.051042
0 0.480729 0.884896 0.023958 0.040625
0 0.686979 0.503125 0.019792 0.037500
0 0.343750 0.322917 0.037500 0.033333
0 0.400521 0.529167 0.051042 0.031250
0 0.638542 0.229687 0.039583 0.038542
0 0.249479 0.482292 0.038542 0.027083
0 0.286979 0.918229 0.046875 0.026042
0 0.370833 0.859375 0.045833 0.031250
0 0.084375 0.691667 0.035417 0.047917
0 0.153125 0.751563 0.035417 0.044792
0 0.931250 0.376042 0.052083 0.035417
0 0.075000 0.610938 0.039583 0.038542
0 0.881771 0.308333 0.032292 0.047917
0 0.807813 0.763542 0.040625 0.041667
0 0.392708 0.660937 0.029167 0.046875
0 0.281771 0.517188 0.017708 0.036458
0 0.185938 0.783854 0.038542 0.040625
0 0.500000 0.904687 0.050000 0.053125
0 0.664583 0.801042 0.050000 0.033333
0 0.518750 0.194271 0.054167 0.044792
0 0.829167 0.486458 0.043750 0.045833
0 0.521354 0.609375 0.038542 0.052083
0 0.125521 0.072917 0.030208 0.039583
0 0.910937 0.837500 0.048958 0.039583
0 0.514062 0.936979 0.030208 0.044792
0 0.804688 0.543750 0.030208 0.047917
0 0.888542 0.865104 0.039583 0.034375
0 0.793750 0.627604 0.039583 0.030208
0 0.638542 0.606250 0.035417 0.018750
0 0.747396 0.298438 0.055208 0.046875
0 0.389062 0.329688 0.036458 0.040625
0 0.350521 0.506250 0.030208 0.050000
0 0.847917 0.536979 0.033333 0.044792
0 0.268750 0.128125 0.052083 0.041667
0 0.193750 0.562500 0.029167 0.045833
0 0.420312 0.343229 0.040625 0.036458
0 0.114583 0.416667 0.043750 0.033333
0 0.817708 0.847396 0.047917 0.046875
0 0.202083 0.605729 0.035417 0.040625
0 0.227604 0.953646 0.040625 0.023958
0 0.792708 0.371354 0.031250 0.048958
0 0.875521 0.968750 0.051042 0.047917
0 0.147396 0.583333 0.036458 0.043750
0 0.504687 0.190104 0.042708 0.023958
0 0.546354 0.483333 0.034375 0.039583
0 0.530729 0.131250 0.040625 0.022917
0 0.203646 0.797917 0.038542 0.025000
0 0.112500 0.180729 0.047917 0.046875
0 0.235937 0.643750 0.032292 0.039583
0 0.859375 0.579688 0.039583 0.038542
0 0.330729 0.729167 0.044792 0.045833
0 0.629687 0.118229 0.042708 0.021875
0 0.932813 0.097396 0.036458 0.046875
0 0.698958 0.730208 0.035417 0.037500
0 0.853646 0.197396 0.038542 0.051042
0 0.806250 0.379688 0.035417 0.044792
0 0.113542 0.150000 0.031250 0.043750
0 0.708854 0.248438 0.048958 0.046875
0 0.180729 0.679688 0.046875 0.038542
0 0.925000 0.367708 0.027083 0.037500
0 0.506250 0.564063 0.031250 0.040625
0 0.905729 0.672396 0.028125 0.048958
0 0.960417 0.711979 0.047917 0.046875
0 0.475521 0.460417 0.036458 0.022917
0 0.564583 0.923438 0.047917 0.023958
0 0.631250 0.686979 0.031250 0.053125
0 0.868229 0.673958 0.034375 0.039583
0 0.372396 0.559896 0.030208 0.040625
0 0.922917 0.762500 0.039583 0.020833
0 0.597396 0.340625 0.030208 0.039583
0 0.127604 0.481771 0.055208 0.036458
0 0.657292 0.671875 0.047917 0.039583
0 0.274479 0.609896 0.036458 0.051042
0 0.329688 0.281250 0.040625 0.020833
0 0.571875 0.679688 0.047917 0.030208
0 0.942187 0.958333 0.038542 0.025000
0 0.931250 0.166146 0.047917 0.053125
0 0.877083 0.858854 0.043750 0.048958
0 0.164062 0.695312 0.040625 0.046875
0 0.678125 0.931771 0.039583 0.034375
0 0.270833 0.332813 0.054167 0.036458
0 0.252604 0.102604 0.046875 0.048958
0 0.105208 0.631771 0.039583 0.048958
0 0.788021 0.908854 0.040625 0.051042
0 0.472917 0.108333 0.035417 0.018750
0 0.394271 0.638542 0.046875 0.029167
0 0.643229 0.082812 0.044792 0.040625
0 0.689063 0.639062 0.040625 0.055208
0 0.719792 0.380729 0.052083 0.053125
0 0.655208 0.257292 0.052083 0.043750
0 0.871875 0.475000 0.025000 0.041667
0 0.810937 0.682813 0.040625 0.046875
0 0.178125 0.151042 0.033333 0.050000
0 0.947396 0.238021 0.051042 0.038542
0 0.630208 0.158854 0.054167 0.048958
0 0.972917 0.522917 0.052083 0.037500
0 0.301563 0.477083 0.044792 0.045833
0 0.667708 0.259375 0.039583 0.020833
0 0.100000 0.879687 0.052083 0.051042
0 0.340625 0.260937 0.039583 0.028125
0 0.167187 0.634896 0.042708 0.023958
0 0.378125 0.667188 0.035417 0.040625
0 0.277604 0.707812 0.053125 0.030208
0 0.740104 0.945312 0.042708 0.021875
0 0.865104 0.864583 0.042708 0.039583
0 0.302604 0.447917 0.053125 0.039583
0 0.301042 0.240104 0.043750 0.048958
0 0.102604 0.770833 0.048958 0.041667
0 0.277083 0.384896 0.039583 0.038542
0 0.643229 0.747396 0.046875 0.026042
0 0.930729 0.341146 0.048958 0.046875
0 0.638021 0.600000 0.048958 0.033333
0 0.584375 0.745313 0.035417 0.040625
0 0.659375 0.811458 0.037500 0.052083
0 0.606250 0.415625 0.035417 0.043750
0 0.493229 0.448958 0.044792 0.033333
0 0.388542 0.927604 0.037500 0.040625
0 0.885417 0.216146 0.027083 0.042708
0 0.926562 0.354167 0.030208 0.047917
0 0.166667 0.740625 0.037500 0.031250
0 0.786458 0.857812 0.035417 0.040625
0 0.529167 0.223438 0.031250 0.040625
0 0.911979 0.587500 0.051042 0.033333
0 0.165104 0.083854 0.044792 0.042708
0 0.318229 0.768750 0.053125 0.035417
0 0.625000 0.683333 0.045833 0.029167
0 0.760417 0.430729 0.025000 0.046875
0 0.786458 0.880208 0.039583 0.022917
0 0.558333 0.356771 0.037500 0.038542
0 0.413542 0.804688 0.027083 0.042708
0 0.608854 0.681250 0.036458 0.020833
0 0.657292 0.784375 0.022917 0.037500
0 0.877604 0.634375 0.044792 0.035417
0 0.846354 0.647917 0.044792 0.052083
0 0.828646 0.827604 0.036458 0.040625
0 0.285417 0.829688 0.020833 0.036458
0 0.625521 0.591146 0.042708 0.023958
0 0.454167 0.658333 0.022917 0.037500
0 0.514583 0.506250 0.035417 0.047917
0 0.453646 0.336979 0.055208 0.051042
0 0.575521 0.460938 0.044792 0.042708
0 0.710417 0.901042 0.033333 0.052083
0 0.419792 0.581771 0.031250 0.053125
0 0.618750 0.340625 0.041667 0.052083