0 0.937500 0.725000 0.050000 0.031250
0 0.741146 0.138021 0.044792 0.028125
0 0.249479 0.301563 0.044792 0.042708
0 0.230208 0.713021 0.052083 0.032292
0 0.811458 0.477083 0.031250 0.050000
0 0.078125 0.785417 0.050000 0.029167
0 0.728646 0.725521 0.053125 0.032292
0 0.819792 0.149479 0.047917 0.028125
0 0.104688 0.728646 0.044792 0.042708
0 0.318229 0.629687 0.055208 0.048958
0 0.795312 0.570312 0.044792 0.051042
0 0.854688 0.241667 0.036458 0.047917
0 0.434896 0.939583 0.028125 0.043750
0 0.469271 0.707812 0.048958 0.055208
0 0.177083 0.859375 0.031250 0.037500
0 0.751563 0.914583 0.021875 0.041667
0 0.135417 0.582292 0.041667 0.031250
0 0.194792 0.583854 0.039583 0.038542
0 0.187500 0.384896 0.050000 0.042708
0 0.426042 0.315625 0.052083 0.041667
0 0.296354 0.292708 0.038542 0.033333
0 0.905729 0.417708 0.038542 0.033333
0 0.308854 0.454688 0.040625 0.051042
0 0.704167 0.331771 0.035417 0.048958
0 0.405208 0.907813 0.041667 0.044792
0 0.576042 0.232292 0.052083 0.047917
0 0.279687 0.454167 0.048958 0.041667
0 0.760938 0.542708 0.036458 0.020833
0 0.561979 0.071875 0.038542 0.035417
0 0.384896 0.896354 0.055208 0.036458
0 0.218229 0.676042 0.048958 0.025000
0 0.653125 0.849479 0.037500 0.053125
0 0.814063 0.136979 0.038542 0.038542
0 0.501563 0.381771 0.046875 0.038542
0 0.188021 0.495833 0.042708 0.031250
0 0.755208 0.630208 0.037500 0.035417
0 0.427083 0.855729 0.039583 0.023958
0 0.080208 0.757292 0.027083 0.047917
0 0.617708 0.481771 0.037500 0.038542
0 0.947396 0.847396 0.038542 0.055208
0 0.710938 0.771354 0.026042 0.040625
0 0.830729 0.868750 0.036458 0.043750
0 0.606771 0.727083 0.026042 0.041667
0 0.810937 0.721354 0.040625 0.034375
0 0.768229 0.551042 0.030208 0.043750
0 0.631771 0.827604 0.051042 0.034375
0 0.613542 0.907813 0.052083 0.034375
0 0.929688 0.526563 0.044792 0.030208
0 0.312500 0.682292 0.052083 0.035417
0 0.528646 0.833333 0.038542 0.027083
0 0.368229 0.376042 0.048958 0.033333
0 0.383854 0.911979 0.055208 0.046875
0 0.490104 0.777604 0.028125 0.040625
0 0.515625 0.485417 0.047917 0.027083
0 0.594792 0.407813 0.050000 0.040625
0 0.599479 0.268750 0.038542 0.025000
0 0.683333 0.555208 0.037500 0.033333
0 0.405208 0.743750 0.031250 0.037500
0 0.092708 0.103125 0.033333 0.043750
0 0.444271 0.553125 0.053125 0.043750
0 0.696354 0.597396 0.026042 0.044792
0 0.474479 0.276042 0.042708 0.031250
0 0.207292 0.743750 0.018750 0.037500
0 0.396354 0.776563 0.040625 0.051042
0 0.878125 0.195833 0.043750 0.045833
0 0.313542 0.125521 0.031250 0.044792
0 0.419792 0.132812 0.045833 0.040625
0 0.307812 0.376563 0.048958 0.055208
0 0.794792 0.240625 0.050000 0.031250
0 0.552083 0.270313 0.043750 0.032292
0 0.254167 0.227604 0.025000 0.042708
0 0.815104 0.326562 0.032292 0.040625
0 0.527604 0.285938 0.034375 0.040625
0 0.769271 0.704167 0.038542 0.031250
0 0.110937 0.248438 0.048958 0.028125
0 0.176563 0.958854 0.017708 0.036458
0 0.888021 0.285938 0.053125 0.034375
0 0.690625 0.531250 0.022917 0.037500
0 0.117708 0.642188 0.041667 0.032292
0 0.492708 0.873958 0.043750 0.025000
0 0.818750 0.587500 0.050000 0.031250
0 0.960938 0.089583 0.034375 0.037500
0 0.529687 0.186458 0.023958 0.041667
0 0.071875 0.915104 0.031250 0.040625
0 0.111458 0.903646 0.043750 0.030208
0 0.423438 0.318229 0.038542 0.038542
0 0.128125 0.674479 0.054167 0.044792
0 0.270313 0.171875 0.042708 0.047917
0 0.166667 0.416146 0.054167 0.048958
0 0.791667 0.855208 0.035417 0.047917
0 0.847917 0.074479 0.047917 0.032292
0 0.320833 0.348958 0.035417 0.043750
0 0.755208 0.365104 0.039583 0.026042
0 0.634896 0.686979 0.023958 0.042708
0 0.365104 0.436458 0.046875 0.052083
0 0.771354 0.713542 0.040625 0.052083
0 0.594792 0.867188 0.027083 0.042708
0 0.579688 0.453125 0.048958 0.037500
0 0.553646 0.781250 0.038542 0.025000
0 0.609896 0.189062 0.038542 0.021875
0 0.650521 0.426563 0.038542 0.055208
0 0.217188 0.181250 0.038542 0.033333
0 0.751563 0.569271 0.038542 0.019792
0 0.455729 0.872396 0.040625 0.032292
0 0.573438 0.346354 0.032292 0.048958
0 0.709896 0.756250 0.023958 0.041667
0 0.584375 0.739062 0.045833 0.026042
0 0.159896 0.870833 0.038542 0.035417
0 0.228646 0.193229 0.048958 0.028125
0 0.326042 0.866667 0.037500 0.027083
0 0.767708 0.693750 0.041667 0.039583
0 0.216146 0.380729 0.053125 0.051042
0 0.363542 0.703125 0.043750 0.045833
0 0.873958 0.563021 0.043750 0.042708
0 0.383854 0.298958 0.026042 0.045833
0 0.254688 0.666146 0.044792 0.051042
0 0.605208 0.486458 0.050000 0.050000
0 0.819792 0.903125 0.045833 0.045833
0 0.387500 0.685937 0.041667 0.055208
0 0.447396 0.620313 0.019792 0.038542
0 0.460417 0.754167 0.037500 0.027083
0 0.613021 0.582812 0.051042 0.034375
0 0.217708 0.790625 0.035417 0.022917
0 0.788021 0.777083 0.051042 0.050000
0 0.497917 0.852083 0.037500 0.031250
0 0.310417 0.517708 0.020833 0.035417
0 0.611979 0.892708 0.036458 0.018750
0 0.736458 0.493750 0.052083 0.041667
0 0.398958 0.236458 0.033333 0.043750
0 0.394792 0.348958 0.050000 0.031250
0 0.588021 0.447396 0.030208 0.044792
0 0.849479 0.338542 0.036458 0.020833
0 0.212500 0.634375 0.047917 0.033333
0 0.148438 0.372396 0.036458 0.046875
0 0.868229 0.882292 0.032292 0.052083
0 0.929688 0.291667 0.044792 0.045833
0 0.871875 0.588542 0.041667 0.027083
0 0.409375 0.715104 0.043750 0.055208
0 0.531771 0.277083 0.032292 0.047917
0 0.238021 0.181250 0.038542 0.033333
0 0.634375 0.778646 0.043750 0.026042
0 0.395833 0.242708 0.025000 0.041667
0 0.141146 0.259896 0.030208 0.044792
0 0.604167 0.210417 0.050000 0.029167
0 0.763542 0.456250 0.037500 0.025000
0 0.671354 0.958854 0.038542 0.051042
0 0.847396 0.167187 0.040625 0.034375
0 0.324479 0.311979 0.038542 0.055208
0 0.616146 0.486979 0.038542 0.023958
0 0.900521 0.311979 0.038542 0.019792
0 0.217708 0.573438 0.033333 0.044792
0 0.263542 0.313542 0.031250 0.041667
0 0.599479 0.815625 0.026042 0.041667
0 0.957292 0.191146 0.035417 0.040625
0 0.108333 0.673958 0.020833 0.035417
0 0.492708 0.540104 0.027083 0.051042
0 0.537500 0.198958 0.039583 0.022917
0 0.090104 0.407813 0.040625 0.038542
0 0.096875 0.179167 0.037500 0.052083
0 0.732292 0.123438 0.035417 0.040625
0 0.478125 0.567708 0.037500 0.035417
0 0.581771 0.267188 0.040625 0.038542
0 0.517188 0.160417 0.040625 0.054167
0 0.136979 0.440104 0.032292 0.048958
0 0.496354 0.367188 0.053125 0.034375
0 0.930208 0.393229 0.054167 0.048958
0 0.493750 0.904687 0.039583 0.026042
0 0.468229 0.670312 0.051042 0.055208
0 0.720833 0.184896 0.050000 0.038542
0 0.423958 0.734896 0.043750 0.048958
0 0.833333 0.359375 0.037500 0.031250
0 0.545833 0.582812 0.054167 0.040625
0 0.949479 0.738542 0.038542 0.035417
0 0.750000 0.584375 0.052083 0.045833
0 0.953125 0.897396 0.039583 0.023958
0 0.420312 0.568229 0.053125 0.051042
0 0.160417 0.117708 0.029167 0.045833
0 0.601042 0.859896 0.054167 0.036458
0 0.883854 0.177083 0.053125 0.039583
0 0.203125 0.617188 0.043750 0.042708
0 0.302604 0.104688 0.055208 0.036458
0 0.476042 0.629687 0.043750 0.040625
0 0.345313 0.726562 0.042708 0.044792
0 0.568229 0.535417 0.036458 0.037500
0 0.535937 0.439063 0.026042 0.040625
0 0.944792 0.296875 0.043750 0.052083
0 0.293229 0.357812 0.053125 0.034375
0 0.650521 0.218229 0.042708 0.051042
0 0.645312 0.846354 0.046875 0.034375
0 0.816667 0.466146 0.037500 0.019792
0 0.649479 0.190104 0.055208 0.046875
0 0.527604 0.836458 0.053125 0.047917
0 0.418229 0.468750 0.023958 0.037500
0 0.854688 0.268229 0.044792 0.042708
0 0.516146 0.940625 0.051042 0.031250
0 0.942187 0.200521 0.038542 0.040625
0 0.515104 0.183333 0.038542 0.043750
0 0.269271 0.433854 0.038542 0.038542
0 0.507292 0.780729 0.035417 0.040625
0 0.652604 0.583854 0.042708 0.044792
0 0.359896 0.123438 0.044792 0.055208
0 0.315104 0.736458 0.023958 0.043750
0 0.946875 0.826562 0.039583 0.030208
0 0.605208 0.655208 0.035417 0.037500
0 0.584375 0.279167 0.052083 0.045833
0 0.875000 0.105729 0.054167 0.046875
0 0.578646 0.551042 0.042708 0.039583
0 0.572917 0.942708 0.047917 0.037500
0 0.520833 0.310417 0.025000 0.037500
0 0.721875 0.380729 0.054167 0.042708
0 0.225000 0.371354 0.022917 0.040625
0 0.294792 0.788021 0.050000 0.038542
0 0.193750 0.910937 0.043750 0.021875
0 0.968750 0.767708 0.043750 0.033333
0 0.939063 0.073438 0.046875 0.023958
0 0.623437 0.293229 0.051042 0.040625
0 0.362500 0.144792 0.043750 0.035417
0 0.630208 0.821354 0.045833 0.023958
0 0.775000 0.611979 0.052083 0.030208
0 0.104167 0.090625 0.041667 0.052083
0 0.437500 0.458333 0.037500 0.031250
0 0.435937 0.221875 0.036458 0.052083
0 0.277604 0.095833 0.034375 0.039583
0 0.751042 0.938021 0.037500 0.040625
0 0.447396 0.179167 0.042708 0.037500
0 0.952604 0.554167 0.038542 0.031250
0 0.613021 0.519271 0.044792 0.042708
0 0.685417 0.335417 0.041667 0.039583
0 0.289062 0.416146 0.026042 0.040625
0 0.360938 0.810417 0.038542 0.043750
0 0.765625 0.381771 0.050000 0.036458
0 0.910937 0.867708 0.046875 0.033333
0 0.776563 0.083333 0.051042 0.047917
0 0.507812 0.465104 0.042708 0.044792
0 0.461979 0.875521 0.051042 0.038542
0 0.078646 0.273438 0.036458 0.040625
0 0.096354 0.125521 0.046875 0.038542
0 0.880208 0.691146 0.054167 0.036458
0 0.835938 0.616146 0.055208 0.042708
0 0.287500 0.808333 0.043750 0.033333
0 0.356771 0.314063 0.026042 0.046875
0 0.916146 0.602083 0.042708 0.054167
0 0.106250 0.217188 0.037500 0.019792
0 0.325000 0.350000 0.027083 0.037500
0 0.584375 0.394792 0.037500 0.029167
0 0.635938 0.564583 0.034375 0.052083
0 0.717708 0.829167 0.045833 0.045833
0 0.944271 0.864583 0.046875 0.031250
0 0.692708 0.435937 0.047917 0.055208
0 0.306771 0.790104 0.040625 0.030208
0 0.773958 0.114583 0.041667 0.037500
0 0.641146 0.478646 0.048958 0.048958
0 0.212500 0.728646 0.027083 0.046875
0 0.587500 0.271875 0.043750 0.025000
0 0.572396 0.709375 0.034375 0.047917
0 0.281250 0.121875 0.033333 0.052083
0 0.861979 0.633854 0.055208 0.048958
0 0.886979 0.934375 0.051042 0.029167
0 0.769271 0.222917 0.036458 0.043750
0 0.461979 0.147917 0.053125 0.035417
0 0.365625 0.597396 0.022917 0.042708
0 0.474479 0.328125 0.038542 0.035417
0 0.556771 0.963021 0.053125 0.051042
0 0.958854 0.155729 0.046875 0.055208
0 0.498437 0.545312 0.044792 0.030208
0 0.813021 0.886979 0.030208 0.040625
0 0.666146 0.379688 0.048958 0.046875
0 0.450000 0.629167 0.041667 0.027083
0 0.133333 0.568750 0.029167 0.050000
0 0.650000 0.356250 0.025000 0.047917
0 0.291146 0.886458 0.030208 0.039583
0 0.816667 0.730729 0.037500 0.044792
0 0.435937 0.850000 0.048958 0.052083
0 0.418229 0.238542 0.046875 0.027083
0 0.473438 0.072917 0.036458 0.018750
0 0.222396 0.438542 0.044792 0.047917
0 0.668229 0.201042 0.048958 0.035417
0 0.866667 0.091667 0.037500 0.041667
0 0.827604 0.653125 0.046875 0.043750
0 0.201042 0.326042 0.047917 0.039583
0 0.957292 0.275000 0.039583 0.047917
0 0.445312 0.591146 0.046875 0.048958
0 0.555208 0.215625 0.041667 0.039583
0 0.950000 0.559375 0.047917 0.052083
0 0.469792 0.522917 0.029167 0.045833
0 0.665625 0.574479 0.041667 0.055208
0 0.540104 0.194271 0.046875 0.048958
0 0.278125 0.176042 0.033333 0.052083
0 0.781250 0.868750 0.041667 0.027083
0 0.386458 0.348438 0.043750 0.028125
0 0.554167 0.733333 0.039583 0.047917
0 0.548958 0.671875 0.031250 0.050000
0 0.273958 0.858854 0.052083 0.032292
0 0.507812 0.660937 0.048958 0.032292
0 0.680208 0.477604 0.050000 0.053125
0 0.364583 0.376563 0.035417 0.040625
0 0.211979 0.846875 0.046875 0.045833
0 0.596875 0.966667 0.037500 0.041667
0 0.630208 0.144792 0.031250 0.041667
0 0.836979 0.509375 0.046875 0.029167
0 0.343229 0.271875 0.053125 0.041667
0 0.861979 0.150000 0.051042 0.050000
0 0.529167 0.491667 0.029167 0.041667
0 0.264583 0.596354 0.045833 0.032292
0 0.336458 0.768750 0.041667 0.031250
0 0.431771 0.656250 0.042708 0.039583
0 0.145833 0.767708 0.045833 0.045833
0 0.858333 0.270313 0.041667 0.055208
0 0.561458 0.142187 0.033333 0.048958
0 0.401562 0.433333 0.053125 0.043750
0 0.613542 0.405208 0.047917 0.037500
0 0.119271 0.871354 0.051042 0.026042
0 0.116667 0.889062 0.027083 0.048958
0 0.870313 0.471875 0.042708 0.047917
0 0.928125 0.579167 0.033333 0.043750
0 0.633854 0.498437 0.030208 0.053125
0 0.130208 0.535937 0.020833 0.040625
0 0.478646 0.398438 0.048958 0.055208
0 0.475521 0.148438 0.046875 0.048958
0 0.312500 0.139063 0.022917 0.044792
0 0.556250 0.639583 0.043750 0.045833
0 0.458854 0.313021 0.044792 0.040625
0 0.808854 0.397396 0.040625 0.036458
0 0.661979 0.946354 0.055208 0.046875
0 0.795312 0.821354 0.055208 0.040625
0 0.199479 0.325521 0.040625 0.030208
0 0.950000 0.811458 0.037500 0.041667
0 0.589063 0.311458 0.038542 0.031250
0 0.415625 0.946354 0.043750 0.055208
0 0.136979 0.738542 0.046875 0.029167
0 0.949479 0.633333 0.034375 0.039583
0 0.551042 0.557292 0.037500 0.031250
0 0.757292 0.213021 0.043750 0.048958
0 0.330208 0.225521 0.027083 0.038542
0 0.655208 0.369271 0.054167 0.046875
0 0.295312 0.447917 0.048958 0.052083
0 0.261979 0.686979 0.044792 0.055208
0 0.335417 0.725521 0.033333 0.040625
0 0.603646 0.524479 0.036458 0.040625
0 0.757812 0.354687 0.036458 0.040625
0 0.425521 0.868229 0.023958 0.042708
0 0.346354 0.701042 0.036458 0.037500
0 0.339062 0.310417 0.038542 0.035417
0 0.944792 0.850000 0.035417 0.047917
0 0.557292 0.641667 0.027083 0.037500
0 0.105729 0.219792 0.042708 0.029167
0 0.141667 0.176042 0.045833 0.027083
0 0.578646 0.378125 0.038542 0.031250
0 0.550000 0.256250 0.022917 0.043750
0 0.795833 0.411979 0.041667 0.044792
0 0.169271 0.788021 0.017708 0.036458
0 0.908854 0.725521 0.044792 0.030208
0 0.545833 0.264062 0.041667 0.044792
0 0.477083 0.617188 0.041667 0.023958
0 0.603125 0.546875 0.027083 0.043750
0 0.930208 0.439583 0.029167 0.037500
0 0.795833 0.438021 0.031250 0.044792
0 0.139583 0.956771 0.039583 0.030208
0 0.846875 0.082292 0.027083 0.047917
0 0.849479 0.772396 0.055208 0.038542
0 0.443750 0.326042 0.035417 0.018750
0 0.955729 0.348958 0.038542 0.029167
0 0.284896 0.934375 0.036458 0.037500
0 0.858333 0.375521 0.045833 0.032292
0 0.567187 0.662500 0.046875 0.027083
0 0.461458 0.532292 0.022917 0.039583
0 0.805208 0.138021 0.035417 0.053125
0 0.929688 0.235417 0.040625 0.054167
0 0.402604 0.407292 0.053125 0.039583
0 0.108854 0.701562 0.055208 0.048958
0 0.098958 0.187500 0.052083 0.043750
0 0.493229 0.771354 0.051042 0.053125
0 0.681771 0.803646 0.036458 0.017708
0 0.315104 0.533854 0.026042 0.046875
0 0.275000 0.732812 0.045833 0.026042
0 0.170833 0.658333 0.041667 0.037500
0 0.162500 0.329688 0.018750 0.036458
0 0.761458 0.264583 0.037500 0.047917
0 0.584896 0.109896 0.051042 0.053125
0 0.308333 0.598437 0.050000 0.034375
0 0.535937 0.235417 0.021875 0.037500
0 0.279687 0.881250 0.053125 0.041667
0 0.755729 0.333854 0.026042 0.040625
0 0.191667 0.670312 0.025000 0.042708
0 0.857812 0.690104 0.044792 0.042708
0 0.220312 0.535937 0.028125 0.048958
0 0.859375 0.728646 0.029167 0.040625
0 0.821875 0.937500 0.052083 0.033333
0 0.480729 0.517188 0.040625 0.036458
0 0.395833 0.754687 0.031250 0.040625
0 0.302604 0.354687 0.055208 0.036458
0 0.325000 0.325521 0.050000 0.034375
0 0.095833 0.756250 0.047917 0.037500
0 0.258854 0.139583 0.048958 0.039583
0 0.494792 0.294792 0.033333 0.043750
0 0.578646 0.947917 0.051042 0.050000
0 0.561458 0.295312 0.041667 0.032292
0 0.334375 0.300521 0.054167 0.040625
0 0.927083 0.812500 0.031250 0.050000
0 0.266667 0.382292 0.043750 0.033333
0 0.529687 0.473958 0.053125 0.043750
0 0.456771 0.817187 0.040625 0.030208
0 0.502083 0.630729 0.043750 0.048958
0 0.931771 0.679688 0.051042 0.044792
0 0.459375 0.793750 0.027083 0.037500
0 0.364063 0.841146 0.044792 0.021875
0 0.161458 0.880208 0.031250 0.045833
0 0.553125 0.654687 0.033333 0.040625
0 0.782292 0.747396 0.054167 0.046875
0 0.432812 0.883333 0.048958 0.041667
0 0.079687 0.456771 0.040625 0.036458
0 0.426563 0.634375 0.051042 0.050000
0 0.182812 0.917708 0.036458 0.047917
0 0.549479 0.547396 0.044792 0.051042
0 0.490625 0.416667 0.052083 0.041667
0 0.279167 0.368750 0.018750 0.035417
0 0.182292 0.603646 0.045833 0.048958
0 0.641667 0.783333 0.033333 0.047917
0 0.545833 0.414583 0.035417 0.037500
0 0.186458 0.312500 0.037500 0.031250
0 0.653125 0.610417 0.043750 0.025000
0 0.325000 0.321354 0.050000 0.040625
0 0.544792 0.364063 0.050000 0.034375
0 0.798958 0.871875 0.050000 0.050000
0 0.588021 0.852604 0.051042 0.040625
0 0.401042 0.091146 0.043750 0.032292
0 0.239063 0.878125 0.036458 0.022917
0 0.620833 0.347917 0.052083 0.035417
0 0.216667 0.574479 0.041667 0.048958
0 0.569792 0.310417 0.041667 0.047917
0 0.675000 0.108333 0.035417 0.037500
0 0.714583 0.826562 0.054167 0.038542
0 0.220312 0.862500 0.042708 0.039583
0 0.709896 0.795312 0.051042 0.055208
0 0.088021 0.955729 0.040625 0.051042
0 0.665104 0.913542 0.044792 0.025000
0 0.396354 0.741667 0.044792 0.025000
0 0.965625 0.416667 0.043750 0.045833
0 0.480208 0.634375 0.033333 0.050000
0 0.691667 0.333854 0.035417 0.053125
0 0.221354 0.628646 0.048958 0.028125
0 0.517708 0.902604 0.052083 0.051042
0 0.648438 0.425521 0.048958 0.028125
0 0.675000 0.724479 0.039583 0.038542
0 0.696875 0.867708 0.037500 0.022917
0 0.096354 0.862500 0.032292 0.052083
0 0.236458 0.295833 0.047917 0.027083
0 0.409896 0.825521 0.032292 0.044792
0 0.795833 0.758854 0.039583 0.034375
0 0.097396 0.805208 0.053125 0.045833
0 0.341667 0.708333 0.037500 0.047917
0 0.938542 0.961458 0.037500 0.035417
0 0.638542 0.440104 0.039583 0.030208
0 0.954688 0.402083 0.036458 0.043750
0 0.755208 0.450000 0.043750 0.052083
0 0.325521 0.759896 0.032292 0.048958
0 0.507812 0.817187 0.053125 0.034375
0 0.697396 0.722917 0.038542 0.035417
0 0.116667 0.229687 0.039583 0.036458
0 0.189583 0.481771 0.052083 0.051042
0 0.691146 0.208854 0.044792 0.030208
0 0.175521 0.771875 0.042708 0.020833
0 0.703125 0.196875 0.022917 0.043750
0 0.602083 0.313021 0.050000 0.042708
0 0.636458 0.504687 0.054167 0.042708
0 0.467187 0.750000 0.026042 0.047917
0 0.232292 0.448437 0.043750 0.040625
0 0.795833 0.359896 0.039583 0.034375
0 0.517708 0.298438 0.041667 0.042708
0 0.306250 0.659375 0.033333 0.043750
0 0.334375 0.791146 0.033333 0.044792
0 0.759896 0.329167 0.038542 0.033333
0 0.163021 0.795312 0.032292 0.044792
0 0.180729 0.875521 0.055208 0.044792
0 0.797917 0.144271 0.054167 0.042708
0 0.873958 0.201563 0.031250 0.048958
0 0.248438 0.681771 0.046875 0.038542
0 0.355729 0.456771 0.051042 0.036458
0 0.223958 0.319271 0.035417 0.048958
0 0.381771 0.158854 0.030208 0.044792
0 0.490625 0.844271 0.031250 0.048958
0 0.613542 0.530208 0.035417 0.043750
0 0.591667 0.397396 0.050000 0.026042
0 0.221354 0.889062 0.044792 0.030208
0 0.542188 0.148958 0.034375 0.047917
0 0.878125 0.707292 0.047917 0.037500
0 0.375000 0.457813 0.037500 0.053125
0 0.397396 0.840104 0.044792 0.051042
0 0.202604 0.735938 0.042708 0.044792
0 0.333333 0.551042 0.035417 0.043750
0 0.552083 0.137500 0.052083 0.039583
0 0.771875 0.609896 0.047917 0.044792
0 0.260937 0.140625 0.042708 0.037500
0 0.409896 0.161458 0.038542 0.025000
0 0.870833 0.401042 0.052083 0.039583
0 0.969792 0.663542 0.045833 0.043750
0 0.854167 0.580729 0.050000 0.038542
0 0.738021 0.793229 0.026042 0.051042
0 0.229687 0.405208 0.048958 0.027083
0 0.143750 0.145313 0.050000 0.036458
0 0.797917 0.493750 0.037500 0.035417
0 0.360938 0.638542 0.026042 0.039583
0 0.398958 0.292708 0.035417 0.037500
0 0.941146 0.208333 0.042708 0.054167
0 0.116146 0.724479 0.028125 0.044792
0 0.286979 0.365625 0.046875 0.029167
0 0.303125 0.797917 0.022917 0.037500
0 0.659896 0.610938 0.038542 0.051042
0 0.689063 0.798438 0.055208 0.046875
0 0.299479 0.315104 0.044792 0.042708
0 0.224479 0.569792 0.044792 0.025000
0 0.150000 0.837500 0.052083 0.043750
0 0.243229 0.077604 0.055208 0.042708
0 0.419792 0.115625 0.037500 0.035417
0 0.088021 0.930729 0.028125 0.051042
0 0.409896 0.452604 0.038542 0.019792
0 0.831250 0.167187 0.039583 0.023958
0 0.699479 0.471875 0.053125 0.043750
0 0.650000 0.252083 0.037500 0.052083
0 0.536458 0.628646 0.039583 0.036458
0 0.684896 0.646354 0.040625 0.034375
0 0.658854 0.740625 0.048958 0.050000
0 0.079167 0.926562 0.027083 0.042708
0 0.947396 0.650000 0.026042 0.050000
0 0.153646 0.527083 0.053125 0.039583
0 0.201563 0.676562 0.040625 0.034375
0 0.472396 0.669271 0.051042 0.036458
0 0.607812 0.137500 0.034375 0.037500
0 0.542188 0.485938 0.051042 0.026042
0 0.366667 0.418229 0.033333 0.040625
0 0.143229 0.703646 0.040625 0.038542
0 0.576562 0.097917 0.048958 0.027083
0 0.345313 0.780729 0.038542 0.023958
0 0.338542 0.858333 0.037500 0.031250
0 0.310417 0.810417 0.047917 0.025000
0 0.313542 0.527604 0.035417 0.040625
0 0.765625 0.402604 0.020833 0.036458
0 0.404167 0.761979 0.035417 0.044792
0 0.312500 0.761458 0.052083 0.045833
0 0.720313 0.589063 0.044792 0.044792
0 0.484896 0.117188 0.040625 0.030208
0 0.823958 0.339062 0.047917 0.046875
0 0.848437 0.175000 0.038542 0.025000
0 0.335417 0.600521 0.037500 0.019792