0 0.605208 0.440625 0.031250 0.037500
0 0.588542 0.702083 0.045833 0.029167
0 0.645833 0.210938 0.052083 0.053125
0 0.793229 0.908333 0.042708 0.037500
0 0.776042 0.878646 0.020833 0.036458
0 0.834375 0.753125 0.020833 0.035417
0 0.136458 0.555208 0.052083 0.043750
0 0.199479 0.432292 0.038542 0.022917
0 0.082812 0.630729 0.051042 0.034375
0 0.569271 0.669792 0.044792 0.047917
0 0.909896 0.197917 0.051042 0.033333
0 0.246354 0.521354 0.044792 0.030208
0 0.711979 0.525000 0.021875 0.037500
0 0.100000 0.385417 0.029167 0.037500
0 0.439583 0.505729 0.047917 0.028125
0 0.258854 0.932813 0.038542 0.055208
0 0.455729 0.453646 0.032292 0.040625
0 0.329167 0.682292 0.052083 0.037500
0 0.133854 0.630208 0.040625 0.047917
0 0.435937 0.968229 0.048958 0.048958
0 0.939063 0.214062 0.040625 0.051042
0 0.251042 0.808854 0.050000 0.034375
0 0.930208 0.315104 0.039583 0.030208
0 0.669792 0.496354 0.045833 0.038542
0 0.141667 0.504167 0.045833 0.043750
0 0.146354 0.720833 0.042708 0.041667
0 0.361979 0.745833 0.051042 0.033333
0 0.249479 0.906771 0.019792 0.040625
0 0.168750 0.297917 0.037500 0.027083
0 0.557813 0.661458 0.048958 0.050000
0 0.147917 0.429688 0.020833 0.040625
0 0.720313 0.362500 0.026042 0.041667
0 0.155208 0.670833 0.033333 0.050000
0 0.894792 0.497396 0.039583 0.038542
0 0.085417 0.364063 0.029167 0.051042
0 0.143229 0.454167 0.032292 0.043750
0 0.416667 0.446875 0.027083 0.047917
0 0.323958 0.771354 0.054167 0.036458
0 0.137500 0.954688 0.039583 0.044792
0 0.532292 0.543750 0.052083 0.041667
0 0.938021 0.287500 0.030208 0.039583
0 0.489583 0.310417 0.033333 0.037500
0 0.414062 0.835938 0.042708 0.044792
0 0.933854 0.452604 0.048958 0.055208
0 0.913542 0.087500 0.029167 0.050000
0 0.135417 0.136458 0.047917 0.033333
0 0.373958 0.868229 0.037500 0.038542
0 0.690625 0.469271 0.039583 0.044792
0 0.498437 0.193750 0.032292 0.047917
0 0.419271 0.858333 0.038542 0.047917
0 0.951562 0.525000 0.046875 0.052083
0 0.144271 0.554688 0.051042 0.034375
0 0.633333 0.161458 0.027083 0.041667
0 0.329167 0.193229 0.045833 0.038542
0 0.201042 0.145313 0.037500 0.044792
0 0.530729 0.271875 0.042708 0.054167
0 0.278125 0.715625 0.047917 0.039583
0 0.741667 0.250521 0.037500 0.048958
0 0.334375 0.918750 0.020833 0.039583
0 0.745313 0.424479 0.021875 0.038542
0 0.478125 0.264583 0.037500 0.031250
0 0.110937 0.433854 0.044792 0.051042
0 0.592187 0.859896 0.051042 0.044792
0 0.645312 0.418229 0.044792 0.026042
0 0.643750 0.960417 0.031250 0.045833
0 0.728646 0.201042 0.048958 0.039583
0 0.581250 0.372396 0.039583 0.044792
0 0.675000 0.346354 0.035417 0.040625
0 0.884896 0.455208 0.028125 0.045833
0 0.426042 0.208333 0.035417 0.035417
0 0.273958 0.463542 0.039583 0.022917
0 0.761979 0.310937 0.040625 0.044792
0 0.782292 0.550521 0.031250 0.044792
0 0.161979 0.529687 0.034375 0.040625
0 0.402604 0.932292 0.026042 0.045833
0 0.642708 0.556250 0.020833 0.035417
0 0.740104 0.417187 0.026042 0.044792
0 0.514583 0.505729 0.027083 0.046875
0 0.944271 0.530729 0.040625 0.051042
0 0.229687 0.912500 0.034375 0.039583
0 0.968229 0.778646 0.055208 0.046875
0 0.954688 0.957812 0.038542 0.040625
0 0.162500 0.281250 0.037500 0.041667
0 0.271875 0.266667 0.037500 0.035417
0 0.371354 0.916146 0.040625 0.044792
0 0.228125 0.237500 0.022917 0.039583
0 0.256250 0.315625 0.047917 0.037500
0 0.385937 0.839063 0.038542 0.051042
0 0.907292 0.446875 0.035417 0.043750
0 0.822396 0.519271 0.028125 0.040625
0 0.647917 0.792708 0.033333 0.043750
0 0.291667 0.845313 0.035417 0.048958
0 0.892188 0.678125 0.042708 0.037500
0 0.579688 0.655208 0.046875 0.031250
0 0.551042 0.895312 0.035417 0.040625
0 0.656771 0.172917 0.044792 0.035417
0 0.663021 0.430729 0.034375 0.040625
0 0.710417 0.582812 0.045833 0.023958
0 0.355729 0.443229 0.034375 0.046875
0 0.096354 0.240104 0.028125 0.051042
0 0.435937 0.692187 0.040625 0.051042
0 0.127604 0.866667 0.042708 0.037500
0 0.469792 0.700521 0.031250 0.051042
0 0.628125 0.910937 0.039583 0.028125
0 0.128125 0.558333 0.027083 0.037500
0 0.260937 0.853125 0.053125 0.043750
0 0.152083 0.767708 0.039583 0.041667
0 0.646875 0.535417 0.037500 0.025000
0 0.475521 0.228646 0.048958 0.046875
0 0.386458 0.244792 0.037500 0.031250
0 0.095312 0.782813 0.044792 0.032292
0 0.123438 0.491667 0.042708 0.037500
0 0.883854 0.805208 0.048958 0.052083
0 0.403125 0.722917 0.033333 0.043750
0 0.358333 0.666146 0.045833 0.026042
0 0.454688 0.532292 0.034375 0.039583
0 0.632292 0.151042 0.037500 0.025000
0 0.768750 0.238542 0.050000 0.050000
0 0.789583 0.915625 0.020833 0.035417
0 0.284375 0.238542 0.037500 0.027083
0 0.440625 0.780729 0.045833 0.032292
0 0.703646 0.657813 0.051042 0.042708
0 0.336979 0.793750 0.046875 0.029167
0 0.856250 0.913542 0.050000 0.031250
0 0.903125 0.853646 0.045833 0.038542
0 0.809375 0.933333 0.045833 0.045833
0 0.506250 0.106771 0.045833 0.048958
0 0.146354 0.302604 0.040625 0.019792
0 0.092188 0.781250 0.042708 0.039583
0 0.307812 0.317708 0.038542 0.031250
0 0.859375 0.101042 0.047917 0.033333
0 0.633333 0.296875 0.037500 0.027083
0 0.678646 0.667188 0.046875 0.048958
0 0.625521 0.777083 0.038542 0.043750
0 0.723958 0.177604 0.033333 0.040625
0 0.469271 0.852604 0.046875 0.055208
0 0.285938 0.875521 0.032292 0.046875
0 0.329688 0.476562 0.040625 0.026042
0 0.846875 0.490104 0.027083 0.051042
0 0.282292 0.376042 0.027083 0.047917
0 0.200000 0.405208 0.041667 0.037500
0 0.093229 0.220312 0.044792 0.055208
0 0.495312 0.479687 0.023958 0.042708
0 0.936458 0.695312 0.052083 0.032292
0 0.356771 0.461458 0.038542 0.025000
0 0.888542 0.756250 0.039583 0.022917
0 0.135937 0.920833 0.036458 0.043750
0 0.280208 0.758854 0.045833 0.034375
0 0.209375 0.886458 0.041667 0.031250
0 0.882812 0.580729 0.032292 0.053125
0 0.496875 0.660417 0.037500 0.033333
0 0.106250 0.593229 0.043750 0.055208
0 0.348958 0.534896 0.033333 0.040625
0 0.858333 0.475521 0.050000 0.026042
0 0.190104 0.353125 0.053125 0.045833
0 0.820312 0.271875 0.042708 0.039583
0 0.129167 0.121354 0.052083 0.030208
0 0.405208 0.089583 0.037500 0.035417
0 0.434375 0.709896 0.031250 0.051042
0 0.088542 0.119792 0.039583 0.022917
0 0.378125 0.327604 0.039583 0.028125
0 0.159896 0.329688 0.055208 0.040625
0 0.354687 0.502604 0.048958 0.028125
0 0.469271 0.535937 0.038542 0.046875
0 0.122917 0.319271 0.052083 0.034375
0 0.544792 0.594792 0.022917 0.037500
0 0.390104 0.433333 0.051042 0.031250
0 0.434896 0.954688 0.051042 0.036458
0 0.616146 0.674479 0.019792 0.038542
0 0.939583 0.882812 0.050000 0.028125
0 0.133854 0.148438 0.032292 0.053125
0 0.256771 0.903125 0.038542 0.031250
0 0.957812 0.578646 0.051042 0.040625
0 0.113542 0.105729 0.054167 0.051042
0 0.251563 0.300000 0.038542 0.035417
0 0.877083 0.704167 0.035417 0.037500
0 0.945833 0.176563 0.035417 0.040625
0 0.829688 0.868750 0.038542 0.043750
0 0.875521 0.108854 0.040625 0.028125
0 0.097396 0.100000 0.040625 0.047917
0 0.750000 0.302083 0.052083 0.039583
0 0.803646 0.932292 0.034375 0.052083
0 0.300000 0.902604 0.054167 0.046875
0 0.611979 0.184896 0.040625 0.038542
0 0.122396 0.518229 0.055208 0.051042
0 0.775000 0.850521 0.037500 0.044792
0 0.308854 0.515104 0.040625 0.028125
0 0.781250 0.541667 0.025000 0.041667
0 0.897917 0.321354 0.039583 0.036458
0 0.607812 0.836979 0.038542 0.038542
0 0.095833 0.101562 0.025000 0.046875
0 0.491146 0.855729 0.046875 0.034375
0 0.140625 0.710417 0.025000 0.047917
0 0.934375 0.162500 0.037500 0.033333
0 0.182812 0.091667 0.048958 0.035417
0 0.247917 0.450000 0.035417 0.020833
0 0.598437 0.579167 0.032292 0.043750
0 0.575000 0.475000 0.037500 0.022917
0 0.350521 0.211979 0.044792 0.051042
0 0.390625 0.341667 0.035417 0.037500
0 0.458854 0.860417 0.038542 0.035417
0 0.861458 0.580729 0.050000 0.028125
0 0.628125 0.428646 0.043750 0.040625
0 0.549479 0.740625 0.042708 0.037500
0 0.263021 0.552083 0.046875 0.045833
0 0.138542 0.822917 0.043750 0.045833
0 0.789583 0.424479 0.025000 0.038542
0 0.662500 0.218750 0.037500 0.035417
0 0.808333 0.513542 0.033333 0.043750
0 0.420833 0.182812 0.052083 0.034375
0 0.197396 0.956250 0.046875 0.052083
0 0.463542 0.430729 0.050000 0.038542
0 0.576042 0.292708 0.025000 0.047917
0 0.314063 0.140625 0.026042 0.039583
0 0.165104 0.464062 0.026042 0.044792
0 0.378125 0.536979 0.052083 0.051042
0 0.788021 0.577604 0.028125 0.051042
0 0.401042 0.693229 0.022917 0.044792
0 0.171354 0.141667 0.048958 0.035417
0 0.268229 0.071875 0.036458 0.020833
0 0.712500 0.128125 0.041667 0.047917
0 0.248958 0.193229 0.020833 0.038542
0 0.949479 0.556771 0.046875 0.026042
0 0.856771 0.519792 0.036458 0.052083
0 0.728125 0.794271 0.043750 0.040625
0 0.347917 0.637500 0.050000 0.031250
0 0.634896 0.780729 0.051042 0.055208
0 0.154688 0.228646 0.046875 0.026042
0 0.332292 0.875000 0.043750 0.052083
0 0.663021 0.893229 0.040625 0.034375
0 0.659375 0.509896 0.052083 0.051042
0 0.708854 0.187500 0.048958 0.039583
0 0.510938 0.789583 0.046875 0.052083
0 0.767188 0.098437 0.038542 0.040625
0 0.131250 0.847396 0.039583 0.028125
0 0.728646 0.519271 0.023958 0.042708
0 0.119271 0.861458 0.038542 0.029167
0 0.243750 0.757292 0.047917 0.050000
0 0.192708 0.270833 0.027083 0.037500
0 0.676562 0.227083 0.048958 0.050000
0 0.726042 0.807813 0.037500 0.048958
0 0.280729 0.716667 0.042708 0.041667
0 0.311979 0.126042 0.040625 0.020833
0 0.909375 0.923958 0.033333 0.037500
0 0.855208 0.562500 0.039583 0.041667
0 0.915625 0.406250 0.035417 0.047917
0 0.237500 0.582812 0.025000 0.044792
0 0.468229 0.556250 0.044792 0.052083
0 0.690625 0.420833 0.031250 0.037500
0 0.508333 0.538542 0.020833 0.039583
0 0.668750 0.863542 0.041667 0.039583
0 0.157292 0.196354 0.027083 0.046875
0 0.792188 0.279687 0.030208 0.048958
0 0.307292 0.171354 0.039583 0.048958
0 0.330208 0.580208 0.031250 0.043750
0 0.908854 0.631250 0.042708 0.031250
0 0.873437 0.090625 0.028125 0.045833
0 0.139063 0.450000 0.040625 0.054167
0 0.732812 0.809375 0.048958 0.035417
0 0.240625 0.077604 0.052083 0.030208
0 0.143750 0.116667 0.018750 0.035417
0 0.449479 0.335938 0.053125 0.032292
0 0.642188 0.409375 0.034375 0.039583
0 0.705208 0.387500 0.045833 0.029167
0 0.184896 0.935417 0.021875 0.037500
0 0.885417 0.343750 0.039583 0.047917
0 0.410417 0.810937 0.031250 0.048958
0 0.371875 0.757812 0.050000 0.042708
0 0.086979 0.650521 0.040625 0.044792
0 0.125000 0.841146 0.039583 0.044792
0 0.582292 0.213021 0.027083 0.046875
0 0.729688 0.260417 0.044792 0.025000
0 0.722396 0.525521 0.046875 0.048958
0 0.193229 0.653125 0.044792 0.022917
0 0.776042 0.620313 0.033333 0.053125
0 0.209896 0.521875 0.030208 0.043750
0 0.298438 0.558854 0.046875 0.038542
0 0.438542 0.198958 0.041667 0.039583
0 0.380729 0.506771 0.042708 0.023958
0 0.109896 0.417708 0.023958 0.041667
0 0.603125 0.404687 0.020833 0.038542
0 0.109375 0.541146 0.041667 0.032292
0 0.578125 0.636979 0.039583 0.055208
0 0.857292 0.109375 0.039583 0.041667
0 0.385937 0.320833 0.044792 0.025000
0 0.946875 0.218229 0.045833 0.048958
0 0.598958 0.192188 0.050000 0.026042
0 0.590104 0.510938 0.046875 0.038542
0 0.280729 0.269271 0.042708 0.044792
0 0.847917 0.620833 0.029167 0.045833
0 0.392188 0.790104 0.034375 0.053125
0 0.591667 0.803646 0.050000 0.038542
0 0.232292 0.269792 0.041667 0.037500
0 0.089063 0.802604 0.053125 0.051042
0 0.555729 0.685417 0.028125 0.039583
0 0.438542 0.185938 0.029167 0.051042
0 0.679688 0.574479 0.038542 0.051042
0 0.236458 0.279687 0.033333 0.040625
0 0.585938 0.654687 0.046875 0.032292
0 0.101562 0.412500 0.032292 0.043750
0 0.813542 0.831771 0.035417 0.048958
0 0.669271 0.945833 0.042708 0.027083
0 0.885417 0.508333 0.043750 0.035417
0 0.183854 0.315104 0.046875 0.023958
0 0.637500 0.196354 0.035417 0.044792
0 0.223438 0.272396 0.051042 0.053125
0 0.130729 0.524479 0.055208 0.044792
0 0.075000 0.733333 0.029167 0.037500
0 0.677604 0.382292 0.040625 0.041667
0 0.277083 0.386458 0.037500 0.031250
0 0.333854 0.769271 0.055208 0.036458
0 0.234896 0.207813 0.046875 0.048958
0 0.191146 0.208333 0.051042 0.029167
0 0.442188 0.163021 0.042708 0.044792
0 0.401562 0.769271 0.051042 0.053125
0 0.398438 0.948438 0.040625 0.038542
0 0.639583 0.771354 0.052083 0.034375
0 0.812500 0.550000 0.047917 0.041667
0 0.602604 0.373958 0.042708 0.047917
0 0.469792 0.500521 0.043750 0.040625
0 0.958333 0.122917 0.025000 0.043750
0 0.542188 0.516146 0.038542 0.055208
0 0.084375 0.495312 0.027083 0.046875
0 0.476562 0.646354 0.028125 0.040625
0 0.178646 0.618750 0.038542 0.025000
0 0.453646 0.140625 0.038542 0.035417
0 0.144792 0.955208 0.025000 0.043750
0 0.904687 0.931250 0.042708 0.041667
0 0.748437 0.137500 0.040625 0.022917
0 0.483333 0.839063 0.050000 0.028125
0 0.168229 0.283854 0.021875 0.044792
0 0.772396 0.723958 0.026042 0.041667
0 0.542188 0.565625 0.030208 0.050000
0 0.163021 0.277083 0.038542 0.033333
0 0.488542 0.500521 0.039583 0.036458
0 0.270833 0.919271 0.033333 0.053125
0 0.712500 0.589063 0.050000 0.038542
0 0.163021 0.415625 0.044792 0.025000
0 0.195833 0.336979 0.050000 0.040625
0 0.257292 0.615104 0.054167 0.040625
0 0.804688 0.576042 0.053125 0.041667
0 0.911979 0.096354 0.042708 0.044792
0 0.618750 0.340625 0.033333 0.050000
0 0.515104 0.488021 0.048958 0.032292
0 0.738021 0.297396 0.055208 0.046875
0 0.432292 0.265104 0.050000 0.036458
0 0.564063 0.704688 0.040625 0.044792
0 0.689063 0.811979 0.040625 0.038542
0 0.286458 0.964063 0.043750 0.042708
0 0.899479 0.788542 0.026042 0.039583
0 0.849479 0.706771 0.053125 0.030208
0 0.776042 0.397917 0.052083 0.041667
0 0.343750 0.817708 0.035417 0.020833
0 0.783333 0.480729 0.025000 0.042708
0 0.878125 0.815104 0.052083 0.034375
0 0.225521 0.423438 0.051042 0.040625
0 0.599479 0.705208 0.021875 0.039583
0 0.305729 0.816146 0.026042 0.044792
0 0.837500 0.782292 0.031250 0.045833
0 0.157812 0.648958 0.038542 0.035417
0 0.740104 0.496354 0.038542 0.040625
0 0.875521 0.769271 0.030208 0.040625
0 0.968229 0.267188 0.055208 0.046875
0 0.118229 0.291667 0.034375 0.052083
0 0.809896 0.566146 0.055208 0.044792
0 0.555729 0.831771 0.042708 0.055208
0 0.083333 0.097396 0.039583 0.048958
0 0.108854 0.338542 0.028125 0.045833
0 0.451562 0.460938 0.032292 0.040625
0 0.701562 0.282292 0.030208 0.039583
0 0.766146 0.721875 0.046875 0.031250
0 0.700000 0.876563 0.043750 0.040625
0 0.773438 0.525521 0.023958 0.042708
0 0.518750 0.599479 0.039583 0.030208
0 0.843229 0.792188 0.040625 0.028125
0 0.759896 0.952083 0.042708 0.039583
0 0.335938 0.325521 0.028125 0.040625
0 0.580208 0.270313 0.027083 0.048958
0 0.446354 0.886458 0.051042 0.050000
0 0.405208 0.217708 0.031250 0.037500
0 0.750521 0.427083 0.038542 0.031250
0 0.573958 0.933854 0.037500 0.053125
0 0.117708 0.807292 0.039583 0.047917
0 0.615625 0.937500 0.041667 0.047917
0 0.159375 0.971354 0.052083 0.051042
0 0.670833 0.728125 0.037500 0.027083
0 0.588542 0.682292 0.037500 0.033333
0 0.538021 0.133854 0.055208 0.046875
0 0.870313 0.517188 0.023958 0.042708
0 0.651042 0.399479 0.033333 0.053125
0 0.703125 0.193750 0.045833 0.043750
0 0.350521 0.663021 0.053125 0.053125
0 0.548438 0.433333 0.028125 0.043750
0 0.807813 0.591667 0.053125 0.037500
0 0.303125 0.800521 0.029167 0.048958
0 0.465625 0.444792 0.047917 0.039583
0 0.767188 0.718229 0.038542 0.021875
0 0.834375 0.157812 0.047917 0.053125
0 0.098437 0.722396 0.042708 0.044792
0 0.536458 0.518229 0.022917 0.040625
0 0.330729 0.517708 0.044792 0.052083
0 0.917188 0.423958 0.046875 0.052083
0 0.111458 0.657813 0.054167 0.040625
0 0.688542 0.393750 0.037500 0.027083
0 0.480729 0.203125 0.038542 0.052083
0 0.954688 0.260937 0.028125 0.044792
0 0.863542 0.684375 0.047917 0.025000
0 0.604688 0.857812 0.053125 0.032292
0 0.277083 0.820833 0.035417 0.018750
0 0.704167 0.700521 0.047917 0.046875
0 0.255208 0.934896 0.054167 0.040625
0 0.740104 0.458854 0.055208 0.048958
0 0.596354 0.413542 0.048958 0.041667
0 0.909375 0.671875 0.037500 0.035417
0 0.720833 0.407292 0.037500 0.031250
0 0.865625 0.293750 0.033333 0.043750
0 0.956771 0.429167 0.038542 0.031250
0 0.410417 0.296354 0.039583 0.038542
0 0.477604 0.834896 0.042708 0.021875
0 0.154688 0.919792 0.038542 0.029167
0 0.255729 0.727604 0.038542 0.051042
0 0.683333 0.608333 0.045833 0.022917
0 0.130729 0.551562 0.040625 0.019792
0 0.207292 0.132812 0.045833 0.026042
0 0.201042 0.399479 0.043750 0.040625
0 0.318229 0.476042 0.032292 0.043750
0 0.807813 0.575521 0.046875 0.055208
0 0.267708 0.906771 0.039583 0.026042
0 0.077083 0.755729 0.033333 0.044792
0 0.429688 0.801042 0.048958 0.039583
0 0.555729 0.914583 0.032292 0.043750
0 0.550521 0.620833 0.042708 0.027083
0 0.448958 0.809375 0.050000 0.050000
0 0.384375 0.544792 0.037500 0.027083
0 0.703125 0.523958 0.045833 0.045833
0 0.225000 0.459375 0.031250 0.041667
0 0.743750 0.228125 0.039583 0.047917
0 0.924479 0.813021 0.028125 0.040625
0 0.327604 0.447917 0.044792 0.037500
0 0.680208 0.221354 0.035417 0.040625
0 0.223438 0.252604 0.040625 0.019792
0 0.585417 0.958333 0.047917 0.041667
0 0.377604 0.560417 0.032292 0.043750
0 0.755729 0.873437 0.040625 0.034375
0 0.902604 0.791146 0.055208 0.038542
0 0.325521 0.106250 0.046875 0.027083
0 0.930729 0.573438 0.048958 0.046875
0 0.683333 0.876042 0.035417 0.020833
0 0.125000 0.755208 0.035417 0.052083
0 0.495312 0.623958 0.038542 0.043750
0 0.635417 0.958854 0.045833 0.034375
0 0.350000 0.179688 0.054167 0.038542
0 0.125521 0.326042 0.044792 0.025000
0 0.181250 0.114583 0.037500 0.033333
0 0.909896 0.427604 0.046875 0.023958
0 0.395833 0.420833 0.029167 0.037500
0 0.564583 0.290625 0.033333 0.043750
0 0.896354 0.397917 0.040625 0.047917
0 0.463542 0.375521 0.035417 0.040625
0 0.856771 0.740104 0.042708 0.051042
0 0.442708 0.728125 0.025000 0.041667
0 0.426563 0.084896 0.042708 0.044792
0 0.222917 0.319792 0.043750 0.052083
0 0.202604 0.730729 0.051042 0.044792
0 0.359896 0.262500 0.030208 0.047917
0 0.271875 0.452604 0.035417 0.044792
0 0.876563 0.182292 0.044792 0.045833
0 0.517708 0.239583 0.022917 0.043750
0 0.325000 0.344271 0.047917 0.053125
0 0.255729 0.301042 0.040625 0.022917
0 0.964063 0.160938 0.046875 0.038542
0 0.691667 0.222396 0.029167 0.040625
0 0.895312 0.365625 0.036458 0.018750
0 0.266146 0.886979 0.042708 0.051042
0 0.251563 0.103646 0.038542 0.023958
0 0.640625 0.906771 0.043750 0.042708
0 0.915104 0.755729 0.051042 0.028125
0 0.683333 0.129688 0.052083 0.051042
0 0.638021 0.204687 0.040625 0.036458
0 0.306771 0.328125 0.048958 0.052083
0 0.288542 0.508333 0.041667 0.020833
0 0.303646 0.610417 0.044792 0.047917
0 0.503125 0.733854 0.031250 0.040625
0 0.727604 0.951042 0.019792 0.035417
0 0.160417 0.163021 0.047917 0.044792
0 0.439063 0.433854 0.048958 0.030208
0 0.242708 0.803646 0.047917 0.053125
0 0.515625 0.963021 0.045833 0.055208
0 0.098437 0.685417 0.038542 0.035417
0 0.214062 0.283333 0.028125 0.039583
0 0.452604 0.437500 0.028125 0.045833
0 0.520312 0.568750 0.021875 0.039583
0 0.822396 0.533854 0.040625 0.028125
0 0.430729 0.179167 0.044792 0.052083
0 0.327083 0.852083 0.022917 0.035417
0 0.927604 0.438542 0.032292 0.047917
0 0.169271 0.883333 0.053125 0.037500
0 0.097917 0.304167 0.035417 0.037500
0 0.400000 0.294271 0.037500 0.038542
0 0.397396 0.800521 0.021875 0.038542
0 0.380208 0.303125 0.045833 0.045833
0 0.614062 0.728646 0.032292 0.040625
0 0.098958 0.514583 0.043750 0.033333
0 0.732812 0.308333 0.038542 0.033333
0 0.904167 0.309375 0.041667 0.025000
0 0.373958 0.712500 0.047917 0.052083
0 0.351042 0.686458 0.033333 0.050000
0 0.366667 0.368750 0.037500 0.033333
0 0.513021 0.861979 0.026042 0.046875
0 0.653125 0.789583 0.029167 0.041667
0 0.357292 0.399479 0.029167 0.040625
0 0.647396 0.173437 0.044792 0.042708
0 0.517708 0.181250 0.029167 0.045833
0 0.251042 0.179167 0.041667 0.037500