0 0.179167 0.921354 0.035417 0.044792
0 0.848958 0.657813 0.045833 0.032292
0 0.237500 0.439583 0.043750 0.045833
0 0.352083 0.342187 0.033333 0.040625
0 0.752604 0.101042 0.038542 0.052083
0 0.283333 0.230208 0.039583 0.041667
0 0.218750 0.944792 0.035417 0.047917
0 0.091146 0.517708 0.030208 0.039583
0 0.158854 0.863542 0.021875 0.037500
0 0.447396 0.655208 0.053125 0.039583
0 0.454688 0.187500 0.038542 0.033333
0 0.176563 0.244271 0.042708 0.044792
0 0.290625 0.871875 0.037500 0.031250
0 0.405208 0.662500 0.029167 0.050000
0 0.411458 0.178646 0.037500 0.040625
0 0.941146 0.586458 0.040625 0.047917
0 0.324479 0.761979 0.046875 0.048958
0 0.309896 0.951042 0.023958 0.041667
0 0.299479 0.522396 0.055208 0.044792
0 0.968750 0.173437 0.041667 0.042708
0 0.844271 0.373958 0.036458 0.022917
0 0.842187 0.726562 0.026042 0.044792
0 0.177083 0.270833 0.025000 0.043750
0 0.881250 0.259896 0.039583 0.053125
0 0.181250 0.808854 0.029167 0.044792
0 0.425521 0.475521 0.040625 0.034375
0 0.102083 0.588021 0.043750 0.048958
0 0.138021 0.276042 0.051042 0.033333
0 0.481250 0.664583 0.041667 0.029167
0 0.665625 0.634896 0.050000 0.042708
0 0.945312 0.072396 0.019792 0.038542
0 0.441146 0.403646 0.038542 0.038542
0 0.890104 0.226562 0.040625 0.044792
0 0.530729 0.681771 0.046875 0.026042
0 0.638021 0.941146 0.042708 0.023958
0 0.615104 0.411458 0.036458 0.037500
0 0.720313 0.552604 0.040625 0.030208
0 0.270313 0.201042 0.051042 0.029167
0 0.910417 0.805729 0.029167 0.040625
0 0.603646 0.956771 0.055208 0.042708
0 0.927083 0.471875 0.039583 0.047917
0 0.847396 0.182292 0.042708 0.037500
0 0.785417 0.220833 0.025000 0.041667
0 0.796354 0.376042 0.038542 0.031250
0 0.254167 0.781250 0.047917 0.025000
0 0.496875 0.531250 0.045833 0.031250
0 0.933333 0.551042 0.037500 0.047917
0 0.234896 0.498958 0.023958 0.041667
0 0.917188 0.085417 0.030208 0.043750
0 0.505729 0.949479 0.023958 0.046875
0 0.853646 0.219271 0.032292 0.053125
0 0.510938 0.658333 0.053125 0.037500
0 0.392708 0.484375 0.033333 0.047917
0 0.544792 0.792708 0.041667 0.025000
0 0.231771 0.567708 0.036458 0.037500
0 0.469271 0.183854 0.030208 0.040625
0 0.359896 0.129688 0.030208 0.053125
0 0.857812 0.540104 0.044792 0.055208
0 0.911458 0.160938 0.054167 0.046875
0 0.362500 0.724479 0.045833 0.040625
0 0.176563 0.570833 0.038542 0.037500
0 0.285938 0.291667 0.040625 0.041667
0 0.458333 0.628646 0.025000 0.044792
0 0.948958 0.566146 0.039583 0.023958
0 0.366667 0.734896 0.054167 0.044792
0 0.381771 0.396875 0.034375 0.043750
0 0.500521 0.369792 0.036458 0.018750
0 0.464062 0.692187 0.038542 0.038542
0 0.529687 0.216146 0.042708 0.023958
0 0.505729 0.132292 0.032292 0.052083
0 0.080208 0.094792 0.029167 0.041667
0 0.909896 0.386458 0.026042 0.039583
0 0.095833 0.182292 0.029167 0.037500
0 0.183854 0.579167 0.048958 0.035417
0 0.101562 0.225521 0.038542 0.023958
0 0.221875 0.393229 0.037500 0.021875
0 0.768750 0.532813 0.054167 0.042708
0 0.100000 0.726562 0.031250 0.053125
0 0.601562 0.554167 0.040625 0.020833
0 0.283854 0.911458 0.030208 0.050000
0 0.923438 0.417187 0.042708 0.051042
0 0.906250 0.885938 0.041667 0.023958
0 0.215625 0.199479 0.045833 0.048958
0 0.641667 0.394271 0.045833 0.034375
0 0.706250 0.342708 0.052083 0.039583
0 0.886458 0.516667 0.041667 0.039583
0 0.354687 0.298958 0.053125 0.043750
0 0.085417 0.843750 0.027083 0.041667
0 0.846354 0.382812 0.044792 0.030208
0 0.694792 0.216146 0.018750 0.036458
0 0.162500 0.527604 0.041667 0.055208
0 0.349479 0.109375 0.034375 0.039583
0 0.277083 0.117188 0.045833 0.038542
0 0.318750 0.689583 0.031250 0.050000
0 0.693750 0.280208 0.025000 0.039583
0 0.240625 0.826562 0.052083 0.053125
0 0.098437 0.635417 0.021875 0.037500
0 0.677083 0.339062 0.029167 0.040625
0 0.308854 0.812500 0.017708 0.035417
0 0.753646 0.664062 0.034375 0.040625
0 0.646875 0.778646 0.029167 0.046875
0 0.741146 0.783854 0.038542 0.055208
0 0.389062 0.183333 0.038542 0.043750
0 0.368229 0.261458 0.053125 0.045833
0 0.820833 0.147396 0.025000 0.042708
0 0.809896 0.173958 0.032292 0.043750
0 0.503646 0.359375 0.053125 0.035417
0 0.536979 0.570833 0.042708 0.047917
0 0.747917 0.771875 0.031250 0.037500
0 0.146875 0.663542 0.052083 0.037500
0 0.336458 0.474479 0.022917 0.038542
0 0.944271 0.174479 0.044792 0.042708
0 0.358854 0.178125 0.044792 0.052083
0 0.290104 0.708854 0.051042 0.042708
0 0.400521 0.561979 0.051042 0.044792
0 0.086458 0.623437 0.050000 0.038542
0 0.821875 0.488542 0.027083 0.045833
0 0.926562 0.939063 0.044792 0.030208
0 0.470833 0.224479 0.045833 0.055208
0 0.425000 0.498437 0.039583 0.044792
0 0.799479 0.472396 0.040625 0.026042
0 0.555208 0.406771 0.052083 0.032292
0 0.865625 0.683333 0.025000 0.037500
0 0.590625 0.159896 0.052083 0.051042
0 0.141667 0.385417 0.047917 0.037500
0 0.191667 0.945833 0.041667 0.031250
0 0.923958 0.271354 0.050000 0.044792
0 0.788542 0.736458 0.037500 0.033333
0 0.753125 0.584896 0.045833 0.036458
0 0.468229 0.250000 0.040625 0.047917
0 0.846875 0.238021 0.025000 0.042708
0 0.816667 0.354687 0.020833 0.036458
0 0.821875 0.826042 0.043750 0.027083
0 0.907292 0.111979 0.037500 0.019792
0 0.601562 0.617188 0.053125 0.034375
0 0.449479 0.440625 0.030208 0.047917
0 0.819271 0.608854 0.038542 0.046875
0 0.885938 0.257812 0.044792 0.048958
0 0.145313 0.596875 0.044792 0.052083
0 0.638542 0.606250 0.047917 0.027083
0 0.543229 0.669271 0.048958 0.046875
0 0.729167 0.346354 0.035417 0.053125
0 0.353125 0.295833 0.035417 0.018750
0 0.896354 0.860938 0.053125 0.034375
0 0.231771 0.307812 0.036458 0.055208
0 0.312500 0.584375 0.047917 0.033333
0 0.246354 0.832292 0.019792 0.037500
0 0.861458 0.282292 0.050000 0.031250
0 0.198958 0.864062 0.054167 0.036458
0 0.881250 0.888021 0.045833 0.036458
0 0.284375 0.153125 0.045833 0.052083
0 0.711979 0.449479 0.040625 0.023958
0 0.656250 0.572396 0.033333 0.048958
0 0.576042 0.497396 0.022917 0.040625
0 0.355208 0.254688 0.050000 0.042708
0 0.703125 0.589583 0.045833 0.043750
0 0.373958 0.968229 0.031250 0.048958
0 0.285938 0.878646 0.055208 0.048958
0 0.414062 0.852604 0.030208 0.048958
0 0.505208 0.312500 0.037500 0.031250
0 0.218750 0.141146 0.047917 0.048958
0 0.672917 0.390104 0.050000 0.042708
0 0.384375 0.754167 0.033333 0.045833
0 0.660417 0.629687 0.045833 0.055208
0 0.417187 0.492188 0.051042 0.044792
0 0.093750 0.291667 0.047917 0.037500
0 0.152083 0.582292 0.035417 0.043750
0 0.936979 0.766667 0.040625 0.022917
0 0.270833 0.133854 0.050000 0.036458
0 0.831771 0.381250 0.030208 0.047917
0 0.772917 0.753646 0.054167 0.038542
0 0.450521 0.395313 0.030208 0.048958
0 0.855729 0.883854 0.044792 0.030208
0 0.711979 0.783854 0.055208 0.046875
0 0.532292 0.816667 0.029167 0.041667
0 0.807813 0.583854 0.040625 0.036458
0 0.971875 0.191667 0.052083 0.039583
0 0.368229 0.704688 0.051042 0.040625
0 0.595833 0.082292 0.047917 0.039583
0 0.164062 0.558333 0.048958 0.041667
0 0.929167 0.107813 0.054167 0.046875
0 0.734896 0.307812 0.055208 0.048958
0 0.823438 0.928125 0.040625 0.020833
0 0.629687 0.484375 0.038542 0.047917
0 0.704167 0.917708 0.031250 0.037500
0 0.885417 0.104167 0.025000 0.043750
0 0.479167 0.789062 0.052083 0.034375
0 0.741667 0.951562 0.054167 0.038542
0 0.545833 0.215625 0.047917 0.041667
0 0.903125 0.422917 0.052083 0.035417
0 0.881771 0.681771 0.044792 0.032292
0 0.896875 0.555208 0.052083 0.043750
0 0.603125 0.445312 0.052083 0.051042
0 0.558854 0.202604 0.044792 0.040625
0 0.672917 0.502083 0.052083 0.037500
0 0.523958 0.776042 0.035417 0.043750
0 0.716146 0.094271 0.046875 0.048958
0 0.908333 0.570833 0.031250 0.043750
0 0.278646 0.223438 0.038542 0.038542
0 0.113542 0.855208 0.037500 0.029167
0 0.544792 0.785417 0.037500 0.043750
0 0.646354 0.219271 0.026042 0.044792
0 0.341667 0.425521 0.054167 0.042708
0 0.836979 0.275521 0.023958 0.042708
0 0.694271 0.240625 0.053125 0.047917
0 0.934375 0.514062 0.052083 0.034375
0 0.683333 0.254688 0.045833 0.036458
0 0.339583 0.674479 0.047917 0.046875
0 0.175521 0.285938 0.040625 0.030208
0 0.225000 0.910937 0.045833 0.028125
0 0.946875 0.082292 0.037500 0.029167
0 0.466667 0.463021 0.033333 0.044792
0 0.681250 0.096875 0.033333 0.047917
0 0.141667 0.956250 0.045833 0.031250
0 0.473958 0.114583 0.037500 0.025000
0 0.071354 0.665625 0.038542 0.035417
0 0.412500 0.407813 0.041667 0.044792
0 0.828646 0.320833 0.036458 0.043750
0 0.110937 0.291667 0.030208 0.050000
0 0.372396 0.447396 0.044792 0.040625
0 0.464062 0.565625 0.036458 0.043750
0 0.921354 0.471354 0.038542 0.046875
0 0.735417 0.317708 0.047917 0.025000
0 0.544792 0.340625 0.031250 0.045833
0 0.093229 0.410417 0.038542 0.031250
0 0.077083 0.143229 0.050000 0.042708
0 0.260937 0.390625 0.053125 0.039583
0 0.222917 0.154688 0.041667 0.048958
0 0.909896 0.288021 0.040625 0.026042
0 0.853125 0.676042 0.031250 0.045833
0 0.645312 0.659896 0.030208 0.044792
0 0.585938 0.608854 0.046875 0.036458
0 0.261458 0.292708 0.037500 0.035417
0 0.141667 0.135937 0.041667 0.044792
0 0.232813 0.597917 0.053125 0.041667
0 0.284896 0.305208 0.023958 0.043750
0 0.080208 0.231250 0.027083 0.041667
0 0.568229 0.158854 0.055208 0.042708
0 0.516667 0.692708 0.052083 0.041667
0 0.878125 0.423438 0.047917 0.055208
0 0.152083 0.197917 0.037500 0.033333
0 0.656250 0.335417 0.047917 0.035417
0 0.712500 0.616146 0.050000 0.034375
0 0.299479 0.625000 0.036458 0.052083
0 0.900000 0.946875 0.037500 0.035417
0 0.236979 0.633333 0.036458 0.037500
0 0.786458 0.419271 0.025000 0.044792
0 0.694271 0.819271 0.046875 0.048958
0 0.332813 0.607812 0.032292 0.053125
0 0.720313 0.725000 0.044792 0.045833
0 0.074479 0.796354 0.038542 0.046875
0 0.255208 0.750521 0.052083 0.034375
0 0.402083 0.158854 0.054167 0.042708
0 0.382292 0.338542 0.039583 0.020833
0 0.361979 0.214062 0.046875 0.055208
0 0.288542 0.732812 0.022917 0.042708
0 0.739583 0.706771 0.039583 0.030208
0 0.903125 0.653646 0.035417 0.040625
0 0.631250 0.478125 0.037500 0.041667
0 0.110937 0.959896 0.040625 0.051042
0 0.285417 0.534896 0.025000 0.038542
0 0.329167 0.866146 0.052083 0.034375
0 0.261458 0.387500 0.043750 0.045833
0 0.842708 0.695833 0.047917 0.039583
0 0.316146 0.811979 0.040625 0.032292
0 0.675000 0.528646 0.033333 0.044792
0 0.515625 0.313542 0.033333 0.037500
0 0.376563 0.136458 0.038542 0.043750
0 0.421354 0.359375 0.042708 0.037500
0 0.190104 0.117188 0.048958 0.028125
0 0.620833 0.338021 0.045833 0.028125
0 0.275521 0.709375 0.042708 0.031250
0 0.620833 0.946354 0.039583 0.030208
0 0.720313 0.089063 0.046875 0.048958
0 0.773438 0.109375 0.032292 0.043750
0 0.956771 0.554167 0.038542 0.031250
0 0.422917 0.553646 0.050000 0.044792
0 0.885938 0.261458 0.048958 0.039583
0 0.109896 0.090625 0.034375 0.043750
0 0.822917 0.111979 0.041667 0.055208
0 0.119792 0.927083 0.039583 0.041667
0 0.155729 0.486458 0.051042 0.033333
0 0.234375 0.516146 0.037500 0.040625
0 0.128125 0.535937 0.035417 0.053125
0 0.342187 0.092708 0.036458 0.047917
0 0.327083 0.362500 0.043750 0.025000
0 0.933854 0.185938 0.032292 0.044792
0 0.638021 0.093229 0.040625 0.055208
0 0.725521 0.341667 0.026042 0.039583
0 0.797917 0.883854 0.037500 0.053125
0 0.125000 0.340625 0.047917 0.037500
0 0.095312 0.272396 0.042708 0.051042
0 0.578125 0.236979 0.047917 0.053125
0 0.527604 0.386458 0.048958 0.052083
0 0.326562 0.191146 0.055208 0.048958
0 0.847396 0.475521 0.040625 0.051042
0 0.900000 0.872396 0.041667 0.055208
0 0.965104 0.631250 0.036458 0.037500
0 0.644271 0.408333 0.044792 0.052083
0 0.578646 0.195833 0.038542 0.022917
0 0.206771 0.103125 0.042708 0.029167
0 0.901042 0.581771 0.029167 0.048958
0 0.182292 0.676562 0.035417 0.053125
0 0.729167 0.576562 0.033333 0.044792
0 0.299479 0.515625 0.038542 0.029167
0 0.265104 0.145313 0.032292 0.044792