0 0.799479 0.161979 0.044792 0.040625
0 0.690104 0.608854 0.038542 0.046875
0 0.222917 0.120833 0.052083 0.037500
0 0.083333 0.836979 0.045833 0.023958
0 0.723437 0.392708 0.042708 0.029167
0 0.181250 0.321354 0.050000 0.034375
0 0.266667 0.935417 0.043750 0.022917
0 0.892188 0.641146 0.040625 0.055208
0 0.343750 0.459896 0.035417 0.048958
0 0.468229 0.326042 0.053125 0.045833
0 0.085938 0.801042 0.042708 0.037500
0 0.692187 0.427604 0.044792 0.032292
0 0.595833 0.789583 0.035417 0.020833
0 0.727604 0.675000 0.053125 0.041667
0 0.252604 0.591146 0.044792 0.030208
0 0.863021 0.267708 0.019792 0.039583
0 0.410417 0.879687 0.029167 0.046875
0 0.160938 0.443750 0.044792 0.047917
0 0.705729 0.111458 0.053125 0.037500
0 0.219271 0.240104 0.040625 0.051042
0 0.611458 0.303646 0.050000 0.053125
0 0.719792 0.200000 0.045833 0.045833
0 0.317708 0.575521 0.043750 0.048958
0 0.488542 0.928125 0.043750 0.052083
0 0.352604 0.348958 0.026042 0.045833
0 0.584896 0.680208 0.042708 0.020833
0 0.342708 0.327083 0.035417 0.043750
0 0.708854 0.383333 0.046875 0.043750
0 0.598958 0.784375 0.035417 0.043750
0 0.875000 0.530729 0.039583 0.038542
0 0.693229 0.759375 0.044792 0.025000
0 0.334375 0.213542 0.050000 0.050000
0 0.473438 0.326042 0.053125 0.039583
0 0.128125 0.618750 0.035417 0.043750
0 0.325000 0.905729 0.047917 0.046875
0 0.360417 0.957812 0.043750 0.040625
0 0.565104 0.683854 0.055208 0.044792
0 0.301042 0.936979 0.039583 0.030208
0 0.588542 0.417708 0.037500 0.047917
0 0.650521 0.261458 0.040625 0.047917
0 0.230729 0.357292 0.053125 0.043750
0 0.797396 0.856250 0.053125 0.045833
0 0.708854 0.343750 0.026042 0.041667
0 0.841667 0.718229 0.050000 0.053125
0 0.089063 0.929688 0.038542 0.038542
0 0.573958 0.954688 0.039583 0.044792
0 0.556771 0.506250 0.038542 0.043750
0 0.345833 0.882292 0.045833 0.043750
0 0.158854 0.789062 0.040625 0.034375
0 0.639062 0.970833 0.040625 0.047917
0 0.606771 0.281250 0.028125 0.043750
0 0.312500 0.509375 0.033333 0.037500
0 0.598958 0.076042 0.052083 0.033333
0 0.496875 0.803646 0.050000 0.034375
0 0.419792 0.955208 0.029167 0.037500
0 0.459375 0.150521 0.045833 0.038542
0 0.807292 0.487500 0.031250 0.045833
0 0.098437 0.297396 0.051042 0.026042
0 0.685417 0.155729 0.031250 0.040625
0 0.160938 0.852083 0.036458 0.037500
0 0.507812 0.720313 0.046875 0.048958
0 0.241146 0.105729 0.038542 0.023958
0 0.407813 0.320833 0.034375 0.043750
0 0.531771 0.343750 0.044792 0.033333
0 0.815625 0.805729 0.039583 0.036458
0 0.964063 0.100000 0.038542 0.029167
0 0.845313 0.200521 0.040625 0.038542
0 0.505208 0.661458 0.050000 0.050000
0 0.328125 0.513021 0.047917 0.046875
0 0.868750 0.860417 0.047917 0.037500
0 0.131250 0.320833 0.043750 0.025000
0 0.312500 0.133333 0.045833 0.029167
0 0.778125 0.872396 0.045833 0.038542
0 0.292187 0.087500 0.038542 0.047917
0 0.182292 0.191667 0.037500 0.027083
0 0.685937 0.152604 0.040625 0.051042
0 0.714063 0.624479 0.034375 0.053125
0 0.902604 0.284896 0.038542 0.038542
0 0.076042 0.160417 0.035417 0.037500
0 0.552083 0.455208 0.035417 0.043750
0 0.370312 0.478646 0.053125 0.051042
0 0.116667 0.369792 0.047917 0.037500
0 0.573438 0.883854 0.040625 0.032292
0 0.169271 0.680208 0.046875 0.033333
0 0.080208 0.916146 0.037500 0.038542
0 0.165104 0.245312 0.028125 0.044792
0 0.326042 0.885938 0.039583 0.044792
0 0.598958 0.276042 0.020833 0.039583
0 0.860417 0.140104 0.039583 0.036458
0 0.786979 0.341667 0.028125 0.039583
0 0.673438 0.294792 0.030208 0.050000
0 0.472917 0.277604 0.045833 0.034375
0 0.534375 0.847396 0.050000 0.026042
0 0.475521 0.728125 0.038542 0.043750
0 0.450521 0.077604 0.040625 0.046875
0 0.716146 0.261458 0.032292 0.043750
0 0.091667 0.428125 0.043750 0.052083
0 0.732812 0.441667 0.019792 0.035417
0 0.568229 0.138021 0.053125 0.051042
0 0.223438 0.416667 0.046875 0.045833
0 0.677083 0.661979 0.037500 0.038542
0 0.452604 0.499479 0.036458 0.040625
0 0.734896 0.356250 0.042708 0.047917
0 0.240104 0.502604 0.034375 0.046875
0 0.896875 0.355208 0.043750 0.035417
0 0.399479 0.572396 0.044792 0.042708
0 0.848437 0.287500 0.030208 0.039583
0 0.448958 0.221875 0.052083 0.043750
0 0.337500 0.432292 0.039583 0.020833
0 0.202083 0.902604 0.052083 0.032292
0 0.470833 0.779687 0.037500 0.053125
0 0.152604 0.514583 0.048958 0.052083
0 0.880729 0.196875 0.053125 0.041667
0 0.717708 0.343750 0.037500 0.035417
0 0.539583 0.526042 0.039583 0.041667
0 0.690104 0.618750 0.053125 0.039583
0 0.680729 0.105208 0.038542 0.022917
0 0.632292 0.418750 0.039583 0.052083
0 0.806771 0.332813 0.026042 0.044792
0 0.687500 0.897396 0.041667 0.044792
0 0.599479 0.742708 0.038542 0.043750
0 0.944792 0.391667 0.027083 0.043750
0 0.409896 0.198437 0.051042 0.038542
0 0.504687 0.710938 0.051042 0.042708
0 0.398438 0.875000 0.034375 0.052083
0 0.488542 0.897917 0.027083 0.045833
0 0.730729 0.353646 0.044792 0.028125
0 0.509375 0.830729 0.037500 0.044792
0 0.918750 0.176563 0.050000 0.042708
0 0.940625 0.266146 0.050000 0.053125
0 0.286979 0.497917 0.053125 0.035417
0 0.932813 0.181250 0.040625 0.052083
0 0.842708 0.146875 0.052083 0.045833
0 0.598958 0.339583 0.037500 0.025000
0 0.187500 0.933333 0.041667 0.029167
0 0.970833 0.109896 0.047917 0.053125
0 0.112500 0.552083 0.037500 0.052083
0 0.707812 0.461458 0.048958 0.050000
0 0.368750 0.696354 0.031250 0.040625
0 0.816667 0.730208 0.043750 0.045833
0 0.211979 0.195312 0.042708 0.051042
0 0.964063 0.480208 0.051042 0.033333
0 0.154167 0.541146 0.047917 0.032292
0 0.702083 0.251563 0.047917 0.046875
0 0.828646 0.644271 0.046875 0.023958
0 0.905208 0.418229 0.037500 0.019792
0 0.229687 0.826562 0.051042 0.055208
0 0.091667 0.957292 0.029167 0.045833
0 0.207292 0.096875 0.033333 0.037500
0 0.260417 0.785937 0.039583 0.036458
0 0.086458 0.338021 0.043750 0.030208
0 0.732292 0.864583 0.052083 0.043750
0 0.626042 0.940625 0.047917 0.027083
0 0.764062 0.684375 0.034375 0.043750
0 0.469271 0.690625 0.040625 0.052083
0 0.182812 0.446354 0.051042 0.038542
0 0.480729 0.227604 0.038542 0.051042
0 0.390104 0.900521 0.038542 0.046875
0 0.958854 0.159896 0.026042 0.046875
0 0.677083 0.596354 0.050000 0.044792
0 0.649479 0.859375 0.028125 0.043750
0 0.656771 0.870313 0.051042 0.053125
0 0.512500 0.860417 0.022917 0.039583
0 0.331771 0.184375 0.038542 0.043750
0 0.694271 0.426563 0.046875 0.038542
0 0.280208 0.503646 0.043750 0.040625
0 0.464583 0.873437 0.050000 0.053125
0 0.741146 0.163021 0.055208 0.048958
0 0.708854 0.343750 0.021875 0.037500
0 0.845833 0.964583 0.052083 0.045833
0 0.878125 0.875521 0.043750 0.026042
0 0.332292 0.963542 0.035417 0.047917
0 0.316667 0.535417 0.029167 0.050000
0 0.389583 0.652604 0.043750 0.030208
0 0.603646 0.961458 0.042708 0.037500
0 0.333854 0.913542 0.036458 0.043750
0 0.964063 0.554167 0.036458 0.047917
0 0.085417 0.820833 0.035417 0.047917
0 0.072917 0.402604 0.031250 0.040625
0 0.479167 0.832812 0.031250 0.051042
0 0.570833 0.350521 0.045833 0.026042
0 0.454688 0.909375 0.040625 0.054167
0 0.781771 0.831771 0.021875 0.038542
0 0.381250 0.560417 0.037500 0.027083
0 0.412500 0.595833 0.022917 0.043750
0 0.528125 0.743229 0.043750 0.026042
0 0.734896 0.452083 0.030208 0.050000
0 0.648958 0.230208 0.039583 0.047917
0 0.622396 0.188021 0.055208 0.046875
0 0.777604 0.091667 0.028125 0.039583
0 0.535417 0.935417 0.041667 0.039583
0 0.731250 0.935417 0.022917 0.035417
0 0.108333 0.780729 0.052083 0.032292
0 0.297396 0.961979 0.040625 0.055208
0 0.265104 0.867708 0.038542 0.022917
0 0.341667 0.889583 0.052083 0.047917
0 0.448437 0.096354 0.051042 0.044792
0 0.660937 0.653125 0.032292 0.039583
0 0.116667 0.306771 0.029167 0.051042
0 0.465104 0.227083 0.051042 0.033333
0 0.509896 0.405208 0.038542 0.029167
0 0.896354 0.892708 0.038542 0.027083
0 0.314583 0.816667 0.045833 0.043750
0 0.366146 0.580208 0.040625 0.052083
0 0.361979 0.233333 0.026042 0.037500
0 0.803646 0.432292 0.023958 0.047917
0 0.270833 0.076563 0.054167 0.044792
0 0.071875 0.486979 0.035417 0.044792
0 0.831250 0.170313 0.027083 0.038542
0 0.709896 0.911458 0.036458 0.020833
0 0.585417 0.526563 0.027083 0.046875
0 0.367708 0.707812 0.035417 0.040625
0 0.311458 0.376563 0.027083 0.046875
0 0.526042 0.313021 0.037500 0.053125
0 0.420312 0.869792 0.023958 0.041667
0 0.404167 0.611458 0.043750 0.035417
0 0.920833 0.310937 0.045833 0.023958
0 0.089063 0.548438 0.040625 0.044792
0 0.089583 0.514062 0.039583 0.036458
0 0.179688 0.516146 0.046875 0.055208
0 0.735417 0.619792 0.047917 0.041667
0 0.108333 0.907813 0.054167 0.046875
0 0.792188 0.926562 0.036458 0.055208
0 0.787500 0.418750 0.029167 0.037500
0 0.350521 0.741667 0.036458 0.037500
0 0.962500 0.958333 0.033333 0.043750
0 0.827604 0.547917 0.036458 0.043750
0 0.187500 0.360417 0.039583 0.022917
0 0.854688 0.793229 0.021875 0.042708
0 0.658854 0.573958 0.026042 0.037500
0 0.081771 0.734375 0.042708 0.037500
0 0.246875 0.530208 0.025000 0.037500
0 0.882812 0.796354 0.038542 0.040625
0 0.680729 0.301042 0.028125 0.039583
0 0.148958 0.606250 0.031250 0.037500
0 0.369792 0.141146 0.050000 0.053125
0 0.248438 0.108854 0.040625 0.030208
0 0.536458 0.683333 0.029167 0.050000
0 0.480208 0.713021 0.037500 0.040625
0 0.829688 0.418750 0.048958 0.052083
0 0.686458 0.695312 0.050000 0.028125
0 0.640625 0.253646 0.052083 0.032292
0 0.477604 0.424479 0.051042 0.044792
0 0.644271 0.078125 0.038542 0.031250
0 0.177083 0.081771 0.050000 0.038542
0 0.357292 0.295833 0.037500 0.031250
0 0.878646 0.707812 0.051042 0.055208
0 0.074479 0.353646 0.040625 0.055208
0 0.201042 0.684375 0.037500 0.025000
0 0.494792 0.385417 0.037500 0.035417
0 0.458854 0.804167 0.038542 0.031250
0 0.415625 0.685417 0.047917 0.041667
0 0.425000 0.244792 0.037500 0.027083
0 0.722396 0.838542 0.046875 0.045833
0 0.393750 0.324479 0.039583 0.036458
0 0.425000 0.840625 0.041667 0.037500
0 0.625521 0.303646 0.048958 0.028125
0 0.326562 0.705729 0.046875 0.034375
0 0.690625 0.844271 0.045833 0.032292
0 0.743750 0.481250 0.043750 0.035417
0 0.147917 0.515104 0.031250 0.040625
0 0.395313 0.806250 0.040625 0.022917
0 0.235937 0.142708 0.038542 0.031250
0 0.159896 0.763542 0.053125 0.043750
0 0.250000 0.780729 0.037500 0.019792
0 0.745833 0.120313 0.022917 0.040625
0 0.488542 0.156771 0.045833 0.038542
0 0.356771 0.085417 0.034375 0.037500
0 0.941146 0.636979 0.051042 0.034375
0 0.630208 0.309896 0.045833 0.034375
0 0.865104 0.404167 0.023958 0.041667
0 0.454688 0.630208 0.034375 0.052083
0 0.780729 0.680208 0.036458 0.018750
0 0.551562 0.222917 0.030208 0.039583
0 0.298958 0.147396 0.039583 0.036458
0 0.651563 0.168750 0.038542 0.035417
0 0.542188 0.960417 0.053125 0.045833
0 0.601042 0.689063 0.025000 0.038542
0 0.120313 0.213021 0.044792 0.055208
0 0.300521 0.219271 0.044792 0.048958
0 0.283854 0.432292 0.053125 0.039583
0 0.523958 0.700000 0.047917 0.033333
0 0.962500 0.202604 0.039583 0.019792
0 0.257292 0.548438 0.043750 0.032292
0 0.564583 0.394792 0.041667 0.037500
0 0.770312 0.810937 0.030208 0.044792
0 0.593229 0.073438 0.032292 0.040625
0 0.097917 0.807813 0.045833 0.048958
0 0.954688 0.492708 0.053125 0.045833
0 0.415104 0.097396 0.036458 0.046875
0 0.393229 0.134896 0.034375 0.046875
0 0.436979 0.082812 0.038542 0.055208
0 0.834896 0.155208 0.038542 0.052083
0 0.772917 0.309896 0.035417 0.053125
0 0.214062 0.780729 0.023958 0.038542
0 0.260417 0.614062 0.047917 0.032292
0 0.629167 0.451562 0.041667 0.055208
0 0.227604 0.417187 0.053125 0.032292
0 0.256250 0.447917 0.039583 0.052083
0 0.878125 0.240625 0.052083 0.037500
0 0.082812 0.684375 0.038542 0.043750
0 0.816667 0.617708 0.047917 0.039583
0 0.343750 0.503125 0.033333 0.043750
0 0.358333 0.117708 0.047917 0.037500
0 0.633854 0.388021 0.032292 0.048958
0 0.934375 0.269792 0.031250 0.050000
0 0.097396 0.091667 0.028125 0.045833
0 0.138021 0.722396 0.046875 0.034375
0 0.955729 0.530208 0.040625 0.054167
0 0.077604 0.136979 0.038542 0.055208
0 0.645312 0.616667 0.021875 0.037500
0 0.201563 0.453125 0.038542 0.029167
0 0.281250 0.564583 0.045833 0.043750
0 0.360417 0.408854 0.031250 0.040625
0 0.157292 0.149479 0.035417 0.044792