0 0.170833 0.581250 0.045833 0.043750
0 0.665625 0.439063 0.050000 0.053125
0 0.885938 0.244271 0.044792 0.042708
0 0.854688 0.801562 0.036458 0.046875
0 0.428646 0.182292 0.032292 0.039583
0 0.158333 0.743750 0.041667 0.025000
0 0.601042 0.826562 0.045833 0.048958
0 0.260937 0.953125 0.021875 0.037500
0 0.793750 0.745313 0.029167 0.046875
0 0.288021 0.261458 0.023958 0.037500
0 0.759896 0.753646 0.040625 0.026042
0 0.647396 0.603646 0.032292 0.053125
0 0.124479 0.259896 0.040625 0.023958
0 0.439063 0.138021 0.040625 0.026042
0 0.258333 0.771354 0.035417 0.048958
0 0.154167 0.494792 0.050000 0.050000
0 0.473958 0.143750 0.037500 0.033333
0 0.771354 0.342187 0.032292 0.040625
0 0.924479 0.700521 0.038542 0.051042
0 0.934375 0.726562 0.054167 0.038542
0 0.579167 0.793229 0.033333 0.040625
0 0.152083 0.531771 0.039583 0.034375
0 0.476042 0.087500 0.027083 0.041667
0 0.876563 0.618229 0.038542 0.019792
0 0.191667 0.864062 0.039583 0.048958
0 0.078125 0.698438 0.025000 0.044792
0 0.276042 0.677083 0.043750 0.045833
0 0.865104 0.794271 0.048958 0.023958
0 0.752604 0.373437 0.051042 0.040625
0 0.335938 0.104167 0.042708 0.025000
0 0.898438 0.265104 0.042708 0.051042
0 0.327083 0.481250 0.045833 0.052083
0 0.559896 0.820312 0.038542 0.051042
0 0.564583 0.143229 0.041667 0.055208
0 0.168229 0.416146 0.046875 0.034375
0 0.451562 0.623958 0.042708 0.027083
0 0.737500 0.203646 0.047917 0.048958
0 0.127604 0.938021 0.040625 0.038542
0 0.259375 0.960938 0.052083 0.051042
0 0.643750 0.590104 0.031250 0.040625
0 0.486458 0.528125 0.045833 0.052083
0 0.080729 0.784375 0.053125 0.047917
0 0.654687 0.513542 0.040625 0.054167
0 0.138021 0.501563 0.042708 0.023958
0 0.588542 0.744271 0.041667 0.032292
0 0.439063 0.327083 0.044792 0.025000
0 0.215104 0.648438 0.051042 0.042708
0 0.208333 0.496354 0.047917 0.028125
0 0.384896 0.911458 0.026042 0.045833
0 0.783333 0.190104 0.050000 0.044792
0 0.153646 0.264583 0.038542 0.035417
0 0.632292 0.789062 0.037500 0.053125
0 0.528646 0.809375 0.034375 0.047917
0 0.356771 0.495312 0.055208 0.042708
0 0.834375 0.627604 0.039583 0.044792
0 0.466146 0.082812 0.044792 0.030208
0 0.151562 0.082812 0.048958 0.046875
0 0.598958 0.676042 0.045833 0.052083
0 0.332292 0.959896 0.039583 0.044792
0 0.160938 0.580208 0.048958 0.027083
0 0.868750 0.736458 0.041667 0.037500
0 0.490625 0.627083 0.037500 0.035417
0 0.664062 0.352604 0.051042 0.042708
0 0.269271 0.368229 0.026042 0.044792
0 0.506771 0.347396 0.040625 0.034375
0 0.447917 0.151042 0.035417 0.043750
0 0.186458 0.565104 0.045833 0.036458
0 0.735417 0.766146 0.027083 0.042708
0 0.837500 0.439583 0.025000 0.041667
0 0.903646 0.914062 0.040625 0.036458
0 0.559375 0.132292 0.035417 0.037500
0 0.229167 0.933854 0.037500 0.053125
0 0.800521 0.296354 0.040625 0.034375
0 0.148438 0.091667 0.036458 0.047917
0 0.370312 0.173958 0.051042 0.050000
0 0.696875 0.649479 0.037500 0.019792
0 0.584896 0.483854 0.040625 0.038542
0 0.897396 0.932813 0.053125 0.034375
0 0.803646 0.134375 0.026042 0.039583
0 0.673958 0.132812 0.045833 0.055208
0 0.421354 0.937500 0.038542 0.031250
0 0.328646 0.880208 0.053125 0.047917
0 0.223438 0.103125 0.048958 0.052083
0 0.344792 0.409375 0.043750 0.033333
0 0.822917 0.235937 0.037500 0.044792
0 0.575521 0.084375 0.030208 0.039583
0 0.931771 0.396354 0.038542 0.023958
0 0.896354 0.526042 0.051042 0.033333
0 0.723958 0.611979 0.050000 0.044792
0 0.705729 0.368229 0.044792 0.032292
0 0.698438 0.685937 0.030208 0.040625
0 0.241146 0.834896 0.040625 0.034375
0 0.851562 0.324479 0.038542 0.055208
0 0.843750 0.301563 0.041667 0.048958
0 0.179167 0.749479 0.050000 0.026042
0 0.670312 0.391146 0.044792 0.040625
0 0.427604 0.646354 0.051042 0.038542
0 0.888542 0.411458 0.037500 0.022917
0 0.294271 0.924479 0.055208 0.048958
0 0.702083 0.328125 0.045833 0.052083
0 0.700521 0.490625 0.023958 0.047917
0 0.491146 0.744792 0.038542 0.052083
0 0.113021 0.955729 0.021875 0.038542
0 0.898438 0.269271 0.048958 0.046875
0 0.883854 0.521875 0.042708 0.025000
0 0.605208 0.105729 0.047917 0.046875
0 0.617188 0.875000 0.053125 0.043750
0 0.109896 0.944271 0.038542 0.040625
0 0.275000 0.728125 0.050000 0.050000
0 0.536458 0.105208 0.045833 0.031250
0 0.079167 0.165104 0.039583 0.028125
0 0.553125 0.222396 0.041667 0.021875
0 0.386979 0.157292 0.053125 0.045833
0 0.365104 0.313021 0.032292 0.040625
0 0.898958 0.173958 0.035417 0.020833
0 0.304167 0.628125 0.045833 0.029167
0 0.775000 0.223958 0.031250 0.041667
0 0.538542 0.542708 0.020833 0.039583
0 0.713021 0.961458 0.040625 0.041667
0 0.753646 0.444792 0.044792 0.052083
0 0.866146 0.291146 0.038542 0.040625
0 0.194792 0.720313 0.041667 0.055208
0 0.178646 0.185417 0.040625 0.047917
0 0.829167 0.579688 0.039583 0.048958
0 0.301563 0.806250 0.040625 0.041667
0 0.195312 0.920312 0.040625 0.023958
0 0.527604 0.802604 0.040625 0.038542
0 0.951042 0.365104 0.037500 0.048958
0 0.859896 0.567187 0.040625 0.032292
0 0.156771 0.676042 0.044792 0.047917
0 0.234375 0.701562 0.054167 0.046875
0 0.885938 0.664062 0.055208 0.044792
0 0.242708 0.533854 0.029167 0.046875
0 0.623437 0.683333 0.042708 0.037500
0 0.444271 0.130729 0.038542 0.051042
0 0.196354 0.892708 0.038542 0.052083
0 0.354167 0.941667 0.047917 0.025000
0 0.155208 0.854688 0.029167 0.040625
0 0.388542 0.793229 0.037500 0.048958
0 0.772396 0.553125 0.044792 0.027083
0 0.270833 0.535937 0.031250 0.044792
0 0.846875 0.263542 0.041667 0.041667
0 0.311458 0.405729 0.037500 0.040625
0 0.701562 0.378646 0.017708 0.036458
0 0.666146 0.643229 0.040625 0.038542
0 0.830729 0.263542 0.046875 0.045833
0 0.398438 0.088021 0.046875 0.048958
0 0.447396 0.789062 0.028125 0.048958
0 0.719271 0.485938 0.051042 0.040625
0 0.610938 0.365104 0.044792 0.042708
0 0.535937 0.569271 0.036458 0.040625
0 0.258854 0.446875 0.046875 0.052083
0 0.500000 0.121875 0.037500 0.031250
0 0.137500 0.252083 0.043750 0.025000
0 0.743229 0.229687 0.046875 0.055208
0 0.903125 0.763542 0.037500 0.031250
0 0.271354 0.510417 0.038542 0.043750
0 0.290104 0.653646 0.040625 0.055208
0 0.248438 0.857292 0.032292 0.043750
0 0.618750 0.356250 0.027083 0.041667
0 0.311458 0.205208 0.052083 0.041667
0 0.422396 0.412500 0.038542 0.031250
0 0.563542 0.722396 0.035417 0.040625
0 0.815104 0.481250 0.040625 0.047917
0 0.850000 0.467708 0.037500 0.022917
0 0.243750 0.811979 0.031250 0.044792
0 0.937500 0.789583 0.052083 0.039583
0 0.632812 0.784896 0.040625 0.034375
0 0.768229 0.359375 0.030208 0.043750
0 0.436458 0.728125 0.033333 0.037500
0 0.097917 0.865104 0.041667 0.042708
0 0.863021 0.285417 0.040625 0.043750
0 0.482812 0.369271 0.044792 0.042708
0 0.788542 0.870313 0.037500 0.021875
0 0.454688 0.535417 0.038542 0.033333
0 0.429688 0.491667 0.053125 0.043750
0 0.822396 0.152083 0.044792 0.025000
0 0.660937 0.766146 0.048958 0.032292
0 0.696354 0.386979 0.055208 0.051042
0 0.357292 0.316146 0.039583 0.055208
0 0.224479 0.467187 0.044792 0.048958
0 0.473958 0.129167 0.033333 0.037500
0 0.943750 0.295833 0.039583 0.041667
0 0.217188 0.523438 0.036458 0.051042
0 0.177604 0.432812 0.051042 0.053125
0 0.895312 0.202604 0.040625 0.028125
0 0.853125 0.963021 0.047917 0.032292
0 0.869792 0.644792 0.033333 0.050000
0 0.316667 0.232813 0.052083 0.034375
0 0.727604 0.158854 0.042708 0.023958
0 0.489583 0.369792 0.047917 0.039583
0 0.167187 0.370833 0.044792 0.033333
0 0.365625 0.243229 0.031250 0.048958
0 0.640104 0.431250 0.048958 0.052083
0 0.273958 0.530729 0.029167 0.051042
0 0.547396 0.310937 0.051042 0.026042
0 0.723437 0.257812 0.048958 0.046875
0 0.961458 0.368750 0.035417 0.037500
0 0.844792 0.805208 0.041667 0.031250
0 0.880729 0.256250 0.023958 0.041667
0 0.707292 0.745833 0.031250 0.041667
0 0.141667 0.271875 0.050000 0.050000
0 0.375000 0.152604 0.029167 0.051042
0 0.539062 0.377083 0.021875 0.037500
0 0.657292 0.641667 0.047917 0.037500
0 0.711979 0.321354 0.038542 0.046875
0 0.193750 0.336979 0.031250 0.048958
0 0.332292 0.179167 0.035417 0.037500
0 0.834375 0.173958 0.027083 0.037500
0 0.147396 0.566667 0.046875 0.052083
0 0.179688 0.819792 0.026042 0.039583
0 0.930729 0.096354 0.019792 0.038542
0 0.176563 0.884896 0.046875 0.023958
0 0.538021 0.393229 0.038542 0.040625
0 0.461979 0.946875 0.051042 0.050000
0 0.120313 0.103646 0.055208 0.048958
0 0.480729 0.923958 0.021875 0.041667
0 0.918750 0.944271 0.031250 0.040625
0 0.960938 0.074479 0.044792 0.042708
0 0.796354 0.698438 0.053125 0.030208
0 0.623958 0.678125 0.052083 0.047917
0 0.213542 0.757292 0.050000 0.029167
0 0.550521 0.631771 0.038542 0.021875
0 0.492188 0.525000 0.046875 0.045833
0 0.085417 0.144271 0.054167 0.042708
0 0.820833 0.672917 0.037500 0.031250
0 0.562500 0.533854 0.031250 0.040625
0 0.515104 0.872396 0.040625 0.028125
0 0.072917 0.155729 0.027083 0.042708
0 0.844271 0.256771 0.040625 0.032292
0 0.350521 0.479167 0.040625 0.025000
0 0.293229 0.125000 0.042708 0.037500
0 0.267708 0.399479 0.047917 0.048958
0 0.490625 0.468229 0.047917 0.046875
0 0.419271 0.584896 0.042708 0.055208
0 0.913021 0.566667 0.051042 0.050000
0 0.713021 0.413021 0.048958 0.044792
0 0.899479 0.278125 0.036458 0.037500
0 0.809375 0.761979 0.041667 0.042708
0 0.665625 0.695833 0.035417 0.022917
0 0.131250 0.111458 0.035417 0.020833
0 0.894271 0.600000 0.017708 0.035417
0 0.511979 0.229167 0.028125 0.050000
0 0.862500 0.905208 0.020833 0.039583
0 0.100000 0.504167 0.043750 0.035417
0 0.602604 0.815625 0.048958 0.025000
0 0.413542 0.597396 0.027083 0.042708
0 0.126042 0.945312 0.043750 0.030208
0 0.116667 0.135417 0.045833 0.043750
0 0.258854 0.119271 0.046875 0.026042
0 0.610417 0.206250 0.043750 0.035417
0 0.833854 0.377604 0.030208 0.044792
0 0.260417 0.924479 0.054167 0.048958
0 0.633854 0.069271 0.040625 0.030208
0 0.204167 0.533333 0.043750 0.035417
0 0.393750 0.201563 0.052083 0.053125
0 0.098958 0.778646 0.035417 0.048958
0 0.096354 0.781250 0.032292 0.052083
0 0.868750 0.592708 0.029167 0.041667
0 0.123958 0.473958 0.025000 0.037500
0 0.920833 0.197917 0.047917 0.052083
0 0.898958 0.738542 0.045833 0.043750
0 0.896875 0.593229 0.054167 0.040625
0 0.798438 0.544271 0.028125 0.048958
0 0.665625 0.896354 0.029167 0.048958
0 0.098437 0.559896 0.034375 0.053125
0 0.519792 0.782292 0.050000 0.031250
0 0.612500 0.216667 0.041667 0.027083
0 0.310937 0.965625 0.046875 0.043750
0 0.401042 0.863542 0.043750 0.045833
0 0.716667 0.667708 0.043750 0.035417
0 0.839583 0.449479 0.047917 0.046875
0 0.331250 0.495833 0.035417 0.037500
0 0.889583 0.206771 0.041667 0.021875
0 0.113021 0.545833 0.053125 0.039583
0 0.828646 0.210938 0.051042 0.044792
0 0.480208 0.738021 0.041667 0.023958
0 0.949479 0.532292 0.026042 0.039583
0 0.248958 0.114583 0.041667 0.039583
0 0.734896 0.300000 0.034375 0.047917
0 0.656250 0.455729 0.052083 0.051042
0 0.153646 0.884896 0.019792 0.040625
0 0.160417 0.461458 0.043750 0.037500
0 0.124479 0.680729 0.051042 0.034375
0 0.915104 0.472396 0.051042 0.042708
0 0.924479 0.501563 0.036458 0.051042
0 0.179688 0.957292 0.042708 0.039583
0 0.135417 0.543229 0.039583 0.030208
0 0.647917 0.231250 0.047917 0.041667
0 0.119271 0.488021 0.048958 0.046875
0 0.100521 0.423958 0.046875 0.029167
0 0.707812 0.080208 0.036458 0.020833
0 0.207292 0.129167 0.041667 0.039583
0 0.577083 0.648438 0.022917 0.040625
0 0.916667 0.194792 0.035417 0.052083
0 0.077083 0.309896 0.043750 0.032292
0 0.196875 0.971875 0.033333 0.047917
0 0.900000 0.575521 0.054167 0.044792
0 0.164583 0.632812 0.054167 0.036458
0 0.574479 0.950000 0.038542 0.025000
0 0.355208 0.930208 0.041667 0.025000
0 0.147396 0.510417 0.026042 0.045833
0 0.870313 0.802604 0.040625 0.038542
0 0.153646 0.618750 0.044792 0.035417
0 0.762500 0.393750 0.018750 0.035417
0 0.462500 0.281250 0.047917 0.025000
0 0.939583 0.308854 0.050000 0.053125
0 0.703125 0.246354 0.039583 0.034375
0 0.172917 0.592187 0.043750 0.030208
0 0.289062 0.430729 0.042708 0.051042
0 0.768229 0.127604 0.051042 0.044792
0 0.351042 0.536979 0.031250 0.044792
0 0.208854 0.234896 0.038542 0.051042
0 0.350000 0.411458 0.041667 0.052083
0 0.864583 0.590625 0.039583 0.041667
0 0.754687 0.395313 0.040625 0.032292
0 0.959375 0.178125 0.031250 0.050000
0 0.834896 0.917708 0.023958 0.045833
0 0.710938 0.923438 0.044792 0.032292
0 0.336458 0.158854 0.035417 0.048958
0 0.601562 0.570312 0.046875 0.036458
0 0.781250 0.618229 0.043750 0.055208
0 0.451562 0.491667 0.053125 0.037500
0 0.745833 0.283854 0.050000 0.044792
0 0.161458 0.625521 0.027083 0.046875
0 0.655729 0.388542 0.040625 0.047917
0 0.229687 0.882812 0.048958 0.023958
0 0.501042 0.735417 0.047917 0.025000
0 0.768750 0.854167 0.047917 0.041667
0 0.931771 0.869271 0.040625 0.030208
0 0.658333 0.702083 0.029167 0.050000
0 0.362500 0.534896 0.052083 0.051042
0 0.540104 0.151042 0.034375 0.052083
0 0.929688 0.643229 0.042708 0.044792
0 0.439063 0.546875 0.048958 0.039583
0 0.811458 0.212500 0.027083 0.045833
0 0.927083 0.225521 0.045833 0.036458
0 0.518750 0.245833 0.035417 0.037500
0 0.946354 0.840104 0.053125 0.053125
0 0.946354 0.610417 0.038542 0.025000
0 0.838542 0.109896 0.050000 0.038542
0 0.956771 0.707812 0.055208 0.040625
0 0.188542 0.086458 0.035417 0.037500
0 0.080729 0.696354 0.044792 0.032292
0 0.893229 0.713021 0.040625 0.044792
0 0.796875 0.708333 0.041667 0.031250
0 0.413542 0.694792 0.033333 0.037500
0 0.718750 0.705208 0.050000 0.050000
0 0.519271 0.660937 0.036458 0.051042
0 0.326562 0.652083 0.046875 0.031250
0 0.138542 0.605208 0.045833 0.052083
0 0.558333 0.723958 0.037500 0.047917
0 0.782813 0.393750 0.034375 0.016667
0 0.378125 0.635938 0.020833 0.036458
0 0.321875 0.967708 0.052083 0.043750
0 0.630729 0.640104 0.044792 0.040625
0 0.517188 0.122917 0.026042 0.041667
0 0.907813 0.475521 0.036458 0.055208
0 0.835938 0.908854 0.044792 0.040625
0 0.520312 0.797917 0.038542 0.025000
0 0.929688 0.577083 0.042708 0.033333
0 0.186979 0.256771 0.044792 0.044792
0 0.571354 0.274479 0.055208 0.038542
0 0.594792 0.196875 0.050000 0.050000
0 0.122396 0.873958 0.048958 0.027083
0 0.971875 0.865104 0.050000 0.034375
0 0.206771 0.850521 0.048958 0.032292
0 0.630729 0.172396 0.040625 0.034375
0 0.734375 0.278125 0.047917 0.041667
0 0.313542 0.222396 0.041667 0.023958
0 0.089583 0.742708 0.037500 0.041667
0 0.758333 0.118229 0.047917 0.032292