0 0.487500 0.204687 0.047917 0.046875
0 0.378125 0.930729 0.031250 0.044792
0 0.809896 0.742188 0.051042 0.028125
0 0.784896 0.549479 0.038542 0.023958
0 0.260937 0.179167 0.038542 0.043750
0 0.674479 0.773958 0.040625 0.022917
0 0.400000 0.655208 0.043750 0.033333
0 0.665625 0.137500 0.047917 0.039583
0 0.161458 0.720313 0.054167 0.048958
0 0.527083 0.285938 0.054167 0.042708
0 0.909375 0.851562 0.025000 0.038542
0 0.559896 0.284375 0.038542 0.031250
0 0.842187 0.303646 0.038542 0.055208
0 0.700000 0.629167 0.050000 0.050000
0 0.231771 0.727083 0.048958 0.050000
0 0.606250 0.109896 0.027083 0.040625
0 0.838542 0.638021 0.047917 0.048958
0 0.478646 0.436458 0.032292 0.039583
0 0.390104 0.148958 0.030208 0.050000
0 0.244271 0.657292 0.042708 0.037500
0 0.207813 0.336979 0.051042 0.040625
0 0.699479 0.953125 0.042708 0.027083
0 0.631250 0.922396 0.037500 0.019792
0 0.284896 0.445833 0.053125 0.037500
0 0.535417 0.831250 0.050000 0.047917
0 0.161458 0.828125 0.027083 0.043750
0 0.643750 0.316146 0.025000 0.038542
0 0.211979 0.130208 0.042708 0.037500
0 0.090625 0.449479 0.039583 0.036458
0 0.470833 0.293750 0.020833 0.039583
0 0.750521 0.819271 0.053125 0.030208
0 0.826042 0.466667 0.052083 0.047917
0 0.403646 0.471354 0.055208 0.042708
0 0.814063 0.146354 0.040625 0.055208
0 0.456771 0.864062 0.028125 0.040625
0 0.758854 0.805729 0.042708 0.051042
0 0.562500 0.529687 0.050000 0.026042
0 0.826042 0.730729 0.037500 0.044792
0 0.921354 0.861458 0.036458 0.047917
0 0.140625 0.220833 0.043750 0.033333
0 0.202604 0.385417 0.023958 0.041667
0 0.565104 0.706771 0.040625 0.034375
0 0.570312 0.795312 0.042708 0.023958
0 0.912500 0.228646 0.047917 0.030208
0 0.686458 0.492188 0.037500 0.019792
0 0.158854 0.611458 0.026042 0.045833
0 0.302604 0.783333 0.032292 0.039583
0 0.334896 0.340104 0.038542 0.051042
0 0.366667 0.697396 0.054167 0.046875
0 0.094271 0.296875 0.034375 0.016667
0 0.069271 0.464583 0.023958 0.045833
0 0.454167 0.365104 0.054167 0.042708
0 0.469271 0.813021 0.053125 0.030208
0 0.861458 0.866667 0.045833 0.045833
0 0.139063 0.402083 0.038542 0.035417
0 0.700000 0.555729 0.039583 0.032292
0 0.475521 0.926562 0.034375 0.053125
0 0.438021 0.238021 0.026042 0.044792
0 0.871875 0.807813 0.043750 0.048958
0 0.283333 0.492708 0.041667 0.039583
0 0.960938 0.150000 0.026042 0.041667
0 0.717187 0.631771 0.040625 0.034375
0 0.148438 0.100521 0.051042 0.044792
0 0.804688 0.436458 0.042708 0.020833
0 0.301042 0.901042 0.035417 0.043750
0 0.619271 0.115104 0.028125 0.040625
0 0.428125 0.315625 0.031250 0.037500
0 0.205208 0.861458 0.033333 0.037500
0 0.852604 0.379688 0.030208 0.040625
0 0.854688 0.894271 0.034375 0.051042
0 0.170833 0.541667 0.039583 0.041667
0 0.796354 0.411458 0.038542 0.031250
0 0.367708 0.912500 0.043750 0.045833
0 0.810937 0.132812 0.026042 0.046875
0 0.595313 0.807813 0.038542 0.019792
0 0.659375 0.692187 0.041667 0.044792
0 0.548438 0.441146 0.034375 0.046875
0 0.696875 0.162500 0.035417 0.043750
0 0.464583 0.411458 0.027083 0.047917
0 0.687500 0.151562 0.025000 0.044792
0 0.222396 0.216146 0.053125 0.053125
0 0.097917 0.841146 0.033333 0.044792
0 0.422917 0.323958 0.050000 0.047917
0 0.120833 0.515104 0.027083 0.042708
0 0.863542 0.613021 0.047917 0.044792
0 0.627083 0.511979 0.037500 0.044792
0 0.346354 0.595313 0.036458 0.017708
0 0.795833 0.854688 0.050000 0.038542
0 0.816146 0.265625 0.048958 0.052083
0 0.727083 0.964583 0.052083 0.043750
0 0.381250 0.248438 0.039583 0.044792
0 0.289062 0.811979 0.044792 0.042708
0 0.676042 0.314583 0.045833 0.052083
0 0.649479 0.633854 0.040625 0.032292
0 0.817187 0.377604 0.038542 0.038542
0 0.564063 0.425000 0.028125 0.050000
0 0.921875 0.607292 0.025000 0.041667
0 0.125521 0.890104 0.048958 0.046875
0 0.430729 0.242188 0.040625 0.044792
0 0.596875 0.758854 0.041667 0.044792
0 0.248958 0.376563 0.039583 0.034375
0 0.971875 0.953125 0.047917 0.052083
0 0.790625 0.769792 0.039583 0.020833
0 0.846875 0.325521 0.025000 0.042708
0 0.559375 0.816146 0.037500 0.038542
0 0.902604 0.725521 0.051042 0.053125
0 0.119271 0.735938 0.048958 0.028125
0 0.865104 0.083854 0.026042 0.040625
0 0.798958 0.663542 0.045833 0.052083
0 0.583854 0.242188 0.040625 0.023958
0 0.442708 0.725521 0.037500 0.048958
0 0.223958 0.879167 0.041667 0.029167
0 0.134896 0.531250 0.038542 0.037500
0 0.907813 0.469271 0.055208 0.040625
0 0.359375 0.601562 0.037500 0.048958
0 0.182812 0.327083 0.046875 0.052083
0 0.388542 0.896354 0.043750 0.042708
0 0.165104 0.552604 0.042708 0.023958
0 0.160417 0.186458 0.047917 0.039583
0 0.281250 0.795833 0.045833 0.031250
0 0.628646 0.616667 0.036458 0.020833
0 0.430208 0.935417 0.037500 0.027083
0 0.497396 0.776042 0.038542 0.031250
0 0.363021 0.950521 0.055208 0.038542
0 0.738542 0.586979 0.043750 0.055208
0 0.448958 0.564063 0.020833 0.038542
0 0.270833 0.465625 0.047917 0.037500
0 0.389062 0.829167 0.044792 0.047917
0 0.379688 0.211979 0.034375 0.046875
0 0.414062 0.696875 0.040625 0.054167
0 0.349479 0.916667 0.036458 0.047917
0 0.476562 0.807813 0.040625 0.036458
0 0.220312 0.252083 0.044792 0.027083
0 0.413542 0.290104 0.016667 0.034375
0 0.564583 0.665625 0.037500 0.035417
0 0.375521 0.443229 0.040625 0.036458
0 0.849479 0.738021 0.048958 0.044792
0 0.823438 0.622396 0.030208 0.053125
0 0.344792 0.498958 0.047917 0.039583
0 0.490104 0.969271 0.055208 0.048958
0 0.850000 0.728125 0.037500 0.035417
0 0.606771 0.661979 0.036458 0.055208
0 0.888021 0.337500 0.046875 0.043750
0 0.085938 0.905729 0.055208 0.046875
0 0.416146 0.525000 0.034375 0.047917
0 0.617188 0.622396 0.046875 0.038542
0 0.582812 0.360938 0.026042 0.040625
0 0.610938 0.171354 0.040625 0.036458
0 0.156771 0.191146 0.048958 0.046875
0 0.800521 0.196354 0.021875 0.038542
0 0.658333 0.263021 0.029167 0.040625
0 0.663542 0.561458 0.037500 0.041667
0 0.173437 0.258333 0.051042 0.050000
0 0.155729 0.318229 0.051042 0.040625
0 0.118229 0.467708 0.038542 0.043750
0 0.945833 0.264583 0.031250 0.037500
0 0.438021 0.766667 0.046875 0.031250
0 0.319792 0.871875 0.047917 0.027083
0 0.935937 0.287500 0.042708 0.037500
0 0.612500 0.606771 0.041667 0.021875
0 0.200000 0.484375 0.031250 0.050000
0 0.638542 0.242708 0.037500 0.035417
0 0.218750 0.759375 0.050000 0.031250
0 0.279687 0.701562 0.040625 0.038542
0 0.342187 0.964583 0.048958 0.052083
0 0.178646 0.793750 0.040625 0.043750
0 0.468750 0.447396 0.043750 0.055208
0 0.730729 0.688021 0.044792 0.028125
0 0.508333 0.256771 0.043750 0.048958
0 0.424479 0.970313 0.030208 0.044792
0 0.115104 0.872917 0.028125 0.045833
0 0.925521 0.137500 0.036458 0.037500
0 0.299479 0.092188 0.051042 0.028125
0 0.393229 0.501042 0.046875 0.031250
0 0.315104 0.212500 0.044792 0.033333
0 0.911458 0.527604 0.029167 0.046875
0 0.642188 0.175521 0.048958 0.032292
0 0.727604 0.216146 0.044792 0.032292
0 0.522396 0.079167 0.042708 0.025000
0 0.680208 0.686979 0.043750 0.026042
0 0.460417 0.698958 0.027083 0.047917
0 0.829167 0.661979 0.050000 0.034375
0 0.877604 0.741146 0.040625 0.036458
0 0.796875 0.275521 0.054167 0.038542
0 0.106771 0.434375 0.044792 0.025000
0 0.390625 0.535937 0.029167 0.040625
0 0.632292 0.907813 0.054167 0.046875
0 0.727604 0.157812 0.044792 0.042708
0 0.455208 0.358854 0.033333 0.044792
0 0.658854 0.706771 0.048958 0.048958
0 0.314583 0.575000 0.043750 0.045833
0 0.841146 0.783333 0.030208 0.039583
0 0.109375 0.902604 0.041667 0.021875
0 0.421354 0.934375 0.053125 0.047917
0 0.563021 0.367708 0.034375 0.037500
0 0.663542 0.442708 0.052083 0.045833
0 0.284375 0.156771 0.045833 0.036458
0 0.521354 0.090104 0.055208 0.036458
0 0.502604 0.634896 0.051042 0.028125
0 0.903646 0.509375 0.032292 0.039583
0 0.386458 0.418750 0.037500 0.035417
0 0.630729 0.711979 0.051042 0.036458
0 0.847917 0.468229 0.022917 0.038542
0 0.253646 0.952083 0.042708 0.037500
0 0.849479 0.476042 0.046875 0.052083
0 0.774479 0.557813 0.046875 0.038542
0 0.826042 0.931250 0.041667 0.031250
0 0.237500 0.153125 0.052083 0.039583
0 0.731771 0.698438 0.023958 0.042708
0 0.959375 0.164583 0.039583 0.041667
0 0.823958 0.510938 0.050000 0.036458
0 0.352604 0.236979 0.026042 0.046875
0 0.345313 0.740104 0.048958 0.046875
0 0.941667 0.180729 0.052083 0.034375
0 0.617708 0.645312 0.033333 0.044792
0 0.842708 0.263542 0.043750 0.045833
0 0.121875 0.647396 0.020833 0.036458
0 0.275521 0.635417 0.036458 0.047917
0 0.773438 0.513021 0.051042 0.040625
0 0.943229 0.745833 0.053125 0.037500
0 0.314063 0.710417 0.028125 0.043750
0 0.702604 0.211458 0.048958 0.052083
0 0.290104 0.097917 0.053125 0.045833
0 0.904687 0.158854 0.034375 0.040625
0 0.945833 0.072917 0.047917 0.041667
0 0.901042 0.123958 0.041667 0.025000
0 0.414583 0.236458 0.041667 0.037500
0 0.267188 0.945833 0.036458 0.018750
0 0.755208 0.893229 0.045833 0.055208
0 0.291146 0.767188 0.051042 0.028125
0 0.631771 0.692187 0.046875 0.028125
0 0.759375 0.311979 0.029167 0.040625
0 0.791667 0.360938 0.039583 0.036458
0 0.085938 0.741146 0.051042 0.042708
0 0.507812 0.455729 0.040625 0.038542
0 0.321875 0.375521 0.029167 0.040625
0 0.531250 0.651563 0.020833 0.038542
0 0.442708 0.272917 0.041667 0.039583
0 0.433333 0.503125 0.037500 0.035417
0 0.596354 0.905208 0.048958 0.039583
0 0.653646 0.336979 0.046875 0.055208
0 0.514583 0.834375 0.047917 0.052083
0 0.652083 0.741146 0.031250 0.040625
0 0.605729 0.907292 0.051042 0.035417
0 0.155729 0.899479 0.051042 0.044792
0 0.416667 0.910937 0.047917 0.046875
0 0.427083 0.668750 0.029167 0.037500
0 0.942187 0.085938 0.046875 0.055208
0 0.583333 0.201563 0.041667 0.048958
0 0.940625 0.112500 0.035417 0.052083
0 0.811458 0.186458 0.037500 0.025000
0 0.946354 0.419271 0.055208 0.051042
0 0.868229 0.439063 0.040625 0.051042
0 0.167708 0.937500 0.045833 0.027083
0 0.179688 0.498958 0.032292 0.043750
0 0.530208 0.925521 0.039583 0.034375
0 0.390625 0.854167 0.045833 0.043750
0 0.367708 0.684375 0.052083 0.035417
0 0.642188 0.786979 0.023958 0.038542
0 0.264583 0.360417 0.025000 0.041667
0 0.822396 0.122917 0.048958 0.035417
0 0.246875 0.530729 0.045833 0.055208
0 0.081771 0.904687 0.055208 0.042708
0 0.754687 0.244792 0.046875 0.031250
0 0.484896 0.933854 0.040625 0.034375
0 0.228646 0.545833 0.038542 0.033333
0 0.920833 0.791667 0.037500 0.041667
0 0.626563 0.759896 0.021875 0.038542
0 0.418229 0.580729 0.032292 0.044792
0 0.581250 0.769792 0.041667 0.052083
0 0.314063 0.813542 0.046875 0.043750
0 0.701042 0.917188 0.050000 0.042708
0 0.335417 0.423958 0.035417 0.052083
0 0.122396 0.959375 0.044792 0.033333
0 0.204167 0.088021 0.033333 0.040625
0 0.759896 0.755208 0.048958 0.037500
0 0.466667 0.344271 0.035417 0.040625
0 0.398958 0.186458 0.033333 0.047917
0 0.455729 0.161458 0.044792 0.045833
0 0.891146 0.338542 0.028125 0.039583
0 0.468229 0.244792 0.042708 0.037500
0 0.951562 0.564583 0.023958 0.041667
0 0.167187 0.199479 0.044792 0.055208
0 0.345313 0.774479 0.055208 0.042708
0 0.218229 0.450521 0.023958 0.040625
0 0.870313 0.416146 0.019792 0.038542
0 0.479167 0.596875 0.045833 0.022917
0 0.076563 0.239583 0.023958 0.045833
0 0.898438 0.090104 0.051042 0.040625
0 0.410417 0.481771 0.050000 0.044792
0 0.369271 0.427604 0.042708 0.055208
0 0.246875 0.606771 0.039583 0.034375
0 0.083333 0.587500 0.035417 0.020833
0 0.073438 0.844792 0.040625 0.043750
0 0.508854 0.829688 0.051042 0.034375
0 0.914062 0.818750 0.030208 0.050000
0 0.707292 0.558854 0.022917 0.042708
0 0.498958 0.948958 0.027083 0.037500
0 0.392708 0.546354 0.035417 0.044792
0 0.076042 0.637500 0.037500 0.041667
0 0.807292 0.256771 0.041667 0.048958
0 0.340104 0.767188 0.044792 0.055208
0 0.691146 0.278125 0.044792 0.047917
0 0.871354 0.703125 0.038542 0.047917
0 0.234896 0.104688 0.040625 0.030208
0 0.380208 0.575000 0.025000 0.047917
0 0.196875 0.334375 0.045833 0.052083
0 0.250000 0.247396 0.039583 0.038542
0 0.259375 0.595313 0.033333 0.040625
0 0.429167 0.338542 0.043750 0.052083
0 0.514062 0.902604 0.019792 0.038542
0 0.138021 0.965625 0.034375 0.047917
0 0.693229 0.768229 0.044792 0.030208
0 0.684896 0.230729 0.032292 0.044792
0 0.068750 0.825000 0.029167 0.045833
0 0.495312 0.549479 0.044792 0.051042
0 0.533854 0.558333 0.053125 0.039583
0 0.389062 0.324479 0.036458 0.046875
0 0.256771 0.548438 0.023958 0.046875
0 0.521875 0.842187 0.047917 0.028125
0 0.541146 0.138021 0.051042 0.053125
0 0.539583 0.505208 0.035417 0.037500
0 0.116146 0.351042 0.044792 0.025000
0 0.177604 0.744792 0.036458 0.052083
0 0.867188 0.725000 0.034375 0.039583
0 0.402604 0.564583 0.032292 0.052083
0 0.491146 0.468229 0.053125 0.034375
0 0.451562 0.855208 0.034375 0.037500
0 0.103125 0.091667 0.037500 0.043750
0 0.802083 0.884896 0.037500 0.038542
0 0.879687 0.385937 0.026042 0.051042
0 0.656771 0.421354 0.040625 0.032292
0 0.728646 0.598958 0.044792 0.033333
0 0.641146 0.748437 0.048958 0.028125
0 0.669792 0.416146 0.029167 0.044792
0 0.763021 0.394792 0.036458 0.043750
0 0.940625 0.078125 0.045833 0.045833
0 0.380729 0.486979 0.048958 0.055208
0 0.206250 0.335938 0.054167 0.038542
0 0.535417 0.912500 0.037500 0.041667
0 0.246875 0.448437 0.052083 0.051042
0 0.352604 0.919271 0.028125 0.040625
0 0.092188 0.603646 0.053125 0.053125
0 0.130208 0.432292 0.035417 0.018750
0 0.872396 0.720833 0.048958 0.033333
0 0.543750 0.934896 0.029167 0.040625
0 0.278125 0.126042 0.037500 0.041667
0 0.858854 0.794792 0.040625 0.020833
0 0.077083 0.434896 0.045833 0.055208
0 0.653646 0.335417 0.036458 0.043750
0 0.725000 0.623437 0.025000 0.042708
0 0.365625 0.447917 0.025000 0.043750
0 0.307812 0.551042 0.051042 0.050000
0 0.261979 0.661979 0.019792 0.038542
0 0.797917 0.870313 0.029167 0.044792
0 0.108854 0.221875 0.021875 0.039583
0 0.409375 0.613021 0.039583 0.048958
0 0.485938 0.709896 0.040625 0.032292
0 0.947396 0.228646 0.055208 0.046875
0 0.158854 0.811458 0.051042 0.035417
0 0.628125 0.293229 0.047917 0.023958
0 0.075000 0.487500 0.037500 0.027083
0 0.353125 0.747917 0.037500 0.029167
0 0.215625 0.551042 0.037500 0.027083
0 0.126562 0.840625 0.042708 0.033333
0 0.923958 0.568229 0.039583 0.019792
0 0.320833 0.625000 0.037500 0.047917
0 0.957292 0.398438 0.054167 0.040625
0 0.527083 0.333854 0.037500 0.038542
0 0.419271 0.137500 0.026042 0.047917
0 0.804688 0.445312 0.030208 0.040625
0 0.909896 0.904687 0.055208 0.048958
0 0.628646 0.256771 0.040625 0.034375
0 0.227604 0.297396 0.048958 0.046875
0 0.540104 0.284375 0.042708 0.037500
0 0.609375 0.938021 0.031250 0.048958
0 0.666146 0.106250 0.051042 0.031250
0 0.808854 0.376563 0.023958 0.042708
0 0.247917 0.923438 0.027083 0.038542
0 0.611979 0.556771 0.051042 0.028125
0 0.850000 0.292187 0.050000 0.028125
0 0.845833 0.596354 0.037500 0.038542
0 0.335417 0.536979 0.045833 0.032292
0 0.902083 0.330208 0.041667 0.047917
0 0.330208 0.128646 0.050000 0.044792
0 0.172396 0.664583 0.042708 0.037500
0 0.834896 0.073438 0.055208 0.042708
0 0.420312 0.238542 0.048958 0.050000
0 0.684375 0.206250 0.043750 0.033333
0 0.125000 0.654167 0.041667 0.039583
0 0.090104 0.893229 0.026042 0.044792
0 0.620833 0.738021 0.022917 0.046875
0 0.586458 0.260937 0.033333 0.044792
0 0.458854 0.467187 0.051042 0.053125
0 0.553125 0.103125 0.043750 0.035417
0 0.580208 0.685937 0.052083 0.053125
0 0.949479 0.789062 0.051042 0.053125
0 0.163021 0.242708 0.030208 0.039583
0 0.243750 0.105208 0.029167 0.037500
0 0.769271 0.720833 0.036458 0.020833
0 0.489583 0.430729 0.052083 0.032292
0 0.220833 0.848437 0.031250 0.051042
0 0.096875 0.640625 0.045833 0.027083
0 0.702604 0.518229 0.051042 0.042708
0 0.326042 0.702083 0.047917 0.033333
0 0.452083 0.118229 0.029167 0.044792
0 0.938542 0.714583 0.047917 0.039583
0 0.465104 0.401562 0.051042 0.040625
0 0.332292 0.157292 0.029167 0.037500
0 0.504687 0.200000 0.040625 0.047917
0 0.445833 0.805729 0.041667 0.021875
0 0.506250 0.616667 0.047917 0.037500
0 0.148958 0.353125 0.029167 0.041667
0 0.106771 0.790104 0.034375 0.046875
0 0.370833 0.563021 0.045833 0.036458
0 0.418750 0.805729 0.039583 0.026042
0 0.245312 0.587500 0.028125 0.045833
0 0.626563 0.195833 0.036458 0.037500
0 0.290104 0.150000 0.038542 0.037500
0 0.552083 0.836458 0.052083 0.047917
0 0.870833 0.091667 0.033333 0.037500
0 0.086458 0.643750 0.029167 0.041667
0 0.628646 0.124479 0.038542 0.046875
0 0.390104 0.477604 0.040625 0.026042
0 0.906250 0.701562 0.039583 0.036458
0 0.641146 0.232813 0.051042 0.034375
0 0.233333 0.588542 0.029167 0.045833
0 0.528646 0.140625 0.048958 0.025000
0 0.098958 0.446354 0.039583 0.026042
0 0.716146 0.863021 0.044792 0.044792
0 0.098958 0.495312 0.045833 0.028125
0 0.643229 0.400000 0.030208 0.043750
0 0.394271 0.879167 0.028125 0.043750
0 0.904687 0.347396 0.040625 0.044792
0 0.755729 0.129688 0.046875 0.048958
0 0.328125 0.666146 0.031250 0.053125
0 0.240625 0.832292 0.029167 0.037500
0 0.311979 0.176042 0.021875 0.037500
0 0.566146 0.919271 0.040625 0.028125
0 0.723958 0.541146 0.050000 0.053125
0 0.467187 0.932292 0.046875 0.031250
0 0.574479 0.346354 0.040625 0.030208
0 0.390104 0.335938 0.044792 0.055208
0 0.206771 0.329688 0.028125 0.046875
0 0.193229 0.302083 0.032292 0.039583
0 0.831771 0.518750 0.021875 0.039583
0 0.146875 0.690625 0.037500 0.031250
0 0.944271 0.939063 0.046875 0.048958
0 0.086458 0.206250 0.037500 0.035417
0 0.415104 0.686979 0.046875 0.034375
0 0.522917 0.881250 0.029167 0.037500
0 0.326562 0.627604 0.044792 0.042708
0 0.918750 0.838542 0.037500 0.035417
0 0.331771 0.853646 0.048958 0.055208
0 0.855208 0.789583 0.039583 0.052083
0 0.869792 0.864062 0.043750 0.030208
0 0.068750 0.220312 0.022917 0.042708
0 0.166667 0.496354 0.027083 0.042708
0 0.127604 0.661979 0.019792 0.038542
0 0.653125 0.445833 0.043750 0.037500
0 0.869271 0.156250 0.028125 0.050000
0 0.802604 0.410938 0.048958 0.046875
0 0.747396 0.741146 0.028125 0.044792
0 0.186458 0.760417 0.035417 0.043750
0 0.554688 0.567708 0.044792 0.047917
0 0.907813 0.084375 0.040625 0.022917
0 0.867708 0.311979 0.052083 0.051042
0 0.765625 0.702604 0.037500 0.053125
0 0.883854 0.158854 0.034375 0.040625
0 0.688021 0.227604 0.026042 0.040625
0 0.549479 0.859375 0.038542 0.047917
0 0.267708 0.270313 0.041667 0.023958
0 0.607292 0.706771 0.054167 0.044792
0 0.188542 0.791146 0.052083 0.053125
0 0.293750 0.930729 0.047917 0.053125
0 0.289062 0.171354 0.053125 0.034375
0 0.358333 0.465104 0.050000 0.044792
0 0.484896 0.633333 0.017708 0.035417
0 0.569792 0.188542 0.037500 0.025000
0 0.827083 0.818750 0.031250 0.037500
0 0.420833 0.783333 0.045833 0.045833
0 0.788021 0.109896 0.034375 0.046875
0 0.215625 0.895833 0.037500 0.035417
0 0.697396 0.265625 0.038542 0.031250
0 0.539062 0.898958 0.026042 0.047917
0 0.810937 0.563021 0.046875 0.034375
0 0.089063 0.629167 0.051042 0.050000
0 0.080208 0.597917 0.031250 0.050000
0 0.493229 0.122396 0.038542 0.019792
0 0.335417 0.196354 0.050000 0.038542
0 0.084375 0.250000 0.035417 0.035417
0 0.509896 0.481250 0.036458 0.037500
0 0.942187 0.623437 0.026042 0.044792
0 0.534375 0.843750 0.043750 0.052083
0 0.643229 0.242188 0.034375 0.040625
0 0.132292 0.877604 0.054167 0.042708
0 0.756250 0.268229 0.054167 0.046875
0 0.398958 0.630208 0.037500 0.027083
0 0.534896 0.085417 0.044792 0.047917
0 0.755208 0.635938 0.045833 0.023958
0 0.955208 0.289062 0.052083 0.034375
0 0.272396 0.707292 0.042708 0.047917
0 0.817187 0.151562 0.030208 0.040625
0 0.641667 0.195312 0.033333 0.040625
0 0.800000 0.607292 0.031250 0.050000
0 0.727604 0.379167 0.019792 0.035417
0 0.297917 0.510938 0.020833 0.036458
0 0.223438 0.700521 0.038542 0.040625
0 0.569271 0.321875 0.040625 0.043750
0 0.526042 0.701042 0.029167 0.041667
0 0.669271 0.465625 0.042708 0.039583
0 0.194792 0.910417 0.052083 0.043750
0 0.852604 0.369792 0.046875 0.031250
0 0.073958 0.873958 0.027083 0.047917
0 0.320312 0.126562 0.048958 0.030208
0 0.822917 0.668229 0.047917 0.044792
0 0.581250 0.248958 0.022917 0.037500
0 0.590104 0.355729 0.036458 0.046875
0 0.445312 0.357292 0.040625 0.041667
0 0.879687 0.820312 0.048958 0.046875
0 0.371354 0.799479 0.040625 0.028125
0 0.527604 0.493229 0.046875 0.048958
0 0.456771 0.333333 0.038542 0.031250
0 0.856771 0.302604 0.046875 0.034375
0 0.249479 0.331250 0.042708 0.020833
0 0.448958 0.401562 0.043750 0.040625
0 0.376042 0.442188 0.039583 0.030208
0 0.103125 0.310417 0.047917 0.041667
0 0.279687 0.131250 0.048958 0.041667
0 0.944792 0.422917 0.050000 0.031250
0 0.721354 0.445312 0.051042 0.030208
0 0.608854 0.252083 0.036458 0.043750
0 0.477604 0.902083 0.038542 0.033333
0 0.282292 0.754687 0.029167 0.040625
0 0.184896 0.379167 0.048958 0.052083
0 0.940104 0.168750 0.038542 0.022917
0 0.606250 0.505729 0.054167 0.048958
0 0.834896 0.680729 0.044792 0.051042
0 0.083333 0.948438 0.043750 0.032292
0 0.113021 0.089063 0.051042 0.040625
0 0.256250 0.491146 0.039583 0.038542
0 0.680729 0.268229 0.034375 0.046875
0 0.794792 0.207813 0.039583 0.036458
0 0.667708 0.410417 0.037500 0.052083
0 0.598437 0.316667 0.051042 0.029167
0 0.165625 0.907813 0.050000 0.034375
0 0.826042 0.716667 0.033333 0.037500
0 0.438021 0.836979 0.040625 0.034375
0 0.085938 0.611458 0.053125 0.047917
0 0.217188 0.887500 0.053125 0.037500
0 0.096875 0.222917 0.052083 0.035417
0 0.145833 0.856250 0.041667 0.029167
0 0.807292 0.797396 0.050000 0.040625
0 0.901563 0.912500 0.021875 0.041667
0 0.307812 0.234375 0.028125 0.043750
0 0.432812 0.159896 0.055208 0.036458
0 0.548958 0.675000 0.035417 0.018750
0 0.493750 0.088021 0.041667 0.021875
0 0.823438 0.441146 0.051042 0.053125
0 0.335938 0.719792 0.040625 0.047917
0 0.383854 0.608854 0.044792 0.028125
0 0.726562 0.450000 0.048958 0.025000
0 0.672917 0.190625 0.047917 0.039583
0 0.455729 0.812500 0.044792 0.052083
0 0.923438 0.724479 0.032292 0.048958
0 0.345313 0.546875 0.028125 0.043750
0 0.835417 0.106250 0.037500 0.031250
0 0.961458 0.088542 0.037500 0.027083
0 0.618229 0.560937 0.046875 0.048958
0 0.782813 0.209896 0.030208 0.053125
0 0.306771 0.467187 0.055208 0.048958
0 0.625000 0.804167 0.043750 0.031250
0 0.946875 0.620313 0.039583 0.044792
0 0.673958 0.773958 0.035417 0.052083
0 0.664583 0.706250 0.043750 0.052083
0 0.408854 0.134375 0.044792 0.045833
0 0.296354 0.144792 0.040625 0.041667
0 0.202604 0.875521 0.046875 0.036458
0 0.179167 0.642708 0.025000 0.043750
0 0.716667 0.618229 0.029167 0.040625
0 0.235417 0.492708 0.052083 0.043750
0 0.795833 0.628646 0.041667 0.048958
0 0.518750 0.119271 0.043750 0.028125
0 0.708854 0.848958 0.036458 0.037500
0 0.689583 0.417187 0.041667 0.048958
0 0.626563 0.143229 0.048958 0.046875
0 0.686458 0.538542 0.039583 0.052083
0 0.276562 0.396875 0.046875 0.043750
0 0.294792 0.469271 0.033333 0.044792
0 0.104167 0.442188 0.052083 0.032292
0 0.753646 0.627083 0.042708 0.025000
0 0.880208 0.888021 0.037500 0.048958
0 0.308854 0.344792 0.046875 0.031250
0 0.924479 0.354687 0.053125 0.030208
0 0.080208 0.421875 0.047917 0.041667
0 0.402083 0.207292 0.033333 0.043750
0 0.608333 0.242708 0.043750 0.033333
0 0.664062 0.706250 0.038542 0.047917
0 0.153125 0.392708 0.025000 0.041667
0 0.504167 0.859375 0.029167 0.041667
0 0.730208 0.903125 0.025000 0.043750
0 0.481771 0.568750 0.048958 0.041667
0 0.535417 0.505208 0.035417 0.052083
0 0.101562 0.508854 0.044792 0.055208
0 0.855729 0.958333 0.046875 0.027083
0 0.920312 0.552604 0.048958 0.046875
0 0.821875 0.796354 0.047917 0.046875
0 0.289062 0.434375 0.044792 0.037500
0 0.377083 0.342187 0.043750 0.030208
0 0.575000 0.189062 0.043750 0.026042
0 0.655729 0.878646 0.040625 0.028125
0 0.586979 0.685937 0.040625 0.036458
0 0.739062 0.493229 0.040625 0.046875
0 0.717708 0.373437 0.039583 0.038542
0 0.650000 0.435937 0.035417 0.044792
0 0.108854 0.203646 0.040625 0.044792
0 0.621875 0.767188 0.045833 0.048958
0 0.356250 0.958333 0.033333 0.050000
0 0.738542 0.216667 0.041667 0.047917
0 0.476042 0.810937 0.035417 0.048958
0 0.911979 0.187500 0.046875 0.043750
0 0.697396 0.871354 0.040625 0.038542
0 0.846354 0.375521 0.055208 0.038542