0 0.175521 0.407292 0.021875 0.037500
0 0.385937 0.576042 0.044792 0.047917
0 0.106771 0.645312 0.019792 0.038542
0 0.840104 0.589063 0.036458 0.046875
0 0.407813 0.284375 0.046875 0.043750
0 0.201042 0.668229 0.050000 0.034375
0 0.821354 0.470833 0.046875 0.045833
0 0.666146 0.269271 0.048958 0.032292
0 0.840104 0.938021 0.040625 0.030208
0 0.198958 0.249479 0.027083 0.040625
0 0.177604 0.497396 0.040625 0.044792
0 0.420312 0.440625 0.046875 0.043750
0 0.621875 0.333333 0.043750 0.045833
0 0.128646 0.950000 0.042708 0.037500
0 0.146875 0.255208 0.037500 0.033333
0 0.623958 0.298438 0.029167 0.044792
0 0.565625 0.083333 0.037500 0.033333
0 0.611979 0.305208 0.048958 0.035417
0 0.925521 0.315625 0.026042 0.050000
0 0.648958 0.414583 0.027083 0.047917
0 0.666146 0.572396 0.023958 0.040625
0 0.647917 0.673438 0.039583 0.038542
0 0.773958 0.582292 0.043750 0.022917
0 0.558854 0.586979 0.051042 0.044792
0 0.150521 0.570312 0.048958 0.044792
0 0.792708 0.496354 0.020833 0.042708
0 0.694792 0.927083 0.022917 0.043750
0 0.472396 0.385417 0.040625 0.054167
0 0.630208 0.652604 0.035417 0.044792
0 0.655729 0.371354 0.028125 0.040625
0 0.941667 0.830208 0.043750 0.033333
0 0.528125 0.431250 0.052083 0.037500
0 0.873958 0.386979 0.050000 0.053125
0 0.330208 0.360417 0.045833 0.045833
0 0.475521 0.528125 0.044792 0.047917
0 0.173958 0.491146 0.045833 0.048958
0 0.743229 0.958854 0.053125 0.051042
0 0.864062 0.353646 0.055208 0.044792
0 0.514062 0.957812 0.053125 0.032292
0 0.592187 0.490104 0.038542 0.040625
0 0.296875 0.115104 0.052083 0.053125
0 0.600000 0.862500 0.052083 0.041667
0 0.126562 0.841667 0.048958 0.052083
0 0.541667 0.693750 0.047917 0.052083
0 0.524479 0.671354 0.030208 0.040625
0 0.721875 0.766146 0.022917 0.038542
0 0.933333 0.909896 0.039583 0.019792
0 0.923958 0.451562 0.039583 0.048958
0 0.341146 0.577604 0.046875 0.023958
0 0.634896 0.093229 0.055208 0.044792
0 0.092188 0.559896 0.026042 0.051042
0 0.417708 0.076042 0.047917 0.027083
0 0.852083 0.527083 0.035417 0.022917
0 0.350521 0.495833 0.032292 0.043750
0 0.655208 0.534896 0.039583 0.030208
0 0.426042 0.638542 0.052083 0.041667
0 0.625000 0.483333 0.045833 0.029167
0 0.190625 0.200000 0.035417 0.035417
0 0.752604 0.143750 0.038542 0.043750
0 0.636979 0.479167 0.051042 0.050000
0 0.447396 0.087500 0.030208 0.047917
0 0.719792 0.686979 0.047917 0.044792
0 0.702604 0.774479 0.030208 0.053125
0 0.958854 0.386458 0.046875 0.031250
0 0.244271 0.893229 0.048958 0.030208
0 0.385937 0.831771 0.028125 0.044792
0 0.198958 0.896875 0.022917 0.037500
0 0.199479 0.782292 0.046875 0.029167
0 0.202604 0.753125 0.021875 0.037500
0 0.603646 0.332292 0.042708 0.054167
0 0.340104 0.348438 0.044792 0.055208
0 0.585938 0.595313 0.044792 0.042708
0 0.679688 0.168750 0.053125 0.045833
0 0.834375 0.815625 0.045833 0.043750
0 0.498437 0.825521 0.040625 0.032292
0 0.402604 0.316146 0.026042 0.040625
0 0.074479 0.755208 0.040625 0.047917
0 0.214583 0.597396 0.039583 0.048958
0 0.082292 0.459896 0.050000 0.040625
0 0.710938 0.474479 0.040625 0.028125
0 0.882292 0.678125 0.037500 0.052083
0 0.869271 0.227083 0.032292 0.047917
0 0.201563 0.825000 0.048958 0.052083
0 0.199479 0.516146 0.038542 0.021875
0 0.591146 0.760417 0.042708 0.054167
0 0.527083 0.957812 0.037500 0.038542
0 0.588021 0.166667 0.048958 0.037500
0 0.435937 0.546875 0.036458 0.047917
0 0.741667 0.824479 0.029167 0.044792
0 0.139063 0.410417 0.042708 0.031250
0 0.599479 0.968750 0.053125 0.041667
0 0.914062 0.695833 0.042708 0.047917
0 0.813542 0.396354 0.050000 0.026042
0 0.353125 0.206771 0.052083 0.030208
0 0.697396 0.295312 0.055208 0.040625
0 0.225000 0.324479 0.035417 0.053125
0 0.115104 0.842708 0.044792 0.037500
0 0.279687 0.326562 0.023958 0.042708
0 0.897396 0.920312 0.026042 0.046875
0 0.694271 0.445833 0.051042 0.029167
0 0.881771 0.250521 0.040625 0.032292
0 0.608854 0.225521 0.040625 0.036458
0 0.379167 0.765104 0.031250 0.044792
0 0.740625 0.131250 0.045833 0.052083
0 0.411979 0.428646 0.044792 0.055208
0 0.661979 0.828646 0.038542 0.021875
0 0.389062 0.331771 0.030208 0.048958
0 0.265625 0.727604 0.041667 0.032292
0 0.414062 0.423958 0.044792 0.035417
0 0.186979 0.565104 0.044792 0.040625
0 0.418229 0.270313 0.040625 0.026042
0 0.651563 0.822917 0.042708 0.025000
0 0.772917 0.502604 0.043750 0.032292
0 0.694271 0.932292 0.038542 0.043750
0 0.273438 0.323958 0.042708 0.047917
0 0.928125 0.964063 0.025000 0.046875
0 0.448958 0.592187 0.033333 0.044792
0 0.234896 0.521875 0.038542 0.052083
0 0.092188 0.456250 0.046875 0.029167
0 0.679688 0.853646 0.040625 0.028125
0 0.160938 0.257292 0.036458 0.037500
0 0.800521 0.731250 0.036458 0.020833
0 0.221875 0.153125 0.022917 0.037500
0 0.664583 0.927604 0.045833 0.048958
0 0.499479 0.550000 0.038542 0.031250
0 0.219271 0.146354 0.038542 0.051042
0 0.434896 0.564583 0.046875 0.031250
0 0.635938 0.590104 0.034375 0.053125
0 0.838021 0.959375 0.048958 0.041667
0 0.422917 0.367708 0.045833 0.043750
0 0.876563 0.502083 0.048958 0.037500
0 0.830208 0.268750 0.027083 0.037500
0 0.367188 0.781250 0.040625 0.041667
0 0.719271 0.756771 0.023958 0.040625
0 0.531771 0.835417 0.040625 0.047917
0 0.136979 0.489063 0.038542 0.021875
0 0.644271 0.639062 0.021875 0.038542
0 0.507812 0.508333 0.042708 0.025000
0 0.082812 0.368229 0.042708 0.044792
0 0.129167 0.546875 0.043750 0.033333
0 0.768750 0.189583 0.045833 0.022917
0 0.955208 0.352083 0.022917 0.039583
0 0.582292 0.555729 0.039583 0.044792
0 0.582812 0.420312 0.032292 0.053125
0 0.820312 0.287500 0.044792 0.052083
0 0.818750 0.441146 0.039583 0.036458
0 0.280729 0.539062 0.044792 0.055208
0 0.336979 0.956771 0.030208 0.048958
0 0.120833 0.570833 0.052083 0.039583
0 0.305208 0.925000 0.052083 0.035417
0 0.901042 0.215625 0.047917 0.027083
0 0.686458 0.672917 0.033333 0.037500
0 0.626042 0.446875 0.037500 0.022917
0 0.373958 0.711979 0.045833 0.032292
0 0.315104 0.172396 0.034375 0.040625
0 0.654687 0.297917 0.042708 0.037500
0 0.798958 0.377604 0.031250 0.051042
0 0.220312 0.306250 0.048958 0.052083
0 0.852604 0.535937 0.038542 0.051042
0 0.127083 0.835938 0.027083 0.042708
0 0.400000 0.576562 0.047917 0.046875
0 0.447917 0.128646 0.037500 0.048958
0 0.339062 0.581771 0.046875 0.038542
0 0.349479 0.288542 0.042708 0.027083
0 0.965104 0.314583 0.042708 0.039583
0 0.553646 0.829167 0.048958 0.050000
0 0.926042 0.478125 0.045833 0.052083
0 0.413542 0.680729 0.041667 0.042708
0 0.408333 0.413542 0.052083 0.043750
0 0.745833 0.634896 0.039583 0.036458
0 0.518750 0.786979 0.050000 0.028125
0 0.393229 0.110937 0.038542 0.055208
0 0.723437 0.594792 0.053125 0.043750
0 0.560417 0.612500 0.041667 0.041667
0 0.695312 0.304688 0.048958 0.030208
0 0.458333 0.201563 0.041667 0.032292
0 0.325521 0.661979 0.023958 0.038542
0 0.258854 0.486458 0.040625 0.054167
0 0.358333 0.634375 0.041667 0.031250
0 0.520312 0.679167 0.042708 0.027083
0 0.185417 0.254167 0.037500 0.018750
0 0.855208 0.085938 0.043750 0.055208
0 0.265104 0.114062 0.019792 0.040625
0 0.741146 0.698958 0.023958 0.041667
0 0.440625 0.526563 0.039583 0.034375
0 0.637500 0.469271 0.037500 0.019792
0 0.377604 0.689583 0.053125 0.045833
0 0.096875 0.271875 0.043750 0.031250
0 0.095833 0.812500 0.018750 0.037500
0 0.879687 0.662500 0.040625 0.020833
0 0.829167 0.760417 0.050000 0.050000
0 0.137500 0.408854 0.039583 0.055208
0 0.847917 0.631771 0.054167 0.042708
0 0.811979 0.657292 0.048958 0.035417
0 0.072917 0.811979 0.037500 0.021875
0 0.884896 0.226562 0.048958 0.046875
0 0.746354 0.147396 0.048958 0.032292
0 0.739062 0.467708 0.042708 0.054167
0 0.501042 0.329167 0.035417 0.020833
0 0.342708 0.700000 0.050000 0.031250
0 0.696875 0.639062 0.037500 0.019792
0 0.583854 0.918750 0.044792 0.033333
0 0.546875 0.240625 0.033333 0.037500
0 0.942708 0.180729 0.047917 0.046875
0 0.211979 0.645312 0.034375 0.040625
0 0.780208 0.907813 0.039583 0.055208
0 0.370312 0.091667 0.038542 0.035417
0 0.425521 0.965625 0.036458 0.052083
0 0.438021 0.416667 0.042708 0.054167
0 0.908854 0.842708 0.044792 0.052083
0 0.194271 0.747396 0.044792 0.042708
0 0.822917 0.211979 0.037500 0.044792
0 0.864583 0.623958 0.041667 0.039583
0 0.517188 0.131771 0.034375 0.040625
0 0.666146 0.451042 0.051042 0.035417
0 0.284896 0.466667 0.034375 0.039583
0 0.723958 0.301042 0.037500 0.041667
0 0.466667 0.224479 0.033333 0.048958
0 0.875521 0.355208 0.040625 0.047917
0 0.318750 0.897396 0.029167 0.040625
0 0.376042 0.089583 0.020833 0.035417
0 0.641146 0.438021 0.042708 0.021875
0 0.947917 0.392188 0.050000 0.044792
0 0.521354 0.647917 0.034375 0.052083
0 0.262500 0.312500 0.052083 0.045833
0 0.106250 0.816667 0.029167 0.041667
0 0.330729 0.238021 0.040625 0.046875
0 0.123958 0.341667 0.047917 0.037500
0 0.289583 0.246354 0.043750 0.048958
0 0.314063 0.840104 0.026042 0.040625
0 0.623437 0.611458 0.030208 0.039583
0 0.496875 0.620833 0.029167 0.037500
0 0.423958 0.827604 0.037500 0.053125
0 0.716667 0.457292 0.050000 0.047917
0 0.153646 0.778125 0.038542 0.031250
0 0.397396 0.347917 0.046875 0.027083
0 0.088542 0.515104 0.029167 0.051042
0 0.762500 0.225521 0.041667 0.055208
0 0.611458 0.364063 0.037500 0.040625
0 0.292708 0.907813 0.039583 0.030208
0 0.575521 0.833333 0.044792 0.037500
0 0.167708 0.314583 0.020833 0.035417
0 0.369271 0.883854 0.040625 0.044792
0 0.276562 0.431250 0.042708 0.033333
0 0.830729 0.525000 0.036458 0.037500
0 0.581250 0.204687 0.043750 0.026042
0 0.282292 0.918750 0.039583 0.047917
0 0.151562 0.762500 0.048958 0.035417
0 0.300521 0.153125 0.032292 0.047917
0 0.625521 0.563542 0.021875 0.037500
0 0.323437 0.388542 0.048958 0.041667
0 0.740104 0.493229 0.044792 0.040625
0 0.273438 0.809375 0.042708 0.041667
0 0.674479 0.605729 0.044792 0.051042
0 0.111458 0.394792 0.027083 0.037500
0 0.774479 0.366667 0.038542 0.025000
0 0.083333 0.786458 0.043750 0.025000
0 0.702604 0.665104 0.044792 0.032292
0 0.551042 0.564583 0.047917 0.037500
0 0.926042 0.730729 0.047917 0.032292
0 0.891667 0.839583 0.027083 0.037500
0 0.285938 0.706771 0.055208 0.042708
0 0.097396 0.296354 0.040625 0.026042
0 0.881771 0.425521 0.046875 0.038542
0 0.442188 0.217708 0.044792 0.052083
0 0.165104 0.799479 0.051042 0.053125
0 0.360417 0.619792 0.025000 0.037500
0 0.844792 0.440625 0.029167 0.045833
0 0.957812 0.404687 0.048958 0.028125
0 0.648958 0.882812 0.041667 0.048958
0 0.716667 0.903646 0.035417 0.048958
0 0.611458 0.439583 0.035417 0.043750
0 0.212500 0.846354 0.045833 0.023958
0 0.104167 0.352604 0.045833 0.036458
0 0.511458 0.777604 0.035417 0.017708
0 0.612500 0.088542 0.035417 0.018750
0 0.664583 0.412500 0.025000 0.037500
0 0.857292 0.603125 0.037500 0.027083
0 0.336979 0.640625 0.048958 0.041667
0 0.925000 0.934896 0.033333 0.053125
0 0.653646 0.275521 0.038542 0.038542
0 0.688542 0.512500 0.018750 0.035417
0 0.828125 0.142708 0.052083 0.039583
0 0.263542 0.566667 0.031250 0.041667
0 0.313542 0.223438 0.039583 0.030208
0 0.330208 0.255208 0.037500 0.029167
0 0.757292 0.937500 0.033333 0.037500
0 0.161458 0.588542 0.037500 0.035417
0 0.278125 0.163542 0.047917 0.039583
0 0.783854 0.545833 0.051042 0.033333
0 0.634896 0.619271 0.023958 0.040625
0 0.286458 0.178646 0.045833 0.034375
0 0.497396 0.914583 0.053125 0.045833
0 0.237500 0.458854 0.039583 0.053125
0 0.630729 0.539062 0.032292 0.040625
0 0.593750 0.344792 0.043750 0.052083
0 0.584896 0.299479 0.046875 0.023958
0 0.158854 0.949479 0.044792 0.026042
0 0.359896 0.797396 0.044792 0.040625
0 0.759896 0.259375 0.053125 0.045833
0 0.777083 0.329167 0.037500 0.029167
0 0.381771 0.946354 0.046875 0.026042
0 0.869271 0.865625 0.042708 0.031250
0 0.644271 0.940625 0.040625 0.041667
0 0.301042 0.461458 0.043750 0.045833
0 0.417708 0.501563 0.035417 0.048958
0 0.610417 0.316146 0.052083 0.051042
0 0.753125 0.438542 0.037500 0.027083
0 0.826042 0.682813 0.041667 0.021875
0 0.153125 0.522396 0.054167 0.048958
0 0.744792 0.121354 0.039583 0.028125
0 0.426563 0.526563 0.028125 0.040625
0 0.115104 0.538021 0.026042 0.046875
0 0.382292 0.871354 0.041667 0.055208
0 0.688542 0.362500 0.031250 0.043750
0 0.705208 0.231771 0.035417 0.044792
0 0.583333 0.464062 0.039583 0.036458
0 0.796354 0.592187 0.048958 0.032292
0 0.797917 0.128646 0.039583 0.055208
0 0.683333 0.118229 0.022917 0.038542
0 0.488021 0.307812 0.051042 0.034375
0 0.354167 0.892708 0.035417 0.037500
0 0.337500 0.314583 0.047917 0.033333
0 0.285938 0.131250 0.023958 0.041667
0 0.457292 0.096354 0.029167 0.048958
0 0.318229 0.200000 0.048958 0.037500
0 0.448958 0.966667 0.027083 0.043750
0 0.079167 0.214583 0.052083 0.047917
0 0.469792 0.399479 0.041667 0.032292
0 0.419271 0.651563 0.026042 0.040625
0 0.386979 0.554688 0.023958 0.040625
0 0.654687 0.093229 0.034375 0.048958
0 0.167708 0.705208 0.050000 0.031250
0 0.383854 0.248438 0.028125 0.044792
0 0.630729 0.446875 0.051042 0.050000
0 0.350521 0.644792 0.038542 0.035417
0 0.453125 0.923438 0.037500 0.048958
0 0.509896 0.473438 0.048958 0.048958
0 0.822396 0.492188 0.046875 0.026042
0 0.846354 0.819271 0.051042 0.040625
0 0.513021 0.355729 0.051042 0.030208
0 0.193229 0.721875 0.032292 0.047917
0 0.653646 0.464583 0.051042 0.047917
0 0.568750 0.529167 0.041667 0.039583
0 0.282813 0.641146 0.030208 0.040625
0 0.807813 0.155729 0.026042 0.044792
0 0.528646 0.617188 0.028125 0.044792
0 0.961458 0.110937 0.043750 0.048958
0 0.180729 0.484896 0.048958 0.046875
0 0.145833 0.194792 0.041667 0.039583
0 0.200000 0.627083 0.037500 0.041667
0 0.826562 0.222396 0.038542 0.046875
0 0.304167 0.094792 0.035417 0.047917
0 0.367188 0.849479 0.055208 0.038542
0 0.346875 0.829688 0.039583 0.053125
0 0.168229 0.351562 0.040625 0.038542
0 0.936458 0.898438 0.045833 0.038542
0 0.763542 0.440625 0.020833 0.039583
0 0.555208 0.692708 0.027083 0.041667
0 0.342187 0.914583 0.019792 0.035417
0 0.147917 0.843750 0.047917 0.039583
0 0.842187 0.932813 0.038542 0.038542
0 0.220312 0.153125 0.017708 0.035417
0 0.270313 0.204687 0.051042 0.044792
0 0.378125 0.095833 0.035417 0.037500
0 0.426042 0.550000 0.035417 0.037500
0 0.445833 0.858854 0.052083 0.053125
0 0.737500 0.700000 0.037500 0.047917
0 0.883333 0.498958 0.050000 0.047917
0 0.083333 0.851042 0.033333 0.037500
0 0.096354 0.291667 0.034375 0.043750
0 0.391146 0.702083 0.044792 0.025000
0 0.773438 0.370833 0.042708 0.031250
0 0.466146 0.705208 0.038542 0.022917
0 0.772917 0.227604 0.050000 0.040625
0 0.392708 0.160417 0.035417 0.052083
0 0.131250 0.448958 0.031250 0.037500
0 0.074479 0.272396 0.044792 0.030208
0 0.796354 0.235417 0.034375 0.043750
0 0.830208 0.955208 0.052083 0.043750
0 0.748958 0.892708 0.041667 0.025000
0 0.904167 0.383854 0.027083 0.038542
0 0.197396 0.698438 0.055208 0.051042
0 0.365104 0.972917 0.030208 0.050000
0 0.292708 0.709375 0.033333 0.043750
0 0.201042 0.644792 0.043750 0.033333
0 0.376563 0.815625 0.046875 0.045833
0 0.577083 0.794792 0.033333 0.016667
0 0.942187 0.967187 0.040625 0.038542
0 0.453646 0.545833 0.044792 0.047917
0 0.135937 0.165104 0.048958 0.032292
0 0.669271 0.469792 0.042708 0.041667
0 0.271354 0.952604 0.034375 0.040625
0 0.891146 0.892708 0.042708 0.031250
0 0.668750 0.834375 0.037500 0.043750
0 0.827083 0.730729 0.054167 0.048958
0 0.402604 0.687500 0.032292 0.039583
0 0.934375 0.891667 0.045833 0.031250
0 0.268229 0.309375 0.038542 0.047917
0 0.112500 0.950000 0.037500 0.033333
0 0.464583 0.270833 0.025000 0.043750
0 0.129167 0.858333 0.037500 0.035417
0 0.316146 0.685417 0.032292 0.052083
0 0.703125 0.824479 0.037500 0.044792
0 0.466146 0.096875 0.053125 0.043750
0 0.382292 0.875000 0.047917 0.027083
0 0.964063 0.908333 0.032292 0.047917
0 0.921875 0.234375 0.025000 0.041667
0 0.150000 0.359896 0.035417 0.040625
0 0.833333 0.115104 0.041667 0.023958
0 0.718750 0.395833 0.041667 0.052083
0 0.598437 0.386979 0.055208 0.038542
0 0.308854 0.431250 0.042708 0.054167
0 0.861979 0.790104 0.044792 0.042708
0 0.587500 0.371875 0.031250 0.037500
0 0.333333 0.145313 0.039583 0.044792
0 0.217188 0.469271 0.042708 0.021875
0 0.864583 0.704688 0.027083 0.040625
0 0.689583 0.669271 0.045833 0.032292
0 0.588021 0.623958 0.034375 0.037500
0 0.833333 0.303646 0.050000 0.036458
0 0.445312 0.244792 0.023958 0.041667
0 0.288021 0.088021 0.051042 0.030208
0 0.259896 0.480729 0.040625 0.036458
0 0.832812 0.469271 0.046875 0.038542
0 0.388542 0.157292 0.029167 0.041667
0 0.947396 0.480208 0.053125 0.043750
0 0.653125 0.879167 0.047917 0.033333
0 0.470833 0.546354 0.039583 0.036458
0 0.751563 0.471875 0.044792 0.045833
0 0.503125 0.783333 0.029167 0.045833
0 0.160417 0.302604 0.022917 0.044792
0 0.853125 0.670833 0.037500 0.035417
0 0.222396 0.664062 0.055208 0.044792
0 0.772917 0.895833 0.035417 0.037500
0 0.517188 0.378125 0.038542 0.025000
0 0.833333 0.908854 0.037500 0.044792
0 0.546354 0.479687 0.051042 0.044792
0 0.240104 0.132292 0.023958 0.041667
0 0.459896 0.696354 0.055208 0.044792
0 0.186979 0.952604 0.021875 0.042708
0 0.151042 0.956250 0.039583 0.052083
0 0.418229 0.766146 0.046875 0.040625
0 0.582812 0.879167 0.032292 0.039583
0 0.804167 0.129167 0.052083 0.035417
0 0.435937 0.693750 0.023958 0.041667
0 0.787500 0.860417 0.035417 0.035417
0 0.714583 0.733333 0.029167 0.045833
0 0.501563 0.719792 0.030208 0.050000
0 0.759375 0.632812 0.054167 0.046875
0 0.379688 0.568750 0.036458 0.037500
0 0.625000 0.111458 0.041667 0.047917
0 0.488021 0.838021 0.040625 0.034375
0 0.668229 0.310937 0.038542 0.019792
0 0.633854 0.402083 0.042708 0.037500
0 0.083333 0.663542 0.029167 0.050000
0 0.236979 0.412500 0.021875 0.043750
0 0.301563 0.321354 0.048958 0.034375
0 0.268229 0.307292 0.053125 0.043750
0 0.940104 0.685417 0.036458 0.037500
0 0.826042 0.694792 0.035417 0.020833
0 0.201042 0.420312 0.037500 0.053125
0 0.675521 0.079167 0.048958 0.039583
0 0.842187 0.343750 0.044792 0.025000
0 0.395313 0.285417 0.040625 0.052083
0 0.248958 0.735938 0.052083 0.030208
0 0.866667 0.210938 0.027083 0.046875
0 0.694271 0.388542 0.038542 0.047917
0 0.901042 0.130208 0.033333 0.047917
0 0.177083 0.600521 0.037500 0.044792
0 0.610938 0.880208 0.017708 0.035417
0 0.790104 0.320312 0.028125 0.046875
0 0.145833 0.493229 0.037500 0.040625
0 0.239583 0.379167 0.022917 0.039583
0 0.613021 0.155208 0.038542 0.022917
0 0.130208 0.922917 0.047917 0.050000
0 0.342187 0.394271 0.051042 0.044792
0 0.386458 0.297917 0.029167 0.037500
0 0.824479 0.580208 0.053125 0.037500
0 0.850000 0.460938 0.050000 0.040625
0 0.637500 0.485938 0.020833 0.036458
0 0.377604 0.379167 0.036458 0.037500
0 0.676562 0.234896 0.048958 0.055208
0 0.428125 0.444792 0.039583 0.020833
0 0.594792 0.212500 0.052083 0.045833
0 0.925521 0.643229 0.030208 0.044792
0 0.337500 0.906250 0.037500 0.052083
0 0.632292 0.846354 0.052083 0.051042
0 0.631771 0.775521 0.046875 0.036458
0 0.131250 0.161458 0.041667 0.027083
0 0.106771 0.560417 0.053125 0.043750
0 0.875521 0.668750 0.038542 0.035417
0 0.928646 0.851042 0.038542 0.022917
0 0.821875 0.647917 0.039583 0.041667
0 0.661458 0.483333 0.037500 0.031250
0 0.239583 0.305208 0.047917 0.050000
0 0.609896 0.365104 0.030208 0.044792
0 0.389583 0.288542 0.043750 0.027083
0 0.093750 0.568750 0.039583 0.022917
0 0.324479 0.738021 0.026042 0.044792
0 0.351042 0.902083 0.045833 0.031250
0 0.485938 0.228646 0.051042 0.053125
0 0.254688 0.539583 0.021875 0.041667
0 0.738021 0.919271 0.046875 0.034375
0 0.829167 0.563542 0.052083 0.035417
0 0.861979 0.668750 0.042708 0.037500
0 0.365104 0.336979 0.040625 0.030208
0 0.781250 0.503646 0.031250 0.040625
0 0.538542 0.734896 0.052083 0.053125
0 0.109896 0.619792 0.036458 0.037500
0 0.725521 0.122396 0.051042 0.053125
0 0.506771 0.439063 0.044792 0.028125
0 0.254688 0.407813 0.040625 0.051042
0 0.429688 0.423958 0.038542 0.035417
0 0.300000 0.906250 0.041667 0.039583
0 0.546354 0.493229 0.053125 0.051042
0 0.930208 0.291146 0.043750 0.055208
0 0.636458 0.955729 0.043750 0.042708
0 0.284896 0.683333 0.023958 0.041667
0 0.867188 0.144271 0.038542 0.021875
0 0.630208 0.418750 0.052083 0.045833
0 0.535937 0.128125 0.030208 0.050000
0 0.386979 0.544792 0.026042 0.047917
0 0.694792 0.266146 0.041667 0.044792
0 0.261458 0.703125 0.041667 0.025000
0 0.359375 0.531771 0.037500 0.053125
0 0.336458 0.087500 0.039583 0.041667
0 0.170833 0.426563 0.043750 0.042708
0 0.375521 0.812500 0.046875 0.045833
0 0.100521 0.721354 0.032292 0.040625
0 0.101562 0.485938 0.044792 0.044792
0 0.466667 0.248438 0.027083 0.042708
0 0.127083 0.792708 0.033333 0.045833
0 0.437500 0.454167 0.041667 0.039583
0 0.292708 0.679688 0.045833 0.038542
0 0.918229 0.450521 0.051042 0.034375
0 0.368229 0.719271 0.034375 0.040625
0 0.713021 0.264062 0.040625 0.051042
0 0.175000 0.274479 0.033333 0.048958
0 0.555729 0.210417 0.046875 0.031250
0 0.679167 0.892188 0.043750 0.026042
0 0.230208 0.747917 0.045833 0.029167
0 0.335938 0.562500 0.048958 0.035417
0 0.345313 0.626563 0.040625 0.051042
0 0.836979 0.599479 0.055208 0.042708
0 0.280729 0.736979 0.036458 0.040625
0 0.240625 0.870313 0.039583 0.034375
0 0.352083 0.860417 0.033333 0.016667
0 0.698958 0.801562 0.050000 0.044792
0 0.810417 0.327083 0.020833 0.035417
0 0.820833 0.301563 0.029167 0.040625
0 0.924479 0.737500 0.038542 0.031250
0 0.671354 0.338542 0.046875 0.043750
0 0.911458 0.488021 0.025000 0.038542
0 0.155729 0.142187 0.046875 0.038542
0 0.696875 0.231250 0.027083 0.047917
0 0.549479 0.615625 0.034375 0.052083
0 0.956250 0.578646 0.025000 0.038542
0 0.099479 0.186979 0.055208 0.046875
0 0.547917 0.654167 0.031250 0.045833
0 0.093229 0.264062 0.044792 0.055208
0 0.275000 0.463542 0.039583 0.020833
0 0.770312 0.598958 0.048958 0.025000
0 0.542188 0.535417 0.046875 0.052083
0 0.445833 0.551042 0.041667 0.052083
0 0.117708 0.178646 0.050000 0.042708
0 0.820312 0.934896 0.040625 0.038542
0 0.123958 0.570833 0.041667 0.029167
0 0.932292 0.730208 0.047917 0.025000
0 0.764062 0.453646 0.042708 0.055208
0 0.208854 0.891146 0.036458 0.040625
0 0.400521 0.591667 0.038542 0.033333
0 0.945312 0.235417 0.028125 0.041667
0 0.856250 0.733333 0.043750 0.033333
0 0.548958 0.244792 0.037500 0.031250
0 0.900521 0.878125 0.040625 0.020833
0 0.468750 0.372917 0.050000 0.050000
0 0.253125 0.743750 0.045833 0.022917
0 0.369792 0.586979 0.043750 0.042708
0 0.114583 0.629687 0.031250 0.040625
0 0.195312 0.273958 0.028125 0.043750
0 0.965104 0.665104 0.042708 0.023958
0 0.458854 0.665104 0.048958 0.034375
0 0.233333 0.714583 0.043750 0.027083
0 0.498958 0.141146 0.050000 0.053125
0 0.591667 0.672396 0.029167 0.040625
0 0.926042 0.379167 0.050000 0.050000
0 0.400521 0.338542 0.036458 0.047917
0 0.115104 0.850521 0.051042 0.053125
0 0.312500 0.501563 0.050000 0.028125
0 0.222396 0.142187 0.053125 0.051042
0 0.934375 0.351562 0.041667 0.032292
0 0.951042 0.332813 0.054167 0.048958
0 0.830729 0.490104 0.051042 0.034375
0 0.480729 0.764062 0.048958 0.032292
0 0.203125 0.141146 0.054167 0.046875
0 0.273438 0.285417 0.040625 0.041667
0 0.790104 0.165104 0.044792 0.030208
0 0.429688 0.716146 0.028125 0.040625
0 0.531771 0.494792 0.042708 0.041667
0 0.459375 0.852604 0.050000 0.053125
0 0.753125 0.670833 0.052083 0.043750
0 0.930729 0.217188 0.046875 0.048958
0 0.777083 0.698438 0.047917 0.028125
0 0.242188 0.835417 0.046875 0.043750
0 0.596875 0.828646 0.043750 0.030208
0 0.554167 0.337500 0.041667 0.027083
0 0.509896 0.900000 0.042708 0.031250
0 0.571354 0.642708 0.042708 0.039583
0 0.609375 0.948958 0.041667 0.029167
0 0.936458 0.812500 0.047917 0.033333
0 0.257812 0.880208 0.051042 0.050000
0 0.192188 0.193229 0.036458 0.040625
0 0.345313 0.863542 0.048958 0.052083
0 0.268229 0.310937 0.048958 0.046875
0 0.371875 0.342187 0.052083 0.032292
0 0.694792 0.855208 0.043750 0.045833
0 0.684375 0.403125 0.020833 0.039583
0 0.469792 0.753646 0.031250 0.044792
0 0.900000 0.301563 0.022917 0.038542
0 0.127604 0.315104 0.040625 0.032292
0 0.534375 0.376042 0.037500 0.041667
0 0.826562 0.243750 0.048958 0.025000
0 0.840625 0.243229 0.039583 0.026042
0 0.608854 0.566667 0.053125 0.039583
0 0.761979 0.901563 0.040625 0.034375
0 0.337500 0.398438 0.045833 0.036458
0 0.521875 0.638542 0.020833 0.039583
0 0.485938 0.897396 0.019792 0.038542
0 0.344271 0.121875 0.030208 0.047917
0 0.345313 0.618229 0.038542 0.040625
0 0.898438 0.469792 0.040625 0.020833
0 0.773958 0.505729 0.020833 0.038542
0 0.125521 0.413021 0.046875 0.026042
0 0.282292 0.157292 0.035417 0.047917
0 0.750000 0.668229 0.025000 0.042708
0 0.129688 0.080208 0.046875 0.033333
0 0.619792 0.394271 0.050000 0.036458
0 0.423958 0.706250 0.035417 0.020833
0 0.471875 0.585938 0.039583 0.019792
0 0.727604 0.695312 0.046875 0.038542
0 0.471354 0.515625 0.042708 0.039583
0 0.850521 0.706250 0.038542 0.043750
0 0.947396 0.894271 0.046875 0.038542
0 0.642708 0.116146 0.043750 0.055208
0 0.183333 0.560937 0.022917 0.044792
0 0.260417 0.329688 0.035417 0.040625
0 0.893229 0.548438 0.038542 0.019792
0 0.229687 0.804688 0.040625 0.030208
0 0.917188 0.972396 0.028125 0.048958
0 0.784375 0.916146 0.045833 0.026042
0 0.746354 0.386458 0.044792 0.022917
0 0.796875 0.773438 0.022917 0.038542
0 0.155208 0.596354 0.045833 0.038542
0 0.394271 0.877083 0.034375 0.047917
0 0.250000 0.519792 0.045833 0.027083
0 0.543229 0.734896 0.036458 0.040625
0 0.467708 0.305208 0.037500 0.035417
0 0.105208 0.105729 0.054167 0.048958
0 0.291667 0.865625 0.037500 0.029167
0 0.242188 0.666146 0.055208 0.048958
0 0.865104 0.558333 0.040625 0.052083
0 0.791667 0.124479 0.039583 0.030208
0 0.230208 0.655729 0.039583 0.019792
0 0.928125 0.435937 0.041667 0.021875
0 0.779167 0.232292 0.033333 0.050000
0 0.528125 0.789062 0.022917 0.040625
0 0.467708 0.654687 0.041667 0.044792
0 0.411979 0.613542 0.044792 0.047917
0 0.856250 0.211979 0.039583 0.055208
0 0.628125 0.545312 0.031250 0.048958
0 0.214583 0.501042 0.047917 0.033333
0 0.138021 0.387500 0.053125 0.045833
0 0.560417 0.288021 0.050000 0.028125
0 0.170833 0.969271 0.050000 0.042708
0 0.658333 0.898438 0.054167 0.051042
0 0.884896 0.311979 0.053125 0.030208
0 0.438542 0.434375 0.043750 0.035417
0 0.207813 0.553646 0.048958 0.030208
0 0.700521 0.564063 0.044792 0.055208
0 0.503646 0.534896 0.036458 0.051042
0 0.135417 0.103646 0.050000 0.042708
0 0.530208 0.825000 0.045833 0.043750
0 0.755208 0.515104 0.047917 0.048958
0 0.405208 0.787500 0.031250 0.045833
0 0.916146 0.538542 0.044792 0.047917
0 0.794792 0.628646 0.052083 0.032292
0 0.709375 0.721354 0.039583 0.048958
0 0.122396 0.660417 0.048958 0.025000
0 0.453646 0.225521 0.051042 0.053125
0 0.398438 0.877604 0.038542 0.038542
0 0.558854 0.415625 0.038542 0.035417
0 0.855208 0.872917 0.037500 0.035417
0 0.747917 0.794271 0.037500 0.038542
0 0.862500 0.473438 0.045833 0.055208
0 0.857292 0.295312 0.043750 0.040625
0 0.097396 0.568229 0.036458 0.046875
0 0.790625 0.202083 0.043750 0.035417
0 0.316667 0.646875 0.037500 0.029167
0 0.079167 0.443229 0.043750 0.032292
0 0.900000 0.863542 0.039583 0.041667
0 0.605729 0.628646 0.042708 0.044792
0 0.459896 0.677083 0.030208 0.043750
0 0.701042 0.308333 0.039583 0.022917
0 0.845833 0.350521 0.045833 0.048958
0 0.395313 0.248958 0.036458 0.043750
0 0.094271 0.880729 0.042708 0.055208
0 0.560417 0.346875 0.033333 0.047917
0 0.856771 0.695312 0.036458 0.040625
0 0.852083 0.471354 0.043750 0.042708
0 0.843750 0.267708 0.050000 0.031250
0 0.455208 0.089063 0.054167 0.036458
0 0.743229 0.633854 0.044792 0.042708
0 0.255729 0.911458 0.053125 0.041667
0 0.813542 0.090625 0.045833 0.052083
0 0.115104 0.800521 0.040625 0.030208
0 0.679167 0.211979 0.031250 0.048958
0 0.840104 0.399479 0.040625 0.023958
0 0.895312 0.216146 0.034375 0.040625
0 0.502083 0.343750 0.018750 0.035417
0 0.495312 0.361979 0.048958 0.046875
0 0.441146 0.094271 0.026042 0.040625
0 0.732292 0.490625 0.052083 0.033333
0 0.384375 0.840104 0.041667 0.048958
0 0.197917 0.889583 0.052083 0.039583
0 0.152604 0.636979 0.023958 0.040625
0 0.136458 0.822396 0.050000 0.038542
0 0.817708 0.652083 0.045833 0.052083