0 0.708333 0.350521 0.054167 0.042708
0 0.117188 0.184896 0.032292 0.053125
0 0.925000 0.780208 0.052083 0.047917
0 0.263542 0.535937 0.039583 0.023958
0 0.351042 0.601042 0.043750 0.035417
0 0.325000 0.568229 0.039583 0.038542
0 0.493229 0.121875 0.021875 0.037500
0 0.121875 0.878646 0.043750 0.042708
0 0.750000 0.379167 0.050000 0.033333
0 0.419792 0.318229 0.035417 0.040625
0 0.246875 0.509375 0.043750 0.025000
0 0.365625 0.942708 0.045833 0.027083
0 0.316146 0.151562 0.055208 0.048958
0 0.144271 0.517188 0.051042 0.028125
0 0.560417 0.814583 0.035417 0.018750
0 0.834896 0.116667 0.023958 0.037500
0 0.874479 0.300521 0.030208 0.048958
0 0.786458 0.221875 0.045833 0.052083
0 0.598958 0.811979 0.020833 0.042708
0 0.874479 0.480729 0.044792 0.042708
0 0.311458 0.876042 0.037500 0.052083
0 0.781250 0.586458 0.045833 0.043750
0 0.105729 0.274479 0.055208 0.042708
0 0.207292 0.738542 0.041667 0.029167
0 0.299479 0.186458 0.044792 0.047917
0 0.542708 0.870833 0.047917 0.041667
0 0.196354 0.822396 0.040625 0.019792
0 0.478125 0.082812 0.043750 0.048958
0 0.436979 0.113021 0.046875 0.048958
0 0.563021 0.884375 0.040625 0.041667
0 0.560417 0.807292 0.020833 0.035417
0 0.474479 0.574479 0.051042 0.055208
0 0.652604 0.718750 0.053125 0.043750
0 0.743229 0.274479 0.055208 0.048958
0 0.386979 0.329167 0.038542 0.035417
0 0.698958 0.418229 0.054167 0.046875
0 0.902083 0.577083 0.039583 0.041667
0 0.294792 0.895833 0.043750 0.035417
0 0.634375 0.942187 0.043750 0.048958
0 0.160417 0.416146 0.045833 0.028125
0 0.181250 0.430729 0.039583 0.036458
0 0.628125 0.358854 0.031250 0.044792
0 0.718750 0.484896 0.029167 0.051042
0 0.745313 0.350521 0.040625 0.044792
0 0.724479 0.305729 0.042708 0.023958
0 0.357812 0.506771 0.042708 0.055208
0 0.735938 0.409896 0.048958 0.055208
0 0.120833 0.684896 0.050000 0.053125
0 0.570312 0.384375 0.048958 0.041667
0 0.432812 0.578125 0.038542 0.033333
0 0.477604 0.121354 0.036458 0.046875
0 0.715625 0.623437 0.054167 0.036458
0 0.573958 0.578646 0.025000 0.042708
0 0.322917 0.116667 0.029167 0.045833
0 0.391146 0.566146 0.042708 0.044792
0 0.885417 0.534896 0.045833 0.055208
0 0.621875 0.906250 0.041667 0.027083
0 0.788542 0.939583 0.043750 0.045833
0 0.253125 0.786458 0.045833 0.045833
0 0.790625 0.460417 0.045833 0.033333
0 0.134896 0.251042 0.042708 0.031250
0 0.161458 0.862500 0.029167 0.041667
0 0.347917 0.159896 0.045833 0.032292
0 0.606250 0.561979 0.045833 0.036458
0 0.736979 0.830208 0.030208 0.047917
0 0.408854 0.389583 0.036458 0.037500
0 0.515104 0.384896 0.040625 0.044792
0 0.146354 0.919792 0.053125 0.037500
0 0.331771 0.885938 0.040625 0.026042
0 0.795312 0.434896 0.040625 0.051042
0 0.439583 0.693750 0.035417 0.043750
0 0.179688 0.287500 0.044792 0.027083
0 0.332292 0.439063 0.043750 0.042708
0 0.628125 0.100000 0.025000 0.041667
0 0.788021 0.469271 0.055208 0.038542
0 0.202604 0.236458 0.046875 0.043750
0 0.105729 0.956771 0.040625 0.055208
0 0.582812 0.294271 0.042708 0.044792
0 0.696354 0.861979 0.046875 0.038542
0 0.912500 0.959896 0.050000 0.034375
0 0.586458 0.320312 0.031250 0.040625
0 0.168750 0.644271 0.035417 0.040625
0 0.480729 0.613542 0.028125 0.045833
0 0.190104 0.422396 0.051042 0.042708
0 0.594792 0.785417 0.037500 0.022917
0 0.914583 0.742188 0.047917 0.030208
0 0.814583 0.454688 0.043750 0.030208
0 0.459896 0.076563 0.051042 0.034375
0 0.182292 0.423438 0.045833 0.023958
0 0.678125 0.210417 0.041667 0.037500
0 0.401042 0.103125 0.035417 0.035417
0 0.812500 0.720833 0.041667 0.029167
0 0.228125 0.600521 0.037500 0.040625
0 0.220312 0.783333 0.038542 0.022917
0 0.638542 0.494792 0.045833 0.043750
0 0.144792 0.773958 0.041667 0.039583
0 0.647917 0.176563 0.045833 0.034375
0 0.973437 0.327083 0.051042 0.033333
0 0.848437 0.379167 0.053125 0.047917
0 0.144271 0.670833 0.034375 0.047917
0 0.912500 0.566146 0.054167 0.048958
0 0.506250 0.477083 0.052083 0.037500
0 0.847917 0.841146 0.037500 0.044792
0 0.617708 0.365104 0.050000 0.034375
0 0.253125 0.843229 0.039583 0.030208
0 0.396875 0.525000 0.050000 0.050000
0 0.408854 0.539583 0.053125 0.043750
0 0.788542 0.947917 0.045833 0.043750
0 0.291667 0.250521 0.039583 0.028125
0 0.686979 0.964063 0.053125 0.032292
0 0.796875 0.515625 0.052083 0.041667
0 0.111979 0.285938 0.042708 0.055208
0 0.396875 0.917708 0.018750 0.035417
0 0.444792 0.236979 0.054167 0.048958
0 0.183333 0.661458 0.037500 0.041667
0 0.438542 0.111979 0.045833 0.036458
0 0.373958 0.227604 0.045833 0.028125
0 0.691667 0.895312 0.043750 0.030208
0 0.505208 0.198958 0.035417 0.043750
0 0.125521 0.572396 0.028125 0.044792
0 0.933854 0.798438 0.046875 0.038542
0 0.451042 0.841146 0.033333 0.044792
0 0.351042 0.176042 0.027083 0.041667
0 0.123438 0.551042 0.019792 0.039583
0 0.404167 0.304167 0.047917 0.039583
0 0.660417 0.414583 0.045833 0.029167
0 0.611458 0.716146 0.039583 0.048958
0 0.406250 0.578646 0.047917 0.046875
0 0.858333 0.214062 0.025000 0.046875
0 0.946354 0.670312 0.044792 0.051042
0 0.282292 0.469271 0.022917 0.038542
0 0.940104 0.677604 0.040625 0.030208
0 0.342187 0.589063 0.038542 0.021875
0 0.777604 0.945833 0.034375 0.043750
0 0.229167 0.706250 0.039583 0.020833
0 0.692708 0.578125 0.029167 0.041667
0 0.906250 0.761458 0.047917 0.033333
0 0.235417 0.501563 0.037500 0.044792
0 0.523438 0.905729 0.023958 0.046875
0 0.533333 0.092188 0.027083 0.042708
0 0.356250 0.186458 0.035417 0.043750
0 0.709896 0.545312 0.044792 0.055208
0 0.478125 0.421354 0.052083 0.051042
0 0.797917 0.075000 0.035417 0.037500
0 0.452604 0.866667 0.042708 0.054167
0 0.801562 0.620833 0.036458 0.043750
0 0.373958 0.343750 0.045833 0.052083
0 0.571354 0.327083 0.044792 0.025000
0 0.404687 0.765104 0.053125 0.053125
0 0.571875 0.532813 0.045833 0.038542
0 0.143750 0.092708 0.050000 0.050000
0 0.742708 0.253646 0.039583 0.036458
0 0.394792 0.607292 0.041667 0.039583
0 0.436979 0.883333 0.030208 0.043750
0 0.104688 0.288542 0.023958 0.037500
0 0.266667 0.742188 0.025000 0.042708
0 0.229167 0.252604 0.039583 0.023958
0 0.758333 0.786979 0.054167 0.046875
0 0.720313 0.456771 0.038542 0.040625
0 0.530208 0.745313 0.025000 0.042708
0 0.447396 0.522917 0.019792 0.039583
0 0.323958 0.461458 0.052083 0.043750
0 0.730208 0.695312 0.043750 0.030208
0 0.571354 0.922917 0.042708 0.037500
0 0.186458 0.181771 0.022917 0.040625
0 0.125000 0.066146 0.039583 0.028125
0 0.633333 0.303125 0.047917 0.039583
0 0.306250 0.413021 0.054167 0.044792
0 0.813542 0.340104 0.037500 0.053125
0 0.670833 0.588021 0.041667 0.044792
0 0.892708 0.322917 0.018750 0.035417
0 0.665625 0.888021 0.043750 0.042708
0 0.526042 0.902083 0.041667 0.027083
0 0.750521 0.617188 0.040625 0.038542
0 0.137500 0.164062 0.039583 0.044792
0 0.295833 0.211458 0.035417 0.018750
0 0.370833 0.265625 0.041667 0.047917
0 0.752083 0.210938 0.054167 0.048958
0 0.679688 0.817187 0.040625 0.023958
0 0.316146 0.877604 0.044792 0.042708
0 0.316146 0.482292 0.044792 0.052083
0 0.837500 0.220312 0.022917 0.038542
0 0.116667 0.656771 0.037500 0.048958
0 0.891667 0.717708 0.043750 0.052083
0 0.443750 0.963542 0.033333 0.050000
0 0.720833 0.159896 0.033333 0.053125
0 0.415104 0.170313 0.040625 0.034375
0 0.818229 0.474479 0.038542 0.046875
0 0.153646 0.781250 0.028125 0.041667
0 0.390104 0.117188 0.030208 0.044792
0 0.742708 0.546354 0.047917 0.028125
0 0.238021 0.703125 0.053125 0.043750
0 0.488542 0.088021 0.050000 0.040625
0 0.098437 0.715625 0.036458 0.018750
0 0.817708 0.881250 0.052083 0.045833
0 0.507812 0.265625 0.026042 0.045833
0 0.624479 0.840104 0.042708 0.051042
0 0.080208 0.139583 0.018750 0.037500
0 0.856771 0.475521 0.046875 0.036458
0 0.576042 0.692187 0.043750 0.032292
0 0.440104 0.720313 0.042708 0.044792
0 0.932813 0.682292 0.028125 0.039583
0 0.538542 0.497396 0.037500 0.044792
0 0.717708 0.199479 0.016667 0.034375
0 0.727083 0.686979 0.045833 0.038542
0 0.488021 0.723437 0.053125 0.032292
0 0.438542 0.378125 0.016667 0.033333
0 0.918750 0.102604 0.027083 0.040625
0 0.893229 0.475521 0.046875 0.048958
0 0.279167 0.911979 0.035417 0.040625
0 0.656250 0.247396 0.037500 0.019792
0 0.091667 0.139063 0.054167 0.042708
0 0.364063 0.873437 0.032292 0.048958
0 0.124479 0.910417 0.026042 0.039583
0 0.842187 0.449479 0.040625 0.046875
0 0.148958 0.706771 0.052083 0.051042
0 0.943750 0.440104 0.033333 0.048958
0 0.582812 0.574479 0.051042 0.036458
0 0.605208 0.731250 0.027083 0.045833
0 0.572396 0.488021 0.048958 0.046875
0 0.395833 0.201563 0.035417 0.053125
0 0.257812 0.550000 0.032292 0.039583
0 0.222917 0.409896 0.054167 0.038542
0 0.131771 0.109375 0.051042 0.035417
0 0.803646 0.335938 0.046875 0.023958
0 0.725521 0.442708 0.048958 0.050000
0 0.618750 0.746875 0.037500 0.022917
0 0.178646 0.577604 0.051042 0.044792
0 0.554167 0.654687 0.037500 0.038542
0 0.423438 0.656250 0.030208 0.050000
0 0.746354 0.345833 0.036458 0.018750
0 0.193750 0.111979 0.025000 0.044792
0 0.497396 0.518750 0.048958 0.052083
0 0.570833 0.841146 0.047917 0.032292
0 0.718229 0.390104 0.044792 0.030208
0 0.328125 0.312500 0.022917 0.043750
0 0.819792 0.390625 0.020833 0.035417
0 0.730729 0.231250 0.044792 0.052083
0 0.791667 0.824479 0.047917 0.032292
0 0.360938 0.092188 0.051042 0.034375
0 0.672917 0.506250 0.052083 0.039583
0 0.941146 0.959375 0.040625 0.054167
0 0.841146 0.078646 0.044792 0.040625
0 0.401562 0.662500 0.040625 0.022917
0 0.842708 0.262500 0.041667 0.029167
0 0.664583 0.557292 0.031250 0.041667
0 0.952083 0.860417 0.022917 0.039583
0 0.716667 0.380729 0.050000 0.040625
0 0.197396 0.217188 0.028125 0.040625
0 0.453125 0.568229 0.035417 0.044792
0 0.325000 0.473958 0.031250 0.037500
0 0.584375 0.515625 0.039583 0.041667
0 0.934375 0.152604 0.052083 0.032292
0 0.255208 0.436979 0.039583 0.023958
0 0.415104 0.157292 0.042708 0.025000
0 0.193750 0.454688 0.054167 0.051042
0 0.164583 0.663542 0.047917 0.039583
0 0.548438 0.723437 0.023958 0.046875
0 0.921875 0.809375 0.041667 0.027083
0 0.747396 0.337500 0.038542 0.052083
0 0.898958 0.322917 0.047917 0.037500
0 0.295312 0.473958 0.038542 0.031250
0 0.594271 0.880729 0.051042 0.038542
0 0.475521 0.250000 0.028125 0.045833
0 0.400000 0.941667 0.043750 0.035417
0 0.369271 0.280729 0.044792 0.055208
0 0.944792 0.343229 0.050000 0.036458
0 0.276562 0.476042 0.042708 0.025000
0 0.269271 0.110937 0.053125 0.034375
0 0.602604 0.176042 0.026042 0.050000
0 0.454167 0.563542 0.020833 0.039583
0 0.333854 0.676042 0.048958 0.039583
0 0.273438 0.457292 0.036458 0.047917
0 0.692708 0.341667 0.045833 0.031250
0 0.621354 0.281250 0.042708 0.041667