0 0.638021 0.070312 0.040625 0.032292
0 0.186458 0.668229 0.050000 0.026042
0 0.630208 0.797917 0.052083 0.043750
0 0.454688 0.143229 0.038542 0.046875
0 0.294271 0.694271 0.046875 0.036458
0 0.252083 0.582292 0.035417 0.037500
0 0.497917 0.795833 0.043750 0.045833
0 0.828646 0.882292 0.053125 0.045833
0 0.697396 0.628646 0.044792 0.055208
0 0.286458 0.217188 0.031250 0.044792
0 0.364583 0.645833 0.037500 0.035417
0 0.778646 0.721354 0.028125 0.044792
0 0.583333 0.529687 0.033333 0.053125
0 0.883333 0.929167 0.045833 0.033333
0 0.341146 0.545312 0.044792 0.042708
0 0.172396 0.409896 0.040625 0.044792
0 0.940104 0.775000 0.040625 0.047917
0 0.390625 0.817187 0.033333 0.044792
0 0.304167 0.473958 0.037500 0.035417
0 0.877604 0.243750 0.048958 0.039583
0 0.563542 0.456771 0.050000 0.053125
0 0.563542 0.500521 0.050000 0.042708
0 0.892708 0.470833 0.050000 0.029167
0 0.486458 0.651563 0.033333 0.053125
0 0.292708 0.549479 0.033333 0.048958
0 0.397396 0.445833 0.042708 0.031250
0 0.277083 0.210417 0.027083 0.041667
0 0.800521 0.454688 0.046875 0.040625
0 0.355729 0.679688 0.042708 0.044792
0 0.272917 0.156771 0.045833 0.038542
0 0.914583 0.936458 0.037500 0.027083
0 0.278125 0.151042 0.031250 0.045833
0 0.494271 0.598437 0.023958 0.040625
0 0.145313 0.505208 0.042708 0.054167
0 0.861979 0.816667 0.040625 0.054167
0 0.409375 0.807292 0.025000 0.037500
0 0.532292 0.748958 0.037500 0.022917
0 0.118750 0.510938 0.045833 0.034375
0 0.786979 0.314063 0.046875 0.055208
0 0.938542 0.681250 0.041667 0.047917
0 0.198958 0.846875 0.043750 0.031250
0 0.427604 0.549479 0.055208 0.040625
0 0.551042 0.778646 0.033333 0.053125
0 0.638542 0.493750 0.033333 0.043750
0 0.388542 0.722917 0.043750 0.035417
0 0.446875 0.126562 0.029167 0.040625
0 0.226042 0.943750 0.041667 0.039583
0 0.740104 0.443750 0.053125 0.047917
0 0.266667 0.955208 0.025000 0.037500
0 0.735417 0.807292 0.020833 0.039583
0 0.555208 0.857812 0.035417 0.053125
0 0.084896 0.488542 0.038542 0.022917
0 0.593229 0.195833 0.051042 0.029167
0 0.619271 0.678646 0.030208 0.051042
0 0.702083 0.520833 0.025000 0.047917
0 0.920833 0.781771 0.037500 0.053125
0 0.725000 0.608333 0.033333 0.037500
0 0.475000 0.644271 0.027083 0.051042
0 0.923438 0.135937 0.044792 0.030208
0 0.266146 0.592708 0.038542 0.035417
0 0.914583 0.536458 0.050000 0.050000
0 0.180208 0.743750 0.043750 0.045833
0 0.590625 0.450000 0.043750 0.045833
0 0.217188 0.409375 0.030208 0.050000
0 0.362500 0.101562 0.037500 0.048958
0 0.378646 0.450000 0.053125 0.037500
0 0.361979 0.790625 0.028125 0.050000
0 0.834375 0.595833 0.043750 0.037500
0 0.759896 0.073438 0.046875 0.036458
0 0.615625 0.373437 0.045833 0.034375
0 0.635938 0.642708 0.046875 0.045833
0 0.128646 0.089583 0.023958 0.041667
0 0.401562 0.439583 0.042708 0.047917
0 0.796875 0.212500 0.047917 0.027083
0 0.130729 0.672917 0.028125 0.043750
0 0.172396 0.461979 0.038542 0.021875
0 0.763542 0.897396 0.035417 0.044792
0 0.105729 0.308854 0.040625 0.055208
0 0.203646 0.109896 0.034375 0.040625
0 0.832812 0.144271 0.028125 0.051042
0 0.700000 0.870313 0.020833 0.038542
0 0.348958 0.375521 0.050000 0.044792
0 0.803646 0.137500 0.034375 0.037500
0 0.478125 0.951042 0.043750 0.033333
0 0.285417 0.185938 0.050000 0.044792
0 0.744792 0.103646 0.031250 0.040625
0 0.918229 0.618750 0.038542 0.047917
0 0.803646 0.228646 0.048958 0.030208
0 0.238021 0.302604 0.042708 0.044792
0 0.228646 0.598958 0.044792 0.025000
0 0.373437 0.343750 0.028125 0.039583
0 0.139583 0.572396 0.041667 0.021875
0 0.730729 0.115625 0.042708 0.031250
0 0.085938 0.609375 0.028125 0.039583
0 0.428646 0.788021 0.040625 0.034375
0 0.823958 0.156250 0.052083 0.041667
0 0.378125 0.091146 0.043750 0.026042
0 0.677604 0.321875 0.046875 0.052083
0 0.642188 0.669792 0.046875 0.043750
0 0.427604 0.827604 0.021875 0.042708
0 0.909896 0.686979 0.055208 0.040625
0 0.258333 0.128646 0.035417 0.048958
0 0.740625 0.292187 0.039583 0.023958
0 0.763021 0.444792 0.042708 0.031250
0 0.408854 0.756250 0.048958 0.039583
0 0.374479 0.538542 0.042708 0.037500
0 0.481250 0.845833 0.035417 0.037500
0 0.910417 0.158854 0.033333 0.048958
0 0.119271 0.167187 0.044792 0.055208
0 0.431250 0.500000 0.022917 0.037500
0 0.297917 0.095833 0.037500 0.052083
0 0.753646 0.914583 0.021875 0.037500
0 0.156771 0.190625 0.042708 0.037500
0 0.950521 0.427604 0.046875 0.032292
0 0.891667 0.451562 0.043750 0.028125
0 0.086979 0.269271 0.042708 0.023958
0 0.672396 0.936458 0.030208 0.039583
0 0.672396 0.639062 0.038542 0.051042
0 0.447917 0.803646 0.041667 0.032292
0 0.496354 0.478646 0.044792 0.042708
0 0.379167 0.544792 0.045833 0.033333
0 0.649479 0.908854 0.040625 0.044792
0 0.074479 0.399479 0.038542 0.019792
0 0.549479 0.505729 0.048958 0.034375
0 0.627604 0.801042 0.026042 0.041667
0 0.793750 0.355208 0.047917 0.037500
0 0.224479 0.575521 0.040625 0.023958
0 0.625000 0.471354 0.043750 0.021875
0 0.076042 0.094792 0.037500 0.029167
0 0.499479 0.225521 0.055208 0.046875
0 0.153125 0.605208 0.041667 0.029167
0 0.065625 0.275000 0.025000 0.043750
0 0.201563 0.119792 0.046875 0.031250
0 0.743750 0.405729 0.052083 0.034375
0 0.897396 0.135417 0.048958 0.027083
0 0.684375 0.909375 0.018750 0.037500
0 0.382292 0.886979 0.022917 0.038542
0 0.943229 0.798438 0.055208 0.048958
0 0.832812 0.618750 0.036458 0.018750
0 0.377604 0.894271 0.053125 0.051042
0 0.279167 0.257292 0.043750 0.031250
0 0.886458 0.365104 0.029167 0.046875
0 0.711458 0.532292 0.035417 0.018750
0 0.636979 0.458333 0.030208 0.047917
0 0.634375 0.950000 0.045833 0.052083
0 0.592708 0.246354 0.027083 0.038542
0 0.525521 0.150000 0.051042 0.031250
0 0.241667 0.430729 0.025000 0.048958
0 0.121875 0.198437 0.031250 0.053125
0 0.654167 0.855208 0.022917 0.039583
0 0.767708 0.509896 0.052083 0.030208
0 0.106250 0.822396 0.043750 0.042708
0 0.166146 0.964063 0.038542 0.046875
0 0.410417 0.350000 0.047917 0.025000
0 0.465104 0.705729 0.038542 0.040625
0 0.330729 0.464583 0.042708 0.033333
0 0.207813 0.357812 0.028125 0.048958
0 0.744792 0.125521 0.039583 0.038542
0 0.659375 0.736458 0.043750 0.022917
0 0.847396 0.923958 0.042708 0.037500
0 0.634375 0.870833 0.037500 0.022917
0 0.944271 0.405208 0.036458 0.052083
0 0.871354 0.565625 0.040625 0.052083
0 0.240625 0.338542 0.039583 0.047917
0 0.119792 0.635417 0.041667 0.039583
0 0.518229 0.308333 0.038542 0.031250
0 0.510417 0.387500 0.041667 0.041667
0 0.093750 0.095833 0.043750 0.052083
0 0.328125 0.137500 0.043750 0.025000
0 0.293229 0.790104 0.026042 0.040625
0 0.908854 0.614062 0.046875 0.038542
0 0.373958 0.130729 0.050000 0.038542
0 0.472917 0.846354 0.054167 0.036458
0 0.620313 0.571875 0.040625 0.052083
0 0.365104 0.420833 0.042708 0.039583
0 0.529687 0.493750 0.053125 0.035417
0 0.879687 0.745833 0.046875 0.033333
0 0.091667 0.263542 0.041667 0.039583
0 0.225000 0.829167 0.033333 0.045833
0 0.714063 0.610417 0.038542 0.037500
0 0.400000 0.073438 0.039583 0.034375
0 0.700521 0.491146 0.036458 0.046875
0 0.595833 0.324479 0.029167 0.051042
0 0.530208 0.908854 0.020833 0.038542
0 0.836458 0.585938 0.045833 0.055208
0 0.200521 0.222396 0.046875 0.023958
0 0.932292 0.221354 0.029167 0.046875
0 0.947396 0.713542 0.021875 0.043750
0 0.939583 0.584896 0.039583 0.044792
0 0.918229 0.136458 0.048958 0.039583
0 0.793229 0.780729 0.044792 0.040625
0 0.810937 0.344271 0.046875 0.038542
0 0.605729 0.892708 0.042708 0.031250
0 0.069792 0.805208 0.035417 0.020833
0 0.598437 0.169792 0.030208 0.039583
0 0.689583 0.584896 0.050000 0.038542
0 0.345313 0.676562 0.040625 0.023958
0 0.867708 0.253646 0.022917 0.038542
0 0.688542 0.333333 0.035417 0.037500
0 0.556250 0.558333 0.037500 0.031250
0 0.317708 0.916146 0.025000 0.046875
0 0.241667 0.689063 0.031250 0.044792
0 0.078646 0.770833 0.038542 0.031250
0 0.708854 0.845313 0.038542 0.051042
0 0.270313 0.623437 0.021875 0.038542
0 0.873437 0.390625 0.026042 0.039583
0 0.163021 0.847917 0.048958 0.041667
0 0.446354 0.572396 0.038542 0.021875
0 0.318750 0.847396 0.045833 0.036458
0 0.831771 0.367708 0.053125 0.043750
0 0.545833 0.449479 0.027083 0.042708
0 0.106771 0.477083 0.044792 0.035417
0 0.263542 0.213542 0.031250 0.037500
0 0.779167 0.126562 0.041667 0.023958
0 0.431771 0.293750 0.051042 0.029167
0 0.400000 0.296354 0.029167 0.051042
0 0.404167 0.553125 0.041667 0.027083
0 0.661979 0.639062 0.053125 0.051042
0 0.594792 0.211979 0.033333 0.040625
0 0.768750 0.309375 0.025000 0.041667
0 0.785937 0.085417 0.032292 0.039583
0 0.778646 0.341146 0.053125 0.030208
0 0.131250 0.290625 0.052083 0.045833
0 0.469792 0.708854 0.033333 0.040625
0 0.900000 0.224479 0.039583 0.038542
0 0.196875 0.406771 0.047917 0.046875
0 0.369271 0.834375 0.038542 0.043750
0 0.911458 0.322396 0.035417 0.040625
0 0.958333 0.267708 0.052083 0.039583
0 0.316146 0.610938 0.046875 0.048958
0 0.409375 0.864062 0.039583 0.044792
0 0.863021 0.266146 0.040625 0.032292
0 0.635938 0.787500 0.044792 0.033333
0 0.423438 0.257812 0.044792 0.044792
0 0.344271 0.680208 0.040625 0.047917
0 0.706771 0.221875 0.038542 0.025000
0 0.437500 0.281250 0.043750 0.033333
0 0.807813 0.197396 0.028125 0.044792
0 0.286979 0.200521 0.026042 0.040625
0 0.409375 0.630729 0.045833 0.028125
0 0.782292 0.539583 0.043750 0.022917
0 0.233333 0.888542 0.052083 0.041667
0 0.072917 0.232292 0.018750 0.035417
0 0.158854 0.467187 0.051042 0.036458
0 0.182292 0.933854 0.039583 0.028125
0 0.437500 0.384375 0.020833 0.039583
0 0.338542 0.854167 0.037500 0.018750
0 0.592187 0.649479 0.036458 0.046875
0 0.149479 0.188542 0.036458 0.020833
0 0.080729 0.446875 0.036458 0.020833
0 0.429688 0.926042 0.051042 0.050000
0 0.527083 0.083333 0.052083 0.041667
0 0.654167 0.604167 0.033333 0.037500
0 0.229167 0.951562 0.033333 0.040625
0 0.275521 0.529687 0.040625 0.051042
0 0.357292 0.195833 0.039583 0.025000
0 0.752604 0.766667 0.023958 0.041667
0 0.800521 0.376042 0.038542 0.029167
0 0.505729 0.431771 0.042708 0.023958
0 0.080208 0.252604 0.029167 0.040625
0 0.252083 0.174479 0.043750 0.042708
0 0.250521 0.725000 0.026042 0.041667
0 0.696875 0.328125 0.029167 0.041667
0 0.540104 0.794271 0.048958 0.046875
0 0.464062 0.543229 0.051042 0.055208
0 0.067187 0.927083 0.028125 0.050000
0 0.316667 0.538021 0.043750 0.048958
0 0.877083 0.869792 0.047917 0.037500
0 0.528646 0.092188 0.034375 0.053125
0 0.116667 0.769792 0.047917 0.027083
0 0.680208 0.938021 0.037500 0.019792
0 0.624479 0.286979 0.040625 0.028125
0 0.688542 0.762500 0.041667 0.041667
0 0.698438 0.267188 0.023958 0.038542
0 0.206250 0.633854 0.043750 0.055208
0 0.445833 0.464062 0.037500 0.019792
0 0.259375 0.138542 0.037500 0.033333
0 0.242188 0.688021 0.040625 0.028125
0 0.906771 0.284375 0.042708 0.037500
0 0.091146 0.845313 0.055208 0.044792
0 0.945833 0.356250 0.047917 0.037500
0 0.632812 0.756250 0.046875 0.045833
0 0.289583 0.872917 0.039583 0.047917
0 0.657813 0.749479 0.036458 0.046875
0 0.190625 0.218750 0.029167 0.037500
0 0.079687 0.457292 0.053125 0.043750
0 0.767708 0.882292 0.035417 0.037500
0 0.596875 0.729688 0.043750 0.028125
0 0.676042 0.551562 0.022917 0.038542
0 0.435417 0.699479 0.043750 0.042708
0 0.092708 0.442188 0.039583 0.028125
0 0.800000 0.765104 0.033333 0.048958
0 0.595833 0.294792 0.041667 0.037500
0 0.896354 0.332813 0.040625 0.051042
0 0.707292 0.705208 0.016667 0.033333
0 0.431771 0.776042 0.028125 0.039583
0 0.445312 0.365104 0.019792 0.038542
0 0.089063 0.232813 0.051042 0.055208
0 0.673958 0.765625 0.052083 0.041667
0 0.660937 0.232813 0.034375 0.046875
0 0.077604 0.653125 0.040625 0.043750
0 0.945312 0.444792 0.042708 0.039583
0 0.327083 0.243229 0.047917 0.044792
0 0.408333 0.705729 0.039583 0.055208
0 0.704688 0.193750 0.046875 0.043750
0 0.140625 0.337500 0.027083 0.037500
0 0.820833 0.895833 0.031250 0.037500
0 0.145833 0.355729 0.041667 0.032292
0 0.203125 0.289062 0.043750 0.042708
0 0.384896 0.325000 0.046875 0.029167
0 0.868750 0.843750 0.041667 0.027083
0 0.432292 0.357292 0.037500 0.041667
0 0.390625 0.214583 0.029167 0.041667
0 0.700000 0.498437 0.039583 0.028125
0 0.264062 0.859896 0.053125 0.032292
0 0.636979 0.338021 0.042708 0.055208
0 0.630208 0.641667 0.033333 0.050000
0 0.560417 0.873958 0.047917 0.035417
0 0.856771 0.749479 0.046875 0.036458
0 0.969792 0.473958 0.047917 0.041667
0 0.180729 0.515104 0.032292 0.053125
0 0.258333 0.382292 0.031250 0.037500
0 0.456771 0.567708 0.048958 0.041667
0 0.484375 0.482292 0.047917 0.039583
0 0.865104 0.868750 0.042708 0.047917
0 0.545312 0.092188 0.040625 0.023958
0 0.380729 0.203646 0.046875 0.038542
0 0.206250 0.174479 0.037500 0.019792
0 0.242708 0.814583 0.031250 0.037500
0 0.350521 0.418229 0.038542 0.021875
0 0.136979 0.227083 0.032292 0.043750
0 0.780729 0.397917 0.046875 0.031250
0 0.304688 0.745833 0.051042 0.050000
0 0.180208 0.913021 0.035417 0.053125
0 0.884896 0.840104 0.046875 0.023958
0 0.313021 0.448437 0.053125 0.034375
0 0.336979 0.101042 0.048958 0.027083
0 0.344792 0.672396 0.041667 0.044792
0 0.397396 0.900521 0.046875 0.023958
0 0.766667 0.652604 0.025000 0.044792
0 0.880729 0.164062 0.021875 0.042708
0 0.947396 0.266667 0.040625 0.041667
0 0.251042 0.670312 0.039583 0.034375
0 0.392708 0.652604 0.031250 0.048958
0 0.398438 0.858854 0.048958 0.046875
0 0.345833 0.200521 0.050000 0.053125
0 0.550000 0.492708 0.035417 0.037500
0 0.847917 0.273438 0.045833 0.055208
0 0.417187 0.388021 0.055208 0.040625
0 0.585417 0.192188 0.041667 0.055208
0 0.305208 0.444792 0.045833 0.033333
0 0.798958 0.441146 0.039583 0.034375
0 0.654687 0.676562 0.036458 0.040625
0 0.428125 0.210938 0.037500 0.053125
0 0.489063 0.353125 0.030208 0.043750
0 0.600000 0.644792 0.041667 0.052083
0 0.886458 0.251042 0.033333 0.037500
0 0.824479 0.730208 0.046875 0.043750
0 0.627083 0.246875 0.037500 0.033333
0 0.530208 0.220312 0.039583 0.028125
0 0.723958 0.678125 0.018750 0.035417
0 0.668229 0.473958 0.040625 0.047917
0 0.582292 0.601562 0.039583 0.028125
0 0.159896 0.844271 0.044792 0.044792
0 0.620833 0.666667 0.052083 0.045833
0 0.142187 0.361458 0.044792 0.022917
0 0.368229 0.266146 0.051042 0.042708
0 0.404167 0.110417 0.047917 0.027083
0 0.731771 0.301563 0.036458 0.055208
0 0.293229 0.167187 0.028125 0.051042
0 0.324479 0.078646 0.055208 0.051042
0 0.311458 0.741146 0.045833 0.023958
0 0.741667 0.415625 0.035417 0.020833
0 0.116146 0.660937 0.040625 0.028125
0 0.932292 0.342187 0.041667 0.042708
0 0.548438 0.759375 0.053125 0.045833
0 0.736458 0.276042 0.039583 0.052083
0 0.659896 0.863542 0.042708 0.037500
0 0.349479 0.071354 0.044792 0.030208
0 0.388542 0.229687 0.033333 0.048958
0 0.361979 0.596354 0.036458 0.040625
0 0.386458 0.135937 0.039583 0.055208
0 0.788021 0.287500 0.042708 0.039583
0 0.792188 0.675521 0.051042 0.053125
0 0.835938 0.723437 0.042708 0.044792
0 0.506771 0.072396 0.040625 0.026042
0 0.854167 0.618229 0.027083 0.046875
0 0.731250 0.281771 0.043750 0.040625
0 0.241146 0.892188 0.044792 0.044792
0 0.261458 0.845833 0.037500 0.041667
0 0.898438 0.306250 0.030208 0.047917
0 0.132292 0.646875 0.041667 0.037500
0 0.162500 0.277083 0.037500 0.047917
0 0.336979 0.616146 0.051042 0.044792
0 0.592187 0.755729 0.038542 0.040625
0 0.118750 0.565625 0.047917 0.025000
0 0.859375 0.083333 0.045833 0.031250
0 0.763021 0.551562 0.036458 0.040625
0 0.108333 0.745313 0.029167 0.040625
0 0.777083 0.836979 0.050000 0.026042
0 0.333333 0.852604 0.052083 0.034375
0 0.597917 0.282292 0.052083 0.043750
0 0.852083 0.461458 0.052083 0.043750
0 0.840104 0.873437 0.044792 0.040625
0 0.430729 0.467708 0.036458 0.020833
0 0.856771 0.206250 0.046875 0.029167
0 0.885417 0.215104 0.050000 0.028125
0 0.424479 0.509896 0.046875 0.034375
0 0.914062 0.843750 0.023958 0.041667
0 0.566146 0.593750 0.053125 0.037500
0 0.518750 0.651042 0.050000 0.047917
0 0.084375 0.678646 0.045833 0.036458
0 0.730208 0.481771 0.043750 0.042708
0 0.103646 0.104167 0.036458 0.037500
0 0.104167 0.460417 0.037500 0.035417
0 0.857292 0.390625 0.035417 0.018750
0 0.692708 0.245312 0.029167 0.051042
0 0.701042 0.727604 0.047917 0.053125
0 0.530208 0.742708 0.037500 0.052083
0 0.331250 0.415625 0.029167 0.041667
0 0.971875 0.677604 0.047917 0.046875
0 0.159375 0.880729 0.025000 0.042708
0 0.509375 0.109375 0.033333 0.050000
0 0.695833 0.849479 0.045833 0.055208
0 0.325000 0.903125 0.033333 0.037500
0 0.757292 0.169271 0.039583 0.036458
0 0.188021 0.612500 0.023958 0.037500
0 0.253646 0.654167 0.028125 0.045833
0 0.452083 0.329688 0.045833 0.048958
0 0.964583 0.320312 0.047917 0.046875
0 0.698438 0.525000 0.038542 0.033333
0 0.319792 0.884896 0.052083 0.030208