0 0.613542 0.154688 0.050000 0.042708
0 0.912500 0.260417 0.045833 0.043750
0 0.263542 0.740104 0.054167 0.038542
0 0.778646 0.551042 0.053125 0.039583
0 0.781250 0.524479 0.039583 0.055208
0 0.351042 0.722917 0.047917 0.041667
0 0.920312 0.484375 0.030208 0.050000
0 0.746354 0.907292 0.048958 0.035417
0 0.216146 0.088021 0.038542 0.055208
0 0.934896 0.590625 0.040625 0.022917
0 0.197917 0.863542 0.029167 0.050000
0 0.696875 0.386458 0.047917 0.025000
0 0.299479 0.248438 0.044792 0.048958
0 0.588542 0.199479 0.045833 0.023958
0 0.467708 0.262500 0.039583 0.052083
0 0.141667 0.229687 0.050000 0.044792
0 0.478646 0.897396 0.044792 0.051042
0 0.554688 0.763021 0.042708 0.055208
0 0.625521 0.160417 0.028125 0.041667
0 0.952604 0.266146 0.053125 0.032292
0 0.489063 0.387500 0.036458 0.043750
0 0.917188 0.646354 0.023958 0.046875
0 0.928646 0.371875 0.036458 0.020833
0 0.366667 0.111458 0.039583 0.052083
0 0.687500 0.783333 0.031250 0.050000
0 0.301563 0.743750 0.030208 0.050000
0 0.737500 0.878646 0.039583 0.044792
0 0.649479 0.671875 0.038542 0.029167
0 0.493229 0.866667 0.044792 0.054167
0 0.627604 0.284896 0.038542 0.046875
0 0.830208 0.666667 0.035417 0.043750
0 0.965625 0.704688 0.054167 0.038542
0 0.736979 0.924479 0.036458 0.051042
0 0.385417 0.209375 0.025000 0.041667
0 0.720833 0.388542 0.047917 0.027083
0 0.898958 0.670833 0.029167 0.037500
0 0.445833 0.142708 0.018750 0.035417
0 0.716146 0.297396 0.040625 0.051042
0 0.159375 0.901563 0.031250 0.040625
0 0.139583 0.355208 0.045833 0.022917
0 0.239583 0.471354 0.039583 0.030208
0 0.370312 0.452083 0.048958 0.041667
0 0.631250 0.252083 0.027083 0.045833
0 0.596875 0.755208 0.041667 0.039583
0 0.480729 0.688021 0.040625 0.038542
0 0.738021 0.090625 0.038542 0.052083
0 0.312500 0.497396 0.029167 0.040625
0 0.317188 0.786979 0.028125 0.048958
0 0.529687 0.911979 0.042708 0.044792
0 0.872396 0.114583 0.042708 0.031250
0 0.933854 0.785417 0.040625 0.041667
0 0.122396 0.705208 0.038542 0.043750
0 0.209896 0.564063 0.042708 0.044792
0 0.388542 0.172396 0.045833 0.023958
0 0.852083 0.687500 0.025000 0.047917
0 0.686979 0.445833 0.034375 0.052083
0 0.720313 0.815104 0.046875 0.036458
0 0.864062 0.954688 0.036458 0.055208
0 0.836458 0.181250 0.041667 0.039583
0 0.770312 0.870833 0.036458 0.020833
0 0.875521 0.676042 0.046875 0.043750
0 0.282813 0.312500 0.030208 0.039583
0 0.724479 0.420312 0.051042 0.044792
0 0.401042 0.654687 0.022917 0.042708
0 0.743750 0.769271 0.043750 0.030208
0 0.186458 0.519792 0.047917 0.037500
0 0.664062 0.963021 0.046875 0.034375
0 0.236458 0.684896 0.047917 0.030208
0 0.503125 0.241667 0.043750 0.045833
0 0.737500 0.284375 0.025000 0.039583
0 0.805729 0.840625 0.038542 0.033333
0 0.212500 0.369271 0.045833 0.036458
0 0.762500 0.608854 0.050000 0.044792
0 0.531250 0.619271 0.039583 0.038542
0 0.156250 0.848958 0.045833 0.043750
0 0.969792 0.229167 0.047917 0.039583
0 0.416146 0.288542 0.040625 0.047917
0 0.839583 0.905729 0.041667 0.021875
0 0.451042 0.710938 0.039583 0.028125
0 0.699479 0.390104 0.051042 0.042708
0 0.776563 0.136979 0.051042 0.055208
0 0.310937 0.721354 0.036458 0.040625
0 0.691667 0.443750 0.039583 0.052083
0 0.771875 0.346354 0.039583 0.023958
0 0.851562 0.735938 0.030208 0.040625
0 0.578646 0.121875 0.053125 0.045833
0 0.551042 0.189062 0.031250 0.048958
0 0.861979 0.401562 0.023958 0.040625
0 0.129688 0.928125 0.046875 0.052083
0 0.383854 0.634896 0.053125 0.030208
0 0.463542 0.700000 0.031250 0.043750
0 0.533333 0.172396 0.043750 0.030208
0 0.850521 0.477083 0.053125 0.041667
0 0.377083 0.362500 0.052083 0.047917
0 0.219271 0.469792 0.032292 0.039583
0 0.559896 0.229167 0.044792 0.027083
0 0.917708 0.282292 0.045833 0.031250
0 0.768229 0.625521 0.021875 0.038542
0 0.083333 0.075521 0.050000 0.042708
0 0.304167 0.528125 0.037500 0.027083
0 0.264062 0.141146 0.046875 0.023958
0 0.899479 0.645312 0.040625 0.036458
0 0.526563 0.355208 0.032292 0.052083
0 0.207813 0.370312 0.026042 0.046875
0 0.364063 0.598437 0.040625 0.051042
0 0.121354 0.879687 0.042708 0.044792
0 0.579688 0.542708 0.038542 0.031250
0 0.833854 0.663021 0.053125 0.030208
0 0.896875 0.398438 0.025000 0.042708
0 0.795833 0.511458 0.047917 0.039583
0 0.553125 0.843750 0.043750 0.025000
0 0.779167 0.819792 0.039583 0.041667
0 0.076042 0.889583 0.029167 0.041667
0 0.439583 0.394271 0.050000 0.040625
0 0.220312 0.908854 0.030208 0.040625
0 0.675521 0.878125 0.038542 0.043750
0 0.444792 0.705208 0.045833 0.043750
0 0.473958 0.214583 0.047917 0.039583
0 0.407813 0.270313 0.053125 0.032292
0 0.504687 0.834375 0.032292 0.039583
0 0.899479 0.911979 0.026042 0.046875
0 0.870313 0.940104 0.051042 0.053125
0 0.426563 0.092188 0.038542 0.055208
0 0.668750 0.797396 0.035417 0.040625
0 0.911458 0.687500 0.025000 0.039583
0 0.303646 0.206771 0.046875 0.048958
0 0.432292 0.756771 0.047917 0.053125
0 0.179167 0.359896 0.043750 0.028125
0 0.622917 0.139583 0.037500 0.018750
0 0.096354 0.117188 0.044792 0.051042
0 0.890625 0.766667 0.039583 0.041667
0 0.683333 0.178646 0.037500 0.044792
0 0.697917 0.829688 0.047917 0.046875
0 0.946354 0.598437 0.044792 0.028125
0 0.842187 0.294271 0.044792 0.030208
0 0.349479 0.684896 0.032292 0.040625
0 0.391667 0.150521 0.027083 0.046875
0 0.898958 0.171875 0.029167 0.041667
0 0.166146 0.078646 0.040625 0.044792
0 0.875521 0.490625 0.044792 0.052083
0 0.316146 0.657292 0.038542 0.025000
0 0.430729 0.519271 0.042708 0.021875
0 0.556250 0.662500 0.043750 0.031250
0 0.264062 0.392708 0.046875 0.052083
0 0.235937 0.300000 0.023958 0.043750
0 0.831250 0.740104 0.039583 0.026042
0 0.423438 0.485417 0.042708 0.047917
0 0.522396 0.539583 0.021875 0.039583
0 0.566146 0.877083 0.038542 0.035417
0 0.089063 0.442708 0.021875 0.043750
0 0.696354 0.946875 0.032292 0.047917
0 0.856250 0.729688 0.025000 0.046875
0 0.103125 0.173958 0.035417 0.037500
0 0.551042 0.605208 0.035417 0.037500
0 0.612500 0.722396 0.025000 0.044792
0 0.558333 0.306771 0.039583 0.026042
0 0.359375 0.802083 0.050000 0.050000
0 0.108333 0.640104 0.037500 0.048958
0 0.583854 0.623958 0.053125 0.037500
0 0.385937 0.632292 0.046875 0.031250
0 0.927083 0.309896 0.029167 0.040625
0 0.184896 0.231771 0.046875 0.038542
0 0.879167 0.185938 0.041667 0.044792
0 0.161979 0.511458 0.040625 0.041667
0 0.692187 0.627083 0.048958 0.039583
0 0.078646 0.804167 0.034375 0.039583
0 0.814583 0.431250 0.052083 0.039583
0 0.667188 0.698958 0.038542 0.029167
0 0.552083 0.788021 0.037500 0.021875
0 0.373437 0.394792 0.036458 0.052083
0 0.333333 0.597396 0.018750 0.036458
0 0.133333 0.859375 0.035417 0.037500
0 0.937500 0.726562 0.039583 0.028125
0 0.548438 0.293750 0.036458 0.037500
0 0.569792 0.468229 0.045833 0.038542
0 0.761458 0.794271 0.045833 0.038542
0 0.200521 0.584375 0.036458 0.052083
0 0.638021 0.248438 0.044792 0.026042
0 0.952083 0.594792 0.020833 0.039583
0 0.611458 0.612500 0.052083 0.047917
0 0.481771 0.335417 0.040625 0.022917
0 0.193750 0.688021 0.041667 0.032292
0 0.944271 0.546354 0.048958 0.030208
0 0.554688 0.844792 0.032292 0.039583
0 0.756250 0.344271 0.039583 0.048958
0 0.067187 0.101042 0.028125 0.050000
0 0.477083 0.778646 0.033333 0.048958
0 0.736979 0.314063 0.044792 0.040625
0 0.533333 0.717187 0.039583 0.030208
0 0.900000 0.432812 0.043750 0.040625
0 0.858333 0.446875 0.052083 0.035417
0 0.653646 0.202083 0.030208 0.039583
0 0.360417 0.531771 0.043750 0.040625
0 0.161458 0.830208 0.045833 0.043750
0 0.290104 0.779687 0.038542 0.019792
0 0.401042 0.148958 0.027083 0.037500
0 0.340625 0.642188 0.029167 0.051042
0 0.648958 0.460938 0.052083 0.051042
0 0.430208 0.855208 0.035417 0.035417
0 0.694271 0.763542 0.028125 0.039583
0 0.278646 0.230729 0.040625 0.055208
0 0.114062 0.298958 0.044792 0.035417
0 0.103646 0.168750 0.023958 0.045833
0 0.347396 0.609375 0.042708 0.047917
0 0.882292 0.958854 0.045833 0.032292
0 0.811458 0.961979 0.054167 0.042708
0 0.880208 0.801042 0.050000 0.050000
0 0.541667 0.615104 0.029167 0.046875
0 0.431771 0.739062 0.040625 0.038542
0 0.293750 0.578646 0.035417 0.053125
0 0.891667 0.240104 0.025000 0.044792
0 0.889062 0.582812 0.034375 0.046875
0 0.706250 0.372396 0.045833 0.038542
0 0.296875 0.158333 0.043750 0.045833
0 0.514062 0.280729 0.028125 0.051042
0 0.743229 0.720313 0.026042 0.040625
0 0.380208 0.802604 0.033333 0.048958
0 0.901042 0.836979 0.041667 0.048958
0 0.585417 0.600521 0.050000 0.053125
0 0.596875 0.404167 0.037500 0.035417
0 0.921354 0.879687 0.055208 0.048958
0 0.309896 0.846875 0.036458 0.043750
0 0.350521 0.647917 0.042708 0.054167
0 0.392188 0.592187 0.053125 0.034375
0 0.919271 0.279167 0.038542 0.027083
0 0.117708 0.348958 0.039583 0.052083
0 0.282292 0.345833 0.041667 0.052083
0 0.661979 0.496354 0.038542 0.021875
0 0.899479 0.866146 0.030208 0.053125
0 0.907292 0.337500 0.052083 0.043750
0 0.625000 0.382812 0.039583 0.028125
0 0.472396 0.178125 0.023958 0.045833
0 0.955729 0.800000 0.038542 0.035417
0 0.939583 0.354687 0.050000 0.042708
0 0.069271 0.750521 0.032292 0.040625
0 0.111458 0.776042 0.025000 0.041667
0 0.248438 0.306771 0.046875 0.048958
0 0.262500 0.594792 0.039583 0.041667
0 0.322396 0.848437 0.023958 0.040625
0 0.366146 0.853646 0.044792 0.021875
0 0.586979 0.481250 0.023958 0.037500
0 0.174479 0.291146 0.051042 0.038542
0 0.312500 0.522396 0.037500 0.038542
0 0.658333 0.479687 0.054167 0.038542
0 0.083854 0.151562 0.026042 0.046875
0 0.749479 0.383333 0.042708 0.039583
0 0.283854 0.430729 0.055208 0.051042
0 0.357812 0.834375 0.038542 0.047917
0 0.587500 0.610417 0.033333 0.037500
0 0.347917 0.328646 0.025000 0.046875
0 0.935937 0.371875 0.044792 0.035417
0 0.532813 0.520312 0.038542 0.021875
0 0.352083 0.133854 0.025000 0.042708
0 0.666146 0.224479 0.040625 0.034375
0 0.658333 0.838021 0.054167 0.036458
0 0.801042 0.389062 0.037500 0.038542
0 0.819792 0.840625 0.052083 0.033333
0 0.106250 0.841667 0.031250 0.043750
0 0.642188 0.900000 0.026042 0.041667
0 0.167708 0.742188 0.041667 0.032292
0 0.196354 0.745313 0.040625 0.028125
0 0.832292 0.215104 0.041667 0.044792
0 0.407813 0.960938 0.040625 0.028125
0 0.344792 0.826562 0.052083 0.034375
0 0.072917 0.831771 0.039583 0.026042
0 0.114062 0.885938 0.048958 0.032292
0 0.885417 0.426042 0.039583 0.022917
0 0.626563 0.923958 0.042708 0.037500
0 0.226562 0.143750 0.051042 0.029167
0 0.913542 0.568229 0.050000 0.053125
0 0.117188 0.207292 0.038542 0.035417
0 0.730729 0.538021 0.019792 0.038542
0 0.344792 0.660937 0.043750 0.021875
0 0.627604 0.706250 0.053125 0.045833
0 0.876563 0.822396 0.028125 0.040625
0 0.955729 0.760938 0.019792 0.038542
0 0.139063 0.409375 0.044792 0.035417
0 0.891667 0.946875 0.043750 0.045833
0 0.138542 0.738021 0.050000 0.044792
0 0.543750 0.385417 0.043750 0.052083
0 0.121354 0.865625 0.048958 0.037500
0 0.623437 0.649479 0.048958 0.055208
0 0.489583 0.249479 0.050000 0.034375
0 0.431250 0.495833 0.039583 0.047917
0 0.322396 0.365104 0.038542 0.051042
0 0.515625 0.598958 0.043750 0.035417
0 0.668750 0.861458 0.020833 0.039583
0 0.158333 0.082812 0.052083 0.032292
0 0.855729 0.756771 0.055208 0.046875
0 0.713542 0.348958 0.022917 0.043750
0 0.580729 0.711458 0.040625 0.054167
0 0.606250 0.820833 0.029167 0.037500
0 0.886458 0.862500 0.018750 0.035417
0 0.368750 0.962500 0.035417 0.043750
0 0.582812 0.138021 0.040625 0.032292
0 0.730208 0.786458 0.027083 0.041667
0 0.297917 0.154688 0.039583 0.048958
0 0.861458 0.196875 0.029167 0.041667
0 0.731771 0.885417 0.042708 0.054167
0 0.446875 0.410417 0.031250 0.041667
0 0.795833 0.245833 0.039583 0.020833
0 0.553125 0.780208 0.037500 0.029167
0 0.832292 0.167187 0.035417 0.053125
0 0.105208 0.542188 0.037500 0.048958
0 0.847396 0.492188 0.036458 0.040625
0 0.403125 0.220312 0.039583 0.032292
0 0.886458 0.077083 0.022917 0.043750
0 0.576042 0.728125 0.031250 0.045833
0 0.691667 0.080208 0.035417 0.047917
0 0.678646 0.902083 0.042708 0.027083
0 0.806771 0.629167 0.046875 0.052083
0 0.471354 0.897917 0.053125 0.043750
0 0.311979 0.343750 0.053125 0.045833
0 0.243229 0.351562 0.034375 0.046875
0 0.094271 0.504167 0.021875 0.039583
0 0.368229 0.682813 0.042708 0.044792
0 0.290625 0.571875 0.041667 0.047917
0 0.960417 0.430729 0.035417 0.044792
0 0.816146 0.593750 0.023958 0.041667
0 0.220833 0.503646 0.050000 0.042708
0 0.683854 0.958854 0.040625 0.034375
0 0.644792 0.863021 0.054167 0.042708
0 0.291146 0.369792 0.038542 0.025000
0 0.295312 0.884375 0.051042 0.050000
0 0.708333 0.648438 0.043750 0.040625
0 0.100521 0.657813 0.051042 0.034375
0 0.547396 0.481771 0.048958 0.034375
0 0.433854 0.886458 0.042708 0.037500
0 0.475521 0.798438 0.038542 0.038542
0 0.572917 0.498437 0.041667 0.044792
0 0.414062 0.267188 0.040625 0.034375
0 0.453125 0.710417 0.043750 0.035417
0 0.564583 0.816667 0.052083 0.047917
0 0.288021 0.922396 0.055208 0.042708
0 0.736458 0.747396 0.041667 0.021875
0 0.106250 0.529687 0.029167 0.046875
0 0.251563 0.214062 0.051042 0.055208
0 0.209375 0.889583 0.037500 0.041667
0 0.142708 0.499479 0.039583 0.030208
0 0.651563 0.591146 0.055208 0.042708
0 0.383854 0.427604 0.040625 0.028125
0 0.299479 0.306771 0.030208 0.040625
0 0.652604 0.416146 0.044792 0.042708
0 0.697396 0.587500 0.034375 0.052083
0 0.729688 0.497396 0.036458 0.051042
0 0.930729 0.356250 0.036458 0.018750
0 0.626042 0.189062 0.045833 0.032292
0 0.963542 0.617708 0.031250 0.037500
0 0.780208 0.260417 0.035417 0.037500
0 0.768229 0.888021 0.019792 0.038542
0 0.102083 0.381250 0.037500 0.029167
0 0.445312 0.285938 0.040625 0.051042
0 0.771354 0.617188 0.023958 0.046875
0 0.686458 0.514062 0.035417 0.040625
0 0.867708 0.318229 0.031250 0.053125
0 0.442188 0.192188 0.030208 0.048958
0 0.536979 0.527604 0.021875 0.038542
0 0.309375 0.501563 0.041667 0.048958
0 0.226562 0.745313 0.044792 0.030208
0 0.953125 0.341667 0.045833 0.043750
0 0.623437 0.689063 0.038542 0.019792
0 0.082292 0.531771 0.045833 0.026042
0 0.804688 0.137500 0.053125 0.047917
0 0.321354 0.371354 0.044792 0.051042
0 0.552083 0.102083 0.020833 0.039583
0 0.919271 0.953125 0.036458 0.020833
0 0.863542 0.856250 0.047917 0.037500
0 0.258333 0.884896 0.043750 0.028125
0 0.626563 0.219792 0.042708 0.031250
0 0.594271 0.861458 0.042708 0.029167
0 0.918229 0.545312 0.044792 0.055208
0 0.876563 0.935937 0.030208 0.048958
0 0.086979 0.903646 0.051042 0.034375
0 0.436979 0.540104 0.032292 0.044792
0 0.112500 0.109896 0.035417 0.040625
0 0.758854 0.950521 0.040625 0.055208
0 0.611979 0.904167 0.044792 0.033333
0 0.909375 0.301042 0.043750 0.033333
0 0.350000 0.520833 0.047917 0.037500
0 0.423438 0.741146 0.030208 0.044792
0 0.553646 0.804167 0.036458 0.037500
0 0.795833 0.120313 0.027083 0.042708
0 0.439583 0.501563 0.043750 0.040625
0 0.494792 0.509375 0.047917 0.039583
0 0.558854 0.153125 0.034375 0.043750
0 0.215104 0.584375 0.032292 0.052083
0 0.576042 0.688542 0.039583 0.041667
0 0.522396 0.916667 0.040625 0.020833
0 0.551042 0.165625 0.025000 0.043750
0 0.289583 0.564583 0.045833 0.043750
0 0.616146 0.527604 0.030208 0.040625
0 0.546354 0.521354 0.023958 0.042708
0 0.303646 0.146354 0.044792 0.042708
0 0.502083 0.921354 0.025000 0.042708
0 0.302604 0.156771 0.048958 0.046875
0 0.631250 0.910417 0.043750 0.027083
0 0.611458 0.420312 0.050000 0.036458
0 0.129167 0.159896 0.047917 0.044792
0 0.650000 0.526563 0.035417 0.040625
0 0.270833 0.745313 0.050000 0.042708
0 0.927604 0.745833 0.051042 0.033333
0 0.528125 0.431771 0.029167 0.040625
0 0.438021 0.648438 0.030208 0.051042
0 0.706250 0.930729 0.039583 0.023958
0 0.705208 0.895833 0.041667 0.031250
0 0.492188 0.237500 0.042708 0.039583
0 0.381771 0.513021 0.044792 0.055208
0 0.646354 0.493750 0.023958 0.041667
0 0.320312 0.396354 0.030208 0.044792
0 0.627083 0.590104 0.043750 0.030208
0 0.810937 0.694271 0.038542 0.038542
0 0.085938 0.228646 0.040625 0.034375
0 0.768229 0.143750 0.026042 0.045833
0 0.843229 0.539583 0.030208 0.043750
0 0.120833 0.658854 0.033333 0.053125
0 0.929688 0.678125 0.036458 0.020833
0 0.884896 0.102604 0.026042 0.046875
0 0.373958 0.514583 0.052083 0.043750
0 0.557292 0.336458 0.047917 0.050000
0 0.202083 0.943229 0.054167 0.048958
0 0.661458 0.658333 0.031250 0.037500
0 0.433854 0.681771 0.040625 0.032292
0 0.766146 0.145833 0.048958 0.025000
0 0.254167 0.773958 0.037500 0.027083
0 0.118750 0.611979 0.039583 0.026042
0 0.139063 0.069271 0.051042 0.028125
0 0.225000 0.648958 0.047917 0.033333
0 0.417187 0.274479 0.051042 0.034375
0 0.578646 0.244792 0.044792 0.033333
0 0.140625 0.167187 0.033333 0.048958
0 0.607292 0.859375 0.033333 0.052083
0 0.327083 0.546875 0.025000 0.043750
0 0.373437 0.217708 0.046875 0.031250
0 0.432812 0.307292 0.019792 0.039583
0 0.858333 0.962500 0.027083 0.045833
0 0.116146 0.230208 0.038542 0.022917
0 0.900521 0.676562 0.036458 0.040625
0 0.104167 0.815625 0.052083 0.037500
0 0.840104 0.853646 0.040625 0.034375
0 0.645312 0.219792 0.048958 0.037500
0 0.174479 0.688021 0.036458 0.046875
0 0.939063 0.255208 0.028125 0.043750
0 0.458854 0.532292 0.048958 0.052083
0 0.873437 0.215625 0.046875 0.052083
0 0.445312 0.899479 0.051042 0.042708
0 0.492708 0.076042 0.052083 0.045833
0 0.575521 0.758333 0.040625 0.054167
0 0.779687 0.470313 0.021875 0.038542
0 0.591146 0.884896 0.042708 0.051042
0 0.898438 0.839063 0.051042 0.034375
0 0.764583 0.878646 0.043750 0.040625
0 0.882292 0.874479 0.043750 0.048958
0 0.868229 0.528125 0.032292 0.052083
0 0.285938 0.917708 0.042708 0.029167
0 0.435937 0.111458 0.042708 0.054167
0 0.571354 0.847396 0.051042 0.030208
0 0.589063 0.969271 0.053125 0.051042
0 0.235937 0.644271 0.048958 0.032292
0 0.763542 0.484896 0.039583 0.030208
0 0.314583 0.210417 0.041667 0.027083
0 0.574479 0.401042 0.053125 0.037500
0 0.268750 0.105729 0.043750 0.042708
0 0.356771 0.268750 0.046875 0.027083
0 0.329167 0.344271 0.054167 0.042708
0 0.184375 0.374479 0.045833 0.038542
0 0.100000 0.495833 0.022917 0.037500