0 0.692187 0.448958 0.038542 0.025000
0 0.667708 0.833333 0.052083 0.037500
0 0.200000 0.792188 0.054167 0.044792
0 0.950521 0.162500 0.023958 0.041667
0 0.906250 0.318229 0.054167 0.042708
0 0.960938 0.208333 0.042708 0.041667
0 0.543750 0.963021 0.039583 0.034375
0 0.099479 0.846875 0.042708 0.039583
0 0.541146 0.226042 0.046875 0.029167
0 0.662500 0.960417 0.029167 0.041667
0 0.391667 0.282292 0.043750 0.025000
0 0.566667 0.545833 0.033333 0.047917
0 0.566146 0.783854 0.030208 0.053125
0 0.773958 0.747917 0.031250 0.045833
0 0.489063 0.208854 0.055208 0.046875
0 0.572917 0.830729 0.029167 0.044792
0 0.149479 0.376042 0.046875 0.052083
0 0.272396 0.281250 0.034375 0.039583
0 0.125000 0.154167 0.025000 0.037500
0 0.763542 0.278646 0.041667 0.042708
0 0.734896 0.705729 0.046875 0.023958
0 0.420312 0.232813 0.055208 0.048958
0 0.938542 0.747396 0.037500 0.021875
0 0.069271 0.820312 0.032292 0.048958
0 0.944792 0.553646 0.047917 0.028125
0 0.480729 0.919271 0.038542 0.019792
0 0.895312 0.130208 0.019792 0.035417
0 0.240104 0.721354 0.040625 0.019792
0 0.683333 0.567187 0.031250 0.051042
0 0.367188 0.419792 0.048958 0.027083
0 0.588542 0.735938 0.043750 0.048958
0 0.473958 0.846354 0.054167 0.046875
0 0.671875 0.431250 0.022917 0.035417
0 0.810417 0.600000 0.052083 0.039583
0 0.577083 0.291146 0.052083 0.051042
0 0.128125 0.394792 0.037500 0.033333
0 0.598958 0.280208 0.043750 0.031250
0 0.307812 0.624479 0.042708 0.051042
0 0.538021 0.850000 0.038542 0.029167
0 0.199479 0.750000 0.044792 0.033333
0 0.774479 0.914062 0.040625 0.034375
0 0.915104 0.401562 0.051042 0.042708
0 0.903125 0.425000 0.037500 0.033333
0 0.227604 0.396875 0.026042 0.037500
0 0.571875 0.372917 0.045833 0.043750
0 0.402604 0.340625 0.034375 0.047917
0 0.210417 0.417187 0.045833 0.026042
0 0.393750 0.761458 0.052083 0.039583
0 0.293229 0.306771 0.055208 0.046875
0 0.458333 0.914062 0.054167 0.038542
0 0.754687 0.505729 0.021875 0.038542
0 0.203646 0.545833 0.036458 0.018750
0 0.488542 0.784375 0.035417 0.043750
0 0.679688 0.562500 0.036458 0.037500
0 0.323958 0.881250 0.029167 0.041667
0 0.718750 0.272396 0.037500 0.038542
0 0.414583 0.125521 0.037500 0.053125
0 0.641667 0.460417 0.037500 0.027083
0 0.443229 0.524479 0.040625 0.036458
0 0.819271 0.302604 0.038542 0.055208
0 0.245833 0.656771 0.050000 0.053125
0 0.255729 0.470313 0.053125 0.051042
0 0.143750 0.694271 0.022917 0.038542
0 0.481250 0.200521 0.031250 0.048958
0 0.500521 0.455729 0.040625 0.023958
0 0.903125 0.466146 0.043750 0.030208
0 0.141667 0.939583 0.035417 0.037500
0 0.753646 0.474479 0.028125 0.044792
0 0.939063 0.646354 0.040625 0.036458
0 0.542188 0.277083 0.044792 0.047917
0 0.329688 0.579167 0.051042 0.033333
0 0.136979 0.523438 0.051042 0.034375
0 0.293750 0.405729 0.018750 0.036458
0 0.950000 0.433333 0.035417 0.052083
0 0.365625 0.575000 0.043750 0.052083
0 0.277604 0.734375 0.028125 0.050000
0 0.476042 0.456250 0.045833 0.031250
0 0.151042 0.577083 0.052083 0.047917
0 0.102604 0.843229 0.038542 0.023958
0 0.401562 0.345313 0.051042 0.034375
0 0.406250 0.671354 0.031250 0.048958
0 0.842708 0.740104 0.043750 0.042708
0 0.360938 0.540625 0.048958 0.027083
0 0.723958 0.286458 0.047917 0.037500
0 0.653646 0.420312 0.032292 0.048958
0 0.719792 0.752083 0.020833 0.039583
0 0.432812 0.634375 0.038542 0.043750
0 0.879687 0.257812 0.040625 0.044792
0 0.245312 0.647917 0.040625 0.020833
0 0.193229 0.648438 0.038542 0.051042
0 0.214062 0.072396 0.030208 0.040625
0 0.916146 0.469271 0.051042 0.028125
0 0.318750 0.877083 0.025000 0.037500
0 0.826042 0.771875 0.037500 0.047917
0 0.291146 0.873437 0.048958 0.046875
0 0.352083 0.815625 0.022917 0.039583
0 0.580729 0.146875 0.046875 0.031250
0 0.435937 0.456771 0.048958 0.046875
0 0.156771 0.909896 0.042708 0.055208
0 0.412500 0.667708 0.037500 0.033333
0 0.088542 0.085938 0.043750 0.030208
0 0.860938 0.540625 0.051042 0.050000
0 0.835417 0.936458 0.039583 0.047917
0 0.718229 0.305729 0.053125 0.034375
0 0.348958 0.816146 0.039583 0.044792
0 0.856250 0.536979 0.029167 0.044792
0 0.371354 0.778125 0.048958 0.041667
0 0.608854 0.139583 0.046875 0.029167
0 0.513021 0.098437 0.038542 0.021875
0 0.644271 0.220312 0.048958 0.055208
0 0.103646 0.870313 0.026042 0.040625
0 0.098437 0.882812 0.038542 0.019792
0 0.274479 0.134896 0.051042 0.042708
0 0.489583 0.168229 0.039583 0.028125
0 0.691667 0.895312 0.031250 0.040625
0 0.195312 0.292187 0.040625 0.034375
0 0.796875 0.789583 0.047917 0.041667
0 0.307812 0.399479 0.019792 0.038542
0 0.132812 0.505729 0.034375 0.048958
0 0.456771 0.172396 0.040625 0.034375
0 0.578646 0.522396 0.048958 0.023958
0 0.100000 0.178646 0.045833 0.026042
0 0.316146 0.908854 0.042708 0.023958
0 0.529687 0.079687 0.040625 0.034375
0 0.946354 0.289583 0.042708 0.047917
0 0.359896 0.676042 0.051042 0.035417
0 0.745313 0.495312 0.051042 0.038542
0 0.318750 0.913542 0.022917 0.037500
0 0.365104 0.670312 0.040625 0.038542
0 0.519271 0.167708 0.032292 0.039583
0 0.796354 0.083333 0.048958 0.037500
0 0.835938 0.707292 0.028125 0.045833
0 0.508333 0.076563 0.037500 0.038542
0 0.196875 0.355729 0.033333 0.040625
0 0.483854 0.360417 0.042708 0.033333
0 0.745833 0.895833 0.033333 0.047917
0 0.426563 0.279687 0.046875 0.034375
0 0.740625 0.192188 0.029167 0.051042
0 0.659896 0.915104 0.051042 0.026042
0 0.388542 0.097396 0.035417 0.040625
0 0.685937 0.202604 0.019792 0.038542
0 0.105729 0.214583 0.030208 0.050000
0 0.210938 0.702083 0.051042 0.050000
0 0.254167 0.496875 0.020833 0.039583
0 0.097396 0.806250 0.028125 0.043750
0 0.222396 0.616667 0.044792 0.035417
0 0.380208 0.234375 0.029167 0.041667
0 0.231250 0.247917 0.047917 0.039583
0 0.206250 0.728125 0.052083 0.047917
0 0.192188 0.822396 0.030208 0.044792
0 0.171354 0.673958 0.053125 0.043750
0 0.789062 0.846354 0.042708 0.051042
0 0.216146 0.286979 0.023958 0.042708
0 0.719792 0.961458 0.041667 0.037500
0 0.339062 0.807813 0.032292 0.053125
0 0.439583 0.660937 0.043750 0.048958
0 0.696875 0.951042 0.035417 0.020833
0 0.381771 0.514062 0.032292 0.044792
0 0.165625 0.086458 0.043750 0.033333
0 0.858854 0.346354 0.026042 0.051042
0 0.200000 0.747396 0.041667 0.032292
0 0.456771 0.676562 0.030208 0.040625
0 0.948958 0.100521 0.047917 0.030208
0 0.889062 0.907292 0.038542 0.037500
0 0.901042 0.707812 0.029167 0.040625
0 0.654167 0.282292 0.029167 0.050000
0 0.415104 0.664583 0.034375 0.016667
0 0.669792 0.271354 0.039583 0.036458
0 0.409375 0.701042 0.035417 0.043750
0 0.825000 0.314583 0.037500 0.035417
0 0.851562 0.656250 0.034375 0.047917
0 0.592708 0.684896 0.043750 0.030208
0 0.538021 0.627083 0.026042 0.050000
0 0.476562 0.321354 0.051042 0.053125
0 0.397917 0.623437 0.029167 0.051042
0 0.851042 0.846354 0.027083 0.042708
0 0.501563 0.252083 0.036458 0.037500
0 0.831250 0.198437 0.045833 0.034375
0 0.533854 0.402083 0.044792 0.025000
0 0.500521 0.880729 0.048958 0.028125
0 0.690104 0.138542 0.034375 0.043750
0 0.380729 0.128125 0.030208 0.047917
0 0.614062 0.338021 0.055208 0.040625
0 0.892708 0.611458 0.020833 0.039583
0 0.195312 0.199479 0.055208 0.040625
0 0.075521 0.560417 0.046875 0.045833
0 0.234896 0.854688 0.019792 0.038542
0 0.648438 0.630729 0.028125 0.046875
0 0.693750 0.964583 0.052083 0.047917
0 0.251563 0.409375 0.044792 0.035417
0 0.675521 0.516667 0.042708 0.031250
0 0.475000 0.161458 0.041667 0.039583
0 0.747917 0.566146 0.052083 0.032292
0 0.948438 0.172396 0.044792 0.030208
0 0.544271 0.929688 0.040625 0.055208
0 0.550521 0.902083 0.026042 0.041667
0 0.265625 0.693750 0.020833 0.039583
0 0.607812 0.444271 0.055208 0.044792
0 0.741146 0.483333 0.038542 0.043750
0 0.353646 0.664583 0.036458 0.020833
0 0.922396 0.360938 0.055208 0.044792
0 0.222917 0.165104 0.045833 0.055208
0 0.152604 0.485938 0.044792 0.040625
0 0.969792 0.430208 0.050000 0.050000
0 0.315625 0.221875 0.037500 0.052083
0 0.465625 0.945312 0.043750 0.055208
0 0.729688 0.376042 0.042708 0.029167
0 0.880729 0.552083 0.030208 0.050000
0 0.555208 0.445312 0.050000 0.028125
0 0.788021 0.911979 0.038542 0.046875
0 0.905729 0.530208 0.038542 0.031250
0 0.448958 0.553646 0.031250 0.048958
0 0.373958 0.425000 0.037500 0.047917
0 0.661458 0.546875 0.027083 0.045833
0 0.806250 0.620313 0.029167 0.044792
0 0.624479 0.354167 0.046875 0.045833
0 0.474479 0.107813 0.044792 0.040625
0 0.459896 0.919792 0.042708 0.037500
0 0.760417 0.538021 0.039583 0.038542
0 0.929167 0.530729 0.039583 0.026042
0 0.091146 0.469271 0.019792 0.038542
0 0.762500 0.457813 0.027083 0.046875
0 0.682813 0.471875 0.042708 0.031250
0 0.133854 0.750521 0.046875 0.040625
0 0.381771 0.112500 0.051042 0.047917
0 0.219271 0.649479 0.038542 0.051042
0 0.898958 0.937500 0.037500 0.035417
0 0.602604 0.881771 0.036458 0.040625
0 0.647917 0.590625 0.047917 0.037500
0 0.663021 0.892188 0.038542 0.040625
0 0.782292 0.672396 0.050000 0.053125
0 0.328125 0.421354 0.054167 0.042708
0 0.663542 0.678125 0.041667 0.031250
0 0.460938 0.919792 0.042708 0.039583
0 0.734375 0.675521 0.025000 0.046875
0 0.768750 0.369271 0.020833 0.038542
0 0.302083 0.129688 0.050000 0.034375
0 0.600000 0.788021 0.039583 0.030208
0 0.822396 0.126042 0.048958 0.025000
0 0.444271 0.606771 0.040625 0.030208
0 0.933854 0.910417 0.051042 0.047917
0 0.823958 0.463542 0.039583 0.020833
0 0.757812 0.651042 0.040625 0.047917
0 0.071875 0.810417 0.035417 0.020833
0 0.930208 0.436458 0.033333 0.037500
0 0.453125 0.440104 0.052083 0.051042
0 0.884896 0.887500 0.026042 0.039583
0 0.334375 0.539062 0.039583 0.023958
0 0.183854 0.461458 0.044792 0.047917
0 0.354687 0.799479 0.032292 0.044792
0 0.556250 0.893229 0.033333 0.040625
0 0.836458 0.690625 0.041667 0.029167
0 0.081771 0.406771 0.051042 0.028125
0 0.964583 0.574479 0.039583 0.034375
0 0.365104 0.170833 0.036458 0.043750
0 0.764583 0.380208 0.050000 0.050000
0 0.634375 0.822396 0.050000 0.036458
0 0.157812 0.480729 0.055208 0.051042
0 0.859375 0.168750 0.033333 0.043750
0 0.460938 0.201563 0.038542 0.040625
0 0.141667 0.685417 0.052083 0.041667
0 0.939583 0.811458 0.037500 0.031250
0 0.823438 0.326042 0.048958 0.039583
0 0.394271 0.377083 0.032292 0.043750
0 0.397396 0.677083 0.032292 0.052083
0 0.683333 0.836458 0.027083 0.047917
0 0.148438 0.607812 0.044792 0.028125
0 0.281250 0.109375 0.035417 0.037500
0 0.609896 0.379688 0.048958 0.032292
0 0.752083 0.165104 0.054167 0.046875
0 0.526042 0.318750 0.018750 0.035417
0 0.579167 0.426042 0.020833 0.039583
0 0.506771 0.359375 0.034375 0.052083
0 0.890104 0.295833 0.048958 0.037500
0 0.096875 0.154167 0.037500 0.047917
0 0.607812 0.449479 0.044792 0.040625
0 0.820312 0.743229 0.040625 0.028125
0 0.613542 0.697917 0.037500 0.052083
0 0.863542 0.473438 0.039583 0.044792
0 0.086458 0.639583 0.052083 0.035417
0 0.433333 0.297396 0.039583 0.038542
0 0.463542 0.912500 0.041667 0.039583
0 0.601042 0.506771 0.031250 0.040625
0 0.603125 0.403125 0.029167 0.037500
0 0.461979 0.751042 0.028125 0.039583
0 0.662500 0.528646 0.027083 0.051042
0 0.471354 0.443229 0.044792 0.042708
0 0.252604 0.336979 0.040625 0.028125
0 0.182292 0.945833 0.031250 0.037500
0 0.408854 0.257812 0.023958 0.040625
0 0.128646 0.367708 0.038542 0.035417
0 0.766667 0.826042 0.035417 0.037500
0 0.524479 0.780208 0.051042 0.050000
0 0.477604 0.111979 0.046875 0.038542
0 0.314063 0.812500 0.026042 0.045833
0 0.664062 0.258854 0.021875 0.038542
0 0.276042 0.958333 0.052083 0.039583
0 0.096354 0.316667 0.036458 0.043750
0 0.192708 0.507812 0.025000 0.048958
0 0.298958 0.486979 0.037500 0.021875
0 0.553646 0.818750 0.034375 0.052083
0 0.560937 0.683333 0.040625 0.041667
0 0.861458 0.149479 0.041667 0.044792
0 0.491667 0.187500 0.039583 0.041667
0 0.355729 0.427604 0.051042 0.036458
0 0.480729 0.585938 0.040625 0.034375
0 0.263542 0.889062 0.045833 0.023958
0 0.335938 0.560937 0.034375 0.051042