0 0.521875 0.844271 0.047917 0.046875
0 0.822917 0.389062 0.039583 0.036458
0 0.295312 0.583854 0.034375 0.040625
0 0.175521 0.293229 0.044792 0.042708
0 0.099479 0.969271 0.044792 0.044792
0 0.658854 0.236979 0.030208 0.040625
0 0.252083 0.334896 0.054167 0.040625
0 0.630208 0.953646 0.054167 0.046875
0 0.512500 0.459896 0.047917 0.053125
0 0.344792 0.257812 0.052083 0.051042
0 0.829167 0.316146 0.033333 0.044792
0 0.586458 0.085938 0.031250 0.040625
0 0.875000 0.230208 0.025000 0.037500
0 0.595833 0.409896 0.020833 0.036458
0 0.880208 0.530208 0.043750 0.052083
0 0.176042 0.689583 0.052083 0.047917
0 0.511458 0.467708 0.037500 0.025000
0 0.471875 0.792188 0.050000 0.053125
0 0.897396 0.573958 0.021875 0.037500
0 0.195312 0.719271 0.040625 0.036458
0 0.406771 0.343229 0.051042 0.040625
0 0.736458 0.688542 0.045833 0.052083
0 0.232292 0.470313 0.020833 0.042708
0 0.425000 0.671875 0.052083 0.045833
0 0.298958 0.927083 0.031250 0.037500
0 0.477083 0.249479 0.020833 0.038542
0 0.224479 0.542188 0.030208 0.044792
0 0.353646 0.160938 0.046875 0.036458
0 0.219271 0.561979 0.036458 0.040625
0 0.155208 0.632812 0.047917 0.046875
0 0.380729 0.734375 0.038542 0.033333
0 0.806771 0.296875 0.046875 0.022917
0 0.551562 0.770833 0.030208 0.039583
0 0.897917 0.713021 0.043750 0.030208
0 0.493750 0.669271 0.029167 0.051042
0 0.733854 0.530729 0.036458 0.046875
0 0.204687 0.086458 0.042708 0.031250
0 0.644271 0.495312 0.044792 0.051042
0 0.861979 0.336458 0.048958 0.027083
0 0.621354 0.389062 0.038542 0.046875
0 0.395833 0.618229 0.045833 0.026042
0 0.522396 0.918229 0.046875 0.034375
0 0.402083 0.833333 0.033333 0.043750
0 0.268750 0.802083 0.035417 0.043750
0 0.857292 0.335417 0.035417 0.020833
0 0.944271 0.821354 0.036458 0.051042
0 0.145313 0.464062 0.042708 0.023958
0 0.397917 0.717187 0.054167 0.036458
0 0.575521 0.338542 0.040625 0.022917
0 0.402604 0.399479 0.040625 0.038542
0 0.903125 0.196875 0.020833 0.039583
0 0.457813 0.200000 0.021875 0.037500
0 0.391146 0.228646 0.040625 0.034375
0 0.184375 0.112500 0.037500 0.052083
0 0.360938 0.675521 0.055208 0.051042
0 0.289583 0.756771 0.037500 0.044792
0 0.282813 0.249479 0.044792 0.026042
0 0.179167 0.851562 0.045833 0.055208
0 0.445833 0.740625 0.035417 0.022917
0 0.135937 0.557292 0.034375 0.047917
0 0.784375 0.951562 0.050000 0.044792
0 0.279687 0.244271 0.044792 0.044792
0 0.263021 0.829167 0.046875 0.033333
0 0.227604 0.711458 0.048958 0.041667
0 0.887500 0.079687 0.037500 0.053125
0 0.067187 0.531250 0.030208 0.047917
0 0.968750 0.273958 0.052083 0.045833
0 0.876042 0.839063 0.025000 0.042708
0 0.193229 0.669271 0.034375 0.053125
0 0.504687 0.268750 0.042708 0.031250
0 0.817187 0.885938 0.034375 0.040625
0 0.092708 0.559375 0.031250 0.037500
0 0.433854 0.568750 0.038542 0.047917
0 0.739583 0.654687 0.037500 0.044792
0 0.730208 0.229167 0.047917 0.052083
0 0.868229 0.247917 0.026042 0.041667
0 0.203125 0.736458 0.037500 0.025000
0 0.795833 0.323958 0.045833 0.052083
0 0.505729 0.586458 0.028125 0.039583
0 0.918229 0.721875 0.038542 0.027083
0 0.103646 0.903646 0.055208 0.048958
0 0.110417 0.732812 0.037500 0.038542
0 0.925000 0.150000 0.035417 0.043750
0 0.254688 0.883333 0.032292 0.039583
0 0.647917 0.582292 0.033333 0.050000
0 0.794271 0.844792 0.038542 0.043750
0 0.816146 0.562500 0.044792 0.037500
0 0.507292 0.660937 0.039583 0.048958
0 0.327604 0.073438 0.042708 0.023958
0 0.531771 0.420312 0.038542 0.040625
0 0.151042 0.554688 0.029167 0.046875
0 0.326042 0.860938 0.031250 0.044792
0 0.632812 0.228125 0.036458 0.037500
0 0.627604 0.257292 0.034375 0.039583
0 0.809375 0.675000 0.052083 0.041667
0 0.213542 0.582812 0.047917 0.046875
0 0.760938 0.693750 0.053125 0.047917
0 0.368229 0.349479 0.032292 0.046875
0 0.754167 0.110417 0.050000 0.029167
0 0.903125 0.321875 0.050000 0.050000
0 0.372917 0.485417 0.033333 0.037500
0 0.271875 0.700521 0.037500 0.038542
0 0.152604 0.362500 0.048958 0.027083
0 0.811979 0.108854 0.055208 0.040625
0 0.292187 0.254167 0.051042 0.031250
0 0.584896 0.176042 0.026042 0.045833
0 0.859896 0.310937 0.048958 0.030208
0 0.329688 0.220833 0.026042 0.037500
0 0.823958 0.927083 0.039583 0.022917
0 0.744271 0.096354 0.038542 0.051042
0 0.090104 0.946354 0.040625 0.030208
0 0.370833 0.719271 0.039583 0.030208
0 0.887500 0.713542 0.047917 0.041667
0 0.850521 0.529167 0.042708 0.027083
0 0.768229 0.295833 0.051042 0.047917
0 0.589063 0.793750 0.051042 0.031250
0 0.551042 0.943750 0.037500 0.035417
0 0.697396 0.573438 0.021875 0.038542
0 0.195312 0.111458 0.028125 0.043750
0 0.150000 0.208854 0.050000 0.040625
0 0.450521 0.767188 0.042708 0.044792
0 0.723958 0.853646 0.054167 0.042708
0 0.734375 0.182812 0.043750 0.048958
0 0.588021 0.654687 0.051042 0.034375
0 0.281771 0.155729 0.030208 0.040625
0 0.149479 0.153646 0.044792 0.042708
0 0.952604 0.347396 0.044792 0.044792
0 0.843750 0.169792 0.039583 0.047917
0 0.391667 0.665625 0.039583 0.047917
0 0.717187 0.726042 0.036458 0.052083
0 0.537500 0.272396 0.025000 0.038542
0 0.582812 0.428646 0.040625 0.032292
0 0.383854 0.779167 0.030208 0.039583
0 0.283333 0.760938 0.043750 0.048958
0 0.253125 0.914062 0.047917 0.055208
0 0.744271 0.311458 0.026042 0.037500
0 0.090625 0.841667 0.018750 0.035417
0 0.869271 0.336458 0.046875 0.031250
0 0.395313 0.168750 0.051042 0.033333
0 0.903646 0.146875 0.040625 0.025000
0 0.929688 0.118229 0.026042 0.040625
0 0.202083 0.719271 0.025000 0.048958
0 0.951042 0.452083 0.047917 0.027083
0 0.834375 0.534896 0.039583 0.023958
0 0.525000 0.496875 0.035417 0.047917
0 0.118229 0.663542 0.034375 0.039583
0 0.919271 0.393750 0.023958 0.045833
0 0.309896 0.683333 0.036458 0.047917
0 0.215104 0.427083 0.036458 0.037500
0 0.484896 0.829167 0.042708 0.037500
0 0.290625 0.888021 0.022917 0.042708
0 0.070312 0.458333 0.034375 0.037500
0 0.185417 0.234375 0.043750 0.035417
0 0.204687 0.108854 0.040625 0.023958
0 0.708333 0.951562 0.039583 0.026042
0 0.506771 0.418750 0.042708 0.039583
0 0.871875 0.490104 0.045833 0.036458
0 0.968229 0.081250 0.044792 0.035417
0 0.494792 0.241146 0.047917 0.053125
0 0.261458 0.672917 0.041667 0.039583
0 0.693750 0.082812 0.041667 0.042708
0 0.132292 0.354687 0.022917 0.038542
0 0.347917 0.751042 0.033333 0.043750
0 0.853125 0.631250 0.025000 0.041667
0 0.522917 0.461979 0.039583 0.036458
0 0.944271 0.438021 0.051042 0.053125
0 0.429167 0.769792 0.043750 0.035417
0 0.725000 0.567708 0.035417 0.020833
0 0.417187 0.753646 0.042708 0.044792
0 0.758854 0.644271 0.023958 0.040625
0 0.605208 0.719792 0.027083 0.047917
0 0.689583 0.783854 0.043750 0.026042
0 0.328646 0.851042 0.040625 0.047917
0 0.783333 0.590625 0.035417 0.037500
0 0.680729 0.618229 0.038542 0.040625
0 0.244792 0.662500 0.031250 0.045833
0 0.522917 0.945833 0.052083 0.045833
0 0.888021 0.821875 0.034375 0.039583
0 0.089063 0.381771 0.051042 0.040625
0 0.774479 0.731771 0.044792 0.042708
0 0.620313 0.383333 0.044792 0.033333
0 0.802083 0.777083 0.047917 0.027083
0 0.289583 0.795833 0.041667 0.047917
0 0.544792 0.478125 0.039583 0.020833
0 0.893229 0.583854 0.034375 0.040625
0 0.627604 0.954688 0.055208 0.044792
0 0.184375 0.804688 0.043750 0.042708
0 0.674479 0.623958 0.040625 0.054167
0 0.469271 0.904687 0.046875 0.038542
0 0.876563 0.683333 0.044792 0.047917
0 0.616146 0.277604 0.040625 0.034375
0 0.454688 0.346354 0.044792 0.042708
0 0.405208 0.397396 0.035417 0.040625
0 0.871354 0.149479 0.044792 0.051042
0 0.656771 0.307812 0.048958 0.055208
0 0.083854 0.779167 0.019792 0.037500
0 0.963021 0.655729 0.046875 0.048958
0 0.865625 0.412500 0.041667 0.039583
0 0.503646 0.103125 0.030208 0.050000
0 0.856771 0.668750 0.036458 0.052083
0 0.141146 0.520833 0.044792 0.035417
0 0.144792 0.609375 0.035417 0.037500
0 0.704688 0.106771 0.032292 0.040625
0 0.919271 0.131250 0.032292 0.043750
0 0.516146 0.377083 0.038542 0.035417
0 0.094271 0.667188 0.048958 0.055208
0 0.525000 0.784896 0.045833 0.048958
0 0.163021 0.344271 0.051042 0.036458
0 0.842708 0.780729 0.039583 0.023958
0 0.741146 0.117188 0.048958 0.048958
0 0.118229 0.768229 0.051042 0.042708
0 0.152083 0.806771 0.052083 0.032292
0 0.250000 0.741667 0.039583 0.052083
0 0.965104 0.672917 0.042708 0.039583
0 0.800521 0.185417 0.044792 0.035417
0 0.827604 0.416667 0.032292 0.043750
0 0.595313 0.644271 0.055208 0.051042
0 0.417708 0.907813 0.022917 0.038542
0 0.479687 0.817187 0.030208 0.053125
0 0.565625 0.259896 0.043750 0.028125
0 0.643229 0.215104 0.026042 0.040625
0 0.698438 0.576042 0.034375 0.047917
0 0.546875 0.660417 0.033333 0.047917
0 0.825000 0.563021 0.054167 0.042708
0 0.662500 0.556771 0.045833 0.038542
0 0.942187 0.478646 0.023958 0.046875
0 0.556250 0.203125 0.039583 0.052083
0 0.185938 0.298958 0.042708 0.039583
0 0.830208 0.411458 0.025000 0.043750
0 0.661458 0.110417 0.045833 0.031250
0 0.868229 0.572917 0.044792 0.025000
0 0.268229 0.847917 0.046875 0.045833
0 0.395313 0.213542 0.023958 0.037500
0 0.428646 0.621875 0.046875 0.029167
0 0.744792 0.559375 0.037500 0.027083
0 0.311458 0.215104 0.045833 0.055208
0 0.530729 0.922396 0.044792 0.042708
0 0.869792 0.398438 0.043750 0.055208
0 0.156771 0.451042 0.032292 0.039583
0 0.836979 0.333333 0.051042 0.050000
0 0.693750 0.070312 0.018750 0.036458
0 0.103125 0.935937 0.054167 0.044792
0 0.306250 0.682292 0.043750 0.045833
0 0.872917 0.792188 0.050000 0.038542
0 0.845313 0.672917 0.023958 0.041667
0 0.204687 0.616146 0.051042 0.053125
0 0.489063 0.126562 0.046875 0.026042
0 0.380729 0.779687 0.019792 0.038542
0 0.270313 0.564063 0.040625 0.038542
0 0.866146 0.516146 0.026042 0.051042
0 0.646354 0.177083 0.042708 0.025000
0 0.185938 0.366146 0.034375 0.046875
0 0.354167 0.730208 0.041667 0.027083
0 0.117708 0.906250 0.041667 0.047917
0 0.097396 0.449479 0.036458 0.017708
0 0.870313 0.575000 0.048958 0.052083
0 0.543229 0.516667 0.030208 0.043750
0 0.401042 0.615625 0.029167 0.037500
0 0.080208 0.297917 0.041667 0.052083
0 0.558333 0.716146 0.025000 0.046875
0 0.893750 0.633854 0.037500 0.019792
0 0.258333 0.517708 0.037500 0.035417
0 0.535937 0.265104 0.032292 0.053125
0 0.364063 0.361458 0.036458 0.052083
0 0.970313 0.163542 0.046875 0.052083
0 0.378646 0.179167 0.023958 0.037500
0 0.247917 0.286458 0.050000 0.029167
0 0.490104 0.910937 0.042708 0.055208
0 0.311979 0.507812 0.038542 0.040625
0 0.089063 0.234375 0.034375 0.047917
0 0.970313 0.291667 0.044792 0.033333
0 0.425521 0.155729 0.026042 0.040625
0 0.959375 0.129688 0.050000 0.036458
0 0.618229 0.070833 0.021875 0.037500
0 0.942187 0.690625 0.038542 0.022917
0 0.127083 0.222396 0.041667 0.032292
0 0.271875 0.388542 0.037500 0.033333
0 0.591667 0.968750 0.033333 0.045833
0 0.528125 0.791667 0.029167 0.037500
0 0.339583 0.942187 0.043750 0.040625
0 0.441146 0.559896 0.042708 0.051042
0 0.503646 0.116146 0.046875 0.048958
0 0.551562 0.468750 0.034375 0.052083
0 0.184896 0.659896 0.038542 0.046875
0 0.855208 0.450521 0.037500 0.040625
0 0.554688 0.873958 0.034375 0.043750
0 0.806771 0.540104 0.051042 0.055208
0 0.267708 0.425000 0.045833 0.043750
0 0.293229 0.756250 0.026042 0.039583
0 0.739583 0.085938 0.033333 0.044792
0 0.138021 0.110417 0.017708 0.035417
0 0.318229 0.540625 0.042708 0.031250
0 0.787500 0.575521 0.047917 0.048958
0 0.328125 0.413542 0.039583 0.047917
0 0.145833 0.779687 0.050000 0.040625
0 0.110417 0.677083 0.037500 0.035417
0 0.271354 0.114583 0.053125 0.039583
0 0.614583 0.208333 0.050000 0.031250
0 0.710417 0.351042 0.039583 0.020833
0 0.651563 0.745313 0.051042 0.053125
0 0.569792 0.233333 0.047917 0.041667
0 0.367708 0.938021 0.045833 0.055208
0 0.927083 0.376563 0.037500 0.021875
0 0.503125 0.309375 0.020833 0.035417
0 0.897396 0.134375 0.048958 0.027083
0 0.398438 0.245833 0.023958 0.045833
0 0.907292 0.479167 0.037500 0.041667
0 0.637500 0.704688 0.045833 0.034375
0 0.706250 0.222396 0.039583 0.036458
0 0.466667 0.905729 0.054167 0.038542
0 0.814583 0.818229 0.031250 0.053125
0 0.457292 0.827083 0.041667 0.039583
0 0.556250 0.852083 0.050000 0.031250
0 0.933333 0.779167 0.033333 0.043750
0 0.643229 0.136979 0.030208 0.044792
0 0.330208 0.359375 0.035417 0.037500
0 0.253125 0.582292 0.031250 0.050000
0 0.292708 0.537500 0.035417 0.043750
0 0.845313 0.730208 0.030208 0.043750
0 0.797917 0.127604 0.050000 0.053125
0 0.500521 0.313542 0.032292 0.039583
0 0.124479 0.444271 0.042708 0.023958
0 0.250000 0.961979 0.037500 0.038542
0 0.705729 0.330729 0.030208 0.048958
0 0.406250 0.259896 0.043750 0.040625
0 0.927083 0.464062 0.045833 0.026042
0 0.842708 0.241146 0.039583 0.036458
0 0.195833 0.410417 0.047917 0.035417
0 0.681250 0.336979 0.047917 0.028125
0 0.263021 0.502604 0.044792 0.051042
0 0.874479 0.420312 0.028125 0.040625
0 0.208854 0.172917 0.036458 0.022917
0 0.714063 0.671875 0.053125 0.043750
0 0.846875 0.650521 0.033333 0.040625
0 0.517188 0.564583 0.053125 0.045833
0 0.870833 0.951042 0.052083 0.045833
0 0.877083 0.166667 0.033333 0.037500
0 0.191146 0.525521 0.042708 0.055208
0 0.183333 0.719792 0.020833 0.035417
0 0.400000 0.092188 0.039583 0.034375
0 0.265625 0.916146 0.041667 0.055208
0 0.265104 0.297917 0.023958 0.041667
0 0.496354 0.744271 0.051042 0.053125
0 0.851562 0.678125 0.042708 0.041667
0 0.799479 0.236979 0.034375 0.040625
0 0.605208 0.103125 0.041667 0.039583
0 0.256250 0.618229 0.047917 0.032292
0 0.535937 0.804167 0.021875 0.043750
0 0.286458 0.477083 0.043750 0.025000
0 0.317708 0.429167 0.037500 0.025000
0 0.474479 0.114583 0.040625 0.047917
0 0.356250 0.213021 0.047917 0.046875
0 0.356771 0.267708 0.038542 0.033333
0 0.264062 0.305729 0.055208 0.051042
0 0.892708 0.936979 0.045833 0.034375
0 0.595833 0.423958 0.025000 0.043750
0 0.350000 0.192188 0.045833 0.028125
0 0.656250 0.823438 0.050000 0.040625
0 0.386458 0.134896 0.031250 0.044792
0 0.334896 0.850000 0.023958 0.041667
0 0.469792 0.805208 0.047917 0.050000
0 0.435937 0.917708 0.036458 0.022917
0 0.462500 0.904687 0.035417 0.048958
0 0.700521 0.643750 0.030208 0.047917
0 0.129688 0.698958 0.038542 0.043750
0 0.817187 0.795312 0.028125 0.044792
0 0.561979 0.096875 0.034375 0.052083
0 0.554167 0.505208 0.052083 0.043750
0 0.505729 0.665104 0.055208 0.042708
0 0.806250 0.869271 0.045833 0.032292
0 0.165104 0.426563 0.046875 0.038542
0 0.827083 0.933333 0.027083 0.037500
0 0.650521 0.425521 0.051042 0.030208
0 0.646875 0.739062 0.039583 0.034375
0 0.561458 0.257812 0.029167 0.040625
0 0.556250 0.802083 0.045833 0.029167
0 0.894792 0.206771 0.039583 0.030208
0 0.196875 0.564583 0.047917 0.041667
0 0.122396 0.371354 0.053125 0.053125
0 0.477604 0.760417 0.048958 0.037500
0 0.604167 0.107292 0.045833 0.043750
0 0.321354 0.962500 0.028125 0.050000
0 0.252604 0.540104 0.028125 0.040625
0 0.373437 0.934375 0.051042 0.033333
0 0.220833 0.443750 0.037500 0.029167
0 0.689063 0.088542 0.038542 0.022917
0 0.085417 0.276562 0.025000 0.038542
0 0.242708 0.613542 0.029167 0.045833
0 0.500521 0.803646 0.044792 0.032292
0 0.483333 0.188542 0.039583 0.047917
0 0.488542 0.780729 0.037500 0.038542
0 0.278125 0.089063 0.047917 0.046875
0 0.850521 0.244271 0.046875 0.048958
0 0.806771 0.653646 0.055208 0.046875
0 0.137500 0.215625 0.025000 0.037500
0 0.129167 0.600521 0.037500 0.053125
0 0.465104 0.800521 0.038542 0.021875
0 0.851562 0.089583 0.040625 0.047917
0 0.404687 0.253646 0.021875 0.038542
0 0.868750 0.962500 0.052083 0.037500
0 0.673438 0.118229 0.044792 0.032292
0 0.629687 0.245833 0.046875 0.043750
0 0.566667 0.435937 0.045833 0.048958
0 0.432812 0.266667 0.026042 0.045833
0 0.666146 0.331250 0.038542 0.033333
0 0.270833 0.227604 0.037500 0.040625
0 0.445312 0.629167 0.048958 0.035417
0 0.375521 0.367708 0.051042 0.033333
0 0.621354 0.773958 0.040625 0.020833