0 0.397396 0.905208 0.034375 0.016667
0 0.110417 0.208333 0.052083 0.043750
0 0.701042 0.858854 0.029167 0.040625
0 0.730208 0.236458 0.027083 0.047917
0 0.894271 0.147917 0.036458 0.052083
0 0.369271 0.646354 0.053125 0.032292
0 0.281771 0.622917 0.042708 0.025000
0 0.631250 0.920312 0.047917 0.028125
0 0.828646 0.339583 0.051042 0.047917
0 0.819271 0.678646 0.036458 0.040625
0 0.847396 0.780729 0.046875 0.055208
0 0.798958 0.519271 0.052083 0.032292
0 0.141146 0.794792 0.026042 0.037500
0 0.376563 0.583333 0.046875 0.029167
0 0.704167 0.331250 0.045833 0.043750
0 0.471354 0.134896 0.044792 0.055208
0 0.699479 0.932813 0.046875 0.023958
0 0.400000 0.386458 0.045833 0.045833
0 0.942187 0.576562 0.038542 0.021875
0 0.325000 0.479687 0.037500 0.021875
0 0.952083 0.810937 0.054167 0.051042
0 0.445312 0.248438 0.044792 0.028125
0 0.094271 0.534896 0.019792 0.038542
0 0.197396 0.470313 0.038542 0.051042
0 0.162500 0.123958 0.025000 0.047917
0 0.260937 0.634375 0.053125 0.047917
0 0.795833 0.489583 0.027083 0.043750
0 0.941667 0.257812 0.054167 0.048958
0 0.103125 0.201563 0.054167 0.048958
0 0.475521 0.461979 0.034375 0.046875
0 0.205729 0.941146 0.046875 0.026042
0 0.477604 0.432292 0.034375 0.039583
0 0.955208 0.615625 0.052083 0.043750
0 0.845313 0.104688 0.038542 0.046875
0 0.550000 0.309896 0.054167 0.042708
0 0.518750 0.629687 0.035417 0.053125
0 0.198958 0.408854 0.043750 0.030208
0 0.401042 0.273958 0.047917 0.027083
0 0.580729 0.183333 0.023958 0.041667
0 0.911458 0.271354 0.029167 0.051042
0 0.953125 0.815625 0.035417 0.037500
0 0.798438 0.545833 0.034375 0.052083
0 0.917188 0.143750 0.053125 0.037500
0 0.639062 0.622917 0.044792 0.054167
0 0.542708 0.290104 0.050000 0.036458
0 0.803125 0.506250 0.041667 0.025000
0 0.281250 0.389583 0.037500 0.041667
0 0.896354 0.216667 0.048958 0.039583
0 0.572917 0.284375 0.050000 0.033333
0 0.156250 0.381771 0.039583 0.038542
0 0.719792 0.613542 0.041667 0.037500
0 0.590625 0.620833 0.047917 0.041667
0 0.915104 0.849479 0.044792 0.051042
0 0.401042 0.250000 0.045833 0.043750
0 0.583333 0.768750 0.050000 0.029167
0 0.194792 0.118229 0.054167 0.040625
0 0.802083 0.607292 0.039583 0.052083
0 0.096875 0.276562 0.033333 0.044792
0 0.957812 0.314063 0.036458 0.040625
0 0.448958 0.421354 0.043750 0.030208
0 0.232813 0.427083 0.038542 0.033333
0 0.227604 0.503646 0.051042 0.044792
0 0.257292 0.444271 0.037500 0.048958
0 0.756250 0.332813 0.045833 0.036458
0 0.424479 0.925521 0.044792 0.026042
0 0.327604 0.769271 0.038542 0.046875
0 0.653125 0.801562 0.033333 0.044792
0 0.697396 0.520833 0.046875 0.029167
0 0.117188 0.670312 0.055208 0.038542
0 0.080208 0.535417 0.041667 0.037500
0 0.576042 0.853125 0.041667 0.047917
0 0.649479 0.233333 0.030208 0.047917
0 0.945833 0.727604 0.050000 0.028125
0 0.595313 0.891667 0.046875 0.045833
0 0.228646 0.377604 0.021875 0.038542
0 0.301042 0.543229 0.047917 0.032292
0 0.835417 0.309896 0.033333 0.044792
0 0.786458 0.566146 0.050000 0.042708
0 0.564063 0.474479 0.051042 0.034375
0 0.265625 0.847396 0.050000 0.044792
0 0.770833 0.307292 0.041667 0.047917
0 0.580729 0.551042 0.048958 0.035417
0 0.644792 0.766146 0.043750 0.030208
0 0.371354 0.347917 0.040625 0.047917
0 0.894792 0.950521 0.050000 0.044792
0 0.300521 0.763021 0.053125 0.034375
0 0.665104 0.417708 0.030208 0.039583
0 0.067708 0.279687 0.027083 0.048958
0 0.969792 0.227083 0.047917 0.027083
0 0.894271 0.308854 0.023958 0.046875
0 0.908333 0.861979 0.054167 0.042708
0 0.159375 0.601562 0.054167 0.040625
0 0.268229 0.491146 0.026042 0.051042
0 0.506250 0.551042 0.035417 0.037500
0 0.412500 0.866667 0.039583 0.041667
0 0.415104 0.283333 0.051042 0.029167
0 0.235937 0.922917 0.048958 0.041667
0 0.816146 0.913542 0.044792 0.033333
0 0.416146 0.563021 0.046875 0.036458
0 0.694792 0.633333 0.052083 0.045833
0 0.388021 0.325000 0.038542 0.025000
0 0.096354 0.134375 0.026042 0.050000
0 0.228646 0.253646 0.055208 0.036458
0 0.941667 0.928125 0.035417 0.037500
0 0.300521 0.643229 0.038542 0.051042
0 0.085417 0.408333 0.052083 0.035417
0 0.399479 0.086458 0.051042 0.033333
0 0.758333 0.425521 0.027083 0.038542
0 0.575521 0.075521 0.030208 0.044792
0 0.519271 0.864583 0.044792 0.037500
0 0.520312 0.587500 0.044792 0.052083
0 0.288021 0.753125 0.034375 0.039583
0 0.163542 0.621875 0.039583 0.047917
0 0.657292 0.328125 0.037500 0.035417
0 0.945833 0.316667 0.052083 0.035417
0 0.736979 0.246875 0.034375 0.039583
0 0.768750 0.904687 0.035417 0.044792
0 0.553646 0.235937 0.040625 0.055208
0 0.438021 0.477604 0.048958 0.046875
0 0.523958 0.723437 0.039583 0.023958
0 0.246354 0.608333 0.042708 0.041667
0 0.749479 0.203646 0.055208 0.040625
0 0.690625 0.692187 0.041667 0.021875
0 0.247917 0.488542 0.043750 0.045833
0 0.130729 0.891667 0.021875 0.037500
0 0.141146 0.817708 0.034375 0.052083
0 0.300000 0.827083 0.047917 0.035417
0 0.743229 0.196354 0.046875 0.038542
0 0.845833 0.336458 0.039583 0.041667
0 0.811458 0.156771 0.050000 0.026042
0 0.756771 0.561458 0.046875 0.045833
0 0.432812 0.801562 0.019792 0.038542
0 0.409896 0.614583 0.053125 0.043750
0 0.154688 0.865104 0.051042 0.040625
0 0.963021 0.811979 0.053125 0.053125
0 0.670833 0.435937 0.045833 0.023958
0 0.472917 0.850521 0.025000 0.042708
0 0.236458 0.105208 0.022917 0.043750
0 0.378646 0.820833 0.042708 0.029167
0 0.511979 0.741146 0.038542 0.046875
0 0.545833 0.239063 0.050000 0.038542
0 0.245312 0.288542 0.046875 0.029167
0 0.808333 0.406250 0.050000 0.047917
0 0.508854 0.391667 0.019792 0.039583
0 0.875000 0.872396 0.039583 0.023958
0 0.400000 0.658854 0.043750 0.040625
0 0.866667 0.569792 0.035417 0.043750
0 0.782813 0.801042 0.021875 0.037500
0 0.848437 0.254167 0.026042 0.041667
0 0.583854 0.471875 0.038542 0.018750
0 0.947917 0.165104 0.050000 0.038542
0 0.555208 0.547396 0.054167 0.042708
0 0.550521 0.439583 0.036458 0.037500
0 0.395833 0.922917 0.025000 0.037500
0 0.652083 0.682813 0.043750 0.042708
0 0.898438 0.273958 0.046875 0.052083
0 0.470833 0.554688 0.054167 0.048958
0 0.549479 0.338542 0.038542 0.033333
0 0.417708 0.722396 0.031250 0.053125
0 0.594271 0.708854 0.055208 0.048958
0 0.590625 0.373958 0.050000 0.031250
0 0.745313 0.720313 0.040625 0.028125
0 0.152604 0.721875 0.044792 0.035417
0 0.206250 0.160938 0.052083 0.051042
0 0.142708 0.676562 0.054167 0.038542
0 0.128646 0.376042 0.019792 0.037500
0 0.250000 0.072917 0.047917 0.033333
0 0.579167 0.771875 0.052083 0.039583
0 0.592708 0.846354 0.022917 0.040625
0 0.110937 0.633333 0.036458 0.020833
0 0.231771 0.845313 0.046875 0.040625
0 0.507812 0.802604 0.042708 0.051042
0 0.086979 0.344271 0.023958 0.042708
0 0.758854 0.550521 0.053125 0.032292
0 0.253646 0.554167 0.038542 0.043750
0 0.797917 0.319792 0.037500 0.035417
0 0.522396 0.572917 0.051042 0.047917
0 0.651042 0.341146 0.039583 0.038542
0 0.273958 0.305208 0.018750 0.035417
0 0.277083 0.286458 0.052083 0.035417
0 0.076563 0.909896 0.021875 0.042708
0 0.637500 0.135937 0.035417 0.048958
0 0.464062 0.071354 0.040625 0.036458
0 0.120833 0.131250 0.022917 0.037500
0 0.424479 0.832292 0.044792 0.045833
0 0.891667 0.084896 0.054167 0.038542
0 0.955208 0.864062 0.025000 0.042708
0 0.447396 0.589583 0.040625 0.054167
0 0.950521 0.434375 0.044792 0.025000
0 0.507292 0.928125 0.052083 0.035417
0 0.244792 0.380208 0.027083 0.041667
0 0.085938 0.128125 0.051042 0.029167
0 0.888542 0.659375 0.035417 0.020833
0 0.339583 0.545312 0.047917 0.023958
0 0.273958 0.176563 0.045833 0.034375
0 0.166667 0.282813 0.025000 0.038542
0 0.125000 0.203646 0.054167 0.036458
0 0.517708 0.831250 0.022917 0.039583
0 0.403125 0.338542 0.020833 0.041667
0 0.202604 0.657292 0.044792 0.052083
0 0.297917 0.432812 0.037500 0.048958
0 0.650000 0.085417 0.022917 0.037500
0 0.531250 0.364063 0.054167 0.046875
0 0.372917 0.746875 0.041667 0.041667
0 0.951562 0.610938 0.028125 0.048958
0 0.922396 0.504687 0.026042 0.046875
0 0.789062 0.426563 0.053125 0.034375
0 0.117188 0.901042 0.040625 0.041667
0 0.717708 0.934375 0.047917 0.041667
0 0.626563 0.610417 0.048958 0.027083
0 0.345313 0.184375 0.042708 0.039583
0 0.896875 0.166146 0.050000 0.026042
0 0.435937 0.626042 0.023958 0.047917
0 0.615104 0.540104 0.040625 0.038542
0 0.208333 0.769271 0.033333 0.044792
0 0.176042 0.793229 0.020833 0.038542
0 0.845833 0.600521 0.037500 0.048958
0 0.211458 0.645833 0.047917 0.037500
0 0.114583 0.678125 0.041667 0.025000
0 0.569792 0.344271 0.037500 0.044792
0 0.363542 0.925000 0.037500 0.047917
0 0.270833 0.228646 0.043750 0.055208
0 0.452083 0.590625 0.025000 0.043750
0 0.665104 0.404167 0.044792 0.047917
0 0.598437 0.558333 0.051042 0.031250
0 0.348438 0.414583 0.021875 0.043750
0 0.319792 0.185938 0.039583 0.030208
0 0.822396 0.920833 0.051042 0.033333
0 0.933854 0.508854 0.046875 0.034375
0 0.248958 0.422917 0.029167 0.041667
0 0.570312 0.792708 0.044792 0.047917
0 0.095312 0.506250 0.038542 0.035417
0 0.291667 0.419792 0.052083 0.035417
0 0.202083 0.421875 0.035417 0.037500
0 0.311979 0.764583 0.046875 0.031250
0 0.777604 0.408333 0.023958 0.047917
0 0.792708 0.259375 0.029167 0.045833
0 0.866667 0.715104 0.039583 0.032292
0 0.779687 0.756771 0.055208 0.036458
0 0.337500 0.261458 0.045833 0.045833
0 0.413021 0.108854 0.044792 0.044792
0 0.832292 0.936458 0.035417 0.020833
0 0.365104 0.200000 0.046875 0.045833
0 0.956250 0.750521 0.050000 0.034375
0 0.328125 0.207292 0.039583 0.041667
0 0.336458 0.503646 0.031250 0.044792
0 0.842187 0.677083 0.023958 0.043750
0 0.556771 0.375000 0.048958 0.035417
0 0.921875 0.370312 0.037500 0.021875
0 0.205208 0.165625 0.041667 0.047917
0 0.936979 0.690104 0.032292 0.040625
0 0.669792 0.384375 0.039583 0.052083
0 0.481771 0.753646 0.021875 0.038542
0 0.733333 0.123438 0.045833 0.038542
0 0.269271 0.797917 0.038542 0.033333
0 0.350000 0.801562 0.033333 0.040625
0 0.590625 0.713021 0.054167 0.042708
0 0.422917 0.175521 0.052083 0.034375
0 0.074479 0.908854 0.040625 0.032292
0 0.880729 0.644271 0.055208 0.040625
0 0.096354 0.907292 0.030208 0.050000
0 0.196875 0.925521 0.035417 0.053125
0 0.085938 0.923438 0.038542 0.023958
0 0.500521 0.194271 0.040625 0.034375
0 0.291146 0.278125 0.036458 0.052083
0 0.757812 0.184896 0.053125 0.030208
0 0.533333 0.891667 0.035417 0.043750
0 0.470833 0.797917 0.039583 0.020833
0 0.266667 0.375000 0.050000 0.047917
0 0.669792 0.164583 0.035417 0.037500
0 0.501042 0.861458 0.050000 0.047917
0 0.320833 0.881250 0.047917 0.039583
0 0.781250 0.220833 0.037500 0.052083
0 0.115625 0.176042 0.033333 0.037500
0 0.614583 0.904167 0.022917 0.037500
0 0.563021 0.400000 0.038542 0.033333
0 0.671354 0.333333 0.053125 0.041667
0 0.773438 0.807813 0.038542 0.046875
0 0.935417 0.078646 0.035417 0.044792
0 0.093750 0.072917 0.033333 0.037500
0 0.815625 0.184375 0.052083 0.037500
0 0.697396 0.689583 0.044792 0.047917
0 0.254167 0.238542 0.031250 0.041667
0 0.364063 0.906771 0.034375 0.040625
0 0.807813 0.136458 0.026042 0.041667
0 0.432292 0.561979 0.045833 0.048958
0 0.498958 0.635417 0.039583 0.041667
0 0.402604 0.551042 0.053125 0.047917
0 0.486979 0.532292 0.023958 0.041667
0 0.563021 0.503125 0.028125 0.050000
0 0.834375 0.071875 0.045833 0.029167
0 0.230208 0.621354 0.037500 0.038542
0 0.841667 0.592187 0.035417 0.044792
0 0.527083 0.903646 0.050000 0.036458
0 0.658333 0.949479 0.041667 0.048958
0 0.510938 0.785417 0.032292 0.047917
0 0.077604 0.297917 0.042708 0.041667
0 0.224479 0.339062 0.044792 0.032292
0 0.897917 0.804167 0.035417 0.047917
0 0.769792 0.903125 0.050000 0.047917
0 0.391146 0.105208 0.053125 0.041667
0 0.623958 0.894271 0.037500 0.038542
0 0.958333 0.668229 0.041667 0.048958
0 0.589063 0.688542 0.053125 0.037500
0 0.693750 0.785937 0.031250 0.040625
0 0.764062 0.896354 0.044792 0.028125
0 0.170313 0.901042 0.044792 0.022917
0 0.533854 0.296875 0.042708 0.037500
0 0.539583 0.230208 0.039583 0.041667
0 0.175521 0.844271 0.046875 0.038542
0 0.119792 0.760938 0.027083 0.040625
0 0.541146 0.714063 0.040625 0.026042
0 0.288542 0.667708 0.052083 0.043750
0 0.697396 0.641146 0.032292 0.040625
0 0.753125 0.955208 0.037500 0.035417
0 0.085938 0.941667 0.044792 0.047917
0 0.906771 0.636458 0.053125 0.037500
0 0.320312 0.499479 0.046875 0.048958
0 0.365104 0.663542 0.028125 0.043750
0 0.519271 0.103125 0.048958 0.041667
0 0.615625 0.417708 0.031250 0.045833
0 0.484896 0.413542 0.028125 0.050000
0 0.071354 0.132292 0.023958 0.037500
0 0.687500 0.954167 0.029167 0.045833
0 0.269792 0.814063 0.041667 0.048958
0 0.278646 0.290625 0.048958 0.039583
0 0.252083 0.856250 0.047917 0.033333
0 0.551562 0.312500 0.044792 0.027083
0 0.957292 0.297917 0.047917 0.037500
0 0.720313 0.204687 0.032292 0.048958
0 0.918229 0.110417 0.038542 0.031250
0 0.483854 0.957812 0.026042 0.046875
0 0.807813 0.456250 0.044792 0.035417
0 0.190104 0.244792 0.034375 0.047917
0 0.855729 0.914583 0.026042 0.041667
0 0.206250 0.267708 0.033333 0.043750
0 0.939063 0.465104 0.046875 0.036458
0 0.323437 0.790625 0.038542 0.025000
0 0.737500 0.380729 0.033333 0.053125
0 0.967187 0.261458 0.053125 0.047917
0 0.522917 0.724479 0.039583 0.048958
0 0.663542 0.402604 0.047917 0.048958
0 0.543750 0.538021 0.039583 0.036458
0 0.783854 0.877083 0.034375 0.052083
0 0.481771 0.900521 0.030208 0.044792
0 0.643750 0.131250 0.043750 0.035417
0 0.269792 0.266146 0.041667 0.023958
0 0.903646 0.355208 0.023958 0.037500
0 0.883854 0.829688 0.023958 0.046875
0 0.440104 0.437500 0.038542 0.043750
0 0.348438 0.396875 0.046875 0.052083
0 0.625000 0.310937 0.039583 0.048958
0 0.267188 0.673958 0.040625 0.041667
0 0.653125 0.226042 0.043750 0.052083
0 0.163021 0.568750 0.042708 0.037500
0 0.230208 0.732812 0.039583 0.028125
0 0.929167 0.615104 0.045833 0.048958
0 0.133333 0.590104 0.039583 0.034375
0 0.248958 0.409896 0.043750 0.042708
0 0.203646 0.654167 0.048958 0.039583
0 0.204167 0.532292 0.047917 0.041667
0 0.826042 0.337500 0.035417 0.043750
0 0.386979 0.639062 0.040625 0.034375
0 0.918229 0.792188 0.028125 0.040625
0 0.390625 0.511458 0.045833 0.029167
0 0.669271 0.613021 0.051042 0.034375
0 0.583333 0.539583 0.031250 0.050000
0 0.835938 0.847917 0.021875 0.043750
0 0.139583 0.134375 0.043750 0.033333
0 0.575000 0.345313 0.025000 0.038542
0 0.895833 0.268229 0.050000 0.028125
0 0.625000 0.743229 0.039583 0.032292
0 0.433854 0.416667 0.038542 0.043750
0 0.179167 0.078125 0.033333 0.037500
0 0.542188 0.751563 0.040625 0.030208
0 0.879167 0.934375 0.033333 0.043750
0 0.251042 0.959375 0.027083 0.037500
0 0.934896 0.857292 0.038542 0.043750
0 0.221354 0.648958 0.053125 0.039583
0 0.686979 0.706771 0.044792 0.040625
0 0.341667 0.757292 0.047917 0.027083
0 0.378125 0.695833 0.029167 0.045833
0 0.297396 0.864062 0.023958 0.040625
0 0.891146 0.170313 0.044792 0.040625
0 0.881771 0.650000 0.046875 0.043750
0 0.897917 0.314063 0.029167 0.044792
0 0.514062 0.633854 0.040625 0.044792
0 0.579688 0.725521 0.042708 0.055208
0 0.803125 0.267188 0.054167 0.040625
0 0.677083 0.511458 0.018750 0.037500
0 0.327083 0.951042 0.037500 0.035417
0 0.344271 0.690104 0.048958 0.055208
0 0.091667 0.484896 0.050000 0.026042
0 0.119271 0.909375 0.042708 0.054167
0 0.117188 0.342187 0.048958 0.046875
0 0.172917 0.491667 0.052083 0.047917
0 0.108854 0.790625 0.038542 0.031250
0 0.234375 0.686458 0.035417 0.037500
0 0.423438 0.547396 0.055208 0.044792
0 0.092708 0.407292 0.037500 0.025000
0 0.166146 0.385417 0.034375 0.047917
0 0.081250 0.863542 0.050000 0.029167
0 0.470313 0.388021 0.046875 0.023958
0 0.454688 0.215625 0.036458 0.043750
0 0.382292 0.694792 0.020833 0.035417
0 0.450000 0.892188 0.039583 0.032292
0 0.344792 0.561979 0.045833 0.023958
0 0.760417 0.430729 0.043750 0.048958
0 0.299479 0.496354 0.021875 0.042708
0 0.194792 0.574479 0.039583 0.044792
0 0.969792 0.918229 0.052083 0.032292
0 0.654167 0.184896 0.029167 0.044792
0 0.770833 0.506250 0.043750 0.052083
0 0.573438 0.501563 0.038542 0.038542
0 0.394792 0.276562 0.037500 0.040625
0 0.687500 0.946354 0.037500 0.053125
0 0.917188 0.277604 0.046875 0.026042
0 0.916667 0.592708 0.025000 0.041667
0 0.314583 0.880729 0.054167 0.048958
0 0.527604 0.644792 0.053125 0.039583
0 0.913021 0.921875 0.042708 0.039583
0 0.854688 0.165625 0.038542 0.022917
0 0.535937 0.540625 0.051042 0.050000
0 0.334896 0.433854 0.036458 0.046875
0 0.591667 0.748437 0.043750 0.055208
0 0.116667 0.525521 0.041667 0.023958
0 0.264062 0.487500 0.019792 0.039583
0 0.842187 0.877604 0.055208 0.046875
0 0.726562 0.927604 0.055208 0.048958
0 0.715104 0.557292 0.021875 0.037500
0 0.266667 0.072917 0.039583 0.020833
0 0.133333 0.666146 0.033333 0.040625
0 0.304167 0.147396 0.033333 0.053125
0 0.410938 0.101042 0.036458 0.052083
0 0.301563 0.939583 0.048958 0.052083
0 0.082292 0.073958 0.041667 0.029167
0 0.085938 0.597396 0.051042 0.030208
0 0.630208 0.611979 0.039583 0.023958
0 0.713542 0.764583 0.052083 0.041667
0 0.897396 0.245312 0.040625 0.026042
0 0.761458 0.958854 0.035417 0.048958
0 0.096354 0.963021 0.046875 0.034375
0 0.303125 0.398958 0.035417 0.047917
0 0.201563 0.476562 0.051042 0.034375
0 0.910937 0.335938 0.055208 0.046875
0 0.161458 0.133854 0.027083 0.042708
0 0.931771 0.501563 0.042708 0.023958
0 0.928125 0.860417 0.052083 0.041667
0 0.220833 0.145313 0.037500 0.040625
0 0.269792 0.685937 0.052083 0.030208
0 0.529167 0.329167 0.031250 0.050000
0 0.834896 0.501563 0.040625 0.036458
0 0.882292 0.441667 0.029167 0.041667
0 0.320312 0.589583 0.051042 0.050000
0 0.682813 0.281250 0.026042 0.037500
0 0.589063 0.702083 0.048958 0.041667
0 0.304688 0.110417 0.048958 0.052083
0 0.603125 0.709896 0.041667 0.032292
0 0.854167 0.790104 0.041667 0.021875
0 0.880208 0.473438 0.054167 0.048958
0 0.510938 0.405729 0.038542 0.046875
0 0.754167 0.424479 0.033333 0.040625
0 0.533333 0.706250 0.043750 0.045833
0 0.722396 0.340625 0.026042 0.045833
0 0.575521 0.213542 0.036458 0.052083
0 0.375000 0.677083 0.029167 0.041667
0 0.732292 0.626042 0.037500 0.052083
0 0.946875 0.131250 0.027083 0.043750
0 0.511458 0.658854 0.035417 0.040625
0 0.611979 0.610417 0.038542 0.043750
0 0.446875 0.275521 0.039583 0.030208
0 0.363542 0.791146 0.029167 0.044792
0 0.509375 0.614062 0.039583 0.055208
0 0.883854 0.931250 0.048958 0.041667
0 0.500521 0.584375 0.042708 0.037500
0 0.897917 0.301563 0.043750 0.055208
0 0.643750 0.540625 0.052083 0.047917
0 0.892708 0.365625 0.050000 0.050000
0 0.219792 0.790104 0.047917 0.046875
0 0.138542 0.459375 0.035417 0.052083
0 0.110937 0.331250 0.034375 0.039583
0 0.836979 0.443750 0.048958 0.052083
0 0.557813 0.293750 0.038542 0.037500
0 0.911458 0.872917 0.037500 0.035417
0 0.894792 0.346875 0.043750 0.035417
0 0.160417 0.940625 0.052083 0.039583
0 0.876042 0.954688 0.037500 0.044792
0 0.133854 0.081771 0.042708 0.051042
0 0.788021 0.891667 0.038542 0.043750
0 0.636979 0.951562 0.040625 0.026042
0 0.623437 0.482292 0.030208 0.050000
0 0.768229 0.181250 0.048958 0.037500
0 0.255729 0.633854 0.032292 0.053125
0 0.863542 0.619271 0.043750 0.030208
0 0.716146 0.956771 0.032292 0.040625
0 0.405729 0.225000 0.048958 0.037500
0 0.538021 0.602083 0.042708 0.039583
0 0.455208 0.206250 0.035417 0.020833
0 0.632292 0.845313 0.027083 0.040625
0 0.173437 0.721354 0.046875 0.048958
0 0.371354 0.528125 0.032292 0.043750
0 0.540625 0.484375 0.037500 0.052083
0 0.641667 0.315625 0.025000 0.037500
0 0.844271 0.633333 0.021875 0.037500
0 0.422917 0.917708 0.037500 0.033333
0 0.122917 0.628646 0.050000 0.034375
0 0.560417 0.699479 0.054167 0.042708
0 0.796354 0.256771 0.046875 0.026042
0 0.878646 0.326042 0.040625 0.025000
0 0.155729 0.252604 0.048958 0.046875
0 0.149479 0.441146 0.044792 0.021875
0 0.433854 0.403646 0.021875 0.042708
0 0.254688 0.143229 0.053125 0.034375
0 0.158333 0.226042 0.043750 0.035417
0 0.218229 0.765104 0.034375 0.053125
0 0.634896 0.826562 0.038542 0.046875
0 0.870313 0.965104 0.044792 0.055208
0 0.190104 0.715104 0.046875 0.032292
0 0.839063 0.495833 0.032292 0.052083
0 0.485417 0.643750 0.050000 0.029167
0 0.768229 0.754167 0.026042 0.039583
0 0.264583 0.580729 0.045833 0.034375
0 0.944271 0.431771 0.055208 0.051042
0 0.773958 0.508333 0.047917 0.050000
0 0.205208 0.505729 0.020833 0.038542
0 0.204687 0.764583 0.036458 0.037500
0 0.883333 0.831250 0.045833 0.045833
0 0.345833 0.597396 0.039583 0.036458
0 0.342187 0.940104 0.046875 0.048958
0 0.663542 0.960417 0.035417 0.037500
0 0.807813 0.559896 0.028125 0.044792
0 0.133333 0.618229 0.041667 0.042708
0 0.744792 0.788542 0.045833 0.052083
0 0.108333 0.545312 0.039583 0.023958
0 0.132292 0.838021 0.045833 0.048958
0 0.829167 0.148958 0.039583 0.041667
0 0.573438 0.679167 0.051042 0.050000
0 0.801042 0.185938 0.031250 0.040625
0 0.914062 0.556771 0.019792 0.038542
0 0.813542 0.522396 0.043750 0.028125
0 0.795312 0.229167 0.040625 0.047917
0 0.576042 0.565104 0.043750 0.030208
0 0.954688 0.592187 0.030208 0.040625
0 0.906771 0.860938 0.030208 0.051042
0 0.250000 0.626563 0.041667 0.032292
0 0.672396 0.867708 0.046875 0.027083
0 0.705729 0.884375 0.053125 0.039583
0 0.735938 0.205208 0.023958 0.037500
0 0.601042 0.371875 0.039583 0.025000
0 0.333854 0.673438 0.042708 0.044792
0 0.779687 0.860938 0.053125 0.053125
0 0.884896 0.786458 0.023958 0.037500
0 0.451042 0.824479 0.033333 0.040625
0 0.684375 0.832812 0.035417 0.040625
0 0.235417 0.323437 0.041667 0.055208
0 0.469271 0.315104 0.046875 0.055208
0 0.211458 0.947917 0.027083 0.045833
0 0.274479 0.760938 0.034375 0.048958
0 0.229687 0.267708 0.038542 0.047917
0 0.910937 0.842708 0.036458 0.047917
0 0.621875 0.564063 0.054167 0.048958
0 0.613542 0.306771 0.050000 0.042708
0 0.336458 0.334375 0.047917 0.052083
0 0.261458 0.119792 0.039583 0.041667
0 0.637500 0.094792 0.052083 0.047917
0 0.118229 0.455208 0.046875 0.052083
0 0.486458 0.730208 0.039583 0.041667
0 0.727604 0.823958 0.048958 0.033333
0 0.300521 0.251563 0.053125 0.030208