0 0.886979 0.555729 0.044792 0.042708
0 0.439063 0.253646 0.026042 0.040625
0 0.712500 0.838542 0.037500 0.033333
0 0.255208 0.938542 0.020833 0.039583
0 0.738021 0.675000 0.034375 0.039583
0 0.310417 0.196354 0.035417 0.040625
0 0.628125 0.083854 0.031250 0.040625
0 0.306771 0.100000 0.048958 0.035417
0 0.395313 0.115104 0.038542 0.038542
0 0.230208 0.684896 0.047917 0.048958
0 0.335417 0.755729 0.043750 0.026042
0 0.226042 0.619271 0.039583 0.044792
0 0.108333 0.739583 0.041667 0.037500
0 0.266667 0.538542 0.037500 0.035417
0 0.402604 0.190104 0.042708 0.044792
0 0.897396 0.770312 0.040625 0.034375
0 0.482812 0.710938 0.044792 0.055208
0 0.454688 0.657292 0.023958 0.043750
0 0.350000 0.514062 0.037500 0.038542
0 0.478125 0.123438 0.050000 0.044792
0 0.382292 0.670833 0.041667 0.031250
0 0.461979 0.431771 0.046875 0.026042
0 0.435417 0.727604 0.039583 0.048958
0 0.642188 0.452604 0.044792 0.055208
0 0.763542 0.383333 0.052083 0.037500
0 0.620833 0.665104 0.020833 0.038542
0 0.286458 0.485417 0.037500 0.029167
0 0.221875 0.771875 0.039583 0.041667
0 0.611979 0.172396 0.040625 0.036458
0 0.614062 0.848437 0.040625 0.023958
0 0.714063 0.746875 0.053125 0.045833
0 0.443750 0.823438 0.050000 0.034375
0 0.159375 0.245312 0.043750 0.021875
0 0.845313 0.329688 0.051042 0.042708
0 0.493750 0.438021 0.039583 0.044792
0 0.844792 0.219271 0.052083 0.032292
0 0.431250 0.967708 0.043750 0.045833
0 0.242188 0.906771 0.048958 0.048958
0 0.738021 0.730729 0.040625 0.032292
0 0.327604 0.603125 0.048958 0.052083
0 0.751042 0.534375 0.052083 0.033333
0 0.334896 0.381771 0.051042 0.038542
0 0.896875 0.463021 0.050000 0.044792
0 0.919271 0.643750 0.048958 0.033333
0 0.532292 0.485938 0.041667 0.042708
0 0.475521 0.925000 0.028125 0.043750
0 0.329688 0.928646 0.046875 0.048958
0 0.668750 0.634375 0.025000 0.047917
0 0.929688 0.109896 0.032292 0.044792
0 0.773438 0.882812 0.040625 0.032292
0 0.417708 0.914062 0.037500 0.040625
0 0.311458 0.701562 0.033333 0.044792
0 0.186979 0.568229 0.046875 0.023958
0 0.846354 0.145833 0.032292 0.039583
0 0.822917 0.241667 0.045833 0.043750
0 0.711458 0.841667 0.039583 0.052083
0 0.545312 0.596875 0.036458 0.037500
0 0.963021 0.432812 0.055208 0.040625
0 0.762500 0.644792 0.025000 0.037500
0 0.552083 0.612500 0.043750 0.045833
0 0.896875 0.153646 0.052083 0.034375
0 0.853646 0.431250 0.034375 0.039583
0 0.809896 0.202604 0.034375 0.040625
0 0.717187 0.764583 0.036458 0.037500
0 0.297917 0.804688 0.039583 0.038542
0 0.122917 0.933333 0.020833 0.035417
0 0.554688 0.122396 0.046875 0.026042
0 0.818229 0.442188 0.040625 0.028125
0 0.472917 0.827604 0.037500 0.044792
0 0.701042 0.169271 0.052083 0.034375
0 0.556771 0.728646 0.051042 0.036458
0 0.692708 0.544792 0.050000 0.031250
0 0.157812 0.608333 0.042708 0.047917
0 0.511458 0.313542 0.033333 0.043750
0 0.472917 0.392188 0.039583 0.036458
0 0.486979 0.507292 0.028125 0.043750
0 0.254688 0.221875 0.038542 0.031250
0 0.725521 0.886458 0.053125 0.043750
0 0.628646 0.502083 0.038542 0.033333
0 0.153646 0.928646 0.053125 0.051042
0 0.194792 0.109896 0.039583 0.026042
0 0.275521 0.803646 0.044792 0.055208
0 0.869271 0.770312 0.053125 0.034375
0 0.326042 0.391146 0.045833 0.026042
0 0.792188 0.176042 0.046875 0.045833
0 0.475521 0.817708 0.038542 0.029167
0 0.652604 0.826562 0.038542 0.021875
0 0.898438 0.679688 0.026042 0.046875
0 0.197917 0.876042 0.035417 0.043750
0 0.391667 0.740104 0.031250 0.040625
0 0.244792 0.937500 0.043750 0.025000
0 0.959375 0.132812 0.027083 0.040625
0 0.386458 0.220312 0.041667 0.048958
0 0.485417 0.751563 0.054167 0.042708
0 0.534375 0.109375 0.029167 0.041667
0 0.473958 0.300000 0.039583 0.041667
0 0.498958 0.309896 0.020833 0.040625
0 0.624479 0.654167 0.051042 0.047917
0 0.904167 0.358854 0.054167 0.038542
0 0.230729 0.357292 0.040625 0.043750
0 0.220312 0.208854 0.044792 0.051042
0 0.897396 0.753125 0.036458 0.037500
0 0.725000 0.550521 0.045833 0.026042
0 0.739062 0.250521 0.048958 0.030208
0 0.542188 0.675521 0.051042 0.038542
0 0.139583 0.202604 0.052083 0.034375
0 0.659375 0.521875 0.035417 0.037500
0 0.597917 0.307812 0.043750 0.028125
0 0.769792 0.169792 0.033333 0.037500
0 0.906771 0.164583 0.038542 0.027083
0 0.634375 0.472396 0.029167 0.044792
0 0.795833 0.137500 0.027083 0.041667
0 0.339583 0.675000 0.037500 0.025000
0 0.419792 0.227083 0.041667 0.037500
0 0.550521 0.729167 0.036458 0.043750
0 0.723437 0.389583 0.051042 0.033333
0 0.118229 0.412500 0.038542 0.043750
0 0.835938 0.706250 0.038542 0.035417
0 0.264583 0.888542 0.027083 0.037500
0 0.104167 0.294271 0.050000 0.053125
0 0.809896 0.370312 0.040625 0.026042
0 0.683333 0.680208 0.029167 0.041667
0 0.471875 0.501563 0.041667 0.044792
0 0.891146 0.432292 0.046875 0.043750
0 0.957292 0.430208 0.045833 0.029167
0 0.864062 0.744792 0.028125 0.050000
0 0.150521 0.567708 0.048958 0.041667
0 0.629687 0.384375 0.051042 0.050000
0 0.772917 0.093229 0.025000 0.048958
0 0.753646 0.902604 0.048958 0.030208
0 0.752604 0.788021 0.042708 0.044792
0 0.153125 0.352604 0.045833 0.034375
0 0.286979 0.417708 0.032292 0.039583
0 0.370833 0.889583 0.033333 0.037500
0 0.650000 0.697396 0.045833 0.023958
0 0.205208 0.956250 0.039583 0.022917
0 0.717708 0.844271 0.041667 0.021875
0 0.244792 0.834896 0.043750 0.048958
0 0.447917 0.376563 0.020833 0.038542
0 0.504687 0.405208 0.028125 0.050000
0 0.263021 0.261979 0.040625 0.044792
0 0.168750 0.567708 0.037500 0.025000
0 0.353125 0.245833 0.037500 0.052083
0 0.841667 0.835417 0.029167 0.041667
0 0.264583 0.810417 0.052083 0.047917
0 0.896875 0.544792 0.033333 0.047917
0 0.639583 0.088021 0.039583 0.032292
0 0.911458 0.248958 0.043750 0.052083
0 0.917708 0.096875 0.043750 0.045833
0 0.560937 0.293229 0.036458 0.051042
0 0.100521 0.496354 0.028125 0.044792
0 0.081771 0.667708 0.030208 0.050000
0 0.110417 0.092188 0.039583 0.028125
0 0.419792 0.538021 0.045833 0.034375
0 0.962500 0.475000 0.052083 0.035417
0 0.638542 0.070833 0.050000 0.031250
0 0.302604 0.611979 0.040625 0.034375
0 0.310937 0.656771 0.023958 0.040625
0 0.072917 0.739583 0.029167 0.050000
0 0.588021 0.827083 0.017708 0.035417
0 0.674479 0.626042 0.046875 0.027083
0 0.243229 0.494271 0.040625 0.032292
0 0.728125 0.395833 0.041667 0.027083
0 0.386458 0.834896 0.041667 0.044792
0 0.507292 0.186458 0.035417 0.043750
0 0.871875 0.184375 0.039583 0.041667
0 0.120833 0.295833 0.022917 0.043750
0 0.073958 0.916667 0.037500 0.033333
0 0.364583 0.851562 0.031250 0.040625
0 0.943750 0.926042 0.052083 0.035417
0 0.379688 0.819792 0.048958 0.033333
0 0.341146 0.219271 0.040625 0.026042
0 0.967187 0.182292 0.044792 0.022917
0 0.289062 0.273958 0.048958 0.052083
0 0.425521 0.195312 0.044792 0.051042
0 0.585938 0.073438 0.040625 0.034375
0 0.755208 0.931250 0.033333 0.037500
0 0.173437 0.745833 0.036458 0.037500
0 0.204167 0.783854 0.047917 0.028125
0 0.864583 0.318750 0.052083 0.037500
0 0.193229 0.797917 0.053125 0.043750
0 0.419271 0.326042 0.026042 0.039583
0 0.592187 0.399479 0.040625 0.034375
0 0.377604 0.560417 0.030208 0.039583
0 0.766667 0.496875 0.029167 0.037500
0 0.282292 0.738542 0.050000 0.050000
0 0.904687 0.751042 0.038542 0.033333
0 0.777604 0.085938 0.051042 0.040625
0 0.071354 0.102083 0.038542 0.047917
0 0.713542 0.933854 0.043750 0.048958
0 0.601042 0.520833 0.045833 0.031250
0 0.875000 0.383854 0.043750 0.055208
0 0.901042 0.726562 0.054167 0.046875
0 0.568229 0.657292 0.038542 0.029167
0 0.360938 0.593229 0.038542 0.046875
0 0.358854 0.223438 0.048958 0.030208
0 0.103125 0.598958 0.025000 0.037500
0 0.483854 0.366667 0.030208 0.043750
0 0.298438 0.208854 0.055208 0.046875
0 0.382812 0.873958 0.053125 0.037500
0 0.140625 0.777604 0.031250 0.044792
0 0.078646 0.116146 0.038542 0.040625
0 0.222396 0.292708 0.023958 0.037500
0 0.335938 0.343750 0.026042 0.041667
0 0.180729 0.107813 0.044792 0.055208
0 0.283333 0.829688 0.043750 0.042708
0 0.575521 0.694271 0.051042 0.040625
0 0.443750 0.426042 0.035417 0.022917
0 0.117708 0.819792 0.043750 0.027083
0 0.723437 0.200000 0.038542 0.033333
0 0.797396 0.288021 0.028125 0.044792
0 0.087500 0.497917 0.039583 0.020833
0 0.832292 0.428646 0.035417 0.044792
0 0.678646 0.109375 0.040625 0.043750
0 0.432812 0.426042 0.046875 0.029167
0 0.249479 0.639583 0.046875 0.043750
0 0.915625 0.729688 0.020833 0.036458
0 0.304688 0.639062 0.051042 0.038542
0 0.419792 0.736979 0.043750 0.040625
0 0.821354 0.589583 0.038542 0.047917
0 0.353125 0.437500 0.041667 0.037500
0 0.893229 0.790104 0.048958 0.055208
0 0.645312 0.893229 0.030208 0.044792
0 0.775521 0.396354 0.042708 0.021875
0 0.320312 0.358333 0.042708 0.029167
0 0.591667 0.176042 0.047917 0.033333
0 0.522396 0.293229 0.048958 0.055208
0 0.231771 0.854688 0.051042 0.044792
0 0.557292 0.804167 0.045833 0.031250
0 0.722396 0.872396 0.034375 0.053125
0 0.176042 0.241146 0.050000 0.034375
0 0.372396 0.273438 0.046875 0.055208
0 0.244792 0.173437 0.037500 0.021875
0 0.393229 0.913021 0.051042 0.034375
0 0.822917 0.308854 0.035417 0.044792
0 0.872396 0.449479 0.034375 0.046875
0 0.850000 0.888542 0.035417 0.037500
0 0.607812 0.084375 0.042708 0.020833
0 0.840625 0.249479 0.054167 0.036458
0 0.085417 0.129167 0.029167 0.050000
0 0.175000 0.335417 0.047917 0.037500
0 0.723437 0.185417 0.040625 0.054167
0 0.795312 0.340625 0.038542 0.018750
0 0.346354 0.863021 0.055208 0.044792
0 0.232813 0.926562 0.036458 0.040625
0 0.941146 0.109896 0.030208 0.040625
0 0.344271 0.437500 0.036458 0.047917
0 0.708854 0.585417 0.044792 0.033333
0 0.195833 0.842187 0.035417 0.040625
0 0.296354 0.189062 0.046875 0.038542
0 0.422917 0.767708 0.052083 0.043750
0 0.761979 0.491146 0.038542 0.040625
0 0.130208 0.189062 0.050000 0.038542
0 0.375000 0.756250 0.029167 0.037500
0 0.318750 0.709375 0.029167 0.050000
0 0.329688 0.388542 0.046875 0.031250
0 0.491146 0.732292 0.046875 0.031250
0 0.475000 0.946354 0.041667 0.044792
0 0.152604 0.275000 0.028125 0.039583
0 0.664062 0.613542 0.053125 0.041667
0 0.872396 0.352083 0.048958 0.052083
0 0.453646 0.565625 0.044792 0.047917
0 0.275000 0.434896 0.045833 0.034375
0 0.822917 0.908333 0.039583 0.041667
0 0.125000 0.133854 0.039583 0.036458
0 0.190104 0.650521 0.040625 0.026042
0 0.364583 0.887500 0.045833 0.045833
0 0.231771 0.453646 0.038542 0.051042
0 0.418229 0.288021 0.040625 0.036458
0 0.782813 0.245833 0.023958 0.041667
0 0.817187 0.792188 0.032292 0.040625
0 0.178125 0.275521 0.031250 0.040625
0 0.313542 0.448958 0.050000 0.031250
0 0.391667 0.669792 0.041667 0.039583
0 0.694792 0.847396 0.043750 0.055208
0 0.959375 0.451562 0.037500 0.053125
0 0.325000 0.800521 0.052083 0.034375
0 0.753125 0.342187 0.035417 0.040625
0 0.778646 0.444271 0.040625 0.036458
0 0.295312 0.436458 0.034375 0.037500
0 0.896875 0.623437 0.039583 0.034375
0 0.836458 0.181250 0.033333 0.050000
0 0.659375 0.126562 0.039583 0.038542
0 0.637500 0.894792 0.050000 0.050000
0 0.363021 0.955729 0.038542 0.051042
0 0.305208 0.921875 0.052083 0.043750
0 0.951562 0.832292 0.053125 0.039583
0 0.755208 0.430729 0.052083 0.051042
0 0.183854 0.710417 0.032292 0.039583
0 0.663021 0.590625 0.038542 0.047917
0 0.680729 0.796875 0.023958 0.043750
0 0.691146 0.295833 0.017708 0.035417
0 0.119271 0.301042 0.042708 0.047917
0 0.484896 0.914583 0.046875 0.052083
0 0.754167 0.567708 0.020833 0.039583
0 0.146354 0.660417 0.030208 0.039583
0 0.130729 0.463542 0.038542 0.033333
0 0.732812 0.346354 0.044792 0.040625
0 0.619271 0.666667 0.046875 0.043750
0 0.530729 0.841146 0.038542 0.055208
0 0.146354 0.155208 0.026042 0.041667
0 0.510938 0.407292 0.038542 0.043750
0 0.877083 0.325000 0.039583 0.047917
0 0.266667 0.822396 0.054167 0.044792
0 0.968229 0.183333 0.053125 0.035417
0 0.882812 0.802083 0.034375 0.037500
0 0.961979 0.823958 0.038542 0.025000
0 0.344792 0.583854 0.031250 0.040625
0 0.884375 0.654167 0.025000 0.043750
0 0.534375 0.526563 0.050000 0.044792
0 0.647396 0.468229 0.042708 0.044792
0 0.572917 0.929167 0.050000 0.050000
0 0.847917 0.721354 0.052083 0.034375
0 0.356250 0.346875 0.035417 0.037500
0 0.675000 0.650000 0.043750 0.025000
0 0.711458 0.272396 0.037500 0.038542
0 0.153125 0.381771 0.047917 0.032292
0 0.409375 0.853646 0.045833 0.055208
0 0.858854 0.286458 0.038542 0.027083
0 0.453646 0.448958 0.046875 0.052083
0 0.722396 0.482292 0.038542 0.029167
0 0.946354 0.673958 0.036458 0.047917
0 0.960938 0.696354 0.042708 0.051042
0 0.288021 0.138021 0.026042 0.046875
0 0.184375 0.469271 0.035417 0.040625
0 0.715104 0.307292 0.036458 0.022917
0 0.479167 0.206771 0.041667 0.023958
0 0.733854 0.235417 0.053125 0.039583
0 0.597396 0.347396 0.046875 0.036458
0 0.391146 0.725521 0.048958 0.032292
0 0.693750 0.490104 0.027083 0.042708
0 0.890625 0.490625 0.050000 0.031250
0 0.801042 0.390104 0.018750 0.036458
0 0.516146 0.785937 0.046875 0.038542
0 0.228646 0.799479 0.042708 0.044792
0 0.822396 0.813542 0.053125 0.039583
0 0.363021 0.843750 0.038542 0.035417
0 0.768229 0.111979 0.026042 0.051042
0 0.795312 0.225521 0.048958 0.046875
0 0.100521 0.875521 0.046875 0.028125
0 0.579167 0.807813 0.045833 0.036458
0 0.890104 0.410417 0.038542 0.043750
0 0.645833 0.443750 0.025000 0.047917
0 0.845313 0.296354 0.034375 0.051042
0 0.493229 0.531771 0.040625 0.036458
0 0.954688 0.767188 0.051042 0.042708
0 0.173437 0.475000 0.044792 0.035417
0 0.547396 0.734896 0.040625 0.023958
0 0.916667 0.096354 0.054167 0.038542
0 0.440625 0.380729 0.043750 0.055208
0 0.313021 0.099479 0.040625 0.032292
0 0.315104 0.200000 0.032292 0.052083
0 0.481771 0.715625 0.019792 0.039583
0 0.091146 0.884896 0.034375 0.040625
0 0.850521 0.212500 0.046875 0.031250
0 0.838542 0.755729 0.043750 0.055208
0 0.154167 0.364063 0.054167 0.046875
0 0.411458 0.103646 0.043750 0.042708
0 0.503646 0.411979 0.032292 0.040625
0 0.649479 0.652083 0.048958 0.041667
0 0.763542 0.507292 0.033333 0.037500
0 0.753125 0.716146 0.043750 0.028125
0 0.183333 0.083854 0.039583 0.036458
0 0.788542 0.260417 0.037500 0.031250
0 0.531250 0.156250 0.043750 0.033333
0 0.364583 0.851042 0.052083 0.035417
0 0.640625 0.876042 0.050000 0.050000
0 0.289062 0.081771 0.053125 0.030208
0 0.330729 0.830208 0.053125 0.035417
0 0.304167 0.502604 0.039583 0.026042
0 0.594271 0.278646 0.042708 0.023958
0 0.353125 0.854167 0.025000 0.041667
0 0.081771 0.826562 0.023958 0.042708
0 0.492188 0.582812 0.053125 0.032292
0 0.750521 0.539583 0.046875 0.045833
0 0.282292 0.253646 0.020833 0.038542
0 0.503646 0.867188 0.034375 0.040625
0 0.830729 0.393750 0.026042 0.037500
0 0.360417 0.960938 0.037500 0.038542
0 0.602083 0.928646 0.043750 0.048958
0 0.730208 0.629167 0.037500 0.033333
0 0.818229 0.106771 0.044792 0.040625
0 0.841667 0.615625 0.033333 0.045833
0 0.563021 0.310417 0.038542 0.029167
0 0.620833 0.613542 0.041667 0.020833
0 0.381250 0.930208 0.045833 0.052083
0 0.517188 0.583854 0.030208 0.053125
0 0.729167 0.556771 0.029167 0.040625
0 0.785937 0.825521 0.036458 0.051042
0 0.753646 0.447396 0.051042 0.038542
0 0.640104 0.490104 0.055208 0.048958
0 0.171354 0.947917 0.036458 0.037500
0 0.445833 0.173958 0.035417 0.043750
0 0.267188 0.957812 0.042708 0.021875
0 0.438021 0.954167 0.030208 0.039583
0 0.117188 0.512500 0.048958 0.039583
0 0.296354 0.805208 0.028125 0.039583
0 0.785937 0.926562 0.042708 0.023958
0 0.768750 0.618750 0.043750 0.031250
0 0.950521 0.427083 0.042708 0.031250
0 0.494792 0.786979 0.037500 0.021875
0 0.331771 0.859896 0.053125 0.032292
0 0.263542 0.965104 0.045833 0.048958
0 0.198437 0.693750 0.046875 0.029167
0 0.365625 0.426042 0.052083 0.041667
0 0.946354 0.866146 0.048958 0.048958
0 0.902604 0.130208 0.038542 0.043750
0 0.090104 0.505208 0.053125 0.037500
0 0.344792 0.304688 0.050000 0.044792
0 0.531250 0.551042 0.039583 0.041667
0 0.209375 0.596354 0.041667 0.021875
0 0.431250 0.888542 0.047917 0.050000
0 0.451562 0.589583 0.036458 0.018750
0 0.792188 0.953125 0.042708 0.031250
0 0.900000 0.500521 0.035417 0.048958
0 0.805208 0.406250 0.035417 0.043750
0 0.921354 0.503646 0.032292 0.053125
0 0.468750 0.568229 0.031250 0.048958
0 0.360417 0.301563 0.041667 0.042708
0 0.618229 0.282292 0.019792 0.039583
0 0.263542 0.703646 0.027083 0.046875
0 0.902604 0.431771 0.042708 0.051042
0 0.900521 0.465104 0.023958 0.046875
0 0.876563 0.814063 0.038542 0.046875
0 0.910417 0.434375 0.043750 0.045833
0 0.132292 0.867188 0.025000 0.038542
0 0.660937 0.840104 0.028125 0.040625
0 0.684375 0.763542 0.041667 0.037500
0 0.556771 0.694271 0.038542 0.046875
0 0.785417 0.366667 0.047917 0.039583
0 0.224479 0.626563 0.040625 0.038542
0 0.751563 0.144271 0.046875 0.048958
0 0.308333 0.661458 0.037500 0.035417
0 0.795833 0.791667 0.031250 0.050000
0 0.947396 0.729167 0.026042 0.050000
0 0.742188 0.459375 0.051042 0.050000
0 0.937500 0.721354 0.047917 0.032292
0 0.302604 0.221354 0.040625 0.034375
0 0.641146 0.222917 0.053125 0.041667
0 0.254688 0.715625 0.053125 0.039583
0 0.138021 0.385417 0.028125 0.045833
0 0.480208 0.690104 0.020833 0.036458
0 0.270833 0.934896 0.052083 0.030208
0 0.327604 0.715104 0.038542 0.040625
0 0.442708 0.906250 0.039583 0.041667
0 0.175000 0.738542 0.047917 0.041667
0 0.958333 0.198437 0.039583 0.036458
0 0.188542 0.207292 0.020833 0.039583
0 0.647917 0.246875 0.035417 0.047917
0 0.580208 0.289583 0.025000 0.041667
0 0.665104 0.097396 0.038542 0.055208
0 0.443229 0.962500 0.053125 0.037500
0 0.414583 0.551042 0.052083 0.045833
0 0.152604 0.234896 0.053125 0.030208
0 0.147917 0.919271 0.039583 0.026042
0 0.089583 0.685417 0.035417 0.052083
0 0.612500 0.152604 0.050000 0.053125
0 0.372917 0.638021 0.029167 0.046875
0 0.859896 0.764583 0.034375 0.047917
0 0.403646 0.542188 0.021875 0.038542
0 0.317188 0.308333 0.023958 0.041667
0 0.211458 0.414062 0.041667 0.048958
0 0.338021 0.238021 0.046875 0.048958
0 0.468229 0.279167 0.038542 0.043750
0 0.345833 0.631771 0.047917 0.046875
0 0.897396 0.069271 0.046875 0.026042
0 0.123958 0.955208 0.047917 0.037500
0 0.102604 0.185938 0.034375 0.053125
0 0.854167 0.146354 0.047917 0.046875
0 0.872396 0.595313 0.046875 0.023958
0 0.738021 0.964583 0.019792 0.039583
0 0.937500 0.133333 0.016667 0.033333
0 0.235937 0.310937 0.040625 0.051042
0 0.492708 0.172396 0.050000 0.042708
0 0.758854 0.596354 0.044792 0.055208
0 0.854688 0.850521 0.040625 0.030208
0 0.438542 0.348958 0.052083 0.037500
0 0.954167 0.353125 0.041667 0.039583
0 0.300000 0.463021 0.037500 0.023958
0 0.222917 0.860417 0.020833 0.035417
0 0.487500 0.426042 0.022917 0.039583
0 0.674479 0.486979 0.055208 0.044792
0 0.161458 0.766146 0.043750 0.040625
0 0.197917 0.078646 0.031250 0.040625
0 0.186979 0.900000 0.048958 0.041667
0 0.747396 0.250521 0.044792 0.042708
0 0.525521 0.934375 0.036458 0.047917
0 0.582812 0.507812 0.028125 0.040625
0 0.101562 0.355729 0.046875 0.055208
0 0.621875 0.868229 0.047917 0.046875
0 0.829688 0.684375 0.038542 0.035417
0 0.651042 0.311458 0.047917 0.050000
0 0.661979 0.448958 0.038542 0.033333
0 0.843229 0.549479 0.051042 0.053125
0 0.575521 0.305729 0.046875 0.028125
0 0.231250 0.962500 0.047917 0.050000
0 0.204167 0.762500 0.043750 0.035417
0 0.147396 0.261979 0.026042 0.044792
0 0.535937 0.786979 0.023958 0.042708
0 0.396875 0.591667 0.047917 0.039583
0 0.808854 0.867188 0.040625 0.023958
0 0.410938 0.784375 0.046875 0.043750
0 0.626563 0.894271 0.044792 0.040625
0 0.275000 0.882812 0.039583 0.030208
0 0.822917 0.910417 0.039583 0.025000
0 0.852083 0.489063 0.047917 0.046875
0 0.878646 0.597396 0.036458 0.040625
0 0.121875 0.768750 0.027083 0.041667
0 0.216146 0.804688 0.032292 0.044792
0 0.756771 0.606250 0.036458 0.052083
0 0.069792 0.869792 0.025000 0.037500
0 0.339583 0.957812 0.050000 0.053125
0 0.312500 0.795312 0.033333 0.044792
0 0.890625 0.108333 0.045833 0.043750
0 0.815625 0.104167 0.035417 0.043750
0 0.457292 0.948438 0.022917 0.038542
0 0.460417 0.938021 0.045833 0.048958
0 0.778125 0.791667 0.025000 0.041667
0 0.814063 0.186979 0.046875 0.055208
0 0.545312 0.785417 0.048958 0.039583
0 0.431250 0.159896 0.047917 0.046875
0 0.827083 0.414583 0.050000 0.031250
0 0.690625 0.882292 0.043750 0.052083
0 0.826042 0.730729 0.041667 0.048958
0 0.138021 0.748958 0.032292 0.043750
0 0.116146 0.715104 0.032292 0.053125
0 0.545833 0.741146 0.039583 0.032292
0 0.351562 0.688021 0.044792 0.026042
0 0.110417 0.872396 0.039583 0.028125
0 0.223438 0.843229 0.053125 0.053125
0 0.752083 0.754167 0.041667 0.039583
0 0.163021 0.273438 0.048958 0.046875
0 0.650521 0.686458 0.040625 0.041667
0 0.272396 0.542708 0.040625 0.043750
0 0.708854 0.834375 0.032292 0.043750
0 0.246875 0.119271 0.033333 0.053125
0 0.707812 0.827604 0.040625 0.051042
0 0.108854 0.382292 0.038542 0.035417
0 0.398438 0.248958 0.046875 0.052083
0 0.783333 0.604688 0.035417 0.044792
0 0.689063 0.384896 0.055208 0.044792
0 0.342708 0.670312 0.050000 0.036458
0 0.140104 0.270313 0.044792 0.042708
0 0.621354 0.538542 0.032292 0.047917
0 0.453125 0.365104 0.025000 0.042708
0 0.526042 0.278646 0.045833 0.038542
0 0.514583 0.596875 0.033333 0.050000
0 0.230208 0.469792 0.050000 0.031250
0 0.226042 0.936458 0.043750 0.025000
0 0.223958 0.654167 0.027083 0.037500
0 0.807813 0.404687 0.051042 0.034375
0 0.752083 0.280208 0.047917 0.035417
0 0.805729 0.608854 0.051042 0.055208
0 0.705729 0.886458 0.040625 0.020833
0 0.376563 0.476562 0.042708 0.044792
0 0.743750 0.498437 0.025000 0.044792
0 0.588542 0.690625 0.031250 0.050000
0 0.866146 0.797396 0.030208 0.044792
0 0.830729 0.831771 0.040625 0.034375
0 0.844792 0.719792 0.022917 0.045833
0 0.935937 0.807292 0.034375 0.039583
0 0.301042 0.819271 0.027083 0.046875
0 0.447396 0.756771 0.055208 0.040625
0 0.199479 0.380729 0.055208 0.046875
0 0.703646 0.400521 0.051042 0.038542
0 0.423958 0.924479 0.047917 0.044792
0 0.849479 0.647396 0.044792 0.055208
0 0.315104 0.494792 0.034375 0.039583
0 0.868229 0.925521 0.046875 0.036458
0 0.599479 0.290104 0.038542 0.055208
0 0.192708 0.507812 0.027083 0.042708
0 0.378646 0.379688 0.044792 0.040625
0 0.361979 0.938021 0.038542 0.021875
0 0.143229 0.516146 0.051042 0.026042
0 0.203125 0.758333 0.052083 0.039583
0 0.425000 0.797917 0.020833 0.039583
0 0.644792 0.374479 0.031250 0.044792
0 0.464583 0.783854 0.054167 0.046875
0 0.230729 0.229167 0.034375 0.047917
0 0.918229 0.150521 0.021875 0.042708
0 0.403646 0.193229 0.053125 0.030208
0 0.795312 0.466146 0.017708 0.036458
0 0.934375 0.530729 0.047917 0.053125
0 0.550000 0.860417 0.041667 0.039583
0 0.835417 0.238542 0.041667 0.031250
0 0.302083 0.112500 0.020833 0.035417
0 0.486979 0.427083 0.046875 0.043750
0 0.392188 0.446875 0.048958 0.037500
0 0.282292 0.818229 0.054167 0.036458
0 0.653646 0.775521 0.055208 0.042708
0 0.396875 0.463021 0.045833 0.040625
0 0.496354 0.532813 0.038542 0.046875
0 0.389062 0.607812 0.036458 0.051042
0 0.907813 0.956250 0.038542 0.035417
0 0.485417 0.558333 0.047917 0.037500
0 0.815104 0.706250 0.044792 0.035417
0 0.673958 0.661979 0.050000 0.034375
0 0.245833 0.625000 0.050000 0.029167
0 0.593750 0.120313 0.052083 0.032292
0 0.083854 0.304167 0.030208 0.043750
0 0.361979 0.900521 0.040625 0.032292
0 0.583854 0.560937 0.046875 0.038542
0 0.892188 0.539583 0.048958 0.037500
0 0.704167 0.102083 0.045833 0.043750
0 0.071875 0.898958 0.027083 0.047917
0 0.397396 0.128125 0.030208 0.043750
0 0.381250 0.272396 0.041667 0.044792
0 0.909375 0.759375 0.037500 0.035417
0 0.485938 0.386458 0.038542 0.033333
0 0.871875 0.284896 0.052083 0.051042
0 0.686458 0.908333 0.043750 0.037500
0 0.903646 0.689583 0.036458 0.052083
0 0.898438 0.277083 0.040625 0.047917
0 0.922917 0.527083 0.039583 0.041667
0 0.763542 0.111458 0.039583 0.022917
0 0.153125 0.600000 0.045833 0.027083
0 0.269792 0.927604 0.027083 0.040625
0 0.347396 0.803646 0.040625 0.044792
0 0.398958 0.372396 0.050000 0.042708
0 0.884896 0.356250 0.038542 0.029167
0 0.382812 0.870833 0.030208 0.050000
0 0.201042 0.909375 0.041667 0.029167
0 0.232292 0.509896 0.052083 0.051042
0 0.389062 0.576042 0.042708 0.039583
0 0.615625 0.700521 0.050000 0.028125
0 0.690104 0.711458 0.026042 0.041667
0 0.642708 0.415625 0.039583 0.047917
0 0.291667 0.648438 0.025000 0.038542
0 0.880729 0.281771 0.044792 0.021875
0 0.438021 0.713542 0.048958 0.041667
0 0.870833 0.375521 0.045833 0.026042
0 0.236979 0.168750 0.051042 0.033333
0 0.603125 0.724479 0.054167 0.036458
0 0.892708 0.146354 0.045833 0.023958
0 0.806771 0.136458 0.030208 0.039583
0 0.381771 0.885938 0.044792 0.032292
0 0.275521 0.639062 0.051042 0.040625
0 0.875000 0.146875 0.037500 0.025000
0 0.192708 0.338542 0.025000 0.041667
0 0.263542 0.410938 0.050000 0.044792
0 0.581250 0.673958 0.037500 0.027083
0 0.879687 0.146354 0.040625 0.038542
0 0.278125 0.592187 0.031250 0.040625
0 0.834375 0.464062 0.041667 0.048958
0 0.900000 0.895312 0.054167 0.042708
0 0.484896 0.834375 0.026042 0.045833
0 0.267188 0.880729 0.038542 0.055208
0 0.262500 0.637500 0.037500 0.031250
0 0.814063 0.173958 0.023958 0.041667
0 0.485417 0.400000 0.043750 0.045833
0 0.615625 0.329167 0.027083 0.037500
0 0.775000 0.642708 0.045833 0.043750
0 0.791146 0.725000 0.034375 0.043750
0 0.357292 0.258854 0.039583 0.030208
0 0.750521 0.830729 0.044792 0.040625
0 0.305729 0.106771 0.040625 0.023958
0 0.272396 0.150521 0.055208 0.048958
0 0.635938 0.158854 0.044792 0.032292
0 0.638542 0.546875 0.041667 0.039583
0 0.241667 0.208333 0.025000 0.047917
0 0.829688 0.205208 0.038542 0.031250
0 0.832292 0.699479 0.037500 0.019792
0 0.749479 0.750000 0.038542 0.035417
0 0.239583 0.185417 0.043750 0.025000
0 0.951562 0.485417 0.038542 0.043750
0 0.105729 0.533333 0.042708 0.037500
0 0.225521 0.146875 0.046875 0.029167
0 0.655729 0.188021 0.026042 0.040625
0 0.227083 0.325000 0.047917 0.037500