0 0.246875 0.160938 0.050000 0.042708
0 0.493229 0.859375 0.023958 0.047917
0 0.344271 0.521354 0.038542 0.046875
0 0.218750 0.481771 0.043750 0.032292
0 0.848958 0.823438 0.037500 0.053125
0 0.944271 0.839063 0.055208 0.038542
0 0.588021 0.508333 0.038542 0.031250
0 0.776042 0.121354 0.050000 0.026042
0 0.223438 0.104688 0.046875 0.034375
0 0.784375 0.820833 0.045833 0.043750
0 0.560937 0.460938 0.028125 0.040625
0 0.789583 0.180729 0.031250 0.044792
0 0.559896 0.689063 0.051042 0.044792
0 0.122917 0.293229 0.033333 0.040625
0 0.071875 0.580729 0.025000 0.042708
0 0.178125 0.310417 0.027083 0.041667
0 0.433854 0.831771 0.028125 0.051042
0 0.541667 0.890104 0.045833 0.038542
0 0.559375 0.328646 0.043750 0.021875
0 0.641146 0.776563 0.044792 0.044792
0 0.732812 0.617708 0.034375 0.052083
0 0.434375 0.274479 0.050000 0.028125
0 0.296875 0.968750 0.037500 0.047917
0 0.962500 0.632292 0.045833 0.033333
0 0.429167 0.343229 0.045833 0.036458
0 0.633854 0.366667 0.053125 0.043750
0 0.880208 0.294792 0.029167 0.045833
0 0.401042 0.598958 0.047917 0.033333
0 0.457292 0.446875 0.047917 0.039583
0 0.084896 0.861458 0.048958 0.039583
0 0.457813 0.419792 0.048958 0.041667
0 0.927083 0.737500 0.018750 0.035417
0 0.876563 0.255208 0.046875 0.045833
0 0.850521 0.942187 0.036458 0.046875
0 0.091667 0.393229 0.043750 0.030208
0 0.759896 0.641667 0.038542 0.033333
0 0.165104 0.370312 0.042708 0.044792
0 0.836979 0.631771 0.051042 0.055208
0 0.760417 0.405729 0.025000 0.038542
0 0.651042 0.151562 0.037500 0.023958
0 0.486979 0.282813 0.051042 0.036458
0 0.320312 0.461458 0.051042 0.035417
0 0.075521 0.481250 0.042708 0.029167
0 0.452604 0.445833 0.032292 0.039583
0 0.735938 0.263542 0.038542 0.043750
0 0.704167 0.734375 0.052083 0.047917
0 0.886458 0.657292 0.052083 0.035417
0 0.269792 0.384896 0.039583 0.038542
0 0.543750 0.830729 0.050000 0.053125
0 0.086458 0.553125 0.035417 0.047917
0 0.683333 0.465104 0.050000 0.042708
0 0.617188 0.644792 0.044792 0.033333
0 0.832292 0.907813 0.037500 0.021875
0 0.898958 0.407292 0.052083 0.039583
0 0.261979 0.386458 0.048958 0.033333
0 0.925000 0.280208 0.041667 0.037500
0 0.172396 0.125000 0.034375 0.039583
0 0.744792 0.135937 0.045833 0.040625
0 0.225521 0.206771 0.040625 0.023958
0 0.418229 0.094271 0.046875 0.036458
0 0.388021 0.199479 0.053125 0.030208
0 0.816146 0.339062 0.040625 0.051042
0 0.337500 0.649479 0.025000 0.038542
0 0.296875 0.310937 0.045833 0.036458
0 0.113542 0.846875 0.039583 0.022917
0 0.150521 0.618750 0.053125 0.047917
0 0.271875 0.895312 0.039583 0.028125
0 0.702604 0.603125 0.046875 0.045833
0 0.394792 0.431771 0.047917 0.030208
0 0.311979 0.346354 0.051042 0.042708
0 0.497396 0.519792 0.021875 0.037500
0 0.836458 0.178125 0.039583 0.022917
0 0.648438 0.914062 0.040625 0.028125
0 0.081771 0.100000 0.040625 0.022917
0 0.445312 0.392708 0.048958 0.052083
0 0.257292 0.214583 0.037500 0.033333
0 0.873958 0.120313 0.045833 0.038542
0 0.755729 0.511979 0.044792 0.030208
0 0.753646 0.101562 0.038542 0.046875
0 0.777083 0.766667 0.029167 0.050000
0 0.734896 0.254167 0.046875 0.029167
0 0.447917 0.933854 0.045833 0.028125
0 0.144792 0.385937 0.054167 0.048958
0 0.597917 0.176563 0.054167 0.036458
0 0.501563 0.426042 0.048958 0.041667
0 0.464062 0.401042 0.048958 0.052083
0 0.746354 0.948958 0.042708 0.039583
0 0.932813 0.297396 0.019792 0.038542
0 0.148958 0.363021 0.047917 0.046875
0 0.660937 0.387500 0.017708 0.035417
0 0.476562 0.387500 0.051042 0.029167
0 0.831771 0.421875 0.042708 0.039583
0 0.957812 0.538021 0.032292 0.040625
0 0.105729 0.881771 0.053125 0.053125
0 0.625000 0.410938 0.041667 0.048958
0 0.455208 0.795833 0.041667 0.025000
0 0.786458 0.317708 0.043750 0.037500
0 0.290625 0.693229 0.045833 0.034375
0 0.643750 0.746354 0.027083 0.038542
0 0.790625 0.477083 0.037500 0.043750
0 0.647917 0.414583 0.052083 0.047917
0 0.243229 0.208854 0.032292 0.048958
0 0.488542 0.668229 0.054167 0.046875
0 0.120313 0.461979 0.048958 0.048958
0 0.419792 0.953646 0.039583 0.030208
0 0.910417 0.193229 0.037500 0.048958
0 0.951562 0.095312 0.038542 0.040625
0 0.206771 0.961458 0.053125 0.043750
0 0.298958 0.543750 0.037500 0.047917
0 0.289062 0.207292 0.030208 0.050000
0 0.586979 0.611458 0.051042 0.047917
0 0.869271 0.912500 0.038542 0.031250
0 0.477604 0.518229 0.032292 0.053125
0 0.789062 0.501042 0.028125 0.039583
0 0.249479 0.767708 0.021875 0.037500
0 0.312500 0.743229 0.020833 0.038542
0 0.944792 0.763542 0.029167 0.037500
0 0.172917 0.798438 0.039583 0.044792
0 0.957292 0.768750 0.041667 0.039583
0 0.343229 0.644792 0.042708 0.020833
0 0.505729 0.509375 0.032292 0.047917
0 0.803125 0.868229 0.047917 0.046875
0 0.930208 0.827604 0.054167 0.051042
0 0.298438 0.774479 0.046875 0.036458
0 0.147396 0.961979 0.046875 0.036458
0 0.101042 0.593750 0.018750 0.035417
0 0.592187 0.254688 0.046875 0.038542
0 0.655729 0.136458 0.023958 0.041667
0 0.318229 0.113021 0.055208 0.046875
0 0.456771 0.780208 0.042708 0.029167
0 0.891146 0.253646 0.055208 0.044792
0 0.667708 0.154167 0.035417 0.020833
0 0.270313 0.915625 0.040625 0.041667
0 0.838021 0.253646 0.040625 0.028125
0 0.165625 0.719792 0.031250 0.037500
0 0.103646 0.871875 0.038542 0.035417
0 0.125000 0.601042 0.037500 0.025000
0 0.264583 0.075000 0.031250 0.037500
0 0.686458 0.820312 0.043750 0.048958
0 0.317708 0.547917 0.043750 0.033333
0 0.606771 0.755208 0.053125 0.035417
0 0.877083 0.584896 0.039583 0.048958
0 0.876563 0.443229 0.055208 0.048958
0 0.144271 0.678125 0.053125 0.045833
0 0.378125 0.219271 0.037500 0.044792
0 0.848437 0.514062 0.040625 0.032292
0 0.345833 0.437500 0.047917 0.050000
0 0.502604 0.538542 0.034375 0.039583
0 0.958854 0.927604 0.044792 0.028125
0 0.732812 0.140625 0.048958 0.052083
0 0.692708 0.519271 0.054167 0.046875
0 0.894271 0.852604 0.048958 0.046875
0 0.468750 0.915104 0.054167 0.038542
0 0.585417 0.597917 0.035417 0.037500
0 0.065104 0.690625 0.021875 0.037500
0 0.963021 0.954688 0.046875 0.055208
0 0.498958 0.935937 0.037500 0.021875
0 0.468229 0.887500 0.028125 0.043750
0 0.564583 0.485938 0.043750 0.042708
0 0.244271 0.214583 0.040625 0.041667
0 0.510938 0.900000 0.046875 0.043750
0 0.830729 0.273438 0.034375 0.048958
0 0.641667 0.694271 0.045833 0.036458
0 0.738021 0.457292 0.053125 0.047917
0 0.600521 0.800000 0.042708 0.031250
0 0.291146 0.508854 0.048958 0.030208
0 0.939583 0.124479 0.052083 0.051042
0 0.678125 0.358854 0.037500 0.019792
0 0.647396 0.208854 0.044792 0.032292
0 0.530208 0.822917 0.035417 0.037500
0 0.391146 0.270313 0.046875 0.032292
0 0.747917 0.145833 0.052083 0.039583
0 0.403125 0.715104 0.031250 0.040625
0 0.414583 0.239583 0.022917 0.043750
0 0.690104 0.638021 0.023958 0.048958
0 0.413021 0.642708 0.051042 0.050000
0 0.939063 0.821354 0.044792 0.051042
0 0.564583 0.461979 0.045833 0.034375
0 0.195833 0.172396 0.035417 0.053125
0 0.408854 0.097396 0.026042 0.040625
0 0.538542 0.776563 0.043750 0.055208
0 0.452083 0.188021 0.045833 0.023958
0 0.425000 0.353125 0.022917 0.037500
0 0.107813 0.729167 0.028125 0.043750
0 0.115625 0.832812 0.022917 0.040625
0 0.914062 0.641667 0.053125 0.041667
0 0.946354 0.750521 0.038542 0.021875
0 0.548438 0.285938 0.030208 0.048958
0 0.736979 0.317708 0.036458 0.047917
0 0.256771 0.832292 0.051042 0.050000
0 0.305208 0.226042 0.043750 0.035417
0 0.747396 0.230729 0.053125 0.032292
0 0.258333 0.484375 0.047917 0.052083
0 0.647917 0.788542 0.047917 0.052083
0 0.193750 0.215104 0.047917 0.046875
0 0.506250 0.141146 0.050000 0.044792
0 0.216146 0.440104 0.053125 0.051042
0 0.719271 0.477083 0.044792 0.022917
0 0.321354 0.223438 0.053125 0.053125
0 0.899479 0.109896 0.040625 0.055208
0 0.566667 0.782292 0.047917 0.050000
0 0.288542 0.680208 0.037500 0.029167
0 0.567708 0.692187 0.052083 0.034375
0 0.510938 0.875521 0.053125 0.051042
0 0.097396 0.263021 0.040625 0.038542
0 0.462500 0.526042 0.035417 0.018750
0 0.773438 0.106250 0.036458 0.052083
0 0.627604 0.914583 0.038542 0.047917
0 0.091146 0.538021 0.040625 0.051042
0 0.528125 0.676042 0.039583 0.025000
0 0.086979 0.508333 0.044792 0.033333
0 0.553646 0.425521 0.051042 0.036458
0 0.302604 0.139583 0.038542 0.027083
0 0.102083 0.214062 0.043750 0.048958
0 0.516146 0.547917 0.042708 0.047917
0 0.507292 0.391146 0.045833 0.048958
0 0.778646 0.360938 0.030208 0.040625
0 0.253125 0.785937 0.039583 0.036458
0 0.211979 0.848437 0.044792 0.028125
0 0.619271 0.082292 0.048958 0.039583
0 0.787500 0.670833 0.020833 0.035417
0 0.663021 0.748958 0.053125 0.045833
0 0.765625 0.419271 0.039583 0.038542
0 0.843229 0.478646 0.040625 0.051042
0 0.760938 0.810417 0.021875 0.037500
0 0.762500 0.350000 0.035417 0.035417
0 0.759375 0.963542 0.045833 0.052083
0 0.604167 0.777604 0.020833 0.042708
0 0.491667 0.640104 0.035417 0.040625
0 0.193750 0.612500 0.041667 0.047917
0 0.424479 0.755729 0.030208 0.040625
0 0.849479 0.401562 0.051042 0.042708
0 0.085417 0.345833 0.025000 0.047917
0 0.760938 0.817708 0.048958 0.052083
0 0.751042 0.743750 0.037500 0.027083
0 0.127083 0.923958 0.025000 0.037500
0 0.152604 0.368229 0.040625 0.038542
0 0.148438 0.390625 0.053125 0.043750
0 0.908333 0.171354 0.035417 0.040625
0 0.777604 0.283854 0.038542 0.019792
0 0.914583 0.534896 0.050000 0.038542
0 0.840625 0.340625 0.022917 0.037500
0 0.857812 0.669271 0.038542 0.046875
0 0.228125 0.633333 0.037500 0.033333
0 0.364063 0.325521 0.055208 0.038542
0 0.128125 0.777083 0.029167 0.050000
0 0.802083 0.161458 0.037500 0.035417
0 0.813542 0.716146 0.045833 0.038542
0 0.633854 0.790625 0.048958 0.052083
0 0.925000 0.517188 0.043750 0.042708
0 0.578646 0.683854 0.051042 0.044792
0 0.843750 0.114583 0.029167 0.045833
0 0.480729 0.693750 0.048958 0.035417
0 0.330729 0.942187 0.032292 0.048958
0 0.230208 0.067708 0.037500 0.022917
0 0.192188 0.544792 0.026042 0.037500
0 0.351562 0.925000 0.044792 0.035417
0 0.464062 0.076563 0.032292 0.044792
0 0.920312 0.563542 0.038542 0.035417
0 0.300521 0.836458 0.023958 0.047917
0 0.816146 0.091667 0.026042 0.041667
0 0.642708 0.853646 0.052083 0.032292
0 0.392188 0.395313 0.051042 0.044792
0 0.599479 0.268229 0.046875 0.048958
0 0.286979 0.529167 0.034375 0.052083
0 0.134375 0.793750 0.043750 0.045833
0 0.467187 0.270313 0.053125 0.053125
0 0.961458 0.550521 0.037500 0.048958
0 0.681771 0.476042 0.040625 0.047917
0 0.679688 0.580729 0.053125 0.051042
0 0.339583 0.811458 0.037500 0.033333
0 0.341146 0.441667 0.042708 0.029167
0 0.764583 0.422396 0.039583 0.048958
0 0.259375 0.387500 0.037500 0.035417
0 0.931771 0.136458 0.036458 0.018750
0 0.326562 0.766146 0.042708 0.021875
0 0.220833 0.802083 0.035417 0.018750
0 0.459896 0.479687 0.038542 0.046875
0 0.639062 0.948438 0.044792 0.051042
0 0.359375 0.572917 0.047917 0.035417
0 0.814063 0.745313 0.034375 0.053125
0 0.292187 0.132812 0.046875 0.048958
0 0.502083 0.081771 0.054167 0.040625
0 0.432292 0.670312 0.054167 0.044792
0 0.870313 0.942187 0.044792 0.040625
0 0.729688 0.804167 0.044792 0.022917
0 0.313542 0.827604 0.031250 0.040625
0 0.365104 0.693750 0.026042 0.039583
0 0.872917 0.663542 0.052083 0.035417
0 0.551562 0.575521 0.036458 0.055208
0 0.808333 0.617188 0.041667 0.032292
0 0.882812 0.494792 0.023958 0.041667
0 0.288021 0.226562 0.048958 0.048958
0 0.289583 0.294792 0.020833 0.041667
0 0.821354 0.733333 0.044792 0.045833
0 0.427083 0.752083 0.037500 0.018750
0 0.622917 0.198437 0.035417 0.040625
0 0.776563 0.255729 0.038542 0.019792
0 0.838542 0.093750 0.041667 0.039583
0 0.086979 0.185417 0.026042 0.041667
0 0.298958 0.163542 0.029167 0.045833
0 0.357292 0.685937 0.029167 0.044792
0 0.442188 0.608854 0.040625 0.030208
0 0.707292 0.755208 0.047917 0.037500
0 0.109375 0.558854 0.035417 0.040625
0 0.171875 0.493229 0.047917 0.046875
0 0.955729 0.813021 0.038542 0.046875
0 0.624479 0.894792 0.030208 0.039583
0 0.461979 0.923438 0.055208 0.038542
0 0.160938 0.178125 0.028125 0.045833
0 0.608854 0.553646 0.055208 0.040625
0 0.179167 0.596875 0.037500 0.047917
0 0.476042 0.491146 0.054167 0.048958
0 0.893229 0.593750 0.026042 0.045833
0 0.957812 0.409896 0.044792 0.044792
0 0.428646 0.690625 0.048958 0.033333
0 0.101042 0.478646 0.047917 0.030208
0 0.622396 0.593750 0.036458 0.020833
0 0.604688 0.756771 0.044792 0.026042
0 0.273958 0.244792 0.037500 0.033333
0 0.719792 0.497396 0.031250 0.051042
0 0.704167 0.499479 0.041667 0.044792
0 0.576562 0.072917 0.023958 0.037500
0 0.132292 0.445312 0.041667 0.023958
0 0.439583 0.954167 0.039583 0.041667
0 0.575000 0.191146 0.052083 0.030208
0 0.925000 0.289583 0.035417 0.052083
0 0.850521 0.522917 0.046875 0.027083
0 0.676562 0.580208 0.042708 0.047917
0 0.639583 0.542188 0.037500 0.040625
0 0.673438 0.829688 0.036458 0.040625
0 0.440625 0.730208 0.037500 0.047917
0 0.948958 0.413021 0.035417 0.048958
0 0.373437 0.078125 0.046875 0.052083
0 0.102083 0.818229 0.050000 0.038542
0 0.156771 0.194271 0.038542 0.046875
0 0.816667 0.719271 0.050000 0.042708
0 0.900521 0.670833 0.048958 0.027083
0 0.675521 0.747917 0.048958 0.041667
0 0.698958 0.660417 0.050000 0.029167
0 0.256771 0.378646 0.044792 0.040625
0 0.145313 0.164062 0.046875 0.038542
0 0.108333 0.593750 0.027083 0.041667
0 0.340104 0.955208 0.030208 0.043750
0 0.463542 0.930729 0.041667 0.044792
0 0.445312 0.134375 0.042708 0.039583
0 0.866667 0.586979 0.047917 0.030208
0 0.822396 0.421354 0.040625 0.051042
0 0.171875 0.341667 0.045833 0.052083
0 0.378646 0.568750 0.038542 0.047917
0 0.420312 0.780208 0.030208 0.039583
0 0.531771 0.506771 0.023958 0.042708
0 0.522396 0.152604 0.030208 0.044792
0 0.832812 0.134375 0.048958 0.025000
0 0.436979 0.511979 0.051042 0.040625
0 0.436979 0.169792 0.046875 0.033333
0 0.078646 0.634896 0.051042 0.034375
0 0.901563 0.134375 0.036458 0.047917
0 0.191667 0.223958 0.037500 0.033333
0 0.814063 0.804688 0.048958 0.046875
0 0.719271 0.378125 0.032292 0.052083
0 0.648438 0.826562 0.042708 0.023958
0 0.369792 0.808333 0.037500 0.035417
0 0.631771 0.461458 0.042708 0.031250
0 0.909896 0.584896 0.042708 0.044792
0 0.602604 0.792188 0.040625 0.026042
0 0.194792 0.372917 0.031250 0.037500
0 0.663021 0.633854 0.019792 0.038542
0 0.270833 0.788021 0.035417 0.040625
0 0.693750 0.575521 0.027083 0.040625
0 0.452604 0.547396 0.030208 0.048958
0 0.352604 0.316146 0.038542 0.055208
0 0.779687 0.095833 0.046875 0.031250
0 0.239063 0.276042 0.046875 0.029167
0 0.188021 0.146354 0.030208 0.044792
0 0.621354 0.561979 0.036458 0.051042
0 0.315104 0.383854 0.051042 0.042708
0 0.645312 0.640625 0.038542 0.043750
0 0.402083 0.648958 0.047917 0.035417
0 0.891146 0.182292 0.046875 0.033333
0 0.278646 0.241146 0.040625 0.026042
0 0.371875 0.408333 0.045833 0.043750
0 0.676042 0.626042 0.050000 0.031250
0 0.323437 0.180208 0.040625 0.020833
0 0.274479 0.598958 0.044792 0.047917
0 0.503646 0.960938 0.038542 0.040625
0 0.510938 0.643229 0.023958 0.046875
0 0.809375 0.817187 0.029167 0.040625
0 0.957812 0.245833 0.048958 0.041667
0 0.118750 0.688021 0.043750 0.048958
0 0.084375 0.878125 0.039583 0.022917
0 0.609375 0.950521 0.043750 0.055208
0 0.903646 0.518229 0.051042 0.044792
0 0.514062 0.193750 0.038542 0.035417
0 0.165625 0.537500 0.035417 0.018750
0 0.670312 0.196875 0.051042 0.035417
0 0.266667 0.172917 0.025000 0.037500
0 0.711979 0.691146 0.040625 0.044792
0 0.648438 0.519792 0.034375 0.047917
0 0.575521 0.417708 0.038542 0.031250
0 0.463542 0.390104 0.037500 0.019792
0 0.950521 0.818229 0.042708 0.044792
0 0.841146 0.108333 0.019792 0.037500
0 0.688021 0.771875 0.051042 0.050000
0 0.468750 0.424479 0.037500 0.038542
0 0.187500 0.113021 0.045833 0.026042
0 0.926562 0.760938 0.044792 0.055208
0 0.877083 0.888021 0.039583 0.036458
0 0.625000 0.760417 0.039583 0.025000
0 0.360417 0.236458 0.047917 0.041667
0 0.572917 0.406771 0.041667 0.023958
0 0.388542 0.872917 0.027083 0.037500
0 0.753646 0.298958 0.042708 0.033333
0 0.270833 0.301563 0.029167 0.051042
0 0.616146 0.581771 0.055208 0.040625
0 0.209896 0.186458 0.026042 0.041667
0 0.882812 0.414062 0.028125 0.046875
0 0.836458 0.870833 0.037500 0.041667
0 0.268750 0.506771 0.033333 0.053125
0 0.211979 0.760417 0.053125 0.039583
0 0.255729 0.101042 0.051042 0.031250
0 0.072917 0.380729 0.037500 0.053125
0 0.937500 0.328125 0.052083 0.041667
0 0.661458 0.565625 0.039583 0.041667
0 0.147917 0.138542 0.035417 0.043750
0 0.316146 0.636979 0.044792 0.030208
0 0.847917 0.799479 0.054167 0.040625
0 0.570833 0.201563 0.041667 0.048958
0 0.615104 0.624479 0.030208 0.053125
0 0.453125 0.620833 0.037500 0.035417
0 0.115104 0.622917 0.036458 0.020833
0 0.379167 0.231771 0.050000 0.038542
0 0.135417 0.345313 0.045833 0.055208
0 0.358854 0.426563 0.023958 0.038542
0 0.718750 0.231250 0.041667 0.031250
0 0.509375 0.701562 0.045833 0.034375
0 0.877083 0.559896 0.054167 0.051042
0 0.491667 0.894792 0.039583 0.052083
0 0.473958 0.196875 0.047917 0.052083
0 0.114062 0.931771 0.055208 0.046875
0 0.499479 0.604688 0.055208 0.044792
0 0.889583 0.671354 0.041667 0.044792
0 0.917708 0.850000 0.039583 0.052083
0 0.749479 0.283854 0.048958 0.046875
0 0.789583 0.768750 0.039583 0.041667
0 0.416146 0.644792 0.023958 0.043750
0 0.290104 0.648438 0.053125 0.030208
0 0.566146 0.597396 0.038542 0.046875
0 0.817187 0.781771 0.030208 0.040625
0 0.322396 0.123438 0.038542 0.019792
0 0.767188 0.093229 0.051042 0.026042
0 0.428646 0.205208 0.046875 0.043750
0 0.772396 0.273438 0.040625 0.046875
0 0.284375 0.574479 0.037500 0.044792
0 0.626563 0.498437 0.055208 0.048958
0 0.444792 0.496354 0.043750 0.042708
0 0.630729 0.835938 0.042708 0.051042
0 0.849479 0.677083 0.034375 0.052083
0 0.570312 0.790625 0.021875 0.037500
0 0.477083 0.800521 0.039583 0.028125
0 0.922396 0.849479 0.019792 0.038542
0 0.796354 0.503646 0.046875 0.048958
0 0.163542 0.860417 0.045833 0.022917
0 0.180208 0.662500 0.041667 0.020833
0 0.897917 0.277083 0.047917 0.039583
0 0.109375 0.305729 0.043750 0.028125
0 0.114583 0.629167 0.052083 0.047917
0 0.520312 0.643750 0.038542 0.033333
0 0.245833 0.136458 0.035417 0.043750
0 0.371875 0.657292 0.052083 0.043750
0 0.507812 0.640625 0.032292 0.043750
0 0.285417 0.574479 0.035417 0.040625
0 0.504687 0.761979 0.040625 0.023958
0 0.359896 0.815104 0.051042 0.036458
0 0.117188 0.150521 0.053125 0.034375
0 0.250000 0.258854 0.018750 0.036458
0 0.200000 0.495312 0.029167 0.044792
0 0.520833 0.588542 0.039583 0.041667
0 0.103125 0.592708 0.041667 0.031250
0 0.375000 0.866667 0.033333 0.052083
0 0.220312 0.266667 0.030208 0.039583
0 0.077083 0.212500 0.039583 0.047917
0 0.142187 0.416667 0.023958 0.041667
0 0.414062 0.930208 0.048958 0.041667
0 0.442708 0.084896 0.041667 0.048958
0 0.544271 0.658333 0.042708 0.041667
0 0.376563 0.692708 0.038542 0.035417
0 0.651042 0.904687 0.043750 0.030208
0 0.618750 0.138542 0.047917 0.035417
0 0.957812 0.661979 0.038542 0.019792
0 0.307812 0.830729 0.044792 0.055208
0 0.133854 0.871875 0.038542 0.031250
0 0.959896 0.697396 0.028125 0.044792
0 0.606250 0.802604 0.020833 0.038542
0 0.719271 0.105729 0.036458 0.017708
0 0.291667 0.163542 0.043750 0.045833
0 0.641667 0.516667 0.041667 0.039583
0 0.518229 0.084896 0.034375 0.053125
0 0.101562 0.886979 0.044792 0.030208
0 0.494792 0.707292 0.050000 0.050000
0 0.281771 0.596354 0.048958 0.055208
0 0.219271 0.491667 0.036458 0.037500
0 0.138021 0.195833 0.038542 0.033333
0 0.301563 0.221875 0.030208 0.039583
0 0.743750 0.150000 0.027083 0.043750
0 0.197396 0.871875 0.026042 0.047917
0 0.704167 0.601562 0.039583 0.053125
0 0.558854 0.841146 0.026042 0.040625
0 0.544271 0.132812 0.042708 0.044792
0 0.645312 0.102604 0.038542 0.040625
0 0.658854 0.461979 0.023958 0.042708
0 0.905729 0.400000 0.036458 0.047917
0 0.636458 0.183854 0.039583 0.030208
0 0.613542 0.163542 0.047917 0.050000
0 0.414062 0.222396 0.040625 0.038542
0 0.807813 0.584896 0.040625 0.038542
0 0.259375 0.496354 0.045833 0.038542
0 0.675000 0.903646 0.031250 0.044792
0 0.390104 0.296875 0.044792 0.035417
0 0.642188 0.753646 0.042708 0.055208
0 0.241146 0.888021 0.038542 0.019792
0 0.247917 0.814583 0.033333 0.043750
0 0.918229 0.297917 0.034375 0.037500
0 0.285938 0.235937 0.051042 0.038542
0 0.234896 0.352604 0.051042 0.040625
0 0.208333 0.920312 0.050000 0.053125
0 0.469271 0.961979 0.026042 0.040625
0 0.627604 0.316146 0.051042 0.040625
0 0.753125 0.546354 0.039583 0.036458
0 0.146875 0.672917 0.031250 0.041667
0 0.392188 0.255208 0.044792 0.047917
0 0.836979 0.711979 0.028125 0.051042
0 0.836458 0.379167 0.052083 0.037500
0 0.638021 0.762500 0.021875 0.037500
0 0.228646 0.357292 0.038542 0.035417
0 0.627604 0.469271 0.034375 0.046875
0 0.089063 0.598958 0.019792 0.039583
0 0.206250 0.892708 0.020833 0.039583
0 0.779167 0.435417 0.041667 0.029167
0 0.532813 0.367708 0.048958 0.035417
0 0.839063 0.857292 0.053125 0.039583
0 0.653646 0.329167 0.036458 0.052083
0 0.690625 0.323958 0.037500 0.035417
0 0.961979 0.891146 0.051042 0.028125
0 0.695312 0.262500 0.030208 0.039583
0 0.246875 0.916667 0.035417 0.047917
0 0.826042 0.440104 0.054167 0.040625
0 0.098958 0.495833 0.027083 0.047917
0 0.656771 0.861979 0.046875 0.034375
0 0.645312 0.835938 0.044792 0.042708
0 0.208333 0.191146 0.022917 0.040625
0 0.236458 0.245312 0.033333 0.040625
0 0.321354 0.188542 0.038542 0.022917
0 0.809375 0.202083 0.029167 0.050000
0 0.901042 0.201563 0.043750 0.042708
0 0.322917 0.911979 0.025000 0.048958
0 0.120313 0.234375 0.030208 0.043750
0 0.573958 0.794792 0.037500 0.025000
0 0.396875 0.658854 0.022917 0.038542
0 0.181250 0.427604 0.039583 0.028125
0 0.582812 0.554688 0.055208 0.038542
0 0.260417 0.211979 0.027083 0.051042
0 0.827604 0.534375 0.034375 0.047917
0 0.534375 0.320312 0.041667 0.042708
0 0.640104 0.456250 0.038542 0.031250
0 0.640104 0.565104 0.044792 0.042708
0 0.861979 0.732812 0.040625 0.051042
0 0.742188 0.818750 0.042708 0.029167
0 0.710417 0.161979 0.039583 0.030208
0 0.300000 0.868229 0.054167 0.036458
0 0.316667 0.200521 0.050000 0.036458
0 0.267708 0.533333 0.029167 0.050000
0 0.238542 0.129688 0.050000 0.034375
0 0.555208 0.968229 0.050000 0.053125
0 0.467708 0.338021 0.045833 0.038542
0 0.368750 0.316146 0.041667 0.023958
0 0.219271 0.488542 0.028125 0.045833
0 0.311979 0.161458 0.038542 0.033333
0 0.305208 0.498958 0.035417 0.047917
0 0.269271 0.526563 0.046875 0.048958
0 0.905729 0.440625 0.034375 0.043750
0 0.542708 0.172396 0.045833 0.023958
0 0.725000 0.817187 0.037500 0.048958
0 0.658333 0.691667 0.025000 0.039583
0 0.536458 0.206771 0.047917 0.032292
0 0.283333 0.632292 0.041667 0.037500
0 0.579167 0.070312 0.039583 0.023958
0 0.757292 0.709896 0.037500 0.021875
0 0.670833 0.846354 0.041667 0.044792
0 0.505729 0.791667 0.038542 0.033333
0 0.124479 0.399479 0.044792 0.051042
0 0.660937 0.553646 0.040625 0.030208
0 0.732812 0.744792 0.042708 0.031250
0 0.504687 0.296354 0.053125 0.053125
0 0.869271 0.864062 0.046875 0.032292
0 0.231250 0.880729 0.035417 0.044792
0 0.685417 0.908854 0.037500 0.019792
0 0.619792 0.625000 0.052083 0.045833
0 0.829167 0.652604 0.039583 0.030208
0 0.732812 0.753646 0.048958 0.030208
0 0.117188 0.508854 0.040625 0.030208
0 0.283854 0.139063 0.036458 0.040625
0 0.912500 0.828125 0.033333 0.043750
0 0.844792 0.282292 0.029167 0.037500
0 0.471354 0.158333 0.042708 0.027083
0 0.662500 0.790625 0.043750 0.033333
0 0.377083 0.717708 0.043750 0.045833
0 0.740104 0.776042 0.023958 0.041667
0 0.538542 0.361458 0.029167 0.050000
0 0.319792 0.554688 0.050000 0.044792
0 0.225521 0.213542 0.034375 0.016667
0 0.266667 0.435417 0.037500 0.052083
0 0.959896 0.778125 0.046875 0.031250
0 0.400000 0.387500 0.037500 0.052083
0 0.842708 0.864062 0.050000 0.036458
0 0.118750 0.936979 0.039583 0.026042
0 0.201563 0.465104 0.036458 0.046875
0 0.361979 0.839063 0.042708 0.055208
0 0.172917 0.214062 0.037500 0.053125
0 0.441667 0.400521 0.054167 0.042708
0 0.192188 0.853125 0.048958 0.025000
0 0.507812 0.956771 0.038542 0.021875
0 0.206771 0.308854 0.046875 0.036458
0 0.505208 0.451562 0.041667 0.055208
0 0.912500 0.924479 0.033333 0.040625
0 0.830208 0.558854 0.031250 0.040625
0 0.359896 0.317188 0.046875 0.038542
0 0.527604 0.814063 0.038542 0.038542
0 0.116667 0.914062 0.039583 0.038542
0 0.916667 0.378125 0.035417 0.022917
0 0.290104 0.692708 0.042708 0.039583
0 0.092708 0.603125 0.039583 0.047917
0 0.451042 0.122917 0.037500 0.043750
0 0.725000 0.309896 0.050000 0.053125
0 0.909375 0.185938 0.052083 0.032292
0 0.325000 0.810937 0.050000 0.038542
0 0.549479 0.894792 0.044792 0.035417
0 0.174479 0.916146 0.046875 0.023958
0 0.506771 0.877604 0.046875 0.034375
0 0.507292 0.830208 0.037500 0.033333
0 0.751042 0.103125 0.035417 0.037500
0 0.375521 0.617188 0.048958 0.046875
0 0.295833 0.178646 0.022917 0.042708
0 0.606250 0.354687 0.037500 0.019792
0 0.857812 0.946875 0.038542 0.027083
0 0.748958 0.643750 0.045833 0.045833
0 0.270833 0.355729 0.039583 0.038542
0 0.531250 0.922396 0.039583 0.034375
0 0.157292 0.483333 0.035417 0.018750
0 0.945312 0.476042 0.048958 0.027083
0 0.604688 0.900000 0.048958 0.041667
0 0.440104 0.106771 0.040625 0.055208
0 0.186458 0.478125 0.047917 0.035417
0 0.535937 0.527083 0.044792 0.052083
0 0.088542 0.409375 0.045833 0.043750
0 0.867708 0.719271 0.029167 0.046875
0 0.697917 0.923438 0.039583 0.028125
0 0.579167 0.892708 0.037500 0.035417
0 0.891667 0.370833 0.035417 0.043750
0 0.335938 0.171875 0.042708 0.025000
0 0.085938 0.479167 0.044792 0.022917
0 0.447396 0.291146 0.028125 0.044792
0 0.483854 0.826562 0.038542 0.038542
0 0.359896 0.150521 0.053125 0.053125
0 0.925521 0.896875 0.038542 0.043750
0 0.744271 0.533333 0.040625 0.041667
0 0.834896 0.362500 0.036458 0.043750
0 0.236458 0.091667 0.039583 0.025000
0 0.781250 0.153125 0.020833 0.035417
0 0.096875 0.634896 0.039583 0.028125
0 0.616146 0.391667 0.051042 0.029167
0 0.672396 0.213021 0.034375 0.040625