0 0.779167 0.465104 0.035417 0.040625
0 0.855208 0.150521 0.045833 0.034375
0 0.926562 0.903646 0.051042 0.036458
0 0.831250 0.353125 0.020833 0.035417
0 0.757292 0.634375 0.047917 0.041667
0 0.375521 0.477604 0.040625 0.028125
0 0.458333 0.937500 0.039583 0.047917
0 0.170833 0.784896 0.039583 0.032292
0 0.077604 0.155208 0.026042 0.045833
0 0.142708 0.393229 0.052083 0.034375
0 0.500521 0.491667 0.038542 0.047917
0 0.302604 0.327083 0.042708 0.027083
0 0.968229 0.628125 0.051042 0.029167
0 0.388542 0.594271 0.037500 0.048958
0 0.372917 0.890625 0.025000 0.043750
0 0.751563 0.347396 0.046875 0.055208
0 0.186979 0.133854 0.040625 0.036458
0 0.316667 0.640625 0.037500 0.035417
0 0.797917 0.384375 0.047917 0.050000
0 0.154167 0.870313 0.052083 0.034375
0 0.181771 0.278125 0.048958 0.025000
0 0.791667 0.419792 0.043750 0.033333
0 0.648438 0.851042 0.040625 0.041667
0 0.144271 0.116667 0.042708 0.037500
0 0.891146 0.786458 0.023958 0.037500
0 0.240104 0.113542 0.046875 0.043750
0 0.720313 0.683854 0.046875 0.048958
0 0.091667 0.781771 0.054167 0.040625
0 0.680208 0.822917 0.039583 0.022917
0 0.833854 0.938542 0.034375 0.052083
0 0.686458 0.408854 0.025000 0.042708
0 0.905729 0.274479 0.040625 0.044792
0 0.157292 0.720833 0.039583 0.020833
0 0.903646 0.536979 0.053125 0.034375
0 0.551562 0.482292 0.044792 0.025000
0 0.171875 0.322917 0.029167 0.037500
0 0.966667 0.922396 0.054167 0.038542
0 0.531250 0.317188 0.041667 0.021875
0 0.104167 0.217188 0.029167 0.046875
0 0.901042 0.475000 0.041667 0.037500
0 0.744271 0.872396 0.030208 0.048958
0 0.766146 0.799479 0.028125 0.046875
0 0.300000 0.609375 0.043750 0.045833
0 0.547396 0.809375 0.040625 0.041667
0 0.698438 0.121875 0.036458 0.018750
0 0.909375 0.709375 0.037500 0.025000
0 0.664062 0.541667 0.048958 0.052083
0 0.576562 0.576042 0.048958 0.052083
0 0.637500 0.176563 0.052083 0.034375
0 0.208854 0.645312 0.044792 0.040625
0 0.261979 0.213021 0.032292 0.040625
0 0.337500 0.718750 0.037500 0.035417
0 0.520312 0.095312 0.019792 0.038542
0 0.222396 0.251042 0.028125 0.043750
0 0.778646 0.668750 0.038542 0.031250
0 0.496875 0.366146 0.047917 0.046875
0 0.445833 0.850521 0.043750 0.042708
0 0.618229 0.438021 0.044792 0.040625
0 0.226042 0.799479 0.043750 0.042708
0 0.116146 0.412500 0.046875 0.043750
0 0.325521 0.714063 0.026042 0.040625
0 0.939583 0.717708 0.041667 0.047917
0 0.610938 0.956250 0.034375 0.043750
0 0.854688 0.103646 0.048958 0.046875
0 0.761979 0.685937 0.030208 0.040625
0 0.583333 0.813021 0.031250 0.044792
0 0.200521 0.741146 0.055208 0.048958
0 0.305729 0.850521 0.046875 0.038542
0 0.460938 0.584896 0.026042 0.046875
0 0.597396 0.925000 0.040625 0.043750
0 0.936458 0.231250 0.037500 0.035417
0 0.486979 0.698438 0.040625 0.044792
0 0.652604 0.191667 0.040625 0.047917
0 0.850521 0.327083 0.034375 0.039583
0 0.966146 0.336979 0.044792 0.048958
0 0.595313 0.166667 0.019792 0.035417
0 0.351562 0.122917 0.030208 0.047917
0 0.558333 0.731771 0.033333 0.044792
0 0.431250 0.642708 0.039583 0.052083
0 0.126042 0.555208 0.037500 0.025000
0 0.413021 0.436979 0.055208 0.046875
0 0.458333 0.657813 0.043750 0.026042
0 0.901042 0.394792 0.025000 0.043750
0 0.651042 0.536979 0.035417 0.048958
0 0.677083 0.629167 0.031250 0.037500
0 0.869792 0.645312 0.041667 0.021875
0 0.237500 0.856771 0.033333 0.040625
0 0.244792 0.329167 0.037500 0.025000
0 0.694271 0.368750 0.030208 0.050000
0 0.630729 0.582812 0.051042 0.040625
0 0.876042 0.114583 0.041667 0.027083
0 0.245312 0.757292 0.040625 0.022917
0 0.654167 0.677604 0.035417 0.053125
0 0.964063 0.176042 0.042708 0.047917
0 0.496354 0.549479 0.053125 0.051042
0 0.410938 0.103646 0.030208 0.040625
0 0.411979 0.822396 0.055208 0.040625
0 0.580729 0.078125 0.038542 0.052083
0 0.292187 0.226042 0.042708 0.027083
0 0.274479 0.210417 0.038542 0.025000
0 0.835938 0.138542 0.053125 0.045833
0 0.234375 0.869271 0.047917 0.046875
0 0.846354 0.763021 0.046875 0.048958
0 0.742708 0.394792 0.041667 0.039583
0 0.482292 0.854167 0.037500 0.033333
0 0.607292 0.810417 0.035417 0.037500
0 0.804167 0.523438 0.039583 0.028125
0 0.813542 0.906250 0.047917 0.050000
0 0.723958 0.955208 0.037500 0.033333
0 0.082292 0.113542 0.033333 0.043750
0 0.605208 0.457292 0.033333 0.016667
0 0.440104 0.528125 0.019792 0.035417
0 0.469792 0.507292 0.050000 0.033333
0 0.322917 0.592708 0.020833 0.039583
0 0.360938 0.896354 0.048958 0.028125
0 0.167187 0.560937 0.046875 0.048958
0 0.696354 0.863542 0.021875 0.043750
0 0.744792 0.743229 0.050000 0.028125
0 0.518750 0.350521 0.054167 0.046875
0 0.347396 0.666667 0.044792 0.033333
0 0.366667 0.274479 0.035417 0.040625
0 0.294792 0.619792 0.033333 0.043750
0 0.492708 0.122917 0.037500 0.022917
0 0.084375 0.856250 0.035417 0.018750
0 0.415625 0.372396 0.054167 0.044792
0 0.553125 0.585417 0.047917 0.027083
0 0.376042 0.741146 0.039583 0.038542
0 0.857812 0.883333 0.042708 0.025000
0 0.205208 0.086458 0.039583 0.020833
0 0.738542 0.861458 0.037500 0.018750
0 0.876042 0.424479 0.041667 0.021875
0 0.213021 0.480208 0.021875 0.039583
0 0.639583 0.128646 0.033333 0.044792
0 0.078646 0.609375 0.053125 0.035417
0 0.490104 0.101042 0.042708 0.031250
0 0.906771 0.639583 0.030208 0.043750
0 0.366667 0.667708 0.031250 0.037500
0 0.134375 0.260937 0.039583 0.036458
0 0.311458 0.721354 0.052083 0.030208
0 0.700521 0.813021 0.042708 0.023958
0 0.605729 0.812500 0.042708 0.037500
0 0.714063 0.605208 0.042708 0.037500
0 0.292187 0.722396 0.040625 0.036458
0 0.967187 0.505208 0.038542 0.025000
0 0.154688 0.634375 0.044792 0.052083
0 0.185417 0.585938 0.027083 0.040625
0 0.852604 0.092708 0.048958 0.035417
0 0.398438 0.347917 0.026042 0.041667
0 0.441146 0.796354 0.055208 0.046875
0 0.971875 0.387500 0.050000 0.031250
0 0.580208 0.531250 0.050000 0.050000
0 0.885417 0.970313 0.041667 0.048958
0 0.365104 0.826562 0.038542 0.040625
0 0.783333 0.606250 0.045833 0.043750
0 0.311458 0.940104 0.029167 0.040625
0 0.953646 0.251563 0.048958 0.032292
0 0.545312 0.555208 0.048958 0.037500
0 0.689063 0.560417 0.032292 0.052083
0 0.780729 0.489583 0.019792 0.037500
0 0.703125 0.897917 0.045833 0.027083
0 0.269271 0.103646 0.042708 0.044792
0 0.823438 0.471354 0.023958 0.040625
0 0.648438 0.625000 0.046875 0.029167
0 0.785937 0.821354 0.038542 0.019792
0 0.633854 0.750521 0.040625 0.044792
0 0.616146 0.774479 0.046875 0.026042
0 0.694792 0.460417 0.050000 0.033333
0 0.625000 0.625521 0.043750 0.030208
0 0.498958 0.638542 0.047917 0.035417
0 0.751042 0.259896 0.045833 0.038542
0 0.404687 0.169271 0.048958 0.030208
0 0.444271 0.757812 0.051042 0.053125
0 0.308854 0.757292 0.032292 0.047917
0 0.244271 0.274479 0.040625 0.046875
0 0.155729 0.742708 0.042708 0.037500
0 0.744271 0.848437 0.053125 0.051042
0 0.531250 0.321875 0.022917 0.039583
0 0.623958 0.665625 0.039583 0.025000
0 0.789583 0.245833 0.029167 0.045833
0 0.407813 0.298958 0.038542 0.033333
0 0.131771 0.793750 0.028125 0.045833
0 0.498437 0.168229 0.044792 0.042708
0 0.786458 0.360417 0.029167 0.045833
0 0.803646 0.438542 0.042708 0.027083
0 0.890104 0.594271 0.044792 0.055208
0 0.325521 0.122396 0.034375 0.053125
0 0.229167 0.091146 0.041667 0.048958
0 0.788021 0.220312 0.048958 0.046875
0 0.573958 0.590625 0.047917 0.027083
0 0.568229 0.850000 0.036458 0.037500
0 0.365104 0.071354 0.038542 0.021875
0 0.442708 0.603125 0.020833 0.039583
0 0.163542 0.386458 0.031250 0.050000
0 0.407813 0.648958 0.051042 0.033333
0 0.828646 0.880208 0.040625 0.041667
0 0.597917 0.475000 0.029167 0.037500
0 0.409896 0.840625 0.042708 0.054167
0 0.553125 0.535417 0.043750 0.045833
0 0.331771 0.601562 0.046875 0.038542
0 0.715625 0.912500 0.037500 0.027083
0 0.686458 0.938542 0.045833 0.043750
0 0.603646 0.549479 0.030208 0.044792
0 0.404687 0.931250 0.028125 0.039583
0 0.109896 0.119271 0.055208 0.046875
0 0.145313 0.743750 0.026042 0.037500
0 0.883854 0.917708 0.053125 0.035417
0 0.876563 0.723958 0.042708 0.037500
0 0.828646 0.208854 0.021875 0.042708
0 0.548958 0.661979 0.039583 0.038542
0 0.203125 0.450521 0.047917 0.028125
0 0.742188 0.789062 0.046875 0.038542
0 0.654687 0.241667 0.048958 0.041667
0 0.631250 0.154688 0.045833 0.023958
0 0.655208 0.082292 0.037500 0.047917
0 0.966146 0.519271 0.040625 0.038542
0 0.402083 0.908333 0.045833 0.045833
0 0.598437 0.506250 0.040625 0.020833
0 0.252083 0.171354 0.033333 0.044792
0 0.918750 0.580208 0.043750 0.045833
0 0.650000 0.166667 0.041667 0.039583
0 0.481250 0.189583 0.035417 0.047917
0 0.334896 0.351562 0.028125 0.051042
0 0.206771 0.796354 0.019792 0.038542
0 0.074479 0.715625 0.036458 0.037500
0 0.198437 0.386979 0.040625 0.051042
0 0.122917 0.622396 0.033333 0.040625
0 0.146875 0.503125 0.052083 0.047917
0 0.384896 0.291667 0.046875 0.045833
0 0.173437 0.968229 0.044792 0.042708
0 0.799479 0.230729 0.038542 0.038542
0 0.265625 0.554688 0.052083 0.032292
0 0.904687 0.125521 0.051042 0.055208
0 0.803125 0.106250 0.039583 0.047917
0 0.618229 0.255729 0.046875 0.038542
0 0.847396 0.248958 0.030208 0.043750
0 0.147396 0.817708 0.044792 0.045833
0 0.882292 0.569271 0.041667 0.055208
0 0.467187 0.952604 0.046875 0.055208
0 0.665625 0.218750 0.052083 0.045833
0 0.861979 0.391667 0.046875 0.031250
0 0.905208 0.121354 0.029167 0.048958
0 0.921875 0.314583 0.039583 0.052083
0 0.933854 0.952604 0.030208 0.048958
0 0.953125 0.952083 0.041667 0.052083
0 0.942187 0.520312 0.044792 0.055208
0 0.880208 0.160417 0.047917 0.052083
0 0.648438 0.516146 0.040625 0.026042
0 0.708854 0.938021 0.040625 0.055208
0 0.790625 0.851042 0.025000 0.041667
0 0.239063 0.575000 0.019792 0.039583
0 0.635938 0.659896 0.046875 0.048958
0 0.791667 0.472917 0.039583 0.041667
0 0.727083 0.484375 0.037500 0.027083
0 0.753646 0.947917 0.048958 0.041667
0 0.568229 0.526042 0.034375 0.043750
0 0.303125 0.245312 0.025000 0.048958
0 0.597917 0.127083 0.020833 0.041667
0 0.879167 0.764062 0.033333 0.048958
0 0.796875 0.770312 0.016667 0.034375
0 0.896354 0.827083 0.023958 0.037500
0 0.706250 0.330208 0.027083 0.041667
0 0.490625 0.323437 0.050000 0.042708
0 0.567187 0.879687 0.042708 0.021875
0 0.902604 0.320833 0.026042 0.037500
0 0.556250 0.968229 0.035417 0.053125
0 0.225000 0.618750 0.045833 0.043750
0 0.922396 0.542708 0.019792 0.035417
0 0.676042 0.811979 0.039583 0.038542
0 0.345833 0.426563 0.035417 0.053125
0 0.869792 0.619792 0.045833 0.043750
0 0.639062 0.698438 0.055208 0.044792
0 0.911979 0.094792 0.051042 0.033333
0 0.747917 0.898958 0.037500 0.029167
0 0.648438 0.305729 0.032292 0.044792
0 0.352083 0.454688 0.039583 0.036458
0 0.120313 0.473438 0.048958 0.048958
0 0.683333 0.692187 0.047917 0.046875
0 0.120833 0.758854 0.045833 0.040625
0 0.910937 0.529167 0.038542 0.035417
0 0.893229 0.504167 0.044792 0.054167
0 0.848437 0.496875 0.038542 0.027083
0 0.457813 0.603125 0.051042 0.047917
0 0.127604 0.846354 0.051042 0.053125
0 0.623437 0.814583 0.048958 0.027083
0 0.198437 0.909375 0.038542 0.043750
0 0.229687 0.203125 0.040625 0.025000
0 0.873437 0.172396 0.034375 0.040625
0 0.335417 0.853125 0.039583 0.041667
0 0.956250 0.152604 0.043750 0.055208
0 0.831250 0.826042 0.041667 0.039583
0 0.091667 0.839063 0.035417 0.044792
0 0.417708 0.539062 0.039583 0.048958
0 0.323958 0.396875 0.020833 0.035417
0 0.788021 0.885417 0.046875 0.029167
0 0.377604 0.867188 0.038542 0.040625
0 0.565625 0.188542 0.031250 0.041667
0 0.856771 0.562500 0.038542 0.031250
0 0.108854 0.183333 0.038542 0.043750
0 0.875000 0.916667 0.025000 0.041667
0 0.316146 0.850000 0.034375 0.052083
0 0.348958 0.879687 0.041667 0.044792
0 0.281250 0.480729 0.031250 0.040625
0 0.629687 0.786979 0.021875 0.038542
0 0.252604 0.488021 0.036458 0.051042
0 0.254167 0.643750 0.043750 0.045833
0 0.668229 0.791146 0.034375 0.040625
0 0.440104 0.896354 0.053125 0.032292
0 0.900521 0.293229 0.053125 0.032292
0 0.652083 0.226562 0.033333 0.040625
0 0.297396 0.474479 0.055208 0.036458
0 0.082292 0.219792 0.043750 0.035417
0 0.625000 0.119792 0.050000 0.047917
0 0.465104 0.082812 0.044792 0.030208
0 0.068229 0.927604 0.032292 0.044792
0 0.477083 0.707292 0.037500 0.027083
0 0.094792 0.591146 0.039583 0.036458
0 0.797396 0.653646 0.048958 0.055208
0 0.878125 0.538021 0.054167 0.038542
0 0.819271 0.961458 0.038542 0.043750
0 0.325000 0.516667 0.029167 0.050000
0 0.697396 0.690625 0.042708 0.047917
0 0.735417 0.373437 0.031250 0.048958
0 0.772917 0.509896 0.054167 0.048958
0 0.134896 0.243750 0.048958 0.027083
0 0.309375 0.222917 0.029167 0.045833
0 0.797917 0.607292 0.035417 0.037500
0 0.282813 0.453646 0.042708 0.044792
0 0.077083 0.720833 0.050000 0.047917
0 0.675521 0.497917 0.038542 0.035417
0 0.205208 0.909375 0.035417 0.037500
0 0.793750 0.747917 0.045833 0.029167
0 0.728646 0.530729 0.040625 0.051042
0 0.963542 0.372396 0.033333 0.040625
0 0.735938 0.927604 0.044792 0.040625
0 0.230208 0.802604 0.031250 0.040625
0 0.436979 0.935937 0.051042 0.053125
0 0.435937 0.105729 0.053125 0.034375
0 0.455208 0.810417 0.047917 0.050000
0 0.517708 0.882292 0.035417 0.037500
0 0.818750 0.919792 0.037500 0.027083
0 0.875000 0.861458 0.050000 0.029167
0 0.338021 0.620833 0.026042 0.041667
0 0.168750 0.936979 0.039583 0.036458
0 0.627604 0.797917 0.042708 0.047917
0 0.884896 0.923958 0.044792 0.025000
0 0.888021 0.192708 0.053125 0.041667
0 0.448437 0.327604 0.032292 0.046875
0 0.781771 0.891667 0.028125 0.050000
0 0.296354 0.178125 0.040625 0.043750
0 0.150000 0.780208 0.050000 0.031250
0 0.330208 0.715625 0.020833 0.039583
0 0.252083 0.514583 0.033333 0.037500
0 0.868750 0.536979 0.054167 0.044792
0 0.144271 0.316667 0.034375 0.043750
0 0.933854 0.759896 0.046875 0.036458
0 0.627083 0.352083 0.039583 0.052083
0 0.188542 0.102604 0.027083 0.040625
0 0.763021 0.408333 0.038542 0.033333
0 0.823958 0.698438 0.045833 0.026042
0 0.188542 0.727083 0.031250 0.050000
0 0.565625 0.683854 0.047917 0.028125
0 0.833333 0.847396 0.037500 0.048958
0 0.416667 0.171354 0.045833 0.032292
0 0.259896 0.301042 0.032292 0.039583
0 0.896875 0.641667 0.039583 0.041667
0 0.545312 0.405208 0.034375 0.043750
0 0.585417 0.483333 0.039583 0.022917
0 0.315104 0.380208 0.036458 0.043750
0 0.767708 0.451042 0.052083 0.039583
0 0.230208 0.604688 0.035417 0.017708
0 0.842187 0.426563 0.023958 0.040625
0 0.871875 0.692187 0.039583 0.023958
0 0.257812 0.343750 0.046875 0.031250
0 0.538021 0.100521 0.046875 0.055208
0 0.279167 0.204687 0.047917 0.032292
0 0.904687 0.269792 0.044792 0.054167
0 0.768229 0.269792 0.038542 0.047917
0 0.951562 0.838021 0.040625 0.044792
0 0.258854 0.419792 0.044792 0.033333
0 0.567708 0.594271 0.047917 0.053125
0 0.684896 0.157812 0.040625 0.030208
0 0.306771 0.127083 0.044792 0.035417
0 0.329167 0.510417 0.025000 0.043750
0 0.163021 0.521354 0.044792 0.042708
0 0.921875 0.466146 0.045833 0.032292
0 0.307812 0.534896 0.038542 0.040625
0 0.136979 0.431771 0.048958 0.046875
0 0.353125 0.456250 0.037500 0.029167
0 0.413021 0.716146 0.046875 0.048958
0 0.877604 0.260937 0.046875 0.048958
0 0.316146 0.256250 0.042708 0.054167
0 0.649479 0.368229 0.044792 0.051042
0 0.435937 0.642188 0.044792 0.028125
0 0.903125 0.210417 0.041667 0.029167
0 0.099479 0.170313 0.026042 0.044792
0 0.191146 0.233854 0.040625 0.044792
0 0.794792 0.492188 0.027083 0.038542
0 0.424479 0.819271 0.040625 0.051042
0 0.593750 0.270833 0.043750 0.033333
0 0.105208 0.753646 0.037500 0.021875
0 0.633854 0.077604 0.053125 0.051042
0 0.520833 0.671875 0.039583 0.041667
0 0.651042 0.718750 0.047917 0.041667
0 0.662500 0.320833 0.045833 0.043750
0 0.892708 0.758854 0.054167 0.048958
0 0.681771 0.160938 0.044792 0.042708
0 0.451042 0.761458 0.031250 0.037500
0 0.282813 0.326042 0.046875 0.052083
0 0.134375 0.723437 0.025000 0.042708
0 0.120833 0.863542 0.039583 0.022917
0 0.693750 0.104167 0.035417 0.018750
0 0.577604 0.431771 0.046875 0.034375
0 0.653125 0.146354 0.025000 0.042708
0 0.414583 0.533333 0.031250 0.037500
0 0.467187 0.872396 0.051042 0.034375
0 0.270313 0.102083 0.042708 0.027083
0 0.094271 0.863542 0.044792 0.047917
0 0.328125 0.729688 0.047917 0.032292
0 0.354167 0.820312 0.045833 0.038542
0 0.368229 0.582292 0.026042 0.041667
0 0.895833 0.845833 0.041667 0.029167
0 0.727604 0.483333 0.053125 0.037500
0 0.923438 0.451042 0.026042 0.041667
0 0.217708 0.343229 0.039583 0.036458
0 0.920312 0.423958 0.044792 0.045833
0 0.240104 0.236458 0.038542 0.022917
0 0.743750 0.584375 0.020833 0.035417
0 0.904167 0.401042 0.043750 0.045833
0 0.927604 0.832292 0.040625 0.041667
0 0.346354 0.258333 0.040625 0.054167
0 0.146875 0.384896 0.029167 0.040625
0 0.360938 0.214062 0.040625 0.044792
0 0.609896 0.921875 0.042708 0.031250
0 0.475000 0.526042 0.039583 0.025000
0 0.150521 0.130208 0.042708 0.033333
0 0.711979 0.878125 0.030208 0.039583
0 0.767188 0.864583 0.042708 0.029167
0 0.630729 0.097917 0.021875 0.037500
0 0.769792 0.707292 0.045833 0.031250
0 0.475000 0.492188 0.027083 0.042708
0 0.305208 0.328125 0.043750 0.035417
0 0.778646 0.438021 0.053125 0.032292
0 0.490625 0.261979 0.054167 0.046875
0 0.606250 0.772396 0.043750 0.048958
0 0.369271 0.803646 0.055208 0.044792
0 0.427083 0.317708 0.037500 0.025000
0 0.532292 0.734375 0.033333 0.043750
0 0.963021 0.557292 0.034375 0.037500
0 0.927083 0.601042 0.037500 0.043750
0 0.534375 0.117708 0.047917 0.033333
0 0.070312 0.352083 0.034375 0.047917
0 0.771354 0.246875 0.034375 0.047917
0 0.367188 0.950000 0.046875 0.052083
0 0.571875 0.104688 0.033333 0.053125
0 0.383333 0.320833 0.029167 0.041667
0 0.381771 0.481771 0.040625 0.028125
0 0.833333 0.801042 0.043750 0.033333
0 0.154688 0.595313 0.048958 0.046875
0 0.329688 0.096354 0.042708 0.044792
0 0.276562 0.382292 0.036458 0.037500
0 0.073958 0.317708 0.025000 0.043750
0 0.859896 0.758333 0.044792 0.047917
0 0.453125 0.239583 0.037500 0.035417
0 0.402604 0.101562 0.046875 0.023958
0 0.213542 0.379167 0.047917 0.033333
0 0.518229 0.879167 0.042708 0.041667
0 0.522396 0.914062 0.040625 0.036458
0 0.971354 0.595833 0.053125 0.043750
0 0.074479 0.953646 0.030208 0.040625
0 0.625521 0.332813 0.046875 0.026042
0 0.840625 0.297917 0.033333 0.043750
0 0.309375 0.307812 0.025000 0.038542
0 0.883333 0.910937 0.033333 0.040625
0 0.844271 0.430208 0.038542 0.043750
0 0.688542 0.319271 0.039583 0.034375
0 0.275000 0.700521 0.039583 0.032292
0 0.432812 0.390104 0.046875 0.048958
0 0.163021 0.425521 0.046875 0.034375
0 0.487500 0.948438 0.054167 0.044792
0 0.519271 0.729688 0.046875 0.040625
0 0.705729 0.767708 0.036458 0.020833
0 0.689063 0.084375 0.036458 0.047917
0 0.504687 0.541146 0.044792 0.044792
0 0.170313 0.476562 0.030208 0.048958
0 0.640625 0.440625 0.022917 0.037500
0 0.414062 0.124479 0.044792 0.040625
0 0.515625 0.420312 0.027083 0.046875
0 0.593229 0.227604 0.034375 0.040625
0 0.785417 0.443750 0.043750 0.052083
0 0.219271 0.750000 0.023958 0.041667
0 0.557813 0.823438 0.040625 0.046875
0 0.188542 0.967708 0.025000 0.047917
0 0.109375 0.687500 0.041667 0.047917
0 0.182812 0.947396 0.042708 0.044792
0 0.782292 0.676042 0.041667 0.029167
0 0.270313 0.300000 0.038542 0.022917
0 0.228646 0.251042 0.036458 0.037500
0 0.096875 0.282292 0.039583 0.047917
0 0.814583 0.564583 0.025000 0.043750
0 0.261458 0.520312 0.041667 0.048958
0 0.150521 0.443229 0.038542 0.051042
0 0.600521 0.517188 0.028125 0.051042
0 0.399479 0.695833 0.044792 0.027083
0 0.377083 0.315104 0.016667 0.034375
0 0.320833 0.532292 0.045833 0.045833
0 0.725521 0.601562 0.032292 0.053125
0 0.333854 0.391146 0.030208 0.048958
0 0.227604 0.818750 0.038542 0.052083
0 0.909896 0.622396 0.044792 0.042708
0 0.113021 0.253125 0.053125 0.043750
0 0.712500 0.709375 0.022917 0.037500
0 0.421875 0.616146 0.041667 0.055208
0 0.224479 0.884896 0.046875 0.026042
0 0.824479 0.124479 0.055208 0.040625
0 0.682813 0.843229 0.034375 0.046875
0 0.296875 0.239063 0.045833 0.048958
0 0.241146 0.647396 0.042708 0.023958
0 0.761979 0.400000 0.040625 0.022917
0 0.546354 0.858333 0.032292 0.043750
0 0.579688 0.713021 0.046875 0.055208
0 0.341146 0.113542 0.026042 0.045833
0 0.451562 0.172917 0.040625 0.043750
0 0.654687 0.563021 0.038542 0.051042
0 0.844792 0.343229 0.039583 0.026042
0 0.733333 0.356771 0.043750 0.030208
0 0.407292 0.875000 0.037500 0.043750
0 0.807813 0.358854 0.040625 0.038542
0 0.779687 0.761979 0.028125 0.040625
0 0.214062 0.784896 0.032292 0.053125
0 0.420833 0.350521 0.027083 0.046875
0 0.528646 0.602604 0.042708 0.051042
0 0.657813 0.137500 0.038542 0.033333
0 0.641146 0.203646 0.032292 0.040625
0 0.472917 0.160417 0.045833 0.052083
0 0.778125 0.138021 0.031250 0.053125
0 0.398438 0.884375 0.040625 0.047917
0 0.398438 0.845833 0.044792 0.045833
0 0.957292 0.682813 0.027083 0.046875
0 0.370312 0.325000 0.023958 0.043750
0 0.828646 0.699479 0.044792 0.051042