0 0.204167 0.408333 0.047917 0.037500
0 0.161979 0.164062 0.023958 0.046875
0 0.185417 0.446875 0.025000 0.043750
0 0.947917 0.545312 0.025000 0.044792
0 0.677604 0.648438 0.040625 0.026042
0 0.076042 0.596875 0.027083 0.047917
0 0.223958 0.419792 0.033333 0.043750
0 0.522917 0.496354 0.047917 0.032292
0 0.900521 0.561979 0.046875 0.040625
0 0.410938 0.864583 0.046875 0.027083
0 0.666667 0.436979 0.043750 0.048958
0 0.265104 0.929167 0.023958 0.047917
0 0.102083 0.386979 0.052083 0.051042
0 0.298958 0.122917 0.043750 0.035417
0 0.210417 0.493229 0.027083 0.038542
0 0.544792 0.318750 0.045833 0.043750
0 0.264583 0.352604 0.035417 0.040625
0 0.285417 0.159896 0.035417 0.053125
0 0.850521 0.791146 0.028125 0.051042
0 0.301042 0.625000 0.037500 0.041667
0 0.940625 0.133333 0.043750 0.033333
0 0.129688 0.228646 0.026042 0.044792
0 0.773438 0.662500 0.042708 0.025000
0 0.218750 0.152083 0.045833 0.052083
0 0.116667 0.235417 0.043750 0.035417
0 0.572917 0.800521 0.043750 0.042708
0 0.865625 0.107813 0.039583 0.026042
0 0.406250 0.830729 0.039583 0.028125
0 0.777604 0.304167 0.042708 0.054167
0 0.825000 0.775000 0.027083 0.045833
0 0.232813 0.153125 0.040625 0.052083
0 0.952083 0.836979 0.050000 0.026042
0 0.942708 0.479167 0.041667 0.027083
0 0.698438 0.855729 0.023958 0.046875
0 0.867708 0.102083 0.050000 0.050000
0 0.962500 0.580208 0.043750 0.052083
0 0.156771 0.240625 0.040625 0.047917
0 0.550000 0.863021 0.052083 0.051042
0 0.232292 0.405208 0.045833 0.045833
0 0.660937 0.373958 0.034375 0.047917
0 0.279167 0.859896 0.025000 0.038542
0 0.623437 0.194792 0.038542 0.033333
0 0.204687 0.364583 0.030208 0.050000
0 0.639062 0.740625 0.042708 0.054167
0 0.971354 0.893750 0.053125 0.041667
0 0.446875 0.895833 0.045833 0.043750
0 0.685937 0.156771 0.028125 0.040625
0 0.644271 0.270313 0.026042 0.051042
0 0.820312 0.526042 0.036458 0.037500
0 0.811458 0.218229 0.022917 0.040625
0 0.551562 0.946875 0.046875 0.029167
0 0.313542 0.632812 0.029167 0.046875
0 0.145313 0.630208 0.038542 0.027083
0 0.965104 0.199479 0.051042 0.040625
0 0.150521 0.439063 0.032292 0.048958
0 0.704167 0.565104 0.043750 0.048958
0 0.944792 0.205729 0.045833 0.032292
0 0.705729 0.269271 0.044792 0.055208
0 0.270313 0.484375 0.040625 0.047917
0 0.464583 0.367188 0.050000 0.034375
0 0.806771 0.752604 0.051042 0.038542
0 0.378125 0.786458 0.033333 0.037500
0 0.484375 0.132812 0.043750 0.048958
0 0.228646 0.596354 0.046875 0.034375
0 0.368229 0.619271 0.044792 0.042708
0 0.241146 0.375000 0.032292 0.052083
0 0.472917 0.109375 0.037500 0.052083
0 0.769271 0.140625 0.034375 0.037500
0 0.243229 0.109896 0.051042 0.036458
0 0.781250 0.863542 0.037500 0.041667
0 0.479687 0.562500 0.036458 0.018750
0 0.203125 0.294792 0.037500 0.052083
0 0.855208 0.547917 0.043750 0.052083
0 0.353125 0.504687 0.043750 0.030208
0 0.557813 0.475521 0.055208 0.044792
0 0.397396 0.507812 0.046875 0.048958
0 0.390104 0.855208 0.048958 0.035417
0 0.373437 0.258854 0.046875 0.026042
0 0.637500 0.367708 0.037500 0.025000
0 0.283333 0.616667 0.037500 0.025000
0 0.501042 0.957812 0.022917 0.046875
0 0.205208 0.333854 0.043750 0.040625
0 0.502083 0.722396 0.052083 0.032292
0 0.967187 0.384896 0.044792 0.042708
0 0.716146 0.931771 0.046875 0.036458
0 0.791667 0.951562 0.039583 0.034375
0 0.545312 0.532813 0.023958 0.040625
0 0.952083 0.631771 0.043750 0.048958
0 0.849479 0.714583 0.030208 0.047917
0 0.814583 0.709896 0.054167 0.038542
0 0.243229 0.388021 0.028125 0.048958
0 0.471354 0.271875 0.028125 0.045833
0 0.645833 0.829688 0.054167 0.044792
0 0.746354 0.886458 0.038542 0.047917
0 0.465625 0.265625 0.039583 0.047917
0 0.527604 0.504687 0.036458 0.046875
0 0.434896 0.720313 0.044792 0.042708
0 0.589063 0.817708 0.032292 0.039583
0 0.453646 0.370312 0.038542 0.051042
0 0.211979 0.795312 0.038542 0.040625
0 0.416146 0.508333 0.036458 0.037500
0 0.100521 0.754687 0.040625 0.023958
0 0.152604 0.255729 0.051042 0.038542
0 0.938021 0.311458 0.044792 0.035417
0 0.434896 0.652604 0.044792 0.030208
0 0.873958 0.728125 0.041667 0.020833
0 0.331771 0.495833 0.053125 0.037500
0 0.852604 0.769271 0.055208 0.048958
0 0.603646 0.651563 0.048958 0.023958
0 0.857812 0.716667 0.038542 0.029167
0 0.784896 0.639062 0.051042 0.040625
0 0.674479 0.600521 0.051042 0.026042
0 0.928125 0.297917 0.047917 0.033333
0 0.603646 0.446354 0.036458 0.055208
0 0.858333 0.502083 0.043750 0.035417
0 0.679688 0.527604 0.055208 0.046875
0 0.793750 0.516667 0.029167 0.037500
0 0.630208 0.965104 0.039583 0.034375
0 0.691667 0.792188 0.039583 0.028125
0 0.116146 0.406250 0.028125 0.045833
0 0.749479 0.704688 0.046875 0.032292
0 0.671875 0.934896 0.041667 0.055208
0 0.426563 0.338542 0.021875 0.037500
0 0.680208 0.292187 0.039583 0.044792
0 0.399479 0.292187 0.055208 0.040625
0 0.404167 0.307812 0.041667 0.032292
0 0.562500 0.623958 0.043750 0.052083
0 0.323958 0.748958 0.041667 0.037500
0 0.929688 0.589063 0.021875 0.038542
0 0.655729 0.672396 0.034375 0.040625
0 0.734896 0.472917 0.038542 0.033333
0 0.285417 0.728125 0.041667 0.039583
0 0.240625 0.864583 0.035417 0.043750
0 0.663021 0.346875 0.032292 0.039583
0 0.878646 0.385937 0.028125 0.040625
0 0.300000 0.136458 0.043750 0.033333
0 0.251563 0.164062 0.051042 0.038542
0 0.460938 0.596875 0.051042 0.050000
0 0.930208 0.709375 0.031250 0.041667
0 0.734375 0.573438 0.025000 0.038542
0 0.552083 0.285417 0.037500 0.027083
0 0.417187 0.211458 0.042708 0.039583
0 0.761458 0.727604 0.039583 0.032292
0 0.350000 0.523958 0.035417 0.052083
0 0.841146 0.459896 0.040625 0.038542
0 0.684375 0.732292 0.029167 0.037500
0 0.617708 0.090625 0.043750 0.045833
0 0.497396 0.313542 0.019792 0.039583
0 0.549479 0.164583 0.032292 0.047917
0 0.318750 0.753646 0.052083 0.051042
0 0.840104 0.557292 0.042708 0.031250
0 0.130729 0.878646 0.048958 0.048958
0 0.225521 0.247396 0.042708 0.044792
0 0.496875 0.839583 0.031250 0.043750
0 0.940625 0.961458 0.037500 0.033333
0 0.828646 0.078125 0.030208 0.043750
0 0.185938 0.620313 0.044792 0.042708
0 0.925000 0.168750 0.050000 0.050000
0 0.338021 0.800521 0.023958 0.042708
0 0.099479 0.881771 0.034375 0.040625
0 0.914583 0.311979 0.039583 0.036458
0 0.841146 0.510938 0.036458 0.040625
0 0.922396 0.620833 0.038542 0.043750
0 0.856771 0.512500 0.053125 0.045833
0 0.234896 0.329167 0.044792 0.052083
0 0.479687 0.841667 0.046875 0.045833
0 0.804688 0.578646 0.030208 0.053125
0 0.503646 0.317708 0.044792 0.054167
0 0.728646 0.429167 0.042708 0.025000
0 0.918750 0.361458 0.039583 0.020833
0 0.200000 0.732292 0.037500 0.041667
0 0.496875 0.327604 0.045833 0.038542
0 0.775521 0.871354 0.032292 0.048958
0 0.961979 0.598958 0.044792 0.052083
0 0.212500 0.750000 0.037500 0.035417
0 0.289583 0.619792 0.041667 0.041667
0 0.770312 0.227604 0.036458 0.055208
0 0.948438 0.857292 0.048958 0.033333
0 0.649479 0.488021 0.026042 0.044792
0 0.127604 0.633854 0.053125 0.053125
0 0.228646 0.777083 0.038542 0.033333
0 0.955729 0.632292 0.048958 0.039583
0 0.173958 0.598437 0.037500 0.053125
0 0.922396 0.440104 0.042708 0.023958
0 0.890104 0.694792 0.038542 0.043750
0 0.353125 0.730729 0.029167 0.046875
0 0.819271 0.494271 0.042708 0.044792
0 0.969271 0.240104 0.044792 0.026042
0 0.201563 0.804167 0.042708 0.031250
0 0.669792 0.966667 0.035417 0.037500
0 0.179688 0.306250 0.053125 0.039583
0 0.629687 0.266146 0.051042 0.053125
0 0.227083 0.617708 0.037500 0.029167
0 0.513542 0.631250 0.037500 0.035417
0 0.440625 0.108854 0.035417 0.040625
0 0.305208 0.308333 0.043750 0.025000
0 0.881250 0.558333 0.037500 0.022917
0 0.074479 0.184896 0.019792 0.038542
0 0.832292 0.388021 0.035417 0.040625
0 0.906250 0.491667 0.027083 0.041667
0 0.102083 0.336979 0.050000 0.044792
0 0.709375 0.567187 0.050000 0.036458
0 0.228646 0.478646 0.034375 0.053125
0 0.585938 0.425521 0.038542 0.038542
0 0.525521 0.736979 0.042708 0.055208
0 0.803125 0.814583 0.035417 0.037500
0 0.832292 0.782292 0.018750 0.035417
0 0.568750 0.321875 0.047917 0.035417
0 0.374479 0.915104 0.051042 0.040625
0 0.750000 0.370312 0.043750 0.021875
0 0.816146 0.652604 0.046875 0.036458
0 0.923438 0.944792 0.023958 0.041667
0 0.789583 0.754167 0.047917 0.039583
0 0.422396 0.361979 0.044792 0.032292
0 0.635417 0.380729 0.039583 0.028125
0 0.367708 0.448437 0.052083 0.053125
0 0.528646 0.493229 0.048958 0.046875
0 0.146354 0.731771 0.055208 0.044792
0 0.598958 0.469271 0.020833 0.036458
0 0.214062 0.182292 0.034375 0.052083
0 0.093229 0.235417 0.038542 0.047917
0 0.500000 0.491146 0.018750 0.036458
0 0.707812 0.477083 0.030208 0.039583
0 0.185417 0.523438 0.037500 0.038542
0 0.202083 0.106771 0.037500 0.040625
0 0.679688 0.594271 0.034375 0.046875
0 0.876042 0.951042 0.035417 0.052083
0 0.481771 0.370833 0.026042 0.039583
0 0.879687 0.721354 0.048958 0.055208
0 0.412500 0.534375 0.039583 0.022917
0 0.350000 0.175521 0.027083 0.040625
0 0.161979 0.530208 0.042708 0.054167
0 0.086458 0.961979 0.050000 0.042708
0 0.693229 0.905729 0.040625 0.026042
0 0.693750 0.725000 0.037500 0.025000
0 0.777604 0.933854 0.048958 0.046875
0 0.714063 0.278125 0.042708 0.037500
0 0.473958 0.941146 0.025000 0.042708
0 0.320312 0.187500 0.038542 0.031250
0 0.943229 0.591146 0.042708 0.023958
0 0.584375 0.834896 0.039583 0.044792
0 0.927083 0.871875 0.041667 0.037500
0 0.103125 0.351042 0.041667 0.039583
0 0.395833 0.494792 0.043750 0.033333
0 0.453125 0.296354 0.050000 0.040625
0 0.416667 0.585938 0.050000 0.053125
0 0.172396 0.891146 0.036458 0.040625
0 0.177604 0.648438 0.036458 0.055208
0 0.540104 0.224479 0.023958 0.048958
0 0.263542 0.319792 0.037500 0.029167
0 0.629167 0.402604 0.022917 0.038542
0 0.212500 0.549479 0.047917 0.046875
0 0.296354 0.467187 0.046875 0.038542
0 0.582292 0.948438 0.022917 0.038542
0 0.512500 0.180729 0.039583 0.032292
0 0.917708 0.967187 0.022917 0.042708
0 0.189062 0.578646 0.030208 0.051042
0 0.364063 0.092188 0.038542 0.046875
0 0.417187 0.851562 0.051042 0.026042
0 0.940104 0.075000 0.036458 0.043750
0 0.610938 0.373958 0.051042 0.050000