0 0.500000 0.715625 0.025000 0.043750
0 0.773438 0.304688 0.051042 0.026042
0 0.713542 0.568750 0.022917 0.039583
0 0.258854 0.827083 0.053125 0.035417
0 0.312500 0.398958 0.041667 0.029167
0 0.848958 0.931771 0.041667 0.023958
0 0.170833 0.213021 0.027083 0.042708
0 0.224479 0.899479 0.032292 0.053125
0 0.720313 0.429167 0.048958 0.037500
0 0.453646 0.554167 0.042708 0.047917
0 0.140625 0.642708 0.037500 0.027083
0 0.225000 0.901563 0.039583 0.048958
0 0.152083 0.644792 0.041667 0.029167
0 0.191146 0.463021 0.038542 0.051042
0 0.845833 0.559896 0.027083 0.046875
0 0.940104 0.268229 0.046875 0.023958
0 0.176042 0.668229 0.043750 0.042708
0 0.428125 0.747396 0.045833 0.048958
0 0.262500 0.255208 0.041667 0.039583
0 0.708333 0.565625 0.029167 0.037500
0 0.860938 0.505729 0.053125 0.034375
0 0.823958 0.088021 0.025000 0.048958
0 0.269271 0.648958 0.036458 0.018750
0 0.210938 0.959375 0.044792 0.052083
0 0.689063 0.800000 0.021875 0.043750
0 0.924479 0.190104 0.026042 0.040625
0 0.873958 0.404167 0.025000 0.037500
0 0.123438 0.779687 0.042708 0.021875
0 0.289583 0.877604 0.052083 0.051042
0 0.456771 0.165625 0.042708 0.037500
0 0.598437 0.723958 0.023958 0.041667
0 0.704167 0.485417 0.037500 0.031250
0 0.676562 0.177604 0.055208 0.048958
0 0.085417 0.240104 0.043750 0.030208
0 0.193750 0.426563 0.045833 0.038542
0 0.234375 0.920312 0.052083 0.030208
0 0.603125 0.103646 0.039583 0.028125
0 0.559375 0.641146 0.050000 0.036458
0 0.343750 0.384896 0.022917 0.038542
0 0.926042 0.500000 0.035417 0.047917
0 0.784375 0.687500 0.052083 0.045833
0 0.449479 0.111458 0.038542 0.035417
0 0.733854 0.890625 0.048958 0.050000
0 0.781250 0.101042 0.050000 0.031250
0 0.788542 0.955729 0.054167 0.038542
0 0.563542 0.854688 0.029167 0.040625
0 0.367188 0.828125 0.042708 0.047917
0 0.429688 0.305729 0.030208 0.053125
0 0.435937 0.879687 0.046875 0.048958
0 0.117188 0.400521 0.036458 0.040625
0 0.717187 0.642188 0.030208 0.053125
0 0.707812 0.514583 0.021875 0.039583
0 0.628646 0.545833 0.048958 0.039583
0 0.518229 0.720313 0.048958 0.048958
0 0.080729 0.908854 0.051042 0.038542
0 0.558854 0.134375 0.040625 0.041667
0 0.726042 0.959375 0.045833 0.033333
0 0.613542 0.708333 0.037500 0.025000
0 0.683333 0.142187 0.037500 0.040625
0 0.605729 0.102083 0.034375 0.043750
0 0.810417 0.312500 0.037500 0.033333
0 0.417187 0.468750 0.026042 0.037500
0 0.113542 0.313021 0.043750 0.030208
0 0.514583 0.599479 0.050000 0.038542
0 0.491146 0.875000 0.038542 0.047917
0 0.258333 0.614062 0.020833 0.038542
0 0.397917 0.674479 0.033333 0.044792
0 0.236458 0.160417 0.045833 0.045833
0 0.685937 0.451562 0.034375 0.053125
0 0.652083 0.263021 0.043750 0.042708
0 0.797396 0.778646 0.046875 0.034375
0 0.635417 0.323958 0.041667 0.031250
0 0.963542 0.783854 0.050000 0.053125
0 0.780208 0.742188 0.050000 0.042708
0 0.208854 0.622396 0.028125 0.040625
0 0.558854 0.894271 0.046875 0.026042
0 0.116667 0.308854 0.054167 0.040625
0 0.538021 0.256771 0.042708 0.023958
0 0.171354 0.892708 0.036458 0.037500
0 0.594792 0.606771 0.039583 0.048958
0 0.491146 0.178125 0.042708 0.041667
0 0.780729 0.163021 0.032292 0.053125
0 0.351042 0.196875 0.033333 0.050000
0 0.575521 0.505208 0.038542 0.047917
0 0.848437 0.614062 0.046875 0.055208
0 0.769792 0.723958 0.037500 0.052083
0 0.920833 0.172917 0.022917 0.043750
0 0.155208 0.165104 0.022917 0.040625
0 0.788542 0.593229 0.029167 0.040625
0 0.386458 0.080729 0.037500 0.038542
0 0.550000 0.101042 0.029167 0.041667
0 0.119792 0.698958 0.043750 0.045833
0 0.470313 0.530729 0.051042 0.040625
0 0.479687 0.644792 0.048958 0.035417
0 0.561979 0.189062 0.055208 0.051042
0 0.897396 0.158854 0.040625 0.044792
0 0.596875 0.316667 0.035417 0.020833
0 0.499479 0.529687 0.044792 0.042708
0 0.411458 0.951042 0.047917 0.050000
0 0.670312 0.876042 0.028125 0.041667
0 0.469792 0.432812 0.043750 0.042708
0 0.962500 0.198958 0.047917 0.025000
0 0.463542 0.496354 0.041667 0.048958
0 0.618229 0.169792 0.044792 0.022917
0 0.099479 0.891146 0.055208 0.038542
0 0.597396 0.893750 0.042708 0.020833
0 0.420833 0.526563 0.029167 0.040625
0 0.428125 0.531771 0.025000 0.048958
0 0.760417 0.245312 0.047917 0.053125
0 0.464062 0.622917 0.048958 0.027083
0 0.955208 0.439583 0.043750 0.025000
0 0.077604 0.505208 0.038542 0.027083
0 0.107813 0.379688 0.032292 0.044792
0 0.318750 0.681771 0.041667 0.023958
0 0.829688 0.923958 0.038542 0.033333
0 0.688021 0.967708 0.034375 0.039583
0 0.790625 0.676562 0.033333 0.048958
0 0.286458 0.193750 0.031250 0.050000
0 0.430208 0.081250 0.022917 0.045833
0 0.810937 0.764583 0.032292 0.052083
0 0.164062 0.305208 0.040625 0.047917
0 0.741146 0.548438 0.046875 0.048958
0 0.205208 0.721875 0.037500 0.033333
0 0.560937 0.352604 0.048958 0.046875
0 0.193229 0.892188 0.038542 0.046875
0 0.914583 0.930729 0.037500 0.021875
0 0.724479 0.850521 0.055208 0.044792
0 0.936458 0.820833 0.029167 0.037500
0 0.560417 0.588021 0.037500 0.019792
0 0.322396 0.080729 0.044792 0.048958
0 0.618229 0.369271 0.038542 0.038542
0 0.311979 0.234896 0.023958 0.042708
0 0.609375 0.722396 0.050000 0.042708
0 0.204167 0.672917 0.050000 0.050000
0 0.802604 0.076042 0.044792 0.047917
0 0.727083 0.616667 0.041667 0.031250
0 0.585938 0.560937 0.055208 0.044792
0 0.941667 0.540625 0.045833 0.043750
0 0.315104 0.660937 0.044792 0.026042
0 0.086979 0.800521 0.051042 0.044792
0 0.151042 0.240625 0.050000 0.050000
0 0.073438 0.282292 0.042708 0.047917
0 0.514062 0.667708 0.023958 0.041667
0 0.622396 0.530208 0.036458 0.037500
0 0.639583 0.408854 0.035417 0.048958
0 0.402083 0.265625 0.047917 0.035417
0 0.609896 0.649479 0.036458 0.040625
0 0.742708 0.752604 0.020833 0.036458
0 0.261458 0.394271 0.027083 0.040625
0 0.477604 0.688021 0.046875 0.034375
0 0.710938 0.712500 0.046875 0.029167
0 0.869271 0.833854 0.028125 0.046875
0 0.753646 0.765625 0.053125 0.043750
0 0.775000 0.680729 0.054167 0.042708
0 0.340104 0.849479 0.046875 0.048958
0 0.549479 0.228125 0.042708 0.047917
0 0.226562 0.343229 0.048958 0.030208
0 0.678646 0.721875 0.048958 0.035417
0 0.681250 0.501042 0.037500 0.027083
0 0.283854 0.659375 0.048958 0.037500
0 0.366667 0.660417 0.025000 0.041667
0 0.719792 0.231771 0.045833 0.048958
0 0.889062 0.345313 0.040625 0.055208
0 0.464583 0.767188 0.027083 0.038542
0 0.113542 0.346354 0.031250 0.044792
0 0.246875 0.347917 0.035417 0.052083
0 0.538021 0.681250 0.023958 0.047917
0 0.339583 0.468750 0.043750 0.052083
0 0.958854 0.841667 0.040625 0.041667
0 0.127604 0.795833 0.046875 0.031250
0 0.430208 0.341667 0.045833 0.043750
0 0.473958 0.678125 0.047917 0.037500
0 0.628646 0.422396 0.040625 0.046875
0 0.433333 0.817187 0.050000 0.026042
0 0.950521 0.916146 0.026042 0.040625
0 0.372396 0.616667 0.038542 0.037500
0 0.417187 0.209896 0.055208 0.048958
0 0.940625 0.815104 0.047917 0.028125
0 0.159375 0.971875 0.033333 0.050000
0 0.270833 0.712500 0.045833 0.043750
0 0.585417 0.501042 0.035417 0.043750
0 0.876563 0.491667 0.046875 0.043750
0 0.844271 0.265625 0.053125 0.037500
0 0.093229 0.711979 0.044792 0.026042
0 0.076563 0.420312 0.023958 0.042708
0 0.709375 0.405729 0.039583 0.048958
0 0.157292 0.151042 0.033333 0.050000
0 0.742188 0.283333 0.053125 0.035417
0 0.606250 0.202083 0.045833 0.043750
0 0.342187 0.524479 0.044792 0.040625
0 0.467187 0.261458 0.034375 0.039583
0 0.604688 0.186458 0.034375 0.043750
0 0.766667 0.795312 0.022917 0.040625
0 0.214583 0.465104 0.050000 0.042708
0 0.320833 0.186979 0.031250 0.044792
0 0.872396 0.905208 0.023958 0.047917
0 0.165104 0.675521 0.055208 0.040625
0 0.404687 0.397396 0.044792 0.040625
0 0.362500 0.227083 0.041667 0.029167
0 0.241667 0.364063 0.045833 0.034375
0 0.641667 0.842708 0.022917 0.037500
0 0.593229 0.221875 0.048958 0.025000
0 0.836458 0.889062 0.041667 0.021875
0 0.607292 0.160417 0.043750 0.033333
0 0.095312 0.643229 0.040625 0.038542
0 0.582292 0.726562 0.027083 0.042708
0 0.117708 0.465104 0.022917 0.042708
0 0.583333 0.326042 0.031250 0.045833
0 0.245312 0.164583 0.032292 0.043750
0 0.618750 0.821354 0.041667 0.032292
0 0.467187 0.813021 0.046875 0.038542
0 0.766667 0.191667 0.018750 0.037500
0 0.681771 0.473958 0.042708 0.039583
0 0.118750 0.621875 0.052083 0.045833
0 0.756250 0.875521 0.043750 0.040625
0 0.271354 0.743229 0.040625 0.051042
0 0.551042 0.867188 0.047917 0.030208
0 0.260937 0.344271 0.023958 0.046875
0 0.869792 0.223958 0.050000 0.050000
0 0.540104 0.230729 0.051042 0.034375
0 0.863021 0.816146 0.034375 0.040625
0 0.189583 0.615104 0.035417 0.040625
0 0.686458 0.702083 0.047917 0.052083
0 0.759375 0.526563 0.033333 0.040625
0 0.826042 0.915104 0.027083 0.040625
0 0.364583 0.732292 0.022917 0.039583
0 0.881250 0.271354 0.043750 0.055208
0 0.883854 0.626563 0.038542 0.019792
0 0.422396 0.334375 0.044792 0.035417
0 0.089063 0.427083 0.042708 0.031250
0 0.649479 0.326562 0.038542 0.046875
0 0.473438 0.921875 0.048958 0.052083
0 0.664062 0.719271 0.028125 0.044792
0 0.335938 0.610938 0.032292 0.046875
0 0.904167 0.946354 0.041667 0.044792
0 0.709896 0.285938 0.017708 0.036458
0 0.590104 0.340104 0.055208 0.048958
0 0.256771 0.424479 0.040625 0.032292
0 0.479687 0.396875 0.036458 0.037500
0 0.551042 0.868229 0.047917 0.032292
0 0.915625 0.202083 0.035417 0.020833
0 0.970833 0.184896 0.045833 0.055208
0 0.690625 0.552083 0.037500 0.029167
0 0.653125 0.704167 0.027083 0.041667
0 0.737500 0.654687 0.045833 0.038542
0 0.208333 0.166667 0.043750 0.045833
0 0.125521 0.966667 0.023958 0.037500
0 0.805729 0.844271 0.038542 0.046875
0 0.546875 0.135417 0.041667 0.037500
0 0.330208 0.486458 0.050000 0.031250
0 0.876042 0.559896 0.035417 0.048958
0 0.230208 0.238021 0.054167 0.038542
0 0.285417 0.666667 0.037500 0.025000
0 0.594271 0.269792 0.048958 0.052083
0 0.602604 0.111458 0.038542 0.043750
0 0.125000 0.587500 0.041667 0.039583
0 0.946875 0.891667 0.027083 0.037500
0 0.966667 0.777083 0.043750 0.052083
0 0.429167 0.726042 0.052083 0.041667
0 0.846875 0.890625 0.018750 0.035417
0 0.115104 0.404167 0.038542 0.043750
0 0.622917 0.668229 0.027083 0.051042
0 0.279167 0.655208 0.052083 0.035417
0 0.351042 0.901042 0.035417 0.037500
0 0.878125 0.834896 0.050000 0.034375
0 0.731250 0.498437 0.045833 0.040625
0 0.940625 0.439583 0.041667 0.037500
0 0.494792 0.889583 0.037500 0.022917
0 0.347917 0.415625 0.027083 0.047917
0 0.295312 0.338542 0.044792 0.054167
0 0.452604 0.946354 0.032292 0.048958
0 0.846875 0.119792 0.033333 0.043750
0 0.076042 0.669271 0.043750 0.040625
0 0.717187 0.317708 0.038542 0.043750
0 0.146354 0.855729 0.051042 0.038542
0 0.908333 0.559896 0.043750 0.042708
0 0.441146 0.448437 0.040625 0.028125
0 0.632292 0.873437 0.050000 0.044792
0 0.492188 0.118750 0.046875 0.043750
0 0.446354 0.591667 0.026042 0.050000
0 0.876563 0.882812 0.038542 0.055208
0 0.485417 0.130729 0.047917 0.030208
0 0.607812 0.928125 0.038542 0.047917
0 0.529687 0.892708 0.040625 0.022917
0 0.301042 0.330729 0.052083 0.030208
0 0.286979 0.097917 0.044792 0.047917
0 0.748958 0.209375 0.043750 0.035417
0 0.903646 0.732812 0.019792 0.038542
0 0.180729 0.114583 0.028125 0.045833
0 0.257812 0.519271 0.040625 0.032292
0 0.758333 0.740104 0.039583 0.044792
0 0.233854 0.681771 0.051042 0.053125
0 0.271354 0.341146 0.038542 0.046875
0 0.578646 0.272396 0.055208 0.048958
0 0.665625 0.642708 0.039583 0.047917
0 0.707292 0.591146 0.047917 0.046875
0 0.163542 0.501563 0.043750 0.026042
0 0.967708 0.836979 0.050000 0.053125
0 0.737500 0.182812 0.054167 0.048958
0 0.631250 0.517708 0.031250 0.045833
0 0.156771 0.933854 0.032292 0.044792
0 0.253646 0.513542 0.036458 0.037500
0 0.780729 0.887500 0.019792 0.035417
0 0.180208 0.163021 0.047917 0.046875
0 0.508854 0.095833 0.038542 0.031250
0 0.409375 0.426042 0.027083 0.037500
0 0.143750 0.186458 0.025000 0.043750
0 0.830208 0.821354 0.050000 0.036458
0 0.558333 0.281250 0.045833 0.043750
0 0.515104 0.582812 0.040625 0.030208
0 0.192188 0.230208 0.051042 0.035417
0 0.797396 0.892188 0.040625 0.034375
0 0.107813 0.465104 0.044792 0.040625
0 0.910937 0.482292 0.046875 0.027083
0 0.769792 0.859375 0.033333 0.043750
0 0.119792 0.446875 0.031250 0.045833
0 0.206250 0.767708 0.022917 0.037500
0 0.458854 0.405208 0.034375 0.043750
0 0.218750 0.935417 0.047917 0.041667
0 0.601562 0.686979 0.055208 0.046875
0 0.637500 0.357812 0.039583 0.036458
0 0.129688 0.578125 0.030208 0.043750
0 0.394271 0.692708 0.036458 0.020833
0 0.104688 0.783854 0.036458 0.055208
0 0.211458 0.371875 0.047917 0.052083
0 0.302604 0.940104 0.044792 0.055208
0 0.165104 0.091667 0.051042 0.031250
0 0.756771 0.914583 0.030208 0.050000
0 0.282292 0.575521 0.037500 0.023958
0 0.433854 0.888542 0.030208 0.050000
0 0.206771 0.153125 0.053125 0.047917
0 0.425521 0.643229 0.044792 0.028125
0 0.891146 0.788021 0.055208 0.048958
0 0.914062 0.232292 0.053125 0.037500
0 0.640104 0.421875 0.046875 0.052083
0 0.738021 0.301563 0.042708 0.051042
0 0.459896 0.230729 0.023958 0.038542
0 0.335417 0.709896 0.043750 0.030208
0 0.712500 0.819271 0.020833 0.036458
0 0.760938 0.626042 0.053125 0.045833
0 0.932813 0.325521 0.055208 0.042708
0 0.423438 0.350000 0.036458 0.037500
0 0.665625 0.494792 0.047917 0.025000
0 0.914062 0.276562 0.055208 0.048958
0 0.866146 0.480208 0.038542 0.035417
0 0.863542 0.643229 0.037500 0.040625
0 0.968750 0.953646 0.052083 0.053125
0 0.882812 0.387500 0.036458 0.043750
0 0.216146 0.513021 0.034375 0.053125
0 0.274479 0.509375 0.048958 0.025000
0 0.193229 0.285938 0.055208 0.036458
0 0.697396 0.475521 0.038542 0.021875
0 0.257812 0.295833 0.030208 0.047917
0 0.359375 0.729688 0.043750 0.042708
0 0.472396 0.210417 0.053125 0.037500
0 0.719271 0.594792 0.053125 0.041667
0 0.222917 0.702083 0.039583 0.041667
0 0.214583 0.504167 0.037500 0.027083
0 0.930729 0.904167 0.038542 0.047917
0 0.914062 0.594792 0.053125 0.035417
0 0.970833 0.740104 0.054167 0.044792
0 0.468750 0.608854 0.037500 0.044792
0 0.268750 0.608854 0.029167 0.051042
0 0.276042 0.378125 0.052083 0.041667
0 0.164583 0.866146 0.043750 0.028125
0 0.845313 0.521875 0.044792 0.045833
0 0.507812 0.340104 0.040625 0.038542
0 0.961458 0.366667 0.052083 0.045833
0 0.182812 0.500521 0.053125 0.030208
0 0.252604 0.787500 0.040625 0.020833
0 0.317188 0.086458 0.051042 0.031250
0 0.853125 0.521354 0.054167 0.040625
0 0.496354 0.428646 0.048958 0.055208
0 0.267188 0.668750 0.023958 0.041667
0 0.769792 0.896875 0.027083 0.043750
0 0.635417 0.750521 0.037500 0.038542
0 0.551562 0.396875 0.023958 0.047917
0 0.263542 0.864062 0.041667 0.042708
0 0.428125 0.290104 0.054167 0.046875
0 0.365104 0.605729 0.048958 0.044792
0 0.693229 0.361458 0.038542 0.025000
0 0.457292 0.369792 0.045833 0.031250
0 0.480208 0.794792 0.039583 0.041667
0 0.936458 0.951042 0.033333 0.037500
0 0.227604 0.830208 0.053125 0.041667
0 0.479687 0.299479 0.044792 0.030208
0 0.591667 0.806771 0.031250 0.040625
0 0.804167 0.251563 0.054167 0.044792
0 0.757292 0.680729 0.043750 0.040625
0 0.281771 0.547396 0.055208 0.040625
0 0.941667 0.507292 0.045833 0.027083
0 0.158854 0.361979 0.046875 0.034375
0 0.258333 0.903646 0.035417 0.040625
0 0.622917 0.863542 0.037500 0.025000
0 0.767708 0.227083 0.037500 0.031250
0 0.948958 0.396875 0.029167 0.041667
0 0.716146 0.327083 0.026042 0.039583
0 0.931771 0.637500 0.036458 0.020833
0 0.322917 0.923958 0.037500 0.041667
0 0.551042 0.148958 0.052083 0.035417
0 0.661458 0.530208 0.052083 0.041667
0 0.110937 0.360417 0.032292 0.039583
0 0.459375 0.855729 0.039583 0.032292
0 0.807813 0.627083 0.036458 0.047917
0 0.622396 0.143750 0.038542 0.052083
0 0.290104 0.808333 0.034375 0.043750
0 0.783333 0.204167 0.041667 0.039583
0 0.210417 0.752083 0.047917 0.039583
0 0.429167 0.315104 0.050000 0.040625
0 0.142708 0.492708 0.043750 0.035417
0 0.273438 0.421354 0.030208 0.044792
0 0.649479 0.241667 0.044792 0.052083
0 0.619792 0.736979 0.050000 0.028125
0 0.939063 0.191146 0.034375 0.051042
0 0.571354 0.121875 0.038542 0.022917
0 0.914583 0.709375 0.045833 0.043750
0 0.393750 0.590104 0.041667 0.055208
0 0.555729 0.958333 0.046875 0.045833
0 0.528646 0.084375 0.038542 0.035417
0 0.684375 0.343229 0.037500 0.038542
0 0.751042 0.642708 0.043750 0.045833
0 0.664062 0.874479 0.030208 0.044792
0 0.814063 0.258333 0.028125 0.039583
0 0.479687 0.643229 0.055208 0.038542
0 0.211979 0.670312 0.042708 0.023958
0 0.088021 0.133854 0.040625 0.051042
0 0.584375 0.555208 0.029167 0.050000
0 0.931250 0.421354 0.043750 0.042708
0 0.709375 0.098958 0.050000 0.047917
0 0.396354 0.455729 0.042708 0.021875
0 0.871354 0.402604 0.036458 0.051042
0 0.618229 0.514062 0.042708 0.023958
0 0.917708 0.236458 0.041667 0.039583
0 0.679688 0.644792 0.032292 0.052083
0 0.662500 0.721875 0.027083 0.045833
0 0.957292 0.643229 0.035417 0.044792
0 0.372396 0.218750 0.038542 0.052083
0 0.138542 0.246354 0.033333 0.040625
0 0.273438 0.793229 0.040625 0.030208
0 0.735938 0.458854 0.040625 0.038542
0 0.445833 0.196354 0.043750 0.042708
0 0.152604 0.804167 0.051042 0.033333
0 0.890104 0.750521 0.042708 0.023958
0 0.066146 0.310417 0.028125 0.039583
0 0.972917 0.951042 0.050000 0.029167
0 0.743229 0.472396 0.051042 0.055208
0 0.473958 0.442188 0.039583 0.044792
0 0.632292 0.810417 0.052083 0.045833
0 0.185938 0.453125 0.038542 0.029167
0 0.554688 0.846875 0.044792 0.037500
0 0.795312 0.343229 0.026042 0.051042
0 0.244792 0.149479 0.039583 0.036458
0 0.579167 0.205208 0.037500 0.033333
0 0.375000 0.308854 0.039583 0.026042
0 0.827604 0.887500 0.046875 0.052083
0 0.891146 0.761458 0.038542 0.035417
0 0.253646 0.943750 0.046875 0.031250
0 0.207292 0.710938 0.022917 0.044792
0 0.846875 0.361458 0.037500 0.022917
0 0.621875 0.782292 0.045833 0.052083
0 0.933854 0.961458 0.046875 0.043750
0 0.940625 0.303646 0.054167 0.036458
0 0.123438 0.722396 0.046875 0.036458
0 0.509896 0.530729 0.048958 0.046875
0 0.758854 0.967187 0.036458 0.040625
0 0.755729 0.616667 0.030208 0.039583
0 0.949479 0.363542 0.040625 0.054167
0 0.359896 0.296875 0.053125 0.045833
0 0.943229 0.833333 0.048958 0.035417
0 0.851042 0.533854 0.045833 0.034375
0 0.776563 0.360938 0.051042 0.055208
0 0.679167 0.157292 0.045833 0.031250
0 0.600000 0.694792 0.041667 0.025000
0 0.703125 0.939063 0.022917 0.040625
0 0.151042 0.111458 0.035417 0.043750
0 0.476562 0.485417 0.036458 0.052083
0 0.326562 0.494792 0.051042 0.031250
0 0.642708 0.708333 0.047917 0.027083
0 0.383333 0.455208 0.025000 0.041667
0 0.488021 0.960417 0.030208 0.043750
0 0.665104 0.834896 0.040625 0.032292
0 0.426563 0.222917 0.040625 0.047917
0 0.179167 0.235417 0.052083 0.039583
0 0.912500 0.254688 0.039583 0.030208
0 0.619271 0.094271 0.044792 0.040625
0 0.332813 0.830208 0.051042 0.033333
0 0.749479 0.707812 0.036458 0.040625
0 0.353125 0.200000 0.043750 0.033333
0 0.263542 0.331771 0.029167 0.051042
0 0.129688 0.180729 0.023958 0.040625
0 0.561458 0.425521 0.047917 0.030208
0 0.285417 0.502083 0.043750 0.035417
0 0.756250 0.396354 0.037500 0.038542
0 0.781771 0.071354 0.040625 0.028125
0 0.954167 0.113021 0.031250 0.044792
0 0.648438 0.957292 0.032292 0.052083
0 0.397396 0.486979 0.051042 0.036458