0 0.073438 0.965104 0.040625 0.051042
0 0.526042 0.459896 0.041667 0.044792
0 0.652083 0.654167 0.035417 0.018750
0 0.731771 0.085417 0.036458 0.047917
0 0.502604 0.715625 0.051042 0.050000
0 0.215625 0.926562 0.050000 0.042708
0 0.431250 0.844792 0.039583 0.047917
0 0.179688 0.814063 0.040625 0.026042
0 0.408854 0.109375 0.028125 0.043750
0 0.281771 0.084896 0.026042 0.044792
0 0.460938 0.588542 0.038542 0.029167
0 0.928125 0.918229 0.045833 0.032292
0 0.796875 0.087500 0.033333 0.052083
0 0.284375 0.441146 0.035417 0.053125
0 0.129688 0.270833 0.038542 0.035417
0 0.799479 0.273958 0.042708 0.031250
0 0.848437 0.600521 0.026042 0.040625
0 0.413021 0.643750 0.048958 0.052083
0 0.670312 0.684375 0.042708 0.033333
0 0.667708 0.508854 0.043750 0.040625
0 0.614062 0.185938 0.021875 0.042708
0 0.570833 0.586458 0.043750 0.052083
0 0.369271 0.439063 0.034375 0.053125
0 0.757292 0.232813 0.037500 0.023958
0 0.730208 0.845313 0.029167 0.051042
0 0.513542 0.489063 0.054167 0.038542
0 0.850521 0.451562 0.046875 0.048958
0 0.864583 0.143229 0.031250 0.040625
0 0.756250 0.383333 0.033333 0.047917
0 0.096875 0.920833 0.035417 0.018750
0 0.785937 0.756250 0.040625 0.020833
0 0.791146 0.952604 0.044792 0.051042
0 0.740104 0.369271 0.028125 0.044792
0 0.534896 0.797917 0.036458 0.018750
0 0.868229 0.822396 0.023958 0.040625
0 0.433333 0.501042 0.025000 0.043750
0 0.734896 0.935937 0.032292 0.053125
0 0.967708 0.485938 0.039583 0.026042
0 0.838021 0.466667 0.040625 0.047917
0 0.803125 0.838542 0.037500 0.025000
0 0.223438 0.544792 0.036458 0.052083
0 0.661458 0.596354 0.052083 0.030208
0 0.719792 0.816146 0.020833 0.038542
0 0.246875 0.295312 0.039583 0.036458
0 0.664583 0.090625 0.052083 0.035417
0 0.757292 0.619271 0.050000 0.038542
0 0.923958 0.789062 0.045833 0.048958
0 0.556771 0.813021 0.032292 0.044792
0 0.766146 0.923958 0.036458 0.052083
0 0.193229 0.414062 0.038542 0.040625
0 0.606771 0.330729 0.028125 0.046875
0 0.303125 0.891667 0.041667 0.047917
0 0.332813 0.592187 0.021875 0.038542
0 0.824479 0.741146 0.046875 0.038542
0 0.560417 0.202083 0.039583 0.047917
0 0.516667 0.683854 0.033333 0.053125
0 0.395833 0.570312 0.043750 0.026042
0 0.395313 0.664062 0.034375 0.053125
0 0.102083 0.765625 0.031250 0.037500
0 0.742708 0.241146 0.050000 0.026042
0 0.309375 0.465104 0.035417 0.044792
0 0.928125 0.225000 0.022917 0.037500
0 0.306771 0.104167 0.028125 0.045833
0 0.844271 0.770833 0.036458 0.037500
0 0.392708 0.308854 0.033333 0.048958
0 0.401042 0.495312 0.025000 0.038542
0 0.827604 0.125000 0.044792 0.033333
0 0.637500 0.219792 0.045833 0.045833
0 0.455208 0.327604 0.031250 0.044792
0 0.365625 0.658333 0.037500 0.041667
0 0.285938 0.577083 0.042708 0.029167
0 0.724479 0.970313 0.044792 0.048958
0 0.640104 0.877604 0.040625 0.023958
0 0.923438 0.230729 0.044792 0.042708
0 0.643750 0.730729 0.039583 0.048958
0 0.389062 0.946354 0.042708 0.044792
0 0.747396 0.504687 0.023958 0.042708
0 0.383854 0.312500 0.026042 0.045833
0 0.775521 0.378646 0.042708 0.021875
0 0.346875 0.229687 0.020833 0.038542
0 0.517188 0.811979 0.036458 0.040625
0 0.606250 0.546354 0.039583 0.044792
0 0.659896 0.083854 0.036458 0.051042
0 0.525000 0.184375 0.043750 0.052083
0 0.345833 0.347917 0.041667 0.039583
0 0.204167 0.251042 0.037500 0.031250
0 0.323958 0.295833 0.041667 0.041667
0 0.865625 0.543750 0.020833 0.039583
0 0.870833 0.572917 0.043750 0.035417
0 0.448437 0.788542 0.040625 0.047917
0 0.203125 0.745313 0.016667 0.034375
0 0.165625 0.591146 0.037500 0.040625
0 0.259375 0.635938 0.043750 0.028125
0 0.789062 0.880208 0.053125 0.043750
0 0.665104 0.531250 0.042708 0.031250
0 0.715104 0.496875 0.036458 0.037500
0 0.127604 0.629167 0.044792 0.035417
0 0.811979 0.868229 0.034375 0.040625
0 0.123438 0.517708 0.038542 0.029167
0 0.509375 0.460938 0.050000 0.040625
0 0.794271 0.424479 0.032292 0.040625
0 0.770312 0.477083 0.046875 0.029167
0 0.476562 0.502604 0.051042 0.030208
0 0.785417 0.680729 0.033333 0.048958
0 0.511458 0.281250 0.037500 0.035417
0 0.130208 0.356250 0.037500 0.035417
0 0.407292 0.825521 0.037500 0.044792
0 0.892188 0.307812 0.036458 0.051042
0 0.429688 0.688542 0.026042 0.037500
0 0.710938 0.862500 0.030208 0.039583
0 0.623958 0.929167 0.047917 0.037500
0 0.541667 0.206771 0.035417 0.048958
0 0.683333 0.417187 0.050000 0.034375
0 0.462500 0.306250 0.052083 0.037500
0 0.495312 0.595313 0.036458 0.040625
0 0.160938 0.206771 0.044792 0.026042
0 0.383333 0.811458 0.037500 0.047917
0 0.847917 0.408854 0.043750 0.040625
0 0.726042 0.602083 0.041667 0.039583
0 0.370312 0.356771 0.051042 0.044792
0 0.379167 0.305208 0.035417 0.037500
0 0.109896 0.642708 0.046875 0.043750
0 0.120313 0.666667 0.042708 0.041667
0 0.141667 0.149479 0.039583 0.026042
0 0.608333 0.940104 0.020833 0.038542
0 0.084375 0.352083 0.041667 0.039583
0 0.310417 0.847917 0.047917 0.037500
0 0.368229 0.200521 0.021875 0.042708
0 0.886458 0.555208 0.037500 0.033333
0 0.243750 0.330208 0.039583 0.022917
0 0.480208 0.328646 0.043750 0.048958
0 0.853125 0.070312 0.041667 0.032292
0 0.673438 0.070833 0.051042 0.031250
0 0.451042 0.947917 0.047917 0.033333
0 0.220312 0.376042 0.053125 0.045833
0 0.604688 0.303646 0.051042 0.028125
0 0.591667 0.537500 0.047917 0.039583
0 0.738542 0.957292 0.043750 0.022917
0 0.774479 0.709375 0.046875 0.045833
0 0.915625 0.789062 0.035417 0.040625
0 0.778125 0.968750 0.047917 0.041667
0 0.101562 0.665625 0.048958 0.041667
0 0.095312 0.691146 0.028125 0.046875
0 0.920833 0.900000 0.029167 0.045833
0 0.594792 0.883854 0.037500 0.048958
0 0.162500 0.811458 0.027083 0.045833
0 0.264583 0.618229 0.045833 0.048958
0 0.511458 0.476562 0.039583 0.036458
0 0.648438 0.751042 0.028125 0.039583
0 0.486979 0.170313 0.044792 0.044792
0 0.358854 0.072396 0.055208 0.038542
0 0.640625 0.941146 0.033333 0.053125
0 0.245833 0.886458 0.039583 0.041667
0 0.414062 0.741146 0.040625 0.032292
0 0.091667 0.672917 0.027083 0.047917
0 0.082812 0.740625 0.038542 0.027083
0 0.952604 0.167708 0.048958 0.027083
0 0.097396 0.677604 0.040625 0.044792
0 0.165104 0.358854 0.042708 0.044792
0 0.634896 0.452604 0.048958 0.046875
0 0.535417 0.778646 0.039583 0.044792
0 0.193750 0.803646 0.050000 0.038542
0 0.788542 0.391667 0.041667 0.031250
0 0.636458 0.677083 0.039583 0.052083
0 0.650521 0.910937 0.042708 0.051042
0 0.668750 0.597917 0.037500 0.027083
0 0.356771 0.593750 0.036458 0.020833
0 0.569271 0.345833 0.038542 0.052083
0 0.935937 0.860938 0.048958 0.046875
0 0.446875 0.445833 0.052083 0.043750
0 0.656250 0.560937 0.045833 0.023958
0 0.875000 0.717187 0.050000 0.038542
0 0.075000 0.570833 0.033333 0.047917
0 0.288542 0.705729 0.035417 0.048958
0 0.731771 0.956771 0.051042 0.044792
0 0.370312 0.298958 0.036458 0.037500
0 0.151042 0.851042 0.043750 0.033333
0 0.439063 0.923958 0.042708 0.027083
0 0.608854 0.746875 0.030208 0.043750
0 0.569271 0.142187 0.044792 0.026042
0 0.331250 0.942708 0.047917 0.041667
0 0.751042 0.159375 0.033333 0.037500
0 0.316146 0.940104 0.046875 0.034375
0 0.689063 0.902604 0.048958 0.028125
0 0.313021 0.263021 0.030208 0.053125
0 0.263542 0.811979 0.031250 0.044792
0 0.843229 0.545312 0.042708 0.044792
0 0.094271 0.556250 0.028125 0.050000
0 0.717708 0.444792 0.037500 0.041667
0 0.800521 0.443229 0.021875 0.044792
0 0.664062 0.876563 0.044792 0.055208
0 0.896875 0.930208 0.052083 0.043750
0 0.620833 0.959375 0.047917 0.041667
0 0.376563 0.093229 0.048958 0.046875
0 0.815625 0.410417 0.039583 0.052083
0 0.705729 0.639583 0.026042 0.041667
0 0.962500 0.332813 0.041667 0.048958
0 0.356771 0.094271 0.046875 0.036458
0 0.321875 0.742188 0.022917 0.038542
0 0.678646 0.349479 0.040625 0.038542
0 0.148958 0.136458 0.037500 0.035417
0 0.566667 0.478646 0.041667 0.032292
0 0.258333 0.527083 0.041667 0.047917
0 0.185417 0.307292 0.045833 0.052083
0 0.552604 0.657813 0.038542 0.051042
0 0.537500 0.819792 0.041667 0.039583
0 0.440104 0.944792 0.040625 0.054167
0 0.910937 0.807292 0.032292 0.047917
0 0.345313 0.067708 0.046875 0.031250
0 0.932292 0.082812 0.039583 0.034375
0 0.839583 0.226042 0.050000 0.029167
0 0.718229 0.539062 0.055208 0.048958
0 0.554167 0.173958 0.043750 0.035417
0 0.807292 0.600000 0.035417 0.037500
0 0.778125 0.651563 0.045833 0.038542
0 0.138542 0.519271 0.039583 0.048958
0 0.275000 0.560417 0.041667 0.047917
0 0.107292 0.331250 0.045833 0.043750
0 0.108333 0.840625 0.050000 0.029167
0 0.665625 0.558333 0.041667 0.025000
0 0.952604 0.264583 0.053125 0.035417
0 0.585938 0.911458 0.048958 0.052083
0 0.305729 0.930208 0.034375 0.043750
0 0.386458 0.384375 0.052083 0.043750
0 0.377083 0.612500 0.025000 0.037500
0 0.276042 0.856250 0.033333 0.037500
0 0.908333 0.088021 0.045833 0.048958
0 0.098958 0.757812 0.045833 0.048958
0 0.436458 0.846354 0.043750 0.042708
0 0.269792 0.605208 0.041667 0.052083
0 0.309375 0.156771 0.047917 0.032292
0 0.519792 0.658854 0.043750 0.055208
0 0.928125 0.406771 0.039583 0.036458
0 0.411979 0.577083 0.051042 0.047917
0 0.642188 0.794271 0.044792 0.030208
0 0.847917 0.693229 0.027083 0.046875
0 0.651563 0.686458 0.036458 0.020833
0 0.390625 0.245833 0.043750 0.035417
0 0.263542 0.418750 0.047917 0.041667
0 0.528125 0.488021 0.029167 0.040625
0 0.680208 0.693229 0.043750 0.028125
0 0.713021 0.874479 0.051042 0.042708
0 0.380729 0.108333 0.040625 0.041667
0 0.905729 0.548438 0.048958 0.046875
0 0.238021 0.184896 0.048958 0.023958
0 0.465104 0.420312 0.051042 0.055208
0 0.347917 0.477083 0.041667 0.039583
0 0.175000 0.949479 0.035417 0.048958
0 0.103646 0.773958 0.038542 0.052083
0 0.212500 0.355208 0.031250 0.041667
0 0.742188 0.891667 0.053125 0.045833
0 0.925000 0.125521 0.045833 0.026042
0 0.361458 0.418229 0.039583 0.038542
0 0.135937 0.268750 0.051042 0.050000
0 0.702083 0.215625 0.047917 0.035417
0 0.602083 0.221875 0.052083 0.035417
0 0.236458 0.133333 0.027083 0.041667
0 0.798958 0.764062 0.041667 0.023958
0 0.897917 0.699479 0.039583 0.028125
0 0.170833 0.772917 0.041667 0.027083
0 0.083854 0.622396 0.055208 0.051042