0 0.432292 0.245312 0.047917 0.032292
0 0.200521 0.854167 0.032292 0.052083
0 0.550000 0.255208 0.043750 0.052083
0 0.144792 0.069271 0.050000 0.028125
0 0.656250 0.345313 0.033333 0.040625
0 0.151042 0.294792 0.037500 0.027083
0 0.704688 0.741146 0.053125 0.051042
0 0.656250 0.585938 0.043750 0.042708
0 0.241667 0.290625 0.039583 0.047917
0 0.673958 0.707812 0.045833 0.048958
0 0.511979 0.353646 0.032292 0.040625
0 0.647917 0.823958 0.045833 0.031250
0 0.908333 0.760938 0.054167 0.046875
0 0.201563 0.529167 0.042708 0.054167
0 0.808333 0.775521 0.050000 0.034375
0 0.302604 0.638021 0.044792 0.042708
0 0.261458 0.388021 0.039583 0.038542
0 0.678646 0.685937 0.055208 0.040625
0 0.610938 0.389062 0.055208 0.046875
0 0.839063 0.607812 0.048958 0.046875
0 0.951562 0.240104 0.038542 0.055208
0 0.344271 0.452083 0.038542 0.043750
0 0.893229 0.319792 0.053125 0.043750
0 0.498958 0.308333 0.033333 0.037500
0 0.198958 0.248438 0.043750 0.030208
0 0.534375 0.185417 0.022917 0.043750
0 0.130208 0.793750 0.039583 0.047917
0 0.210938 0.294271 0.044792 0.051042
0 0.451562 0.607812 0.030208 0.053125
0 0.901563 0.230208 0.034375 0.043750
0 0.163021 0.643229 0.053125 0.053125
0 0.519271 0.349479 0.048958 0.046875
0 0.563021 0.086979 0.042708 0.023958
0 0.291146 0.647396 0.030208 0.048958
0 0.736458 0.935417 0.035417 0.020833
0 0.920312 0.395313 0.038542 0.038542
0 0.193229 0.552083 0.038542 0.025000
0 0.848958 0.402083 0.039583 0.041667
0 0.806771 0.802083 0.053125 0.045833
0 0.136979 0.213021 0.051042 0.040625
0 0.838542 0.143750 0.043750 0.045833
0 0.521875 0.692708 0.041667 0.041667
0 0.232292 0.769271 0.043750 0.040625
0 0.207292 0.286458 0.043750 0.035417
0 0.447396 0.408854 0.023958 0.046875
0 0.533854 0.600000 0.023958 0.037500
0 0.635417 0.704688 0.050000 0.040625
0 0.410938 0.728125 0.032292 0.039583
0 0.461979 0.634896 0.042708 0.055208
0 0.201042 0.467187 0.035417 0.053125
0 0.217708 0.571875 0.045833 0.043750
0 0.920833 0.815625 0.050000 0.050000
0 0.641146 0.589063 0.034375 0.040625
0 0.794271 0.948438 0.055208 0.044792
0 0.940104 0.520833 0.026042 0.045833
0 0.800000 0.759375 0.027083 0.041667
0 0.119792 0.208333 0.039583 0.041667
0 0.848958 0.604167 0.037500 0.033333
0 0.782292 0.192708 0.033333 0.043750
0 0.829688 0.236458 0.038542 0.033333
0 0.536979 0.785417 0.034375 0.047917
0 0.185938 0.372396 0.046875 0.048958
0 0.372396 0.304688 0.051042 0.044792
0 0.275521 0.536979 0.048958 0.046875
0 0.779687 0.862500 0.038542 0.027083
0 0.546875 0.755208 0.041667 0.039583
0 0.889583 0.670833 0.047917 0.037500
0 0.801562 0.375521 0.053125 0.032292
0 0.776042 0.686458 0.041667 0.047917
0 0.380208 0.616667 0.050000 0.033333
0 0.694271 0.454167 0.053125 0.045833
0 0.907292 0.088542 0.043750 0.025000
0 0.793750 0.479687 0.045833 0.036458
0 0.350521 0.688021 0.046875 0.048958
0 0.609896 0.775521 0.021875 0.038542
0 0.894271 0.269792 0.023958 0.047917
0 0.938021 0.629167 0.046875 0.043750
0 0.181250 0.167708 0.025000 0.037500
0 0.675521 0.727604 0.044792 0.051042
0 0.291667 0.611458 0.045833 0.027083
0 0.795312 0.279687 0.051042 0.026042
0 0.671354 0.217708 0.048958 0.027083
0 0.696875 0.691667 0.045833 0.043750
0 0.900000 0.382812 0.025000 0.048958
0 0.878125 0.317188 0.033333 0.048958
0 0.553646 0.402604 0.040625 0.032292
0 0.276042 0.236458 0.039583 0.047917
0 0.438021 0.255208 0.051042 0.050000
0 0.777083 0.448437 0.047917 0.023958
0 0.211979 0.263021 0.051042 0.038542
0 0.636458 0.431771 0.039583 0.036458
0 0.638542 0.177083 0.047917 0.027083
0 0.796875 0.494792 0.045833 0.043750
0 0.539062 0.871354 0.044792 0.028125
0 0.269792 0.264583 0.027083 0.047917
0 0.107292 0.292187 0.025000 0.038542
0 0.788021 0.233333 0.044792 0.045833
0 0.920312 0.883333 0.034375 0.043750
0 0.079687 0.792708 0.053125 0.041667
0 0.821354 0.628646 0.030208 0.048958
0 0.553646 0.657813 0.053125 0.053125
0 0.594271 0.672396 0.038542 0.021875
0 0.739062 0.942708 0.038542 0.031250
0 0.079687 0.125521 0.034375 0.046875
0 0.090625 0.238021 0.043750 0.040625
0 0.575000 0.493229 0.054167 0.048958
0 0.746875 0.906771 0.039583 0.034375
0 0.651042 0.527604 0.045833 0.038542
0 0.207813 0.555729 0.032292 0.048958
0 0.174479 0.955729 0.046875 0.055208
0 0.138021 0.125000 0.040625 0.047917
0 0.177604 0.751563 0.042708 0.055208
0 0.450521 0.800521 0.046875 0.040625
0 0.086979 0.263542 0.042708 0.039583
0 0.380729 0.584375 0.042708 0.047917
0 0.545833 0.808333 0.052083 0.043750
0 0.221354 0.086979 0.048958 0.030208
0 0.302604 0.306771 0.046875 0.048958
0 0.807813 0.931771 0.048958 0.046875
0 0.729688 0.584896 0.055208 0.048958
0 0.244271 0.522917 0.048958 0.039583
0 0.395313 0.440104 0.036458 0.040625
0 0.125521 0.378125 0.040625 0.047917
0 0.541146 0.621875 0.046875 0.027083
0 0.381250 0.490625 0.029167 0.045833
0 0.772917 0.459896 0.035417 0.040625
0 0.200000 0.553125 0.052083 0.039583
0 0.909896 0.611458 0.042708 0.027083
0 0.647396 0.784375 0.042708 0.041667
0 0.279687 0.755208 0.023958 0.041667
0 0.858333 0.247396 0.047917 0.030208
0 0.589063 0.445312 0.046875 0.036458
0 0.825000 0.264583 0.045833 0.027083
0 0.523438 0.189583 0.030208 0.039583
0 0.815625 0.931771 0.039583 0.038542
0 0.709896 0.613542 0.044792 0.033333
0 0.459375 0.146354 0.043750 0.030208
0 0.174479 0.620313 0.030208 0.040625
0 0.781250 0.091146 0.039583 0.038542
0 0.713021 0.839583 0.046875 0.045833
0 0.944271 0.221875 0.042708 0.054167
0 0.880729 0.245833 0.034375 0.047917
0 0.135417 0.856771 0.043750 0.026042
0 0.520833 0.943229 0.041667 0.032292
0 0.483333 0.887500 0.043750 0.045833
0 0.366667 0.124479 0.037500 0.038542
0 0.821354 0.179167 0.026042 0.047917
0 0.495833 0.215625 0.043750 0.027083
0 0.711979 0.278646 0.028125 0.044792
0 0.241146 0.815625 0.026042 0.050000
0 0.454167 0.820833 0.037500 0.027083
0 0.116667 0.569792 0.037500 0.035417
0 0.878125 0.707812 0.052083 0.051042
0 0.786458 0.487500 0.047917 0.041667
0 0.878646 0.436979 0.048958 0.046875
0 0.571354 0.430208 0.038542 0.043750
0 0.370312 0.320833 0.048958 0.027083
0 0.306250 0.255729 0.027083 0.051042
0 0.273958 0.847917 0.052083 0.045833
0 0.397917 0.513021 0.045833 0.040625
0 0.269271 0.154688 0.030208 0.044792
0 0.567708 0.672396 0.050000 0.034375
0 0.081250 0.495312 0.050000 0.028125
0 0.292187 0.782292 0.017708 0.035417
0 0.175000 0.283333 0.041667 0.047917
0 0.238542 0.668750 0.043750 0.022917
0 0.524479 0.626042 0.051042 0.029167
0 0.143750 0.253646 0.047917 0.046875
0 0.410417 0.828125 0.037500 0.027083
0 0.427083 0.090104 0.045833 0.055208
0 0.491146 0.561458 0.048958 0.027083
0 0.845313 0.909375 0.053125 0.037500
0 0.891146 0.717187 0.040625 0.044792
0 0.707812 0.517188 0.051042 0.038542
0 0.684375 0.750000 0.025000 0.041667
0 0.705208 0.717187 0.041667 0.032292
0 0.801562 0.882812 0.053125 0.030208
0 0.303646 0.880208 0.036458 0.052083
0 0.256771 0.420833 0.038542 0.035417
0 0.196875 0.458333 0.031250 0.037500
0 0.626042 0.584896 0.037500 0.021875
0 0.352083 0.730208 0.037500 0.052083
0 0.767708 0.223958 0.045833 0.052083
0 0.771875 0.526563 0.054167 0.044792
0 0.353646 0.533333 0.036458 0.018750
0 0.702083 0.598437 0.043750 0.040625
0 0.094792 0.900521 0.033333 0.040625
0 0.390104 0.632292 0.038542 0.027083
0 0.215625 0.451562 0.043750 0.042708
0 0.352604 0.668750 0.053125 0.041667
0 0.640104 0.554167 0.034375 0.043750
0 0.075521 0.102083 0.040625 0.047917
0 0.139063 0.907292 0.044792 0.047917
0 0.957812 0.377604 0.034375 0.048958
0 0.109375 0.231771 0.039583 0.044792
0 0.485417 0.341667 0.020833 0.035417
0 0.643229 0.765625 0.036458 0.043750
0 0.146875 0.353125 0.035417 0.020833
0 0.426563 0.188542 0.032292 0.052083
0 0.590625 0.811979 0.045833 0.048958
0 0.299479 0.232813 0.042708 0.051042
0 0.591667 0.402604 0.031250 0.048958
0 0.280729 0.081250 0.032292 0.043750
0 0.486979 0.098958 0.051042 0.031250
0 0.733854 0.195312 0.040625 0.036458
0 0.817708 0.309375 0.033333 0.043750
0 0.950000 0.751563 0.045833 0.036458
0 0.813542 0.938542 0.043750 0.035417
0 0.689583 0.614062 0.041667 0.032292
0 0.633333 0.721354 0.043750 0.055208
0 0.485938 0.907292 0.040625 0.047917
0 0.431771 0.913542 0.046875 0.031250
0 0.800521 0.369271 0.053125 0.051042
0 0.678646 0.672396 0.055208 0.044792
0 0.680208 0.859896 0.025000 0.038542
0 0.434375 0.248438 0.041667 0.021875
0 0.414062 0.244792 0.053125 0.045833
0 0.464062 0.115625 0.046875 0.027083
0 0.214583 0.689063 0.029167 0.046875
0 0.567187 0.440104 0.055208 0.038542
0 0.751563 0.175000 0.042708 0.039583
0 0.148958 0.632292 0.029167 0.041667
0 0.406250 0.181771 0.050000 0.038542
0 0.083333 0.257812 0.039583 0.038542
0 0.311979 0.675000 0.038542 0.052083
0 0.948958 0.584375 0.037500 0.047917
0 0.483333 0.265625 0.047917 0.039583
0 0.602083 0.127083 0.043750 0.045833
0 0.689583 0.451042 0.025000 0.043750
0 0.810417 0.831771 0.039583 0.038542
0 0.681771 0.641146 0.055208 0.040625
0 0.445312 0.669271 0.044792 0.030208
0 0.925521 0.916146 0.040625 0.036458
0 0.247917 0.263542 0.033333 0.045833
0 0.362500 0.756771 0.050000 0.036458
0 0.331250 0.159375 0.047917 0.025000
0 0.372396 0.784896 0.046875 0.023958
0 0.810417 0.091146 0.037500 0.023958
0 0.338021 0.753646 0.051042 0.044792
0 0.542708 0.313021 0.043750 0.048958
0 0.148958 0.164583 0.045833 0.043750
0 0.906250 0.794271 0.033333 0.048958
0 0.910417 0.178125 0.045833 0.033333
0 0.851042 0.564583 0.043750 0.052083
0 0.607292 0.340625 0.033333 0.037500
0 0.871354 0.781771 0.051042 0.040625
0 0.788021 0.912500 0.044792 0.047917
0 0.393750 0.950521 0.043750 0.030208
0 0.195833 0.148438 0.050000 0.044792
0 0.170833 0.514583 0.047917 0.037500
0 0.277604 0.553646 0.046875 0.048958
0 0.863542 0.755729 0.052083 0.053125
0 0.903646 0.366667 0.034375 0.039583
0 0.720833 0.595313 0.052083 0.034375
0 0.097396 0.938542 0.036458 0.020833
0 0.491667 0.561458 0.047917 0.041667
0 0.898958 0.503646 0.031250 0.051042
0 0.778646 0.377083 0.044792 0.047917
0 0.756250 0.443750 0.052083 0.047917
0 0.282292 0.661979 0.039583 0.028125
0 0.469792 0.383854 0.033333 0.040625
0 0.855729 0.456771 0.051042 0.042708
0 0.118229 0.459375 0.048958 0.035417
0 0.821354 0.192708 0.048958 0.052083
0 0.321875 0.653646 0.029167 0.051042
0 0.139063 0.140104 0.046875 0.055208
0 0.766146 0.607812 0.042708 0.051042
0 0.417708 0.496875 0.041667 0.047917
0 0.616667 0.928646 0.035417 0.017708
0 0.121875 0.342708 0.022917 0.035417
0 0.438542 0.683333 0.020833 0.035417
0 0.790625 0.259375 0.045833 0.045833
0 0.352604 0.846875 0.032292 0.039583
0 0.354687 0.833333 0.042708 0.031250
0 0.546354 0.352604 0.051042 0.055208
0 0.402604 0.153125 0.051042 0.031250
0 0.300521 0.339062 0.028125 0.048958
0 0.647396 0.543750 0.038542 0.043750
0 0.793229 0.750521 0.044792 0.032292
0 0.883854 0.124479 0.038542 0.021875
0 0.570312 0.104167 0.038542 0.025000
0 0.701562 0.613542 0.038542 0.035417
0 0.522396 0.927604 0.032292 0.040625
0 0.501042 0.536458 0.037500 0.029167
0 0.435937 0.499479 0.038542 0.019792
0 0.423438 0.723958 0.038542 0.037500
0 0.783854 0.114583 0.042708 0.047917
0 0.452083 0.756771 0.047917 0.032292
0 0.127604 0.643229 0.051042 0.038542
0 0.352083 0.297917 0.018750 0.035417
0 0.941667 0.406250 0.029167 0.045833
0 0.907292 0.631771 0.039583 0.030208
0 0.330729 0.150521 0.051042 0.044792
0 0.131250 0.183854 0.054167 0.042708
0 0.560937 0.898958 0.030208 0.043750
0 0.280208 0.866667 0.027083 0.047917
0 0.746354 0.965104 0.044792 0.040625
0 0.690104 0.452604 0.034375 0.040625
0 0.778125 0.261979 0.039583 0.036458
0 0.576562 0.524479 0.048958 0.046875
0 0.705729 0.935417 0.021875 0.037500
0 0.271354 0.775000 0.023958 0.041667
0 0.656250 0.533333 0.031250 0.037500
0 0.804167 0.158333 0.031250 0.037500
0 0.863021 0.648438 0.044792 0.040625
0 0.603646 0.556250 0.042708 0.047917
0 0.517708 0.324479 0.020833 0.036458
0 0.141146 0.881250 0.038542 0.025000
0 0.650521 0.572396 0.044792 0.028125
0 0.157812 0.733854 0.046875 0.055208
0 0.201563 0.163021 0.044792 0.051042
0 0.865625 0.495312 0.029167 0.044792
0 0.073958 0.497917 0.029167 0.050000
0 0.073958 0.601042 0.035417 0.020833
0 0.316146 0.214062 0.055208 0.046875
0 0.653125 0.148958 0.047917 0.027083
0 0.661979 0.396875 0.030208 0.047917
0 0.791667 0.672917 0.052083 0.039583
0 0.163542 0.941667 0.045833 0.022917
0 0.315104 0.558854 0.053125 0.032292
0 0.215625 0.856250 0.033333 0.016667
0 0.826042 0.865104 0.054167 0.048958
0 0.275521 0.834375 0.051042 0.033333
0 0.637500 0.643750 0.037500 0.031250
0 0.644271 0.225521 0.038542 0.019792
0 0.255729 0.785937 0.048958 0.046875
0 0.681771 0.296875 0.044792 0.047917
0 0.575000 0.246875 0.047917 0.025000
0 0.675000 0.305208 0.045833 0.027083
0 0.738021 0.831250 0.028125 0.039583
0 0.460938 0.868750 0.044792 0.035417
0 0.903646 0.197396 0.040625 0.051042
0 0.438021 0.839063 0.048958 0.046875
0 0.766667 0.639583 0.047917 0.050000
0 0.275000 0.167187 0.037500 0.048958
0 0.370833 0.097917 0.052083 0.041667
0 0.265104 0.938021 0.051042 0.053125
0 0.892188 0.401562 0.040625 0.036458
0 0.279167 0.726042 0.039583 0.041667
0 0.704688 0.559375 0.023958 0.041667
0 0.174479 0.518229 0.051042 0.030208
0 0.596354 0.575000 0.044792 0.045833
0 0.396875 0.625521 0.043750 0.021875
0 0.464583 0.498437 0.043750 0.042708
0 0.780729 0.554167 0.044792 0.045833
0 0.223438 0.144271 0.048958 0.046875
0 0.500521 0.646875 0.048958 0.041667
0 0.772917 0.782813 0.037500 0.038542
0 0.548958 0.130729 0.031250 0.048958
0 0.201042 0.266146 0.050000 0.042708
0 0.477604 0.681250 0.030208 0.039583
0 0.752083 0.447917 0.043750 0.052083
0 0.632812 0.681250 0.023958 0.041667
0 0.557292 0.587500 0.039583 0.022917
0 0.156771 0.069792 0.046875 0.029167
0 0.843750 0.369271 0.043750 0.030208
0 0.932813 0.395833 0.048958 0.035417
0 0.537500 0.886458 0.037500 0.047917
0 0.412500 0.571354 0.035417 0.044792
0 0.162500 0.469271 0.050000 0.040625
0 0.095312 0.588542 0.030208 0.050000
0 0.810937 0.671875 0.032292 0.039583
0 0.199479 0.882292 0.042708 0.047917
0 0.778125 0.827604 0.039583 0.038542
0 0.873437 0.916146 0.040625 0.026042
0 0.893750 0.395833 0.037500 0.047917
0 0.703125 0.881250 0.047917 0.041667
0 0.735938 0.532813 0.051042 0.053125
0 0.711979 0.891667 0.032292 0.043750
0 0.369792 0.577604 0.045833 0.032292
0 0.961979 0.575000 0.046875 0.031250
0 0.291667 0.551562 0.029167 0.040625
0 0.532813 0.729167 0.053125 0.047917
0 0.246875 0.402083 0.041667 0.025000
0 0.921875 0.144792 0.047917 0.033333
0 0.499479 0.121354 0.023958 0.042708
0 0.686458 0.600000 0.047917 0.025000
0 0.948958 0.748958 0.020833 0.035417
0 0.509375 0.948438 0.047917 0.055208
0 0.875521 0.269792 0.053125 0.041667
0 0.215625 0.479167 0.031250 0.041667
0 0.956250 0.206250 0.025000 0.037500
0 0.389062 0.079687 0.040625 0.044792
0 0.088542 0.938021 0.039583 0.030208
0 0.664062 0.156250 0.036458 0.043750
0 0.857292 0.285938 0.033333 0.040625
0 0.261458 0.548958 0.039583 0.041667
0 0.849479 0.343750 0.036458 0.043750
0 0.922396 0.564583 0.032292 0.047917
0 0.112500 0.830729 0.045833 0.026042
0 0.890104 0.714063 0.055208 0.048958
0 0.818750 0.662500 0.047917 0.050000
0 0.313021 0.450000 0.042708 0.031250
0 0.845833 0.148438 0.050000 0.044792
0 0.125521 0.450521 0.032292 0.046875
0 0.926042 0.246875 0.041667 0.052083
0 0.944792 0.642188 0.045833 0.023958
0 0.826562 0.315104 0.040625 0.051042
0 0.275521 0.718750 0.026042 0.045833
0 0.706771 0.861458 0.032292 0.047917
0 0.960417 0.675000 0.043750 0.045833
0 0.709375 0.110417 0.045833 0.043750
0 0.876042 0.344271 0.047917 0.023958
0 0.278646 0.213021 0.040625 0.026042
0 0.880208 0.250000 0.039583 0.041667
0 0.492188 0.666146 0.055208 0.044792
0 0.873437 0.673438 0.051042 0.038542
0 0.345313 0.908333 0.053125 0.043750
0 0.345833 0.692187 0.047917 0.046875
0 0.974479 0.435417 0.053125 0.041667
0 0.792188 0.810937 0.048958 0.044792
0 0.795833 0.755208 0.043750 0.035417
0 0.717187 0.297917 0.053125 0.041667
0 0.420833 0.763021 0.054167 0.038542
0 0.711979 0.639583 0.053125 0.045833
0 0.081250 0.245312 0.045833 0.034375
0 0.178646 0.477083 0.048958 0.039583
0 0.814063 0.279167 0.046875 0.029167
0 0.696354 0.928125 0.023958 0.043750
0 0.647396 0.732812 0.040625 0.034375
0 0.916146 0.386979 0.044792 0.051042
0 0.891146 0.330729 0.036458 0.046875
0 0.400000 0.301563 0.035417 0.048958
0 0.569271 0.135417 0.053125 0.043750
0 0.214583 0.140625 0.027083 0.037500
0 0.475521 0.120313 0.040625 0.044792
0 0.459896 0.435937 0.051042 0.028125
0 0.332292 0.255729 0.033333 0.048958
0 0.081771 0.159375 0.044792 0.035417
0 0.272917 0.089583 0.050000 0.031250
0 0.578646 0.532813 0.021875 0.038542
0 0.773958 0.228125 0.050000 0.029167
0 0.081250 0.304688 0.045833 0.048958
0 0.228646 0.677604 0.038542 0.040625