0 0.226042 0.104688 0.035417 0.053125
0 0.165625 0.372917 0.037500 0.047917
0 0.112500 0.646354 0.054167 0.044792
0 0.912500 0.685937 0.033333 0.044792
0 0.126562 0.620833 0.042708 0.027083
0 0.622917 0.461458 0.052083 0.047917
0 0.272396 0.621354 0.055208 0.040625
0 0.963542 0.248958 0.041667 0.039583
0 0.477083 0.170833 0.037500 0.035417
0 0.689583 0.310417 0.025000 0.041667
0 0.431771 0.550000 0.048958 0.037500
0 0.895312 0.144271 0.040625 0.034375
0 0.671354 0.180208 0.038542 0.043750
0 0.496354 0.258333 0.038542 0.027083
0 0.273958 0.859896 0.027083 0.046875
0 0.201563 0.335938 0.046875 0.048958
0 0.734896 0.964063 0.051042 0.040625
0 0.785937 0.239063 0.053125 0.053125
0 0.247917 0.383333 0.043750 0.045833
0 0.091667 0.536458 0.050000 0.029167
0 0.161458 0.351562 0.029167 0.046875
0 0.543229 0.308333 0.026042 0.037500
0 0.545312 0.503646 0.040625 0.044792
0 0.183854 0.294792 0.048958 0.033333
0 0.588021 0.922917 0.044792 0.052083
0 0.955729 0.220833 0.038542 0.025000
0 0.916146 0.831771 0.030208 0.048958
0 0.896354 0.614062 0.051042 0.055208
0 0.683333 0.320312 0.029167 0.051042
0 0.235937 0.669792 0.036458 0.043750
0 0.076563 0.172396 0.034375 0.040625
0 0.566146 0.200521 0.048958 0.028125
0 0.907292 0.119792 0.052083 0.035417
0 0.092188 0.828646 0.042708 0.055208
0 0.279687 0.705208 0.042708 0.047917
0 0.290104 0.322396 0.040625 0.038542
0 0.850000 0.269271 0.039583 0.036458
0 0.182812 0.340104 0.044792 0.051042
0 0.905208 0.279687 0.050000 0.042708
0 0.466146 0.232813 0.034375 0.040625
0 0.755208 0.544271 0.045833 0.036458
0 0.227083 0.714063 0.045833 0.026042
0 0.151562 0.459896 0.040625 0.032292
0 0.801042 0.561458 0.050000 0.031250
0 0.513021 0.150000 0.036458 0.037500
0 0.718750 0.389062 0.037500 0.023958
0 0.594792 0.521354 0.031250 0.044792
0 0.388021 0.926042 0.053125 0.047917
0 0.533333 0.559375 0.043750 0.052083
0 0.204167 0.901563 0.020833 0.036458
0 0.130208 0.188021 0.041667 0.042708
0 0.433333 0.160417 0.043750 0.033333
0 0.537500 0.581250 0.033333 0.050000
0 0.567708 0.610417 0.043750 0.027083
0 0.770312 0.362500 0.030208 0.047917
0 0.316667 0.237500 0.043750 0.025000
0 0.779687 0.569271 0.032292 0.044792
0 0.243750 0.091667 0.052083 0.041667
0 0.929167 0.610938 0.052083 0.051042
0 0.288542 0.935937 0.037500 0.038542
0 0.471875 0.176563 0.047917 0.023958
0 0.607812 0.448437 0.048958 0.046875
0 0.668229 0.806771 0.042708 0.023958
0 0.405208 0.903125 0.025000 0.039583
0 0.271875 0.311458 0.033333 0.050000
0 0.630729 0.929688 0.046875 0.036458
0 0.804167 0.777083 0.043750 0.035417
0 0.950521 0.685417 0.028125 0.039583
0 0.082292 0.263542 0.020833 0.035417
0 0.305729 0.801562 0.032292 0.048958
0 0.290104 0.705208 0.034375 0.043750
0 0.621354 0.847396 0.040625 0.051042
0 0.507812 0.942708 0.044792 0.045833
0 0.933854 0.734375 0.036458 0.037500
0 0.581771 0.460938 0.019792 0.040625
0 0.402604 0.367708 0.019792 0.037500
0 0.966146 0.809375 0.036458 0.052083
0 0.388021 0.478125 0.051042 0.031250
0 0.518229 0.972917 0.048958 0.052083
0 0.740104 0.634896 0.044792 0.040625
0 0.941667 0.810417 0.039583 0.041667
0 0.589583 0.814583 0.052083 0.041667
0 0.521875 0.933333 0.025000 0.037500
0 0.506250 0.639583 0.025000 0.037500
0 0.284896 0.429167 0.046875 0.045833
0 0.378125 0.842187 0.043750 0.055208
0 0.703646 0.629167 0.042708 0.041667
0 0.180208 0.697917 0.052083 0.037500
0 0.093229 0.089063 0.048958 0.032292
0 0.666667 0.243229 0.027083 0.038542
0 0.480208 0.840625 0.052083 0.035417
0 0.820312 0.563021 0.030208 0.051042
0 0.513021 0.340104 0.044792 0.042708
0 0.906771 0.655208 0.026042 0.050000
0 0.823438 0.480208 0.023958 0.041667
0 0.602083 0.385937 0.054167 0.042708
0 0.646354 0.130208 0.042708 0.025000
0 0.598958 0.099479 0.045833 0.032292
0 0.440104 0.559896 0.048958 0.055208
0 0.167708 0.110937 0.043750 0.040625
0 0.307292 0.356250 0.050000 0.047917
0 0.801562 0.820312 0.046875 0.034375
0 0.490104 0.543229 0.046875 0.034375
0 0.822396 0.317708 0.028125 0.045833
0 0.383333 0.816667 0.047917 0.037500
0 0.678646 0.552083 0.053125 0.043750
0 0.175521 0.403125 0.044792 0.045833
0 0.648958 0.208854 0.037500 0.044792
0 0.428125 0.903125 0.022917 0.037500
0 0.542708 0.237500 0.047917 0.035417
0 0.877083 0.416667 0.031250 0.043750
0 0.327083 0.801042 0.043750 0.025000
0 0.442708 0.489583 0.050000 0.031250
0 0.807292 0.378125 0.029167 0.050000
0 0.122396 0.423438 0.034375 0.048958
0 0.885938 0.877083 0.046875 0.031250
0 0.278646 0.360417 0.053125 0.041667
0 0.146354 0.653646 0.040625 0.044792
0 0.297917 0.570833 0.045833 0.031250
0 0.157812 0.318229 0.036458 0.040625
0 0.702083 0.398438 0.020833 0.038542
0 0.092188 0.951562 0.038542 0.040625
0 0.746354 0.466667 0.028125 0.039583
0 0.601562 0.161979 0.044792 0.042708
0 0.664583 0.289062 0.027083 0.040625
0 0.588021 0.398958 0.048958 0.052083
0 0.590104 0.458333 0.042708 0.027083
0 0.651042 0.484896 0.052083 0.051042
0 0.904167 0.430729 0.022917 0.038542
0 0.191667 0.744271 0.039583 0.032292
0 0.859375 0.266667 0.037500 0.027083
0 0.461458 0.659896 0.039583 0.053125
0 0.661979 0.425000 0.038542 0.035417
0 0.629687 0.916146 0.030208 0.048958
0 0.117708 0.519271 0.039583 0.026042
0 0.182292 0.494271 0.045833 0.032292
0 0.163021 0.133333 0.044792 0.025000
0 0.865625 0.254688 0.050000 0.053125
0 0.682292 0.153646 0.054167 0.038542
0 0.193750 0.149479 0.050000 0.044792
0 0.342708 0.631250 0.035417 0.037500
0 0.565104 0.854688 0.046875 0.048958
0 0.798958 0.332292 0.039583 0.041667
0 0.808333 0.147396 0.022917 0.046875
0 0.417187 0.408333 0.046875 0.043750
0 0.270833 0.253125 0.039583 0.047917
0 0.534375 0.276562 0.037500 0.038542
0 0.423958 0.383854 0.037500 0.019792
0 0.736979 0.510938 0.023958 0.042708
0 0.397917 0.610417 0.022917 0.037500
0 0.573958 0.300521 0.025000 0.042708
0 0.154167 0.788021 0.054167 0.042708
0 0.523438 0.258854 0.048958 0.055208
0 0.223438 0.441667 0.042708 0.031250
0 0.845833 0.762500 0.037500 0.029167
0 0.729167 0.325000 0.022917 0.035417
0 0.352083 0.238021 0.041667 0.021875
0 0.584375 0.511458 0.035417 0.020833
0 0.571875 0.225521 0.045833 0.055208
0 0.913542 0.935937 0.022917 0.038542
0 0.893229 0.223438 0.040625 0.055208
0 0.477604 0.320312 0.038542 0.023958
0 0.501042 0.968229 0.054167 0.042708
0 0.234375 0.273438 0.045833 0.048958
0 0.830208 0.242708 0.050000 0.029167
0 0.513542 0.782292 0.037500 0.033333
0 0.200521 0.711979 0.040625 0.036458
0 0.698958 0.308854 0.054167 0.048958
0 0.567187 0.233854 0.036458 0.046875
0 0.827604 0.851562 0.055208 0.038542
0 0.093229 0.581771 0.053125 0.034375
0 0.388021 0.553125 0.044792 0.047917
0 0.401562 0.358854 0.046875 0.028125
0 0.131250 0.831250 0.031250 0.050000
0 0.947917 0.381250 0.033333 0.043750
0 0.747396 0.705208 0.023958 0.047917
0 0.345833 0.777083 0.035417 0.020833
0 0.785417 0.195312 0.039583 0.053125
0 0.401042 0.228646 0.047917 0.053125
0 0.793750 0.425521 0.029167 0.040625
0 0.906771 0.178646 0.028125 0.046875
0 0.567708 0.684896 0.022917 0.038542
0 0.433854 0.909375 0.053125 0.041667
0 0.727083 0.517708 0.031250 0.041667
0 0.911979 0.944271 0.053125 0.051042
0 0.734896 0.555729 0.048958 0.023958
0 0.769792 0.220312 0.054167 0.044792
0 0.274479 0.208854 0.044792 0.051042
0 0.392708 0.859375 0.018750 0.035417
0 0.761458 0.302604 0.043750 0.030208
0 0.718750 0.639583 0.035417 0.020833
0 0.814063 0.954167 0.051042 0.031250
0 0.079687 0.460417 0.051042 0.050000
0 0.076563 0.615625 0.044792 0.047917
0 0.182292 0.194271 0.043750 0.042708
0 0.859896 0.891667 0.048958 0.052083
0 0.147396 0.618229 0.048958 0.028125
0 0.626563 0.791667 0.053125 0.039583
0 0.751563 0.386458 0.053125 0.041667
0 0.282292 0.602083 0.050000 0.031250
0 0.543229 0.446875 0.044792 0.035417
0 0.250000 0.131250 0.043750 0.052083
0 0.461979 0.708333 0.044792 0.037500
0 0.164062 0.779687 0.053125 0.032292
0 0.236458 0.654167 0.047917 0.039583
0 0.468750 0.589063 0.054167 0.044792
0 0.956771 0.413542 0.030208 0.043750
0 0.566146 0.927604 0.055208 0.046875
0 0.425000 0.632292 0.050000 0.047917
0 0.692187 0.964583 0.034375 0.043750
0 0.287500 0.536458 0.047917 0.050000
0 0.379688 0.585938 0.038542 0.040625
0 0.260417 0.277083 0.047917 0.052083
0 0.611979 0.659375 0.038542 0.043750
0 0.122917 0.209375 0.041667 0.027083
0 0.290625 0.169792 0.045833 0.022917
0 0.342187 0.152083 0.042708 0.037500
0 0.434896 0.571354 0.046875 0.028125
0 0.832292 0.676042 0.033333 0.047917
0 0.392188 0.410417 0.048958 0.033333
0 0.577604 0.689583 0.051042 0.033333
0 0.527083 0.502083 0.037500 0.041667
0 0.937500 0.490625 0.047917 0.039583
0 0.800000 0.762500 0.043750 0.031250
0 0.921875 0.329167 0.052083 0.037500
0 0.843229 0.451042 0.044792 0.045833
0 0.084375 0.466146 0.050000 0.038542
0 0.806771 0.267708 0.042708 0.029167
0 0.910937 0.299479 0.051042 0.036458
0 0.622396 0.405208 0.042708 0.027083
0 0.586979 0.784896 0.053125 0.034375
0 0.508333 0.519792 0.052083 0.035417
0 0.354687 0.633333 0.048958 0.033333
0 0.393750 0.628646 0.035417 0.048958
0 0.147396 0.765625 0.030208 0.050000
0 0.389583 0.408333 0.043750 0.045833
0 0.547396 0.785937 0.021875 0.042708
0 0.332813 0.895312 0.026042 0.046875
0 0.230208 0.330208 0.037500 0.022917
0 0.720833 0.842708 0.052083 0.041667
0 0.802083 0.646354 0.050000 0.034375
0 0.399479 0.219792 0.038542 0.043750
0 0.914583 0.119792 0.035417 0.037500
0 0.280208 0.465625 0.033333 0.037500
0 0.541667 0.821354 0.043750 0.030208
0 0.552604 0.727604 0.046875 0.036458
0 0.385937 0.222917 0.019792 0.039583
0 0.331250 0.920833 0.052083 0.047917
0 0.166667 0.477083 0.020833 0.039583
0 0.869792 0.182292 0.045833 0.031250
0 0.289583 0.378646 0.033333 0.040625
0 0.833333 0.861979 0.041667 0.032292
0 0.441146 0.235417 0.051042 0.050000
0 0.911458 0.661458 0.025000 0.047917
0 0.231250 0.778646 0.047917 0.053125
0 0.160938 0.308854 0.038542 0.019792
0 0.580729 0.676562 0.055208 0.048958
0 0.902083 0.935937 0.037500 0.019792
0 0.670833 0.933854 0.025000 0.046875
0 0.547396 0.267188 0.023958 0.046875
0 0.087500 0.452083 0.043750 0.045833
0 0.804688 0.869792 0.048958 0.052083
0 0.621875 0.450521 0.035417 0.044792
0 0.720833 0.234375 0.052083 0.037500
0 0.742188 0.859375 0.036458 0.047917
0 0.917708 0.156771 0.039583 0.038542
0 0.121354 0.602083 0.048958 0.039583
0 0.564583 0.360417 0.029167 0.037500
0 0.552083 0.604167 0.047917 0.041667
0 0.881771 0.519792 0.042708 0.029167
0 0.738021 0.336458 0.030208 0.039583
0 0.075521 0.807292 0.042708 0.027083
0 0.639062 0.685937 0.026042 0.044792
0 0.405208 0.821875 0.037500 0.031250
0 0.310937 0.321875 0.042708 0.020833
0 0.151042 0.116146 0.045833 0.055208
0 0.383854 0.290104 0.042708 0.023958
0 0.626042 0.829167 0.052083 0.047917
0 0.190625 0.275521 0.039583 0.044792
0 0.507812 0.908854 0.051042 0.038542
0 0.345313 0.597917 0.032292 0.039583
0 0.718750 0.691667 0.033333 0.043750
0 0.968229 0.818750 0.053125 0.043750