0 0.721354 0.840104 0.023958 0.042708
0 0.125521 0.679167 0.042708 0.047917
0 0.377083 0.625000 0.052083 0.043750
0 0.885938 0.170833 0.042708 0.037500
0 0.311979 0.611458 0.028125 0.039583
0 0.536979 0.466146 0.034375 0.053125
0 0.736458 0.730729 0.045833 0.034375
0 0.861979 0.878125 0.048958 0.027083
0 0.513021 0.177083 0.038542 0.029167
0 0.365625 0.530208 0.043750 0.033333
0 0.264062 0.630208 0.046875 0.022917
0 0.719792 0.290625 0.047917 0.027083
0 0.922917 0.705729 0.045833 0.032292
0 0.574479 0.482292 0.032292 0.043750
0 0.297917 0.695833 0.047917 0.039583
0 0.872917 0.532292 0.041667 0.039583
0 0.415625 0.238021 0.039583 0.036458
0 0.313021 0.703125 0.046875 0.043750
0 0.410938 0.935937 0.055208 0.042708
0 0.926562 0.690104 0.042708 0.044792
0 0.870313 0.848958 0.032292 0.039583
0 0.617708 0.566667 0.037500 0.027083
0 0.869271 0.683333 0.030208 0.043750
0 0.936458 0.822396 0.052083 0.034375
0 0.620833 0.710938 0.029167 0.040625
0 0.818229 0.591146 0.042708 0.051042
0 0.202083 0.658854 0.027083 0.051042
0 0.375000 0.119792 0.052083 0.043750
0 0.229167 0.405729 0.050000 0.040625
0 0.742188 0.821875 0.028125 0.039583
0 0.933333 0.854688 0.035417 0.040625
0 0.129688 0.169271 0.030208 0.040625
0 0.123438 0.082292 0.023958 0.045833
0 0.384896 0.345833 0.046875 0.031250
0 0.283854 0.425521 0.036458 0.051042
0 0.782813 0.465625 0.042708 0.027083
0 0.074479 0.248958 0.038542 0.025000
0 0.754687 0.765104 0.046875 0.036458
0 0.594271 0.466667 0.048958 0.041667
0 0.078125 0.161979 0.037500 0.019792
0 0.159896 0.211458 0.046875 0.043750
0 0.195312 0.139063 0.055208 0.038542
0 0.434896 0.699479 0.040625 0.026042
0 0.289583 0.740625 0.037500 0.031250
0 0.293229 0.594271 0.030208 0.040625
0 0.265104 0.315625 0.051042 0.050000
0 0.707292 0.254688 0.027083 0.051042
0 0.530729 0.911458 0.036458 0.018750
0 0.175521 0.882292 0.040625 0.020833
0 0.641667 0.896875 0.047917 0.041667
0 0.452604 0.486458 0.023958 0.041667
0 0.824479 0.227604 0.053125 0.032292
0 0.678125 0.812500 0.039583 0.052083
0 0.768750 0.770833 0.041667 0.029167
0 0.945312 0.236979 0.038542 0.038542
0 0.626563 0.482812 0.055208 0.051042
0 0.295312 0.876563 0.048958 0.044792
0 0.241146 0.696875 0.042708 0.031250
0 0.492188 0.593750 0.021875 0.037500
0 0.371875 0.760938 0.039583 0.026042
0 0.677604 0.552604 0.032292 0.053125
0 0.632292 0.881771 0.035417 0.044792
0 0.970833 0.933333 0.047917 0.033333
0 0.144271 0.888021 0.042708 0.044792
0 0.351562 0.090625 0.030208 0.039583
0 0.237500 0.116667 0.037500 0.041667
0 0.875000 0.370833 0.033333 0.047917
0 0.636979 0.744271 0.032292 0.040625
0 0.567708 0.233854 0.043750 0.055208
0 0.435417 0.751563 0.039583 0.036458
0 0.216146 0.660417 0.048958 0.037500
0 0.627604 0.090104 0.040625 0.036458
0 0.723437 0.100521 0.044792 0.042708
0 0.229687 0.596354 0.040625 0.023958
0 0.480208 0.544792 0.039583 0.047917
0 0.306250 0.168229 0.054167 0.040625
0 0.889583 0.518750 0.043750 0.045833
0 0.197396 0.309375 0.046875 0.031250
0 0.943229 0.717187 0.051042 0.034375
0 0.234896 0.388542 0.034375 0.043750
0 0.831250 0.513021 0.052083 0.030208
0 0.715104 0.795312 0.032292 0.040625
0 0.274479 0.718229 0.040625 0.051042
0 0.811979 0.357812 0.040625 0.023958
0 0.234896 0.097396 0.051042 0.040625
0 0.668750 0.658854 0.035417 0.040625
0 0.868750 0.595313 0.045833 0.032292
0 0.845833 0.590104 0.050000 0.040625
0 0.180729 0.479167 0.046875 0.043750
0 0.656771 0.542188 0.030208 0.048958
0 0.412500 0.239063 0.045833 0.055208
0 0.742708 0.738021 0.054167 0.048958
0 0.782292 0.353646 0.027083 0.040625
0 0.157812 0.535417 0.048958 0.052083
0 0.253646 0.308854 0.053125 0.053125
0 0.759375 0.626563 0.054167 0.036458
0 0.250521 0.947396 0.030208 0.040625
0 0.944271 0.793750 0.038542 0.033333
0 0.105208 0.627604 0.035417 0.048958
0 0.871875 0.466667 0.047917 0.037500
0 0.145313 0.320833 0.053125 0.045833
0 0.561458 0.609375 0.045833 0.029167
0 0.458333 0.591146 0.020833 0.042708
0 0.606771 0.472396 0.048958 0.030208
0 0.503125 0.536979 0.039583 0.038542
0 0.212500 0.956771 0.035417 0.040625
0 0.207813 0.860938 0.044792 0.030208
0 0.123438 0.194271 0.053125 0.034375
0 0.488542 0.832812 0.050000 0.042708
0 0.409896 0.454688 0.030208 0.040625
0 0.419271 0.648958 0.053125 0.041667
0 0.416146 0.806771 0.044792 0.028125
0 0.721354 0.751042 0.040625 0.041667
0 0.129688 0.104688 0.042708 0.044792
0 0.500000 0.461458 0.052083 0.047917
0 0.167187 0.259896 0.030208 0.040625
0 0.673958 0.963021 0.037500 0.040625
0 0.722917 0.221354 0.031250 0.040625
0 0.728646 0.175521 0.040625 0.030208
0 0.250521 0.135417 0.053125 0.045833
0 0.359896 0.111458 0.036458 0.043750
0 0.361458 0.473958 0.037500 0.041667
0 0.578125 0.490104 0.027083 0.040625
0 0.488542 0.319792 0.039583 0.022917
0 0.739583 0.858333 0.041667 0.037500
0 0.511458 0.198958 0.050000 0.050000
0 0.667188 0.133333 0.053125 0.039583
0 0.523438 0.583333 0.051042 0.047917
0 0.648958 0.840104 0.025000 0.038542
0 0.469271 0.769792 0.034375 0.016667
0 0.117188 0.904687 0.046875 0.034375
0 0.572917 0.566667 0.025000 0.047917
0 0.328646 0.726042 0.051042 0.035417
0 0.341667 0.763021 0.054167 0.042708
0 0.071354 0.917708 0.030208 0.039583
0 0.652604 0.501042 0.032292 0.047917
0 0.530208 0.906250 0.047917 0.041667
0 0.513021 0.663542 0.048958 0.052083
0 0.233333 0.957292 0.037500 0.033333
0 0.421354 0.860938 0.048958 0.046875
0 0.498958 0.631250 0.022917 0.037500
0 0.719271 0.463021 0.044792 0.032292
0 0.876042 0.122917 0.027083 0.037500
0 0.082812 0.957812 0.030208 0.040625
0 0.504167 0.459896 0.025000 0.044792
0 0.800521 0.356771 0.038542 0.021875
0 0.233333 0.793750 0.052083 0.041667
0 0.635938 0.753646 0.040625 0.055208
0 0.303646 0.944271 0.028125 0.040625
0 0.971875 0.494792 0.047917 0.033333
0 0.659896 0.259375 0.042708 0.041667
0 0.472396 0.263542 0.048958 0.037500
0 0.304167 0.939583 0.037500 0.027083
0 0.572396 0.427604 0.046875 0.040625
0 0.391146 0.828125 0.038542 0.035417
0 0.141667 0.655729 0.050000 0.053125
0 0.765104 0.238542 0.046875 0.052083
0 0.894271 0.506771 0.040625 0.034375
0 0.111458 0.482812 0.045833 0.038542
0 0.754167 0.117188 0.039583 0.026042
0 0.853125 0.610417 0.029167 0.041667
0 0.423438 0.407813 0.044792 0.028125
0 0.582812 0.384375 0.042708 0.054167
0 0.338542 0.361458 0.037500 0.025000
0 0.480729 0.530729 0.040625 0.023958
0 0.622396 0.605208 0.042708 0.031250
0 0.795312 0.839063 0.055208 0.044792
0 0.327604 0.155729 0.028125 0.051042
0 0.782813 0.224479 0.053125 0.034375
0 0.931250 0.761979 0.016667 0.034375
0 0.757812 0.546354 0.040625 0.030208
0 0.464062 0.963542 0.048958 0.033333
0 0.660417 0.728125 0.037500 0.047917
0 0.528125 0.768229 0.031250 0.040625
0 0.864583 0.472917 0.037500 0.031250
0 0.727604 0.682813 0.034375 0.046875
0 0.740625 0.302083 0.025000 0.047917
0 0.461458 0.848437 0.054167 0.044792
0 0.215625 0.454167 0.039583 0.020833
0 0.437500 0.250521 0.039583 0.044792
0 0.961458 0.227604 0.027083 0.040625
0 0.532813 0.076563 0.030208 0.040625
0 0.153125 0.956771 0.037500 0.048958
0 0.519271 0.221875 0.028125 0.039583
0 0.964063 0.119792 0.053125 0.043750
0 0.338542 0.072396 0.039583 0.032292
0 0.230208 0.472917 0.016667 0.033333
0 0.691146 0.424479 0.053125 0.032292
0 0.364063 0.627083 0.019792 0.037500
0 0.955208 0.592187 0.050000 0.044792
0 0.848958 0.320833 0.041667 0.039583
0 0.930729 0.505208 0.034375 0.039583
0 0.591146 0.296875 0.038542 0.035417
0 0.400000 0.148438 0.045833 0.034375
0 0.426563 0.431250 0.030208 0.047917
0 0.194271 0.272396 0.023958 0.042708
0 0.242188 0.144271 0.023958 0.042708
0 0.936979 0.170833 0.034375 0.043750
0 0.530208 0.645833 0.039583 0.020833
0 0.584375 0.302083 0.037500 0.022917
0 0.213542 0.429167 0.047917 0.050000
0 0.268750 0.662500 0.037500 0.025000
0 0.140625 0.765625 0.033333 0.037500
0 0.642188 0.734375 0.030208 0.050000
0 0.236979 0.464583 0.034375 0.039583
0 0.695312 0.941667 0.036458 0.047917
0 0.262500 0.170313 0.020833 0.036458
0 0.202604 0.682813 0.034375 0.046875
0 0.837500 0.895312 0.031250 0.048958
0 0.123958 0.690104 0.041667 0.023958
0 0.283333 0.800000 0.029167 0.045833
0 0.219792 0.205729 0.054167 0.044792
0 0.902604 0.266146 0.040625 0.055208
0 0.853646 0.138542 0.021875 0.039583
0 0.922917 0.387500 0.045833 0.022917
0 0.497396 0.459896 0.051042 0.038542
0 0.913021 0.086458 0.042708 0.029167
0 0.106250 0.667708 0.020833 0.035417
0 0.094792 0.173958 0.047917 0.052083
0 0.798438 0.540104 0.048958 0.055208
0 0.960417 0.807813 0.039583 0.053125
0 0.810417 0.159896 0.037500 0.019792
0 0.915104 0.118229 0.055208 0.038542
0 0.609896 0.467187 0.048958 0.046875
0 0.341667 0.185938 0.045833 0.048958
0 0.351042 0.571354 0.039583 0.036458
0 0.746354 0.923438 0.038542 0.051042
0 0.625521 0.377604 0.040625 0.034375
0 0.210417 0.150000 0.052083 0.041667
0 0.401042 0.450521 0.050000 0.028125
0 0.835938 0.195833 0.038542 0.031250
0 0.677604 0.147917 0.042708 0.031250
0 0.416146 0.671875 0.026042 0.039583
0 0.605208 0.901042 0.025000 0.041667
0 0.156771 0.072917 0.038542 0.035417
0 0.341667 0.155729 0.033333 0.053125
0 0.827604 0.658333 0.051042 0.035417
0 0.722917 0.925000 0.041667 0.029167
0 0.727604 0.552604 0.042708 0.044792
0 0.894271 0.136458 0.036458 0.043750
0 0.426042 0.834375 0.041667 0.052083
0 0.778646 0.508333 0.053125 0.037500
0 0.431771 0.889062 0.021875 0.042708
0 0.263542 0.714583 0.052083 0.035417
0 0.323437 0.213542 0.026042 0.039583
0 0.298438 0.925521 0.044792 0.032292
0 0.776563 0.092708 0.051042 0.050000
0 0.361979 0.592187 0.038542 0.021875
0 0.934896 0.344792 0.048958 0.027083
0 0.748437 0.192188 0.023958 0.042708
0 0.500000 0.855729 0.031250 0.051042
0 0.907813 0.128646 0.046875 0.040625
0 0.417187 0.323958 0.040625 0.054167