0 0.916667 0.148438 0.043750 0.026042
0 0.461458 0.565625 0.029167 0.050000
0 0.893229 0.373958 0.023958 0.041667
0 0.676562 0.148438 0.044792 0.055208
0 0.419792 0.942187 0.043750 0.042708
0 0.285417 0.228646 0.045833 0.026042
0 0.539062 0.168229 0.053125 0.053125
0 0.663021 0.903646 0.028125 0.040625
0 0.535937 0.393229 0.051042 0.026042
0 0.701042 0.089583 0.043750 0.045833
0 0.404687 0.357812 0.036458 0.040625
0 0.634375 0.456771 0.041667 0.032292
0 0.769271 0.586458 0.021875 0.037500
0 0.669271 0.456771 0.042708 0.023958
0 0.290625 0.078646 0.052083 0.030208
0 0.360417 0.099479 0.045833 0.055208
0 0.782292 0.344792 0.033333 0.037500
0 0.588542 0.415625 0.029167 0.050000
0 0.072396 0.222917 0.036458 0.037500
0 0.431771 0.785937 0.036458 0.051042
0 0.782292 0.332813 0.039583 0.036458
0 0.496354 0.165625 0.038542 0.031250
0 0.535417 0.885938 0.041667 0.048958
0 0.086458 0.718229 0.047917 0.046875
0 0.273438 0.414583 0.026042 0.045833
0 0.433333 0.663021 0.047917 0.028125
0 0.600000 0.716146 0.041667 0.048958
0 0.293750 0.629167 0.041667 0.020833
0 0.081250 0.568750 0.037500 0.031250
0 0.849479 0.610417 0.030208 0.039583
0 0.590625 0.278646 0.054167 0.048958
0 0.619271 0.880208 0.026042 0.050000
0 0.568750 0.718750 0.037500 0.052083
0 0.689063 0.440625 0.048958 0.037500
0 0.095312 0.897396 0.051042 0.042708
0 0.369271 0.283333 0.038542 0.033333
0 0.914583 0.311979 0.041667 0.032292
0 0.946875 0.091146 0.037500 0.038542
0 0.681771 0.457813 0.048958 0.055208
0 0.636458 0.435937 0.039583 0.038542
0 0.197396 0.850521 0.032292 0.046875
0 0.501042 0.429688 0.031250 0.048958
0 0.194271 0.514062 0.034375 0.040625
0 0.461458 0.256771 0.050000 0.038542
0 0.151042 0.578646 0.045833 0.055208
0 0.854688 0.900521 0.044792 0.032292
0 0.695312 0.610938 0.044792 0.042708
0 0.347396 0.264583 0.038542 0.031250
0 0.266146 0.896354 0.021875 0.038542
0 0.789062 0.222917 0.042708 0.041667
0 0.360417 0.402604 0.050000 0.034375
0 0.140104 0.119271 0.038542 0.040625
0 0.571875 0.918750 0.016667 0.033333
0 0.563542 0.373437 0.041667 0.048958
0 0.648438 0.239583 0.038542 0.043750
0 0.093750 0.619271 0.050000 0.034375
0 0.280208 0.116146 0.027083 0.046875
0 0.911458 0.432812 0.041667 0.032292
0 0.285938 0.665104 0.042708 0.051042
0 0.362500 0.154688 0.050000 0.040625
0 0.917188 0.945833 0.040625 0.020833
0 0.461458 0.215104 0.037500 0.044792
0 0.234896 0.591146 0.048958 0.055208
0 0.570312 0.345833 0.038542 0.047917
0 0.578646 0.572396 0.036458 0.040625
0 0.360938 0.542188 0.048958 0.055208
0 0.320833 0.879167 0.050000 0.050000
0 0.690104 0.456250 0.036458 0.047917
0 0.444792 0.541667 0.037500 0.047917
0 0.792188 0.170833 0.038542 0.043750
0 0.188021 0.377083 0.032292 0.052083
0 0.365625 0.515625 0.033333 0.037500
0 0.243229 0.839583 0.026042 0.039583
0 0.810417 0.877083 0.031250 0.041667
0 0.079167 0.557292 0.037500 0.029167
0 0.803125 0.892188 0.045833 0.055208
0 0.814583 0.892708 0.037500 0.041667
0 0.834375 0.805208 0.035417 0.043750
0 0.694271 0.653125 0.053125 0.037500
0 0.887500 0.565625 0.043750 0.045833
0 0.139063 0.952083 0.036458 0.047917
0 0.941146 0.909896 0.040625 0.044792
0 0.638542 0.511458 0.025000 0.047917
0 0.520312 0.295312 0.034375 0.040625
0 0.389062 0.264583 0.048958 0.037500
0 0.958333 0.755208 0.033333 0.037500
0 0.308854 0.613542 0.032292 0.043750
0 0.668229 0.555729 0.051042 0.042708
0 0.439063 0.258854 0.040625 0.034375
0 0.229687 0.273438 0.055208 0.046875
0 0.420312 0.663021 0.042708 0.051042
0 0.213021 0.564063 0.046875 0.036458
0 0.823438 0.907813 0.040625 0.026042
0 0.813021 0.515625 0.036458 0.043750
0 0.352083 0.282813 0.033333 0.040625
0 0.133854 0.397396 0.038542 0.040625
0 0.607812 0.259896 0.036458 0.046875
0 0.145833 0.316146 0.052083 0.051042
0 0.515104 0.561979 0.026042 0.051042
0 0.870313 0.701562 0.026042 0.044792
0 0.732292 0.376563 0.054167 0.036458
0 0.838542 0.606250 0.052083 0.043750
0 0.622917 0.585938 0.039583 0.048958
0 0.847396 0.753646 0.044792 0.032292
0 0.721354 0.961979 0.028125 0.040625
0 0.224479 0.767708 0.021875 0.041667
0 0.142187 0.827083 0.032292 0.039583
0 0.641146 0.819271 0.023958 0.042708
0 0.150000 0.930208 0.039583 0.047917
0 0.124479 0.884896 0.030208 0.040625
0 0.393229 0.721875 0.040625 0.052083
0 0.587500 0.874479 0.045833 0.026042
0 0.818229 0.628646 0.040625 0.034375
0 0.200000 0.428646 0.043750 0.040625
0 0.612500 0.519271 0.043750 0.026042
0 0.625000 0.507812 0.035417 0.044792
0 0.767708 0.531250 0.052083 0.039583
0 0.537500 0.216146 0.039583 0.034375
0 0.570833 0.222917 0.047917 0.033333
0 0.784896 0.131250 0.044792 0.047917
0 0.815625 0.204167 0.041667 0.037500
0 0.072396 0.555729 0.040625 0.038542
0 0.919792 0.259375 0.043750 0.022917
0 0.119271 0.833333 0.048958 0.041667
0 0.690104 0.439063 0.046875 0.023958
0 0.920833 0.254688 0.052083 0.051042
0 0.445833 0.619792 0.047917 0.027083
0 0.585417 0.621354 0.043750 0.028125
0 0.146354 0.250521 0.017708 0.036458
0 0.277083 0.245833 0.033333 0.037500
0 0.889062 0.223958 0.038542 0.031250
0 0.509896 0.622396 0.048958 0.046875
0 0.935417 0.590104 0.054167 0.044792
0 0.812500 0.772917 0.020833 0.035417
0 0.284375 0.802083 0.033333 0.037500
0 0.141667 0.143229 0.043750 0.021875
0 0.233333 0.756771 0.054167 0.040625
0 0.783333 0.675521 0.041667 0.044792
0 0.568229 0.788021 0.040625 0.030208
0 0.757292 0.249479 0.050000 0.038542
0 0.679167 0.917188 0.022917 0.040625
0 0.310937 0.808854 0.044792 0.030208
0 0.810417 0.680208 0.027083 0.041667
0 0.249479 0.639583 0.019792 0.035417
0 0.066146 0.523438 0.026042 0.044792
0 0.205208 0.555208 0.022917 0.043750
0 0.212500 0.821354 0.054167 0.051042
0 0.221875 0.132292 0.025000 0.043750
0 0.621354 0.112500 0.036458 0.020833
0 0.477604 0.356771 0.038542 0.046875
0 0.265104 0.316146 0.036458 0.046875
0 0.082812 0.128646 0.055208 0.042708
0 0.836979 0.415104 0.051042 0.036458
0 0.473958 0.288021 0.047917 0.046875
0 0.732292 0.661979 0.045833 0.032292
0 0.182812 0.574479 0.023958 0.040625
0 0.310417 0.944271 0.043750 0.042708
0 0.551562 0.623958 0.038542 0.033333
0 0.178125 0.918229 0.052083 0.051042
0 0.503646 0.464583 0.034375 0.039583
0 0.758854 0.089583 0.048958 0.035417
0 0.225000 0.827604 0.041667 0.044792
0 0.074479 0.632292 0.038542 0.035417
0 0.441146 0.678646 0.040625 0.034375
0 0.336458 0.616667 0.020833 0.035417
0 0.385417 0.897396 0.050000 0.040625
0 0.433854 0.768750 0.030208 0.039583
0 0.620833 0.940104 0.020833 0.036458
0 0.210938 0.535417 0.036458 0.043750
0 0.073438 0.481250 0.038542 0.035417
0 0.877083 0.802083 0.035417 0.037500
0 0.476562 0.107813 0.053125 0.051042
0 0.852083 0.703646 0.052083 0.032292
0 0.601562 0.358333 0.019792 0.035417
0 0.267188 0.642188 0.048958 0.028125
0 0.265104 0.213542 0.026042 0.050000
0 0.927083 0.638542 0.041667 0.047917
0 0.096354 0.285938 0.055208 0.038542
0 0.245312 0.163542 0.030208 0.047917
0 0.468750 0.942708 0.025000 0.041667
0 0.341667 0.906250 0.050000 0.047917
0 0.522396 0.298438 0.046875 0.026042
0 0.755729 0.314063 0.028125 0.044792
0 0.520312 0.409375 0.042708 0.047917
0 0.294271 0.665104 0.026042 0.044792
0 0.097396 0.216146 0.026042 0.051042
0 0.802083 0.402083 0.035417 0.037500
0 0.345833 0.239063 0.039583 0.038542
0 0.267188 0.686979 0.053125 0.032292
0 0.129688 0.900521 0.048958 0.023958
0 0.639583 0.588542 0.037500 0.035417
0 0.110417 0.840104 0.050000 0.034375
0 0.183333 0.727604 0.054167 0.044792
0 0.331250 0.873437 0.031250 0.040625
0 0.885938 0.079167 0.042708 0.025000
0 0.448437 0.687500 0.051042 0.029167
0 0.328125 0.452604 0.027083 0.040625
0 0.404687 0.263021 0.044792 0.055208
0 0.907292 0.701042 0.043750 0.052083
0 0.712500 0.475521 0.045833 0.038542
0 0.208854 0.614583 0.053125 0.045833
0 0.332813 0.870313 0.055208 0.044792
0 0.336458 0.761458 0.025000 0.041667
0 0.225000 0.090625 0.027083 0.037500
0 0.131250 0.513021 0.018750 0.036458
0 0.847396 0.349479 0.034375 0.046875
0 0.212500 0.961458 0.025000 0.041667
0 0.590625 0.529687 0.045833 0.034375
0 0.879687 0.713542 0.023958 0.047917
0 0.785937 0.631771 0.044792 0.048958
0 0.716146 0.967708 0.034375 0.047917
0 0.789583 0.590625 0.039583 0.047917
0 0.218750 0.732812 0.050000 0.034375
0 0.199479 0.782292 0.042708 0.027083
0 0.427083 0.725521 0.045833 0.038542
0 0.902083 0.919271 0.041667 0.032292
0 0.498958 0.285938 0.031250 0.044792
0 0.719271 0.665625 0.034375 0.052083
0 0.792188 0.305729 0.048958 0.046875
0 0.121354 0.092188 0.036458 0.051042
0 0.776563 0.411458 0.032292 0.039583
0 0.276042 0.534896 0.045833 0.034375
0 0.675521 0.685417 0.019792 0.039583
0 0.821875 0.301563 0.050000 0.053125
0 0.308854 0.381250 0.038542 0.025000
0 0.111458 0.422917 0.047917 0.035417
0 0.191667 0.252083 0.025000 0.043750
0 0.814063 0.459375 0.042708 0.039583
0 0.527604 0.848958 0.044792 0.052083
0 0.626563 0.657292 0.032292 0.043750
0 0.217188 0.248958 0.034375 0.047917
0 0.267708 0.150000 0.029167 0.045833
0 0.794792 0.727083 0.047917 0.041667
0 0.409375 0.295833 0.020833 0.035417
0 0.216146 0.511458 0.026042 0.039583
0 0.878125 0.436979 0.052083 0.032292
0 0.195833 0.527604 0.033333 0.040625
0 0.802083 0.493229 0.031250 0.040625
0 0.311458 0.225000 0.029167 0.037500
0 0.098958 0.391667 0.022917 0.037500
0 0.145833 0.276562 0.043750 0.028125
0 0.353646 0.636979 0.040625 0.051042
0 0.146354 0.305208 0.042708 0.025000
0 0.320312 0.920312 0.023958 0.042708
0 0.243750 0.193750 0.047917 0.025000
0 0.462500 0.880208 0.037500 0.052083
0 0.388021 0.307292 0.026042 0.037500
0 0.685417 0.708333 0.037500 0.041667
0 0.575521 0.119271 0.040625 0.026042
0 0.100000 0.094792 0.043750 0.027083
0 0.287500 0.379688 0.037500 0.048958
0 0.231250 0.819271 0.039583 0.034375
0 0.621354 0.501042 0.051042 0.033333
0 0.468229 0.451042 0.038542 0.033333
0 0.695833 0.422917 0.029167 0.041667
0 0.794792 0.360938 0.050000 0.028125
0 0.120313 0.468229 0.019792 0.038542
0 0.650521 0.511979 0.034375 0.051042
0 0.726042 0.207292 0.035417 0.020833
0 0.464583 0.922917 0.045833 0.043750
0 0.929167 0.089063 0.052083 0.030208
0 0.308333 0.630729 0.039583 0.048958
0 0.115104 0.267188 0.055208 0.046875
0 0.520312 0.906771 0.053125 0.053125
0 0.941146 0.090104 0.040625 0.032292
0 0.254688 0.620833 0.053125 0.037500
0 0.356250 0.558854 0.043750 0.042708
0 0.304688 0.195312 0.038542 0.051042
0 0.109896 0.549479 0.048958 0.030208
0 0.283333 0.193229 0.037500 0.048958
0 0.634375 0.620833 0.047917 0.037500
0 0.091667 0.175000 0.027083 0.037500
0 0.207813 0.577604 0.044792 0.055208
0 0.306250 0.211979 0.018750 0.036458
0 0.923958 0.101562 0.018750 0.038542
0 0.908333 0.770833 0.043750 0.025000
0 0.299479 0.704167 0.040625 0.047917
0 0.711979 0.532813 0.036458 0.040625
0 0.442188 0.707292 0.053125 0.045833
0 0.527083 0.891146 0.029167 0.051042
0 0.477604 0.266667 0.048958 0.027083
0 0.486458 0.213021 0.033333 0.048958
0 0.072917 0.917708 0.033333 0.047917
0 0.659375 0.358854 0.052083 0.032292
0 0.762500 0.301563 0.043750 0.030208
0 0.704688 0.626563 0.040625 0.030208
0 0.401562 0.893229 0.046875 0.036458
0 0.765625 0.306250 0.033333 0.037500
0 0.279167 0.269792 0.041667 0.025000
0 0.940104 0.403125 0.042708 0.033333
0 0.869271 0.793750 0.042708 0.047917
0 0.517708 0.842708 0.027083 0.047917
0 0.575521 0.769271 0.040625 0.034375
0 0.135937 0.563542 0.048958 0.037500
0 0.835417 0.155208 0.035417 0.037500
0 0.610938 0.371354 0.053125 0.030208
0 0.664583 0.892708 0.037500 0.031250
0 0.899479 0.419792 0.046875 0.043750
0 0.636979 0.303125 0.028125 0.043750
0 0.201042 0.076042 0.052083 0.045833
0 0.730208 0.596354 0.031250 0.048958
0 0.239063 0.100000 0.036458 0.020833
0 0.374479 0.346875 0.042708 0.054167
0 0.885417 0.908333 0.035417 0.035417
0 0.900000 0.283333 0.037500 0.047917
0 0.682292 0.513542 0.052083 0.039583
0 0.189062 0.699479 0.053125 0.051042
0 0.238542 0.919271 0.039583 0.044792
0 0.149479 0.250521 0.046875 0.034375
0 0.220833 0.752604 0.045833 0.055208
0 0.621354 0.685417 0.030208 0.047917
0 0.127604 0.205208 0.044792 0.033333
0 0.428125 0.943229 0.043750 0.048958
0 0.864062 0.743750 0.040625 0.041667
0 0.550000 0.590104 0.039583 0.036458
0 0.380729 0.858854 0.040625 0.026042
0 0.698438 0.268750 0.044792 0.035417
0 0.584375 0.120833 0.031250 0.041667
0 0.189583 0.511458 0.043750 0.025000
0 0.492708 0.226042 0.039583 0.020833
0 0.467187 0.092188 0.044792 0.055208
0 0.478646 0.901563 0.051042 0.055208
0 0.125521 0.305208 0.046875 0.029167
0 0.103646 0.080729 0.023958 0.042708
0 0.715104 0.791146 0.040625 0.036458
0 0.197917 0.286458 0.047917 0.050000
0 0.487500 0.373958 0.037500 0.025000
0 0.748958 0.563542 0.041667 0.027083
0 0.755729 0.668229 0.038542 0.046875
0 0.452083 0.804688 0.047917 0.044792
0 0.743229 0.600000 0.036458 0.052083
0 0.789062 0.159896 0.030208 0.040625
0 0.188542 0.460938 0.039583 0.038542
0 0.700521 0.940625 0.040625 0.047917
0 0.163021 0.353125 0.040625 0.047917
0 0.967187 0.545312 0.053125 0.051042
0 0.486979 0.632812 0.044792 0.040625
0 0.814063 0.663021 0.046875 0.048958
0 0.433333 0.244271 0.031250 0.044792
0 0.944271 0.557292 0.036458 0.022917
0 0.371875 0.461979 0.027083 0.040625
0 0.412500 0.330208 0.050000 0.050000
0 0.323437 0.773438 0.048958 0.055208
0 0.392188 0.415104 0.040625 0.034375
0 0.073958 0.223438 0.027083 0.040625
0 0.241667 0.196354 0.047917 0.028125
0 0.259896 0.098437 0.040625 0.030208
0 0.739062 0.588542 0.040625 0.022917
0 0.221875 0.079687 0.054167 0.042708
0 0.561979 0.538021 0.032292 0.048958
0 0.857812 0.351562 0.040625 0.036458
0 0.831771 0.208854 0.040625 0.034375
0 0.869271 0.263021 0.026042 0.044792
0 0.134896 0.581771 0.032292 0.044792
0 0.349479 0.276042 0.048958 0.039583
0 0.777604 0.456250 0.051042 0.050000
0 0.171875 0.782813 0.054167 0.038542
0 0.578125 0.784375 0.037500 0.035417
0 0.153125 0.902604 0.043750 0.048958
0 0.149479 0.699479 0.030208 0.040625
0 0.517708 0.960938 0.039583 0.036458
0 0.957812 0.227604 0.044792 0.030208
0 0.503646 0.362500 0.042708 0.039583
0 0.322917 0.576042 0.050000 0.031250
0 0.622917 0.404167 0.045833 0.029167
0 0.366667 0.517188 0.031250 0.051042
0 0.095833 0.552604 0.043750 0.048958
0 0.957812 0.090625 0.038542 0.035417
0 0.751563 0.579167 0.038542 0.033333
0 0.940625 0.884375 0.037500 0.031250
0 0.371354 0.907813 0.030208 0.048958
0 0.331771 0.252083 0.053125 0.047917
0 0.604167 0.619792 0.037500 0.035417
0 0.758854 0.939063 0.040625 0.038542
0 0.693229 0.525521 0.051042 0.036458
0 0.554688 0.353125 0.038542 0.029167
0 0.709896 0.375521 0.034375 0.040625
0 0.233854 0.154167 0.048958 0.027083
0 0.807292 0.288021 0.039583 0.044792
0 0.407813 0.356771 0.038542 0.046875
0 0.619271 0.964063 0.046875 0.055208
0 0.072917 0.507292 0.033333 0.016667
0 0.173958 0.568750 0.041667 0.020833
0 0.207292 0.291146 0.037500 0.019792
0 0.947396 0.794271 0.048958 0.046875
0 0.605208 0.643229 0.025000 0.042708
0 0.208854 0.398958 0.051042 0.033333