0 0.439063 0.342187 0.055208 0.038542
0 0.804688 0.607292 0.036458 0.037500
0 0.647917 0.191146 0.043750 0.040625
0 0.732292 0.598958 0.047917 0.041667
0 0.763021 0.665625 0.036458 0.020833
0 0.635938 0.479167 0.030208 0.039583
0 0.722396 0.856250 0.051042 0.050000
0 0.501563 0.837500 0.048958 0.041667
0 0.558333 0.176563 0.029167 0.051042
0 0.435417 0.936458 0.043750 0.033333
0 0.603646 0.217188 0.048958 0.055208
0 0.177083 0.831771 0.039583 0.028125
0 0.250000 0.588021 0.043750 0.055208
0 0.568750 0.934375 0.033333 0.037500
0 0.405729 0.087500 0.044792 0.052083
0 0.263021 0.271875 0.023958 0.037500
0 0.678125 0.342708 0.033333 0.037500
0 0.611458 0.566667 0.037500 0.018750
0 0.757292 0.570312 0.033333 0.040625
0 0.774479 0.471354 0.051042 0.044792
0 0.594792 0.732812 0.047917 0.030208
0 0.906771 0.571875 0.051042 0.050000
0 0.365104 0.521354 0.051042 0.053125
0 0.454167 0.567708 0.052083 0.035417
0 0.867708 0.676042 0.039583 0.052083
0 0.730208 0.718750 0.050000 0.029167
0 0.272917 0.773958 0.039583 0.041667
0 0.424479 0.326042 0.048958 0.041667
0 0.304167 0.192188 0.045833 0.040625
0 0.428125 0.450521 0.054167 0.036458
0 0.243750 0.081250 0.043750 0.033333
0 0.210938 0.225521 0.032292 0.048958
0 0.190625 0.156250 0.025000 0.037500
0 0.151562 0.160417 0.042708 0.031250
0 0.884375 0.515625 0.047917 0.035417
0 0.794271 0.629167 0.053125 0.035417
0 0.475521 0.746875 0.026042 0.045833
0 0.775521 0.798438 0.040625 0.030208
0 0.509375 0.315104 0.020833 0.038542
0 0.374479 0.912500 0.044792 0.052083
0 0.388542 0.935937 0.047917 0.046875
0 0.930729 0.194792 0.036458 0.022917
0 0.696354 0.729688 0.040625 0.028125
0 0.140625 0.168229 0.039583 0.028125
0 0.693229 0.104688 0.030208 0.048958
0 0.301563 0.152604 0.048958 0.046875
0 0.473438 0.879687 0.040625 0.036458
0 0.630729 0.132292 0.038542 0.033333
0 0.686979 0.360938 0.048958 0.046875
0 0.670833 0.367708 0.039583 0.047917
0 0.909375 0.532292 0.047917 0.033333
0 0.939063 0.371354 0.044792 0.055208
0 0.841667 0.832812 0.031250 0.040625
0 0.215625 0.825521 0.033333 0.044792
0 0.856250 0.261979 0.039583 0.034375
0 0.814063 0.380208 0.051042 0.031250
0 0.844271 0.909896 0.044792 0.028125
0 0.621354 0.170833 0.028125 0.050000
0 0.623958 0.892188 0.043750 0.021875
0 0.706250 0.612500 0.029167 0.045833
0 0.096354 0.155729 0.055208 0.046875
0 0.961458 0.789062 0.052083 0.053125
0 0.089583 0.163021 0.052083 0.053125
0 0.104167 0.284896 0.052083 0.032292
0 0.760938 0.160417 0.046875 0.027083
0 0.587500 0.753646 0.052083 0.030208
0 0.447917 0.171354 0.054167 0.044792
0 0.461979 0.413021 0.048958 0.028125
0 0.125521 0.937500 0.030208 0.039583
0 0.622396 0.323437 0.044792 0.030208
0 0.445833 0.381250 0.035417 0.052083
0 0.592708 0.788021 0.039583 0.036458
0 0.228646 0.910417 0.044792 0.047917
0 0.835938 0.392188 0.053125 0.034375
0 0.230208 0.343229 0.039583 0.036458
0 0.278646 0.669271 0.051042 0.036458
0 0.845313 0.865104 0.040625 0.030208
0 0.515104 0.344271 0.040625 0.055208
0 0.463542 0.413542 0.037500 0.052083
0 0.429167 0.083333 0.037500 0.035417
0 0.488021 0.595833 0.048958 0.035417
0 0.768750 0.211458 0.031250 0.041667
0 0.118229 0.901563 0.040625 0.019792
0 0.672396 0.377604 0.040625 0.036458
0 0.847396 0.140104 0.034375 0.051042
0 0.285938 0.470833 0.032292 0.052083
0 0.270313 0.076042 0.023958 0.037500
0 0.447917 0.290104 0.045833 0.055208
0 0.821875 0.516146 0.039583 0.036458
0 0.327604 0.444792 0.042708 0.039583
0 0.091667 0.946354 0.025000 0.042708
0 0.888542 0.707292 0.027083 0.045833
0 0.426563 0.284896 0.051042 0.044792
0 0.484375 0.180729 0.039583 0.036458
0 0.838542 0.883854 0.045833 0.048958
0 0.521875 0.787500 0.047917 0.050000
0 0.516667 0.175000 0.045833 0.052083
0 0.695312 0.354687 0.040625 0.030208
0 0.345313 0.884375 0.044792 0.035417
0 0.086979 0.874479 0.038542 0.021875
0 0.535937 0.318750 0.021875 0.043750
0 0.239063 0.295312 0.051042 0.053125
0 0.956771 0.955208 0.042708 0.041667
0 0.905729 0.745833 0.046875 0.029167
0 0.741146 0.962500 0.028125 0.043750
0 0.371354 0.781250 0.048958 0.041667
0 0.861979 0.390104 0.040625 0.038542
0 0.732812 0.767708 0.042708 0.020833
0 0.550000 0.271875 0.045833 0.043750
0 0.232813 0.541667 0.036458 0.052083
0 0.678646 0.660417 0.053125 0.045833
0 0.929167 0.783854 0.020833 0.036458
0 0.794271 0.334375 0.040625 0.043750
0 0.120833 0.576562 0.050000 0.044792
0 0.784375 0.613021 0.035417 0.044792
0 0.443229 0.139063 0.044792 0.026042
0 0.537500 0.620313 0.033333 0.053125
0 0.512500 0.838542 0.045833 0.027083
0 0.230729 0.635417 0.038542 0.033333
0 0.484896 0.588021 0.051042 0.036458
0 0.497396 0.776563 0.053125 0.034375
0 0.611458 0.824479 0.052083 0.053125
0 0.489063 0.433333 0.042708 0.020833
0 0.831771 0.880208 0.048958 0.052083
0 0.908333 0.629687 0.050000 0.040625
0 0.301563 0.648958 0.021875 0.039583
0 0.444271 0.832812 0.019792 0.038542
0 0.711458 0.723958 0.052083 0.043750
0 0.804688 0.745313 0.051042 0.053125
0 0.673438 0.115104 0.030208 0.048958
0 0.904167 0.229687 0.054167 0.048958
0 0.680208 0.467187 0.045833 0.034375
0 0.195312 0.668750 0.038542 0.018750
0 0.355729 0.515104 0.046875 0.055208
0 0.365104 0.890104 0.030208 0.044792
0 0.874479 0.763021 0.048958 0.032292
0 0.801042 0.735938 0.050000 0.034375
0 0.714583 0.234375 0.047917 0.041667
0 0.086458 0.342708 0.025000 0.043750
0 0.833854 0.304167 0.048958 0.041667
0 0.332292 0.368229 0.050000 0.034375
0 0.138021 0.886458 0.038542 0.035417
0 0.747917 0.952604 0.047917 0.055208
0 0.228646 0.835417 0.048958 0.033333
0 0.233854 0.137500 0.048958 0.035417
0 0.476562 0.482292 0.034375 0.039583
0 0.451042 0.247396 0.045833 0.034375
0 0.534896 0.318229 0.017708 0.036458
0 0.535417 0.755208 0.035417 0.052083
0 0.190104 0.225521 0.051042 0.034375
0 0.581771 0.948958 0.053125 0.041667
0 0.619792 0.213021 0.039583 0.028125
0 0.767188 0.389062 0.042708 0.055208
0 0.635938 0.111458 0.019792 0.035417
0 0.087500 0.394792 0.037500 0.027083
0 0.426042 0.871875 0.033333 0.047917
0 0.484375 0.607812 0.043750 0.040625
0 0.255208 0.758333 0.047917 0.037500
0 0.530208 0.686458 0.022917 0.043750
0 0.681250 0.398958 0.037500 0.027083
0 0.298958 0.542708 0.043750 0.037500
0 0.619271 0.909896 0.051042 0.055208
0 0.784375 0.922917 0.041667 0.047917
0 0.879167 0.375521 0.031250 0.044792
0 0.334375 0.340625 0.045833 0.031250
0 0.747396 0.819792 0.034375 0.037500
0 0.425521 0.876563 0.055208 0.048958
0 0.542188 0.858333 0.044792 0.045833
0 0.433333 0.783333 0.052083 0.035417
0 0.604688 0.846354 0.040625 0.051042
0 0.956771 0.179167 0.044792 0.035417
0 0.640625 0.528125 0.035417 0.018750
0 0.676042 0.563021 0.050000 0.028125
0 0.924479 0.611458 0.036458 0.037500
0 0.758333 0.933854 0.029167 0.046875
0 0.451042 0.365625 0.035417 0.047917
0 0.386979 0.088542 0.023958 0.037500
0 0.345833 0.959896 0.035417 0.053125
0 0.622917 0.122396 0.033333 0.048958
0 0.401042 0.268229 0.033333 0.044792
0 0.466667 0.917188 0.050000 0.026042
0 0.216667 0.932292 0.029167 0.050000
0 0.579688 0.711979 0.026042 0.040625
0 0.539583 0.945312 0.045833 0.038542
0 0.508333 0.542708 0.035417 0.043750
0 0.670833 0.802083 0.031250 0.050000
0 0.715104 0.713542 0.046875 0.033333
0 0.213021 0.119271 0.042708 0.051042
0 0.910937 0.738542 0.019792 0.035417
0 0.166667 0.230729 0.054167 0.051042
0 0.752604 0.576562 0.040625 0.026042
0 0.141146 0.914583 0.046875 0.029167
0 0.334896 0.206250 0.036458 0.043750
0 0.337500 0.931250 0.041667 0.029167
0 0.206250 0.265625 0.037500 0.047917
0 0.325521 0.841667 0.042708 0.037500
0 0.873958 0.301042 0.050000 0.029167
0 0.829167 0.936458 0.043750 0.033333
0 0.690104 0.209375 0.038542 0.031250
0 0.331250 0.864062 0.047917 0.053125
0 0.683854 0.080208 0.053125 0.039583
0 0.445312 0.203646 0.040625 0.032292
0 0.173958 0.566667 0.047917 0.039583
0 0.808333 0.601562 0.054167 0.048958
0 0.152604 0.389583 0.044792 0.033333
0 0.160938 0.904687 0.053125 0.051042
0 0.915104 0.135417 0.048958 0.035417
0 0.425000 0.380208 0.037500 0.033333
0 0.666667 0.148438 0.039583 0.055208
0 0.505729 0.721875 0.042708 0.039583
0 0.204687 0.882812 0.048958 0.023958
0 0.142187 0.188542 0.036458 0.037500
0 0.430729 0.122917 0.046875 0.052083
0 0.896354 0.744792 0.038542 0.043750
0 0.522917 0.857812 0.039583 0.055208
0 0.498437 0.196354 0.055208 0.040625
0 0.868750 0.402083 0.041667 0.047917
0 0.467187 0.906250 0.036458 0.037500
0 0.257812 0.500000 0.044792 0.033333
0 0.305208 0.258854 0.052083 0.034375
0 0.093229 0.725000 0.023958 0.037500
0 0.542188 0.413021 0.040625 0.051042
0 0.155729 0.285417 0.026042 0.037500
0 0.299479 0.747396 0.038542 0.046875
0 0.844792 0.884896 0.045833 0.032292
0 0.680208 0.076042 0.050000 0.047917
0 0.209896 0.936458 0.046875 0.031250
0 0.189062 0.567187 0.046875 0.048958
0 0.919271 0.468229 0.038542 0.040625
0 0.469271 0.294271 0.032292 0.040625
0 0.497396 0.908333 0.044792 0.047917
0 0.457813 0.560937 0.051042 0.036458
0 0.369271 0.902083 0.034375 0.037500
0 0.811458 0.294792 0.039583 0.047917
0 0.828646 0.806250 0.044792 0.025000
0 0.783333 0.885417 0.047917 0.033333
0 0.282813 0.912500 0.044792 0.047917
0 0.802083 0.223958 0.037500 0.027083
0 0.657292 0.553125 0.050000 0.031250
0 0.530208 0.473438 0.054167 0.046875
0 0.921875 0.128646 0.047917 0.046875
0 0.492188 0.488542 0.034375 0.047917
0 0.762500 0.876042 0.050000 0.050000
0 0.429688 0.783854 0.034375 0.040625
0 0.298438 0.278646 0.044792 0.026042
0 0.863021 0.563021 0.030208 0.040625
0 0.534375 0.533854 0.037500 0.038542
0 0.590625 0.368750 0.043750 0.035417
0 0.815104 0.341667 0.023958 0.037500
0 0.523958 0.926042 0.041667 0.039583
0 0.423958 0.361458 0.041667 0.039583
0 0.816667 0.094271 0.052083 0.051042
0 0.826042 0.884375 0.047917 0.027083
0 0.585417 0.471875 0.050000 0.050000
0 0.400000 0.697396 0.047917 0.044792
0 0.323437 0.272917 0.028125 0.041667
0 0.240104 0.763542 0.038542 0.031250
0 0.263021 0.286979 0.040625 0.055208
0 0.370833 0.647396 0.050000 0.042708
0 0.219792 0.879167 0.029167 0.041667
0 0.793750 0.943750 0.033333 0.016667
0 0.204167 0.643229 0.037500 0.019792
0 0.136458 0.752083 0.035417 0.043750
0 0.185417 0.746875 0.045833 0.029167
0 0.576042 0.724479 0.050000 0.034375
0 0.212500 0.794271 0.039583 0.036458
0 0.844792 0.948438 0.045833 0.038542
0 0.256250 0.567708 0.025000 0.037500
0 0.376563 0.562500 0.042708 0.029167
0 0.685937 0.903646 0.026042 0.046875
0 0.764583 0.894792 0.041667 0.039583
0 0.940625 0.194271 0.041667 0.044792
0 0.688021 0.347396 0.051042 0.040625
0 0.748437 0.667188 0.053125 0.032292
0 0.338021 0.821875 0.046875 0.029167
0 0.433854 0.746875 0.032292 0.052083
0 0.175521 0.915625 0.051042 0.031250
0 0.938542 0.744792 0.045833 0.027083
0 0.108854 0.705729 0.044792 0.055208
0 0.936458 0.626563 0.041667 0.023958
0 0.188542 0.909896 0.039583 0.048958
0 0.149479 0.764583 0.038542 0.031250
0 0.908333 0.403646 0.045833 0.036458
0 0.215104 0.968229 0.040625 0.055208
0 0.709375 0.339583 0.041667 0.047917
0 0.515625 0.367708 0.041667 0.037500
0 0.721354 0.816146 0.040625 0.055208
0 0.334375 0.482812 0.031250 0.044792
0 0.485417 0.697396 0.043750 0.021875
0 0.281250 0.617188 0.045833 0.036458
0 0.083333 0.549479 0.018750 0.036458
0 0.150000 0.380729 0.039583 0.038542
0 0.941667 0.759896 0.039583 0.034375
0 0.133854 0.728646 0.030208 0.044792
0 0.634375 0.681250 0.037500 0.035417
0 0.383333 0.111458 0.047917 0.041667
0 0.623437 0.080208 0.051042 0.033333
0 0.932813 0.134896 0.034375 0.040625
0 0.137500 0.549479 0.043750 0.048958
0 0.120313 0.144271 0.051042 0.044792
0 0.877083 0.500521 0.025000 0.042708
0 0.695833 0.502604 0.039583 0.038542
0 0.085417 0.677083 0.027083 0.045833
0 0.277604 0.416146 0.048958 0.023958
0 0.543229 0.785417 0.040625 0.041667
0 0.602083 0.794792 0.037500 0.035417
0 0.482812 0.471875 0.042708 0.037500
0 0.611979 0.871875 0.053125 0.043750
0 0.509375 0.600000 0.043750 0.052083
0 0.150521 0.916146 0.040625 0.026042
0 0.251563 0.452083 0.038542 0.029167
0 0.209375 0.754167 0.050000 0.047917
0 0.864062 0.339583 0.036458 0.037500
0 0.566146 0.940625 0.046875 0.045833
0 0.668750 0.114583 0.029167 0.037500
0 0.320833 0.810937 0.037500 0.038542
0 0.663542 0.650521 0.043750 0.026042
0 0.235417 0.251563 0.045833 0.038542
0 0.221354 0.380729 0.044792 0.032292
0 0.445833 0.735417 0.037500 0.031250
0 0.292187 0.423438 0.055208 0.044792
0 0.306771 0.456250 0.046875 0.029167
0 0.511979 0.337500 0.048958 0.041667
0 0.171354 0.400521 0.055208 0.036458
0 0.863542 0.463021 0.033333 0.044792
0 0.729688 0.625521 0.046875 0.048958
0 0.501563 0.450000 0.036458 0.020833
0 0.201563 0.208333 0.042708 0.037500
0 0.211979 0.567708 0.053125 0.039583
0 0.420312 0.687500 0.038542 0.047917
0 0.279687 0.727083 0.044792 0.035417
0 0.434375 0.742188 0.047917 0.023958
0 0.260417 0.543750 0.047917 0.035417
0 0.780729 0.561458 0.053125 0.047917
0 0.441146 0.607292 0.038542 0.033333
0 0.605208 0.607292 0.029167 0.037500
0 0.245833 0.473438 0.035417 0.044792
0 0.147917 0.463542 0.037500 0.022917
0 0.650000 0.091146 0.050000 0.053125
0 0.112500 0.244271 0.035417 0.044792
0 0.096875 0.952083 0.029167 0.041667
0 0.733333 0.426042 0.041667 0.025000
0 0.961979 0.870833 0.042708 0.037500
0 0.723958 0.853646 0.054167 0.036458
0 0.843750 0.122396 0.045833 0.036458
0 0.457292 0.767708 0.031250 0.050000
0 0.511458 0.812500 0.031250 0.050000
0 0.826562 0.454167 0.028125 0.050000
0 0.562500 0.588021 0.039583 0.044792