0 0.713021 0.590625 0.053125 0.045833
0 0.330208 0.298438 0.039583 0.028125
0 0.846354 0.225000 0.038542 0.031250
0 0.882812 0.888021 0.042708 0.044792
0 0.857812 0.301563 0.048958 0.046875
0 0.293229 0.666146 0.034375 0.040625
0 0.193750 0.612500 0.037500 0.047917
0 0.894271 0.553125 0.026042 0.045833
0 0.933333 0.616146 0.047917 0.028125
0 0.195312 0.945833 0.038542 0.031250
0 0.129688 0.129167 0.046875 0.045833
0 0.520833 0.783854 0.039583 0.048958
0 0.126042 0.618750 0.052083 0.045833
0 0.729688 0.892708 0.048958 0.027083
0 0.784375 0.090625 0.047917 0.037500
0 0.343750 0.477083 0.031250 0.041667
0 0.342708 0.648958 0.029167 0.037500
0 0.270833 0.221875 0.045833 0.045833
0 0.638021 0.868229 0.046875 0.048958
0 0.611458 0.124479 0.039583 0.032292
0 0.842708 0.667188 0.037500 0.023958
0 0.818750 0.819271 0.050000 0.040625
0 0.367188 0.103125 0.034375 0.039583
0 0.605729 0.598437 0.051042 0.040625
0 0.432812 0.452604 0.032292 0.044792
0 0.277604 0.202604 0.044792 0.042708
0 0.362500 0.621354 0.020833 0.038542
0 0.702604 0.298958 0.053125 0.045833
0 0.633333 0.443229 0.039583 0.032292
0 0.229687 0.183333 0.026042 0.037500
0 0.933854 0.866667 0.036458 0.043750
0 0.775000 0.358854 0.041667 0.042708
0 0.755208 0.871875 0.045833 0.043750
0 0.830208 0.739583 0.031250 0.050000
0 0.190104 0.460417 0.023958 0.041667
0 0.927083 0.438542 0.025000 0.037500
0 0.254688 0.522396 0.040625 0.038542
0 0.381250 0.642188 0.033333 0.044792
0 0.275521 0.179688 0.046875 0.038542
0 0.721354 0.291146 0.023958 0.046875
0 0.575521 0.122396 0.046875 0.032292
0 0.527604 0.159896 0.030208 0.040625
0 0.686979 0.562500 0.030208 0.047917
0 0.553646 0.287500 0.040625 0.047917
0 0.863021 0.432812 0.040625 0.032292
0 0.856771 0.321875 0.038542 0.025000
0 0.917188 0.769792 0.032292 0.052083
0 0.789583 0.261458 0.041667 0.039583
0 0.707292 0.896354 0.027083 0.046875
0 0.532292 0.281250 0.050000 0.031250
0 0.488021 0.960417 0.036458 0.037500
0 0.792188 0.242708 0.030208 0.047917
0 0.302083 0.246354 0.020833 0.042708
0 0.296354 0.434896 0.032292 0.048958
0 0.773438 0.751042 0.048958 0.052083
0 0.260417 0.552083 0.052083 0.033333
0 0.937500 0.142708 0.045833 0.043750
0 0.925000 0.756771 0.041667 0.048958
0 0.328125 0.730729 0.043750 0.032292
0 0.535937 0.928125 0.046875 0.027083
0 0.808333 0.866146 0.045833 0.036458
0 0.838021 0.334375 0.053125 0.043750
0 0.396354 0.607812 0.044792 0.021875
0 0.517708 0.643229 0.037500 0.019792
0 0.374479 0.846875 0.038542 0.052083
0 0.647917 0.897396 0.045833 0.034375
0 0.114583 0.173958 0.033333 0.037500
0 0.261458 0.552083 0.037500 0.018750
0 0.272396 0.624479 0.048958 0.055208
0 0.559896 0.901563 0.055208 0.048958
0 0.440104 0.430208 0.038542 0.043750
0 0.196354 0.263542 0.038542 0.031250
0 0.256771 0.823958 0.048958 0.039583
0 0.266667 0.260417 0.052083 0.043750
0 0.694792 0.569792 0.052083 0.045833
0 0.281771 0.896354 0.028125 0.051042
0 0.580208 0.344271 0.039583 0.026042
0 0.600521 0.093229 0.046875 0.036458
0 0.186458 0.231250 0.037500 0.047917
0 0.929688 0.467187 0.019792 0.038542
0 0.483854 0.868750 0.034375 0.052083
0 0.313542 0.663542 0.025000 0.043750
0 0.894271 0.418750 0.051042 0.047917
0 0.148438 0.383333 0.042708 0.047917
0 0.932813 0.649479 0.053125 0.034375
0 0.128125 0.859896 0.022917 0.040625
0 0.382812 0.572917 0.021875 0.037500
0 0.656771 0.664062 0.044792 0.042708
0 0.207813 0.529687 0.032292 0.040625
0 0.859375 0.679688 0.039583 0.036458
0 0.778125 0.359375 0.041667 0.041667
0 0.595313 0.692708 0.038542 0.052083
0 0.248958 0.402083 0.037500 0.033333
0 0.877604 0.499479 0.040625 0.044792
0 0.317708 0.638021 0.037500 0.021875
0 0.111458 0.608854 0.050000 0.042708
0 0.844271 0.331250 0.036458 0.037500
0 0.564063 0.169792 0.032292 0.047917
0 0.866667 0.798958 0.050000 0.047917
0 0.360417 0.544271 0.043750 0.040625
0 0.081771 0.798958 0.048958 0.041667
0 0.695312 0.113021 0.055208 0.044792
0 0.907813 0.706250 0.038542 0.033333
0 0.577083 0.909375 0.018750 0.035417
0 0.545833 0.208333 0.045833 0.045833
0 0.598437 0.759896 0.051042 0.044792
0 0.276042 0.915104 0.045833 0.036458
0 0.195312 0.339062 0.048958 0.055208
0 0.879687 0.871875 0.044792 0.047917
0 0.810937 0.376042 0.032292 0.043750
0 0.353646 0.236458 0.051042 0.029167
0 0.608854 0.369792 0.048958 0.052083
0 0.659375 0.959896 0.033333 0.048958
0 0.644792 0.233854 0.045833 0.023958
0 0.592708 0.692708 0.047917 0.050000
0 0.371875 0.629167 0.027083 0.045833
0 0.695312 0.594271 0.048958 0.030208
0 0.264062 0.875000 0.040625 0.041667
0 0.114583 0.436979 0.045833 0.048958
0 0.520833 0.125000 0.027083 0.047917
0 0.247396 0.400000 0.032292 0.043750
0 0.682813 0.707812 0.048958 0.055208
0 0.531250 0.430208 0.041667 0.039583
0 0.607292 0.163021 0.029167 0.040625
0 0.560937 0.888021 0.048958 0.032292
0 0.790104 0.090104 0.028125 0.048958
0 0.367708 0.433854 0.037500 0.023958
0 0.701042 0.497917 0.018750 0.035417
0 0.769792 0.445312 0.033333 0.040625
0 0.455729 0.639583 0.021875 0.037500
0 0.642188 0.506250 0.038542 0.043750
0 0.216146 0.886979 0.044792 0.042708
0 0.775521 0.211979 0.034375 0.040625
0 0.715104 0.470313 0.034375 0.053125
0 0.430729 0.080729 0.048958 0.028125
0 0.392708 0.746875 0.052083 0.035417
0 0.572396 0.848958 0.051042 0.029167
0 0.331771 0.379167 0.048958 0.035417
0 0.657292 0.906250 0.041667 0.039583
0 0.338021 0.296875 0.021875 0.037500
0 0.265625 0.314063 0.043750 0.055208
0 0.700521 0.364063 0.026042 0.044792
0 0.617708 0.658854 0.050000 0.053125
0 0.507292 0.079687 0.054167 0.044792
0 0.783854 0.563542 0.032292 0.052083
0 0.363542 0.740625 0.029167 0.041667
0 0.492188 0.747396 0.044792 0.048958
0 0.169792 0.862500 0.033333 0.043750
0 0.299479 0.553646 0.038542 0.040625
0 0.256771 0.206250 0.042708 0.039583
0 0.840104 0.341146 0.032292 0.053125
0 0.233333 0.623958 0.035417 0.047917
0 0.381771 0.184375 0.032292 0.047917
0 0.540625 0.305729 0.043750 0.026042
0 0.268750 0.945312 0.025000 0.046875
0 0.699479 0.182812 0.030208 0.044792
0 0.138542 0.626042 0.052083 0.041667
0 0.096354 0.233333 0.038542 0.043750
0 0.319792 0.344792 0.037500 0.031250
0 0.814063 0.338542 0.038542 0.043750
0 0.465625 0.173958 0.047917 0.050000
0 0.798958 0.741667 0.047917 0.037500
0 0.568229 0.583333 0.051042 0.033333
0 0.752604 0.883333 0.048958 0.035417
0 0.083333 0.229687 0.041667 0.048958
0 0.681250 0.828646 0.054167 0.042708
0 0.951042 0.557292 0.050000 0.047917
0 0.328125 0.520312 0.047917 0.032292
0 0.468750 0.580729 0.054167 0.046875
0 0.345833 0.166667 0.043750 0.027083
0 0.513542 0.388021 0.039583 0.030208
0 0.100000 0.175521 0.045833 0.055208
0 0.695833 0.601042 0.052083 0.041667
0 0.332813 0.153125 0.034375 0.039583
0 0.120313 0.775521 0.051042 0.042708
0 0.471354 0.136458 0.046875 0.043750
0 0.758854 0.143229 0.040625 0.036458
0 0.564583 0.714583 0.037500 0.052083
0 0.238542 0.282292 0.037500 0.022917
0 0.845313 0.632812 0.042708 0.023958
0 0.860938 0.513021 0.055208 0.040625
0 0.744271 0.611458 0.036458 0.022917
0 0.708333 0.438021 0.043750 0.040625
0 0.494271 0.668229 0.053125 0.051042
0 0.310417 0.757812 0.035417 0.048958
0 0.097917 0.506250 0.041667 0.027083
0 0.077083 0.888542 0.039583 0.041667
0 0.751042 0.668229 0.043750 0.026042
0 0.783333 0.643229 0.045833 0.034375
0 0.942708 0.813021 0.045833 0.055208
0 0.499479 0.513021 0.053125 0.051042
0 0.102604 0.709375 0.030208 0.047917
0 0.309896 0.398958 0.051042 0.050000
0 0.480208 0.097917 0.041667 0.025000
0 0.233854 0.445312 0.044792 0.032292
0 0.577604 0.849479 0.040625 0.023958
0 0.253646 0.601562 0.044792 0.055208
0 0.172396 0.566146 0.038542 0.051042
0 0.661979 0.789583 0.038542 0.022917
0 0.105208 0.206250 0.041667 0.025000
0 0.357292 0.122396 0.041667 0.048958
0 0.866146 0.146354 0.044792 0.021875
0 0.497917 0.371354 0.037500 0.053125
0 0.352083 0.513021 0.045833 0.040625
0 0.373958 0.338021 0.045833 0.032292
0 0.340625 0.126562 0.037500 0.038542
0 0.734375 0.886458 0.022917 0.043750
0 0.886458 0.136458 0.047917 0.050000
0 0.455208 0.721354 0.039583 0.032292
0 0.688542 0.177083 0.025000 0.041667
0 0.618229 0.128125 0.036458 0.047917
0 0.871875 0.277083 0.031250 0.041667
0 0.417708 0.402083 0.045833 0.027083
0 0.193750 0.180208 0.050000 0.029167
0 0.075000 0.359896 0.022917 0.038542
0 0.226562 0.435937 0.055208 0.040625
0 0.488542 0.758854 0.027083 0.040625
0 0.161979 0.522396 0.032292 0.040625
0 0.871354 0.841667 0.048958 0.027083
0 0.855208 0.400521 0.050000 0.034375
0 0.307292 0.670312 0.045833 0.055208
0 0.785417 0.250000 0.027083 0.037500
0 0.642188 0.408854 0.055208 0.044792
0 0.571354 0.890104 0.030208 0.040625
0 0.648438 0.100521 0.038542 0.055208
0 0.636458 0.819271 0.047917 0.046875
0 0.291667 0.320833 0.039583 0.047917
0 0.238542 0.180208 0.035417 0.043750
0 0.901563 0.321354 0.046875 0.036458
0 0.408854 0.097396 0.023958 0.048958
0 0.875521 0.842708 0.046875 0.043750
0 0.323437 0.884375 0.046875 0.045833
0 0.804688 0.705729 0.044792 0.026042
0 0.079687 0.371354 0.032292 0.053125
0 0.958333 0.651042 0.037500 0.035417
0 0.678646 0.138542 0.048958 0.033333
0 0.134375 0.301042 0.035417 0.037500
0 0.630208 0.826042 0.047917 0.025000
0 0.671875 0.347917 0.045833 0.033333
0 0.492708 0.429688 0.041667 0.048958
0 0.075521 0.165104 0.040625 0.030208
0 0.771354 0.963542 0.048958 0.052083
0 0.443229 0.871875 0.053125 0.041667
0 0.717708 0.112500 0.047917 0.035417
0 0.314063 0.520312 0.044792 0.051042
0 0.244792 0.157812 0.031250 0.044792
0 0.570312 0.908333 0.034375 0.039583
0 0.873437 0.644792 0.051042 0.050000
0 0.395833 0.934375 0.027083 0.041667
0 0.251563 0.933854 0.042708 0.044792
0 0.719792 0.690625 0.043750 0.052083
0 0.901563 0.103646 0.040625 0.026042
0 0.580729 0.807292 0.030208 0.047917
0 0.514062 0.955208 0.051042 0.050000
0 0.411458 0.232292 0.035417 0.018750
0 0.686979 0.895833 0.038542 0.033333
0 0.767188 0.702083 0.038542 0.027083
0 0.345313 0.177604 0.040625 0.023958
0 0.546875 0.691667 0.035417 0.037500
0 0.258333 0.758333 0.037500 0.047917
0 0.432812 0.154688 0.032292 0.048958
0 0.127083 0.630729 0.043750 0.042708
0 0.541667 0.116667 0.045833 0.043750
0 0.371354 0.857812 0.023958 0.040625
0 0.106250 0.838021 0.031250 0.044792
0 0.741146 0.084375 0.036458 0.043750
0 0.618229 0.365104 0.053125 0.034375
0 0.396354 0.451562 0.053125 0.051042
0 0.865104 0.445833 0.038542 0.035417
0 0.492188 0.861458 0.034375 0.052083
0 0.503646 0.097917 0.032292 0.047917
0 0.222396 0.509896 0.053125 0.051042
0 0.215104 0.641667 0.038542 0.043750
0 0.745313 0.831250 0.026042 0.041667
0 0.534896 0.525521 0.021875 0.042708
0 0.748437 0.640625 0.038542 0.027083
0 0.216146 0.835938 0.051042 0.055208
0 0.820833 0.651042 0.037500 0.033333
0 0.258854 0.887500 0.044792 0.035417
0 0.894792 0.739583 0.050000 0.029167
0 0.954688 0.482812 0.046875 0.036458
0 0.686979 0.213542 0.023958 0.041667
0 0.850000 0.657813 0.054167 0.044792
0 0.919792 0.106771 0.039583 0.038542
0 0.084896 0.221354 0.051042 0.036458
0 0.737500 0.565625 0.029167 0.045833
0 0.519271 0.483854 0.026042 0.044792
0 0.453125 0.354687 0.037500 0.019792
0 0.739062 0.452083 0.034375 0.043750
0 0.940104 0.592187 0.040625 0.038542
0 0.351562 0.109896 0.040625 0.034375
0 0.828125 0.534375 0.035417 0.037500
0 0.375000 0.662500 0.037500 0.035417
0 0.563021 0.830729 0.053125 0.051042
0 0.905729 0.393750 0.053125 0.047917
0 0.511458 0.139583 0.052083 0.041667
0 0.200000 0.385417 0.025000 0.041667
0 0.396875 0.365104 0.039583 0.028125
0 0.807292 0.880729 0.039583 0.036458
0 0.099479 0.769271 0.042708 0.055208
0 0.083333 0.608854 0.039583 0.038542
0 0.106250 0.818229 0.025000 0.038542
0 0.630729 0.403646 0.042708 0.051042
0 0.392708 0.171354 0.031250 0.040625
0 0.383854 0.398438 0.051042 0.028125
0 0.169271 0.103125 0.044792 0.045833
0 0.615104 0.496875 0.030208 0.043750
0 0.689583 0.788021 0.039583 0.028125
0 0.176042 0.797396 0.041667 0.044792
0 0.624479 0.197917 0.044792 0.022917
0 0.663021 0.700521 0.044792 0.044792
0 0.913542 0.459375 0.047917 0.041667
0 0.660937 0.482292 0.032292 0.039583
0 0.405208 0.607812 0.045833 0.048958
0 0.210417 0.251563 0.043750 0.028125
0 0.397396 0.309896 0.051042 0.044792
0 0.549479 0.475000 0.042708 0.029167
0 0.498958 0.268750 0.043750 0.045833
0 0.959896 0.834896 0.040625 0.028125
0 0.663021 0.758333 0.038542 0.035417
0 0.457813 0.536979 0.028125 0.040625
0 0.087500 0.332292 0.037500 0.031250
0 0.242708 0.239063 0.045833 0.034375
0 0.373437 0.438542 0.053125 0.041667
0 0.108333 0.947917 0.022917 0.035417
0 0.792708 0.959896 0.022917 0.044792
0 0.341667 0.656771 0.039583 0.030208
0 0.531771 0.296354 0.040625 0.026042
0 0.920312 0.606771 0.046875 0.026042
0 0.177083 0.410938 0.022917 0.038542
0 0.641146 0.873437 0.048958 0.044792
0 0.068750 0.280208 0.029167 0.050000
0 0.716667 0.784896 0.039583 0.036458
0 0.492188 0.211458 0.048958 0.037500
0 0.117188 0.202604 0.055208 0.042708
0 0.859375 0.836979 0.054167 0.046875
0 0.573958 0.928646 0.050000 0.040625
0 0.852604 0.408333 0.028125 0.039583
0 0.543750 0.424479 0.039583 0.048958
0 0.519792 0.558854 0.039583 0.048958
0 0.198437 0.165104 0.055208 0.038542
0 0.165625 0.184896 0.025000 0.042708
0 0.400000 0.235417 0.047917 0.037500
0 0.891667 0.619792 0.047917 0.050000
0 0.555208 0.430729 0.027083 0.046875
0 0.642708 0.742188 0.037500 0.044792
0 0.757292 0.569792 0.041667 0.047917
0 0.434375 0.742188 0.041667 0.044792
0 0.829688 0.554167 0.036458 0.037500
0 0.439583 0.561979 0.052083 0.051042
0 0.816146 0.613542 0.048958 0.041667
0 0.720833 0.640104 0.027083 0.051042
0 0.134896 0.337500 0.038542 0.035417
0 0.107292 0.654167 0.018750 0.035417
0 0.160417 0.529167 0.035417 0.043750
0 0.191667 0.417708 0.037500 0.033333
0 0.882812 0.729688 0.040625 0.032292
0 0.526563 0.469271 0.040625 0.032292
0 0.717708 0.679688 0.043750 0.040625
0 0.376563 0.780208 0.036458 0.047917
0 0.838021 0.357292 0.036458 0.052083
0 0.216146 0.272396 0.040625 0.028125
0 0.625000 0.508333 0.027083 0.037500
0 0.575000 0.426042 0.035417 0.018750
0 0.929167 0.241146 0.035417 0.053125
0 0.551562 0.801562 0.048958 0.034375
0 0.786458 0.113542 0.045833 0.043750
0 0.325000 0.240104 0.050000 0.053125
0 0.826562 0.772917 0.021875 0.043750
0 0.943229 0.834896 0.051042 0.042708
0 0.227083 0.531771 0.054167 0.042708
0 0.784896 0.876042 0.053125 0.041667
0 0.590104 0.181250 0.023958 0.047917
0 0.766667 0.185938 0.037500 0.048958
0 0.358854 0.887500 0.040625 0.054167
0 0.232813 0.155208 0.042708 0.054167
0 0.470833 0.808854 0.043750 0.042708
0 0.628646 0.581250 0.051042 0.033333
0 0.443750 0.593229 0.047917 0.053125
0 0.723958 0.403125 0.045833 0.043750
0 0.275521 0.508854 0.048958 0.032292
0 0.536979 0.370833 0.034375 0.043750
0 0.933854 0.207813 0.038542 0.021875
0 0.241146 0.747917 0.053125 0.041667
0 0.251563 0.485938 0.055208 0.051042
0 0.435417 0.467708 0.039583 0.041667
0 0.353646 0.925000 0.044792 0.022917
0 0.650521 0.232292 0.036458 0.018750
0 0.423958 0.931771 0.043750 0.048958
0 0.328646 0.535417 0.044792 0.035417
0 0.549479 0.122917 0.040625 0.047917
0 0.935417 0.440625 0.050000 0.050000
0 0.291146 0.858854 0.042708 0.044792
0 0.260417 0.100000 0.037500 0.052083
0 0.928125 0.930208 0.045833 0.029167
0 0.227083 0.482292 0.033333 0.043750
0 0.146875 0.493750 0.031250 0.050000
0 0.452083 0.503125 0.037500 0.018750
0 0.277604 0.791667 0.040625 0.047917
0 0.481771 0.636458 0.017708 0.035417
0 0.233854 0.132292 0.021875 0.037500
0 0.359896 0.115104 0.038542 0.038542
0 0.481771 0.573438 0.051042 0.055208
0 0.416667 0.531250 0.035417 0.022917
0 0.581250 0.205208 0.041667 0.025000
0 0.151042 0.593750 0.045833 0.043750
0 0.519271 0.802604 0.032292 0.053125
0 0.523438 0.785417 0.030208 0.039583
0 0.883333 0.078646 0.043750 0.048958
0 0.425000 0.202604 0.027083 0.046875
0 0.120833 0.495312 0.039583 0.026042
0 0.622396 0.890625 0.034375 0.016667
0 0.807813 0.092708 0.040625 0.041667
0 0.346354 0.411979 0.055208 0.042708
0 0.848437 0.767188 0.046875 0.048958
0 0.109896 0.741667 0.042708 0.039583
0 0.552083 0.346875 0.045833 0.043750
0 0.782813 0.518750 0.051042 0.047917
0 0.685937 0.093750 0.040625 0.020833
0 0.584375 0.085938 0.037500 0.019792
0 0.773958 0.515104 0.039583 0.034375
0 0.867708 0.948438 0.052083 0.053125
0 0.831250 0.339583 0.045833 0.031250
0 0.601562 0.236458 0.038542 0.047917
0 0.879687 0.106250 0.038542 0.035417
0 0.222917 0.284896 0.045833 0.023958
0 0.230729 0.703646 0.026042 0.046875
0 0.090625 0.319271 0.039583 0.034375
0 0.753646 0.740104 0.051042 0.040625
0 0.672396 0.222396 0.048958 0.023958
0 0.306771 0.263021 0.034375 0.040625
0 0.503646 0.516667 0.046875 0.029167
0 0.830208 0.702604 0.043750 0.040625
0 0.142187 0.925521 0.021875 0.038542
0 0.272396 0.850521 0.046875 0.055208
0 0.327604 0.339062 0.044792 0.051042
0 0.464583 0.107292 0.045833 0.027083
0 0.077604 0.317188 0.040625 0.055208
0 0.139063 0.955208 0.048958 0.041667
0 0.814063 0.493750 0.042708 0.037500
0 0.540625 0.948958 0.039583 0.022917
0 0.071875 0.919271 0.031250 0.044792
0 0.842708 0.885417 0.043750 0.022917
0 0.707292 0.457813 0.043750 0.042708
0 0.923438 0.502083 0.053125 0.047917
0 0.636979 0.820312 0.040625 0.030208
0 0.700521 0.568750 0.046875 0.045833
0 0.155208 0.409896 0.031250 0.044792
0 0.875521 0.407813 0.044792 0.051042
0 0.667188 0.287500 0.040625 0.025000
0 0.121875 0.569792 0.043750 0.022917
0 0.436979 0.278646 0.051042 0.044792
0 0.633333 0.745313 0.037500 0.021875
0 0.922396 0.594271 0.053125 0.051042
0 0.889062 0.947917 0.048958 0.027083
0 0.185938 0.615625 0.028125 0.043750
0 0.377604 0.747396 0.042708 0.044792
0 0.802083 0.303125 0.047917 0.039583
0 0.475521 0.596354 0.044792 0.021875
0 0.326562 0.616146 0.044792 0.040625
0 0.158333 0.373437 0.047917 0.046875
0 0.966146 0.202083 0.048958 0.025000
0 0.071875 0.898958 0.037500 0.031250
0 0.441667 0.653646 0.045833 0.055208
0 0.815625 0.176042 0.043750 0.025000
0 0.738542 0.602604 0.020833 0.036458
0 0.249479 0.164062 0.051042 0.053125
0 0.966667 0.503646 0.050000 0.040625
0 0.642708 0.568750 0.022917 0.045833
0 0.482292 0.746875 0.035417 0.043750
0 0.159375 0.617708 0.041667 0.029167
0 0.688542 0.116146 0.039583 0.044792
0 0.419792 0.712500 0.045833 0.043750
0 0.136458 0.813542 0.052083 0.039583
0 0.434896 0.509375 0.044792 0.052083
0 0.188021 0.547396 0.040625 0.026042
0 0.455208 0.234896 0.047917 0.023958
0 0.571354 0.399479 0.038542 0.040625
0 0.854167 0.285417 0.052083 0.033333
0 0.612500 0.552083 0.031250 0.045833
0 0.786458 0.824479 0.033333 0.040625
0 0.361979 0.342708 0.034375 0.047917
0 0.208333 0.432812 0.031250 0.044792
0 0.444792 0.353125 0.035417 0.043750
0 0.903125 0.409375 0.031250 0.037500
0 0.774479 0.395833 0.044792 0.033333
0 0.486458 0.458333 0.041667 0.039583
0 0.463021 0.367188 0.023958 0.042708
0 0.163021 0.334375 0.030208 0.047917
0 0.690625 0.110937 0.041667 0.055208
0 0.677604 0.513542 0.030208 0.050000
0 0.247396 0.139063 0.046875 0.048958
0 0.600521 0.088021 0.051042 0.044792
0 0.862500 0.846875 0.039583 0.041667
0 0.626042 0.650521 0.022917 0.044792
0 0.643229 0.133333 0.023958 0.037500
0 0.457292 0.399479 0.029167 0.040625
0 0.844792 0.480729 0.041667 0.021875
0 0.298958 0.832292 0.045833 0.043750
0 0.231250 0.632292 0.047917 0.039583
0 0.727083 0.670833 0.039583 0.041667
0 0.867188 0.840625 0.048958 0.027083
0 0.555729 0.500000 0.040625 0.041667
0 0.823438 0.746354 0.038542 0.021875
0 0.481771 0.575000 0.053125 0.043750
0 0.540625 0.715104 0.037500 0.038542
0 0.123438 0.795312 0.055208 0.048958
0 0.494792 0.140625 0.041667 0.031250
0 0.240104 0.946875 0.051042 0.031250
0 0.329167 0.378125 0.047917 0.050000
0 0.489063 0.098958 0.026042 0.045833
0 0.560417 0.356771 0.033333 0.040625
0 0.126042 0.217708 0.029167 0.045833
0 0.413021 0.206250 0.026042 0.045833
0 0.627083 0.660937 0.041667 0.023958
0 0.829688 0.094271 0.044792 0.028125
0 0.644271 0.565625 0.051042 0.033333
0 0.276042 0.525000 0.041667 0.039583
0 0.081771 0.833854 0.042708 0.044792
0 0.765104 0.452604 0.042708 0.051042
0 0.491146 0.089583 0.046875 0.027083
0 0.312500 0.600521 0.037500 0.021875
0 0.617188 0.755208 0.046875 0.045833
0 0.640625 0.632812 0.041667 0.023958
0 0.285417 0.254167 0.027083 0.047917
0 0.509896 0.923438 0.028125 0.048958
0 0.681771 0.896875 0.044792 0.052083
0 0.925521 0.635417 0.034375 0.043750
0 0.196354 0.903125 0.042708 0.020833
0 0.754167 0.201563 0.039583 0.036458
0 0.264062 0.226042 0.023958 0.041667
0 0.790625 0.912500 0.033333 0.037500
0 0.322917 0.479687 0.043750 0.055208
0 0.691667 0.327604 0.047917 0.053125
0 0.477604 0.667188 0.055208 0.040625
0 0.514062 0.566146 0.040625 0.036458
0 0.350521 0.660937 0.038542 0.021875
0 0.593750 0.929688 0.047917 0.044792
0 0.306250 0.671354 0.037500 0.038542