0 0.706250 0.276042 0.050000 0.050000
0 0.258333 0.964583 0.037500 0.035417
0 0.415104 0.892188 0.048958 0.034375
0 0.119792 0.240625 0.047917 0.037500
0 0.946875 0.261979 0.029167 0.046875
0 0.429167 0.435417 0.029167 0.037500
0 0.356250 0.207292 0.037500 0.022917
0 0.903646 0.659896 0.036458 0.046875
0 0.561979 0.633333 0.048958 0.037500
0 0.731771 0.808333 0.048958 0.041667
0 0.353125 0.603646 0.050000 0.038542
0 0.459375 0.619792 0.041667 0.039583
0 0.162500 0.294271 0.050000 0.044792
0 0.108333 0.613021 0.041667 0.044792
0 0.260937 0.680208 0.048958 0.027083
0 0.795312 0.538542 0.036458 0.043750
0 0.400000 0.541667 0.043750 0.037500
0 0.799479 0.900000 0.023958 0.047917
0 0.338542 0.458854 0.039583 0.038542
0 0.776042 0.336979 0.050000 0.042708
0 0.405729 0.613542 0.036458 0.047917
0 0.148958 0.182292 0.037500 0.033333
0 0.402604 0.455208 0.048958 0.033333
0 0.673438 0.611979 0.028125 0.044792
0 0.757292 0.561979 0.043750 0.028125
0 0.841667 0.166146 0.037500 0.048958
0 0.625521 0.253646 0.044792 0.051042
0 0.356250 0.891667 0.045833 0.031250
0 0.441146 0.533854 0.055208 0.051042
0 0.529687 0.269792 0.036458 0.018750
0 0.115625 0.697396 0.027083 0.046875
0 0.606250 0.587500 0.041667 0.029167
0 0.076563 0.088021 0.023958 0.042708
0 0.417187 0.072396 0.051042 0.028125
0 0.902604 0.782813 0.051042 0.042708
0 0.725000 0.762500 0.050000 0.047917
0 0.446354 0.750521 0.038542 0.046875
0 0.131771 0.816667 0.038542 0.035417
0 0.144271 0.075000 0.044792 0.022917
0 0.850521 0.524479 0.051042 0.044792
0 0.900521 0.491667 0.026042 0.050000
0 0.890104 0.560937 0.028125 0.051042
0 0.301042 0.918229 0.027083 0.042708
0 0.448958 0.540104 0.050000 0.040625
0 0.473958 0.689063 0.031250 0.048958
0 0.129688 0.819271 0.036458 0.040625
0 0.583854 0.724479 0.046875 0.036458
0 0.940625 0.622396 0.037500 0.044792
0 0.540625 0.225000 0.037500 0.041667
0 0.243750 0.901042 0.037500 0.031250
0 0.764062 0.898438 0.044792 0.042708
0 0.452604 0.960417 0.030208 0.047917
0 0.788542 0.866667 0.047917 0.052083
0 0.960417 0.910937 0.041667 0.021875
0 0.085417 0.892708 0.043750 0.033333
0 0.860938 0.894792 0.046875 0.052083
0 0.731771 0.504687 0.042708 0.051042
0 0.605729 0.270833 0.034375 0.039583
0 0.077604 0.955729 0.038542 0.040625
0 0.950000 0.113542 0.043750 0.025000
0 0.379688 0.821354 0.053125 0.032292
0 0.189062 0.352604 0.042708 0.023958
0 0.927604 0.257812 0.044792 0.028125
0 0.426563 0.231250 0.036458 0.037500
0 0.686979 0.305208 0.053125 0.043750
0 0.533854 0.109896 0.046875 0.038542
0 0.157812 0.851042 0.042708 0.041667
0 0.203646 0.866146 0.044792 0.026042
0 0.290104 0.375521 0.036458 0.051042
0 0.607812 0.222917 0.048958 0.052083
0 0.886458 0.947917 0.033333 0.043750
0 0.520833 0.770833 0.027083 0.037500
0 0.427604 0.834375 0.019792 0.035417
0 0.752083 0.529687 0.037500 0.044792
0 0.170313 0.172917 0.038542 0.035417
0 0.945312 0.613542 0.044792 0.025000
0 0.819792 0.119792 0.041667 0.025000
0 0.396875 0.157292 0.047917 0.037500
0 0.325000 0.134896 0.043750 0.048958
0 0.512500 0.570833 0.043750 0.033333
0 0.706771 0.842708 0.040625 0.025000
0 0.106250 0.752083 0.031250 0.045833
0 0.201042 0.504167 0.052083 0.043750
0 0.653646 0.869271 0.051042 0.028125
0 0.903125 0.518750 0.037500 0.022917
0 0.738542 0.919792 0.041667 0.037500
0 0.925521 0.723437 0.048958 0.028125
0 0.100521 0.755208 0.042708 0.037500
0 0.608854 0.709896 0.040625 0.023958
0 0.097396 0.464583 0.026042 0.039583
0 0.736458 0.156771 0.050000 0.028125
0 0.280729 0.433854 0.028125 0.040625
0 0.388021 0.132292 0.042708 0.037500
0 0.114062 0.600521 0.044792 0.042708
0 0.938021 0.414062 0.038542 0.040625
0 0.339583 0.829688 0.039583 0.023958
0 0.223438 0.255208 0.034375 0.043750
0 0.405208 0.291146 0.041667 0.055208
0 0.831250 0.196875 0.043750 0.052083
0 0.750000 0.902604 0.047917 0.030208
0 0.504167 0.276042 0.052083 0.039583
0 0.126042 0.553646 0.047917 0.046875
0 0.498958 0.258333 0.033333 0.043750
0 0.667708 0.388021 0.039583 0.055208
0 0.475521 0.363021 0.038542 0.038542
0 0.954688 0.889583 0.040625 0.054167
0 0.905729 0.967708 0.048958 0.039583
0 0.641146 0.190625 0.053125 0.041667
0 0.272917 0.618750 0.039583 0.047917
0 0.630729 0.738021 0.032292 0.040625
0 0.724479 0.799479 0.051042 0.040625
0 0.496354 0.826562 0.038542 0.019792
0 0.794792 0.461979 0.047917 0.030208
0 0.173437 0.657292 0.048958 0.027083
0 0.693229 0.407813 0.051042 0.038542
0 0.925521 0.479687 0.038542 0.038542
0 0.907813 0.823438 0.038542 0.021875
0 0.817187 0.801562 0.026042 0.040625
0 0.911979 0.498437 0.032292 0.044792
0 0.337500 0.286979 0.050000 0.044792
0 0.334375 0.704167 0.029167 0.050000
0 0.186979 0.497917 0.028125 0.039583
0 0.561979 0.868229 0.038542 0.055208
0 0.298438 0.792708 0.046875 0.031250
0 0.183854 0.558854 0.038542 0.021875
0 0.802604 0.444271 0.023958 0.040625
0 0.954688 0.203646 0.048958 0.046875
0 0.099479 0.165625 0.051042 0.033333
0 0.287500 0.571875 0.043750 0.045833
0 0.708854 0.240104 0.044792 0.051042
0 0.631771 0.136458 0.048958 0.037500
0 0.214062 0.882292 0.044792 0.045833
0 0.803646 0.242708 0.019792 0.039583
0 0.973437 0.720313 0.051042 0.030208
0 0.646875 0.748437 0.033333 0.044792
0 0.524479 0.521875 0.038542 0.025000
0 0.935417 0.223438 0.045833 0.048958
0 0.911979 0.383333 0.023958 0.037500
0 0.113542 0.331250 0.037500 0.029167
0 0.430729 0.406771 0.038542 0.051042
0 0.335938 0.970313 0.040625 0.044792
0 0.359896 0.544271 0.038542 0.046875
0 0.530208 0.830729 0.035417 0.053125
0 0.755729 0.249479 0.055208 0.040625
0 0.592708 0.811979 0.037500 0.019792
0 0.833333 0.880729 0.054167 0.038542
0 0.861979 0.266146 0.028125 0.051042
0 0.794271 0.475521 0.030208 0.048958
0 0.603125 0.123438 0.047917 0.046875
0 0.686979 0.636458 0.053125 0.039583
0 0.857292 0.553125 0.041667 0.037500
0 0.329167 0.243750 0.037500 0.022917
0 0.811979 0.548438 0.038542 0.055208
0 0.603125 0.492708 0.041667 0.037500
0 0.778125 0.401562 0.039583 0.019792
0 0.951042 0.076563 0.043750 0.040625
0 0.417708 0.669792 0.047917 0.039583
0 0.113021 0.921354 0.055208 0.038542
0 0.863542 0.770312 0.018750 0.038542
0 0.326042 0.347396 0.037500 0.040625
0 0.116146 0.364583 0.053125 0.037500
0 0.393229 0.706771 0.048958 0.023958
0 0.461979 0.704167 0.044792 0.047917
0 0.272396 0.327604 0.040625 0.038542
0 0.688021 0.548438 0.044792 0.040625
0 0.433854 0.236458 0.040625 0.041667
0 0.429167 0.390625 0.045833 0.029167
0 0.708854 0.756771 0.023958 0.042708
0 0.781771 0.111979 0.040625 0.036458
0 0.848437 0.766146 0.040625 0.034375
0 0.205208 0.897396 0.039583 0.028125
0 0.331771 0.435417 0.051042 0.031250
0 0.796354 0.948438 0.036458 0.046875
0 0.430729 0.748437 0.028125 0.048958
0 0.415625 0.769271 0.045833 0.034375
0 0.788021 0.549479 0.048958 0.046875
0 0.452083 0.852604 0.050000 0.044792
0 0.917708 0.947396 0.039583 0.034375
0 0.598437 0.098958 0.032292 0.039583
0 0.354167 0.586979 0.054167 0.044792
0 0.789583 0.107292 0.035417 0.052083
0 0.578125 0.293229 0.047917 0.032292
0 0.253646 0.520833 0.046875 0.052083
0 0.177083 0.639583 0.037500 0.027083
0 0.143750 0.662500 0.052083 0.043750
0 0.728125 0.916667 0.045833 0.022917
0 0.729688 0.264583 0.038542 0.052083
0 0.091146 0.612500 0.038542 0.033333
0 0.176042 0.581250 0.041667 0.029167
0 0.180208 0.071354 0.039583 0.038542
0 0.755729 0.180208 0.023958 0.045833
0 0.928646 0.159896 0.044792 0.040625
0 0.120313 0.116667 0.038542 0.033333
0 0.541146 0.901042 0.038542 0.031250
0 0.512500 0.274479 0.027083 0.040625
0 0.956250 0.226562 0.054167 0.040625
0 0.748437 0.094792 0.038542 0.027083
0 0.685417 0.443229 0.041667 0.048958
0 0.104167 0.802083 0.027083 0.047917
0 0.389062 0.315625 0.048958 0.039583
0 0.077083 0.766667 0.041667 0.037500
0 0.102604 0.934896 0.042708 0.055208
0 0.633854 0.218750 0.044792 0.047917
0 0.102604 0.103125 0.042708 0.047917
0 0.563021 0.472396 0.044792 0.028125
0 0.069271 0.570312 0.030208 0.040625
0 0.907813 0.760938 0.051042 0.042708
0 0.201563 0.301563 0.044792 0.055208
0 0.814063 0.148438 0.046875 0.048958
0 0.768750 0.166146 0.050000 0.038542
0 0.901042 0.882812 0.039583 0.034375
0 0.895833 0.356771 0.050000 0.053125
0 0.692187 0.688021 0.034375 0.053125
0 0.170313 0.108333 0.044792 0.022917
0 0.534896 0.512500 0.032292 0.039583
0 0.519271 0.245833 0.042708 0.029167
0 0.409375 0.722917 0.037500 0.033333
0 0.177083 0.903125 0.035417 0.037500
0 0.514062 0.474479 0.051042 0.042708
0 0.322917 0.569792 0.037500 0.035417
0 0.390625 0.101562 0.043750 0.055208
0 0.200000 0.819792 0.027083 0.041667
0 0.229687 0.921875 0.042708 0.039583
0 0.818750 0.647917 0.052083 0.039583
0 0.657813 0.293229 0.040625 0.023958
0 0.115104 0.355729 0.036458 0.046875
0 0.677604 0.575000 0.032292 0.039583
0 0.402083 0.230729 0.039583 0.023958
0 0.918750 0.077604 0.035417 0.044792
0 0.385417 0.503125 0.037500 0.035417
0 0.164583 0.564063 0.041667 0.042708
0 0.258854 0.427604 0.053125 0.053125
0 0.902083 0.408333 0.031250 0.050000
0 0.100000 0.573438 0.020833 0.036458
0 0.763542 0.453646 0.043750 0.028125
0 0.564583 0.871875 0.045833 0.029167
0 0.465625 0.413021 0.054167 0.036458
0 0.136979 0.427083 0.046875 0.031250
0 0.756771 0.918229 0.042708 0.055208
0 0.365104 0.510938 0.030208 0.044792
0 0.553125 0.389062 0.039583 0.028125
0 0.601562 0.675000 0.038542 0.047917
0 0.640625 0.477604 0.041667 0.044792
0 0.521354 0.317188 0.048958 0.030208
0 0.061979 0.439583 0.019792 0.039583
0 0.243750 0.376042 0.050000 0.029167
0 0.352083 0.538542 0.035417 0.043750
0 0.302083 0.398438 0.054167 0.036458
0 0.816146 0.362500 0.032292 0.043750
0 0.331771 0.854688 0.019792 0.038542
0 0.504687 0.705208 0.021875 0.043750
0 0.583854 0.663021 0.034375 0.040625
0 0.753125 0.796875 0.031250 0.037500
0 0.335417 0.682292 0.035417 0.052083
0 0.839583 0.712500 0.037500 0.031250
0 0.790104 0.290104 0.042708 0.051042
0 0.680208 0.652604 0.043750 0.021875
0 0.616667 0.754167 0.043750 0.045833
0 0.666146 0.622917 0.036458 0.020833
0 0.567708 0.627604 0.039583 0.044792
0 0.257292 0.091146 0.047917 0.055208
0 0.915104 0.332813 0.051042 0.038542
0 0.160938 0.774479 0.038542 0.021875
0 0.150000 0.397396 0.029167 0.040625
0 0.213021 0.622396 0.032292 0.044792
0 0.108854 0.138542 0.046875 0.031250
0 0.673958 0.216146 0.052083 0.030208
0 0.380208 0.301563 0.047917 0.046875
0 0.116667 0.968750 0.043750 0.045833
0 0.108854 0.489583 0.040625 0.041667
0 0.707292 0.226042 0.025000 0.037500
0 0.397917 0.117188 0.047917 0.053125
0 0.498437 0.516146 0.019792 0.038542
0 0.185938 0.133854 0.023958 0.046875
0 0.713542 0.106250 0.037500 0.022917
0 0.811458 0.469271 0.050000 0.053125
0 0.230208 0.651042 0.037500 0.029167
0 0.925000 0.327604 0.050000 0.053125
0 0.390625 0.864062 0.043750 0.030208
0 0.175521 0.792708 0.051042 0.050000
0 0.128646 0.511979 0.055208 0.042708
0 0.762500 0.717187 0.029167 0.051042
0 0.769792 0.657813 0.054167 0.048958
0 0.377083 0.286458 0.039583 0.047917
0 0.258854 0.244271 0.046875 0.026042
0 0.478125 0.591667 0.031250 0.045833
0 0.267188 0.277083 0.036458 0.052083
0 0.496354 0.540625 0.042708 0.041667
0 0.726042 0.224479 0.045833 0.055208
0 0.480729 0.950521 0.040625 0.036458
0 0.625000 0.950000 0.043750 0.045833
0 0.557813 0.333333 0.038542 0.043750
0 0.080729 0.497396 0.044792 0.026042
0 0.094271 0.763542 0.036458 0.037500
0 0.196354 0.821354 0.023958 0.038542
0 0.908854 0.345313 0.044792 0.051042
0 0.915104 0.744271 0.042708 0.044792
0 0.377083 0.552083 0.052083 0.037500
0 0.556250 0.194792 0.052083 0.047917
0 0.589063 0.628646 0.048958 0.048958
0 0.186979 0.283333 0.053125 0.043750
0 0.122396 0.756771 0.051042 0.028125
0 0.472917 0.731771 0.025000 0.042708
0 0.471875 0.765104 0.043750 0.040625
0 0.091146 0.633854 0.046875 0.034375
0 0.080208 0.320833 0.052083 0.039583
0 0.339062 0.590625 0.048958 0.041667
0 0.133854 0.365625 0.040625 0.047917
0 0.970313 0.145833 0.046875 0.045833
0 0.465104 0.486979 0.048958 0.046875
0 0.436458 0.492188 0.039583 0.044792
0 0.144271 0.557292 0.036458 0.037500
0 0.102604 0.481771 0.030208 0.051042
0 0.695312 0.078646 0.048958 0.034375
0 0.903125 0.284375 0.039583 0.047917
0 0.603125 0.618229 0.039583 0.032292
0 0.526042 0.817708 0.052083 0.039583
0 0.925000 0.500000 0.045833 0.052083
0 0.745833 0.307292 0.050000 0.047917
0 0.517708 0.210938 0.022917 0.038542
0 0.119271 0.588021 0.030208 0.040625
0 0.773958 0.432292 0.025000 0.047917
0 0.547396 0.122917 0.042708 0.054167
0 0.095312 0.447396 0.036458 0.040625
0 0.504167 0.098437 0.043750 0.040625
0 0.523438 0.280729 0.034375 0.040625
0 0.136979 0.811458 0.048958 0.037500
0 0.836979 0.641667 0.046875 0.029167
0 0.657813 0.133333 0.028125 0.050000
0 0.807292 0.137500 0.027083 0.037500
0 0.850000 0.158333 0.041667 0.031250
0 0.321354 0.140104 0.040625 0.023958
0 0.478646 0.705729 0.046875 0.026042
0 0.439583 0.567187 0.025000 0.038542
0 0.184896 0.708333 0.051042 0.033333
0 0.531771 0.951042 0.038542 0.035417
0 0.741667 0.725521 0.039583 0.048958
0 0.750000 0.725000 0.037500 0.025000
0 0.217188 0.721875 0.053125 0.045833
0 0.126562 0.357812 0.048958 0.044792
0 0.743229 0.383854 0.040625 0.026042
0 0.439583 0.812500 0.041667 0.039583
0 0.841146 0.263542 0.023958 0.045833
0 0.288021 0.841667 0.042708 0.039583
0 0.668229 0.179167 0.048958 0.035417
0 0.145833 0.252604 0.039583 0.023958
0 0.383333 0.857292 0.039583 0.020833
0 0.515625 0.333333 0.039583 0.052083
0 0.902083 0.296354 0.054167 0.046875
0 0.413542 0.923958 0.039583 0.041667
0 0.265625 0.931771 0.033333 0.044792
0 0.449479 0.891667 0.051042 0.050000
0 0.188021 0.954167 0.042708 0.039583
0 0.108854 0.308333 0.038542 0.031250
0 0.562500 0.215625 0.041667 0.037500
0 0.561458 0.702083 0.037500 0.035417
0 0.102604 0.945833 0.038542 0.018750
0 0.481250 0.073438 0.037500 0.019792
0 0.205729 0.536979 0.042708 0.044792
0 0.851042 0.573438 0.050000 0.040625
0 0.823958 0.950000 0.037500 0.025000
0 0.276042 0.175000 0.041667 0.039583
0 0.275521 0.855729 0.032292 0.044792
0 0.427083 0.752604 0.037500 0.044792
0 0.589063 0.580208 0.034375 0.039583
0 0.604167 0.469271 0.043750 0.040625
0 0.271354 0.298958 0.046875 0.031250
0 0.421875 0.156250 0.043750 0.045833
0 0.092708 0.223958 0.047917 0.041667
0 0.638021 0.095312 0.040625 0.023958
0 0.747396 0.590625 0.034375 0.039583
0 0.402083 0.717187 0.047917 0.053125
0 0.960417 0.706771 0.035417 0.040625
0 0.119271 0.877083 0.030208 0.039583
0 0.956771 0.954688 0.055208 0.038542
0 0.088542 0.107813 0.045833 0.040625
0 0.450000 0.769792 0.031250 0.050000
0 0.457813 0.272917 0.042708 0.047917
0 0.424479 0.541146 0.044792 0.055208
0 0.795312 0.714063 0.042708 0.044792
0 0.330729 0.809375 0.046875 0.045833
0 0.725000 0.565104 0.029167 0.040625
0 0.634896 0.621875 0.034375 0.039583
0 0.297396 0.452604 0.040625 0.036458
0 0.296875 0.206771 0.037500 0.040625
0 0.427604 0.898438 0.055208 0.044792
0 0.101042 0.617188 0.050000 0.028125
0 0.215104 0.668229 0.030208 0.040625
0 0.351562 0.694271 0.030208 0.053125
0 0.427083 0.475521 0.050000 0.028125
0 0.665625 0.835417 0.025000 0.037500
0 0.818750 0.585417 0.039583 0.047917
0 0.755208 0.937500 0.052083 0.043750
0 0.269271 0.654687 0.040625 0.051042
0 0.744792 0.133333 0.025000 0.037500
0 0.281771 0.672917 0.053125 0.035417
0 0.202604 0.266667 0.028125 0.043750
0 0.303125 0.589063 0.035417 0.048958
0 0.767708 0.201042 0.031250 0.037500
0 0.159375 0.371354 0.039583 0.026042
0 0.474479 0.642708 0.038542 0.027083
0 0.513021 0.235417 0.034375 0.039583
0 0.348958 0.705729 0.037500 0.040625
0 0.639583 0.618229 0.041667 0.055208
0 0.916146 0.740625 0.036458 0.037500
0 0.618750 0.533333 0.037500 0.041667
0 0.808854 0.155208 0.019792 0.037500
0 0.389062 0.323437 0.055208 0.040625
0 0.168229 0.696354 0.044792 0.028125
0 0.109896 0.285938 0.032292 0.053125
0 0.663021 0.457292 0.046875 0.043750
0 0.151562 0.791667 0.038542 0.035417
0 0.623958 0.429688 0.018750 0.036458
0 0.794271 0.397917 0.051042 0.035417
0 0.292708 0.606250 0.037500 0.027083
0 0.854688 0.669271 0.036458 0.055208
0 0.649479 0.285417 0.017708 0.035417
0 0.213021 0.148438 0.053125 0.051042
0 0.404687 0.951562 0.051042 0.028125
0 0.511979 0.692708 0.053125 0.045833
0 0.346875 0.376563 0.039583 0.026042
0 0.397396 0.292187 0.040625 0.034375
0 0.467187 0.600000 0.034375 0.047917
0 0.298958 0.891146 0.037500 0.021875
0 0.665625 0.369792 0.031250 0.037500
0 0.332292 0.438542 0.031250 0.037500
0 0.922396 0.693750 0.053125 0.043750
0 0.353646 0.425000 0.032292 0.052083
0 0.683854 0.455208 0.038542 0.037500
0 0.955729 0.109375 0.036458 0.018750
0 0.335417 0.948958 0.033333 0.043750
0 0.627083 0.256771 0.037500 0.053125
0 0.253125 0.505208 0.037500 0.027083
0 0.717708 0.904687 0.054167 0.038542
0 0.241667 0.358854 0.031250 0.040625
0 0.525000 0.445833 0.043750 0.052083
0 0.945833 0.474479 0.033333 0.044792
0 0.160417 0.778125 0.022917 0.035417
0 0.959375 0.823438 0.025000 0.038542
0 0.530208 0.371354 0.047917 0.032292
0 0.336458 0.692187 0.054167 0.038542
0 0.442188 0.719792 0.036458 0.037500
0 0.477604 0.190625 0.036458 0.043750
0 0.672917 0.606771 0.029167 0.040625
0 0.423958 0.818750 0.045833 0.043750
0 0.505208 0.563021 0.043750 0.028125
0 0.759896 0.748958 0.038542 0.027083
0 0.863021 0.517188 0.036458 0.046875
0 0.707812 0.271354 0.038542 0.038542
0 0.281771 0.388021 0.038542 0.038542
0 0.364583 0.195312 0.039583 0.030208
0 0.150000 0.952604 0.045833 0.055208
0 0.918229 0.891667 0.030208 0.039583
0 0.452604 0.538542 0.021875 0.043750
0 0.388542 0.341667 0.045833 0.043750
0 0.659375 0.718229 0.043750 0.048958
0 0.605208 0.896875 0.037500 0.041667
0 0.575521 0.609896 0.040625 0.034375
0 0.465625 0.354687 0.054167 0.046875
0 0.330208 0.316667 0.031250 0.037500
0 0.903646 0.773958 0.042708 0.039583
0 0.657813 0.688021 0.051042 0.040625
0 0.164062 0.554688 0.055208 0.046875
0 0.709375 0.810417 0.050000 0.050000
0 0.807813 0.681250 0.038542 0.047917
0 0.241667 0.947917 0.052083 0.039583
0 0.585938 0.489063 0.034375 0.051042
0 0.567708 0.227604 0.043750 0.026042
0 0.856250 0.806250 0.037500 0.031250
0 0.917188 0.794271 0.051042 0.044792
0 0.416146 0.947917 0.040625 0.054167
0 0.828646 0.092708 0.051042 0.029167
0 0.818750 0.104688 0.022917 0.044792
0 0.918229 0.226042 0.038542 0.047917
0 0.219271 0.223958 0.036458 0.047917
0 0.295833 0.369271 0.037500 0.044792
0 0.432292 0.240625 0.043750 0.025000
0 0.936458 0.691667 0.041667 0.029167
0 0.567708 0.738021 0.054167 0.038542
0 0.667708 0.097396 0.027083 0.042708
0 0.778646 0.689063 0.044792 0.030208
0 0.419792 0.452083 0.043750 0.035417
0 0.524479 0.961979 0.048958 0.030208
0 0.458854 0.625000 0.038542 0.027083
0 0.841667 0.502604 0.039583 0.028125
0 0.629687 0.497396 0.021875 0.042708
0 0.089063 0.928125 0.038542 0.043750
0 0.904167 0.726042 0.052083 0.039583
0 0.673958 0.172396 0.031250 0.044792
0 0.834375 0.163542 0.022917 0.039583
0 0.911458 0.886458 0.027083 0.041667
0 0.111979 0.295833 0.026042 0.037500
0 0.213542 0.434375 0.022917 0.039583
0 0.914062 0.927083 0.051042 0.031250
0 0.450521 0.683854 0.055208 0.040625
0 0.237500 0.564583 0.045833 0.043750
0 0.436979 0.760417 0.053125 0.045833
0 0.282813 0.922917 0.028125 0.043750
0 0.556250 0.591146 0.039583 0.028125
0 0.350521 0.290625 0.044792 0.035417
0 0.380208 0.155208 0.025000 0.043750
0 0.313021 0.394271 0.053125 0.032292
0 0.129688 0.344792 0.030208 0.039583
0 0.528125 0.376042 0.047917 0.037500
0 0.828125 0.179688 0.050000 0.026042
0 0.256771 0.956771 0.044792 0.030208
0 0.111458 0.430208 0.027083 0.041667
0 0.822917 0.550521 0.033333 0.044792
0 0.481250 0.700521 0.022917 0.038542
0 0.435417 0.866667 0.037500 0.041667
0 0.907292 0.507292 0.047917 0.041667
0 0.128646 0.087500 0.036458 0.037500
0 0.683333 0.725000 0.029167 0.041667
0 0.095312 0.881771 0.038542 0.021875
0 0.956250 0.553646 0.043750 0.040625
0 0.311979 0.658333 0.051042 0.050000
0 0.505729 0.391667 0.042708 0.025000
0 0.175521 0.700000 0.048958 0.037500
0 0.100000 0.454167 0.031250 0.037500
0 0.252604 0.477083 0.030208 0.047917
0 0.567187 0.158854 0.044792 0.032292
0 0.821354 0.719271 0.036458 0.040625
0 0.231771 0.494792 0.026042 0.041667
0 0.382812 0.192188 0.048958 0.030208
0 0.153125 0.470833 0.041667 0.025000
0 0.606250 0.406250 0.050000 0.031250
0 0.267708 0.129167 0.041667 0.037500
0 0.610417 0.925000 0.037500 0.033333
0 0.157812 0.959375 0.042708 0.029167
0 0.600521 0.205729 0.038542 0.046875
0 0.226562 0.535417 0.042708 0.054167
0 0.946875 0.718229 0.039583 0.048958
0 0.440104 0.611979 0.046875 0.038542
0 0.783333 0.764062 0.054167 0.048958
0 0.796875 0.808333 0.031250 0.037500
0 0.368229 0.554167 0.038542 0.027083
0 0.605729 0.667708 0.046875 0.052083
0 0.168750 0.594271 0.039583 0.044792
0 0.438021 0.667708 0.032292 0.047917
0 0.842708 0.872396 0.037500 0.038542
0 0.723958 0.207813 0.050000 0.038542
0 0.488542 0.359375 0.047917 0.037500
0 0.784375 0.292708 0.045833 0.029167
0 0.806771 0.317188 0.053125 0.053125
0 0.560937 0.860938 0.042708 0.021875
0 0.735938 0.934896 0.040625 0.038542
0 0.380729 0.739583 0.038542 0.033333
0 0.630208 0.175521 0.039583 0.044792
0 0.568750 0.814583 0.041667 0.031250
0 0.388542 0.186979 0.035417 0.044792
0 0.680208 0.294271 0.045833 0.048958
0 0.605208 0.195833 0.039583 0.022917
0 0.504167 0.394792 0.033333 0.037500
0 0.356771 0.395313 0.044792 0.055208
0 0.768750 0.508333 0.039583 0.052083
0 0.293229 0.332813 0.055208 0.048958
0 0.568229 0.432292 0.036458 0.037500
0 0.605729 0.618750 0.046875 0.045833
0 0.748437 0.801562 0.046875 0.034375
0 0.591667 0.652604 0.050000 0.053125
0 0.210417 0.090625 0.037500 0.027083
0 0.307812 0.389583 0.038542 0.035417
0 0.965625 0.923958 0.047917 0.050000
0 0.944271 0.471875 0.038542 0.047917
0 0.844792 0.721354 0.037500 0.038542
0 0.732812 0.533854 0.036458 0.040625
0 0.113021 0.649479 0.038542 0.055208
0 0.487500 0.636979 0.043750 0.055208
0 0.554167 0.609375 0.035417 0.043750
0 0.172396 0.646354 0.040625 0.030208
0 0.713021 0.603646 0.051042 0.038542
0 0.359896 0.079687 0.048958 0.055208
0 0.259375 0.866667 0.027083 0.047917
0 0.438021 0.881771 0.036458 0.046875
0 0.763021 0.924479 0.032292 0.040625
0 0.552604 0.776042 0.032292 0.047917
0 0.592708 0.829167 0.041667 0.047917
0 0.935417 0.584375 0.052083 0.041667
0 0.781771 0.564583 0.053125 0.045833
0 0.620833 0.409375 0.025000 0.041667
0 0.555729 0.226562 0.040625 0.036458
0 0.248438 0.233333 0.042708 0.041667
0 0.400521 0.157292 0.038542 0.025000
0 0.086979 0.648438 0.023958 0.040625
0 0.706771 0.957812 0.042708 0.044792
0 0.217708 0.966146 0.037500 0.048958
0 0.410938 0.870833 0.030208 0.050000
0 0.676042 0.131250 0.047917 0.050000
0 0.550000 0.942708 0.033333 0.037500
0 0.341146 0.198958 0.038542 0.047917
0 0.407292 0.698438 0.047917 0.032292
0 0.681771 0.486979 0.053125 0.051042
0 0.120833 0.572396 0.035417 0.053125
0 0.501042 0.295312 0.047917 0.046875
0 0.801562 0.753125 0.023958 0.045833
0 0.817708 0.260417 0.041667 0.027083
0 0.663542 0.300521 0.054167 0.036458
0 0.229687 0.322917 0.023958 0.037500
0 0.335938 0.806771 0.055208 0.044792
0 0.134375 0.842708 0.045833 0.033333
0 0.090625 0.426042 0.033333 0.045833
0 0.210938 0.386458 0.028125 0.041667
0 0.621354 0.959375 0.053125 0.047917
0 0.305729 0.390625 0.040625 0.041667
0 0.231250 0.218750 0.031250 0.041667
0 0.456771 0.836458 0.040625 0.054167
0 0.215625 0.117188 0.025000 0.042708
0 0.953125 0.775000 0.029167 0.037500
0 0.422917 0.741667 0.041667 0.047917
0 0.354687 0.418750 0.053125 0.037500
0 0.234896 0.262500 0.030208 0.039583
0 0.814583 0.152083 0.041667 0.029167
0 0.819271 0.362500 0.038542 0.043750
0 0.810417 0.122396 0.045833 0.055208
0 0.840625 0.774479 0.035417 0.040625
0 0.156771 0.630208 0.021875 0.037500
0 0.248438 0.925000 0.046875 0.031250
0 0.217708 0.382812 0.041667 0.048958
0 0.233333 0.713021 0.054167 0.044792
0 0.523438 0.131771 0.042708 0.023958
0 0.819792 0.651042 0.037500 0.035417
0 0.580208 0.118229 0.043750 0.042708
0 0.232292 0.175521 0.027083 0.046875
0 0.300000 0.608333 0.022917 0.037500
0 0.629687 0.204167 0.032292 0.039583
0 0.311458 0.700521 0.052083 0.032292
0 0.838021 0.510938 0.040625 0.023958
0 0.893229 0.186458 0.028125 0.041667
0 0.252604 0.828125 0.046875 0.043750
0 0.771354 0.433854 0.044792 0.051042
0 0.406250 0.345833 0.035417 0.020833
0 0.250000 0.599479 0.031250 0.040625
0 0.345833 0.353646 0.039583 0.055208
0 0.938542 0.408854 0.043750 0.026042
0 0.859375 0.452083 0.050000 0.033333
0 0.486458 0.765625 0.033333 0.037500
0 0.125000 0.475521 0.052083 0.053125
0 0.653646 0.768229 0.032292 0.044792
0 0.326562 0.502604 0.046875 0.026042
0 0.088021 0.473438 0.036458 0.051042
0 0.805729 0.903125 0.042708 0.033333
0 0.571354 0.713021 0.048958 0.046875
0 0.368229 0.797917 0.044792 0.033333
0 0.695312 0.968229 0.038542 0.040625
0 0.545833 0.647396 0.037500 0.019792
0 0.545312 0.288021 0.038542 0.055208
0 0.705729 0.903646 0.034375 0.040625
0 0.492188 0.271354 0.023958 0.038542
0 0.879167 0.091146 0.039583 0.019792
0 0.653646 0.556250 0.044792 0.035417
0 0.718750 0.642708 0.047917 0.025000
0 0.696875 0.536458 0.033333 0.050000
0 0.708854 0.586979 0.055208 0.038542
0 0.699479 0.815104 0.040625 0.030208
0 0.609375 0.117188 0.037500 0.038542
0 0.316146 0.846875 0.021875 0.037500
0 0.193229 0.270313 0.042708 0.044792
0 0.522396 0.267188 0.040625 0.034375
0 0.618750 0.429167 0.039583 0.052083
0 0.780729 0.705208 0.032292 0.039583
0 0.410417 0.181250 0.043750 0.035417
0 0.184896 0.526563 0.051042 0.038542
0 0.594271 0.340625 0.040625 0.047917
0 0.920833 0.440625 0.045833 0.045833
0 0.400521 0.299479 0.026042 0.046875
0 0.347396 0.135417 0.042708 0.029167
0 0.622396 0.609896 0.034375 0.040625
0 0.183854 0.205729 0.026042 0.044792
0 0.313542 0.248958 0.047917 0.039583
0 0.441146 0.288021 0.051042 0.042708
0 0.750521 0.291667 0.036458 0.020833
0 0.560417 0.493750 0.043750 0.052083
0 0.725521 0.414583 0.032292 0.052083
0 0.225000 0.232292 0.029167 0.045833
0 0.960417 0.435937 0.031250 0.051042
0 0.140625 0.404167 0.039583 0.041667
0 0.117708 0.223958 0.016667 0.033333
0 0.708854 0.143229 0.053125 0.030208
0 0.292187 0.591667 0.042708 0.037500
0 0.583854 0.610417 0.040625 0.041667
0 0.650521 0.870313 0.030208 0.044792
0 0.369792 0.954688 0.041667 0.044792
0 0.181771 0.491146 0.040625 0.038542
0 0.920833 0.834896 0.029167 0.051042
0 0.529687 0.082812 0.040625 0.044792
0 0.684896 0.245312 0.046875 0.034375
0 0.593750 0.484896 0.039583 0.028125
0 0.179167 0.220312 0.045833 0.048958
0 0.522396 0.310417 0.030208 0.043750
0 0.294792 0.146875 0.041667 0.037500
0 0.175521 0.664583 0.034375 0.039583
0 0.659375 0.463021 0.039583 0.030208
0 0.141667 0.634896 0.043750 0.055208
0 0.526042 0.558333 0.047917 0.039583
0 0.461979 0.544792 0.021875 0.037500
0 0.103125 0.183333 0.047917 0.041667
0 0.555729 0.777083 0.034375 0.052083
0 0.758854 0.931771 0.026042 0.040625
0 0.487500 0.773438 0.047917 0.046875
0 0.946354 0.248958 0.044792 0.052083
0 0.732812 0.882292 0.026042 0.039583
0 0.460417 0.403646 0.031250 0.048958
0 0.569271 0.672396 0.053125 0.051042
0 0.334375 0.810417 0.033333 0.043750
0 0.110417 0.638021 0.054167 0.042708
0 0.216146 0.466146 0.036458 0.046875
0 0.519792 0.256250 0.037500 0.033333
0 0.766667 0.572917 0.052083 0.035417
0 0.179688 0.175000 0.048958 0.037500
0 0.568750 0.559896 0.029167 0.044792
0 0.828125 0.707812 0.022917 0.042708
0 0.315104 0.340625 0.046875 0.043750
0 0.900000 0.447917 0.035417 0.020833
0 0.606771 0.284896 0.046875 0.048958
0 0.752604 0.352083 0.036458 0.020833
0 0.734375 0.752604 0.050000 0.040625