0 0.766667 0.127604 0.047917 0.032292
0 0.288021 0.213542 0.048958 0.039583
0 0.381250 0.546354 0.027083 0.040625
0 0.594271 0.406250 0.028125 0.045833
0 0.314583 0.340625 0.020833 0.041667
0 0.310937 0.723958 0.053125 0.047917
0 0.591667 0.495833 0.039583 0.041667
0 0.902604 0.261979 0.028125 0.048958
0 0.865625 0.740625 0.045833 0.045833
0 0.488021 0.851042 0.038542 0.031250
0 0.122396 0.428646 0.051042 0.053125
0 0.736458 0.233854 0.054167 0.048958
0 0.741146 0.705208 0.053125 0.045833
0 0.198437 0.853125 0.042708 0.037500
0 0.486979 0.282292 0.038542 0.052083
0 0.764583 0.293229 0.050000 0.040625
0 0.283333 0.839063 0.047917 0.053125
0 0.502083 0.151562 0.043750 0.040625
0 0.676042 0.584896 0.025000 0.038542
0 0.479687 0.186979 0.032292 0.053125
0 0.536979 0.281771 0.040625 0.032292
0 0.493750 0.476562 0.052083 0.051042
0 0.298958 0.640625 0.029167 0.050000
0 0.923438 0.374479 0.021875 0.038542
0 0.943229 0.445833 0.040625 0.041667
0 0.214583 0.958333 0.050000 0.031250
0 0.567187 0.922396 0.046875 0.055208
0 0.204167 0.137500 0.041667 0.047917
0 0.213542 0.377604 0.039583 0.028125
0 0.178125 0.426563 0.037500 0.038542
0 0.386979 0.401042 0.048958 0.027083
0 0.858854 0.303646 0.048958 0.030208
0 0.528125 0.131771 0.054167 0.042708
0 0.627083 0.949479 0.039583 0.036458
0 0.680208 0.797396 0.054167 0.046875
0 0.586458 0.817187 0.020833 0.036458
0 0.758854 0.302604 0.034375 0.046875
0 0.507292 0.680729 0.039583 0.036458
0 0.233854 0.507292 0.042708 0.054167
0 0.106771 0.879687 0.040625 0.055208
0 0.393229 0.646875 0.042708 0.037500
0 0.278125 0.506771 0.050000 0.044792
0 0.388021 0.782813 0.044792 0.026042
0 0.356250 0.417708 0.027083 0.047917
0 0.873958 0.201563 0.037500 0.044792
0 0.129688 0.753125 0.044792 0.025000
0 0.464062 0.676042 0.046875 0.031250
0 0.104167 0.190625 0.037500 0.052083
0 0.123438 0.346354 0.048958 0.032292
0 0.866146 0.788021 0.046875 0.055208
0 0.941146 0.451042 0.032292 0.043750
0 0.861458 0.938021 0.047917 0.030208
0 0.144271 0.461458 0.026042 0.045833
0 0.436458 0.575521 0.031250 0.044792
0 0.704167 0.220312 0.033333 0.040625
0 0.244792 0.442708 0.027083 0.045833
0 0.718229 0.211979 0.044792 0.040625
0 0.771354 0.751563 0.042708 0.023958
0 0.152083 0.370833 0.029167 0.041667
0 0.548438 0.750521 0.042708 0.021875
0 0.139063 0.095312 0.038542 0.051042
0 0.810417 0.108333 0.052083 0.041667
0 0.215104 0.290104 0.034375 0.046875
0 0.184375 0.509375 0.052083 0.039583
0 0.233854 0.570312 0.036458 0.055208
0 0.154167 0.557292 0.033333 0.050000
0 0.463021 0.598958 0.028125 0.045833
0 0.438021 0.469792 0.038542 0.035417
0 0.889583 0.617708 0.052083 0.037500
0 0.834896 0.588021 0.048958 0.032292
0 0.151562 0.963542 0.028125 0.043750
0 0.879167 0.646875 0.035417 0.043750
0 0.791146 0.392188 0.042708 0.055208
0 0.497917 0.514062 0.050000 0.044792
0 0.444792 0.608333 0.043750 0.035417
0 0.168750 0.916146 0.054167 0.038542
0 0.686979 0.875000 0.051042 0.050000
0 0.577604 0.472917 0.042708 0.037500
0 0.134896 0.477083 0.030208 0.050000
0 0.943750 0.581771 0.031250 0.040625
0 0.513021 0.694271 0.051042 0.036458
0 0.863542 0.448958 0.041667 0.027083
0 0.479167 0.689063 0.039583 0.034375
0 0.253125 0.179688 0.041667 0.021875
0 0.914583 0.876563 0.027083 0.051042
0 0.779687 0.698438 0.032292 0.048958
0 0.262500 0.759896 0.039583 0.028125
0 0.640625 0.963021 0.047917 0.032292
0 0.155729 0.140625 0.032292 0.039583
0 0.456250 0.140625 0.045833 0.043750
0 0.310937 0.932813 0.046875 0.032292
0 0.642708 0.845313 0.047917 0.028125
0 0.182812 0.476562 0.042708 0.044792
0 0.654167 0.107813 0.037500 0.044792
0 0.188021 0.189583 0.038542 0.027083
0 0.777083 0.819271 0.041667 0.032292
0 0.784896 0.405208 0.048958 0.041667
0 0.344271 0.131250 0.038542 0.031250
0 0.085417 0.226042 0.035417 0.037500
0 0.845833 0.838542 0.041667 0.027083
0 0.485938 0.132292 0.046875 0.029167
0 0.906250 0.919271 0.037500 0.038542
0 0.466146 0.166146 0.040625 0.023958
0 0.393229 0.355729 0.051042 0.053125
0 0.523958 0.602083 0.022917 0.035417
0 0.645312 0.110937 0.038542 0.038542
0 0.680208 0.137500 0.035417 0.020833
0 0.384375 0.622396 0.039583 0.055208
0 0.878646 0.688542 0.042708 0.047917
0 0.950000 0.180208 0.041667 0.052083
0 0.788542 0.735417 0.041667 0.039583
0 0.755208 0.745313 0.033333 0.044792
0 0.114062 0.695833 0.040625 0.020833
0 0.783333 0.807292 0.033333 0.052083
0 0.594271 0.863021 0.048958 0.055208
0 0.591146 0.386979 0.040625 0.019792
0 0.393229 0.853646 0.055208 0.036458
0 0.292708 0.603646 0.022917 0.044792
0 0.352083 0.431771 0.054167 0.048958
0 0.734896 0.235937 0.051042 0.036458
0 0.817708 0.167708 0.045833 0.043750
0 0.716146 0.723958 0.032292 0.047917
0 0.594271 0.286979 0.055208 0.036458
0 0.402083 0.854688 0.039583 0.026042
0 0.613021 0.811458 0.030208 0.039583
0 0.314583 0.809375 0.043750 0.033333
0 0.127604 0.442188 0.044792 0.032292
0 0.695312 0.161979 0.048958 0.028125
0 0.432292 0.370312 0.050000 0.042708
0 0.190104 0.117188 0.053125 0.034375
0 0.206250 0.417708 0.037500 0.027083
0 0.215104 0.803125 0.046875 0.045833
0 0.552083 0.853646 0.043750 0.040625
0 0.128646 0.321875 0.034375 0.039583
0 0.338542 0.845833 0.025000 0.043750
0 0.105729 0.591667 0.051042 0.050000
0 0.667188 0.724479 0.038542 0.055208
0 0.146354 0.197396 0.038542 0.040625
0 0.576562 0.744792 0.048958 0.033333
0 0.302083 0.681771 0.047917 0.028125
0 0.569792 0.789062 0.033333 0.048958
0 0.832292 0.250000 0.047917 0.052083
0 0.542708 0.194792 0.037500 0.031250
0 0.113021 0.771354 0.051042 0.040625
0 0.720313 0.877604 0.048958 0.046875
0 0.600000 0.140625 0.047917 0.050000
0 0.403125 0.149479 0.037500 0.040625
0 0.339583 0.642188 0.050000 0.042708
0 0.935417 0.852083 0.041667 0.025000
0 0.446875 0.722917 0.037500 0.047917
0 0.828646 0.716667 0.042708 0.037500
0 0.432292 0.135937 0.043750 0.048958
0 0.169271 0.401562 0.044792 0.032292
0 0.351562 0.433854 0.038542 0.021875
0 0.501042 0.691667 0.043750 0.025000
0 0.181771 0.500521 0.028125 0.051042
0 0.442188 0.175521 0.019792 0.038542
0 0.247396 0.680729 0.038542 0.021875
0 0.402083 0.766146 0.054167 0.040625
0 0.570312 0.707292 0.034375 0.047917
0 0.785417 0.103125 0.052083 0.045833
0 0.627604 0.584896 0.044792 0.026042
0 0.417187 0.260417 0.046875 0.043750
0 0.607812 0.205729 0.053125 0.032292
0 0.133854 0.478125 0.038542 0.025000
0 0.354687 0.888021 0.040625 0.044792
0 0.326042 0.500521 0.035417 0.040625
0 0.350521 0.496354 0.040625 0.026042
0 0.362500 0.501563 0.018750 0.038542
0 0.554688 0.553646 0.048958 0.046875
0 0.531250 0.480208 0.047917 0.052083
0 0.653125 0.572917 0.045833 0.043750
0 0.228646 0.679688 0.042708 0.021875
0 0.144271 0.344271 0.046875 0.048958
0 0.744271 0.850521 0.048958 0.023958
0 0.551562 0.463542 0.040625 0.054167
0 0.190625 0.207292 0.035417 0.037500
0 0.090104 0.892708 0.042708 0.039583
0 0.773958 0.404687 0.050000 0.034375
0 0.154688 0.159896 0.044792 0.044792
0 0.102083 0.678125 0.043750 0.031250
0 0.822396 0.646875 0.038542 0.043750
0 0.752604 0.311458 0.038542 0.029167
0 0.962500 0.601562 0.041667 0.023958
0 0.261458 0.255208 0.035417 0.037500
0 0.599479 0.736979 0.040625 0.036458
0 0.762500 0.431771 0.027083 0.051042
0 0.448437 0.173437 0.036458 0.017708
0 0.486458 0.753125 0.052083 0.033333
0 0.627083 0.648958 0.027083 0.047917
0 0.801562 0.195833 0.040625 0.054167
0 0.313542 0.867188 0.033333 0.048958
0 0.079687 0.593229 0.040625 0.036458
0 0.299479 0.591146 0.055208 0.051042
0 0.618750 0.194271 0.045833 0.055208
0 0.348958 0.178646 0.050000 0.034375
0 0.946875 0.136979 0.029167 0.051042
0 0.755208 0.134896 0.052083 0.032292
0 0.743750 0.937500 0.022917 0.037500
0 0.843750 0.904167 0.031250 0.041667
0 0.704167 0.189062 0.050000 0.034375
0 0.171354 0.706250 0.038542 0.029167
0 0.306250 0.589583 0.027083 0.037500
0 0.438542 0.544792 0.025000 0.043750
0 0.258333 0.529167 0.041667 0.037500
0 0.230729 0.894271 0.034375 0.051042
0 0.106250 0.455208 0.043750 0.045833
0 0.506250 0.134375 0.052083 0.039583
0 0.791667 0.347396 0.054167 0.038542
0 0.781250 0.602604 0.039583 0.028125
0 0.620833 0.691146 0.043750 0.026042
0 0.510417 0.801042 0.035417 0.037500
0 0.223438 0.635417 0.053125 0.039583
0 0.282292 0.812500 0.033333 0.047917
0 0.490625 0.549479 0.043750 0.048958
0 0.356250 0.082292 0.041667 0.029167
0 0.227083 0.541667 0.039583 0.041667
0 0.745313 0.501042 0.038542 0.031250
0 0.097917 0.580208 0.045833 0.031250
0 0.073958 0.564063 0.035417 0.040625
0 0.785937 0.316146 0.051042 0.040625
0 0.714063 0.254688 0.053125 0.034375
0 0.095312 0.109375 0.038542 0.035417
0 0.617708 0.384375 0.052083 0.043750
0 0.700000 0.285417 0.043750 0.033333
0 0.404687 0.379688 0.040625 0.023958
0 0.457292 0.579167 0.052083 0.035417
0 0.673958 0.857292 0.027083 0.041667
0 0.934896 0.466667 0.051042 0.035417
0 0.532813 0.142708 0.048958 0.037500
0 0.757812 0.313021 0.042708 0.051042
0 0.323958 0.146875 0.025000 0.037500
0 0.092188 0.568750 0.048958 0.035417
0 0.621354 0.128125 0.026042 0.045833
0 0.074479 0.960938 0.028125 0.048958
0 0.138542 0.954167 0.035417 0.018750
0 0.349479 0.654167 0.030208 0.047917
0 0.688542 0.157812 0.041667 0.023958
0 0.419271 0.179167 0.044792 0.025000
0 0.719271 0.146875 0.048958 0.033333
0 0.768750 0.177604 0.043750 0.042708
0 0.659896 0.144271 0.042708 0.044792
0 0.463542 0.200000 0.025000 0.047917
0 0.310417 0.361458 0.041667 0.047917
0 0.124479 0.586979 0.055208 0.046875
0 0.367708 0.843750 0.047917 0.037500
0 0.838542 0.756250 0.029167 0.050000
0 0.466146 0.457813 0.053125 0.030208
0 0.360417 0.093229 0.035417 0.017708
0 0.638021 0.088542 0.051042 0.050000
0 0.242188 0.647917 0.036458 0.052083
0 0.445833 0.567708 0.035417 0.037500
0 0.129688 0.135937 0.055208 0.042708
0 0.134375 0.106771 0.039583 0.055208
0 0.362500 0.415625 0.025000 0.041667
0 0.550000 0.566146 0.025000 0.048958
0 0.920312 0.359375 0.040625 0.047917
0 0.312500 0.313542 0.037500 0.052083
0 0.847396 0.371354 0.051042 0.055208
0 0.318750 0.313021 0.041667 0.048958
0 0.444792 0.493229 0.047917 0.046875
0 0.422396 0.190104 0.048958 0.032292
0 0.270313 0.939063 0.048958 0.055208
0 0.103125 0.748958 0.041667 0.027083
0 0.498958 0.769792 0.045833 0.027083
0 0.912500 0.316146 0.043750 0.048958
0 0.857292 0.301563 0.043750 0.055208
0 0.913542 0.653125 0.029167 0.045833
0 0.500000 0.636458 0.050000 0.050000
0 0.152083 0.643229 0.047917 0.053125
0 0.303646 0.097917 0.044792 0.025000
0 0.261979 0.571875 0.038542 0.033333
0 0.654167 0.791146 0.047917 0.053125
0 0.440625 0.955208 0.037500 0.052083
0 0.944792 0.803125 0.035417 0.047917
0 0.677083 0.088021 0.025000 0.042708
0 0.507812 0.273958 0.032292 0.039583
0 0.549479 0.447917 0.038542 0.035417
0 0.721354 0.843229 0.055208 0.044792
0 0.169792 0.940104 0.025000 0.046875
0 0.159896 0.365104 0.053125 0.034375
0 0.653646 0.230208 0.036458 0.037500
0 0.725000 0.672917 0.047917 0.052083
0 0.939063 0.965625 0.030208 0.039583
0 0.506250 0.899479 0.039583 0.019792
0 0.835417 0.197917 0.045833 0.043750
0 0.635938 0.868229 0.036458 0.046875
0 0.261458 0.236458 0.029167 0.045833
0 0.688021 0.531250 0.040625 0.041667
0 0.469271 0.879167 0.028125 0.043750
0 0.816146 0.293750 0.028125 0.039583
0 0.864062 0.170833 0.026042 0.039583
0 0.892188 0.676042 0.032292 0.047917
0 0.942187 0.796875 0.023958 0.043750
0 0.923958 0.491667 0.041667 0.020833
0 0.381771 0.216667 0.053125 0.045833
0 0.890625 0.664583 0.050000 0.047917
0 0.589583 0.460417 0.041667 0.031250
0 0.416146 0.911979 0.034375 0.051042
0 0.919271 0.694271 0.046875 0.028125
0 0.476562 0.304167 0.036458 0.052083
0 0.443750 0.745313 0.050000 0.034375
0 0.554688 0.247396 0.044792 0.040625
0 0.415104 0.618229 0.028125 0.048958
0 0.627083 0.822396 0.045833 0.032292
0 0.926042 0.170833 0.052083 0.045833
0 0.777604 0.834375 0.036458 0.047917
0 0.761458 0.233854 0.043750 0.030208
0 0.105729 0.636458 0.046875 0.027083
0 0.811458 0.351042 0.037500 0.041667
0 0.182812 0.146354 0.046875 0.036458
0 0.353125 0.378125 0.043750 0.045833
0 0.176042 0.439063 0.050000 0.028125
0 0.782813 0.526042 0.040625 0.041667
0 0.507292 0.342187 0.047917 0.028125
0 0.777604 0.772396 0.040625 0.030208
0 0.247396 0.860938 0.040625 0.034375
0 0.088542 0.691146 0.054167 0.042708
0 0.539062 0.456771 0.040625 0.026042
0 0.821875 0.168229 0.045833 0.038542
0 0.163542 0.436458 0.035417 0.047917
0 0.826042 0.659375 0.020833 0.035417
0 0.377083 0.403125 0.033333 0.043750
0 0.272396 0.926042 0.046875 0.052083
0 0.596875 0.320312 0.047917 0.046875
0 0.508333 0.784896 0.037500 0.053125
0 0.826042 0.854167 0.031250 0.050000
0 0.817187 0.210938 0.036458 0.055208
0 0.736979 0.266667 0.042708 0.029167
0 0.403125 0.641667 0.047917 0.025000
0 0.385937 0.591146 0.038542 0.051042
0 0.577604 0.588021 0.026042 0.040625
0 0.430208 0.545312 0.027083 0.048958
0 0.220312 0.397396 0.038542 0.040625
0 0.676042 0.904167 0.037500 0.025000
0 0.819792 0.732292 0.047917 0.035417
0 0.917708 0.081250 0.041667 0.052083
0 0.867708 0.430208 0.041667 0.039583
0 0.596875 0.637500 0.035417 0.043750
0 0.970833 0.413542 0.052083 0.039583
0 0.791146 0.274479 0.040625 0.044792
0 0.784375 0.758333 0.052083 0.039583
0 0.672396 0.318229 0.034375 0.046875
0 0.510938 0.269792 0.048958 0.052083
0 0.124479 0.744792 0.046875 0.043750
0 0.825000 0.815104 0.054167 0.038542
0 0.479167 0.810937 0.043750 0.026042
0 0.903646 0.475000 0.034375 0.052083
0 0.664062 0.618229 0.036458 0.055208
0 0.776563 0.867708 0.044792 0.052083
0 0.927083 0.605729 0.039583 0.026042
0 0.909375 0.143750 0.041667 0.039583
0 0.681771 0.944271 0.040625 0.028125
0 0.341667 0.320312 0.037500 0.048958
0 0.930729 0.659375 0.019792 0.035417
0 0.421875 0.645312 0.041667 0.048958
0 0.105208 0.382812 0.025000 0.038542
0 0.220833 0.188021 0.047917 0.053125
0 0.655729 0.256250 0.051042 0.033333
0 0.701562 0.222396 0.040625 0.023958
0 0.543750 0.881250 0.037500 0.035417
0 0.157812 0.557813 0.026042 0.040625
0 0.328646 0.613542 0.048958 0.052083
0 0.140104 0.177083 0.038542 0.029167
0 0.592187 0.114062 0.036458 0.051042
0 0.617708 0.120313 0.043750 0.030208
0 0.195312 0.839583 0.030208 0.039583
0 0.800000 0.181771 0.037500 0.053125
0 0.248958 0.366667 0.041667 0.047917
0 0.895833 0.331771 0.047917 0.053125
0 0.732292 0.664583 0.041667 0.039583
0 0.704688 0.354167 0.046875 0.052083
0 0.181250 0.893750 0.027083 0.037500
0 0.435417 0.140104 0.039583 0.026042
0 0.835417 0.327604 0.033333 0.048958
0 0.578125 0.460417 0.022917 0.037500
0 0.619792 0.298438 0.050000 0.038542
0 0.906771 0.419792 0.042708 0.039583
0 0.790104 0.939583 0.051042 0.033333
0 0.091667 0.885938 0.039583 0.048958
0 0.744792 0.598437 0.054167 0.044792
0 0.490625 0.560417 0.037500 0.022917
0 0.410417 0.381250 0.052083 0.039583
0 0.080208 0.850521 0.031250 0.044792
0 0.815625 0.427083 0.037500 0.041667
0 0.677604 0.803646 0.053125 0.032292
0 0.346354 0.725000 0.019792 0.037500
0 0.571875 0.960938 0.039583 0.036458
0 0.418750 0.111458 0.033333 0.016667
0 0.448958 0.921354 0.031250 0.051042
0 0.630729 0.151562 0.055208 0.036458
0 0.811458 0.943229 0.039583 0.055208
0 0.132292 0.802604 0.039583 0.044792
0 0.170313 0.172917 0.048958 0.039583
0 0.208333 0.376563 0.025000 0.038542
0 0.176042 0.615104 0.052083 0.051042
0 0.897396 0.242708 0.053125 0.045833
0 0.519271 0.510417 0.040625 0.047917
0 0.390625 0.573438 0.047917 0.046875
0 0.096875 0.553646 0.035417 0.040625
0 0.278646 0.293229 0.044792 0.040625
0 0.357812 0.164062 0.051042 0.026042
0 0.695833 0.414062 0.039583 0.044792
0 0.684375 0.165104 0.029167 0.051042
0 0.331771 0.696354 0.034375 0.040625
0 0.879167 0.503646 0.037500 0.053125
0 0.360938 0.580729 0.044792 0.042708
0 0.497396 0.111979 0.021875 0.038542
0 0.339062 0.334375 0.032292 0.043750
0 0.680208 0.673958 0.052083 0.039583
0 0.546875 0.079167 0.047917 0.039583
0 0.967708 0.084896 0.050000 0.034375
0 0.850521 0.532292 0.046875 0.031250
0 0.447396 0.321354 0.038542 0.055208
0 0.429688 0.420312 0.034375 0.053125
0 0.791667 0.166667 0.029167 0.041667
0 0.954688 0.876563 0.040625 0.036458
0 0.414062 0.434896 0.038542 0.046875
0 0.178646 0.697396 0.040625 0.026042
0 0.872396 0.848958 0.046875 0.029167
0 0.952604 0.975521 0.042708 0.055208
0 0.873437 0.547917 0.044792 0.035417
0 0.858333 0.177083 0.052083 0.043750
0 0.917188 0.388021 0.026042 0.044792
0 0.875521 0.132292 0.042708 0.025000
0 0.198437 0.556250 0.038542 0.031250
0 0.089583 0.269271 0.047917 0.046875
0 0.178646 0.573438 0.028125 0.051042
0 0.198958 0.622396 0.050000 0.028125
0 0.446354 0.077604 0.042708 0.044792
0 0.861979 0.386979 0.044792 0.026042
0 0.393750 0.905729 0.043750 0.048958
0 0.323958 0.784375 0.043750 0.025000
0 0.303646 0.370312 0.040625 0.030208
0 0.808854 0.269271 0.046875 0.048958
0 0.818229 0.415625 0.042708 0.054167
0 0.074479 0.485417 0.038542 0.025000
0 0.589063 0.619792 0.028125 0.050000
0 0.366667 0.906250 0.052083 0.035417
0 0.648958 0.479687 0.022917 0.040625
0 0.179167 0.642188 0.054167 0.046875
0 0.663542 0.282813 0.054167 0.042708
0 0.103646 0.792708 0.046875 0.031250
0 0.121875 0.317188 0.052083 0.051042
0 0.253125 0.515104 0.050000 0.042708
0 0.680729 0.617708 0.048958 0.039583
0 0.791667 0.648438 0.031250 0.048958
0 0.072917 0.896875 0.033333 0.050000
0 0.539062 0.134896 0.046875 0.048958
0 0.498437 0.589583 0.042708 0.039583
0 0.486979 0.682813 0.028125 0.044792
0 0.348438 0.328125 0.048958 0.041667
0 0.700521 0.298438 0.021875 0.038542
0 0.732292 0.366667 0.047917 0.039583
0 0.098437 0.500000 0.048958 0.052083
0 0.731771 0.735417 0.051042 0.033333
0 0.840104 0.675521 0.026042 0.040625
0 0.541146 0.584896 0.053125 0.051042
0 0.824479 0.360417 0.036458 0.037500
0 0.173437 0.205729 0.034375 0.046875
0 0.666667 0.888542 0.027083 0.041667
0 0.276562 0.331250 0.048958 0.025000
0 0.922396 0.662500 0.044792 0.025000
0 0.522917 0.817708 0.039583 0.020833
0 0.656771 0.626042 0.023958 0.043750
0 0.195833 0.176042 0.039583 0.041667
0 0.260417 0.476562 0.037500 0.023958
0 0.088542 0.528646 0.041667 0.042708
0 0.664062 0.879687 0.040625 0.028125
0 0.093229 0.138542 0.046875 0.052083
0 0.346354 0.193750 0.051042 0.033333
0 0.323437 0.146354 0.044792 0.040625
0 0.862500 0.501042 0.045833 0.031250
0 0.645833 0.707812 0.050000 0.053125
0 0.424479 0.284375 0.044792 0.025000
0 0.084375 0.300000 0.037500 0.033333
0 0.602083 0.909375 0.043750 0.035417
0 0.832292 0.613021 0.043750 0.040625
0 0.527083 0.379688 0.043750 0.042708
0 0.901563 0.923958 0.046875 0.043750
0 0.699479 0.696354 0.040625 0.036458
0 0.186979 0.519792 0.038542 0.043750
0 0.106771 0.278646 0.036458 0.051042
0 0.215625 0.380208 0.033333 0.050000
0 0.125521 0.534375 0.044792 0.025000
0 0.548958 0.917188 0.054167 0.036458
0 0.952604 0.293750 0.036458 0.037500
0 0.839063 0.663021 0.055208 0.044792
0 0.890104 0.918750 0.053125 0.045833
0 0.214062 0.515104 0.040625 0.032292
0 0.750521 0.170313 0.044792 0.040625
0 0.617708 0.941146 0.050000 0.026042
0 0.268229 0.909896 0.055208 0.044792
0 0.269792 0.713542 0.050000 0.031250
0 0.155729 0.088542 0.023958 0.043750
0 0.615625 0.084896 0.043750 0.028125
0 0.650521 0.845833 0.026042 0.045833
0 0.338542 0.948958 0.041667 0.047917
0 0.477083 0.496354 0.039583 0.034375
0 0.668229 0.826562 0.038542 0.040625
0 0.727604 0.625000 0.051042 0.029167
0 0.442188 0.471875 0.038542 0.043750
0 0.152604 0.922917 0.048958 0.052083
0 0.739583 0.936458 0.020833 0.035417
0 0.887500 0.642708 0.041667 0.025000
0 0.749479 0.313021 0.038542 0.040625
0 0.097917 0.338021 0.047917 0.046875
0 0.661458 0.589583 0.047917 0.052083
0 0.809896 0.544271 0.038542 0.055208
0 0.402604 0.394792 0.034375 0.052083
0 0.788021 0.524479 0.034375 0.053125
0 0.886979 0.588021 0.044792 0.055208
0 0.710417 0.257812 0.039583 0.034375
0 0.672917 0.196875 0.052083 0.045833
0 0.388021 0.161979 0.023958 0.038542
0 0.720833 0.133854 0.050000 0.042708
0 0.468229 0.153125 0.042708 0.041667
0 0.904687 0.556771 0.048958 0.046875
0 0.749479 0.711458 0.036458 0.018750
0 0.233333 0.145833 0.043750 0.045833
0 0.891146 0.505729 0.038542 0.046875
0 0.920312 0.584896 0.051042 0.034375
0 0.392188 0.766667 0.044792 0.035417
0 0.302083 0.411458 0.041667 0.031250
0 0.586458 0.320312 0.052083 0.032292
0 0.633333 0.183854 0.035417 0.044792
0 0.880729 0.605208 0.040625 0.041667
0 0.833333 0.373437 0.033333 0.048958
0 0.794792 0.541667 0.039583 0.041667
0 0.668750 0.521875 0.041667 0.047917
0 0.270833 0.157292 0.047917 0.041667
0 0.951042 0.922396 0.039583 0.048958
0 0.557292 0.929688 0.045833 0.023958
0 0.654687 0.118750 0.030208 0.047917
0 0.356250 0.622396 0.027083 0.042708
0 0.078646 0.329167 0.019792 0.035417
0 0.943750 0.244271 0.037500 0.038542
0 0.956771 0.467187 0.055208 0.044792
0 0.221354 0.268750 0.036458 0.037500
0 0.576042 0.233333 0.035417 0.022917
0 0.402604 0.129688 0.046875 0.026042
0 0.864583 0.649479 0.039583 0.036458
0 0.283333 0.922396 0.054167 0.042708
0 0.731250 0.147396 0.043750 0.042708
0 0.712500 0.669271 0.039583 0.044792
0 0.374479 0.520312 0.026042 0.044792
0 0.523438 0.850000 0.038542 0.031250
0 0.597917 0.944792 0.052083 0.035417
0 0.956771 0.667708 0.048958 0.035417
0 0.154688 0.771354 0.046875 0.034375
0 0.424479 0.856250 0.042708 0.054167
0 0.800521 0.780729 0.051042 0.026042
0 0.622917 0.780729 0.029167 0.044792
0 0.371875 0.180208 0.050000 0.050000
0 0.161979 0.563021 0.051042 0.034375
0 0.911979 0.214062 0.042708 0.021875
0 0.566667 0.447917 0.033333 0.016667
0 0.426042 0.876563 0.054167 0.036458
0 0.589063 0.876042 0.048958 0.052083
0 0.636458 0.357812 0.047917 0.030208
0 0.527083 0.139063 0.022917 0.042708
0 0.746354 0.759375 0.042708 0.039583
0 0.798438 0.183333 0.040625 0.052083
0 0.928646 0.402604 0.046875 0.038542
0 0.796875 0.860417 0.047917 0.037500
0 0.811979 0.789583 0.036458 0.052083
0 0.715104 0.414583 0.040625 0.022917
0 0.958854 0.191667 0.023958 0.043750
0 0.457813 0.144271 0.046875 0.048958
0 0.154688 0.640625 0.021875 0.037500
0 0.696875 0.887500 0.041667 0.027083
0 0.389583 0.183854 0.025000 0.042708
0 0.520833 0.530208 0.043750 0.045833
0 0.152083 0.868750 0.027083 0.045833
0 0.214062 0.745833 0.053125 0.039583
0 0.939583 0.494792 0.052083 0.035417
0 0.414062 0.583854 0.040625 0.038542
0 0.643229 0.732292 0.044792 0.047917
0 0.081250 0.410938 0.045833 0.038542
0 0.329688 0.170313 0.032292 0.040625
0 0.881771 0.429167 0.028125 0.050000
0 0.959896 0.096875 0.034375 0.047917
0 0.317188 0.930729 0.030208 0.044792
0 0.566667 0.721354 0.041667 0.023958
0 0.593750 0.691146 0.039583 0.044792
0 0.639062 0.413021 0.040625 0.034375
0 0.957292 0.303646 0.022917 0.038542
0 0.692708 0.135937 0.039583 0.023958
0 0.353125 0.256250 0.050000 0.050000
0 0.545312 0.774479 0.044792 0.032292
0 0.776563 0.639583 0.023958 0.041667
0 0.271354 0.701562 0.048958 0.055208
0 0.619271 0.188542 0.044792 0.033333
0 0.899479 0.644271 0.046875 0.026042
0 0.846354 0.776563 0.044792 0.032292
0 0.252604 0.309375 0.051042 0.050000
0 0.336979 0.454688 0.051042 0.040625
0 0.791667 0.300000 0.052083 0.035417
0 0.403125 0.353125 0.033333 0.037500
0 0.765625 0.188542 0.037500 0.047917
0 0.602083 0.522396 0.045833 0.034375
0 0.201042 0.366667 0.041667 0.031250
0 0.898958 0.554167 0.039583 0.052083
0 0.894271 0.800000 0.026042 0.045833
0 0.250000 0.788542 0.033333 0.050000
0 0.368750 0.632292 0.033333 0.043750
0 0.290104 0.467708 0.026042 0.039583
0 0.391667 0.782813 0.033333 0.044792
0 0.689063 0.192708 0.038542 0.043750
0 0.372396 0.440104 0.021875 0.042708
0 0.214583 0.350521 0.050000 0.028125
0 0.477083 0.718750 0.033333 0.043750
0 0.566667 0.847396 0.052083 0.051042
0 0.675521 0.709896 0.046875 0.026042
0 0.961979 0.486979 0.034375 0.046875
0 0.126042 0.692187 0.029167 0.040625
0 0.686458 0.698438 0.039583 0.030208
0 0.504687 0.561979 0.032292 0.044792
0 0.383333 0.805208 0.020833 0.039583
0 0.361979 0.569792 0.032292 0.039583
0 0.393229 0.264583 0.026042 0.039583
0 0.326042 0.757292 0.022917 0.043750
0 0.417187 0.751042 0.038542 0.022917
0 0.429688 0.502604 0.038542 0.038542
0 0.900521 0.606771 0.046875 0.048958
0 0.075521 0.904687 0.046875 0.038542
0 0.541146 0.361979 0.034375 0.040625
0 0.229167 0.421354 0.045833 0.036458
0 0.338021 0.350521 0.046875 0.032292
0 0.233333 0.772917 0.033333 0.043750
0 0.905208 0.856771 0.025000 0.038542
0 0.921875 0.653125 0.039583 0.041667
0 0.079687 0.265625 0.034375 0.043750
0 0.242188 0.542188 0.036458 0.040625
0 0.364063 0.177604 0.046875 0.038542
0 0.539062 0.872396 0.044792 0.051042
0 0.658333 0.854167 0.037500 0.052083
0 0.347396 0.121875 0.038542 0.047917
0 0.268229 0.448437 0.051042 0.026042
0 0.591667 0.841146 0.041667 0.044792
0 0.647396 0.524479 0.044792 0.042708
0 0.141667 0.289062 0.039583 0.026042
0 0.967708 0.380729 0.043750 0.048958
0 0.573438 0.871875 0.017708 0.035417
0 0.795833 0.926042 0.047917 0.033333
0 0.520312 0.331771 0.040625 0.019792
0 0.443229 0.220312 0.040625 0.038542
0 0.241667 0.418229 0.054167 0.036458
0 0.711458 0.201563 0.043750 0.030208
0 0.844792 0.869792 0.018750 0.035417
0 0.105729 0.367708 0.044792 0.037500
0 0.328125 0.343750 0.047917 0.027083
0 0.568229 0.655208 0.021875 0.037500
0 0.353125 0.823958 0.047917 0.033333
0 0.088021 0.160938 0.053125 0.032292
0 0.817708 0.534375 0.037500 0.025000
0 0.316667 0.485938 0.039583 0.048958
0 0.621354 0.401042 0.042708 0.039583
0 0.528125 0.194792 0.039583 0.047917
0 0.607812 0.653125 0.042708 0.031250
0 0.911979 0.939583 0.046875 0.045833
0 0.615104 0.569271 0.055208 0.044792
0 0.773438 0.135937 0.036458 0.051042
0 0.115104 0.948958 0.048958 0.052083
0 0.868229 0.472917 0.038542 0.033333
0 0.962500 0.366667 0.045833 0.033333
0 0.467187 0.684896 0.038542 0.051042
0 0.100521 0.644792 0.026042 0.050000
0 0.094271 0.544792 0.038542 0.027083
0 0.846875 0.624479 0.043750 0.026042
0 0.716667 0.720313 0.029167 0.040625
0 0.228125 0.784375 0.050000 0.050000
0 0.913021 0.680729 0.042708 0.055208
0 0.156250 0.935937 0.029167 0.048958
0 0.817708 0.167708 0.041667 0.047917
0 0.459896 0.594271 0.051042 0.038542
0 0.195312 0.594792 0.028125 0.039583
0 0.475000 0.200000 0.027083 0.037500
0 0.201563 0.267188 0.034375 0.051042
0 0.751042 0.538542 0.037500 0.027083
0 0.694271 0.538542 0.034375 0.043750
0 0.451042 0.342187 0.045833 0.028125
0 0.716146 0.168229 0.051042 0.038542
0 0.209896 0.638542 0.051042 0.033333
0 0.796354 0.231771 0.051042 0.044792
0 0.823958 0.207813 0.025000 0.042708
0 0.827083 0.827604 0.050000 0.040625
0 0.327604 0.879687 0.038542 0.021875
0 0.596875 0.525521 0.050000 0.042708
0 0.506771 0.229687 0.042708 0.051042
0 0.925521 0.121875 0.021875 0.043750
0 0.696354 0.904167 0.038542 0.043750
0 0.592708 0.943229 0.039583 0.026042
0 0.223958 0.066667 0.050000 0.029167
0 0.873437 0.798958 0.040625 0.020833
0 0.288542 0.257292 0.037500 0.029167