0 0.693229 0.344792 0.042708 0.041667
0 0.590104 0.480729 0.028125 0.044792
0 0.421875 0.637500 0.052083 0.037500
0 0.864062 0.618750 0.028125 0.043750
0 0.563542 0.246875 0.037500 0.041667
0 0.586458 0.248958 0.027083 0.037500
0 0.770833 0.467187 0.054167 0.038542
0 0.751563 0.454167 0.046875 0.043750
0 0.093750 0.297396 0.041667 0.055208
0 0.700521 0.107813 0.044792 0.032292
0 0.168229 0.331771 0.038542 0.051042
0 0.718229 0.450521 0.040625 0.038542
0 0.573958 0.665625 0.050000 0.047917
0 0.144792 0.828125 0.037500 0.031250
0 0.825000 0.069792 0.037500 0.035417
0 0.639583 0.140104 0.039583 0.044792
0 0.067187 0.533854 0.023958 0.042708
0 0.262500 0.819792 0.027083 0.047917
0 0.224479 0.473438 0.028125 0.044792
0 0.745313 0.442188 0.044792 0.028125
0 0.472396 0.329688 0.034375 0.040625
0 0.834375 0.489583 0.047917 0.052083
0 0.283333 0.669792 0.037500 0.035417
0 0.785417 0.878125 0.037500 0.035417
0 0.522396 0.440625 0.044792 0.047917
0 0.135937 0.844792 0.023958 0.037500
0 0.375521 0.587500 0.036458 0.020833
0 0.271354 0.881771 0.055208 0.038542
0 0.896354 0.391146 0.042708 0.021875
0 0.279167 0.334896 0.041667 0.044792
0 0.090625 0.415625 0.045833 0.052083
0 0.825000 0.636458 0.045833 0.022917
0 0.844792 0.945312 0.045833 0.036458
0 0.165625 0.775000 0.037500 0.025000
0 0.686979 0.548438 0.028125 0.040625
0 0.439583 0.693750 0.037500 0.033333
0 0.234896 0.571354 0.055208 0.036458
0 0.448437 0.184375 0.038542 0.027083
0 0.927604 0.797396 0.034375 0.053125
0 0.351042 0.925000 0.035417 0.047917
0 0.138021 0.400521 0.046875 0.034375
0 0.646875 0.955729 0.022917 0.038542
0 0.177604 0.654167 0.032292 0.039583
0 0.104688 0.321354 0.044792 0.021875
0 0.508854 0.253646 0.053125 0.030208
0 0.928646 0.735417 0.048958 0.035417
0 0.485938 0.312500 0.030208 0.039583
0 0.192188 0.578646 0.046875 0.048958
0 0.780208 0.805729 0.033333 0.053125
0 0.475000 0.840625 0.035417 0.043750
0 0.730208 0.597396 0.039583 0.038542
0 0.564063 0.932292 0.034375 0.047917
0 0.231771 0.107813 0.023958 0.042708
0 0.106771 0.660937 0.055208 0.046875
0 0.795312 0.943750 0.038542 0.025000
0 0.656771 0.920833 0.042708 0.027083
0 0.284375 0.825000 0.052083 0.043750
0 0.770833 0.255208 0.035417 0.037500
0 0.227083 0.746875 0.037500 0.033333
0 0.253646 0.356771 0.040625 0.030208
0 0.843750 0.098958 0.050000 0.029167
0 0.338542 0.208333 0.041667 0.052083
0 0.942187 0.806250 0.051042 0.031250
0 0.740625 0.562500 0.047917 0.027083
0 0.629687 0.487500 0.042708 0.025000
0 0.851562 0.821354 0.044792 0.044792
0 0.641146 0.415104 0.051042 0.040625
0 0.381771 0.940104 0.030208 0.048958
0 0.176042 0.278125 0.037500 0.029167
0 0.430208 0.786979 0.039583 0.023958
0 0.100000 0.235417 0.045833 0.022917
0 0.206771 0.723437 0.051042 0.038542
0 0.381771 0.223958 0.048958 0.035417
0 0.748437 0.750000 0.038542 0.035417
0 0.567708 0.780729 0.045833 0.055208
0 0.906771 0.813542 0.053125 0.039583
0 0.882812 0.456771 0.046875 0.034375
0 0.783333 0.119271 0.031250 0.040625
0 0.102083 0.370312 0.043750 0.042708
0 0.586458 0.071354 0.041667 0.023958
0 0.710417 0.456250 0.043750 0.045833
0 0.097396 0.442708 0.026042 0.037500
0 0.247917 0.647917 0.037500 0.033333
0 0.722917 0.186979 0.054167 0.046875
0 0.290104 0.666667 0.053125 0.047917
0 0.821875 0.309896 0.020833 0.042708
0 0.769792 0.291667 0.037500 0.022917
0 0.172917 0.293229 0.047917 0.046875
0 0.258854 0.481771 0.040625 0.034375
0 0.276562 0.911458 0.044792 0.035417
0 0.686979 0.280208 0.026042 0.050000
0 0.441146 0.120313 0.040625 0.055208
0 0.759375 0.740104 0.045833 0.034375
0 0.327604 0.496354 0.048958 0.023958
0 0.593229 0.714063 0.053125 0.032292
0 0.783333 0.700521 0.029167 0.040625
0 0.623958 0.947917 0.052083 0.041667
0 0.966146 0.497396 0.046875 0.036458
0 0.869271 0.371875 0.034375 0.037500
0 0.523958 0.929167 0.029167 0.050000
0 0.560417 0.642188 0.037500 0.023958
0 0.850000 0.820833 0.025000 0.047917
0 0.902083 0.170313 0.039583 0.036458
0 0.267188 0.562500 0.032292 0.039583
0 0.345833 0.462500 0.033333 0.037500
0 0.847917 0.100521 0.025000 0.038542
0 0.602604 0.693750 0.038542 0.033333
0 0.279687 0.209896 0.053125 0.053125
0 0.346875 0.140625 0.037500 0.047917
0 0.290104 0.821875 0.026042 0.037500
0 0.909896 0.230208 0.021875 0.043750
0 0.247396 0.928646 0.040625 0.044792
0 0.751563 0.681771 0.040625 0.019792
0 0.503125 0.763542 0.037500 0.035417
0 0.655729 0.564063 0.038542 0.040625
0 0.624479 0.156250 0.023958 0.037500
0 0.248958 0.327083 0.045833 0.045833
0 0.169271 0.599479 0.040625 0.034375
0 0.357292 0.662500 0.025000 0.037500
0 0.309375 0.778646 0.050000 0.042708
0 0.820833 0.452604 0.039583 0.019792
0 0.918750 0.369792 0.033333 0.043750
0 0.437500 0.513542 0.029167 0.041667
0 0.134896 0.365625 0.042708 0.037500
0 0.359896 0.854688 0.051042 0.038542
0 0.836979 0.217708 0.044792 0.047917
0 0.278646 0.160417 0.028125 0.050000
0 0.344271 0.627083 0.036458 0.022917
0 0.142187 0.715104 0.040625 0.034375
0 0.779167 0.484375 0.043750 0.035417
0 0.709375 0.776563 0.029167 0.048958
0 0.604167 0.201042 0.045833 0.043750
0 0.137500 0.376042 0.035417 0.043750
0 0.884375 0.316146 0.025000 0.042708
0 0.659375 0.360417 0.027083 0.043750
0 0.419792 0.092188 0.052083 0.032292
0 0.260417 0.718750 0.050000 0.029167
0 0.947396 0.218750 0.038542 0.025000
0 0.286458 0.774479 0.050000 0.053125
0 0.894792 0.730208 0.037500 0.031250
0 0.745313 0.415104 0.040625 0.051042
0 0.283333 0.665625 0.033333 0.050000
0 0.355208 0.088021 0.020833 0.036458
0 0.963021 0.544271 0.051042 0.044792
0 0.907813 0.390104 0.042708 0.044792
0 0.907813 0.523958 0.046875 0.043750
0 0.725521 0.692187 0.038542 0.038542
0 0.751042 0.410417 0.022917 0.037500
0 0.363542 0.572396 0.022917 0.042708
0 0.699479 0.248958 0.051042 0.031250
0 0.587500 0.355208 0.043750 0.052083
0 0.684375 0.626563 0.027083 0.042708
0 0.824479 0.739583 0.038542 0.043750
0 0.486458 0.356771 0.041667 0.021875
0 0.755729 0.732292 0.036458 0.052083
0 0.850521 0.504687 0.044792 0.026042
0 0.374479 0.618229 0.053125 0.032292
0 0.247917 0.405208 0.033333 0.037500
0 0.947396 0.428125 0.030208 0.043750
0 0.374479 0.445312 0.038542 0.055208
0 0.454688 0.590104 0.021875 0.038542
0 0.496354 0.766146 0.055208 0.051042
0 0.168229 0.356771 0.046875 0.032292
0 0.767708 0.854167 0.052083 0.033333
0 0.613542 0.633854 0.018750 0.036458
0 0.463542 0.234375 0.050000 0.050000
0 0.639583 0.747917 0.041667 0.047917
0 0.328646 0.492188 0.040625 0.026042
0 0.760938 0.548958 0.046875 0.027083
0 0.872396 0.715625 0.036458 0.047917
0 0.191146 0.635938 0.036458 0.040625
0 0.879687 0.694271 0.051042 0.034375
0 0.766146 0.598437 0.023958 0.042708
0 0.110937 0.624479 0.055208 0.046875
0 0.918750 0.209896 0.022917 0.042708
0 0.640625 0.682292 0.043750 0.033333
0 0.492708 0.414062 0.035417 0.048958
0 0.818750 0.813542 0.027083 0.043750
0 0.390625 0.805208 0.035417 0.022917
0 0.632292 0.936979 0.050000 0.053125
0 0.216667 0.622396 0.033333 0.040625
0 0.720313 0.091146 0.030208 0.040625
0 0.252083 0.808854 0.054167 0.038542
0 0.492708 0.818229 0.050000 0.044792
0 0.129688 0.397917 0.048958 0.041667
0 0.205208 0.775521 0.035417 0.053125
0 0.533333 0.516146 0.054167 0.040625
0 0.245833 0.312500 0.037500 0.047917
0 0.680729 0.736979 0.034375 0.040625
0 0.823438 0.530208 0.030208 0.039583
0 0.178125 0.544271 0.045833 0.032292
0 0.935417 0.691146 0.043750 0.030208
0 0.730729 0.394792 0.034375 0.043750
0 0.798958 0.235937 0.043750 0.040625
0 0.264062 0.751563 0.055208 0.044792
0 0.941146 0.086458 0.038542 0.043750
0 0.158333 0.795833 0.022917 0.043750
0 0.392188 0.333333 0.021875 0.039583
0 0.491146 0.175521 0.051042 0.038542
0 0.815104 0.542708 0.030208 0.050000
0 0.620313 0.675000 0.019792 0.037500
0 0.887500 0.305729 0.041667 0.023958
0 0.862500 0.423958 0.037500 0.052083
0 0.626563 0.753125 0.038542 0.037500
0 0.847917 0.741667 0.041667 0.037500
0 0.289062 0.388542 0.034375 0.047917
0 0.713542 0.943750 0.025000 0.041667
0 0.630729 0.073438 0.046875 0.026042
0 0.723958 0.441146 0.039583 0.036458
0 0.476562 0.413021 0.036458 0.046875
0 0.322917 0.941146 0.052083 0.030208
0 0.399479 0.463542 0.038542 0.035417
0 0.943750 0.218750 0.037500 0.033333
0 0.536979 0.680208 0.044792 0.045833
0 0.925521 0.460417 0.048958 0.035417
0 0.372917 0.347917 0.043750 0.031250
0 0.879167 0.502604 0.037500 0.021875
0 0.544271 0.702083 0.044792 0.047917
0 0.566667 0.835417 0.043750 0.033333
0 0.698958 0.138021 0.022917 0.040625
0 0.828646 0.864062 0.048958 0.032292
0 0.604688 0.252604 0.044792 0.055208
0 0.505208 0.908333 0.031250 0.037500
0 0.656250 0.442708 0.045833 0.045833
0 0.690625 0.245312 0.043750 0.030208
0 0.936979 0.524479 0.048958 0.055208
0 0.247396 0.372917 0.032292 0.043750
0 0.856250 0.341667 0.035417 0.022917
0 0.227083 0.573958 0.045833 0.043750
0 0.674479 0.327083 0.051042 0.031250
0 0.554688 0.413542 0.048958 0.033333
0 0.527604 0.644271 0.046875 0.034375
0 0.239583 0.404167 0.039583 0.020833
0 0.719271 0.603646 0.040625 0.030208
0 0.098437 0.449479 0.046875 0.036458
0 0.644271 0.779687 0.030208 0.040625
0 0.572917 0.103125 0.043750 0.052083
0 0.153125 0.278646 0.027083 0.042708
0 0.916667 0.945312 0.052083 0.051042
0 0.336458 0.697396 0.035417 0.040625
0 0.321354 0.350521 0.034375 0.053125
0 0.143229 0.487500 0.034375 0.039583
0 0.720313 0.680729 0.026042 0.046875
0 0.815104 0.260417 0.032292 0.052083
0 0.271875 0.232813 0.050000 0.034375
0 0.362500 0.344271 0.037500 0.044792
0 0.582292 0.543750 0.041667 0.029167
0 0.162500 0.651563 0.045833 0.038542
0 0.494271 0.375521 0.046875 0.028125
0 0.266667 0.116146 0.054167 0.038542
0 0.366667 0.430208 0.039583 0.052083
0 0.207292 0.356250 0.039583 0.047917
0 0.819792 0.595313 0.035417 0.040625
0 0.421354 0.460417 0.023958 0.045833
0 0.183333 0.934896 0.050000 0.042708
0 0.139583 0.495312 0.043750 0.048958
0 0.254167 0.893229 0.045833 0.040625
0 0.313021 0.321354 0.038542 0.055208
0 0.726562 0.330208 0.032292 0.047917
0 0.130208 0.586458 0.018750 0.035417
0 0.704167 0.894271 0.050000 0.034375
0 0.316146 0.642708 0.044792 0.025000
0 0.225000 0.344792 0.052083 0.045833
0 0.573958 0.652083 0.045833 0.043750
0 0.942708 0.611458 0.029167 0.045833
0 0.785417 0.935417 0.050000 0.050000
0 0.291667 0.476042 0.045833 0.043750
0 0.657292 0.349479 0.025000 0.042708
0 0.163542 0.736458 0.043750 0.035417
0 0.267188 0.308854 0.038542 0.051042
0 0.486979 0.283333 0.046875 0.031250
0 0.829167 0.941667 0.037500 0.041667
0 0.500521 0.597917 0.046875 0.029167
0 0.596875 0.627604 0.047917 0.028125
0 0.139583 0.641146 0.043750 0.040625
0 0.596875 0.394271 0.045833 0.036458
0 0.247917 0.137500 0.041667 0.039583
0 0.304167 0.257812 0.037500 0.040625
0 0.914062 0.872396 0.038542 0.040625
0 0.422396 0.613542 0.048958 0.039583
0 0.344792 0.793229 0.029167 0.051042
0 0.340104 0.870833 0.042708 0.033333
0 0.566146 0.219271 0.028125 0.040625
0 0.450521 0.391146 0.048958 0.046875
0 0.536979 0.127604 0.042708 0.023958
0 0.306771 0.530729 0.036458 0.040625
0 0.748437 0.642188 0.040625 0.026042
0 0.725521 0.782813 0.046875 0.026042
0 0.509896 0.944792 0.034375 0.052083
0 0.838021 0.788542 0.032292 0.043750
0 0.554167 0.926042 0.027083 0.047917
0 0.661979 0.444271 0.040625 0.028125
0 0.397396 0.288021 0.038542 0.038542
0 0.373437 0.460938 0.034375 0.040625
0 0.170313 0.746875 0.038542 0.031250
0 0.763021 0.599479 0.053125 0.053125
0 0.176042 0.080208 0.037500 0.029167
0 0.734896 0.894271 0.038542 0.046875
0 0.415104 0.772917 0.042708 0.037500
0 0.545312 0.746875 0.040625 0.041667
0 0.555208 0.255729 0.035417 0.017708
0 0.281250 0.890625 0.050000 0.050000
0 0.720313 0.852083 0.034375 0.052083
0 0.338542 0.124479 0.033333 0.040625
0 0.882812 0.507292 0.038542 0.031250
0 0.584375 0.180729 0.054167 0.036458
0 0.196354 0.539062 0.053125 0.053125
0 0.577083 0.768750 0.035417 0.022917
0 0.209896 0.775000 0.046875 0.027083
0 0.353125 0.742708 0.047917 0.033333
0 0.259375 0.131250 0.047917 0.037500
0 0.381250 0.137500 0.047917 0.050000
0 0.253646 0.254688 0.036458 0.040625
0 0.285417 0.347917 0.043750 0.045833
0 0.617188 0.246875 0.032292 0.047917
0 0.780208 0.371354 0.033333 0.048958
0 0.303646 0.335417 0.032292 0.047917
0 0.432292 0.371354 0.039583 0.034375
0 0.840104 0.844271 0.040625 0.023958
0 0.535937 0.846354 0.019792 0.038542
0 0.149479 0.858854 0.038542 0.019792
0 0.557813 0.909896 0.040625 0.030208
0 0.966667 0.833854 0.039583 0.030208
0 0.234375 0.130729 0.047917 0.046875
0 0.459375 0.601562 0.035417 0.040625
0 0.177083 0.689583 0.035417 0.018750
0 0.094792 0.913542 0.022917 0.037500
0 0.941146 0.757812 0.051042 0.030208
0 0.160938 0.340625 0.044792 0.027083
0 0.928125 0.410938 0.037500 0.053125
0 0.132292 0.508333 0.039583 0.052083
0 0.090625 0.885938 0.041667 0.044792
0 0.932292 0.388542 0.029167 0.041667
0 0.913542 0.849479 0.039583 0.044792
0 0.922396 0.442188 0.036458 0.046875
0 0.863542 0.193229 0.027083 0.048958
0 0.669792 0.243750 0.052083 0.041667
0 0.737500 0.495833 0.047917 0.041667
0 0.604688 0.922917 0.046875 0.031250
0 0.553646 0.100000 0.032292 0.052083
0 0.138542 0.925000 0.043750 0.035417
0 0.695312 0.090104 0.034375 0.040625
0 0.792188 0.808333 0.044792 0.033333
0 0.411979 0.558854 0.051042 0.030208
0 0.426042 0.898438 0.043750 0.026042
0 0.880208 0.899479 0.052083 0.032292
0 0.408854 0.902083 0.034375 0.043750
0 0.082812 0.499479 0.055208 0.046875
0 0.509375 0.869792 0.037500 0.047917
0 0.184375 0.408854 0.022917 0.038542
0 0.212500 0.362500 0.037500 0.031250
0 0.926562 0.103646 0.042708 0.055208
0 0.203646 0.506771 0.040625 0.030208
0 0.102604 0.604167 0.053125 0.041667
0 0.576562 0.302604 0.040625 0.032292
0 0.556250 0.870833 0.025000 0.039583
0 0.530208 0.966146 0.037500 0.048958
0 0.646354 0.443750 0.044792 0.027083
0 0.431250 0.499479 0.037500 0.044792
0 0.338542 0.689063 0.020833 0.036458
0 0.492708 0.480208 0.029167 0.041667
0 0.774479 0.273438 0.048958 0.028125
0 0.454688 0.130208 0.042708 0.039583
0 0.699479 0.886458 0.038542 0.043750
0 0.901563 0.169271 0.040625 0.044792
0 0.505208 0.725521 0.050000 0.028125
0 0.786458 0.384375 0.035417 0.052083
0 0.244271 0.650521 0.040625 0.051042
0 0.732292 0.221354 0.033333 0.053125
0 0.610938 0.312500 0.038542 0.025000
0 0.641667 0.817708 0.043750 0.037500
0 0.433854 0.107292 0.038542 0.043750
0 0.092188 0.722917 0.048958 0.037500
0 0.214583 0.433854 0.047917 0.028125
0 0.202083 0.632292 0.037500 0.052083
0 0.618229 0.437500 0.032292 0.047917
0 0.933854 0.401042 0.017708 0.035417
0 0.645312 0.810417 0.028125 0.043750
0 0.842187 0.949479 0.046875 0.048958
0 0.609375 0.645312 0.052083 0.051042
0 0.300000 0.746354 0.029167 0.040625
0 0.446354 0.768750 0.030208 0.039583
0 0.107813 0.123438 0.034375 0.046875
0 0.526563 0.719792 0.042708 0.037500
0 0.706250 0.441146 0.050000 0.028125
0 0.783333 0.507812 0.031250 0.048958
0 0.286458 0.862500 0.047917 0.027083
0 0.845833 0.955208 0.050000 0.050000
0 0.776563 0.334896 0.034375 0.040625
0 0.652083 0.177083 0.037500 0.029167
0 0.469271 0.318229 0.040625 0.026042
0 0.700521 0.290104 0.036458 0.040625
0 0.654687 0.150521 0.055208 0.042708
0 0.146354 0.805208 0.034375 0.039583
0 0.161979 0.672396 0.023958 0.042708
0 0.689583 0.953646 0.041667 0.032292
0 0.507292 0.427083 0.041667 0.039583
0 0.400000 0.760417 0.052083 0.037500
0 0.771875 0.794271 0.025000 0.042708
0 0.234375 0.571354 0.052083 0.030208
0 0.530208 0.575000 0.037500 0.027083
0 0.150000 0.504687 0.050000 0.040625
0 0.127604 0.111458 0.034375 0.052083