0 0.904167 0.589583 0.041667 0.052083
0 0.721875 0.478125 0.033333 0.043750
0 0.819792 0.952604 0.037500 0.044792
0 0.528646 0.159896 0.032292 0.048958
0 0.102604 0.108854 0.051042 0.036458
0 0.182812 0.141146 0.046875 0.023958
0 0.450000 0.400000 0.027083 0.045833
0 0.585938 0.101042 0.021875 0.037500
0 0.880208 0.295312 0.041667 0.042708
0 0.451562 0.586458 0.017708 0.035417
0 0.828125 0.501042 0.035417 0.052083
0 0.371354 0.470833 0.032292 0.052083
0 0.587500 0.572396 0.033333 0.040625
0 0.465104 0.509896 0.038542 0.046875
0 0.721354 0.471875 0.034375 0.043750
0 0.799479 0.907813 0.051042 0.036458
0 0.146875 0.429167 0.045833 0.043750
0 0.260417 0.354167 0.039583 0.052083
0 0.802604 0.254167 0.038542 0.033333
0 0.750521 0.184896 0.040625 0.028125
0 0.144792 0.532813 0.029167 0.048958
0 0.590104 0.665625 0.036458 0.052083
0 0.459375 0.628125 0.035417 0.037500
0 0.087500 0.890625 0.041667 0.039583
0 0.857812 0.072917 0.048958 0.039583
0 0.265625 0.651563 0.050000 0.038542
0 0.320833 0.428646 0.041667 0.048958
0 0.506771 0.581250 0.044792 0.025000
0 0.541146 0.653125 0.042708 0.041667
0 0.256250 0.259375 0.041667 0.039583
0 0.833854 0.551042 0.034375 0.047917
0 0.414583 0.926042 0.029167 0.041667
0 0.122396 0.815625 0.032292 0.047917
0 0.114583 0.871875 0.022917 0.043750
0 0.622917 0.637500 0.037500 0.031250
0 0.835417 0.342187 0.039583 0.026042
0 0.134896 0.341146 0.055208 0.044792
0 0.671875 0.083333 0.050000 0.029167
0 0.264583 0.121354 0.041667 0.048958
0 0.915104 0.507292 0.023958 0.047917
0 0.090625 0.460417 0.037500 0.035417
0 0.178125 0.243750 0.025000 0.037500
0 0.071354 0.654167 0.028125 0.050000
0 0.714063 0.178646 0.028125 0.040625
0 0.770833 0.714063 0.035417 0.040625
0 0.664062 0.447917 0.028125 0.039583
0 0.216667 0.201042 0.027083 0.037500
0 0.328646 0.870833 0.036458 0.047917
0 0.130208 0.340104 0.031250 0.053125
0 0.822917 0.650521 0.029167 0.046875
0 0.238021 0.666146 0.046875 0.055208
0 0.795833 0.388021 0.045833 0.032292
0 0.541146 0.233333 0.046875 0.043750
0 0.929688 0.238542 0.036458 0.047917
0 0.282813 0.119271 0.042708 0.055208
0 0.850000 0.619792 0.020833 0.039583
0 0.931250 0.910937 0.054167 0.036458
0 0.952083 0.675000 0.047917 0.027083
0 0.547396 0.283854 0.046875 0.034375
0 0.830729 0.768750 0.026042 0.045833
0 0.580729 0.859375 0.042708 0.047917
0 0.812500 0.461979 0.054167 0.051042
0 0.943229 0.465104 0.032292 0.040625
0 0.642188 0.085417 0.042708 0.037500
0 0.921354 0.882812 0.019792 0.038542
0 0.185938 0.566146 0.051042 0.044792
0 0.822917 0.610417 0.050000 0.029167
0 0.639583 0.873958 0.050000 0.050000
0 0.243750 0.932292 0.043750 0.045833
0 0.657813 0.718750 0.042708 0.031250
0 0.272396 0.909375 0.044792 0.033333
0 0.364063 0.353646 0.040625 0.044792
0 0.764062 0.496875 0.038542 0.027083
0 0.297917 0.952083 0.041667 0.047917
0 0.490104 0.461979 0.053125 0.053125
0 0.914062 0.891146 0.038542 0.040625
0 0.961979 0.586458 0.046875 0.043750
0 0.602083 0.827083 0.025000 0.043750
0 0.378646 0.362500 0.034375 0.052083
0 0.197917 0.693750 0.045833 0.027083
0 0.753125 0.363542 0.039583 0.020833
0 0.223438 0.604688 0.042708 0.051042
0 0.475000 0.656771 0.039583 0.048958
0 0.809896 0.805208 0.040625 0.041667
0 0.177604 0.755208 0.038542 0.025000
0 0.658854 0.100000 0.026042 0.041667
0 0.277604 0.232292 0.019792 0.035417
0 0.594792 0.113021 0.047917 0.053125
0 0.248438 0.952083 0.032292 0.043750
0 0.277604 0.301042 0.030208 0.043750
0 0.278125 0.699479 0.039583 0.038542
0 0.923958 0.832812 0.050000 0.034375
0 0.175521 0.800521 0.046875 0.048958
0 0.157812 0.404687 0.042708 0.023958
0 0.350000 0.859375 0.041667 0.039583
0 0.809375 0.397396 0.035417 0.017708
0 0.100521 0.496875 0.040625 0.047917
0 0.163542 0.118229 0.054167 0.048958
0 0.123438 0.189583 0.046875 0.022917
0 0.813542 0.255729 0.037500 0.038542
0 0.242708 0.540625 0.041667 0.037500
0 0.161979 0.875521 0.034375 0.051042
0 0.273958 0.958854 0.031250 0.051042
0 0.482292 0.932292 0.018750 0.035417
0 0.395833 0.931771 0.045833 0.048958
0 0.881771 0.849479 0.032292 0.040625
0 0.271875 0.934896 0.039583 0.030208
0 0.681771 0.785937 0.034375 0.046875
0 0.600000 0.630208 0.047917 0.025000
0 0.260937 0.664583 0.051042 0.050000
0 0.467187 0.514583 0.040625 0.047917
0 0.123438 0.791667 0.040625 0.052083
0 0.264062 0.911458 0.038542 0.031250
0 0.817708 0.308333 0.037500 0.041667
0 0.665625 0.904167 0.031250 0.050000
0 0.114062 0.593750 0.040625 0.020833
0 0.279687 0.843750 0.051042 0.031250
0 0.105729 0.852083 0.048958 0.041667
0 0.799479 0.660937 0.040625 0.032292
0 0.150521 0.600000 0.038542 0.047917
0 0.680208 0.610938 0.037500 0.038542
0 0.293229 0.132292 0.038542 0.043750
0 0.175521 0.080208 0.053125 0.037500
0 0.336979 0.541146 0.026042 0.051042
0 0.364063 0.795312 0.048958 0.028125
0 0.172917 0.791146 0.027083 0.046875
0 0.625521 0.675000 0.038542 0.029167
0 0.535937 0.826042 0.040625 0.022917
0 0.827083 0.295833 0.029167 0.045833
0 0.594271 0.555208 0.028125 0.043750
0 0.397917 0.603646 0.045833 0.038542
0 0.913542 0.490625 0.043750 0.052083
0 0.727083 0.786458 0.033333 0.043750
0 0.514062 0.124479 0.046875 0.055208
0 0.723437 0.578125 0.032292 0.039583
0 0.760938 0.288021 0.046875 0.036458
0 0.563542 0.640625 0.047917 0.037500
0 0.447917 0.494792 0.052083 0.045833
0 0.275000 0.448958 0.020833 0.039583
0 0.201042 0.266667 0.043750 0.045833
0 0.541667 0.316146 0.039583 0.055208
0 0.830729 0.764062 0.040625 0.032292
0 0.867708 0.892708 0.039583 0.041667
0 0.948958 0.221875 0.045833 0.045833
0 0.854688 0.834896 0.044792 0.040625
0 0.100000 0.851042 0.047917 0.037500
0 0.185938 0.559375 0.036458 0.037500
0 0.455729 0.490104 0.032292 0.044792
0 0.465625 0.206771 0.039583 0.055208
0 0.252083 0.599479 0.052083 0.051042
0 0.281250 0.643229 0.027083 0.040625
0 0.869792 0.403646 0.050000 0.028125
0 0.325521 0.604688 0.044792 0.042708
0 0.442708 0.735417 0.033333 0.047917
0 0.511979 0.555208 0.023958 0.041667
0 0.810937 0.625521 0.040625 0.036458
0 0.718750 0.723437 0.039583 0.044792
0 0.283854 0.712500 0.036458 0.052083
0 0.744271 0.758333 0.046875 0.031250
0 0.707812 0.968750 0.040625 0.041667
0 0.106771 0.923438 0.036458 0.051042
0 0.309896 0.617188 0.042708 0.055208
0 0.477083 0.706771 0.045833 0.026042
0 0.690625 0.375000 0.043750 0.022917
0 0.809375 0.140625 0.047917 0.027083
0 0.428125 0.342708 0.035417 0.037500
0 0.625521 0.725000 0.040625 0.047917
0 0.617708 0.900521 0.045833 0.038542
0 0.482292 0.581250 0.029167 0.045833
0 0.492188 0.155729 0.040625 0.036458
0 0.409375 0.861458 0.039583 0.052083
0 0.519271 0.695833 0.048958 0.041667
0 0.303125 0.761979 0.043750 0.021875
0 0.908333 0.191667 0.037500 0.029167
0 0.647396 0.838021 0.051042 0.040625
0 0.947917 0.747917 0.052083 0.047917
0 0.151562 0.872917 0.038542 0.029167
0 0.848958 0.893229 0.043750 0.040625
0 0.466667 0.667708 0.035417 0.035417
0 0.556250 0.550000 0.033333 0.052083
0 0.135417 0.283333 0.047917 0.035417
0 0.711979 0.700000 0.042708 0.037500
0 0.755208 0.105208 0.027083 0.045833
0 0.697396 0.166667 0.048958 0.041667
0 0.895833 0.810937 0.037500 0.019792
0 0.301042 0.171354 0.037500 0.048958
0 0.166667 0.888542 0.025000 0.047917
0 0.176563 0.397396 0.023958 0.042708
0 0.958854 0.955729 0.044792 0.040625
0 0.478646 0.863021 0.053125 0.034375
0 0.304167 0.747917 0.037500 0.047917
0 0.910417 0.880729 0.043750 0.055208
0 0.936458 0.073438 0.039583 0.036458
0 0.136458 0.838542 0.029167 0.045833
0 0.841667 0.472917 0.037500 0.041667
0 0.641667 0.260937 0.033333 0.040625
0 0.163542 0.727604 0.027083 0.042708
0 0.658854 0.395313 0.028125 0.044792
0 0.910417 0.253125 0.043750 0.045833
0 0.117188 0.515625 0.038542 0.035417
0 0.233333 0.831250 0.035417 0.018750
0 0.548958 0.385937 0.035417 0.053125
0 0.504167 0.151562 0.022917 0.042708
0 0.828125 0.175521 0.025000 0.042708
0 0.476042 0.882292 0.052083 0.043750
0 0.921354 0.536458 0.040625 0.054167
0 0.341667 0.406771 0.043750 0.048958
0 0.745833 0.401042 0.035417 0.020833
0 0.282292 0.372396 0.035417 0.044792
0 0.475000 0.197396 0.041667 0.044792
0 0.394271 0.666667 0.040625 0.020833
0 0.534375 0.473438 0.050000 0.042708
0 0.217188 0.281771 0.044792 0.042708
0 0.290625 0.282292 0.047917 0.037500
0 0.735938 0.401562 0.042708 0.044792
0 0.382812 0.538021 0.036458 0.046875
0 0.694271 0.546354 0.046875 0.038542
0 0.951562 0.280208 0.046875 0.031250
0 0.873958 0.222917 0.035417 0.020833
0 0.117708 0.536458 0.037500 0.033333
0 0.356250 0.149479 0.047917 0.030208
0 0.179167 0.467708 0.047917 0.041667
0 0.798958 0.618229 0.047917 0.046875
0 0.802604 0.221354 0.046875 0.055208
0 0.898958 0.217188 0.054167 0.048958
0 0.085938 0.370833 0.038542 0.027083
0 0.178125 0.096875 0.035417 0.043750
0 0.909375 0.078646 0.041667 0.023958
0 0.217188 0.702083 0.048958 0.037500
0 0.670312 0.624479 0.055208 0.044792
0 0.823438 0.519271 0.046875 0.034375
0 0.298438 0.890625 0.042708 0.025000
0 0.555729 0.678646 0.044792 0.040625
0 0.475000 0.489063 0.025000 0.038542
0 0.503125 0.163542 0.035417 0.052083
0 0.524479 0.885417 0.051042 0.031250
0 0.691146 0.138021 0.042708 0.051042
0 0.532813 0.967708 0.032292 0.047917
0 0.701042 0.932292 0.025000 0.037500
0 0.872396 0.217708 0.042708 0.037500
0 0.236458 0.206771 0.037500 0.053125
0 0.285938 0.410938 0.038542 0.046875
0 0.746875 0.292187 0.033333 0.040625
0 0.168750 0.867708 0.050000 0.031250
0 0.573958 0.597396 0.041667 0.032292
0 0.613021 0.558333 0.046875 0.052083
0 0.313021 0.701562 0.040625 0.044792
0 0.369792 0.575000 0.033333 0.016667
0 0.481250 0.099479 0.043750 0.040625
0 0.507292 0.738021 0.039583 0.030208
0 0.817187 0.469271 0.040625 0.034375
0 0.216667 0.663542 0.041667 0.037500
0 0.866667 0.671875 0.037500 0.022917
0 0.636979 0.886458 0.042708 0.031250
0 0.285938 0.409375 0.040625 0.047917
0 0.425000 0.077083 0.043750 0.045833
0 0.136458 0.548438 0.043750 0.040625
0 0.817708 0.327083 0.047917 0.027083
0 0.646354 0.192188 0.026042 0.040625
0 0.413021 0.673958 0.042708 0.041667
0 0.465625 0.186458 0.041667 0.039583
0 0.859896 0.919792 0.038542 0.031250
0 0.963021 0.201042 0.030208 0.047917
0 0.684896 0.634375 0.030208 0.043750
0 0.418750 0.383854 0.043750 0.042708
0 0.907813 0.686458 0.026042 0.047917
0 0.297917 0.693229 0.052083 0.053125
0 0.270833 0.640625 0.045833 0.052083
0 0.590625 0.092188 0.052083 0.051042
0 0.506250 0.884896 0.037500 0.053125
0 0.370833 0.288021 0.029167 0.044792
0 0.321875 0.327604 0.054167 0.044792
0 0.966667 0.269271 0.043750 0.055208
0 0.717708 0.385417 0.035417 0.037500
0 0.519271 0.138542 0.042708 0.047917
0 0.824479 0.693229 0.036458 0.055208
0 0.338021 0.229687 0.038542 0.023958
0 0.201563 0.788021 0.036458 0.040625
0 0.694271 0.350000 0.040625 0.041667
0 0.772396 0.288021 0.032292 0.044792
0 0.144792 0.621875 0.043750 0.022917
0 0.591667 0.636979 0.039583 0.055208
0 0.847917 0.456250 0.047917 0.050000
0 0.435937 0.919792 0.038542 0.025000
0 0.084375 0.907813 0.054167 0.042708
0 0.872396 0.843229 0.055208 0.038542
0 0.927083 0.631250 0.041667 0.039583
0 0.850521 0.258854 0.036458 0.051042
0 0.384375 0.397917 0.035417 0.043750
0 0.395833 0.314583 0.039583 0.052083
0 0.606250 0.829688 0.039583 0.036458
0 0.518750 0.239583 0.037500 0.029167
0 0.644792 0.274479 0.045833 0.038542
0 0.123958 0.555208 0.033333 0.043750
0 0.418229 0.768750 0.023958 0.041667
0 0.258333 0.730208 0.037500 0.047917
0 0.442708 0.960938 0.039583 0.032292
0 0.905729 0.933854 0.038542 0.038542
0 0.213021 0.927604 0.042708 0.023958
0 0.265104 0.159896 0.032292 0.046875
0 0.494271 0.605208 0.021875 0.039583
0 0.310937 0.826562 0.026042 0.040625
0 0.472917 0.373958 0.045833 0.031250
0 0.632812 0.568229 0.055208 0.046875
0 0.176042 0.934896 0.047917 0.046875
0 0.586979 0.111979 0.051042 0.055208
0 0.186979 0.766667 0.048958 0.039583
0 0.364583 0.779687 0.027083 0.042708
0 0.142708 0.451562 0.027083 0.040625
0 0.104167 0.600000 0.043750 0.052083
0 0.580208 0.152604 0.031250 0.040625
0 0.325000 0.290625 0.037500 0.027083
0 0.197396 0.314063 0.048958 0.023958
0 0.229687 0.226562 0.040625 0.036458
0 0.719792 0.131250 0.047917 0.027083
0 0.162500 0.127083 0.039583 0.041667
0 0.628646 0.638542 0.034375 0.037500
0 0.793229 0.943750 0.048958 0.052083
0 0.522396 0.879167 0.044792 0.045833
0 0.390104 0.631250 0.051042 0.033333
0 0.381250 0.959375 0.047917 0.037500
0 0.402083 0.772396 0.037500 0.044792
0 0.456771 0.366146 0.051042 0.044792
0 0.886979 0.115104 0.055208 0.044792
0 0.757292 0.813021 0.020833 0.038542
0 0.175000 0.538542 0.025000 0.041667
0 0.744271 0.133333 0.053125 0.039583
0 0.378125 0.211458 0.027083 0.037500
0 0.783333 0.698958 0.052083 0.047917
0 0.684375 0.217188 0.043750 0.026042
0 0.760417 0.772917 0.047917 0.041667
0 0.469271 0.148958 0.042708 0.039583
0 0.752604 0.261979 0.021875 0.038542
0 0.429688 0.685937 0.051042 0.040625
0 0.956250 0.606250 0.037500 0.035417
0 0.569271 0.622917 0.051042 0.050000
0 0.751042 0.192708 0.045833 0.045833
0 0.441667 0.551042 0.041667 0.029167
0 0.646354 0.911458 0.044792 0.025000
0 0.914583 0.830208 0.050000 0.050000
0 0.198958 0.863542 0.035417 0.018750
0 0.578646 0.512500 0.042708 0.033333
0 0.616146 0.095312 0.046875 0.023958
0 0.074479 0.602083 0.030208 0.039583
0 0.706250 0.190625 0.022917 0.037500
0 0.233333 0.267708 0.045833 0.033333
0 0.854688 0.936979 0.040625 0.034375
0 0.324479 0.285417 0.038542 0.035417
0 0.894271 0.528646 0.026042 0.046875
0 0.833333 0.606250 0.047917 0.041667
0 0.118229 0.166146 0.055208 0.046875
0 0.447396 0.903646 0.048958 0.028125
0 0.085938 0.917188 0.038542 0.040625
0 0.640625 0.897917 0.037500 0.027083
0 0.348958 0.565625 0.043750 0.033333
0 0.113021 0.780729 0.040625 0.026042
0 0.736458 0.419792 0.043750 0.037500
0 0.290104 0.268229 0.048958 0.034375
0 0.660937 0.788021 0.034375 0.040625
0 0.123438 0.160938 0.055208 0.036458
0 0.490104 0.948958 0.038542 0.043750
0 0.241146 0.939063 0.036458 0.055208
0 0.218229 0.897917 0.036458 0.037500
0 0.149479 0.376563 0.044792 0.026042
0 0.890625 0.586458 0.052083 0.043750
0 0.219792 0.358333 0.045833 0.031250
0 0.709375 0.670833 0.035417 0.052083
0 0.203646 0.926042 0.028125 0.045833
0 0.896354 0.102604 0.044792 0.028125
0 0.847396 0.421354 0.042708 0.021875
0 0.895312 0.113542 0.046875 0.043750
0 0.742188 0.517188 0.034375 0.040625
0 0.076042 0.575521 0.039583 0.034375
0 0.485938 0.905208 0.028125 0.039583
0 0.697396 0.752604 0.042708 0.055208
0 0.897396 0.418229 0.032292 0.048958
0 0.756771 0.560417 0.048958 0.025000
0 0.461979 0.646354 0.023958 0.046875
0 0.492188 0.441667 0.048958 0.041667
0 0.813021 0.312500 0.042708 0.039583
0 0.507292 0.597396 0.045833 0.026042
0 0.484375 0.476042 0.043750 0.045833
0 0.235937 0.208333 0.042708 0.039583
0 0.428646 0.358333 0.028125 0.043750
0 0.727083 0.929688 0.047917 0.044792
0 0.618750 0.300521 0.039583 0.036458
0 0.110937 0.773958 0.034375 0.047917
0 0.663542 0.087500 0.039583 0.041667
0 0.223438 0.913021 0.048958 0.028125
0 0.510417 0.286979 0.041667 0.048958
0 0.668750 0.191667 0.018750 0.035417
0 0.553125 0.770312 0.025000 0.048958
0 0.966146 0.202604 0.055208 0.046875
0 0.133333 0.857292 0.029167 0.037500
0 0.594792 0.300000 0.020833 0.035417
0 0.580729 0.938021 0.048958 0.028125
0 0.590104 0.285417 0.019792 0.037500
0 0.788542 0.822917 0.052083 0.041667
0 0.465104 0.760417 0.044792 0.033333
0 0.917188 0.497396 0.034375 0.053125
0 0.434896 0.259375 0.042708 0.033333
0 0.131771 0.473958 0.051042 0.047917
0 0.959896 0.895833 0.038542 0.033333
0 0.908854 0.090104 0.038542 0.046875
0 0.258333 0.793229 0.050000 0.026042
0 0.217188 0.329167 0.038542 0.031250
0 0.555208 0.302604 0.054167 0.044792
0 0.955729 0.577083 0.019792 0.035417
0 0.715104 0.270833 0.034375 0.047917
0 0.402083 0.753125 0.047917 0.027083
0 0.685937 0.363542 0.034375 0.039583
0 0.442188 0.136458 0.036458 0.020833
0 0.738542 0.202604 0.054167 0.044792
0 0.290625 0.406771 0.043750 0.028125
0 0.338542 0.676042 0.043750 0.037500
0 0.436458 0.146354 0.022917 0.044792
0 0.085417 0.224479 0.029167 0.040625
0 0.705729 0.160417 0.028125 0.045833
0 0.488542 0.090104 0.031250 0.040625
0 0.231250 0.646354 0.052083 0.034375
0 0.517708 0.377083 0.037500 0.027083
0 0.679688 0.160417 0.030208 0.043750
0 0.568229 0.806771 0.030208 0.048958
0 0.918750 0.254688 0.045833 0.034375
0 0.425521 0.855729 0.021875 0.038542
0 0.193229 0.565104 0.040625 0.051042
0 0.569792 0.584896 0.045833 0.036458
0 0.148438 0.609375 0.048958 0.052083
0 0.801562 0.422396 0.040625 0.032292
0 0.735417 0.542708 0.033333 0.045833
0 0.425000 0.630208 0.033333 0.037500
0 0.797917 0.495833 0.045833 0.052083
0 0.450000 0.958854 0.050000 0.053125
0 0.386979 0.140625 0.038542 0.025000
0 0.327604 0.135937 0.026042 0.044792
0 0.476562 0.270313 0.044792 0.042708
0 0.572917 0.340625 0.041667 0.029167
0 0.081771 0.227083 0.044792 0.052083
0 0.505729 0.878125 0.030208 0.043750
0 0.746354 0.941667 0.051042 0.031250
0 0.652604 0.656250 0.032292 0.047917
0 0.719792 0.227604 0.041667 0.055208
0 0.151562 0.565104 0.044792 0.032292
0 0.836979 0.934375 0.023958 0.041667
0 0.384375 0.914583 0.050000 0.029167
0 0.106771 0.516146 0.042708 0.044792
0 0.776042 0.642708 0.029167 0.045833
0 0.861458 0.383333 0.052083 0.039583
0 0.304688 0.314063 0.046875 0.048958
0 0.890104 0.815625 0.048958 0.050000
0 0.167187 0.779687 0.053125 0.053125
0 0.945833 0.578646 0.041667 0.048958
0 0.640104 0.391146 0.021875 0.038542
0 0.710938 0.862500 0.023958 0.037500
0 0.312500 0.117188 0.041667 0.048958
0 0.921875 0.587500 0.052083 0.041667
0 0.079687 0.840104 0.044792 0.026042
0 0.633854 0.188021 0.051042 0.038542
0 0.489583 0.196875 0.037500 0.022917
0 0.182812 0.965104 0.023958 0.038542
0 0.159375 0.819792 0.029167 0.037500
0 0.384896 0.120313 0.028125 0.040625
0 0.390104 0.589583 0.040625 0.047917
0 0.808854 0.554688 0.038542 0.040625
0 0.592708 0.531771 0.054167 0.051042
0 0.110417 0.157812 0.052083 0.034375
0 0.753646 0.897396 0.042708 0.044792
0 0.615104 0.305729 0.026042 0.046875
0 0.437500 0.293229 0.054167 0.044792
0 0.391667 0.328646 0.047917 0.046875
0 0.354167 0.193750 0.035417 0.035417
0 0.709896 0.173437 0.048958 0.030208
0 0.810417 0.421354 0.052083 0.051042
0 0.080208 0.788542 0.035417 0.047917
0 0.567187 0.968750 0.028125 0.045833
0 0.267708 0.717708 0.052083 0.045833
0 0.663542 0.541667 0.052083 0.039583
0 0.766146 0.923438 0.048958 0.055208
0 0.804688 0.386458 0.046875 0.043750
0 0.413021 0.434375 0.036458 0.047917
0 0.131771 0.468750 0.023958 0.041667
0 0.776042 0.484896 0.050000 0.040625
0 0.845313 0.410938 0.032292 0.044792
0 0.645312 0.781250 0.030208 0.050000
0 0.368229 0.515625 0.046875 0.043750
0 0.613021 0.912500 0.038542 0.035417
0 0.605729 0.194792 0.032292 0.047917
0 0.377604 0.277083 0.040625 0.054167
0 0.722917 0.413021 0.052083 0.051042
0 0.213021 0.776563 0.038542 0.040625
0 0.805729 0.600000 0.048958 0.039583
0 0.300521 0.841146 0.044792 0.055208
0 0.937500 0.338542 0.020833 0.039583
0 0.915104 0.506771 0.026042 0.051042
0 0.514062 0.769792 0.036458 0.018750
0 0.653646 0.222917 0.048958 0.052083
0 0.777083 0.448437 0.025000 0.046875
0 0.595833 0.943229 0.025000 0.038542
0 0.480208 0.598958 0.041667 0.039583
0 0.218229 0.306771 0.040625 0.055208
0 0.511979 0.144271 0.040625 0.023958
0 0.445312 0.914062 0.040625 0.046875
0 0.793750 0.165625 0.037500 0.041667
0 0.671354 0.861458 0.048958 0.035417
0 0.672917 0.197396 0.043750 0.030208
0 0.274479 0.598437 0.040625 0.034375
0 0.222396 0.408333 0.034375 0.047917
0 0.959375 0.538542 0.043750 0.033333
0 0.908854 0.800521 0.040625 0.055208
0 0.728125 0.689063 0.035417 0.044792
0 0.575521 0.915625 0.042708 0.041667
0 0.940104 0.466667 0.038542 0.031250
0 0.696354 0.106771 0.053125 0.051042
0 0.534375 0.685417 0.052083 0.037500
0 0.948438 0.803125 0.040625 0.047917
0 0.796354 0.100521 0.055208 0.048958
0 0.278646 0.815104 0.023958 0.046875
0 0.255208 0.184896 0.039583 0.034375
0 0.752604 0.462500 0.036458 0.052083
0 0.539583 0.532292 0.035417 0.052083
0 0.862500 0.796875 0.052083 0.035417
0 0.517188 0.508333 0.053125 0.039583
0 0.375521 0.319792 0.019792 0.039583
0 0.522917 0.691146 0.037500 0.038542
0 0.469271 0.300521 0.034375 0.040625
0 0.797396 0.412500 0.051042 0.050000
0 0.501563 0.648958 0.038542 0.025000
0 0.364583 0.888021 0.041667 0.032292
0 0.401042 0.227604 0.025000 0.048958
0 0.778646 0.116667 0.026042 0.050000
0 0.484896 0.261458 0.032292 0.043750
0 0.936458 0.933333 0.031250 0.045833
0 0.839063 0.680208 0.051042 0.033333
0 0.688542 0.782292 0.027083 0.047917
0 0.176563 0.924479 0.040625 0.036458
0 0.890104 0.629167 0.021875 0.037500
0 0.847396 0.299479 0.044792 0.030208
0 0.659375 0.261979 0.039583 0.030208
0 0.696354 0.111458 0.048958 0.039583
0 0.779167 0.181771 0.043750 0.028125
0 0.171354 0.735938 0.051042 0.026042
0 0.805208 0.193229 0.041667 0.044792
0 0.468750 0.683333 0.043750 0.045833
0 0.235937 0.906250 0.044792 0.035417
0 0.687500 0.684896 0.041667 0.021875
0 0.249479 0.226042 0.023958 0.041667
0 0.209896 0.228646 0.028125 0.044792
0 0.921354 0.969271 0.036458 0.046875
0 0.414583 0.757812 0.037500 0.048958
0 0.392188 0.649479 0.048958 0.046875
0 0.183333 0.822396 0.041667 0.044792
0 0.118229 0.741667 0.034375 0.043750
0 0.310937 0.726042 0.046875 0.043750
0 0.830729 0.250000 0.046875 0.027083
0 0.711979 0.661458 0.053125 0.037500
0 0.830208 0.935417 0.037500 0.027083
0 0.375000 0.569271 0.054167 0.044792
0 0.250000 0.283333 0.025000 0.043750
0 0.803125 0.159375 0.025000 0.037500
0 0.696875 0.366146 0.039583 0.044792
0 0.390104 0.919271 0.055208 0.048958
0 0.849479 0.271875 0.048958 0.035417
0 0.325521 0.655729 0.042708 0.044792
0 0.473958 0.564063 0.050000 0.028125
0 0.146875 0.371354 0.047917 0.046875
0 0.347917 0.360417 0.029167 0.045833
0 0.069792 0.492708 0.031250 0.041667
0 0.759375 0.766146 0.047917 0.030208
0 0.287500 0.436458 0.039583 0.022917
0 0.497396 0.255208 0.051042 0.035417
0 0.489583 0.830729 0.050000 0.028125
0 0.770833 0.680208 0.045833 0.043750
0 0.495833 0.315104 0.033333 0.044792
0 0.646875 0.532292 0.018750 0.035417
0 0.801562 0.170833 0.023958 0.041667
0 0.188542 0.508333 0.037500 0.029167
0 0.828646 0.843229 0.034375 0.046875
0 0.414583 0.419271 0.054167 0.051042
0 0.399479 0.590625 0.038542 0.022917
0 0.505729 0.932813 0.030208 0.053125
0 0.679167 0.254167 0.041667 0.047917
0 0.797917 0.308854 0.050000 0.038542
0 0.760938 0.421875 0.046875 0.052083
0 0.741146 0.541667 0.017708 0.035417
0 0.813542 0.092188 0.047917 0.053125
0 0.321354 0.464062 0.040625 0.044792
0 0.769792 0.481250 0.045833 0.052083
0 0.203125 0.197917 0.043750 0.037500
0 0.462500 0.370312 0.035417 0.017708
0 0.750000 0.540104 0.050000 0.040625
0 0.733854 0.309375 0.038542 0.035417
0 0.284896 0.132292 0.034375 0.043750
0 0.081250 0.840625 0.033333 0.043750
0 0.787500 0.964583 0.041667 0.047917
0 0.689063 0.327604 0.048958 0.046875
0 0.543229 0.098437 0.030208 0.048958
0 0.868229 0.614062 0.040625 0.055208
0 0.330729 0.801042 0.053125 0.041667
0 0.095833 0.706771 0.035417 0.053125
0 0.213542 0.177604 0.052083 0.034375
0 0.152604 0.768229 0.040625 0.023958
0 0.599479 0.580729 0.044792 0.055208
0 0.717708 0.381771 0.039583 0.036458
0 0.545833 0.235417 0.050000 0.033333
0 0.165104 0.665104 0.019792 0.038542
0 0.322917 0.392188 0.054167 0.051042
0 0.357812 0.361458 0.046875 0.033333
0 0.352604 0.777083 0.040625 0.054167
0 0.669271 0.401042 0.036458 0.047917
0 0.937500 0.500000 0.043750 0.045833
0 0.236979 0.872917 0.053125 0.047917
0 0.884375 0.383333 0.041667 0.031250
0 0.305208 0.516146 0.041667 0.048958
0 0.398438 0.152083 0.023958 0.041667
0 0.571875 0.464062 0.039583 0.023958
0 0.713021 0.072917 0.038542 0.022917
0 0.425000 0.439583 0.039583 0.041667
0 0.402083 0.883333 0.037500 0.022917
0 0.944792 0.705729 0.043750 0.040625
0 0.377604 0.083333 0.038542 0.033333
0 0.453646 0.823958 0.046875 0.043750
0 0.672396 0.789062 0.044792 0.040625
0 0.136458 0.198437 0.039583 0.036458
0 0.291146 0.604688 0.053125 0.051042
0 0.795312 0.766667 0.028125 0.045833
0 0.381250 0.343750 0.045833 0.043750
0 0.916146 0.578646 0.051042 0.055208
0 0.112500 0.923958 0.029167 0.037500
0 0.791667 0.531771 0.045833 0.026042
0 0.684896 0.593750 0.026042 0.045833
0 0.194271 0.449479 0.048958 0.034375
0 0.772396 0.427083 0.038542 0.031250
0 0.846875 0.400000 0.043750 0.045833
0 0.144792 0.683854 0.054167 0.044792
0 0.098958 0.836458 0.041667 0.031250
0 0.288021 0.402604 0.030208 0.044792
0 0.369792 0.563021 0.050000 0.042708
0 0.969271 0.132812 0.046875 0.048958
0 0.405208 0.955208 0.047917 0.039583
0 0.431771 0.789062 0.040625 0.026042
0 0.346354 0.730729 0.040625 0.051042
0 0.803125 0.472396 0.047917 0.053125
0 0.928646 0.438021 0.032292 0.048958
0 0.261979 0.332813 0.036458 0.046875
0 0.160417 0.631250 0.029167 0.045833
0 0.133333 0.265625 0.037500 0.025000
0 0.771875 0.286458 0.047917 0.039583
0 0.714583 0.539062 0.052083 0.032292
0 0.888021 0.444792 0.046875 0.043750
0 0.834375 0.353646 0.050000 0.038542
0 0.742188 0.732292 0.036458 0.052083
0 0.279167 0.729688 0.047917 0.030208
0 0.425521 0.177604 0.048958 0.032292
0 0.413021 0.729167 0.036458 0.043750
0 0.911458 0.338542 0.027083 0.047917
0 0.498958 0.611458 0.035417 0.018750
0 0.726562 0.348438 0.040625 0.030208
0 0.358854 0.328646 0.040625 0.055208
0 0.458333 0.331250 0.037500 0.018750
0 0.078125 0.639583 0.043750 0.025000
0 0.887500 0.940104 0.025000 0.038542
0 0.791146 0.210417 0.048958 0.035417
0 0.206771 0.413542 0.040625 0.054167
0 0.470833 0.696354 0.022917 0.038542
0 0.739583 0.891146 0.050000 0.036458
0 0.722917 0.485938 0.039583 0.023958
0 0.307292 0.582812 0.035417 0.040625
0 0.931771 0.182292 0.053125 0.045833
0 0.695833 0.839583 0.035417 0.043750
0 0.773958 0.464583 0.025000 0.047917
0 0.613542 0.807813 0.047917 0.028125
0 0.442188 0.299479 0.036458 0.051042
0 0.111979 0.362500 0.026042 0.041667
0 0.519792 0.614583 0.025000 0.037500
0 0.774479 0.769271 0.030208 0.044792
0 0.625000 0.394271 0.043750 0.042708
0 0.145833 0.402083 0.027083 0.041667
0 0.161979 0.189062 0.042708 0.044792
0 0.960417 0.744792 0.037500 0.035417
0 0.267188 0.930208 0.026042 0.045833
0 0.454688 0.072396 0.040625 0.030208
0 0.923958 0.690104 0.054167 0.044792
0 0.924479 0.142187 0.046875 0.036458
0 0.277604 0.946875 0.042708 0.037500
0 0.421354 0.956250 0.046875 0.052083
0 0.428646 0.918229 0.046875 0.055208
0 0.258854 0.848958 0.038542 0.033333
0 0.903125 0.629167 0.041667 0.052083
0 0.552604 0.123438 0.048958 0.046875
0 0.776042 0.267188 0.037500 0.053125
0 0.939063 0.794792 0.023958 0.037500
0 0.563021 0.490625 0.038542 0.027083
0 0.656771 0.396875 0.038542 0.022917
0 0.841667 0.668750 0.052083 0.039583
0 0.924479 0.256771 0.046875 0.038542
0 0.848437 0.966146 0.026042 0.046875
0 0.126042 0.722917 0.029167 0.045833
0 0.777604 0.926042 0.053125 0.045833
0 0.816146 0.844792 0.028125 0.045833
0 0.311458 0.135417 0.039583 0.041667
0 0.428646 0.416146 0.055208 0.046875
0 0.182812 0.312500 0.036458 0.037500
0 0.260417 0.485417 0.045833 0.031250
0 0.904687 0.915625 0.048958 0.037500
0 0.729167 0.810417 0.035417 0.037500
0 0.554167 0.395833 0.031250 0.041667