0 0.901563 0.122917 0.044792 0.022917
0 0.470833 0.309896 0.035417 0.040625
0 0.123438 0.767188 0.034375 0.046875
0 0.219792 0.859896 0.035417 0.040625
0 0.346354 0.135417 0.036458 0.020833
0 0.141146 0.480729 0.042708 0.051042
0 0.333854 0.409896 0.042708 0.055208
0 0.285417 0.727083 0.022917 0.039583
0 0.646875 0.150000 0.052083 0.043750
0 0.952604 0.724479 0.038542 0.021875
0 0.510417 0.310417 0.039583 0.020833
0 0.084375 0.953125 0.043750 0.045833
0 0.959375 0.235417 0.037500 0.031250
0 0.236979 0.255729 0.040625 0.036458
0 0.646354 0.173958 0.040625 0.020833
0 0.583333 0.283333 0.025000 0.041667
0 0.270313 0.491667 0.038542 0.025000
0 0.738542 0.316667 0.039583 0.041667
0 0.367188 0.455729 0.053125 0.051042
0 0.274479 0.501042 0.048958 0.052083
0 0.806250 0.804167 0.052083 0.047917
0 0.310937 0.622917 0.038542 0.052083
0 0.939063 0.674479 0.042708 0.023958
0 0.480729 0.147396 0.028125 0.040625
0 0.127083 0.873958 0.041667 0.037500
0 0.201563 0.928646 0.046875 0.032292
0 0.311979 0.673438 0.040625 0.055208
0 0.558854 0.686458 0.051042 0.035417
0 0.451562 0.183854 0.036458 0.040625
0 0.802083 0.192708 0.041667 0.041667
0 0.186458 0.490104 0.020833 0.036458
0 0.466146 0.334375 0.038542 0.035417
0 0.707812 0.159375 0.042708 0.047917
0 0.091667 0.886979 0.050000 0.040625
0 0.758854 0.911458 0.053125 0.043750
0 0.166146 0.175521 0.046875 0.034375
0 0.618750 0.386979 0.045833 0.036458
0 0.400521 0.384896 0.036458 0.046875
0 0.568229 0.234375 0.026042 0.045833
0 0.367188 0.550000 0.042708 0.031250
0 0.527083 0.817708 0.050000 0.050000
0 0.335417 0.590104 0.035417 0.040625
0 0.934896 0.741146 0.046875 0.026042
0 0.094792 0.616146 0.022917 0.038542
0 0.088542 0.378646 0.029167 0.044792
0 0.095833 0.791146 0.033333 0.053125
0 0.663021 0.639583 0.044792 0.035417
0 0.184896 0.731771 0.048958 0.055208
0 0.298438 0.409375 0.038542 0.027083
0 0.906250 0.921354 0.022917 0.040625
0 0.336979 0.105729 0.053125 0.034375
0 0.700000 0.667708 0.039583 0.041667
0 0.873958 0.847396 0.041667 0.048958
0 0.129167 0.672396 0.025000 0.046875
0 0.634375 0.231771 0.037500 0.021875
0 0.895312 0.514062 0.046875 0.026042
0 0.876042 0.259896 0.037500 0.044792
0 0.491667 0.220833 0.035417 0.043750
0 0.167187 0.165625 0.023958 0.043750
0 0.963542 0.134375 0.037500 0.025000
0 0.316146 0.881771 0.044792 0.040625
0 0.202604 0.133333 0.038542 0.052083
0 0.659896 0.450521 0.040625 0.028125
0 0.598958 0.088542 0.033333 0.043750
0 0.852083 0.789062 0.043750 0.042708
0 0.270313 0.838542 0.048958 0.027083
0 0.838021 0.127604 0.036458 0.051042
0 0.633854 0.524479 0.051042 0.036458
0 0.450000 0.085938 0.054167 0.040625
0 0.889062 0.593750 0.038542 0.022917
0 0.761979 0.417187 0.030208 0.044792
0 0.440625 0.326562 0.029167 0.048958
0 0.231771 0.941146 0.034375 0.040625
0 0.845833 0.411458 0.043750 0.035417
0 0.091146 0.139063 0.046875 0.038542
0 0.506771 0.653125 0.046875 0.052083
0 0.699479 0.313021 0.042708 0.044792
0 0.325000 0.541146 0.029167 0.044792
0 0.517188 0.495833 0.026042 0.045833
0 0.517188 0.406771 0.046875 0.038542
0 0.930208 0.607812 0.054167 0.044792
0 0.710938 0.561458 0.048958 0.025000
0 0.544271 0.852083 0.040625 0.041667
0 0.243750 0.251042 0.029167 0.050000
0 0.944271 0.802083 0.034375 0.016667
0 0.584896 0.429688 0.055208 0.046875
0 0.928125 0.355208 0.037500 0.035417
0 0.671875 0.598437 0.039583 0.034375
0 0.417187 0.659896 0.040625 0.051042
0 0.340104 0.829167 0.038542 0.047917
0 0.788542 0.727083 0.035417 0.020833
0 0.641667 0.677604 0.054167 0.051042
0 0.603125 0.914583 0.041667 0.029167
0 0.881771 0.141146 0.038542 0.019792
0 0.210417 0.118750 0.037500 0.052083
0 0.175521 0.604688 0.044792 0.028125
0 0.652083 0.535417 0.047917 0.027083
0 0.936979 0.344271 0.044792 0.040625
0 0.395313 0.332813 0.034375 0.048958
0 0.294792 0.726562 0.052083 0.051042
0 0.132292 0.426563 0.039583 0.036458
0 0.614583 0.761458 0.041667 0.037500
0 0.260417 0.068229 0.047917 0.030208
0 0.117708 0.931250 0.037500 0.025000
0 0.501563 0.193229 0.048958 0.055208
0 0.857292 0.890104 0.050000 0.042708
0 0.732292 0.873958 0.047917 0.037500
0 0.708854 0.651042 0.053125 0.047917
0 0.345833 0.286979 0.037500 0.048958
0 0.969792 0.257292 0.047917 0.027083
0 0.489583 0.454167 0.025000 0.041667
0 0.598958 0.160938 0.045833 0.034375
0 0.353125 0.410938 0.043750 0.026042
0 0.308333 0.741146 0.045833 0.055208
0 0.336979 0.562500 0.038542 0.027083
0 0.639583 0.763542 0.043750 0.033333
0 0.844271 0.786458 0.028125 0.050000
0 0.869792 0.911458 0.047917 0.050000
0 0.644271 0.285417 0.048958 0.039583
0 0.076042 0.907292 0.033333 0.045833
0 0.652604 0.459896 0.038542 0.040625
0 0.886458 0.385937 0.041667 0.055208
0 0.712500 0.593750 0.035417 0.047917
0 0.290625 0.418750 0.037500 0.027083
0 0.534375 0.294271 0.043750 0.040625
0 0.649479 0.852604 0.038542 0.055208
0 0.853125 0.577604 0.025000 0.046875
0 0.812500 0.313542 0.047917 0.025000
0 0.959896 0.638021 0.042708 0.021875
0 0.777083 0.329167 0.041667 0.037500
0 0.125000 0.634896 0.050000 0.036458
0 0.579167 0.936458 0.047917 0.033333
0 0.682292 0.112500 0.027083 0.047917
0 0.321875 0.606771 0.031250 0.044792
0 0.333854 0.516146 0.053125 0.030208
0 0.566146 0.227604 0.053125 0.051042
0 0.538542 0.497396 0.035417 0.040625
0 0.729167 0.145833 0.031250 0.041667
0 0.762500 0.259896 0.027083 0.051042
0 0.907292 0.266667 0.039583 0.041667
0 0.152604 0.170833 0.034375 0.052083
0 0.839063 0.688021 0.036458 0.051042
0 0.618750 0.122917 0.031250 0.050000
0 0.141667 0.623437 0.031250 0.048958
0 0.808333 0.367188 0.045833 0.048958
0 0.468750 0.130729 0.033333 0.048958
0 0.525521 0.335938 0.040625 0.026042
0 0.520312 0.681771 0.048958 0.046875
0 0.438021 0.506771 0.042708 0.044792
0 0.971354 0.325521 0.046875 0.026042
0 0.371875 0.256771 0.039583 0.026042
0 0.905729 0.842708 0.040625 0.022917
0 0.175521 0.839063 0.053125 0.051042
0 0.372917 0.915625 0.052083 0.037500
0 0.489063 0.854688 0.028125 0.040625
0 0.728125 0.153646 0.033333 0.040625
0 0.147396 0.673438 0.030208 0.040625
0 0.591146 0.911458 0.028125 0.050000
0 0.364063 0.908854 0.040625 0.030208
0 0.525521 0.163542 0.042708 0.027083
0 0.435417 0.089583 0.033333 0.037500
0 0.623437 0.480729 0.053125 0.032292
0 0.102083 0.921354 0.027083 0.040625
0 0.808854 0.627604 0.044792 0.055208
0 0.277604 0.257812 0.051042 0.034375
0 0.576042 0.135417 0.033333 0.045833
0 0.485938 0.929167 0.038542 0.031250
0 0.149479 0.818750 0.053125 0.043750
0 0.697917 0.953646 0.035417 0.040625
0 0.139063 0.581250 0.040625 0.020833
0 0.104688 0.282292 0.023958 0.037500
0 0.759375 0.161979 0.045833 0.023958
0 0.838021 0.377083 0.042708 0.037500
0 0.490104 0.968229 0.055208 0.042708
0 0.395833 0.853125 0.043750 0.035417
0 0.640625 0.604688 0.047917 0.032292
0 0.299479 0.595833 0.021875 0.043750
0 0.397917 0.431250 0.037500 0.033333
0 0.716667 0.397396 0.035417 0.044792
0 0.642708 0.269792 0.031250 0.037500
0 0.412500 0.960417 0.033333 0.045833
0 0.494271 0.641146 0.026042 0.046875
0 0.236458 0.494271 0.045833 0.038542
0 0.669271 0.761458 0.053125 0.041667
0 0.503125 0.121354 0.045833 0.040625
0 0.846354 0.646354 0.042708 0.051042
0 0.773958 0.757292 0.041667 0.047917
0 0.938542 0.538542 0.018750 0.035417
0 0.434896 0.455208 0.038542 0.052083
0 0.557813 0.089583 0.026042 0.039583
0 0.676042 0.501563 0.027083 0.046875
0 0.633854 0.471354 0.040625 0.055208
0 0.631250 0.404167 0.050000 0.050000
0 0.812500 0.848958 0.039583 0.041667
0 0.665104 0.615625 0.034375 0.052083
0 0.114583 0.539583 0.052083 0.045833
0 0.273958 0.950521 0.054167 0.048958
0 0.876563 0.413021 0.042708 0.044792
0 0.082292 0.782292 0.039583 0.052083
0 0.954688 0.103646 0.046875 0.023958
0 0.274479 0.342187 0.044792 0.026042
0 0.691667 0.079167 0.052083 0.035417
0 0.355208 0.236979 0.041667 0.048958
0 0.116667 0.941146 0.054167 0.048958
0 0.866667 0.108333 0.033333 0.050000
0 0.177604 0.184896 0.034375 0.053125
0 0.161979 0.116146 0.026042 0.046875
0 0.475521 0.192708 0.040625 0.020833
0 0.916667 0.572396 0.050000 0.044792
0 0.951562 0.322917 0.044792 0.035417
0 0.789583 0.878646 0.054167 0.051042
0 0.367188 0.273438 0.044792 0.051042
0 0.475000 0.442708 0.033333 0.047917
0 0.866667 0.960938 0.027083 0.042708
0 0.234375 0.524479 0.039583 0.053125
0 0.090625 0.798958 0.031250 0.037500
0 0.837500 0.934896 0.052083 0.030208
0 0.785417 0.507812 0.045833 0.055208
0 0.883333 0.610417 0.031250 0.037500
0 0.316146 0.770312 0.055208 0.048958
0 0.368750 0.428125 0.020833 0.035417
0 0.385417 0.452604 0.043750 0.042708
0 0.484896 0.389583 0.038542 0.025000
0 0.067708 0.248438 0.027083 0.042708
0 0.895833 0.446875 0.035417 0.037500
0 0.291146 0.811979 0.044792 0.032292
0 0.284375 0.318229 0.020833 0.038542
0 0.110937 0.861979 0.055208 0.048958
0 0.617188 0.825521 0.028125 0.044792
0 0.871875 0.113021 0.025000 0.042708
0 0.295833 0.743229 0.054167 0.036458
0 0.085938 0.213021 0.046875 0.048958
0 0.257292 0.565625 0.052083 0.035417
0 0.314063 0.222917 0.038542 0.035417
0 0.290104 0.157812 0.021875 0.038542
0 0.492708 0.136979 0.045833 0.036458
0 0.817708 0.848958 0.035417 0.037500
0 0.738021 0.586458 0.053125 0.045833
0 0.898958 0.237500 0.043750 0.052083
0 0.088021 0.657292 0.042708 0.039583
0 0.502604 0.366667 0.038542 0.029167
0 0.300000 0.394792 0.027083 0.047917
0 0.969792 0.459375 0.043750 0.035417
0 0.932292 0.576042 0.052083 0.043750
0 0.893750 0.420312 0.043750 0.032292
0 0.786458 0.645312 0.052083 0.034375
0 0.809896 0.418750 0.021875 0.039583
0 0.620313 0.849479 0.051042 0.040625
0 0.896875 0.190104 0.052083 0.051042
0 0.312500 0.740625 0.039583 0.052083
0 0.310417 0.200521 0.039583 0.028125
0 0.971875 0.429167 0.047917 0.052083
0 0.471354 0.907292 0.038542 0.043750
0 0.497917 0.625000 0.041667 0.041667
0 0.608854 0.407292 0.046875 0.043750
0 0.660417 0.197396 0.054167 0.040625
0 0.941667 0.418229 0.039583 0.026042
0 0.488542 0.132292 0.045833 0.029167
0 0.564583 0.350521 0.041667 0.023958
0 0.618229 0.106771 0.046875 0.055208
0 0.471354 0.469271 0.040625 0.036458
0 0.209896 0.579688 0.048958 0.055208
0 0.425000 0.925521 0.054167 0.038542
0 0.842187 0.875000 0.044792 0.052083
0 0.579167 0.125521 0.025000 0.042708
0 0.576042 0.474479 0.054167 0.042708
0 0.596875 0.345313 0.031250 0.040625
0 0.708854 0.406250 0.053125 0.043750
0 0.515104 0.344792 0.048958 0.033333
0 0.475521 0.510938 0.034375 0.040625
0 0.613021 0.810937 0.030208 0.040625
0 0.595833 0.458854 0.045833 0.036458
0 0.635938 0.570312 0.034375 0.046875
0 0.493750 0.710417 0.047917 0.037500
0 0.934375 0.077604 0.052083 0.051042
0 0.204167 0.424479 0.050000 0.042708
0 0.819792 0.485938 0.041667 0.021875
0 0.206771 0.525000 0.034375 0.052083
0 0.208333 0.397917 0.037500 0.022917
0 0.425521 0.373437 0.026042 0.040625
0 0.647396 0.566146 0.023958 0.038542
0 0.221875 0.915625 0.041667 0.029167
0 0.295833 0.691667 0.027083 0.047917
0 0.553646 0.845313 0.044792 0.042708
0 0.663021 0.622917 0.023958 0.041667
0 0.781771 0.439583 0.038542 0.031250
0 0.201042 0.856771 0.054167 0.046875
0 0.510938 0.275000 0.046875 0.052083
0 0.771875 0.514583 0.043750 0.045833
0 0.131250 0.509896 0.020833 0.038542
0 0.243750 0.840104 0.045833 0.048958
0 0.632292 0.710417 0.018750 0.035417
0 0.546875 0.138542 0.041667 0.052083
0 0.827083 0.933333 0.022917 0.039583
0 0.461458 0.452604 0.054167 0.040625
0 0.933333 0.223438 0.033333 0.048958
0 0.843750 0.375000 0.045833 0.029167
0 0.377604 0.772396 0.048958 0.046875
0 0.326042 0.260417 0.050000 0.050000
0 0.821354 0.231250 0.032292 0.052083
0 0.129167 0.154688 0.050000 0.053125
0 0.457813 0.356250 0.030208 0.039583
0 0.679167 0.135417 0.041667 0.052083
0 0.655208 0.666667 0.033333 0.037500
0 0.786979 0.185938 0.021875 0.042708
0 0.388542 0.697396 0.029167 0.040625
0 0.249479 0.078125 0.051042 0.031250
0 0.372917 0.561458 0.050000 0.029167
0 0.677083 0.365104 0.039583 0.030208
0 0.594792 0.571354 0.052083 0.053125
0 0.366146 0.287500 0.044792 0.045833
0 0.099479 0.854167 0.032292 0.039583
0 0.911458 0.230208 0.047917 0.035417
0 0.689063 0.800000 0.042708 0.029167
0 0.359375 0.596354 0.035417 0.044792
0 0.732812 0.556771 0.028125 0.044792
0 0.795833 0.689063 0.052083 0.051042
0 0.356250 0.953646 0.020833 0.038542
0 0.425000 0.709896 0.037500 0.040625
0 0.492708 0.785417 0.037500 0.033333
0 0.861979 0.880208 0.048958 0.033333
0 0.798438 0.122396 0.040625 0.032292
0 0.372917 0.132812 0.052083 0.034375
0 0.294792 0.152083 0.037500 0.029167
0 0.720833 0.408333 0.041667 0.039583
0 0.756771 0.202083 0.048958 0.052083
0 0.161458 0.199479 0.027083 0.046875
0 0.214583 0.942708 0.043750 0.045833
0 0.448437 0.925521 0.036458 0.040625
0 0.809896 0.076042 0.042708 0.039583
0 0.102604 0.458854 0.048958 0.046875
0 0.151562 0.201563 0.040625 0.030208
0 0.139583 0.716146 0.043750 0.026042
0 0.192188 0.878646 0.040625 0.030208
0 0.417187 0.703125 0.036458 0.043750
0 0.223438 0.808333 0.038542 0.027083
0 0.538542 0.933854 0.039583 0.038542
0 0.402604 0.766667 0.030208 0.039583
0 0.395313 0.168229 0.040625 0.044792
0 0.750521 0.166667 0.042708 0.029167
0 0.829167 0.135937 0.025000 0.042708
0 0.777083 0.158854 0.039583 0.023958
0 0.772396 0.269271 0.051042 0.038542
0 0.222917 0.701042 0.045833 0.043750
0 0.616667 0.625521 0.039583 0.030208
0 0.272396 0.473438 0.044792 0.032292
0 0.342187 0.788542 0.046875 0.029167
0 0.585938 0.210417 0.038542 0.027083
0 0.819792 0.407292 0.025000 0.041667
0 0.133854 0.968750 0.034375 0.043750
0 0.665104 0.611979 0.040625 0.044792
0 0.522396 0.922396 0.040625 0.044792
0 0.628125 0.601042 0.039583 0.041667
0 0.769792 0.338021 0.045833 0.048958
0 0.802083 0.281250 0.047917 0.037500
0 0.146875 0.597917 0.047917 0.039583
0 0.761458 0.150521 0.047917 0.053125
0 0.655729 0.877604 0.044792 0.040625
0 0.831250 0.378646 0.052083 0.051042
0 0.408333 0.872917 0.035417 0.018750
0 0.479167 0.490104 0.041667 0.055208
0 0.773958 0.507812 0.029167 0.040625
0 0.728646 0.193750 0.032292 0.052083
0 0.665104 0.808333 0.046875 0.031250
0 0.384375 0.812500 0.027083 0.037500
0 0.616667 0.092188 0.045833 0.055208
0 0.171354 0.471354 0.040625 0.032292
0 0.610417 0.279167 0.031250 0.037500
0 0.623958 0.894792 0.029167 0.037500
0 0.569271 0.308333 0.036458 0.037500
0 0.121354 0.364063 0.046875 0.038542
0 0.383854 0.563542 0.048958 0.041667
0 0.900000 0.361979 0.043750 0.030208
0 0.840625 0.116146 0.054167 0.048958
0 0.590625 0.627604 0.045833 0.048958
0 0.112500 0.545833 0.043750 0.031250
0 0.320833 0.122917 0.041667 0.029167
0 0.928125 0.393229 0.045833 0.032292
0 0.964583 0.606771 0.033333 0.040625
0 0.259896 0.761979 0.046875 0.048958
0 0.583854 0.772917 0.032292 0.047917
0 0.491667 0.398438 0.031250 0.051042
0 0.193229 0.764062 0.055208 0.051042
0 0.200521 0.835417 0.036458 0.022917
0 0.079167 0.101562 0.039583 0.044792
0 0.512500 0.403125 0.043750 0.027083
0 0.322396 0.448437 0.034375 0.048958
0 0.845833 0.115104 0.031250 0.051042
0 0.840104 0.601042 0.046875 0.022917
0 0.520833 0.688542 0.052083 0.035417
0 0.724479 0.646354 0.046875 0.026042
0 0.400000 0.429688 0.050000 0.036458
0 0.791667 0.560937 0.022917 0.038542
0 0.647396 0.866667 0.040625 0.020833
0 0.716146 0.930729 0.046875 0.034375
0 0.217708 0.477604 0.043750 0.032292
0 0.454167 0.287500 0.050000 0.031250
0 0.427604 0.451042 0.044792 0.035417
0 0.503646 0.523958 0.028125 0.041667
0 0.638021 0.571354 0.030208 0.053125
0 0.672396 0.528125 0.040625 0.047917
0 0.329167 0.663021 0.050000 0.036458
0 0.885417 0.932292 0.047917 0.025000
0 0.770312 0.758333 0.044792 0.052083
0 0.433333 0.210938 0.054167 0.042708
0 0.251563 0.687500 0.036458 0.037500
0 0.398438 0.733333 0.023958 0.043750
0 0.775521 0.383854 0.055208 0.040625
0 0.141146 0.695312 0.046875 0.026042
0 0.120833 0.851042 0.039583 0.020833
0 0.703125 0.746354 0.025000 0.046875
0 0.564583 0.692187 0.039583 0.048958
0 0.519792 0.221875 0.043750 0.035417
0 0.783854 0.879687 0.042708 0.023958
0 0.735938 0.576562 0.034375 0.040625
0 0.870833 0.376042 0.020833 0.035417
0 0.181250 0.420312 0.037500 0.038542
0 0.963021 0.443750 0.038542 0.043750
0 0.511979 0.532813 0.048958 0.046875
0 0.304688 0.101562 0.046875 0.048958
0 0.104167 0.435417 0.033333 0.043750
0 0.908333 0.273958 0.047917 0.041667
0 0.264583 0.796875 0.033333 0.043750
0 0.335417 0.158333 0.037500 0.033333
0 0.605729 0.851562 0.042708 0.044792
0 0.484896 0.490104 0.040625 0.028125
0 0.738021 0.394271 0.046875 0.038542
0 0.692708 0.859896 0.054167 0.038542
0 0.294792 0.146354 0.037500 0.053125
0 0.633333 0.182292 0.039583 0.041667
0 0.109896 0.739583 0.038542 0.043750
0 0.867188 0.722917 0.036458 0.018750
0 0.374479 0.275000 0.042708 0.037500
0 0.676562 0.964583 0.023958 0.047917
0 0.178646 0.194792 0.048958 0.035417
0 0.168750 0.239583 0.050000 0.033333
0 0.332292 0.275000 0.029167 0.041667
0 0.240625 0.442708 0.039583 0.047917
0 0.301563 0.462500 0.026042 0.045833
0 0.892188 0.142708 0.046875 0.033333
0 0.906771 0.156250 0.032292 0.052083
0 0.272396 0.375521 0.040625 0.036458
0 0.082292 0.845313 0.041667 0.032292
0 0.660417 0.144792 0.047917 0.052083
0 0.209375 0.669792 0.022917 0.039583
0 0.694271 0.955208 0.032292 0.043750
0 0.688542 0.634896 0.022917 0.040625
0 0.603646 0.261979 0.038542 0.055208
0 0.220833 0.815104 0.054167 0.040625
0 0.142708 0.768229 0.027083 0.048958
0 0.902604 0.728125 0.023958 0.041667
0 0.643750 0.869792 0.037500 0.047917
0 0.079167 0.263021 0.045833 0.023958
0 0.483333 0.607812 0.035417 0.044792
0 0.606250 0.364583 0.050000 0.033333
0 0.708854 0.620833 0.053125 0.047917
0 0.504687 0.480208 0.053125 0.041667
0 0.473958 0.107292 0.018750 0.035417
0 0.118229 0.446875 0.028125 0.045833
0 0.481250 0.260937 0.052083 0.034375
0 0.316146 0.385417 0.019792 0.037500
0 0.313542 0.834375 0.029167 0.045833
0 0.293229 0.890104 0.053125 0.053125
0 0.608854 0.778646 0.048958 0.034375
0 0.253125 0.811979 0.054167 0.036458
0 0.912500 0.091146 0.027083 0.048958
0 0.845313 0.776042 0.036458 0.043750
0 0.815625 0.303646 0.035417 0.053125
0 0.906250 0.822396 0.029167 0.044792
0 0.771875 0.123438 0.031250 0.044792
0 0.402083 0.856250 0.050000 0.047917
0 0.352083 0.877604 0.039583 0.055208
0 0.259375 0.848437 0.029167 0.044792
0 0.545833 0.420833 0.022917 0.039583
0 0.529167 0.351562 0.025000 0.044792
0 0.650521 0.405208 0.036458 0.037500
0 0.964583 0.085417 0.041667 0.029167
0 0.968229 0.542708 0.046875 0.043750
0 0.762500 0.802083 0.029167 0.045833
0 0.811458 0.745833 0.045833 0.031250
0 0.816667 0.172917 0.018750 0.035417
0 0.590104 0.859896 0.036458 0.040625
0 0.801562 0.625000 0.026042 0.039583
0 0.911979 0.767708 0.040625 0.022917
0 0.220833 0.746354 0.054167 0.040625
0 0.942187 0.675000 0.026042 0.039583
0 0.596354 0.255729 0.034375 0.040625
0 0.540104 0.322917 0.036458 0.043750
0 0.669271 0.091667 0.053125 0.037500
0 0.715104 0.378646 0.055208 0.046875
0 0.958333 0.224479 0.052083 0.032292
0 0.100000 0.236458 0.052083 0.037500
0 0.788542 0.797917 0.052083 0.041667
0 0.361458 0.179688 0.039583 0.038542
0 0.826562 0.179688 0.036458 0.017708
0 0.281250 0.271875 0.037500 0.022917
0 0.119792 0.438021 0.039583 0.026042
0 0.671875 0.232292 0.037500 0.035417
0 0.363021 0.489063 0.048958 0.048958
0 0.891146 0.171354 0.038542 0.019792
0 0.080729 0.841146 0.051042 0.040625
0 0.294271 0.135417 0.032292 0.052083
0 0.767708 0.468750 0.022917 0.043750
0 0.629167 0.529167 0.045833 0.022917
0 0.829688 0.083333 0.042708 0.039583
0 0.895833 0.672917 0.043750 0.045833
0 0.157292 0.948958 0.037500 0.043750
0 0.865625 0.357292 0.037500 0.035417
0 0.207292 0.569792 0.039583 0.022917
0 0.761458 0.942187 0.043750 0.026042
0 0.686979 0.175521 0.055208 0.048958
0 0.529687 0.818750 0.046875 0.045833
0 0.927604 0.560417 0.044792 0.052083
0 0.278125 0.211979 0.041667 0.055208
0 0.261458 0.733854 0.054167 0.046875
0 0.939063 0.366146 0.048958 0.046875
0 0.223958 0.266667 0.031250 0.050000
0 0.316667 0.927604 0.050000 0.053125
0 0.681250 0.743229 0.050000 0.034375
0 0.343750 0.714583 0.029167 0.045833
0 0.890104 0.823438 0.055208 0.048958
0 0.109375 0.575000 0.052083 0.041667
0 0.812500 0.086979 0.041667 0.044792
0 0.284375 0.600000 0.047917 0.050000
0 0.644271 0.419792 0.038542 0.031250
0 0.692708 0.326562 0.033333 0.040625
0 0.489063 0.569792 0.038542 0.022917
0 0.075000 0.510417 0.043750 0.025000
0 0.829688 0.850521 0.036458 0.040625
0 0.639062 0.839583 0.044792 0.052083
0 0.225521 0.332292 0.042708 0.037500
0 0.623437 0.834375 0.048958 0.039583
0 0.704167 0.084375 0.027083 0.037500
0 0.157292 0.442708 0.020833 0.035417
0 0.560937 0.867188 0.040625 0.055208
0 0.823958 0.811979 0.029167 0.040625
0 0.873958 0.896354 0.054167 0.038542
0 0.254167 0.307812 0.031250 0.053125
0 0.564063 0.880208 0.038542 0.029167
0 0.369792 0.097917 0.052083 0.045833
0 0.086979 0.307812 0.038542 0.023958
0 0.414583 0.148958 0.037500 0.022917
0 0.731250 0.436458 0.039583 0.020833
0 0.843229 0.441146 0.051042 0.026042
0 0.507292 0.511458 0.025000 0.043750
0 0.439583 0.513542 0.035417 0.043750
0 0.622917 0.741146 0.045833 0.036458
0 0.072396 0.448958 0.019792 0.039583
0 0.683333 0.955208 0.047917 0.050000
0 0.532813 0.741667 0.044792 0.033333
0 0.355729 0.142708 0.023958 0.041667
0 0.404687 0.337500 0.046875 0.045833
0 0.271875 0.261979 0.041667 0.044792
0 0.928125 0.812500 0.029167 0.037500
0 0.477604 0.357292 0.021875 0.037500
0 0.686458 0.407292 0.025000 0.039583
0 0.065625 0.384896 0.025000 0.038542
0 0.226042 0.785937 0.045833 0.032292
0 0.897396 0.711979 0.042708 0.044792
0 0.535937 0.505729 0.044792 0.055208
0 0.323958 0.606771 0.043750 0.040625
0 0.504167 0.523438 0.043750 0.032292
0 0.470833 0.339583 0.037500 0.018750
0 0.713542 0.688021 0.031250 0.044792
0 0.892708 0.892188 0.027083 0.046875
0 0.912500 0.822396 0.045833 0.026042
0 0.228125 0.939583 0.037500 0.033333
0 0.453125 0.350521 0.045833 0.055208
0 0.697396 0.275000 0.036458 0.047917
0 0.405208 0.384896 0.027083 0.051042
0 0.868750 0.640104 0.039583 0.038542
0 0.466667 0.626042 0.035417 0.043750
0 0.583854 0.928125 0.042708 0.031250
0 0.263542 0.729688 0.035417 0.044792
0 0.542708 0.229687 0.045833 0.036458
0 0.807813 0.599479 0.053125 0.051042
0 0.855729 0.855208 0.051042 0.029167
0 0.543229 0.722396 0.021875 0.042708
0 0.621875 0.265104 0.045833 0.048958
0 0.161458 0.800521 0.054167 0.036458
0 0.451562 0.695312 0.038542 0.023958
0 0.742188 0.095312 0.023958 0.040625
0 0.803646 0.196875 0.044792 0.025000
0 0.460938 0.909896 0.040625 0.032292
0 0.656771 0.097396 0.051042 0.053125
0 0.115104 0.147396 0.038542 0.040625
0 0.615625 0.433854 0.052083 0.030208
0 0.599479 0.950521 0.040625 0.055208
0 0.306771 0.453125 0.034375 0.043750
0 0.097917 0.516667 0.041667 0.031250
0 0.739062 0.817708 0.040625 0.047917
0 0.128646 0.659375 0.042708 0.025000
0 0.901563 0.893750 0.051042 0.050000
0 0.193750 0.441667 0.047917 0.035417
0 0.677604 0.295312 0.042708 0.023958
0 0.380729 0.715625 0.032292 0.047917
0 0.177083 0.302604 0.043750 0.040625
0 0.707292 0.961979 0.043750 0.032292
0 0.830208 0.593229 0.041667 0.044792
0 0.786979 0.445312 0.044792 0.051042
0 0.303646 0.781250 0.042708 0.054167
0 0.167187 0.305208 0.042708 0.037500
0 0.890625 0.304167 0.035417 0.037500
0 0.373437 0.765625 0.040625 0.054167
0 0.669792 0.446875 0.043750 0.033333
0 0.192708 0.665104 0.022917 0.038542
0 0.438021 0.285417 0.046875 0.029167
0 0.272917 0.767188 0.039583 0.030208
0 0.783333 0.742708 0.020833 0.035417
0 0.599479 0.121354 0.038542 0.051042
0 0.566146 0.130729 0.055208 0.044792
0 0.376042 0.638021 0.047917 0.044792
0 0.355208 0.822396 0.039583 0.030208
0 0.297917 0.645312 0.025000 0.042708
0 0.174479 0.243750 0.038542 0.029167
0 0.792188 0.253646 0.051042 0.055208
0 0.330729 0.834896 0.021875 0.038542
0 0.785417 0.642188 0.039583 0.055208
0 0.131250 0.767708 0.041667 0.047917
0 0.339062 0.478646 0.034375 0.040625
0 0.213021 0.544792 0.038542 0.031250
0 0.565625 0.177604 0.039583 0.038542
0 0.955729 0.123958 0.038542 0.031250
0 0.569792 0.180729 0.050000 0.053125
0 0.407813 0.351042 0.026042 0.041667
0 0.754167 0.771875 0.027083 0.041667
0 0.696875 0.611458 0.047917 0.039583
0 0.547396 0.297917 0.040625 0.052083
0 0.188021 0.783333 0.032292 0.047917
0 0.403125 0.518750 0.035417 0.047917
0 0.369792 0.465104 0.047917 0.046875
0 0.300521 0.429167 0.053125 0.037500
0 0.175521 0.736458 0.036458 0.043750
0 0.289583 0.885417 0.027083 0.037500
0 0.121875 0.398438 0.054167 0.048958
0 0.560937 0.754167 0.040625 0.041667
0 0.551562 0.422396 0.038542 0.023958
0 0.595313 0.480729 0.038542 0.040625
0 0.557292 0.179688 0.043750 0.048958
0 0.791667 0.233854 0.054167 0.044792
0 0.435937 0.864583 0.042708 0.031250
0 0.146354 0.514062 0.032292 0.053125
0 0.119792 0.428125 0.039583 0.020833
0 0.348958 0.501563 0.052083 0.032292
0 0.685417 0.400521 0.029167 0.046875
0 0.750521 0.137500 0.040625 0.047917
0 0.609375 0.460938 0.039583 0.044792
0 0.814583 0.622917 0.039583 0.025000
0 0.883854 0.555208 0.046875 0.045833
0 0.832812 0.609375 0.038542 0.029167
0 0.918750 0.200521 0.022917 0.040625
0 0.848958 0.076563 0.047917 0.046875
0 0.852083 0.401562 0.041667 0.048958
0 0.732292 0.663542 0.041667 0.047917
0 0.845313 0.201042 0.048958 0.035417
0 0.487500 0.348438 0.037500 0.023958
0 0.451562 0.167187 0.038542 0.038542
0 0.104167 0.293750 0.029167 0.041667
0 0.790104 0.797396 0.042708 0.055208
0 0.281771 0.313021 0.038542 0.046875
0 0.561979 0.881771 0.042708 0.021875
0 0.281250 0.754167 0.035417 0.047917
0 0.890625 0.309896 0.052083 0.051042
0 0.275000 0.821875 0.033333 0.052083
0 0.957812 0.495312 0.044792 0.055208
0 0.897917 0.367708 0.039583 0.041667
0 0.549479 0.896354 0.026042 0.046875
0 0.936458 0.642188 0.043750 0.040625
0 0.780729 0.846875 0.046875 0.043750
0 0.684375 0.607292 0.033333 0.043750
0 0.918750 0.768229 0.045833 0.023958
0 0.504687 0.727604 0.048958 0.046875
0 0.707812 0.151042 0.034375 0.052083
0 0.131771 0.198958 0.038542 0.025000
0 0.174479 0.113021 0.051042 0.044792
0 0.620833 0.270313 0.043750 0.055208
0 0.080208 0.195312 0.045833 0.028125
0 0.248958 0.766667 0.037500 0.025000
0 0.495312 0.668229 0.028125 0.044792
0 0.438021 0.790625 0.021875 0.041667
0 0.277604 0.320833 0.042708 0.047917
0 0.508854 0.482812 0.040625 0.034375
0 0.834896 0.603125 0.036458 0.047917
0 0.642708 0.936458 0.041667 0.047917
0 0.395313 0.810417 0.053125 0.041667