0 0.528125 0.153646 0.045833 0.036458
0 0.184896 0.440625 0.048958 0.039583
0 0.489583 0.946354 0.039583 0.034375
0 0.479687 0.148958 0.019792 0.039583
0 0.678646 0.159375 0.038542 0.047917
0 0.755729 0.870313 0.046875 0.032292
0 0.713021 0.952083 0.038542 0.052083
0 0.138021 0.728125 0.038542 0.052083
0 0.125000 0.939063 0.054167 0.046875
0 0.434896 0.473958 0.044792 0.033333
0 0.703646 0.530208 0.038542 0.025000
0 0.340625 0.222917 0.039583 0.025000
0 0.095833 0.269792 0.052083 0.047917
0 0.270833 0.904687 0.037500 0.038542
0 0.755729 0.585938 0.038542 0.046875
0 0.490104 0.138542 0.051042 0.047917
0 0.145313 0.929167 0.053125 0.039583
0 0.648958 0.573958 0.041667 0.047917
0 0.725000 0.251042 0.018750 0.035417
0 0.366667 0.412500 0.035417 0.047917
0 0.490104 0.148958 0.038542 0.031250
0 0.809375 0.719792 0.035417 0.037500
0 0.797917 0.646354 0.054167 0.048958
0 0.332813 0.830729 0.051042 0.044792
0 0.154688 0.455208 0.046875 0.027083
0 0.710417 0.942708 0.039583 0.041667
0 0.186979 0.620313 0.051042 0.036458
0 0.264062 0.723437 0.034375 0.046875
0 0.293229 0.822396 0.040625 0.026042
0 0.767188 0.132812 0.051042 0.030208
0 0.499479 0.734896 0.036458 0.055208
0 0.579167 0.417708 0.047917 0.037500
0 0.781250 0.316146 0.047917 0.048958
0 0.629687 0.322396 0.034375 0.046875
0 0.327083 0.879167 0.041667 0.025000
0 0.903125 0.929167 0.027083 0.037500
0 0.549479 0.800521 0.038542 0.038542
0 0.571875 0.901563 0.039583 0.026042
0 0.759375 0.269792 0.033333 0.037500
0 0.240625 0.262500 0.027083 0.047917
0 0.596354 0.383854 0.048958 0.030208
0 0.569271 0.182292 0.021875 0.037500
0 0.902083 0.334896 0.045833 0.026042
0 0.528125 0.444792 0.037500 0.027083
0 0.779167 0.383854 0.045833 0.038542
0 0.082292 0.082812 0.025000 0.042708
0 0.525000 0.329167 0.043750 0.033333
0 0.514583 0.604167 0.025000 0.037500
0 0.429688 0.186458 0.038542 0.025000
0 0.296354 0.284896 0.040625 0.028125
0 0.498437 0.133333 0.048958 0.035417
0 0.607812 0.275521 0.048958 0.046875
0 0.696875 0.221875 0.041667 0.052083
0 0.370312 0.835417 0.048958 0.041667
0 0.733854 0.343750 0.036458 0.020833
0 0.705208 0.573438 0.039583 0.055208
0 0.766146 0.329167 0.038542 0.033333
0 0.564063 0.141667 0.030208 0.050000
0 0.357812 0.867188 0.046875 0.055208
0 0.747396 0.184375 0.048958 0.052083
0 0.728646 0.914062 0.040625 0.023958
0 0.852083 0.286458 0.050000 0.029167
0 0.265104 0.668750 0.042708 0.047917
0 0.943750 0.862500 0.037500 0.047917
0 0.855729 0.943229 0.040625 0.032292
0 0.741667 0.494792 0.035417 0.037500
0 0.289062 0.074479 0.044792 0.021875
0 0.561979 0.676562 0.034375 0.040625
0 0.727083 0.408333 0.029167 0.037500
0 0.738542 0.141667 0.045833 0.043750
0 0.224479 0.480208 0.038542 0.033333
0 0.903125 0.421354 0.039583 0.032292
0 0.355729 0.658333 0.048958 0.052083
0 0.880208 0.183854 0.039583 0.038542
0 0.698958 0.258333 0.035417 0.037500
0 0.167187 0.635938 0.026042 0.051042
0 0.575521 0.654687 0.042708 0.051042
0 0.383333 0.850000 0.033333 0.043750
0 0.564583 0.415104 0.047917 0.028125
0 0.131771 0.172917 0.030208 0.047917
0 0.312500 0.233854 0.039583 0.026042
0 0.876563 0.547917 0.030208 0.039583
0 0.361979 0.351042 0.051042 0.050000
0 0.930208 0.220312 0.054167 0.048958
0 0.728646 0.797396 0.055208 0.038542
0 0.451562 0.788021 0.038542 0.019792
0 0.930208 0.164062 0.031250 0.040625
0 0.551562 0.409375 0.042708 0.027083
0 0.747917 0.842708 0.037500 0.033333
0 0.401042 0.795312 0.039583 0.028125
0 0.744271 0.332813 0.032292 0.040625
0 0.378646 0.318229 0.048958 0.030208
0 0.677604 0.103125 0.028125 0.043750
0 0.575521 0.703125 0.038542 0.029167
0 0.831250 0.504687 0.031250 0.051042
0 0.347917 0.104167 0.027083 0.041667
0 0.436458 0.424479 0.050000 0.053125
0 0.316667 0.796354 0.045833 0.048958
0 0.563021 0.269271 0.036458 0.055208
0 0.969271 0.364583 0.048958 0.039583
0 0.196875 0.115625 0.025000 0.041667
0 0.289062 0.931771 0.030208 0.040625
0 0.540104 0.895833 0.036458 0.037500
0 0.331771 0.472917 0.040625 0.054167
0 0.875521 0.181250 0.044792 0.047917
0 0.877083 0.836979 0.045833 0.048958
0 0.395313 0.629167 0.034375 0.047917
0 0.281771 0.640625 0.038542 0.033333
0 0.491667 0.659375 0.052083 0.043750
0 0.296875 0.425521 0.043750 0.042708
0 0.216667 0.103125 0.027083 0.041667
0 0.611979 0.413021 0.053125 0.051042
0 0.825521 0.198437 0.028125 0.046875
0 0.259896 0.369792 0.042708 0.039583
0 0.603646 0.577604 0.046875 0.048958
0 0.356250 0.561979 0.054167 0.042708
0 0.441667 0.839583 0.039583 0.041667
0 0.576562 0.427604 0.048958 0.055208
0 0.190104 0.574479 0.048958 0.055208
0 0.419792 0.325000 0.041667 0.029167
0 0.257812 0.930729 0.028125 0.040625
0 0.950000 0.728646 0.039583 0.034375
0 0.458333 0.527604 0.039583 0.038542
0 0.069271 0.136458 0.019792 0.037500
0 0.935937 0.407292 0.051042 0.050000
0 0.216146 0.830208 0.044792 0.025000
0 0.153646 0.447396 0.055208 0.042708
0 0.158854 0.175521 0.038542 0.046875
0 0.289583 0.566146 0.050000 0.042708
0 0.620313 0.743229 0.028125 0.046875
0 0.756771 0.546354 0.038542 0.023958
0 0.133854 0.388021 0.040625 0.046875
0 0.536979 0.382812 0.055208 0.051042
0 0.121875 0.320312 0.052083 0.030208
0 0.832812 0.541667 0.042708 0.054167
0 0.225000 0.116667 0.020833 0.035417
0 0.653125 0.910937 0.054167 0.038542
0 0.130729 0.301563 0.044792 0.030208
0 0.777604 0.290625 0.044792 0.047917
0 0.132812 0.942708 0.038542 0.022917
0 0.615104 0.237500 0.042708 0.027083
0 0.158854 0.948438 0.046875 0.034375
0 0.148958 0.579688 0.027083 0.048958
0 0.547917 0.452083 0.037500 0.047917
0 0.752083 0.740625 0.045833 0.043750
0 0.534375 0.871875 0.020833 0.039583
0 0.522917 0.284896 0.033333 0.048958
0 0.725521 0.957812 0.028125 0.040625
0 0.233854 0.468750 0.042708 0.047917
0 0.341667 0.719792 0.037500 0.043750
0 0.645312 0.736458 0.034375 0.039583
0 0.938021 0.131771 0.051042 0.042708
0 0.832292 0.905729 0.052083 0.032292
0 0.939583 0.760417 0.035417 0.037500
0 0.255208 0.960938 0.029167 0.051042
0 0.418750 0.263542 0.041667 0.052083
0 0.545833 0.411458 0.052083 0.035417
0 0.933333 0.148958 0.047917 0.027083
0 0.719271 0.242188 0.055208 0.048958
0 0.827604 0.191146 0.044792 0.040625
0 0.161979 0.603646 0.042708 0.051042
0 0.270833 0.409896 0.045833 0.036458
0 0.321875 0.902083 0.052083 0.037500
0 0.261458 0.805208 0.052083 0.045833
0 0.149479 0.759896 0.048958 0.055208
0 0.317708 0.458854 0.033333 0.040625
0 0.961979 0.966667 0.051042 0.050000
0 0.071875 0.430208 0.027083 0.047917
0 0.896354 0.169792 0.048958 0.039583
0 0.642708 0.465625 0.041667 0.047917
0 0.844792 0.859896 0.045833 0.055208
0 0.828646 0.661979 0.040625 0.051042
0 0.477604 0.810417 0.032292 0.047917
0 0.360417 0.068229 0.041667 0.032292
0 0.785417 0.813021 0.035417 0.044792
0 0.906250 0.892708 0.031250 0.050000
0 0.765104 0.475521 0.040625 0.038542
0 0.721354 0.763021 0.048958 0.046875
0 0.641146 0.475000 0.036458 0.043750
0 0.313542 0.518750 0.039583 0.020833
0 0.286979 0.464583 0.046875 0.043750
0 0.671875 0.682813 0.050000 0.028125
0 0.158333 0.204687 0.047917 0.046875
0 0.773958 0.602083 0.050000 0.047917
0 0.085417 0.545312 0.041667 0.048958
0 0.215104 0.600000 0.038542 0.025000
0 0.393229 0.409896 0.046875 0.023958
0 0.209896 0.960417 0.044792 0.037500
0 0.333854 0.801042 0.053125 0.045833
0 0.083854 0.268750 0.038542 0.027083
0 0.625000 0.192708 0.025000 0.041667
0 0.507292 0.111458 0.029167 0.050000
0 0.754687 0.157812 0.036458 0.040625
0 0.290104 0.310417 0.038542 0.035417
0 0.714063 0.307812 0.048958 0.046875
0 0.244271 0.406771 0.044792 0.042708
0 0.503125 0.292708 0.047917 0.035417
0 0.163021 0.087500 0.040625 0.022917
0 0.901042 0.368229 0.041667 0.048958
0 0.679167 0.296875 0.043750 0.035417
0 0.817708 0.961458 0.035417 0.037500
0 0.591146 0.889583 0.044792 0.052083
0 0.373437 0.396354 0.040625 0.026042
0 0.195833 0.830729 0.041667 0.042708
0 0.831250 0.813542 0.031250 0.041667
0 0.552604 0.393229 0.055208 0.046875
0 0.902604 0.296354 0.032292 0.040625
0 0.519792 0.428125 0.022917 0.037500
0 0.368750 0.610938 0.045833 0.048958
0 0.132812 0.416667 0.040625 0.052083
0 0.297396 0.616667 0.046875 0.045833
0 0.582812 0.515625 0.036458 0.047917
0 0.605729 0.921875 0.044792 0.033333
0 0.147396 0.180208 0.046875 0.045833
0 0.934375 0.364583 0.047917 0.039583
0 0.097917 0.829688 0.037500 0.044792
0 0.927604 0.817187 0.046875 0.048958
0 0.815104 0.961458 0.021875 0.039583
0 0.946875 0.206250 0.035417 0.020833
0 0.722396 0.575000 0.048958 0.035417
0 0.711458 0.082812 0.029167 0.046875
0 0.105729 0.508854 0.051042 0.055208
0 0.516667 0.308333 0.043750 0.052083
0 0.591146 0.213542 0.026042 0.047917
0 0.651563 0.425521 0.055208 0.046875
0 0.508854 0.161458 0.048958 0.035417
0 0.602083 0.586458 0.045833 0.045833
0 0.684896 0.928125 0.019792 0.039583
0 0.905208 0.598958 0.047917 0.037500
0 0.206771 0.275000 0.034375 0.052083
0 0.904167 0.314583 0.047917 0.037500
0 0.271354 0.591146 0.044792 0.026042
0 0.597396 0.871875 0.042708 0.037500
0 0.514583 0.670312 0.033333 0.044792
0 0.267188 0.782292 0.046875 0.052083
0 0.963542 0.193229 0.045833 0.032292
0 0.416146 0.868229 0.034375 0.040625
0 0.398438 0.484375 0.046875 0.029167
0 0.191146 0.926562 0.038542 0.051042
0 0.364063 0.636458 0.042708 0.027083
0 0.686458 0.815625 0.037500 0.031250
0 0.784375 0.328646 0.054167 0.042708
0 0.847917 0.858854 0.045833 0.034375
0 0.496354 0.541667 0.048958 0.033333
0 0.711458 0.469792 0.037500 0.047917
0 0.506771 0.411979 0.032292 0.040625
0 0.921354 0.575521 0.040625 0.023958
0 0.197396 0.750521 0.044792 0.040625
0 0.117708 0.748437 0.047917 0.046875
0 0.254688 0.087500 0.034375 0.039583
0 0.584896 0.858333 0.034375 0.052083
0 0.498437 0.654167 0.051042 0.050000
0 0.279167 0.442188 0.050000 0.044792
0 0.864062 0.642708 0.036458 0.037500
0 0.938021 0.829167 0.042708 0.031250
0 0.730208 0.313021 0.052083 0.032292
0 0.117708 0.926562 0.031250 0.040625
0 0.586458 0.385937 0.039583 0.044792
0 0.882812 0.918229 0.038542 0.055208
0 0.872917 0.618229 0.047917 0.030208
0 0.596875 0.908333 0.041667 0.025000
0 0.458333 0.831250 0.035417 0.037500
0 0.183333 0.482812 0.033333 0.044792
0 0.672396 0.670833 0.051042 0.050000
0 0.647917 0.815625 0.037500 0.018750
0 0.460417 0.641667 0.018750 0.035417
0 0.431771 0.867708 0.036458 0.043750
0 0.278646 0.309375 0.042708 0.037500
0 0.669271 0.397396 0.036458 0.040625
0 0.533333 0.939583 0.037500 0.047917
0 0.301563 0.557292 0.044792 0.033333
0 0.648438 0.891667 0.046875 0.029167
0 0.804688 0.413021 0.036458 0.055208
0 0.633854 0.164583 0.038542 0.043750
0 0.813021 0.214583 0.040625 0.041667
0 0.860938 0.658854 0.034375 0.046875
0 0.511458 0.254688 0.037500 0.038542
0 0.267188 0.411979 0.044792 0.040625
0 0.397917 0.690625 0.050000 0.050000
0 0.479167 0.560417 0.047917 0.033333
0 0.765104 0.175521 0.046875 0.048958
0 0.883333 0.304167 0.045833 0.043750
0 0.704167 0.672917 0.039583 0.052083
0 0.120313 0.641146 0.038542 0.046875
0 0.272396 0.108333 0.034375 0.043750
0 0.471875 0.831250 0.050000 0.050000
0 0.165104 0.494271 0.046875 0.048958
0 0.250521 0.737500 0.036458 0.047917
0 0.156771 0.347396 0.040625 0.019792
0 0.753646 0.541667 0.046875 0.052083
0 0.079167 0.214583 0.047917 0.052083
0 0.222917 0.689063 0.039583 0.026042
0 0.713021 0.859375 0.044792 0.035417
0 0.386458 0.751042 0.047917 0.037500
0 0.300000 0.163542 0.039583 0.052083
0 0.372396 0.684896 0.042708 0.055208
0 0.322917 0.264062 0.052083 0.032292
0 0.485938 0.201042 0.040625 0.043750
0 0.880729 0.422917 0.048958 0.052083
0 0.794271 0.819792 0.026042 0.039583
0 0.572917 0.750521 0.029167 0.046875
0 0.475521 0.826042 0.051042 0.029167
0 0.822396 0.235417 0.038542 0.052083
0 0.903646 0.877604 0.036458 0.046875
0 0.399479 0.876042 0.048958 0.039583
0 0.805729 0.105208 0.042708 0.047917
0 0.306771 0.765625 0.036458 0.037500
0 0.697396 0.833854 0.040625 0.034375
0 0.799479 0.885417 0.040625 0.025000
0 0.841667 0.958333 0.052083 0.045833
0 0.582292 0.446354 0.022917 0.038542
0 0.770312 0.607812 0.038542 0.046875
0 0.924479 0.096354 0.046875 0.034375
0 0.270833 0.936979 0.037500 0.053125
0 0.918229 0.836458 0.053125 0.045833
0 0.259375 0.847917 0.043750 0.052083
0 0.616667 0.457292 0.041667 0.031250
0 0.421875 0.896354 0.041667 0.042708
0 0.955729 0.943229 0.048958 0.032292
0 0.579688 0.445833 0.051042 0.047917
0 0.625521 0.331771 0.038542 0.046875
0 0.608333 0.188542 0.041667 0.031250
0 0.906250 0.806771 0.027083 0.048958
0 0.066667 0.631250 0.027083 0.037500
0 0.225521 0.829688 0.040625 0.038542
0 0.191146 0.656250 0.030208 0.039583
0 0.922917 0.731250 0.052083 0.045833
0 0.775000 0.591667 0.035417 0.052083
0 0.725521 0.636458 0.032292 0.039583
0 0.155729 0.757812 0.044792 0.055208
0 0.645833 0.356250 0.039583 0.041667
0 0.771354 0.138021 0.040625 0.051042
0 0.681250 0.534375 0.043750 0.025000
0 0.612500 0.693229 0.045833 0.038542
0 0.463542 0.309896 0.031250 0.040625
0 0.640104 0.615625 0.038542 0.035417
0 0.300000 0.595833 0.029167 0.037500
0 0.684375 0.459375 0.041667 0.025000
0 0.304167 0.761458 0.039583 0.047917
0 0.748437 0.551562 0.026042 0.046875
0 0.366667 0.244792 0.047917 0.050000
0 0.443229 0.388021 0.055208 0.036458
0 0.769271 0.916667 0.036458 0.018750
0 0.856771 0.414062 0.028125 0.040625
0 0.860417 0.779167 0.031250 0.045833
0 0.405729 0.509896 0.048958 0.046875
0 0.721875 0.348958 0.029167 0.041667
0 0.125000 0.598437 0.037500 0.021875
0 0.479687 0.209375 0.048958 0.041667
0 0.951042 0.393750 0.037500 0.033333
0 0.198437 0.888021 0.055208 0.044792
0 0.557292 0.307812 0.054167 0.044792
0 0.396875 0.112500 0.041667 0.047917
0 0.262500 0.077604 0.031250 0.048958
0 0.244271 0.469792 0.053125 0.043750
0 0.199479 0.685417 0.034375 0.037500
0 0.227083 0.250000 0.050000 0.050000
0 0.513021 0.788021 0.032292 0.040625
0 0.475000 0.654687 0.039583 0.036458
0 0.840625 0.086979 0.041667 0.023958
0 0.126562 0.875000 0.028125 0.050000
0 0.901042 0.186979 0.047917 0.028125
0 0.418750 0.215625 0.029167 0.045833
0 0.080208 0.745313 0.039583 0.026042
0 0.342708 0.354687 0.045833 0.038542
0 0.454167 0.243229 0.052083 0.051042
0 0.839583 0.583333 0.041667 0.039583
0 0.546354 0.151042 0.046875 0.043750
0 0.112500 0.492708 0.047917 0.041667
0 0.892188 0.194271 0.055208 0.051042
0 0.599479 0.381250 0.023958 0.047917
0 0.584375 0.335417 0.043750 0.027083
0 0.491667 0.945833 0.041667 0.052083
0 0.391146 0.268229 0.040625 0.046875
0 0.551562 0.459375 0.048958 0.037500
0 0.485938 0.702083 0.036458 0.037500
0 0.812500 0.392708 0.045833 0.043750
0 0.697917 0.215104 0.035417 0.040625
0 0.777604 0.082812 0.040625 0.030208
0 0.163021 0.598437 0.038542 0.046875
0 0.869792 0.139583 0.045833 0.045833
0 0.689063 0.410938 0.055208 0.044792
0 0.839583 0.261458 0.045833 0.043750
0 0.388542 0.535937 0.035417 0.048958
0 0.680729 0.125521 0.053125 0.032292
0 0.772396 0.626042 0.048958 0.037500
0 0.415625 0.755729 0.045833 0.038542
0 0.766667 0.116146 0.029167 0.051042
0 0.905729 0.881771 0.032292 0.053125
0 0.836979 0.809375 0.032292 0.052083
0 0.730729 0.088021 0.034375 0.040625
0 0.502604 0.100521 0.040625 0.028125
0 0.693750 0.600521 0.041667 0.042708
0 0.856771 0.476042 0.046875 0.031250
0 0.627083 0.741146 0.029167 0.051042
0 0.963021 0.930208 0.038542 0.018750
0 0.063542 0.839583 0.018750 0.035417
0 0.443229 0.466146 0.026042 0.046875
0 0.955729 0.641146 0.044792 0.040625
0 0.269271 0.740104 0.036458 0.051042
0 0.190625 0.519271 0.052083 0.051042
0 0.665104 0.615625 0.048958 0.035417
0 0.850521 0.818750 0.038542 0.033333
0 0.428125 0.326562 0.035417 0.040625
0 0.543750 0.345313 0.054167 0.048958
0 0.439583 0.283854 0.035417 0.040625
0 0.876042 0.215625 0.035417 0.037500
0 0.778125 0.865104 0.020833 0.040625
0 0.073958 0.928125 0.031250 0.043750
0 0.085417 0.215104 0.052083 0.051042
0 0.285417 0.939063 0.031250 0.048958
0 0.611458 0.448958 0.033333 0.037500
0 0.353646 0.282813 0.038542 0.021875
0 0.913542 0.166667 0.037500 0.035417
0 0.097396 0.394271 0.048958 0.048958
0 0.518750 0.156250 0.029167 0.045833
0 0.140104 0.236458 0.046875 0.043750
0 0.780729 0.658333 0.021875 0.037500
0 0.637500 0.698438 0.039583 0.038542
0 0.726042 0.487500 0.037500 0.027083
0 0.918229 0.239063 0.044792 0.048958
0 0.189583 0.462500 0.039583 0.022917
0 0.138542 0.083854 0.052083 0.051042
0 0.100000 0.397917 0.041667 0.047917
0 0.342187 0.939583 0.038542 0.031250
0 0.970313 0.486979 0.051042 0.044792
0 0.286458 0.301563 0.039583 0.036458
0 0.435937 0.731771 0.044792 0.042708
0 0.525521 0.242708 0.048958 0.027083
0 0.541667 0.158854 0.037500 0.044792
0 0.703125 0.684896 0.039583 0.053125
0 0.753646 0.542708 0.036458 0.043750
0 0.120313 0.224479 0.026042 0.040625
0 0.568229 0.216667 0.051042 0.031250
0 0.595833 0.168750 0.047917 0.037500
0 0.573438 0.937500 0.042708 0.029167
0 0.397917 0.320312 0.045833 0.038542
0 0.120833 0.780208 0.052083 0.045833
0 0.389062 0.128125 0.026042 0.039583
0 0.766146 0.307292 0.036458 0.018750
0 0.852604 0.719271 0.048958 0.046875
0 0.941146 0.878125 0.044792 0.033333
0 0.784896 0.094271 0.032292 0.040625
0 0.346875 0.578125 0.043750 0.022917
0 0.230729 0.163021 0.055208 0.040625
0 0.477604 0.683333 0.053125 0.047917
0 0.949479 0.077083 0.023958 0.041667
0 0.073958 0.598437 0.037500 0.021875
0 0.747396 0.242708 0.034375 0.039583
0 0.939063 0.490104 0.026042 0.046875
0 0.184896 0.283333 0.032292 0.043750
0 0.743750 0.488542 0.041667 0.037500
0 0.511458 0.257812 0.037500 0.053125
0 0.655729 0.896354 0.040625 0.030208
0 0.830729 0.974479 0.053125 0.053125
0 0.487500 0.728646 0.027083 0.051042
0 0.800521 0.214583 0.026042 0.039583
0 0.182292 0.750521 0.050000 0.044792
0 0.516146 0.894792 0.038542 0.043750
0 0.280729 0.208333 0.042708 0.039583
0 0.267708 0.173958 0.041667 0.025000
0 0.663021 0.665104 0.030208 0.040625
0 0.307812 0.485417 0.038542 0.025000
0 0.556250 0.233854 0.045833 0.034375
0 0.226042 0.318750 0.041667 0.037500
0 0.293750 0.678646 0.037500 0.048958
0 0.652083 0.414062 0.054167 0.036458
0 0.845833 0.378125 0.037500 0.027083
0 0.472917 0.425000 0.043750 0.045833
0 0.623958 0.295312 0.050000 0.053125
0 0.656771 0.872917 0.038542 0.029167
0 0.581250 0.226562 0.039583 0.023958
0 0.289062 0.509896 0.044792 0.040625
0 0.405729 0.349479 0.048958 0.032292
0 0.852604 0.936458 0.038542 0.033333
0 0.725521 0.678125 0.051042 0.050000
0 0.147396 0.688542 0.030208 0.047917
0 0.839063 0.884375 0.038542 0.031250
0 0.293229 0.281771 0.032292 0.040625
0 0.898438 0.552604 0.048958 0.030208
0 0.413542 0.431771 0.039583 0.044792
0 0.841667 0.182812 0.039583 0.030208
0 0.601042 0.310417 0.031250 0.050000
0 0.132292 0.652604 0.047917 0.053125
0 0.286458 0.393750 0.018750 0.035417
0 0.300521 0.797917 0.038542 0.035417
0 0.108333 0.263542 0.020833 0.039583
0 0.086458 0.205729 0.039583 0.055208
0 0.383333 0.571875 0.022917 0.043750
0 0.258333 0.802604 0.037500 0.019792
0 0.241146 0.662500 0.053125 0.043750
0 0.731250 0.471354 0.039583 0.030208
0 0.413021 0.359896 0.040625 0.023958
0 0.326562 0.650521 0.032292 0.040625
0 0.308854 0.764062 0.023958 0.038542
0 0.966667 0.300000 0.041667 0.052083
0 0.762500 0.558333 0.037500 0.022917
0 0.749479 0.183854 0.040625 0.023958
0 0.591667 0.952083 0.043750 0.035417
0 0.649479 0.525000 0.034375 0.043750
0 0.577083 0.140104 0.047917 0.046875
0 0.156250 0.422396 0.039583 0.053125
0 0.208333 0.413542 0.035417 0.037500
0 0.972396 0.472917 0.053125 0.041667
0 0.952604 0.552604 0.048958 0.046875
0 0.233854 0.482292 0.042708 0.037500
0 0.292708 0.191146 0.039583 0.028125
0 0.119271 0.475521 0.038542 0.046875
0 0.549479 0.701562 0.046875 0.048958
0 0.799479 0.481771 0.036458 0.055208
0 0.245833 0.249479 0.037500 0.044792
0 0.298958 0.331771 0.043750 0.042708
0 0.939063 0.648958 0.019792 0.035417
0 0.467708 0.240625 0.037500 0.025000
0 0.956771 0.731250 0.032292 0.052083
0 0.139063 0.270313 0.051042 0.053125
0 0.789062 0.625521 0.044792 0.028125
0 0.932813 0.232813 0.038542 0.021875
0 0.475000 0.846354 0.045833 0.038542
0 0.930729 0.171354 0.038542 0.051042
0 0.091146 0.172917 0.044792 0.047917
0 0.965104 0.553646 0.046875 0.038542
0 0.946875 0.084896 0.031250 0.048958
0 0.208333 0.329688 0.035417 0.040625
0 0.090625 0.131771 0.045833 0.032292
0 0.499479 0.443229 0.036458 0.040625
0 0.335417 0.719271 0.033333 0.044792
0 0.136979 0.420833 0.048958 0.050000
0 0.080729 0.119792 0.030208 0.039583
0 0.215104 0.945833 0.042708 0.047917
0 0.367188 0.134896 0.040625 0.051042
0 0.317188 0.265625 0.038542 0.033333
0 0.154688 0.805729 0.044792 0.042708
0 0.141667 0.747917 0.020833 0.035417
0 0.215625 0.304688 0.039583 0.053125
0 0.804167 0.850521 0.029167 0.040625
0 0.856250 0.629687 0.050000 0.040625
0 0.222917 0.095833 0.045833 0.029167
0 0.414062 0.288542 0.046875 0.045833
0 0.869792 0.913021 0.043750 0.055208
0 0.319792 0.716146 0.027083 0.051042
0 0.638542 0.325521 0.050000 0.038542
0 0.518750 0.102083 0.041667 0.039583
0 0.335417 0.271354 0.041667 0.044792
0 0.413542 0.391667 0.045833 0.052083
0 0.705729 0.753125 0.044792 0.052083
0 0.623437 0.877604 0.055208 0.051042
0 0.197396 0.088542 0.023958 0.037500
0 0.739062 0.954688 0.040625 0.030208
0 0.120833 0.779687 0.045833 0.036458
0 0.687500 0.943750 0.047917 0.037500
0 0.709375 0.543750 0.052083 0.033333
0 0.776563 0.197396 0.038542 0.040625
0 0.752083 0.570833 0.033333 0.037500
0 0.514062 0.862500 0.048958 0.027083
0 0.693229 0.966667 0.040625 0.047917
0 0.861979 0.520833 0.046875 0.029167
0 0.523958 0.126562 0.050000 0.040625
0 0.957812 0.572917 0.053125 0.043750