0 0.229687 0.629687 0.021875 0.038542
0 0.352604 0.325521 0.038542 0.040625
0 0.301563 0.147917 0.042708 0.029167
0 0.268750 0.436979 0.037500 0.053125
0 0.149479 0.521354 0.036458 0.051042
0 0.782292 0.932813 0.037500 0.053125
0 0.545312 0.211979 0.048958 0.046875
0 0.683854 0.453125 0.038542 0.027083
0 0.460417 0.714063 0.050000 0.042708
0 0.391146 0.955729 0.048958 0.046875
0 0.280208 0.421875 0.037500 0.041667
0 0.160417 0.772396 0.039583 0.055208
0 0.383333 0.360938 0.039583 0.036458
0 0.942708 0.504167 0.035417 0.020833
0 0.541667 0.274479 0.025000 0.038542
0 0.872396 0.101562 0.042708 0.023958
0 0.627083 0.578125 0.035417 0.043750
0 0.885417 0.345313 0.045833 0.036458
0 0.080729 0.446354 0.051042 0.053125
0 0.263542 0.157292 0.050000 0.047917
0 0.823958 0.208854 0.037500 0.048958
0 0.680208 0.593229 0.039583 0.036458
0 0.898438 0.188542 0.046875 0.043750
0 0.689063 0.346875 0.042708 0.025000
0 0.543229 0.326042 0.028125 0.039583
0 0.789583 0.350521 0.045833 0.055208
0 0.843750 0.173437 0.041667 0.055208
0 0.379688 0.397396 0.044792 0.051042
0 0.277604 0.697917 0.040625 0.041667
0 0.516667 0.484375 0.029167 0.045833
0 0.113542 0.122917 0.022917 0.039583
0 0.775521 0.251042 0.042708 0.039583
0 0.373958 0.368229 0.047917 0.028125
0 0.607812 0.728646 0.034375 0.046875
0 0.259896 0.571354 0.038542 0.046875
0 0.290104 0.222917 0.030208 0.043750
0 0.188542 0.128646 0.050000 0.028125
0 0.858333 0.204687 0.052083 0.053125
0 0.376042 0.225000 0.035417 0.043750
0 0.566667 0.794271 0.054167 0.044792
0 0.777604 0.698438 0.042708 0.055208
0 0.947917 0.596875 0.027083 0.037500
0 0.081250 0.803125 0.037500 0.027083
0 0.160938 0.414062 0.044792 0.026042
0 0.305208 0.777083 0.035417 0.022917
0 0.253125 0.090625 0.041667 0.039583
0 0.720833 0.801562 0.033333 0.053125
0 0.287500 0.642188 0.045833 0.048958
0 0.760938 0.681250 0.040625 0.047917
0 0.959896 0.925000 0.036458 0.037500
0 0.945312 0.890104 0.046875 0.048958
0 0.532813 0.591667 0.038542 0.035417
0 0.614583 0.806771 0.043750 0.026042
0 0.710417 0.479167 0.037500 0.029167
0 0.959896 0.482812 0.042708 0.044792
0 0.140625 0.162500 0.050000 0.029167
0 0.602083 0.480729 0.041667 0.044792
0 0.721875 0.552604 0.027083 0.042708
0 0.401562 0.478125 0.051042 0.029167
0 0.531250 0.957812 0.020833 0.036458
0 0.626563 0.944271 0.051042 0.038542
0 0.080729 0.089063 0.044792 0.040625
0 0.877604 0.931250 0.044792 0.035417
0 0.088021 0.116146 0.044792 0.032292
0 0.917708 0.232292 0.041667 0.025000
0 0.810937 0.769792 0.042708 0.039583
0 0.453646 0.744792 0.051042 0.050000
0 0.155729 0.744271 0.040625 0.038542
0 0.300521 0.432812 0.040625 0.036458
0 0.357812 0.407813 0.040625 0.038542
0 0.765625 0.531771 0.035417 0.044792
0 0.564063 0.190625 0.046875 0.045833
0 0.109896 0.097396 0.034375 0.040625
0 0.625000 0.938542 0.025000 0.041667
0 0.913542 0.384375 0.052083 0.043750
0 0.243229 0.728125 0.030208 0.043750
0 0.541667 0.144271 0.027083 0.046875
0 0.971875 0.160938 0.054167 0.042708
0 0.671875 0.966667 0.047917 0.039583
0 0.504687 0.099479 0.048958 0.034375
0 0.860938 0.161979 0.048958 0.055208
0 0.632812 0.657292 0.042708 0.037500
0 0.701042 0.145833 0.035417 0.047917
0 0.500000 0.239063 0.039583 0.036458
0 0.406771 0.363542 0.032292 0.039583
0 0.325000 0.502604 0.041667 0.044792
0 0.818750 0.751563 0.022917 0.040625
0 0.354687 0.949479 0.042708 0.044792
0 0.666667 0.780729 0.031250 0.044792
0 0.129167 0.557813 0.050000 0.038542
0 0.691667 0.713542 0.041667 0.031250
0 0.748958 0.416667 0.025000 0.043750
0 0.276562 0.599479 0.038542 0.038542
0 0.490625 0.289583 0.037500 0.027083
0 0.215625 0.165104 0.039583 0.028125
0 0.703125 0.155729 0.022917 0.038542
0 0.222917 0.179688 0.039583 0.028125
0 0.368750 0.488542 0.047917 0.041667
0 0.817187 0.892708 0.038542 0.052083
0 0.150000 0.856771 0.054167 0.042708
0 0.565104 0.853125 0.034375 0.043750
0 0.965625 0.382812 0.050000 0.036458
0 0.774479 0.424479 0.040625 0.023958
0 0.494792 0.107292 0.047917 0.039583
0 0.331250 0.206771 0.045833 0.040625
0 0.922917 0.186458 0.045833 0.043750
0 0.865104 0.643750 0.038542 0.031250
0 0.573958 0.837500 0.035417 0.047917
0 0.738021 0.441146 0.051042 0.044792
0 0.638542 0.529687 0.043750 0.055208
0 0.932292 0.703125 0.047917 0.025000
0 0.874479 0.774479 0.026042 0.051042
0 0.626563 0.587500 0.034375 0.043750
0 0.248958 0.472917 0.047917 0.037500
0 0.813021 0.792708 0.040625 0.020833
0 0.727083 0.157812 0.043750 0.030208
0 0.579167 0.352083 0.037500 0.052083
0 0.793750 0.748437 0.045833 0.023958
0 0.564583 0.778646 0.039583 0.044792
0 0.660937 0.645833 0.038542 0.029167
0 0.470313 0.766146 0.026042 0.046875
0 0.741146 0.489063 0.036458 0.051042
0 0.631250 0.294792 0.047917 0.025000
0 0.180729 0.652604 0.040625 0.030208
0 0.339583 0.561458 0.031250 0.050000
0 0.634375 0.253125 0.035417 0.035417
0 0.967187 0.632292 0.038542 0.031250
0 0.388021 0.155729 0.040625 0.044792
0 0.352083 0.293750 0.037500 0.041667
0 0.616146 0.771875 0.044792 0.035417
0 0.486458 0.805729 0.054167 0.042708
0 0.803646 0.185938 0.046875 0.036458
0 0.728125 0.270313 0.050000 0.042708
0 0.211979 0.211979 0.046875 0.048958
0 0.702083 0.156250 0.045833 0.043750
0 0.472917 0.215104 0.050000 0.053125
0 0.625521 0.234375 0.048958 0.035417
0 0.815104 0.159896 0.048958 0.030208
0 0.112500 0.388542 0.041667 0.039583
0 0.292187 0.720313 0.046875 0.023958
0 0.531250 0.465104 0.045833 0.036458
0 0.194792 0.767708 0.052083 0.043750
0 0.246354 0.497917 0.046875 0.033333
0 0.239063 0.092708 0.036458 0.043750
0 0.084375 0.801042 0.037500 0.047917
0 0.327604 0.890104 0.048958 0.032292
0 0.868229 0.879167 0.036458 0.020833
0 0.255208 0.193229 0.031250 0.040625
0 0.956250 0.914583 0.031250 0.037500
0 0.276042 0.656771 0.037500 0.021875
0 0.848437 0.348958 0.026042 0.037500
0 0.560937 0.379167 0.032292 0.039583
0 0.479687 0.636979 0.048958 0.046875
0 0.678125 0.761979 0.047917 0.053125
0 0.355208 0.067708 0.050000 0.031250
0 0.715625 0.789583 0.022917 0.039583
0 0.571875 0.358854 0.033333 0.044792
0 0.858333 0.139583 0.043750 0.022917
0 0.289583 0.318750 0.047917 0.027083
0 0.451042 0.129688 0.033333 0.044792
0 0.386458 0.768229 0.050000 0.034375
0 0.306250 0.346354 0.052083 0.034375
0 0.410417 0.163021 0.043750 0.042708
0 0.620313 0.178125 0.038542 0.025000
0 0.534375 0.145833 0.027083 0.047917
0 0.654167 0.527083 0.050000 0.050000
0 0.326042 0.620313 0.039583 0.044792
0 0.902604 0.585417 0.021875 0.037500
0 0.362500 0.569271 0.022917 0.038542
0 0.642708 0.552604 0.052083 0.051042
0 0.245833 0.214062 0.035417 0.044792
0 0.391667 0.815104 0.050000 0.040625
0 0.248438 0.445312 0.044792 0.042708
0 0.103646 0.917188 0.038542 0.021875
0 0.857292 0.257292 0.027083 0.045833
0 0.912500 0.408333 0.043750 0.027083
0 0.738021 0.128646 0.048958 0.030208
0 0.452083 0.244792 0.043750 0.045833
0 0.170313 0.776563 0.044792 0.028125
0 0.862500 0.518229 0.047917 0.044792
0 0.292708 0.859375 0.035417 0.052083
0 0.271354 0.750000 0.042708 0.039583
0 0.336979 0.133854 0.055208 0.051042
0 0.733854 0.756771 0.051042 0.028125
0 0.259375 0.928125 0.052083 0.041667
0 0.184375 0.551562 0.050000 0.040625
0 0.457813 0.883854 0.046875 0.036458
0 0.829167 0.875521 0.050000 0.026042
0 0.382812 0.876042 0.038542 0.022917
0 0.486979 0.397396 0.028125 0.048958
0 0.275000 0.287500 0.025000 0.041667
0 0.551042 0.663542 0.050000 0.050000
0 0.866146 0.916146 0.034375 0.046875
0 0.292187 0.704167 0.023958 0.037500
0 0.274479 0.210938 0.048958 0.032292
0 0.948438 0.437500 0.038542 0.031250
0 0.280208 0.707292 0.041667 0.052083
0 0.660417 0.077083 0.045833 0.043750
0 0.769792 0.223958 0.047917 0.041667
0 0.870833 0.696354 0.054167 0.040625
0 0.931771 0.793750 0.044792 0.045833
0 0.365104 0.696875 0.044792 0.047917
0 0.649479 0.715104 0.042708 0.044792
0 0.652083 0.497396 0.045833 0.038542
0 0.773438 0.418229 0.044792 0.055208
0 0.438542 0.145313 0.037500 0.019792
0 0.071875 0.223958 0.035417 0.052083
0 0.683333 0.319792 0.027083 0.043750
0 0.250521 0.618750 0.046875 0.045833
0 0.482292 0.324479 0.045833 0.048958
0 0.283854 0.700521 0.034375 0.046875
0 0.178646 0.742708 0.053125 0.045833
0 0.885417 0.419792 0.047917 0.039583
0 0.468750 0.746354 0.029167 0.040625
0 0.249479 0.525521 0.021875 0.038542
0 0.297917 0.869792 0.050000 0.031250
0 0.481250 0.844271 0.050000 0.028125
0 0.711979 0.944271 0.048958 0.030208
0 0.354687 0.475000 0.038542 0.047917
0 0.637500 0.199479 0.031250 0.048958
0 0.931250 0.501042 0.043750 0.033333
0 0.366667 0.410417 0.041667 0.025000
0 0.144271 0.656250 0.030208 0.050000
0 0.146875 0.526563 0.027083 0.046875
0 0.659896 0.098958 0.042708 0.041667
0 0.513021 0.606250 0.032292 0.039583
0 0.744792 0.393229 0.045833 0.032292
0 0.586979 0.450000 0.048958 0.035417
0 0.667708 0.282813 0.027083 0.040625
0 0.246354 0.581250 0.044792 0.045833
0 0.283333 0.204167 0.052083 0.047917
0 0.513021 0.731771 0.034375 0.046875
0 0.090625 0.218750 0.045833 0.052083
0 0.286979 0.697396 0.026042 0.040625
0 0.205208 0.314063 0.052083 0.051042
0 0.902604 0.748958 0.042708 0.047917
0 0.179167 0.861458 0.033333 0.043750
0 0.685417 0.781771 0.054167 0.044792
0 0.294792 0.636458 0.029167 0.037500
0 0.070833 0.877083 0.035417 0.052083
0 0.135937 0.798438 0.053125 0.032292
0 0.081771 0.679167 0.046875 0.043750
0 0.221875 0.833333 0.025000 0.041667
0 0.819792 0.563542 0.037500 0.033333
0 0.926562 0.483333 0.046875 0.043750
0 0.329688 0.937500 0.042708 0.029167
0 0.864062 0.900521 0.055208 0.048958
0 0.294792 0.868750 0.047917 0.033333
0 0.325521 0.877604 0.046875 0.038542
0 0.229167 0.367708 0.037500 0.035417
0 0.207292 0.356250 0.037500 0.031250
0 0.638542 0.160417 0.037500 0.047917
0 0.148958 0.136458 0.043750 0.025000
0 0.296875 0.475521 0.054167 0.046875
0 0.872396 0.314583 0.048958 0.027083
0 0.859896 0.511979 0.042708 0.044792
0 0.245312 0.179167 0.028125 0.045833
0 0.517188 0.585938 0.053125 0.053125
0 0.266667 0.865104 0.047917 0.048958
0 0.094792 0.507292 0.041667 0.039583
0 0.733854 0.907292 0.038542 0.031250
0 0.832812 0.395313 0.038542 0.040625
0 0.880729 0.467187 0.048958 0.055208
0 0.567708 0.416146 0.037500 0.038542
0 0.507292 0.238542 0.020833 0.041667
0 0.228646 0.545833 0.042708 0.033333
0 0.641667 0.142187 0.035417 0.040625
0 0.829688 0.504687 0.055208 0.044792
0 0.690625 0.184896 0.029167 0.051042
0 0.345833 0.489583 0.052083 0.033333
0 0.586979 0.258854 0.032292 0.048958
0 0.273438 0.403646 0.044792 0.051042
0 0.800521 0.792708 0.036458 0.018750
0 0.505729 0.354687 0.040625 0.023958
0 0.887500 0.394271 0.050000 0.034375
0 0.608854 0.427604 0.040625 0.038542
0 0.517708 0.827083 0.037500 0.022917
0 0.252083 0.850000 0.025000 0.041667
0 0.657813 0.751042 0.042708 0.039583
0 0.889062 0.514062 0.044792 0.032292
0 0.686979 0.536979 0.040625 0.036458
0 0.515625 0.288021 0.045833 0.048958
0 0.206250 0.808854 0.043750 0.026042
0 0.349479 0.292187 0.051042 0.036458
0 0.318229 0.118750 0.023958 0.043750
0 0.754687 0.200000 0.038542 0.033333
0 0.913021 0.582292 0.048958 0.052083
0 0.683333 0.468750 0.035417 0.043750
0 0.221354 0.914062 0.038542 0.051042
0 0.642188 0.936458 0.019792 0.037500
0 0.780208 0.771875 0.045833 0.029167
0 0.932813 0.493229 0.040625 0.026042
0 0.161458 0.242188 0.039583 0.028125
0 0.448437 0.413542 0.030208 0.050000
0 0.345313 0.131771 0.055208 0.046875
0 0.893750 0.186458 0.047917 0.035417
0 0.834375 0.453125 0.033333 0.045833
0 0.865104 0.252083 0.036458 0.052083
0 0.135937 0.706771 0.042708 0.044792
0 0.790104 0.669271 0.038542 0.046875
0 0.832812 0.245312 0.053125 0.032292
0 0.390104 0.694792 0.036458 0.020833
0 0.654687 0.960417 0.040625 0.041667
0 0.284375 0.486979 0.031250 0.053125
0 0.137500 0.327604 0.025000 0.038542
0 0.358854 0.079687 0.046875 0.055208
0 0.696354 0.353646 0.028125 0.044792
0 0.611458 0.581250 0.052083 0.037500
0 0.211458 0.893750 0.037500 0.027083
0 0.232292 0.307812 0.033333 0.048958
0 0.154167 0.122396 0.043750 0.028125
0 0.181250 0.571875 0.029167 0.045833
0 0.880729 0.655729 0.051042 0.040625
0 0.929167 0.439583 0.043750 0.045833
0 0.713542 0.738021 0.037500 0.038542
0 0.417708 0.868229 0.039583 0.034375
0 0.276042 0.511458 0.047917 0.033333
0 0.328646 0.957812 0.048958 0.028125
0 0.319271 0.484375 0.042708 0.037500
0 0.196875 0.919271 0.029167 0.044792
0 0.842187 0.609896 0.044792 0.032292
0 0.196875 0.559896 0.047917 0.032292
0 0.756250 0.817187 0.027083 0.042708
0 0.392188 0.604688 0.032292 0.053125
0 0.168229 0.524479 0.028125 0.044792
0 0.882292 0.485938 0.045833 0.038542
0 0.142187 0.681250 0.048958 0.052083
0 0.728646 0.211458 0.044792 0.052083
0 0.281771 0.377083 0.042708 0.039583
0 0.399479 0.756250 0.048958 0.039583
0 0.077083 0.500521 0.041667 0.048958
0 0.342187 0.908854 0.038542 0.038542
0 0.268750 0.874479 0.037500 0.038542
0 0.747396 0.270833 0.040625 0.020833
0 0.429167 0.769271 0.037500 0.038542
0 0.665625 0.209375 0.045833 0.052083
0 0.110417 0.873437 0.052083 0.051042
0 0.682813 0.817708 0.044792 0.022917
0 0.775521 0.501042 0.038542 0.052083
0 0.613542 0.394271 0.037500 0.053125
0 0.127604 0.605729 0.044792 0.030208
0 0.617708 0.378125 0.045833 0.052083
0 0.327083 0.704167 0.043750 0.045833
0 0.904167 0.428646 0.043750 0.040625
0 0.714063 0.238542 0.042708 0.029167
0 0.294271 0.327604 0.040625 0.034375
0 0.904167 0.732812 0.052083 0.030208
0 0.663021 0.598437 0.051042 0.042708
0 0.388021 0.331250 0.040625 0.052083
0 0.844271 0.644792 0.040625 0.047917
0 0.602083 0.869271 0.031250 0.044792
0 0.382292 0.716146 0.052083 0.051042
0 0.080208 0.124479 0.031250 0.040625