0 0.506771 0.180729 0.023958 0.042708
0 0.560417 0.568750 0.041667 0.047917
0 0.162500 0.881771 0.039583 0.038542
0 0.338542 0.791667 0.050000 0.029167
0 0.646354 0.811979 0.055208 0.048958
0 0.547917 0.214062 0.045833 0.055208
0 0.157812 0.152083 0.036458 0.037500
0 0.373958 0.481771 0.047917 0.053125
0 0.411979 0.124479 0.023958 0.040625
0 0.115625 0.219792 0.052083 0.047917
0 0.539583 0.350521 0.039583 0.044792
0 0.091667 0.771354 0.050000 0.038542
0 0.219271 0.517188 0.032292 0.040625
0 0.474479 0.801042 0.038542 0.033333
0 0.743229 0.160417 0.038542 0.035417
0 0.764583 0.586979 0.052083 0.034375
0 0.790625 0.851562 0.039583 0.026042
0 0.748437 0.306250 0.036458 0.052083
0 0.188542 0.581250 0.035417 0.020833
0 0.353646 0.338542 0.030208 0.050000
0 0.954688 0.700000 0.038542 0.035417
0 0.866146 0.246354 0.023958 0.046875
0 0.875521 0.389583 0.046875 0.029167
0 0.577083 0.940625 0.047917 0.025000
0 0.966667 0.209375 0.039583 0.041667
0 0.775521 0.866146 0.046875 0.055208
0 0.879167 0.421354 0.039583 0.038542
0 0.326042 0.158333 0.047917 0.041667
0 0.394792 0.656250 0.045833 0.045833
0 0.886458 0.382812 0.050000 0.040625
0 0.748437 0.681771 0.036458 0.040625
0 0.468750 0.918750 0.039583 0.047917
0 0.429167 0.657813 0.039583 0.023958
0 0.868229 0.337500 0.053125 0.035417
0 0.289062 0.500521 0.038542 0.038542
0 0.155729 0.750000 0.036458 0.043750
0 0.165625 0.879687 0.037500 0.053125
0 0.348438 0.697917 0.048958 0.039583
0 0.828125 0.429167 0.037500 0.031250
0 0.806250 0.181250 0.039583 0.041667
0 0.909375 0.701562 0.039583 0.034375
0 0.430729 0.320312 0.044792 0.030208
0 0.207292 0.408854 0.035417 0.040625
0 0.080208 0.545833 0.041667 0.027083
0 0.377604 0.695312 0.032292 0.040625
0 0.388542 0.359375 0.020833 0.035417
0 0.570312 0.378646 0.023958 0.040625
0 0.802604 0.335938 0.048958 0.028125
0 0.874479 0.647396 0.051042 0.036458
0 0.480208 0.067708 0.037500 0.029167
0 0.910937 0.450521 0.046875 0.038542
0 0.205208 0.632292 0.037500 0.041667
0 0.459896 0.319271 0.030208 0.053125
0 0.554167 0.513542 0.052083 0.035417
0 0.101562 0.413021 0.048958 0.048958
0 0.242708 0.543750 0.043750 0.025000
0 0.878646 0.759896 0.038542 0.019792
0 0.514583 0.354687 0.027083 0.046875
0 0.864062 0.289062 0.040625 0.051042
0 0.945312 0.679688 0.048958 0.046875
0 0.751042 0.293750 0.045833 0.033333
0 0.392708 0.145313 0.031250 0.044792
0 0.209896 0.146354 0.032292 0.048958
0 0.075521 0.856250 0.042708 0.054167
0 0.594792 0.670833 0.043750 0.025000
0 0.843229 0.778125 0.040625 0.041667
0 0.669792 0.852083 0.035417 0.037500
0 0.634896 0.924479 0.034375 0.040625
0 0.214583 0.398438 0.022917 0.040625
0 0.387500 0.550000 0.041667 0.029167
0 0.798958 0.543229 0.043750 0.042708
0 0.719792 0.344792 0.037500 0.027083
0 0.569271 0.560417 0.038542 0.033333
0 0.872917 0.829688 0.043750 0.055208
0 0.581250 0.111458 0.043750 0.045833
0 0.353125 0.618229 0.041667 0.032292
0 0.560417 0.322917 0.035417 0.035417
0 0.648438 0.201563 0.034375 0.040625
0 0.362500 0.300000 0.029167 0.045833
0 0.704167 0.720833 0.041667 0.052083
0 0.641667 0.646875 0.041667 0.025000
0 0.323958 0.800000 0.047917 0.035417
0 0.159375 0.190625 0.043750 0.033333
0 0.809896 0.189583 0.028125 0.041667
0 0.947396 0.646875 0.028125 0.039583
0 0.613021 0.366146 0.036458 0.040625
0 0.672396 0.697917 0.034375 0.043750
0 0.428125 0.583854 0.018750 0.036458
0 0.529167 0.088021 0.045833 0.055208
0 0.424479 0.184375 0.034375 0.039583
0 0.597396 0.865625 0.019792 0.037500
0 0.730729 0.190104 0.051042 0.028125
0 0.768229 0.077083 0.021875 0.039583
0 0.570833 0.430729 0.045833 0.034375
0 0.445833 0.699479 0.033333 0.044792
0 0.307292 0.603125 0.043750 0.052083
0 0.827083 0.821875 0.037500 0.047917
0 0.803125 0.110417 0.029167 0.045833
0 0.086458 0.668750 0.020833 0.039583
0 0.679167 0.229167 0.043750 0.052083
0 0.771875 0.886979 0.054167 0.036458
0 0.094271 0.276042 0.053125 0.043750
0 0.572917 0.886458 0.041667 0.025000
0 0.714583 0.371875 0.035417 0.020833
0 0.211979 0.296354 0.040625 0.055208
0 0.615104 0.568750 0.042708 0.031250
0 0.528125 0.470833 0.047917 0.035417
0 0.723958 0.082812 0.027083 0.040625
0 0.568229 0.777604 0.048958 0.046875
0 0.631250 0.111458 0.041667 0.052083
0 0.275000 0.192188 0.054167 0.042708
0 0.570312 0.196875 0.038542 0.031250
0 0.158333 0.788021 0.039583 0.030208
0 0.925521 0.175000 0.036458 0.020833
0 0.925000 0.601042 0.035417 0.020833
0 0.858333 0.942708 0.033333 0.016667
0 0.381250 0.671354 0.039583 0.023958
0 0.953125 0.945833 0.022917 0.039583
0 0.473958 0.065104 0.035417 0.017708
0 0.211458 0.128646 0.045833 0.038542
0 0.242708 0.632292 0.039583 0.052083
0 0.863542 0.302604 0.039583 0.026042
0 0.436979 0.316667 0.048958 0.035417
0 0.782813 0.787500 0.042708 0.054167
0 0.546875 0.311979 0.039583 0.036458
0 0.450000 0.297917 0.022917 0.039583
0 0.809896 0.887500 0.048958 0.052083
0 0.916146 0.379167 0.046875 0.031250
0 0.158333 0.664583 0.027083 0.043750
0 0.566146 0.661979 0.046875 0.055208
0 0.898958 0.445312 0.052083 0.051042
0 0.847917 0.460938 0.047917 0.023958
0 0.534375 0.802604 0.052083 0.051042
0 0.239583 0.319792 0.037500 0.052083
0 0.501042 0.663021 0.052083 0.034375
0 0.783333 0.516667 0.043750 0.035417
0 0.189062 0.413021 0.034375 0.046875
0 0.587500 0.100521 0.031250 0.040625
0 0.806250 0.152604 0.037500 0.048958
0 0.850000 0.622917 0.035417 0.035417
0 0.568750 0.579688 0.054167 0.046875
0 0.731250 0.229167 0.031250 0.041667
0 0.844792 0.528646 0.043750 0.048958
0 0.771875 0.890625 0.035417 0.037500
0 0.168229 0.886458 0.040625 0.052083
0 0.830208 0.575000 0.041667 0.039583
0 0.234896 0.644792 0.044792 0.047917
0 0.175000 0.585938 0.039583 0.030208
0 0.906771 0.140104 0.042708 0.023958
0 0.069271 0.912500 0.034375 0.043750
0 0.117708 0.535937 0.031250 0.051042
0 0.207292 0.477604 0.047917 0.028125
0 0.380729 0.313021 0.051042 0.036458
0 0.830208 0.842187 0.054167 0.046875
0 0.589583 0.244792 0.043750 0.033333
0 0.892708 0.516667 0.033333 0.050000
0 0.177083 0.553646 0.054167 0.036458
0 0.782813 0.595313 0.048958 0.034375
0 0.638021 0.564583 0.044792 0.033333
0 0.312500 0.815625 0.041667 0.041667
0 0.111979 0.472396 0.044792 0.028125
0 0.417708 0.952604 0.052083 0.051042
0 0.223958 0.707292 0.050000 0.033333
0 0.273958 0.121354 0.054167 0.040625
0 0.219271 0.255729 0.044792 0.051042
0 0.148958 0.303646 0.054167 0.042708
0 0.518229 0.313542 0.044792 0.027083
0 0.557813 0.855729 0.038542 0.019792
0 0.930729 0.791146 0.044792 0.055208
0 0.080729 0.384375 0.046875 0.027083
0 0.677083 0.191667 0.029167 0.041667
0 0.624479 0.540104 0.038542 0.038542
0 0.636979 0.932813 0.042708 0.044792
0 0.431250 0.475521 0.045833 0.036458
0 0.576562 0.445312 0.055208 0.040625
0 0.202083 0.594271 0.045833 0.034375
0 0.459896 0.708854 0.055208 0.038542
0 0.261979 0.917188 0.046875 0.023958
0 0.769792 0.919271 0.050000 0.028125
0 0.232813 0.949479 0.055208 0.040625
0 0.123438 0.758854 0.051042 0.036458
0 0.852604 0.178646 0.038542 0.046875
0 0.650521 0.213021 0.034375 0.040625
0 0.687500 0.724479 0.043750 0.040625
0 0.336979 0.757292 0.040625 0.054167
0 0.564583 0.086458 0.033333 0.037500
0 0.136979 0.389062 0.048958 0.048958
0 0.274479 0.276562 0.051042 0.042708
0 0.777604 0.697917 0.038542 0.027083
0 0.754167 0.969271 0.041667 0.044792
0 0.872396 0.735938 0.055208 0.036458
0 0.461979 0.415104 0.044792 0.042708
0 0.360938 0.883333 0.032292 0.043750
0 0.547396 0.503125 0.042708 0.047917
0 0.855729 0.215104 0.040625 0.026042
0 0.533854 0.355208 0.044792 0.022917
0 0.793229 0.453125 0.034375 0.039583
0 0.890625 0.443229 0.045833 0.034375
0 0.695312 0.259896 0.036458 0.046875
0 0.694271 0.758333 0.051042 0.033333
0 0.740104 0.608854 0.044792 0.030208
0 0.644792 0.757812 0.031250 0.040625
0 0.090625 0.914062 0.054167 0.042708
0 0.181250 0.612500 0.027083 0.047917
0 0.105208 0.351042 0.043750 0.035417
0 0.562500 0.687500 0.025000 0.041667
0 0.209896 0.809375 0.038542 0.035417
0 0.600000 0.589583 0.047917 0.027083
0 0.622917 0.665625 0.052083 0.037500
0 0.926042 0.152083 0.037500 0.041667
0 0.208333 0.396875 0.033333 0.043750
0 0.737500 0.276562 0.047917 0.048958
0 0.851042 0.142708 0.037500 0.033333
0 0.632812 0.667708 0.053125 0.041667
0 0.718750 0.687500 0.027083 0.041667
0 0.303125 0.915104 0.039583 0.036458
0 0.286979 0.636979 0.046875 0.038542
0 0.510938 0.383854 0.038542 0.051042
0 0.242708 0.475000 0.033333 0.052083
0 0.169271 0.828646 0.038542 0.051042
0 0.485938 0.570312 0.038542 0.055208
0 0.086979 0.547396 0.040625 0.034375
0 0.332292 0.910937 0.043750 0.028125
0 0.705208 0.549479 0.050000 0.053125
0 0.486458 0.442708 0.035417 0.037500
0 0.910417 0.230729 0.043750 0.030208
0 0.382812 0.381250 0.040625 0.020833
0 0.432812 0.864062 0.021875 0.038542
0 0.256250 0.196354 0.050000 0.042708
0 0.408333 0.193229 0.039583 0.038542
0 0.406250 0.886458 0.029167 0.050000
0 0.097396 0.767708 0.044792 0.025000
0 0.757812 0.123438 0.040625 0.032292
0 0.916667 0.869792 0.039583 0.041667
0 0.634896 0.910937 0.044792 0.028125
0 0.289583 0.734896 0.039583 0.036458
0 0.727604 0.488021 0.038542 0.051042
0 0.812500 0.461458 0.043750 0.035417
0 0.651042 0.886458 0.037500 0.031250
0 0.872396 0.744792 0.042708 0.037500
0 0.567708 0.414583 0.037500 0.047917
0 0.922396 0.701562 0.046875 0.040625
0 0.255729 0.160938 0.048958 0.044792
0 0.519792 0.289583 0.035417 0.052083
0 0.222396 0.954167 0.051042 0.033333
0 0.227083 0.606250 0.037500 0.047917
0 0.373437 0.901042 0.044792 0.033333
0 0.501042 0.964063 0.043750 0.042708
0 0.434375 0.896354 0.025000 0.046875
0 0.619792 0.435937 0.043750 0.040625
0 0.718750 0.627604 0.035417 0.053125
0 0.089583 0.170313 0.037500 0.019792
0 0.609896 0.704688 0.048958 0.044792
0 0.175000 0.829688 0.043750 0.030208
0 0.116146 0.326042 0.038542 0.018750
0 0.336979 0.461979 0.040625 0.036458
0 0.526042 0.700000 0.029167 0.037500
0 0.159896 0.237500 0.042708 0.037500
0 0.214062 0.655729 0.038542 0.051042
0 0.281771 0.727604 0.028125 0.051042
0 0.292708 0.410417 0.039583 0.041667
0 0.796354 0.130729 0.036458 0.040625
0 0.404687 0.402604 0.051042 0.055208
0 0.507812 0.226042 0.038542 0.047917
0 0.691667 0.722396 0.027083 0.040625
0 0.243229 0.530729 0.044792 0.042708
0 0.272396 0.270833 0.034375 0.037500
0 0.577083 0.482292 0.025000 0.041667
0 0.742708 0.538542 0.047917 0.035417
0 0.343750 0.312500 0.037500 0.035417
0 0.136979 0.911458 0.036458 0.018750
0 0.739583 0.763542 0.035417 0.043750
0 0.082812 0.874479 0.038542 0.040625
0 0.205208 0.938542 0.037500 0.022917
0 0.356771 0.229167 0.042708 0.027083
0 0.630729 0.746354 0.042708 0.021875
0 0.165625 0.532813 0.041667 0.055208
0 0.245833 0.244271 0.039583 0.034375
0 0.632812 0.744792 0.038542 0.052083
0 0.496354 0.330729 0.036458 0.040625
0 0.432812 0.278646 0.046875 0.048958
0 0.711458 0.261458 0.037500 0.022917
0 0.158333 0.679167 0.045833 0.031250
0 0.760938 0.456771 0.046875 0.034375
0 0.814583 0.904687 0.045833 0.026042
0 0.365625 0.926042 0.047917 0.041667
0 0.881771 0.182812 0.038542 0.040625
0 0.151562 0.923958 0.042708 0.031250
0 0.810417 0.230729 0.041667 0.021875
0 0.648958 0.607812 0.041667 0.055208
0 0.914583 0.879687 0.045833 0.023958
0 0.271875 0.305208 0.045833 0.043750
0 0.949479 0.939063 0.046875 0.055208
0 0.961458 0.746875 0.035417 0.018750
0 0.165625 0.578125 0.043750 0.031250
0 0.280729 0.394792 0.048958 0.041667
0 0.364583 0.389062 0.050000 0.034375
0 0.091667 0.325000 0.043750 0.045833
0 0.741667 0.432292 0.018750 0.035417
0 0.107813 0.081250 0.026042 0.047917
0 0.228646 0.111979 0.040625 0.055208
0 0.414062 0.786979 0.048958 0.046875
0 0.791146 0.872396 0.034375 0.046875
0 0.306771 0.257292 0.042708 0.039583
0 0.092188 0.893229 0.055208 0.044792
0 0.883854 0.463021 0.023958 0.048958
0 0.672917 0.880729 0.029167 0.051042
0 0.820312 0.763542 0.038542 0.033333
0 0.315104 0.745313 0.034375 0.053125
0 0.899479 0.327604 0.044792 0.044792
0 0.942187 0.708854 0.055208 0.040625
0 0.428125 0.772396 0.043750 0.040625
0 0.601042 0.425000 0.047917 0.041667
0 0.142708 0.243229 0.043750 0.040625
0 0.740625 0.413021 0.047917 0.030208
0 0.133854 0.145313 0.040625 0.036458
0 0.080729 0.883333 0.021875 0.037500
0 0.893229 0.516146 0.046875 0.048958
0 0.929688 0.740104 0.048958 0.046875
0 0.250000 0.847396 0.027083 0.042708
0 0.681250 0.814063 0.029167 0.040625
0 0.888021 0.185938 0.051042 0.026042
0 0.610417 0.704688 0.037500 0.044792
0 0.156771 0.322917 0.044792 0.047917
0 0.534375 0.866146 0.041667 0.048958
0 0.850521 0.721354 0.044792 0.055208
0 0.544792 0.255729 0.045833 0.048958
0 0.577083 0.539583 0.050000 0.033333
0 0.350521 0.715104 0.023958 0.040625
0 0.840625 0.441667 0.027083 0.045833
0 0.205729 0.791667 0.053125 0.043750
0 0.373958 0.705729 0.047917 0.046875
0 0.210417 0.593229 0.031250 0.044792
0 0.266146 0.096875 0.040625 0.041667
0 0.914583 0.113021 0.031250 0.051042
0 0.762500 0.493229 0.050000 0.034375
0 0.767188 0.958854 0.023958 0.040625
0 0.657813 0.121875 0.019792 0.037500
0 0.697917 0.658854 0.020833 0.040625
0 0.457813 0.641667 0.034375 0.037500
0 0.340104 0.957812 0.051042 0.038542
0 0.089063 0.107813 0.048958 0.055208
0 0.277083 0.204167 0.029167 0.045833
0 0.793750 0.832812 0.035417 0.040625
0 0.248438 0.518229 0.028125 0.044792
0 0.777083 0.836979 0.037500 0.023958
0 0.162500 0.738021 0.052083 0.032292
0 0.515625 0.094271 0.037500 0.048958
0 0.902604 0.792188 0.051042 0.038542
0 0.813542 0.121875 0.037500 0.031250
0 0.317708 0.501563 0.031250 0.044792
0 0.857292 0.859896 0.041667 0.055208
0 0.534896 0.152083 0.038542 0.027083
0 0.823958 0.294792 0.035417 0.037500
0 0.244271 0.844271 0.034375 0.040625
0 0.942187 0.095312 0.034375 0.046875
0 0.916667 0.216667 0.041667 0.052083
0 0.117708 0.647917 0.047917 0.037500
0 0.189583 0.139583 0.047917 0.052083
0 0.914062 0.117188 0.048958 0.028125
0 0.195312 0.650521 0.053125 0.053125
0 0.109896 0.858854 0.053125 0.032292
0 0.565625 0.138542 0.047917 0.039583
0 0.661979 0.300521 0.046875 0.055208
0 0.332292 0.291146 0.047917 0.053125
0 0.963542 0.881771 0.045833 0.038542
0 0.609896 0.591667 0.048958 0.052083
0 0.228646 0.615625 0.038542 0.029167
0 0.406250 0.085417 0.052083 0.043750
0 0.909896 0.214583 0.042708 0.020833
0 0.967708 0.366667 0.047917 0.035417
0 0.372396 0.183854 0.040625 0.051042
0 0.092708 0.923438 0.027083 0.046875
0 0.309375 0.890625 0.043750 0.052083
0 0.784375 0.758333 0.052083 0.045833
0 0.670312 0.756250 0.030208 0.050000
0 0.732812 0.552083 0.023958 0.047917
0 0.081250 0.436979 0.043750 0.040625
0 0.292187 0.750521 0.046875 0.048958
0 0.630208 0.154167 0.027083 0.041667
0 0.305729 0.702083 0.038542 0.025000
0 0.942708 0.476562 0.054167 0.036458
0 0.950000 0.563021 0.054167 0.044792
0 0.201042 0.203646 0.043750 0.032292
0 0.417708 0.606771 0.020833 0.042708
0 0.954167 0.211979 0.045833 0.034375
0 0.455729 0.705208 0.046875 0.045833
0 0.695833 0.273958 0.047917 0.033333
0 0.891667 0.517188 0.045833 0.055208
0 0.500521 0.688021 0.046875 0.055208
0 0.331771 0.626042 0.023958 0.041667
0 0.855208 0.604167 0.037500 0.033333
0 0.867708 0.575521 0.043750 0.048958
0 0.223438 0.739062 0.030208 0.040625
0 0.909375 0.076042 0.039583 0.041667
0 0.484375 0.098958 0.027083 0.041667
0 0.433854 0.389583 0.046875 0.043750
0 0.236979 0.736979 0.051042 0.053125
0 0.895833 0.419792 0.025000 0.039583
0 0.472917 0.845833 0.047917 0.039583
0 0.448437 0.397396 0.053125 0.034375
0 0.704167 0.707292 0.045833 0.043750
0 0.564063 0.618750 0.044792 0.047917
0 0.544271 0.253646 0.038542 0.046875
0 0.111458 0.673438 0.043750 0.055208
0 0.517708 0.613021 0.054167 0.046875
0 0.094792 0.355729 0.033333 0.040625
0 0.745833 0.238021 0.041667 0.055208
0 0.688021 0.744271 0.028125 0.051042
0 0.542188 0.392708 0.053125 0.039583
0 0.643750 0.448437 0.050000 0.034375
0 0.623437 0.522917 0.046875 0.052083
0 0.700521 0.254167 0.046875 0.031250
0 0.966667 0.723958 0.052083 0.037500
0 0.352083 0.854688 0.039583 0.044792
0 0.814063 0.086458 0.042708 0.027083
0 0.634375 0.545312 0.054167 0.038542
0 0.888542 0.597917 0.029167 0.050000
0 0.592187 0.834896 0.030208 0.040625
0 0.806250 0.491667 0.022917 0.037500
0 0.370833 0.943750 0.037500 0.052083
0 0.728125 0.122396 0.039583 0.036458
0 0.217188 0.539583 0.051042 0.029167
0 0.409375 0.395313 0.039583 0.038542
0 0.898958 0.437500 0.052083 0.043750
0 0.290104 0.567187 0.055208 0.038542
0 0.506250 0.903125 0.037500 0.025000
0 0.754687 0.109375 0.048958 0.027083
0 0.743229 0.933854 0.042708 0.055208
0 0.297917 0.117708 0.052083 0.039583
0 0.135937 0.605729 0.042708 0.051042
0 0.538021 0.860938 0.036458 0.046875
0 0.830208 0.682813 0.037500 0.044792
0 0.355208 0.499479 0.035417 0.048958
0 0.881771 0.250521 0.026042 0.044792
0 0.258333 0.189583 0.043750 0.033333
0 0.644271 0.164583 0.046875 0.031250
0 0.748958 0.340104 0.050000 0.042708
0 0.746875 0.522917 0.037500 0.029167
0 0.702604 0.963542 0.051042 0.050000
0 0.368229 0.494792 0.032292 0.039583
0 0.211979 0.409375 0.034375 0.052083
0 0.565625 0.728125 0.052083 0.041667
0 0.727083 0.322917 0.035417 0.043750
0 0.823438 0.628646 0.023958 0.040625
0 0.313021 0.369271 0.038542 0.038542
0 0.440625 0.414062 0.050000 0.042708
0 0.526042 0.105729 0.037500 0.053125
0 0.932292 0.108333 0.022917 0.039583
0 0.453646 0.939583 0.046875 0.045833
0 0.883333 0.741667 0.033333 0.043750
0 0.796354 0.772917 0.046875 0.052083
0 0.950000 0.174479 0.039583 0.028125
0 0.172396 0.235937 0.036458 0.046875
0 0.310937 0.498958 0.048958 0.037500
0 0.891146 0.452083 0.038542 0.031250
0 0.212500 0.801562 0.027083 0.042708
0 0.554688 0.959375 0.053125 0.043750
0 0.552083 0.630208 0.027083 0.043750
0 0.811979 0.567187 0.044792 0.055208
0 0.427083 0.070833 0.045833 0.029167
0 0.386458 0.418750 0.050000 0.033333
0 0.588542 0.301042 0.033333 0.043750
0 0.221875 0.942708 0.047917 0.041667
0 0.310417 0.155208 0.037500 0.025000
0 0.535417 0.919271 0.050000 0.036458
0 0.300521 0.185938 0.046875 0.038542
0 0.269271 0.505729 0.026042 0.044792
0 0.445833 0.720313 0.041667 0.032292
0 0.849479 0.158854 0.032292 0.053125
0 0.415625 0.391667 0.045833 0.031250
0 0.243750 0.277604 0.037500 0.019792
0 0.555729 0.414583 0.034375 0.043750
0 0.830208 0.754167 0.027083 0.037500
0 0.886458 0.438542 0.027083 0.047917
0 0.154688 0.858333 0.017708 0.035417
0 0.835938 0.295312 0.048958 0.046875
0 0.292708 0.911979 0.041667 0.042708
0 0.838021 0.795312 0.030208 0.048958
0 0.340104 0.725000 0.036458 0.020833
0 0.421875 0.416146 0.027083 0.038542
0 0.646875 0.254167 0.039583 0.052083
0 0.471875 0.923958 0.045833 0.029167
0 0.825000 0.619271 0.035417 0.044792
0 0.107813 0.900521 0.044792 0.028125
0 0.621354 0.198437 0.044792 0.051042
0 0.233854 0.404167 0.036458 0.043750
0 0.667708 0.148958 0.041667 0.037500
0 0.257292 0.759375 0.033333 0.043750
0 0.413542 0.547396 0.050000 0.044792
0 0.341146 0.697396 0.040625 0.044792
0 0.512500 0.371354 0.050000 0.053125
0 0.641146 0.840625 0.036458 0.022917
0 0.592187 0.289583 0.046875 0.033333
0 0.314583 0.517188 0.050000 0.040625
0 0.761458 0.340625 0.050000 0.031250
0 0.677083 0.870833 0.022917 0.039583
0 0.411458 0.746875 0.020833 0.035417
0 0.381250 0.554688 0.035417 0.040625
0 0.237500 0.313542 0.045833 0.029167
0 0.666146 0.335417 0.038542 0.047917
0 0.394271 0.764583 0.038542 0.047917
0 0.335417 0.794271 0.050000 0.040625
0 0.170313 0.448437 0.040625 0.036458
0 0.411979 0.518750 0.019792 0.037500
0 0.882812 0.161458 0.034375 0.043750
0 0.099479 0.583333 0.038542 0.031250
0 0.584375 0.804167 0.031250 0.037500
0 0.138542 0.484896 0.050000 0.042708
0 0.696354 0.969792 0.028125 0.050000
0 0.947396 0.083854 0.038542 0.046875
0 0.857812 0.475521 0.040625 0.055208
0 0.454688 0.272917 0.051042 0.050000
0 0.077604 0.173958 0.036458 0.047917
0 0.147917 0.735417 0.035417 0.037500
0 0.519792 0.495312 0.029167 0.051042
0 0.638021 0.970833 0.030208 0.050000
0 0.296875 0.651042 0.025000 0.043750
0 0.416146 0.225000 0.038542 0.033333
0 0.631250 0.270833 0.045833 0.029167
0 0.332813 0.827604 0.051042 0.038542
0 0.464583 0.408854 0.025000 0.042708
0 0.591667 0.086458 0.029167 0.037500
0 0.328646 0.326042 0.030208 0.039583
0 0.086458 0.736458 0.052083 0.033333
0 0.176563 0.616146 0.038542 0.040625
0 0.671354 0.482812 0.040625 0.028125
0 0.460417 0.851042 0.037500 0.043750
0 0.401562 0.627083 0.040625 0.041667
0 0.887500 0.912500 0.037500 0.025000
0 0.812500 0.942187 0.039583 0.036458
0 0.381771 0.286979 0.026042 0.046875
0 0.886979 0.540625 0.032292 0.043750
0 0.263542 0.729688 0.031250 0.044792
0 0.339062 0.418229 0.023958 0.042708
0 0.446875 0.542188 0.050000 0.036458
0 0.970833 0.329688 0.054167 0.042708
0 0.179167 0.353125 0.045833 0.052083
0 0.458854 0.319792 0.026042 0.041667
0 0.727083 0.828646 0.039583 0.028125
0 0.397917 0.226042 0.052083 0.035417
0 0.431250 0.595833 0.022917 0.043750
0 0.494792 0.900000 0.041667 0.047917
0 0.598958 0.729688 0.041667 0.044792
0 0.544792 0.624479 0.045833 0.034375
0 0.090625 0.738542 0.037500 0.047917
0 0.569792 0.118750 0.041667 0.029167
0 0.155729 0.381250 0.038542 0.043750
0 0.119792 0.285938 0.043750 0.042708
0 0.323958 0.126562 0.037500 0.040625
0 0.082292 0.736458 0.052083 0.039583
0 0.751563 0.787500 0.038542 0.027083
0 0.611979 0.739583 0.048958 0.050000
0 0.218750 0.842708 0.041667 0.037500
0 0.442708 0.882812 0.037500 0.038542
0 0.547396 0.455729 0.021875 0.042708
0 0.388021 0.693750 0.053125 0.045833
0 0.884375 0.813542 0.043750 0.027083
0 0.102604 0.778646 0.053125 0.032292
0 0.801042 0.096354 0.050000 0.034375
0 0.949479 0.386979 0.034375 0.053125
0 0.531250 0.472917 0.031250 0.037500
0 0.727083 0.656771 0.037500 0.023958
0 0.861979 0.463021 0.034375 0.040625
0 0.524479 0.364583 0.044792 0.035417
0 0.897396 0.263542 0.036458 0.037500
0 0.903125 0.223438 0.037500 0.021875
0 0.960938 0.759896 0.053125 0.032292
0 0.123958 0.811458 0.037500 0.031250
0 0.892708 0.251563 0.052083 0.051042
0 0.378125 0.507292 0.052083 0.037500
0 0.496354 0.510417 0.038542 0.035417
0 0.809896 0.235937 0.053125 0.053125
0 0.544792 0.444271 0.054167 0.036458
0 0.456771 0.753125 0.042708 0.039583
0 0.650000 0.766667 0.031250 0.045833
0 0.584896 0.397396 0.055208 0.038542
0 0.821875 0.301042 0.050000 0.029167
0 0.628125 0.168229 0.045833 0.023958
0 0.549479 0.374479 0.053125 0.053125
0 0.634896 0.388542 0.046875 0.031250
0 0.698958 0.820312 0.052083 0.034375
0 0.825000 0.127604 0.043750 0.055208
0 0.203125 0.407813 0.039583 0.048958
0 0.604688 0.210417 0.042708 0.025000
0 0.527083 0.098958 0.037500 0.018750
0 0.568750 0.743750 0.039583 0.041667
0 0.187500 0.374479 0.027083 0.040625
0 0.234375 0.180208 0.047917 0.037500
0 0.629167 0.415104 0.033333 0.053125
0 0.670312 0.721354 0.046875 0.036458
0 0.882292 0.145313 0.027083 0.038542
0 0.905729 0.376563 0.040625 0.036458
0 0.556250 0.475521 0.041667 0.048958
0 0.139063 0.643750 0.042708 0.054167
0 0.332292 0.078646 0.054167 0.042708
0 0.791146 0.655208 0.044792 0.045833
0 0.484375 0.821875 0.025000 0.047917
0 0.566667 0.358333 0.050000 0.050000
0 0.092708 0.637500 0.037500 0.031250
0 0.628125 0.499479 0.043750 0.042708
0 0.313021 0.183854 0.044792 0.055208
0 0.184375 0.315625 0.039583 0.041667
0 0.593750 0.658333 0.041667 0.027083
0 0.357292 0.883333 0.041667 0.047917
0 0.438021 0.223438 0.051042 0.036458
0 0.679167 0.944792 0.033333 0.037500
0 0.673958 0.549479 0.039583 0.038542
0 0.481771 0.732812 0.042708 0.023958
0 0.377083 0.150521 0.039583 0.036458
0 0.929688 0.551562 0.038542 0.038542
0 0.101042 0.402604 0.037500 0.019792
0 0.583333 0.818229 0.025000 0.042708
0 0.704688 0.358854 0.046875 0.055208
0 0.922917 0.072917 0.047917 0.039583
0 0.663542 0.765625 0.027083 0.037500
0 0.391667 0.478125 0.041667 0.029167
0 0.363542 0.226042 0.027083 0.037500
0 0.249479 0.526563 0.044792 0.055208
0 0.855208 0.460417 0.052083 0.039583
0 0.089063 0.131250 0.034375 0.039583
0 0.756250 0.282813 0.043750 0.026042
0 0.468229 0.167187 0.040625 0.051042
0 0.839063 0.698438 0.044792 0.032292
0 0.741146 0.500000 0.032292 0.043750
0 0.325000 0.114583 0.033333 0.043750
0 0.185938 0.881771 0.036458 0.040625
0 0.232813 0.795833 0.034375 0.039583
0 0.667188 0.426042 0.048958 0.039583
0 0.319271 0.965104 0.053125 0.034375
0 0.573438 0.663542 0.030208 0.043750
0 0.555729 0.083333 0.040625 0.020833
0 0.127604 0.805208 0.036458 0.043750
0 0.947917 0.946875 0.035417 0.052083
0 0.861458 0.361979 0.037500 0.053125
0 0.760417 0.851562 0.050000 0.028125
0 0.464062 0.224479 0.023958 0.046875
0 0.405729 0.150521 0.046875 0.038542
0 0.150000 0.940104 0.027083 0.040625
0 0.627083 0.206250 0.041667 0.031250
0 0.646354 0.172917 0.048958 0.041667
0 0.830729 0.689583 0.042708 0.037500
0 0.944271 0.662500 0.038542 0.047917
0 0.270833 0.580729 0.052083 0.051042
0 0.337500 0.957292 0.029167 0.037500
0 0.089583 0.919792 0.033333 0.047917
0 0.465104 0.672396 0.030208 0.040625
0 0.415104 0.218229 0.053125 0.053125
0 0.181771 0.091667 0.036458 0.047917
0 0.352604 0.232292 0.038542 0.027083
0 0.707292 0.670833 0.045833 0.022917
0 0.442188 0.589063 0.032292 0.040625
0 0.252604 0.950000 0.038542 0.043750
0 0.502083 0.631250 0.037500 0.025000
0 0.359375 0.449479 0.041667 0.055208
0 0.222917 0.680729 0.050000 0.038542
0 0.525521 0.161979 0.044792 0.028125
0 0.914583 0.633854 0.037500 0.053125
0 0.745833 0.221875 0.020833 0.039583
0 0.452604 0.307292 0.044792 0.025000
0 0.407292 0.341667 0.029167 0.045833
0 0.523958 0.647917 0.037500 0.025000
0 0.583854 0.907292 0.046875 0.029167