0 0.900521 0.818750 0.032292 0.039583
0 0.807292 0.241667 0.031250 0.037500
0 0.316667 0.319271 0.043750 0.042708
0 0.811979 0.127083 0.038542 0.052083
0 0.883854 0.556250 0.028125 0.050000
0 0.456250 0.685937 0.054167 0.048958
0 0.301563 0.537500 0.046875 0.052083
0 0.557292 0.118229 0.037500 0.044792
0 0.691146 0.281771 0.042708 0.023958
0 0.847917 0.394792 0.041667 0.039583
0 0.273958 0.573958 0.037500 0.041667
0 0.322396 0.485938 0.019792 0.038542
0 0.108854 0.446354 0.030208 0.040625
0 0.219271 0.198958 0.044792 0.033333
0 0.660937 0.216667 0.046875 0.022917
0 0.295833 0.218750 0.043750 0.025000
0 0.518229 0.212500 0.038542 0.031250
0 0.928646 0.643229 0.053125 0.053125
0 0.262500 0.174479 0.045833 0.055208
0 0.723437 0.604688 0.044792 0.042708
0 0.088542 0.869792 0.029167 0.037500
0 0.819792 0.539062 0.054167 0.038542
0 0.803646 0.778125 0.042708 0.027083
0 0.900521 0.959896 0.046875 0.038542
0 0.689583 0.092708 0.039583 0.041667
0 0.173958 0.936458 0.025000 0.037500
0 0.647917 0.355729 0.039583 0.048958
0 0.761458 0.693750 0.041667 0.047917
0 0.655729 0.132292 0.042708 0.041667
0 0.590625 0.714583 0.047917 0.050000
0 0.604688 0.704167 0.032292 0.047917
0 0.428125 0.522396 0.039583 0.036458
0 0.778646 0.227604 0.032292 0.046875
0 0.730729 0.894271 0.032292 0.053125
0 0.425521 0.303125 0.040625 0.047917
0 0.760938 0.162500 0.044792 0.025000
0 0.145313 0.365104 0.044792 0.051042
0 0.617708 0.333854 0.043750 0.042708
0 0.858854 0.570833 0.051042 0.031250
0 0.390104 0.633333 0.044792 0.033333
0 0.684375 0.788021 0.043750 0.030208
0 0.190104 0.897396 0.030208 0.040625
0 0.181771 0.147917 0.038542 0.047917
0 0.420833 0.709896 0.054167 0.042708
0 0.745313 0.199479 0.040625 0.034375
0 0.432812 0.466667 0.034375 0.052083
0 0.284896 0.521354 0.030208 0.048958
0 0.422917 0.917188 0.029167 0.044792
0 0.654167 0.363021 0.037500 0.023958
0 0.495312 0.655208 0.030208 0.050000
0 0.757812 0.843750 0.040625 0.020833
0 0.826042 0.573958 0.043750 0.052083
0 0.666146 0.494271 0.055208 0.044792
0 0.244792 0.106250 0.047917 0.037500
0 0.429167 0.334896 0.047917 0.055208
0 0.477083 0.881250 0.050000 0.029167
0 0.881771 0.750000 0.038542 0.043750
0 0.384896 0.181250 0.040625 0.022917
0 0.635938 0.135417 0.023958 0.045833
0 0.457292 0.854688 0.031250 0.040625
0 0.664062 0.175521 0.053125 0.030208
0 0.406771 0.882292 0.040625 0.054167
0 0.859375 0.104167 0.035417 0.052083
0 0.260937 0.144792 0.040625 0.020833
0 0.420312 0.935937 0.046875 0.048958
0 0.719271 0.866667 0.040625 0.054167
0 0.416146 0.150000 0.036458 0.020833
0 0.685937 0.936979 0.038542 0.021875
0 0.831771 0.270313 0.026042 0.040625
0 0.597917 0.229687 0.035417 0.044792
0 0.152604 0.560937 0.044792 0.028125
0 0.574479 0.363542 0.046875 0.027083
0 0.521875 0.117188 0.052083 0.032292
0 0.710417 0.653646 0.039583 0.036458
0 0.700521 0.534375 0.048958 0.041667
0 0.127604 0.860938 0.051042 0.040625
0 0.706771 0.105729 0.030208 0.040625
0 0.669271 0.304688 0.053125 0.053125
0 0.824479 0.941146 0.055208 0.040625
0 0.933854 0.402083 0.044792 0.047917
0 0.211458 0.118229 0.043750 0.040625
0 0.822917 0.451562 0.041667 0.048958
0 0.513021 0.900000 0.038542 0.047917
0 0.669271 0.254167 0.021875 0.043750
0 0.339062 0.270313 0.051042 0.028125
0 0.276042 0.148958 0.027083 0.041667
0 0.086458 0.859375 0.045833 0.052083
0 0.307812 0.668229 0.030208 0.044792
0 0.869271 0.899479 0.036458 0.046875
0 0.848437 0.482292 0.026042 0.045833
0 0.601042 0.121875 0.052083 0.039583
0 0.283333 0.853125 0.041667 0.027083
0 0.326042 0.751563 0.052083 0.053125
0 0.762500 0.270833 0.029167 0.041667
0 0.543750 0.632292 0.039583 0.020833
0 0.459375 0.908854 0.045833 0.040625
0 0.507292 0.100000 0.043750 0.033333
0 0.101562 0.360938 0.053125 0.034375
0 0.822917 0.813021 0.022917 0.044792
0 0.438021 0.171875 0.042708 0.037500
0 0.845833 0.345833 0.022917 0.037500
0 0.170313 0.523438 0.040625 0.038542
0 0.369792 0.914583 0.043750 0.033333
0 0.228125 0.159375 0.052083 0.041667
0 0.289583 0.519792 0.043750 0.045833
0 0.408333 0.325000 0.047917 0.037500
0 0.415625 0.248958 0.043750 0.022917
0 0.799479 0.881771 0.055208 0.046875
0 0.366146 0.502083 0.028125 0.039583
0 0.549479 0.411458 0.044792 0.047917
0 0.554167 0.510417 0.047917 0.037500
0 0.836458 0.394271 0.037500 0.040625
0 0.271354 0.754167 0.019792 0.035417
0 0.348438 0.634375 0.042708 0.027083
0 0.876563 0.649479 0.048958 0.030208
0 0.494792 0.423438 0.045833 0.055208
0 0.865625 0.801042 0.031250 0.050000
0 0.159375 0.648958 0.037500 0.033333
0 0.593229 0.423438 0.026042 0.046875
0 0.648438 0.224479 0.042708 0.055208
0 0.957292 0.226042 0.033333 0.037500
0 0.881771 0.235417 0.044792 0.047917
0 0.143750 0.704167 0.025000 0.037500
0 0.391667 0.335938 0.054167 0.048958
0 0.563542 0.663542 0.027083 0.037500
0 0.659896 0.385937 0.051042 0.042708
0 0.236979 0.829688 0.042708 0.055208
0 0.552083 0.696875 0.043750 0.025000
0 0.092708 0.186458 0.037500 0.025000
0 0.297396 0.099479 0.036458 0.040625
0 0.697396 0.845313 0.048958 0.023958
0 0.310417 0.394792 0.052083 0.037500
0 0.161458 0.471875 0.035417 0.037500
0 0.152604 0.776042 0.038542 0.033333
0 0.138021 0.541667 0.042708 0.029167
0 0.335938 0.884375 0.046875 0.052083
0 0.430729 0.241667 0.026042 0.039583
0 0.123438 0.482812 0.040625 0.044792
0 0.135417 0.089583 0.037500 0.025000
0 0.298958 0.116667 0.022917 0.037500
0 0.867188 0.108854 0.044792 0.030208
0 0.809896 0.168229 0.055208 0.044792
0 0.088542 0.450000 0.045833 0.029167
0 0.851562 0.129167 0.040625 0.047917
0 0.684375 0.120313 0.052083 0.051042
0 0.381771 0.300000 0.038542 0.043750
0 0.251042 0.203125 0.033333 0.037500
0 0.880729 0.143229 0.044792 0.040625
0 0.952604 0.257812 0.026042 0.044792
0 0.759375 0.799479 0.025000 0.042708
0 0.270833 0.322396 0.035417 0.017708
0 0.257812 0.518750 0.030208 0.043750
0 0.182812 0.661458 0.040625 0.020833
0 0.240625 0.121354 0.035417 0.048958
0 0.718229 0.634375 0.038542 0.052083
0 0.288021 0.096354 0.044792 0.040625
0 0.930729 0.653646 0.051042 0.040625
0 0.173437 0.565625 0.034375 0.052083
0 0.519271 0.157812 0.044792 0.030208
0 0.789583 0.412500 0.022917 0.037500
0 0.814063 0.780729 0.034375 0.046875
0 0.813021 0.126042 0.028125 0.043750
0 0.908333 0.570312 0.041667 0.048958
0 0.318229 0.597917 0.042708 0.029167
0 0.969792 0.206771 0.045833 0.055208
0 0.734375 0.342187 0.047917 0.046875
0 0.671875 0.526563 0.027083 0.051042
0 0.606250 0.113021 0.037500 0.044792
0 0.673438 0.406771 0.046875 0.055208
0 0.448958 0.464583 0.027083 0.037500
0 0.216667 0.167187 0.041667 0.021875
0 0.584375 0.409375 0.027083 0.047917
0 0.323958 0.129688 0.039583 0.034375
0 0.520312 0.605729 0.055208 0.044792
0 0.701042 0.179688 0.050000 0.040625
0 0.910937 0.855208 0.044792 0.027083
0 0.675521 0.542708 0.042708 0.039583
0 0.959375 0.104688 0.043750 0.055208
0 0.392188 0.531771 0.036458 0.051042
0 0.934896 0.647396 0.042708 0.021875
0 0.373437 0.240625 0.044792 0.052083
0 0.125000 0.262500 0.047917 0.037500
0 0.567708 0.697917 0.039583 0.052083
0 0.924479 0.722396 0.044792 0.051042
0 0.151042 0.528646 0.033333 0.048958
0 0.806771 0.135937 0.044792 0.051042
0 0.774479 0.554167 0.046875 0.052083
0 0.842708 0.834375 0.047917 0.050000
0 0.359375 0.520833 0.029167 0.045833
0 0.165104 0.363542 0.042708 0.029167
0 0.234896 0.800521 0.034375 0.040625
0 0.820833 0.572917 0.037500 0.035417
0 0.224479 0.723958 0.042708 0.054167
0 0.436979 0.210938 0.046875 0.026042
0 0.519271 0.671354 0.032292 0.040625
0 0.611458 0.457813 0.047917 0.053125
0 0.271875 0.573958 0.039583 0.052083
0 0.150521 0.258333 0.040625 0.022917
0 0.464583 0.698958 0.047917 0.035417
0 0.477604 0.659896 0.046875 0.026042
0 0.634896 0.629167 0.046875 0.045833
0 0.308854 0.326562 0.040625 0.051042
0 0.809896 0.557813 0.038542 0.051042
0 0.621354 0.356250 0.023958 0.037500
0 0.967708 0.909896 0.039583 0.023958
0 0.854167 0.254688 0.035417 0.040625
0 0.826562 0.386979 0.046875 0.036458
0 0.720313 0.408854 0.032292 0.044792
0 0.209896 0.680729 0.026042 0.040625
0 0.563542 0.943229 0.022917 0.038542
0 0.727083 0.696875 0.025000 0.041667
0 0.155208 0.795833 0.041667 0.037500
0 0.680729 0.322917 0.046875 0.033333
0 0.507292 0.835938 0.037500 0.038542
0 0.886458 0.403125 0.050000 0.050000
0 0.723958 0.082292 0.037500 0.052083
0 0.628125 0.417708 0.045833 0.043750
0 0.193750 0.331250 0.050000 0.031250
0 0.539062 0.879687 0.042708 0.021875
0 0.935937 0.778125 0.044792 0.045833
0 0.746354 0.203125 0.038542 0.031250
0 0.840625 0.091667 0.027083 0.041667
0 0.245833 0.111979 0.054167 0.048958
0 0.855729 0.794792 0.019792 0.039583
0 0.450000 0.369271 0.037500 0.044792
0 0.278125 0.386458 0.029167 0.045833
0 0.107292 0.630729 0.031250 0.053125
0 0.546354 0.226562 0.030208 0.044792
0 0.776563 0.524479 0.044792 0.040625
0 0.877604 0.131250 0.051042 0.035417
0 0.814583 0.736458 0.052083 0.039583
0 0.331250 0.494271 0.037500 0.044792
0 0.208333 0.127083 0.037500 0.033333
0 0.117188 0.571354 0.044792 0.051042
0 0.862500 0.351562 0.052083 0.032292
0 0.703646 0.409896 0.034375 0.046875
0 0.826042 0.620833 0.025000 0.037500
0 0.884375 0.278646 0.029167 0.051042
0 0.899479 0.875000 0.046875 0.052083
0 0.954167 0.082812 0.039583 0.053125
0 0.346354 0.417708 0.038542 0.043750
0 0.459896 0.115104 0.040625 0.036458
0 0.621354 0.235937 0.030208 0.048958
0 0.090104 0.686458 0.032292 0.039583
0 0.206250 0.634896 0.043750 0.028125
0 0.245312 0.641146 0.036458 0.046875
0 0.102083 0.415104 0.039583 0.019792
0 0.897917 0.284896 0.050000 0.053125
0 0.861458 0.722917 0.031250 0.043750
0 0.824479 0.150000 0.042708 0.039583
0 0.834375 0.245833 0.029167 0.041667
0 0.506771 0.142708 0.048958 0.052083
0 0.860417 0.486979 0.031250 0.040625
0 0.348958 0.947917 0.050000 0.050000
0 0.489063 0.476562 0.046875 0.032292
0 0.855729 0.908854 0.046875 0.038542
0 0.577604 0.711979 0.051042 0.026042
0 0.911458 0.149479 0.054167 0.038542
0 0.788021 0.725521 0.019792 0.038542
0 0.515625 0.479167 0.043750 0.037500
0 0.842187 0.252604 0.042708 0.023958
0 0.176042 0.561458 0.050000 0.047917
0 0.451042 0.948438 0.035417 0.044792
0 0.738021 0.300521 0.040625 0.036458
0 0.907292 0.183854 0.054167 0.042708
0 0.538021 0.848958 0.028125 0.043750
0 0.333333 0.094271 0.027083 0.042708
0 0.442188 0.181250 0.042708 0.027083
0 0.289062 0.418750 0.040625 0.047917
0 0.395833 0.248958 0.041667 0.029167
0 0.466146 0.139063 0.034375 0.046875
0 0.567708 0.601562 0.039583 0.036458
0 0.919792 0.255729 0.050000 0.042708
0 0.070833 0.847917 0.037500 0.035417
0 0.342708 0.456250 0.043750 0.052083
0 0.264583 0.225000 0.022917 0.039583
0 0.171875 0.428646 0.041667 0.044792
0 0.543229 0.682813 0.046875 0.055208
0 0.442708 0.712500 0.045833 0.043750
0 0.563542 0.877083 0.047917 0.033333
0 0.631250 0.500000 0.039583 0.052083
0 0.248958 0.267188 0.043750 0.030208
0 0.231771 0.637500 0.038542 0.035417
0 0.263542 0.506771 0.035417 0.044792
0 0.482812 0.915104 0.036458 0.051042
0 0.714583 0.319271 0.054167 0.048958
0 0.793229 0.095312 0.038542 0.021875
0 0.813542 0.461979 0.047917 0.032292
0 0.488542 0.494792 0.037500 0.035417
0 0.785937 0.256250 0.019792 0.039583
0 0.910937 0.436458 0.048958 0.037500
0 0.423438 0.400521 0.046875 0.028125
0 0.611979 0.436458 0.028125 0.050000
0 0.967708 0.324479 0.043750 0.026042
0 0.260417 0.914583 0.037500 0.035417
0 0.790625 0.588542 0.037500 0.027083
0 0.180208 0.217188 0.041667 0.055208
0 0.440625 0.947917 0.020833 0.039583
0 0.451562 0.898438 0.028125 0.051042
0 0.883333 0.795833 0.052083 0.039583
0 0.237500 0.288542 0.022917 0.039583
0 0.363542 0.370833 0.047917 0.037500
0 0.498958 0.497396 0.054167 0.048958
0 0.696875 0.429167 0.031250 0.037500
0 0.768750 0.366667 0.037500 0.022917
0 0.147396 0.478646 0.046875 0.048958
0 0.767708 0.227083 0.047917 0.041667
0 0.773958 0.600521 0.050000 0.034375
0 0.875521 0.896875 0.044792 0.054167
0 0.566667 0.461458 0.035417 0.047917
0 0.687500 0.800000 0.029167 0.045833
0 0.429688 0.521875 0.044792 0.045833
0 0.577083 0.444792 0.047917 0.041667
0 0.413542 0.782813 0.031250 0.040625
0 0.152604 0.748437 0.055208 0.046875
0 0.218750 0.720313 0.052083 0.032292
0 0.511458 0.951042 0.037500 0.035417
0 0.749479 0.754687 0.044792 0.040625
0 0.203646 0.186458 0.040625 0.047917
0 0.165625 0.963021 0.050000 0.038542
0 0.185938 0.891667 0.053125 0.037500
0 0.525521 0.629687 0.051042 0.053125
0 0.908854 0.142187 0.036458 0.051042
0 0.330208 0.294792 0.041667 0.027083
0 0.583333 0.553125 0.031250 0.050000
0 0.566667 0.146354 0.045833 0.034375
0 0.770312 0.747396 0.034375 0.040625
0 0.676042 0.671875 0.037500 0.043750
0 0.450521 0.303646 0.048958 0.046875
0 0.797396 0.478646 0.053125 0.051042
0 0.122917 0.275521 0.043750 0.030208
0 0.080729 0.703646 0.055208 0.044792
0 0.378125 0.265104 0.052083 0.051042
0 0.174479 0.292187 0.053125 0.034375
0 0.337500 0.355729 0.045833 0.036458
0 0.594792 0.594792 0.035417 0.043750
0 0.765104 0.897917 0.046875 0.052083
0 0.730729 0.176042 0.034375 0.043750
0 0.591146 0.923958 0.032292 0.039583
0 0.257292 0.726562 0.037500 0.021875
0 0.904167 0.102083 0.047917 0.052083
0 0.657813 0.439063 0.053125 0.030208
0 0.919271 0.104688 0.051042 0.028125
0 0.184375 0.127083 0.035417 0.037500
0 0.835417 0.488542 0.043750 0.045833
0 0.245312 0.557292 0.034375 0.037500
0 0.312500 0.360938 0.045833 0.055208
0 0.611458 0.650000 0.037500 0.035417
0 0.309375 0.118229 0.047917 0.046875
0 0.368229 0.815104 0.046875 0.055208
0 0.948958 0.598437 0.039583 0.030208
0 0.833854 0.697917 0.048958 0.027083
0 0.618750 0.671354 0.029167 0.044792
0 0.430729 0.630729 0.053125 0.032292
0 0.809375 0.617708 0.035417 0.037500
0 0.354687 0.600000 0.040625 0.054167
0 0.633854 0.219792 0.042708 0.037500
0 0.657292 0.645833 0.022917 0.043750
0 0.735417 0.460417 0.037500 0.035417
0 0.721875 0.735417 0.050000 0.050000
0 0.504687 0.864583 0.036458 0.020833
0 0.696354 0.501042 0.017708 0.035417
0 0.373958 0.634375 0.052083 0.045833
0 0.531771 0.493750 0.046875 0.043750
0 0.489583 0.735417 0.033333 0.016667
0 0.303646 0.480208 0.051042 0.047917
0 0.540625 0.770833 0.050000 0.033333
0 0.825521 0.279687 0.036458 0.051042
0 0.347396 0.482812 0.028125 0.044792
0 0.294271 0.486979 0.044792 0.028125
0 0.801562 0.965104 0.048958 0.044792
0 0.285938 0.564583 0.038542 0.035417
0 0.865625 0.510938 0.020833 0.036458
0 0.630729 0.263021 0.055208 0.042708
0 0.300000 0.210417 0.039583 0.025000
0 0.507812 0.681771 0.046875 0.040625
0 0.609896 0.130729 0.051042 0.053125
0 0.455208 0.292708 0.043750 0.035417
0 0.315104 0.707812 0.021875 0.038542
0 0.953646 0.809896 0.055208 0.038542
0 0.908854 0.341146 0.046875 0.055208
0 0.787500 0.143229 0.037500 0.038542
0 0.236979 0.207292 0.042708 0.020833
0 0.724479 0.927604 0.032292 0.044792
0 0.921354 0.228125 0.042708 0.047917
0 0.636458 0.475000 0.043750 0.052083
0 0.486979 0.266667 0.019792 0.039583
0 0.256771 0.896875 0.038542 0.029167
0 0.938021 0.495312 0.030208 0.048958
0 0.591146 0.625000 0.036458 0.043750
0 0.815625 0.488542 0.043750 0.052083
0 0.577604 0.469271 0.034375 0.053125
0 0.959375 0.579167 0.047917 0.041667
0 0.581771 0.405208 0.032292 0.047917
0 0.377604 0.888021 0.036458 0.040625
0 0.220312 0.251042 0.048958 0.027083
0 0.098958 0.493229 0.047917 0.046875
0 0.777083 0.544271 0.043750 0.048958
0 0.787500 0.116146 0.037500 0.038542
0 0.114062 0.482812 0.032292 0.040625
0 0.679688 0.576042 0.038542 0.025000
0 0.354167 0.419792 0.039583 0.052083
0 0.152083 0.550000 0.047917 0.041667
0 0.485417 0.847917 0.047917 0.039583
0 0.348438 0.497396 0.040625 0.038542
0 0.101562 0.745833 0.034375 0.039583
0 0.859896 0.172917 0.048958 0.052083
0 0.560417 0.610938 0.031250 0.051042
0 0.805208 0.760938 0.045833 0.032292
0 0.169792 0.226562 0.047917 0.046875
0 0.318229 0.970833 0.040625 0.047917
0 0.284896 0.385937 0.030208 0.040625
0 0.778125 0.423958 0.052083 0.045833
0 0.470833 0.503646 0.054167 0.042708
0 0.480729 0.491146 0.021875 0.038542
0 0.771875 0.427604 0.054167 0.040625
0 0.243229 0.260417 0.021875 0.037500
0 0.300521 0.359896 0.053125 0.051042
0 0.175000 0.720313 0.039583 0.044792
0 0.829688 0.794792 0.044792 0.052083
0 0.655729 0.402604 0.055208 0.036458
0 0.911458 0.545833 0.043750 0.025000
0 0.161458 0.829167 0.020833 0.039583
0 0.926042 0.521875 0.043750 0.033333
0 0.964063 0.685417 0.038542 0.047917
0 0.293229 0.769271 0.055208 0.046875
0 0.940625 0.869271 0.047917 0.028125
0 0.268229 0.682292 0.038542 0.031250
0 0.330729 0.542188 0.055208 0.044792
0 0.521875 0.720833 0.052083 0.047917
0 0.564063 0.106771 0.051042 0.044792
0 0.785937 0.195833 0.046875 0.031250
0 0.320312 0.127083 0.034375 0.047917
0 0.844792 0.225000 0.027083 0.037500
0 0.485938 0.441667 0.042708 0.039583
0 0.452083 0.714583 0.037500 0.031250
0 0.393750 0.129167 0.047917 0.027083
0 0.809896 0.748437 0.051042 0.038542
0 0.427083 0.124479 0.045833 0.026042
0 0.258854 0.569271 0.053125 0.034375
0 0.440104 0.391146 0.040625 0.044792
0 0.173437 0.188021 0.048958 0.032292
0 0.564063 0.863021 0.021875 0.038542
0 0.158854 0.787500 0.038542 0.052083
0 0.513021 0.345313 0.040625 0.034375
0 0.368229 0.197396 0.051042 0.038542
0 0.087500 0.356771 0.045833 0.026042
0 0.315104 0.560937 0.046875 0.048958
0 0.147396 0.959896 0.055208 0.040625
0 0.499479 0.675521 0.053125 0.053125
0 0.891146 0.917188 0.026042 0.040625
0 0.670312 0.564583 0.032292 0.043750
0 0.271875 0.415104 0.050000 0.053125
0 0.386979 0.819271 0.028125 0.044792
0 0.696354 0.458854 0.030208 0.040625
0 0.679688 0.683854 0.051042 0.042708
0 0.871875 0.265625 0.041667 0.020833
0 0.931771 0.661979 0.023958 0.042708
0 0.518229 0.566146 0.053125 0.053125
0 0.103646 0.240104 0.038542 0.038542
0 0.622396 0.702083 0.023958 0.043750
0 0.727604 0.309896 0.040625 0.038542
0 0.438542 0.752083 0.035417 0.037500
0 0.168229 0.222917 0.028125 0.043750
0 0.324479 0.169271 0.040625 0.030208
0 0.488021 0.140625 0.023958 0.041667
0 0.326042 0.071354 0.039583 0.034375
0 0.772396 0.780729 0.036458 0.040625
0 0.271354 0.376042 0.048958 0.035417
0 0.097917 0.359375 0.035417 0.037500
0 0.109896 0.500000 0.044792 0.035417
0 0.756250 0.388542 0.022917 0.045833
0 0.569271 0.104167 0.026042 0.041667
0 0.945312 0.489063 0.034375 0.040625
0 0.246354 0.259375 0.042708 0.031250
0 0.101562 0.499479 0.042708 0.023958
0 0.756250 0.423438 0.037500 0.044792
0 0.445312 0.148438 0.038542 0.040625
0 0.377083 0.126562 0.043750 0.026042
0 0.830208 0.708333 0.035417 0.047917
0 0.708333 0.792188 0.050000 0.034375
0 0.821875 0.316146 0.037500 0.044792
0 0.860417 0.126562 0.037500 0.021875
0 0.948958 0.696354 0.054167 0.044792
0 0.356250 0.155729 0.020833 0.042708
0 0.197396 0.123438 0.036458 0.040625
0 0.289583 0.899479 0.041667 0.044792
0 0.909375 0.824479 0.035417 0.048958
0 0.514062 0.661979 0.040625 0.046875
0 0.541667 0.105208 0.035417 0.020833
0 0.723437 0.212500 0.048958 0.041667
0 0.833854 0.641146 0.028125 0.046875
0 0.164583 0.191667 0.045833 0.043750
0 0.543750 0.846354 0.039583 0.026042
0 0.819271 0.634896 0.042708 0.055208
0 0.508333 0.493229 0.037500 0.044792
0 0.688542 0.535937 0.052083 0.034375
0 0.079167 0.409896 0.050000 0.053125
0 0.603125 0.450000 0.031250 0.045833
0 0.840625 0.140625 0.031250 0.037500
0 0.271875 0.448958 0.039583 0.052083
0 0.472396 0.231250 0.032292 0.047917
0 0.430729 0.301042 0.026042 0.045833
0 0.679167 0.303125 0.039583 0.052083
0 0.661979 0.580729 0.046875 0.048958
0 0.200000 0.591667 0.029167 0.037500
0 0.550521 0.496354 0.032292 0.040625
0 0.308333 0.602083 0.039583 0.047917
0 0.371875 0.880729 0.039583 0.034375
0 0.117708 0.407813 0.027083 0.042708
0 0.229167 0.138021 0.035417 0.044792
0 0.775521 0.656771 0.036458 0.040625
0 0.367708 0.089063 0.025000 0.038542
0 0.203125 0.130208 0.043750 0.035417
0 0.402083 0.933333 0.043750 0.035417
0 0.601562 0.667188 0.051042 0.053125
0 0.309896 0.367708 0.040625 0.041667
0 0.100000 0.598958 0.047917 0.037500
0 0.635417 0.320833 0.035417 0.043750
0 0.413021 0.282292 0.048958 0.039583
0 0.684375 0.342708 0.025000 0.047917
0 0.223438 0.816667 0.044792 0.025000
0 0.841146 0.229167 0.030208 0.039583
0 0.830729 0.374479 0.040625 0.036458
0 0.884896 0.430729 0.051042 0.042708
0 0.322917 0.627604 0.039583 0.023958
0 0.395833 0.488021 0.027083 0.038542
0 0.895312 0.485938 0.051042 0.040625
0 0.962500 0.586458 0.052083 0.045833
0 0.483333 0.308854 0.025000 0.046875
0 0.541667 0.940625 0.041667 0.039583
0 0.847396 0.826042 0.038542 0.027083
0 0.953125 0.450521 0.022917 0.038542
0 0.865104 0.568229 0.038542 0.040625
0 0.793229 0.963021 0.023958 0.046875
0 0.091146 0.838021 0.046875 0.026042
0 0.543750 0.208333 0.037500 0.025000
0 0.409375 0.495312 0.050000 0.038542
0 0.773958 0.557292 0.035417 0.037500
0 0.821875 0.568229 0.035417 0.053125
0 0.611979 0.255729 0.055208 0.036458
0 0.164583 0.307292 0.031250 0.050000
0 0.078646 0.150521 0.051042 0.053125
0 0.530729 0.349479 0.048958 0.030208
0 0.128646 0.832812 0.032292 0.046875
0 0.774479 0.151562 0.046875 0.034375
0 0.940104 0.235417 0.042708 0.039583
0 0.133333 0.379167 0.029167 0.050000
0 0.181771 0.855729 0.044792 0.055208
0 0.897396 0.205729 0.053125 0.051042
0 0.698438 0.681250 0.038542 0.031250
0 0.279687 0.881250 0.019792 0.037500
0 0.944792 0.876563 0.037500 0.048958
0 0.862500 0.928125 0.025000 0.043750
0 0.770312 0.700521 0.038542 0.021875
0 0.922917 0.785937 0.027083 0.040625
0 0.525000 0.677604 0.045833 0.023958
0 0.329688 0.101042 0.044792 0.047917
0 0.752604 0.250000 0.048958 0.041667
0 0.409896 0.819271 0.044792 0.055208
0 0.534375 0.416667 0.031250 0.037500
0 0.793229 0.148958 0.028125 0.043750
0 0.096354 0.204167 0.046875 0.052083
0 0.305208 0.665104 0.039583 0.038542
0 0.661979 0.755729 0.036458 0.051042
0 0.195833 0.289062 0.035417 0.040625
0 0.298958 0.377083 0.043750 0.033333
0 0.698958 0.516667 0.043750 0.025000
0 0.346354 0.834896 0.044792 0.040625
0 0.310937 0.458333 0.048958 0.037500
0 0.328646 0.082292 0.030208 0.039583
0 0.722917 0.843750 0.043750 0.025000
0 0.821354 0.680729 0.040625 0.028125
0 0.420312 0.967187 0.055208 0.042708
0 0.734375 0.646875 0.041667 0.052083
0 0.358333 0.928646 0.041667 0.021875
0 0.635938 0.788021 0.023958 0.042708
0 0.848437 0.090104 0.048958 0.032292
0 0.356771 0.551042 0.042708 0.037500
0 0.167708 0.225000 0.052083 0.045833
0 0.527604 0.274479 0.051042 0.042708
0 0.946875 0.511458 0.037500 0.033333
0 0.134375 0.103125 0.047917 0.025000
0 0.750521 0.881771 0.040625 0.019792
0 0.235417 0.136979 0.050000 0.038542
0 0.420833 0.731250 0.022917 0.043750
0 0.117188 0.182292 0.042708 0.027083
0 0.135937 0.958333 0.048958 0.033333
0 0.596354 0.283333 0.030208 0.050000
0 0.454688 0.779167 0.051042 0.047917
0 0.904687 0.405729 0.026042 0.051042
0 0.680729 0.929688 0.046875 0.038542
0 0.070312 0.535937 0.034375 0.040625
0 0.951562 0.723437 0.036458 0.017708
0 0.609896 0.095833 0.042708 0.029167
0 0.917188 0.641146 0.055208 0.042708
0 0.838021 0.208854 0.044792 0.044792
0 0.760938 0.086458 0.046875 0.029167
0 0.643229 0.230729 0.036458 0.055208
0 0.728125 0.298438 0.033333 0.040625
0 0.351562 0.348438 0.042708 0.051042
0 0.490104 0.187500 0.053125 0.041667
0 0.468229 0.123438 0.055208 0.038542
0 0.789583 0.718750 0.037500 0.018750
0 0.604688 0.936979 0.040625 0.034375
0 0.954167 0.097396 0.043750 0.026042
0 0.081771 0.295312 0.040625 0.046875
0 0.605208 0.213542 0.045833 0.045833
0 0.394792 0.187500 0.039583 0.041667
0 0.114583 0.889062 0.047917 0.046875
0 0.148438 0.571875 0.053125 0.039583
0 0.445833 0.787500 0.027083 0.037500
0 0.406250 0.119271 0.043750 0.030208
0 0.198958 0.465625 0.031250 0.041667
0 0.866667 0.681771 0.027083 0.042708
0 0.729167 0.767188 0.047917 0.044792
0 0.315104 0.082292 0.046875 0.033333
0 0.934896 0.388542 0.026042 0.045833
0 0.572917 0.591146 0.041667 0.042708
0 0.304688 0.430729 0.030208 0.040625
0 0.525521 0.484896 0.051042 0.042708
0 0.944792 0.423958 0.039583 0.022917
0 0.633333 0.928646 0.029167 0.044792
0 0.348438 0.927083 0.051042 0.029167
0 0.504687 0.621875 0.046875 0.027083
0 0.447917 0.874479 0.041667 0.042708
0 0.857292 0.716667 0.025000 0.043750
0 0.516146 0.740625 0.038542 0.052083
0 0.940625 0.699479 0.039583 0.036458
0 0.259375 0.538542 0.027083 0.045833
0 0.192188 0.654687 0.040625 0.028125
0 0.580729 0.417187 0.034375 0.040625
0 0.365104 0.391667 0.030208 0.047917
0 0.818229 0.732292 0.023958 0.037500
0 0.680729 0.617708 0.032292 0.039583
0 0.497396 0.080729 0.030208 0.051042
0 0.351562 0.577083 0.028125 0.050000
0 0.334896 0.765104 0.046875 0.023958
0 0.291667 0.606250 0.039583 0.020833
0 0.173958 0.704688 0.054167 0.040625
0 0.502604 0.279167 0.026042 0.047917
0 0.699479 0.068750 0.042708 0.031250
0 0.208333 0.089583 0.045833 0.029167
0 0.680208 0.221354 0.041667 0.023958
0 0.218229 0.368229 0.055208 0.042708
0 0.156250 0.148958 0.037500 0.035417
0 0.308333 0.275521 0.050000 0.053125
0 0.940625 0.888021 0.037500 0.038542
0 0.839583 0.718750 0.022917 0.037500
0 0.469271 0.222396 0.038542 0.038542
0 0.108854 0.518750 0.028125 0.041667
0 0.188021 0.932292 0.048958 0.025000
0 0.403646 0.701042 0.040625 0.052083
0 0.076563 0.210417 0.023958 0.037500
0 0.308854 0.261979 0.021875 0.038542
0 0.338542 0.251563 0.031250 0.040625
0 0.956250 0.691146 0.039583 0.028125
0 0.365625 0.363542 0.041667 0.039583
0 0.312500 0.884896 0.037500 0.053125
0 0.538021 0.377604 0.044792 0.030208
0 0.673958 0.172396 0.050000 0.026042
0 0.796875 0.359375 0.027083 0.037500
0 0.926042 0.718750 0.050000 0.029167
0 0.918750 0.106771 0.050000 0.053125
0 0.082292 0.593750 0.052083 0.045833
0 0.740625 0.797917 0.035417 0.037500