0 0.700521 0.103646 0.032292 0.048958
0 0.205729 0.575000 0.040625 0.054167
0 0.620833 0.732812 0.050000 0.036458
0 0.543229 0.776042 0.042708 0.039583
0 0.081771 0.930729 0.046875 0.026042
0 0.483333 0.123438 0.041667 0.044792
0 0.155729 0.650521 0.034375 0.051042
0 0.678646 0.667708 0.034375 0.039583
0 0.890104 0.306250 0.044792 0.052083
0 0.456250 0.733333 0.045833 0.027083
0 0.519792 0.528125 0.041667 0.052083
0 0.590104 0.556771 0.028125 0.044792
0 0.920312 0.497917 0.038542 0.033333
0 0.355208 0.307812 0.043750 0.040625
0 0.863542 0.797396 0.043750 0.055208
0 0.698958 0.806250 0.035417 0.047917
0 0.702604 0.259896 0.046875 0.023958
0 0.429167 0.508333 0.043750 0.045833
0 0.376042 0.696875 0.045833 0.052083
0 0.116667 0.521354 0.035417 0.044792
0 0.941146 0.233333 0.030208 0.039583
0 0.491667 0.710417 0.041667 0.029167
0 0.766667 0.933854 0.050000 0.028125
0 0.621875 0.278646 0.039583 0.036458
0 0.264062 0.310417 0.042708 0.037500
0 0.800000 0.106250 0.041667 0.031250
0 0.207292 0.697917 0.039583 0.047917
0 0.360417 0.353125 0.035417 0.037500
0 0.364583 0.699479 0.029167 0.051042
0 0.710417 0.492188 0.041667 0.023958
0 0.546875 0.457813 0.054167 0.044792
0 0.378125 0.214062 0.039583 0.038542
0 0.915625 0.738542 0.045833 0.043750
0 0.300521 0.275521 0.040625 0.026042
0 0.461458 0.119271 0.031250 0.051042
0 0.969271 0.666667 0.053125 0.035417
0 0.230729 0.697917 0.053125 0.037500
0 0.378646 0.891146 0.038542 0.051042
0 0.359896 0.636979 0.028125 0.040625
0 0.755729 0.309896 0.042708 0.044792
0 0.725000 0.232813 0.039583 0.038542
0 0.739062 0.628646 0.026042 0.046875
0 0.545833 0.545312 0.050000 0.053125
0 0.303125 0.902604 0.041667 0.021875
0 0.388542 0.634375 0.031250 0.037500
0 0.964583 0.794271 0.033333 0.040625
0 0.153125 0.785417 0.043750 0.045833
0 0.921875 0.380208 0.041667 0.037500
0 0.304167 0.496875 0.037500 0.033333
0 0.703646 0.530729 0.023958 0.042708
0 0.335417 0.935417 0.035417 0.043750
0 0.204687 0.522917 0.036458 0.052083
0 0.300521 0.879167 0.042708 0.039583
0 0.174479 0.619792 0.026042 0.045833
0 0.137500 0.403125 0.045833 0.045833
0 0.481250 0.254688 0.039583 0.034375
0 0.289062 0.605208 0.040625 0.047917
0 0.505208 0.217188 0.045833 0.034375
0 0.315104 0.148958 0.046875 0.043750
0 0.652083 0.472917 0.018750 0.035417
0 0.648438 0.557813 0.038542 0.040625
0 0.892708 0.153125 0.039583 0.020833
0 0.781250 0.345833 0.041667 0.039583
0 0.223958 0.743750 0.043750 0.045833
0 0.583854 0.715104 0.040625 0.026042
0 0.285938 0.484896 0.051042 0.026042
0 0.140104 0.157292 0.019792 0.037500
0 0.521354 0.657813 0.051042 0.038542
0 0.161979 0.361458 0.040625 0.054167
0 0.791667 0.434375 0.037500 0.027083
0 0.886458 0.422396 0.029167 0.046875
0 0.389062 0.157812 0.042708 0.044792
0 0.277604 0.314583 0.046875 0.052083
0 0.472917 0.745833 0.031250 0.050000
0 0.748958 0.865625 0.043750 0.027083
0 0.301042 0.633854 0.033333 0.053125
0 0.409375 0.355208 0.052083 0.045833
0 0.413021 0.566146 0.040625 0.036458
0 0.715104 0.923438 0.048958 0.046875
0 0.958854 0.146875 0.046875 0.045833
0 0.794792 0.810417 0.050000 0.050000
0 0.710417 0.139063 0.039583 0.034375
0 0.713542 0.527604 0.050000 0.028125
0 0.291667 0.550521 0.039583 0.028125
0 0.495312 0.367188 0.051042 0.042708
0 0.121354 0.677604 0.040625 0.036458
0 0.192708 0.325000 0.050000 0.031250
0 0.740104 0.105729 0.026042 0.040625
0 0.547917 0.373437 0.045833 0.048958
0 0.339583 0.429167 0.037500 0.031250
0 0.374479 0.327604 0.046875 0.048958
0 0.614583 0.315625 0.039583 0.022917
0 0.889583 0.510938 0.050000 0.044792
0 0.854167 0.071354 0.043750 0.028125
0 0.685937 0.225521 0.036458 0.040625
0 0.090104 0.203125 0.036458 0.052083
0 0.312500 0.816667 0.052083 0.043750
0 0.695312 0.403125 0.036458 0.047917
0 0.163542 0.778125 0.041667 0.039583
0 0.290104 0.225000 0.053125 0.039583
0 0.831250 0.505208 0.037500 0.035417
0 0.120833 0.912500 0.047917 0.033333
0 0.619792 0.260417 0.039583 0.047917
0 0.154167 0.845313 0.050000 0.044792
0 0.427083 0.615104 0.050000 0.034375
0 0.225521 0.288021 0.040625 0.032292
0 0.591146 0.140625 0.053125 0.045833
0 0.208333 0.109896 0.039583 0.036458
0 0.087500 0.075521 0.041667 0.044792
0 0.605208 0.921354 0.029167 0.044792
0 0.683333 0.960938 0.050000 0.034375
0 0.675000 0.667708 0.052083 0.041667
0 0.400000 0.620833 0.039583 0.020833
0 0.752083 0.956771 0.039583 0.044792
0 0.947396 0.200000 0.038542 0.018750
0 0.397917 0.459375 0.045833 0.029167
0 0.430208 0.389583 0.035417 0.020833
0 0.592708 0.827083 0.047917 0.037500
0 0.199479 0.499479 0.021875 0.038542
0 0.909375 0.910937 0.029167 0.040625
0 0.965625 0.541667 0.047917 0.039583
0 0.185938 0.890104 0.030208 0.044792
0 0.504167 0.573438 0.054167 0.036458
0 0.625521 0.596875 0.038542 0.027083
0 0.358333 0.117708 0.027083 0.047917
0 0.705208 0.509896 0.031250 0.048958
0 0.127083 0.420312 0.052083 0.051042
0 0.411458 0.923438 0.039583 0.038542
0 0.770833 0.185417 0.052083 0.037500
0 0.752083 0.239063 0.047917 0.046875
0 0.160938 0.707292 0.026042 0.041667
0 0.484896 0.638021 0.055208 0.046875
0 0.188021 0.953646 0.048958 0.044792
0 0.147396 0.740625 0.038542 0.029167
0 0.077083 0.142187 0.045833 0.036458
0 0.583333 0.139063 0.039583 0.048958
0 0.368750 0.081250 0.047917 0.037500
0 0.262500 0.227604 0.039583 0.030208
0 0.781250 0.461458 0.027083 0.041667
0 0.701042 0.823438 0.052083 0.032292
0 0.850521 0.594792 0.048958 0.033333
0 0.344792 0.697396 0.037500 0.021875
0 0.493750 0.317708 0.027083 0.037500
0 0.479687 0.484375 0.034375 0.047917
0 0.670312 0.426042 0.034375 0.039583
0 0.634375 0.106771 0.039583 0.044792
0 0.934896 0.787500 0.044792 0.052083
0 0.576042 0.265625 0.035417 0.022917
0 0.086979 0.098958 0.048958 0.025000
0 0.844271 0.809896 0.046875 0.038542
0 0.853646 0.384375 0.048958 0.052083
0 0.602604 0.602604 0.051042 0.040625
0 0.538021 0.662500 0.017708 0.035417
0 0.809896 0.481250 0.026042 0.037500
0 0.361979 0.903646 0.044792 0.051042
0 0.300000 0.685937 0.039583 0.028125
0 0.889583 0.866146 0.054167 0.042708
0 0.295312 0.167708 0.038542 0.035417
0 0.214583 0.939583 0.041667 0.052083
0 0.661979 0.156250 0.038542 0.033333
0 0.361979 0.943229 0.040625 0.038542
0 0.468229 0.629687 0.040625 0.044792
0 0.421354 0.319271 0.048958 0.046875
0 0.256771 0.246354 0.026042 0.040625
0 0.484375 0.753646 0.050000 0.038542
0 0.141667 0.300000 0.052083 0.043750
0 0.818750 0.183854 0.039583 0.038542
0 0.953646 0.171875 0.034375 0.039583
0 0.895312 0.366667 0.046875 0.043750
0 0.525000 0.578646 0.050000 0.044792
0 0.501563 0.770833 0.023958 0.037500
0 0.532813 0.671354 0.044792 0.030208
0 0.357292 0.489583 0.025000 0.043750
0 0.367188 0.186458 0.040625 0.022917
0 0.224479 0.372396 0.026042 0.046875
0 0.215104 0.329688 0.048958 0.046875
0 0.826042 0.293750 0.050000 0.050000
0 0.243229 0.161458 0.038542 0.031250
0 0.160417 0.813542 0.025000 0.041667
0 0.593229 0.098958 0.046875 0.052083
0 0.823438 0.825521 0.032292 0.044792
0 0.395833 0.238542 0.047917 0.050000
0 0.908854 0.341667 0.036458 0.043750
0 0.167187 0.239583 0.030208 0.039583
0 0.820833 0.704688 0.045833 0.055208
0 0.605208 0.469792 0.043750 0.035417
0 0.156771 0.105729 0.042708 0.044792
0 0.869271 0.152083 0.019792 0.035417
0 0.652604 0.177083 0.046875 0.027083
0 0.262500 0.894271 0.052083 0.053125
0 0.439583 0.400000 0.035417 0.037500
0 0.088021 0.421354 0.040625 0.044792
0 0.345833 0.539062 0.047917 0.046875
0 0.489063 0.259375 0.028125 0.041667
0 0.188542 0.924479 0.050000 0.038542
0 0.291667 0.486979 0.022917 0.038542
0 0.287500 0.353646 0.033333 0.040625
0 0.674479 0.540104 0.053125 0.051042
0 0.783333 0.683333 0.029167 0.037500
0 0.725521 0.283333 0.044792 0.037500
0 0.920833 0.305729 0.043750 0.048958
0 0.321354 0.621875 0.042708 0.029167
0 0.075521 0.329688 0.019792 0.038542
0 0.411979 0.450000 0.036458 0.022917
0 0.551042 0.689063 0.050000 0.036458
0 0.634896 0.159896 0.034375 0.048958
0 0.618750 0.317188 0.054167 0.046875
0 0.947917 0.135937 0.033333 0.048958
0 0.937500 0.864583 0.050000 0.031250
0 0.374479 0.116146 0.048958 0.034375
0 0.639583 0.587500 0.050000 0.033333
0 0.241667 0.258333 0.031250 0.041667
0 0.071354 0.504687 0.032292 0.046875
0 0.461458 0.783854 0.043750 0.055208
0 0.605208 0.367188 0.035417 0.040625
0 0.645833 0.413021 0.050000 0.040625
0 0.776042 0.763021 0.029167 0.051042
0 0.230729 0.796875 0.048958 0.052083
0 0.242708 0.948438 0.035417 0.044792
0 0.549479 0.885938 0.053125 0.030208
0 0.516667 0.242188 0.050000 0.034375
0 0.239583 0.380208 0.047917 0.039583
0 0.202083 0.785417 0.039583 0.052083
0 0.133333 0.222396 0.045833 0.040625
0 0.163021 0.615104 0.046875 0.038542
0 0.704688 0.200000 0.051042 0.033333
0 0.335417 0.605208 0.052083 0.035417
0 0.925000 0.623958 0.039583 0.047917
0 0.617188 0.447396 0.042708 0.055208
0 0.488542 0.105729 0.045833 0.055208
0 0.378646 0.878125 0.046875 0.043750
0 0.756250 0.231250 0.029167 0.041667
0 0.936979 0.696875 0.040625 0.025000
0 0.179688 0.699479 0.051042 0.042708
0 0.472917 0.677604 0.052083 0.034375
0 0.686979 0.137500 0.034375 0.039583
0 0.098437 0.514583 0.040625 0.041667
0 0.231250 0.945833 0.037500 0.022917
0 0.210938 0.283333 0.044792 0.033333
0 0.663542 0.564063 0.033333 0.040625
0 0.514062 0.139583 0.038542 0.047917
0 0.771354 0.285417 0.051042 0.050000
0 0.616146 0.198958 0.034375 0.039583
0 0.686458 0.359896 0.031250 0.048958
0 0.791146 0.525000 0.026042 0.039583
0 0.914062 0.713021 0.046875 0.048958
0 0.270313 0.216146 0.044792 0.042708
0 0.685937 0.778646 0.053125 0.034375
0 0.616667 0.858854 0.039583 0.053125
0 0.629687 0.523958 0.019792 0.035417
0 0.907813 0.946354 0.023958 0.042708
0 0.066146 0.596354 0.021875 0.038542
0 0.200000 0.704167 0.037500 0.041667
0 0.804688 0.127604 0.046875 0.036458
0 0.947396 0.450000 0.048958 0.033333
0 0.507292 0.311979 0.054167 0.040625
0 0.165625 0.086458 0.043750 0.052083
0 0.160417 0.246875 0.050000 0.050000
0 0.500000 0.927604 0.035417 0.044792
0 0.652083 0.166667 0.035417 0.047917
0 0.364583 0.279687 0.039583 0.036458
0 0.461979 0.867708 0.053125 0.039583
0 0.915625 0.348438 0.050000 0.053125
0 0.355208 0.397396 0.033333 0.040625
0 0.480208 0.453125 0.022917 0.039583
0 0.224479 0.801562 0.042708 0.021875
0 0.398958 0.096354 0.033333 0.048958
0 0.589583 0.178646 0.045833 0.023958
0 0.915104 0.498958 0.046875 0.029167
0 0.076042 0.937500 0.041667 0.027083
0 0.542708 0.399479 0.050000 0.042708
0 0.165104 0.459896 0.053125 0.034375
0 0.629167 0.260937 0.047917 0.053125
0 0.560417 0.910417 0.045833 0.029167
0 0.423958 0.474479 0.039583 0.030208
0 0.275000 0.268750 0.037500 0.022917
0 0.754687 0.140625 0.038542 0.031250
0 0.852083 0.313542 0.043750 0.045833
0 0.875000 0.231771 0.043750 0.040625
0 0.813021 0.236979 0.048958 0.030208
0 0.550000 0.665625 0.043750 0.027083
0 0.689063 0.355208 0.053125 0.045833
0 0.210938 0.082292 0.053125 0.037500
0 0.132812 0.479687 0.038542 0.046875
0 0.888542 0.603646 0.043750 0.048958
0 0.528125 0.367708 0.035417 0.043750
0 0.267188 0.491667 0.053125 0.035417
0 0.684896 0.775521 0.044792 0.055208
0 0.111979 0.425521 0.026042 0.046875
0 0.581771 0.535937 0.051042 0.036458
0 0.592708 0.662500 0.027083 0.037500
0 0.548438 0.363021 0.040625 0.030208
0 0.358854 0.335417 0.048958 0.041667
0 0.096354 0.855208 0.053125 0.037500
0 0.708333 0.313021 0.039583 0.044792
0 0.727083 0.621875 0.041667 0.027083
0 0.208854 0.695833 0.040625 0.054167
0 0.749479 0.198958 0.053125 0.047917
0 0.666667 0.191667 0.035417 0.047917
0 0.771875 0.078125 0.052083 0.037500
0 0.376563 0.758854 0.048958 0.046875
0 0.729167 0.328125 0.035417 0.052083
0 0.748437 0.318229 0.044792 0.040625
0 0.219792 0.147396 0.045833 0.032292
0 0.330729 0.345833 0.042708 0.054167
0 0.352083 0.650521 0.039583 0.038542
0 0.701042 0.798438 0.043750 0.048958
0 0.197396 0.583854 0.048958 0.032292
0 0.873437 0.539062 0.053125 0.053125
0 0.392188 0.601562 0.055208 0.042708
0 0.318750 0.908854 0.054167 0.051042
0 0.526042 0.874479 0.045833 0.055208
0 0.197917 0.324479 0.043750 0.042708
0 0.554167 0.961979 0.045833 0.038542
0 0.405208 0.528646 0.039583 0.038542
0 0.401562 0.388021 0.046875 0.038542
0 0.717187 0.093229 0.053125 0.030208
0 0.203646 0.232292 0.030208 0.039583
0 0.660417 0.383333 0.035417 0.037500
0 0.088542 0.202604 0.045833 0.048958
0 0.355208 0.307812 0.045833 0.034375
0 0.780208 0.264583 0.022917 0.035417
0 0.095833 0.519271 0.043750 0.021875
0 0.461979 0.941667 0.028125 0.050000
0 0.340625 0.747917 0.043750 0.045833
0 0.619271 0.587500 0.053125 0.047917
0 0.460938 0.540625 0.051042 0.033333
0 0.757292 0.957292 0.043750 0.037500
0 0.834375 0.342708 0.031250 0.037500
0 0.334896 0.957292 0.044792 0.047917
0 0.832292 0.506250 0.027083 0.037500
0 0.720833 0.894271 0.050000 0.040625
0 0.882292 0.336458 0.037500 0.025000
0 0.168750 0.120833 0.035417 0.037500
0 0.877083 0.343750 0.037500 0.031250
0 0.239583 0.837500 0.033333 0.043750
0 0.437500 0.128125 0.018750 0.035417
0 0.595833 0.810937 0.045833 0.032292
0 0.432292 0.627083 0.033333 0.037500
0 0.429167 0.611458 0.045833 0.052083
0 0.516667 0.473958 0.050000 0.029167
0 0.859375 0.540104 0.039583 0.028125
0 0.111979 0.674479 0.046875 0.055208
0 0.492188 0.894792 0.038542 0.047917
0 0.451042 0.144792 0.050000 0.029167
0 0.461458 0.364063 0.025000 0.038542
0 0.851562 0.958854 0.021875 0.038542
0 0.281250 0.113021 0.039583 0.030208
0 0.886458 0.342708 0.037500 0.025000
0 0.648438 0.109375 0.044792 0.045833
0 0.475521 0.836458 0.038542 0.047917
0 0.859896 0.751563 0.051042 0.030208
0 0.505729 0.738542 0.051042 0.035417
0 0.479167 0.968750 0.031250 0.043750
0 0.210938 0.833333 0.034375 0.043750
0 0.901563 0.111979 0.046875 0.055208
0 0.203646 0.201042 0.042708 0.037500
0 0.492188 0.939583 0.051042 0.033333
0 0.713542 0.548438 0.039583 0.044792
0 0.388542 0.096875 0.043750 0.045833
0 0.512500 0.877604 0.039583 0.026042
0 0.734375 0.902604 0.029167 0.044792
0 0.269271 0.534375 0.034375 0.047917
0 0.327604 0.145313 0.023958 0.038542
0 0.230208 0.919271 0.041667 0.055208
0 0.157812 0.444792 0.023958 0.037500
0 0.357812 0.663542 0.019792 0.035417
0 0.854167 0.596354 0.039583 0.026042
0 0.235937 0.418750 0.038542 0.043750
0 0.725521 0.417187 0.026042 0.046875
0 0.734896 0.115625 0.044792 0.033333
0 0.330208 0.663542 0.039583 0.052083
0 0.704688 0.940104 0.026042 0.044792
0 0.626563 0.847917 0.036458 0.037500
0 0.496354 0.278646 0.048958 0.046875
0 0.104167 0.331771 0.043750 0.040625
0 0.474479 0.760938 0.044792 0.042708
0 0.619792 0.909896 0.039583 0.038542
0 0.419271 0.111979 0.040625 0.038542
0 0.626563 0.661979 0.055208 0.042708
0 0.131250 0.189583 0.022917 0.045833
0 0.385937 0.645833 0.036458 0.037500
0 0.461458 0.589583 0.050000 0.050000
0 0.555208 0.693229 0.027083 0.051042
0 0.917708 0.532292 0.045833 0.043750
0 0.210938 0.554688 0.042708 0.023958
0 0.756250 0.215625 0.037500 0.022917
0 0.189583 0.571875 0.025000 0.047917
0 0.882292 0.273438 0.045833 0.038542
0 0.125000 0.355729 0.039583 0.030208
0 0.285417 0.203646 0.031250 0.040625
0 0.697396 0.308854 0.034375 0.048958
0 0.588542 0.725000 0.045833 0.033333
0 0.925521 0.086458 0.042708 0.027083
0 0.457813 0.485938 0.042708 0.055208
0 0.191667 0.395833 0.018750 0.035417
0 0.666146 0.865625 0.036458 0.020833
0 0.401042 0.885938 0.037500 0.019792
0 0.847396 0.245312 0.036458 0.040625
0 0.238021 0.688542 0.038542 0.035417
0 0.525000 0.557813 0.033333 0.044792
0 0.208854 0.372396 0.048958 0.046875
0 0.247396 0.671354 0.053125 0.032292
0 0.855208 0.208333 0.018750 0.035417
0 0.869792 0.230729 0.031250 0.048958
0 0.772917 0.484896 0.039583 0.023958
0 0.890104 0.407813 0.044792 0.026042
0 0.079687 0.098958 0.038542 0.047917
0 0.802083 0.513542 0.047917 0.033333
0 0.484896 0.409375 0.046875 0.031250
0 0.531250 0.941667 0.025000 0.043750
0 0.314583 0.198958 0.047917 0.052083
0 0.095833 0.158333 0.041667 0.029167
0 0.302083 0.393750 0.035417 0.043750
0 0.455729 0.597396 0.046875 0.038542
0 0.759896 0.607812 0.040625 0.026042
0 0.911979 0.690625 0.034375 0.052083
0 0.098437 0.833854 0.038542 0.019792
0 0.323437 0.682292 0.030208 0.043750
0 0.429167 0.800521 0.039583 0.044792
0 0.476042 0.393750 0.047917 0.050000
0 0.738542 0.644792 0.035417 0.037500
0 0.575000 0.248438 0.033333 0.040625
0 0.619271 0.529687 0.044792 0.044792
0 0.714583 0.436979 0.033333 0.040625
0 0.775000 0.453125 0.037500 0.025000
0 0.834375 0.747396 0.035417 0.053125
0 0.681771 0.145313 0.048958 0.046875
0 0.459375 0.196354 0.045833 0.048958
0 0.240625 0.413021 0.039583 0.023958
0 0.366146 0.077083 0.026042 0.037500
0 0.141667 0.912500 0.027083 0.041667
0 0.072917 0.168750 0.033333 0.052083
0 0.456771 0.652083 0.036458 0.018750
0 0.240104 0.952083 0.046875 0.031250
0 0.281771 0.598437 0.046875 0.034375
0 0.581771 0.698438 0.040625 0.038542
0 0.920833 0.094792 0.025000 0.041667
0 0.202083 0.076563 0.029167 0.046875
0 0.588542 0.539583 0.037500 0.018750
0 0.450000 0.401562 0.050000 0.036458
0 0.731771 0.630208 0.023958 0.041667
0 0.322917 0.513021 0.041667 0.044792
0 0.123958 0.866146 0.045833 0.026042
0 0.784896 0.824479 0.026042 0.044792
0 0.576562 0.132292 0.036458 0.037500
0 0.271354 0.166667 0.053125 0.043750
0 0.390104 0.782292 0.044792 0.054167
0 0.963542 0.963021 0.045833 0.032292
0 0.618750 0.339583 0.047917 0.033333
0 0.792708 0.345313 0.037500 0.038542
0 0.192708 0.428646 0.045833 0.023958
0 0.582292 0.381771 0.045833 0.034375
0 0.489583 0.332292 0.037500 0.022917
0 0.343750 0.171354 0.025000 0.046875
0 0.409375 0.570312 0.031250 0.048958
0 0.751042 0.098958 0.025000 0.037500
0 0.640625 0.384375 0.037500 0.025000
0 0.294792 0.763542 0.047917 0.041667
0 0.847396 0.858333 0.036458 0.020833
0 0.428125 0.247396 0.035417 0.044792
0 0.792708 0.717708 0.035417 0.043750
0 0.792708 0.878125 0.050000 0.029167
0 0.122917 0.646354 0.037500 0.048958
0 0.562500 0.427083 0.043750 0.045833
0 0.733333 0.868750 0.037500 0.035417
0 0.163021 0.744792 0.034375 0.043750
0 0.523958 0.543750 0.043750 0.052083
0 0.692187 0.581250 0.048958 0.033333
0 0.609375 0.605729 0.035417 0.048958
0 0.358854 0.250521 0.044792 0.040625
0 0.274479 0.106250 0.038542 0.031250
0 0.844271 0.118229 0.051042 0.036458
0 0.489583 0.547917 0.037500 0.029167
0 0.397917 0.729688 0.029167 0.040625
0 0.163021 0.303125 0.034375 0.039583
0 0.264062 0.119792 0.028125 0.039583
0 0.270833 0.566146 0.035417 0.048958
0 0.345313 0.078646 0.051042 0.034375
0 0.682292 0.135937 0.025000 0.046875
0 0.125521 0.137500 0.030208 0.050000
0 0.239583 0.576042 0.022917 0.037500
0 0.224479 0.919792 0.026042 0.047917
0 0.554688 0.170313 0.034375 0.040625
0 0.068229 0.927083 0.030208 0.039583
0 0.878125 0.178646 0.045833 0.048958
0 0.843229 0.791146 0.040625 0.051042
0 0.145313 0.214583 0.040625 0.047917
0 0.830729 0.544271 0.042708 0.023958
0 0.860938 0.584375 0.034375 0.052083