0 0.577604 0.820833 0.044792 0.033333
0 0.130729 0.403125 0.019792 0.035417
0 0.878646 0.209896 0.051042 0.028125
0 0.593750 0.815104 0.047917 0.028125
0 0.843750 0.284375 0.039583 0.052083
0 0.510417 0.508854 0.054167 0.044792
0 0.344271 0.417187 0.038542 0.040625
0 0.094271 0.667188 0.044792 0.055208
0 0.309896 0.913542 0.034375 0.039583
0 0.097917 0.278125 0.037500 0.035417
0 0.291146 0.621875 0.051042 0.050000
0 0.892708 0.969271 0.047917 0.048958
0 0.575000 0.521875 0.050000 0.031250
0 0.306771 0.721354 0.055208 0.036458
0 0.550521 0.912500 0.038542 0.031250
0 0.642188 0.651042 0.028125 0.041667
0 0.311458 0.434896 0.037500 0.048958
0 0.793750 0.282813 0.043750 0.030208
0 0.077083 0.364583 0.045833 0.043750
0 0.815104 0.480208 0.053125 0.047917
0 0.470833 0.098437 0.047917 0.046875
0 0.918750 0.454167 0.043750 0.033333
0 0.137500 0.876042 0.047917 0.041667
0 0.552083 0.238021 0.037500 0.048958
0 0.313542 0.566667 0.043750 0.035417
0 0.452604 0.272396 0.040625 0.036458
0 0.800000 0.840104 0.050000 0.034375
0 0.108854 0.136458 0.036458 0.020833
0 0.944271 0.947917 0.038542 0.025000
0 0.343750 0.648958 0.052083 0.043750
0 0.693229 0.287500 0.038542 0.035417
0 0.670833 0.928125 0.052083 0.047917
0 0.213021 0.227083 0.036458 0.043750
0 0.686458 0.741146 0.037500 0.021875
0 0.121875 0.085417 0.047917 0.039583
0 0.677604 0.795312 0.046875 0.048958
0 0.743750 0.260937 0.027083 0.042708
0 0.154167 0.077083 0.035417 0.037500
0 0.365625 0.203646 0.018750 0.036458
0 0.453125 0.926562 0.041667 0.048958
0 0.390625 0.176042 0.033333 0.037500
0 0.892188 0.329688 0.028125 0.051042
0 0.481771 0.954167 0.048958 0.041667
0 0.715625 0.710938 0.045833 0.055208
0 0.605729 0.829167 0.046875 0.043750
0 0.074479 0.516667 0.038542 0.031250
0 0.336458 0.279687 0.043750 0.042708
0 0.226562 0.741667 0.048958 0.039583
0 0.940104 0.544792 0.030208 0.043750
0 0.283854 0.669271 0.046875 0.040625
0 0.970833 0.284375 0.050000 0.033333
0 0.961979 0.690104 0.048958 0.028125
0 0.704688 0.189583 0.046875 0.031250
0 0.691667 0.106250 0.022917 0.039583
0 0.265625 0.913542 0.050000 0.050000
0 0.915625 0.351042 0.029167 0.037500
0 0.104167 0.566146 0.047917 0.046875
0 0.103125 0.950000 0.045833 0.043750
0 0.470313 0.573958 0.044792 0.045833
0 0.728646 0.429688 0.038542 0.040625
0 0.865104 0.290625 0.051042 0.033333
0 0.705208 0.666146 0.050000 0.040625
0 0.378646 0.867708 0.048958 0.041667
0 0.601042 0.402604 0.033333 0.053125
0 0.503646 0.798958 0.042708 0.039583
0 0.647396 0.808854 0.055208 0.036458
0 0.519792 0.224479 0.033333 0.053125
0 0.214062 0.766146 0.044792 0.040625
0 0.673438 0.777604 0.036458 0.046875
0 0.829688 0.308854 0.044792 0.040625
0 0.804688 0.829688 0.034375 0.053125
0 0.482812 0.559896 0.040625 0.030208
0 0.936979 0.877083 0.028125 0.045833
0 0.199479 0.147917 0.019792 0.037500
0 0.900000 0.402083 0.047917 0.037500
0 0.691667 0.171875 0.050000 0.050000
0 0.116667 0.914583 0.037500 0.047917
0 0.664583 0.866146 0.039583 0.034375
0 0.573438 0.761979 0.040625 0.034375
0 0.076563 0.247917 0.019792 0.037500
0 0.411458 0.352083 0.052083 0.033333
0 0.226562 0.773438 0.040625 0.034375
0 0.636979 0.396875 0.044792 0.035417
0 0.761458 0.551042 0.022917 0.037500
0 0.425000 0.470833 0.037500 0.022917
0 0.191146 0.728125 0.028125 0.045833
0 0.270313 0.265104 0.044792 0.032292
0 0.166146 0.853125 0.042708 0.047917
0 0.087500 0.728125 0.025000 0.041667
0 0.440104 0.425521 0.038542 0.046875
0 0.621354 0.489063 0.034375 0.040625
0 0.075521 0.226042 0.026042 0.039583
0 0.650000 0.888542 0.041667 0.052083
0 0.100521 0.863542 0.044792 0.037500
0 0.395313 0.967187 0.036458 0.051042
0 0.349479 0.826042 0.040625 0.047917
0 0.662500 0.670833 0.041667 0.039583
0 0.870313 0.505729 0.038542 0.021875
0 0.206250 0.864062 0.039583 0.032292
0 0.671875 0.502604 0.037500 0.048958
0 0.885938 0.190625 0.017708 0.035417
0 0.747917 0.579688 0.037500 0.021875
0 0.723437 0.807813 0.034375 0.046875
0 0.407292 0.591146 0.050000 0.044792
0 0.811979 0.493750 0.030208 0.047917
0 0.796875 0.129167 0.050000 0.033333
0 0.856250 0.457292 0.045833 0.043750
0 0.110937 0.376042 0.023958 0.037500
0 0.932813 0.148438 0.053125 0.032292
0 0.787500 0.096354 0.016667 0.034375
0 0.926042 0.402083 0.047917 0.025000
0 0.521354 0.380729 0.023958 0.046875
0 0.159375 0.170313 0.052083 0.053125
0 0.356250 0.294271 0.050000 0.044792
0 0.342708 0.695312 0.020833 0.040625
0 0.792188 0.551042 0.030208 0.050000
0 0.077604 0.382812 0.046875 0.026042
0 0.405729 0.426042 0.046875 0.043750
0 0.198958 0.445312 0.039583 0.019792
0 0.684896 0.408854 0.046875 0.055208
0 0.621354 0.745313 0.040625 0.030208
0 0.150521 0.077604 0.038542 0.038542
0 0.895833 0.700000 0.039583 0.020833
0 0.543750 0.245312 0.027083 0.048958
0 0.551562 0.870313 0.036458 0.046875
0 0.427083 0.865625 0.020833 0.039583
0 0.747396 0.572917 0.048958 0.025000
0 0.150521 0.194792 0.046875 0.045833
0 0.931250 0.304688 0.045833 0.026042
0 0.244792 0.917708 0.035417 0.047917
0 0.410938 0.672396 0.046875 0.048958
0 0.626563 0.750000 0.038542 0.052083
0 0.143229 0.126042 0.038542 0.037500
0 0.781771 0.440104 0.038542 0.040625
0 0.295312 0.792188 0.042708 0.051042
0 0.181771 0.403646 0.038542 0.055208
0 0.332813 0.156771 0.044792 0.042708
0 0.316146 0.571354 0.040625 0.032292
0 0.341667 0.873958 0.043750 0.033333
0 0.601562 0.646354 0.032292 0.048958
0 0.477083 0.321875 0.043750 0.037500
0 0.901563 0.442188 0.030208 0.048958
0 0.152604 0.167708 0.048958 0.041667
0 0.827083 0.844792 0.041667 0.039583
0 0.376563 0.200521 0.036458 0.051042
0 0.311458 0.267708 0.029167 0.041667
0 0.775000 0.384375 0.037500 0.022917
0 0.624479 0.796875 0.030208 0.043750
0 0.587500 0.857292 0.035417 0.020833
0 0.432812 0.280208 0.023958 0.043750
0 0.326562 0.292708 0.044792 0.033333
0 0.604688 0.731771 0.044792 0.055208
0 0.262500 0.699479 0.037500 0.040625
0 0.600000 0.905208 0.041667 0.029167
0 0.484896 0.953125 0.036458 0.047917
0 0.954688 0.955729 0.044792 0.040625
0 0.336458 0.864583 0.037500 0.022917
0 0.271875 0.146875 0.025000 0.037500
0 0.179167 0.522396 0.047917 0.046875
0 0.675000 0.415104 0.018750 0.036458
0 0.288021 0.587500 0.048958 0.039583
0 0.854688 0.512500 0.030208 0.047917
0 0.081250 0.800521 0.031250 0.051042
0 0.504167 0.423438 0.041667 0.021875
0 0.194271 0.758854 0.032292 0.044792
0 0.473438 0.919792 0.046875 0.031250
0 0.467708 0.445312 0.043750 0.055208
0 0.531250 0.938542 0.020833 0.035417
0 0.937500 0.259375 0.043750 0.025000
0 0.174479 0.950521 0.042708 0.044792
0 0.646875 0.581250 0.035417 0.037500
0 0.779167 0.205208 0.043750 0.037500
0 0.868750 0.972396 0.035417 0.053125
0 0.763021 0.078125 0.036458 0.043750
0 0.532292 0.176042 0.033333 0.037500
0 0.140625 0.497917 0.033333 0.047917
0 0.513542 0.308854 0.052083 0.032292
0 0.769792 0.405729 0.045833 0.038542
0 0.567708 0.315104 0.043750 0.042708
0 0.706250 0.422396 0.037500 0.021875
0 0.897917 0.838542 0.037500 0.043750
0 0.699479 0.857812 0.026042 0.040625
0 0.317188 0.074479 0.055208 0.040625
0 0.729688 0.640104 0.048958 0.046875
0 0.736979 0.153646 0.030208 0.044792
0 0.211979 0.222396 0.034375 0.048958
0 0.615104 0.361458 0.021875 0.041667
0 0.757812 0.278125 0.034375 0.043750
0 0.676042 0.140625 0.027083 0.037500
0 0.451042 0.438021 0.050000 0.044792
0 0.583333 0.166146 0.037500 0.023958
0 0.648958 0.197396 0.039583 0.034375
0 0.133854 0.102083 0.051042 0.031250
0 0.154688 0.224479 0.044792 0.051042
0 0.613021 0.205729 0.044792 0.055208
0 0.504687 0.894271 0.048958 0.055208
0 0.523438 0.765625 0.046875 0.031250
0 0.294271 0.884375 0.034375 0.043750
0 0.103646 0.502604 0.032292 0.040625
0 0.187500 0.191667 0.020833 0.035417
0 0.865625 0.187500 0.033333 0.047917
0 0.447917 0.181250 0.037500 0.031250
0 0.420833 0.942187 0.045833 0.048958
0 0.611458 0.682813 0.043750 0.032292
0 0.464062 0.615104 0.046875 0.038542
0 0.840625 0.484896 0.039583 0.044792
0 0.346354 0.646875 0.038542 0.035417
0 0.873437 0.907292 0.038542 0.025000
0 0.146354 0.869792 0.028125 0.039583
0 0.228125 0.844271 0.025000 0.042708
0 0.612500 0.396354 0.037500 0.053125
0 0.914062 0.728646 0.023958 0.048958
0 0.825521 0.316667 0.034375 0.039583
0 0.653646 0.934375 0.040625 0.020833
0 0.333333 0.955208 0.045833 0.031250
0 0.957812 0.732812 0.046875 0.034375
0 0.580208 0.076042 0.035417 0.043750
0 0.339062 0.655208 0.048958 0.041667
0 0.410417 0.301563 0.039583 0.038542
0 0.854688 0.338542 0.023958 0.043750
0 0.521354 0.734896 0.032292 0.053125
0 0.285938 0.715625 0.032292 0.043750
0 0.919792 0.231771 0.054167 0.042708
0 0.822396 0.080729 0.038542 0.046875
0 0.180729 0.935937 0.051042 0.044792
0 0.177083 0.567708 0.050000 0.033333
0 0.510938 0.885938 0.040625 0.034375
0 0.082292 0.826042 0.022917 0.039583
0 0.482292 0.207813 0.054167 0.051042
0 0.156250 0.874479 0.025000 0.042708
0 0.205208 0.513021 0.045833 0.048958
0 0.754167 0.620833 0.045833 0.029167
0 0.356771 0.246875 0.036458 0.037500
0 0.566667 0.867708 0.045833 0.033333
0 0.907292 0.410417 0.031250 0.045833
0 0.100521 0.765104 0.055208 0.044792
0 0.409896 0.833854 0.038542 0.038542
0 0.649479 0.175000 0.038542 0.029167
0 0.444271 0.487500 0.030208 0.039583
0 0.370312 0.773958 0.044792 0.052083
0 0.234896 0.912500 0.038542 0.027083
0 0.487500 0.577083 0.035417 0.018750
0 0.244792 0.419792 0.025000 0.043750
0 0.772396 0.678125 0.040625 0.041667
0 0.453125 0.855208 0.052083 0.041667
0 0.572396 0.335938 0.040625 0.028125
0 0.137500 0.269792 0.037500 0.029167
0 0.652083 0.089063 0.047917 0.055208
0 0.213021 0.705729 0.053125 0.051042
0 0.894792 0.384375 0.039583 0.022917
0 0.609375 0.507292 0.039583 0.020833
0 0.255729 0.817187 0.040625 0.032292
0 0.185938 0.129688 0.040625 0.032292
0 0.180208 0.711458 0.045833 0.045833
0 0.656771 0.596354 0.019792 0.040625
0 0.354687 0.150000 0.038542 0.043750
0 0.101562 0.574479 0.032292 0.046875
0 0.726042 0.185417 0.025000 0.037500
0 0.573958 0.402083 0.037500 0.052083
0 0.079167 0.468229 0.043750 0.040625
0 0.961979 0.561458 0.042708 0.025000
0 0.630208 0.081771 0.054167 0.042708
0 0.542188 0.267708 0.028125 0.039583
0 0.901042 0.655729 0.045833 0.038542
0 0.491667 0.389062 0.029167 0.046875
0 0.679688 0.286458 0.042708 0.041667
0 0.845313 0.936458 0.051042 0.033333
0 0.503125 0.817187 0.045833 0.038542
0 0.851042 0.123438 0.045833 0.055208
0 0.651563 0.321354 0.055208 0.040625
0 0.897396 0.193750 0.019792 0.039583
0 0.402083 0.715625 0.045833 0.031250
0 0.875521 0.374479 0.034375 0.051042
0 0.503646 0.688021 0.036458 0.055208
0 0.302604 0.751042 0.051042 0.029167
0 0.725521 0.172917 0.046875 0.052083
0 0.574479 0.116667 0.023958 0.047917
0 0.304688 0.344271 0.044792 0.032292
0 0.273438 0.525521 0.040625 0.026042
0 0.806250 0.107292 0.037500 0.043750
0 0.740625 0.252083 0.041667 0.039583
0 0.736458 0.903646 0.027083 0.042708
0 0.839063 0.414583 0.042708 0.047917
0 0.942187 0.700000 0.051042 0.035417
0 0.595313 0.250000 0.036458 0.043750
0 0.834896 0.385417 0.019792 0.037500
0 0.518229 0.836458 0.040625 0.054167
0 0.554688 0.185938 0.053125 0.032292
0 0.804688 0.561979 0.042708 0.021875
0 0.647396 0.384896 0.028125 0.040625
0 0.810937 0.536458 0.042708 0.039583
0 0.604167 0.806771 0.039583 0.028125
0 0.768229 0.623958 0.032292 0.052083
0 0.886979 0.257292 0.053125 0.041667
0 0.221354 0.673958 0.034375 0.043750
0 0.866146 0.413021 0.048958 0.046875
0 0.290104 0.469271 0.042708 0.044792
0 0.190104 0.268229 0.028125 0.044792
0 0.083333 0.434896 0.050000 0.034375
0 0.428125 0.607292 0.052083 0.043750
0 0.846354 0.593750 0.032292 0.043750
0 0.446875 0.117708 0.045833 0.022917
0 0.408333 0.126042 0.033333 0.043750
0 0.332292 0.516667 0.052083 0.037500
0 0.416667 0.865104 0.050000 0.044792
0 0.598437 0.160417 0.044792 0.035417
0 0.964583 0.091146 0.035417 0.044792
0 0.323437 0.402083 0.042708 0.029167
0 0.876563 0.604167 0.048958 0.039583
0 0.701042 0.675521 0.054167 0.040625
0 0.409896 0.262500 0.017708 0.035417
0 0.391667 0.481771 0.031250 0.048958
0 0.604167 0.108333 0.043750 0.022917
0 0.427083 0.692708 0.035417 0.020833
0 0.785417 0.815104 0.025000 0.038542
0 0.379688 0.917708 0.034375 0.052083
0 0.566667 0.931250 0.041667 0.037500
0 0.553646 0.165104 0.044792 0.055208
0 0.085417 0.488021 0.050000 0.044792
0 0.370312 0.584896 0.042708 0.044792
0 0.586979 0.585417 0.048958 0.027083
0 0.738021 0.554167 0.036458 0.037500
0 0.700521 0.226562 0.046875 0.055208
0 0.569271 0.898958 0.040625 0.041667
0 0.651042 0.207813 0.037500 0.048958
0 0.422917 0.311458 0.031250 0.037500
0 0.207813 0.294792 0.017708 0.035417
0 0.738542 0.403125 0.037500 0.035417
0 0.676562 0.264062 0.032292 0.053125
0 0.835417 0.879167 0.041667 0.027083
0 0.460938 0.393229 0.038542 0.046875
0 0.094271 0.489583 0.036458 0.037500
0 0.922396 0.342187 0.026042 0.046875
0 0.443750 0.780208 0.039583 0.041667
0 0.575000 0.353646 0.031250 0.040625
0 0.260937 0.500000 0.040625 0.041667
0 0.304688 0.267188 0.032292 0.044792
0 0.526042 0.846875 0.037500 0.025000
0 0.246354 0.836979 0.030208 0.048958
0 0.312500 0.583333 0.043750 0.033333
0 0.710417 0.347917 0.041667 0.027083
0 0.693229 0.668229 0.040625 0.034375
0 0.470313 0.310937 0.048958 0.032292
0 0.079167 0.415104 0.050000 0.036458
0 0.415104 0.673438 0.046875 0.038542
0 0.335417 0.194792 0.027083 0.047917
0 0.194792 0.638021 0.039583 0.030208
0 0.313542 0.494271 0.043750 0.048958
0 0.085417 0.896875 0.035417 0.047917
0 0.877604 0.194792 0.040625 0.041667
0 0.732292 0.088542 0.022917 0.035417
0 0.191146 0.856771 0.040625 0.046875
0 0.533333 0.795833 0.052083 0.037500
0 0.264062 0.605208 0.038542 0.035417
0 0.685417 0.177604 0.025000 0.038542
0 0.352604 0.961458 0.044792 0.035417
0 0.633333 0.853125 0.041667 0.037500
0 0.531771 0.848437 0.032292 0.040625
0 0.627083 0.421354 0.052083 0.030208
0 0.171354 0.465625 0.038542 0.022917
0 0.354687 0.642708 0.040625 0.041667
0 0.464062 0.942187 0.038542 0.019792
0 0.393750 0.578646 0.047917 0.046875
0 0.733333 0.066667 0.037500 0.027083
0 0.925000 0.425521 0.041667 0.048958
0 0.969271 0.175000 0.046875 0.052083
0 0.184896 0.289062 0.023958 0.042708
0 0.172396 0.260937 0.040625 0.036458
0 0.932292 0.768750 0.031250 0.037500
0 0.390625 0.673438 0.039583 0.055208
0 0.508333 0.339062 0.054167 0.042708
0 0.272396 0.568229 0.030208 0.051042
0 0.952083 0.446354 0.039583 0.036458
0 0.897917 0.223958 0.022917 0.043750
0 0.508333 0.244792 0.043750 0.045833
0 0.719792 0.822917 0.043750 0.033333
0 0.457292 0.816667 0.043750 0.035417
0 0.946354 0.656771 0.030208 0.048958
0 0.459896 0.723958 0.040625 0.043750
0 0.356771 0.399479 0.042708 0.023958
0 0.712500 0.805208 0.027083 0.037500
0 0.181250 0.821875 0.020833 0.035417
0 0.964583 0.124479 0.045833 0.038542
0 0.162500 0.529167 0.020833 0.039583
0 0.908333 0.620313 0.043750 0.042708
0 0.556771 0.357812 0.040625 0.051042
0 0.234896 0.685937 0.046875 0.048958
0 0.885938 0.494792 0.048958 0.041667
0 0.583854 0.750000 0.038542 0.033333
0 0.550000 0.268229 0.041667 0.021875
0 0.264583 0.185938 0.050000 0.042708
0 0.403646 0.384375 0.046875 0.045833
0 0.518229 0.381250 0.051042 0.050000
0 0.351042 0.880208 0.031250 0.041667
0 0.588542 0.884375 0.033333 0.037500
0 0.894271 0.599479 0.032292 0.046875
0 0.417187 0.220833 0.036458 0.018750
0 0.786979 0.879167 0.051042 0.047917
0 0.616146 0.912500 0.042708 0.033333
0 0.143750 0.367188 0.052083 0.034375
0 0.696354 0.899479 0.048958 0.023958
0 0.624479 0.698438 0.032292 0.053125
0 0.665104 0.715104 0.040625 0.026042
0 0.523438 0.472396 0.028125 0.044792
0 0.398438 0.700000 0.044792 0.052083
0 0.851042 0.576042 0.037500 0.029167
0 0.629687 0.932813 0.028125 0.040625
0 0.396354 0.626563 0.051042 0.044792
0 0.729167 0.460938 0.022917 0.038542
0 0.967187 0.618229 0.051042 0.042708
0 0.558854 0.853646 0.040625 0.026042
0 0.860938 0.686458 0.019792 0.039583
0 0.257292 0.401042 0.018750 0.035417
0 0.243750 0.720833 0.052083 0.043750
0 0.685937 0.831771 0.042708 0.044792
0 0.599479 0.214583 0.040625 0.041667
0 0.429688 0.130729 0.036458 0.051042
0 0.858854 0.263542 0.038542 0.031250
0 0.505729 0.308333 0.048958 0.025000
0 0.680729 0.146875 0.051042 0.031250
0 0.423438 0.370312 0.051042 0.044792
0 0.919271 0.340625 0.038542 0.027083
0 0.718229 0.257292 0.051042 0.033333
0 0.729688 0.498958 0.040625 0.054167
0 0.131250 0.660937 0.054167 0.048958
0 0.745313 0.771875 0.032292 0.047917
0 0.619792 0.165625 0.037500 0.035417
0 0.807813 0.151562 0.046875 0.040625
0 0.692708 0.523958 0.047917 0.041667
0 0.513542 0.420833 0.050000 0.031250
0 0.795312 0.518750 0.048958 0.041667
0 0.806771 0.143750 0.028125 0.045833
0 0.506250 0.071875 0.052083 0.039583
0 0.504687 0.393229 0.034375 0.040625
0 0.509896 0.496875 0.048958 0.027083
0 0.544792 0.167708 0.043750 0.025000
0 0.879167 0.664062 0.033333 0.048958
0 0.948958 0.552604 0.037500 0.040625
0 0.112500 0.595313 0.043750 0.042708
0 0.434896 0.394271 0.044792 0.030208
0 0.723958 0.675000 0.041667 0.039583
0 0.720833 0.092188 0.041667 0.044792
0 0.819792 0.872917 0.043750 0.035417
0 0.803125 0.334896 0.039583 0.048958
0 0.571875 0.176042 0.041667 0.041667
0 0.657292 0.431250 0.037500 0.025000
0 0.736979 0.156771 0.040625 0.023958
0 0.603125 0.520312 0.031250 0.053125
0 0.805729 0.505208 0.042708 0.037500
0 0.336458 0.536458 0.035417 0.047917
0 0.566146 0.815625 0.040625 0.041667
0 0.824479 0.454167 0.026042 0.050000
0 0.642708 0.923438 0.054167 0.046875
0 0.916667 0.232813 0.045833 0.032292
0 0.580208 0.952604 0.041667 0.023958
0 0.939063 0.536979 0.046875 0.055208
0 0.390625 0.523958 0.035417 0.020833
0 0.189062 0.383333 0.023958 0.037500
0 0.267188 0.809896 0.032292 0.044792
0 0.370833 0.385417 0.039583 0.047917
0 0.816667 0.113021 0.037500 0.053125
0 0.896875 0.948958 0.016667 0.033333
0 0.655208 0.768229 0.054167 0.048958
0 0.689063 0.347396 0.036458 0.040625
0 0.213021 0.189062 0.028125 0.048958
0 0.215625 0.176042 0.043750 0.045833
0 0.632292 0.693229 0.039583 0.036458
0 0.340104 0.444271 0.038542 0.051042
0 0.247917 0.736458 0.043750 0.035417
0 0.493229 0.112500 0.023958 0.043750
0 0.596354 0.086979 0.053125 0.051042
0 0.858854 0.432812 0.042708 0.044792
0 0.850521 0.622917 0.042708 0.027083
0 0.122917 0.302604 0.027083 0.042708
0 0.713021 0.736458 0.053125 0.043750
0 0.603125 0.919792 0.035417 0.018750
0 0.477083 0.290104 0.027083 0.051042
0 0.328646 0.417708 0.038542 0.025000
0 0.142187 0.246875 0.026042 0.045833
0 0.819271 0.760417 0.046875 0.031250
0 0.634375 0.514583 0.037500 0.025000
0 0.407813 0.200000 0.028125 0.039583
0 0.573438 0.554688 0.055208 0.051042
0 0.302083 0.633854 0.050000 0.040625
0 0.225000 0.668750 0.041667 0.039583
0 0.746354 0.664583 0.042708 0.025000
0 0.257292 0.775521 0.039583 0.044792
0 0.206771 0.936458 0.038542 0.018750
0 0.758333 0.329167 0.039583 0.047917
0 0.936458 0.897917 0.022917 0.039583
0 0.905208 0.860938 0.033333 0.044792
0 0.203125 0.744792 0.020833 0.041667
0 0.333333 0.279167 0.041667 0.025000
0 0.502604 0.708854 0.026042 0.051042
0 0.358333 0.636458 0.027083 0.047917
0 0.172917 0.273438 0.039583 0.036458
0 0.117188 0.583333 0.032292 0.039583
0 0.297396 0.208333 0.026042 0.041667
0 0.856771 0.367188 0.044792 0.042708
0 0.718750 0.943750 0.050000 0.050000
0 0.515104 0.730729 0.053125 0.051042
0 0.945312 0.358333 0.021875 0.037500
0 0.780729 0.709896 0.040625 0.026042
0 0.440104 0.179688 0.040625 0.038542
0 0.339583 0.578125 0.029167 0.037500
0 0.464062 0.444792 0.023958 0.041667
0 0.235937 0.586979 0.038542 0.038542
0 0.350000 0.432812 0.043750 0.048958
0 0.906771 0.491667 0.044792 0.045833
0 0.238021 0.395313 0.030208 0.040625
0 0.253646 0.543750 0.044792 0.022917
0 0.727083 0.371354 0.037500 0.021875
0 0.576562 0.796354 0.030208 0.044792
0 0.324479 0.147396 0.026042 0.040625
0 0.122917 0.396875 0.031250 0.037500
0 0.413542 0.857812 0.043750 0.032292
0 0.545312 0.965104 0.046875 0.055208
0 0.576042 0.138542 0.045833 0.052083
0 0.530729 0.213021 0.040625 0.055208
0 0.743750 0.796354 0.041667 0.044792
0 0.617708 0.966667 0.033333 0.047917
0 0.922917 0.204167 0.035417 0.037500
0 0.857812 0.204687 0.038542 0.055208
0 0.679167 0.551562 0.043750 0.032292
0 0.197917 0.171875 0.027083 0.041667
0 0.444271 0.489583 0.034375 0.039583
0 0.650000 0.626563 0.037500 0.023958
0 0.801562 0.845833 0.042708 0.047917
0 0.788542 0.684375 0.033333 0.037500
0 0.895312 0.391667 0.028125 0.050000
0 0.966667 0.783854 0.047917 0.046875
0 0.250521 0.724479 0.036458 0.046875
0 0.673438 0.321875 0.038542 0.025000
0 0.443750 0.198437 0.050000 0.053125
0 0.700521 0.945833 0.036458 0.037500
0 0.498437 0.733854 0.048958 0.030208
0 0.375521 0.601042 0.028125 0.045833
0 0.243229 0.640625 0.044792 0.033333
0 0.607812 0.210938 0.026042 0.040625
0 0.516146 0.360417 0.038542 0.035417
0 0.579688 0.891667 0.034375 0.052083
0 0.451042 0.255729 0.041667 0.042708
0 0.465625 0.579688 0.025000 0.038542
0 0.938021 0.536979 0.028125 0.040625
0 0.580208 0.939583 0.047917 0.027083
0 0.783333 0.473438 0.043750 0.055208
0 0.446875 0.588542 0.047917 0.037500
0 0.889062 0.636979 0.032292 0.048958
0 0.788542 0.925521 0.043750 0.032292
0 0.399479 0.800000 0.048958 0.037500
0 0.192188 0.258333 0.040625 0.047917
0 0.965104 0.928646 0.048958 0.055208
0 0.547396 0.563021 0.051042 0.028125
0 0.711458 0.156250 0.047917 0.033333
0 0.584896 0.755208 0.053125 0.035417
0 0.785417 0.887500 0.047917 0.052083
0 0.701042 0.848958 0.029167 0.050000
0 0.216667 0.439063 0.031250 0.044792
0 0.814583 0.089583 0.031250 0.037500
0 0.641146 0.159375 0.032292 0.047917
0 0.443750 0.137500 0.039583 0.022917
0 0.541146 0.498437 0.044792 0.042708
0 0.374479 0.904687 0.046875 0.048958
0 0.720313 0.806250 0.046875 0.045833
0 0.817708 0.221875 0.031250 0.041667
0 0.779167 0.444271 0.035417 0.048958
0 0.698438 0.310417 0.017708 0.035417
0 0.083333 0.293750 0.031250 0.037500
0 0.280208 0.292187 0.039583 0.038542
0 0.809896 0.442708 0.036458 0.018750
0 0.109896 0.379688 0.023958 0.048958
0 0.320312 0.885938 0.023958 0.040625
0 0.786458 0.514583 0.037500 0.027083
0 0.280208 0.442708 0.047917 0.027083
0 0.558854 0.566667 0.053125 0.037500
0 0.616146 0.926042 0.051042 0.047917
0 0.789062 0.360938 0.034375 0.051042
0 0.469271 0.235417 0.042708 0.029167
0 0.965625 0.876563 0.047917 0.030208
0 0.545833 0.703646 0.043750 0.055208
0 0.903646 0.107292 0.034375 0.043750
0 0.391146 0.697917 0.040625 0.054167
0 0.571354 0.403125 0.046875 0.043750
0 0.716667 0.114062 0.039583 0.030208
0 0.742188 0.823958 0.044792 0.022917
0 0.772396 0.423958 0.036458 0.020833
0 0.243750 0.853646 0.052083 0.032292
0 0.100521 0.695312 0.044792 0.048958
0 0.083854 0.676562 0.046875 0.028125
0 0.688021 0.666667 0.036458 0.047917
0 0.506250 0.932813 0.050000 0.038542
0 0.568750 0.563542 0.047917 0.050000
0 0.576042 0.615104 0.050000 0.040625
0 0.905729 0.891667 0.036458 0.037500
0 0.532813 0.829688 0.053125 0.030208
0 0.187500 0.944792 0.037500 0.027083
0 0.661458 0.850000 0.029167 0.050000
0 0.371875 0.468229 0.027083 0.042708
0 0.831250 0.355729 0.054167 0.040625
0 0.397917 0.736458 0.039583 0.041667
0 0.691667 0.471354 0.047917 0.028125
0 0.745833 0.945312 0.037500 0.021875
0 0.180208 0.210938 0.054167 0.046875
0 0.791146 0.121875 0.048958 0.039583
0 0.896875 0.920312 0.039583 0.030208
0 0.405208 0.653646 0.033333 0.040625
0 0.130729 0.575521 0.055208 0.036458
0 0.258333 0.200000 0.025000 0.043750
0 0.102604 0.419792 0.048958 0.041667
0 0.651563 0.226042 0.036458 0.037500
0 0.285938 0.358333 0.053125 0.041667
0 0.353125 0.930208 0.022917 0.043750
0 0.304167 0.683333 0.033333 0.043750
0 0.473958 0.584896 0.050000 0.053125
0 0.269271 0.652604 0.044792 0.051042
0 0.826562 0.825521 0.046875 0.036458
0 0.554688 0.482812 0.036458 0.040625
0 0.388021 0.390625 0.053125 0.037500
0 0.215625 0.454167 0.025000 0.041667
0 0.501042 0.716667 0.031250 0.050000
0 0.473438 0.640104 0.023958 0.040625
0 0.572396 0.921354 0.038542 0.040625
0 0.703646 0.365625 0.051042 0.050000
0 0.377604 0.493229 0.055208 0.046875
0 0.259375 0.144792 0.052083 0.041667
0 0.900000 0.269271 0.043750 0.048958
0 0.594792 0.336979 0.022917 0.042708
0 0.888542 0.914062 0.047917 0.046875
0 0.872396 0.626563 0.038542 0.040625
0 0.886458 0.746354 0.047917 0.055208
0 0.545833 0.602083 0.045833 0.027083
0 0.084896 0.752083 0.036458 0.037500
0 0.703125 0.902083 0.052083 0.043750
0 0.143229 0.684896 0.044792 0.028125
0 0.297396 0.119271 0.051042 0.042708
0 0.525000 0.450521 0.039583 0.023958