0 0.376042 0.330208 0.020833 0.041667
0 0.313542 0.349479 0.043750 0.021875
0 0.091146 0.637500 0.038542 0.035417
0 0.834896 0.741667 0.046875 0.031250
0 0.924479 0.392188 0.028125 0.044792
0 0.659896 0.807292 0.048958 0.039583
0 0.083854 0.901042 0.019792 0.035417
0 0.564063 0.906250 0.042708 0.039583
0 0.848958 0.602083 0.037500 0.052083
0 0.204167 0.707292 0.020833 0.035417
0 0.889062 0.134375 0.023958 0.041667
0 0.963021 0.810417 0.048958 0.052083
0 0.210417 0.635417 0.037500 0.033333
0 0.138542 0.728646 0.018750 0.038542
0 0.098958 0.087500 0.037500 0.022917
0 0.078646 0.596875 0.036458 0.043750
0 0.135937 0.868229 0.032292 0.040625
0 0.183854 0.872917 0.051042 0.031250
0 0.906771 0.839063 0.051042 0.038542
0 0.939583 0.913021 0.027083 0.042708
0 0.352083 0.375521 0.043750 0.042708
0 0.497396 0.220312 0.036458 0.051042
0 0.753125 0.871354 0.039583 0.026042
0 0.615625 0.301563 0.041667 0.021875
0 0.162500 0.373437 0.043750 0.028125
0 0.498958 0.738542 0.037500 0.027083
0 0.222917 0.723958 0.035417 0.018750
0 0.128125 0.453125 0.043750 0.022917
0 0.470833 0.222396 0.039583 0.036458
0 0.588542 0.360938 0.039583 0.023958
0 0.835938 0.113542 0.053125 0.039583
0 0.453646 0.313542 0.034375 0.039583
0 0.321354 0.963542 0.036458 0.043750
0 0.642188 0.393750 0.036458 0.037500
0 0.783854 0.663542 0.044792 0.033333
0 0.428646 0.244792 0.053125 0.035417
0 0.376042 0.241667 0.043750 0.045833
0 0.218229 0.347917 0.053125 0.043750
0 0.600000 0.678646 0.045833 0.038542
0 0.861979 0.105208 0.042708 0.047917
0 0.096875 0.515104 0.050000 0.034375
0 0.075521 0.780729 0.032292 0.044792
0 0.676562 0.895833 0.030208 0.050000
0 0.794271 0.585938 0.030208 0.051042
0 0.832292 0.532292 0.035417 0.037500
0 0.882812 0.162500 0.053125 0.047917
0 0.201563 0.791146 0.051042 0.028125
0 0.777083 0.511979 0.047917 0.046875
0 0.081771 0.387500 0.030208 0.039583
0 0.597917 0.930208 0.052083 0.047917
0 0.206250 0.789062 0.039583 0.030208
0 0.499479 0.252604 0.053125 0.032292
0 0.187500 0.515625 0.029167 0.045833
0 0.559375 0.892708 0.041667 0.027083
0 0.688021 0.100000 0.046875 0.043750
0 0.287500 0.101042 0.050000 0.033333
0 0.150000 0.394792 0.047917 0.037500
0 0.631250 0.766146 0.045833 0.032292
0 0.133854 0.481771 0.040625 0.038542
0 0.784896 0.394792 0.036458 0.043750
0 0.477604 0.837500 0.051042 0.029167
0 0.238542 0.932813 0.039583 0.030208
0 0.280729 0.342187 0.051042 0.044792
0 0.931250 0.803125 0.037500 0.025000
0 0.756771 0.411979 0.048958 0.046875
0 0.575521 0.223438 0.036458 0.046875
0 0.129167 0.616146 0.031250 0.051042
0 0.696354 0.581250 0.034375 0.039583
0 0.770833 0.588021 0.039583 0.023958
0 0.569271 0.661979 0.055208 0.036458
0 0.318750 0.425000 0.037500 0.052083
0 0.552083 0.943750 0.045833 0.029167
0 0.654687 0.565625 0.042708 0.029167
0 0.646875 0.621354 0.050000 0.034375
0 0.728646 0.462500 0.044792 0.027083
0 0.428125 0.842187 0.029167 0.040625
0 0.293750 0.136458 0.037500 0.041667
0 0.602083 0.603646 0.037500 0.040625
0 0.726042 0.711458 0.033333 0.047917
0 0.780208 0.903646 0.041667 0.048958
0 0.558854 0.452604 0.051042 0.042708
0 0.530208 0.678125 0.047917 0.041667
0 0.347917 0.394792 0.050000 0.050000
0 0.227604 0.276562 0.055208 0.036458
0 0.108333 0.862500 0.029167 0.041667
0 0.764583 0.518229 0.037500 0.038542
0 0.274479 0.582812 0.044792 0.021875
0 0.601562 0.320312 0.048958 0.030208
0 0.817708 0.640104 0.054167 0.046875
0 0.932813 0.856250 0.032292 0.043750
0 0.231250 0.773958 0.041667 0.029167
0 0.752604 0.357292 0.038542 0.043750
0 0.495312 0.153646 0.036458 0.040625
0 0.867708 0.352604 0.041667 0.048958
0 0.700521 0.743750 0.042708 0.029167
0 0.442188 0.609896 0.040625 0.028125
0 0.596875 0.913542 0.020833 0.035417
0 0.157292 0.950000 0.037500 0.025000
0 0.727604 0.563542 0.028125 0.045833
0 0.081250 0.708333 0.043750 0.045833
0 0.375521 0.519271 0.036458 0.046875
0 0.814583 0.541146 0.050000 0.026042
0 0.395833 0.150521 0.027083 0.042708
0 0.534375 0.616146 0.050000 0.053125
0 0.858333 0.781771 0.039583 0.036458
0 0.903646 0.279687 0.021875 0.038542
0 0.485938 0.525000 0.040625 0.041667
0 0.122917 0.492188 0.054167 0.042708
0 0.316667 0.096354 0.041667 0.055208
0 0.117708 0.505208 0.025000 0.037500
0 0.628646 0.652604 0.036458 0.040625
0 0.630729 0.086458 0.040625 0.022917
0 0.614583 0.271354 0.050000 0.036458
0 0.742188 0.610417 0.046875 0.033333
0 0.270833 0.939063 0.041667 0.048958
0 0.518750 0.177604 0.050000 0.053125
0 0.772917 0.131771 0.025000 0.042708
0 0.652083 0.181250 0.037500 0.033333
0 0.710417 0.117188 0.041667 0.021875
0 0.756250 0.307812 0.045833 0.036458
0 0.515625 0.354167 0.035417 0.052083
0 0.444271 0.206250 0.036458 0.020833
0 0.691667 0.752083 0.031250 0.037500
0 0.489583 0.114583 0.037500 0.052083
0 0.743750 0.876563 0.041667 0.042708
0 0.488021 0.787500 0.040625 0.041667
0 0.092708 0.918750 0.039583 0.041667
0 0.869271 0.233854 0.023958 0.038542
0 0.442188 0.228125 0.044792 0.035417
0 0.131771 0.432812 0.048958 0.030208
0 0.953125 0.934375 0.031250 0.043750
0 0.758333 0.395833 0.043750 0.025000
0 0.718750 0.142187 0.045833 0.036458
0 0.490104 0.488542 0.046875 0.045833
0 0.556771 0.326562 0.028125 0.051042
0 0.864062 0.202083 0.051042 0.050000
0 0.829688 0.683333 0.048958 0.052083
0 0.133333 0.351042 0.043750 0.033333
0 0.519271 0.540104 0.038542 0.038542
0 0.171875 0.625000 0.025000 0.037500
0 0.797396 0.322917 0.053125 0.043750
0 0.330729 0.835417 0.046875 0.027083
0 0.396354 0.659375 0.044792 0.045833
0 0.696875 0.836458 0.041667 0.039583
0 0.950521 0.415625 0.038542 0.035417
0 0.233333 0.134375 0.029167 0.037500
0 0.570312 0.069792 0.034375 0.016667
0 0.110417 0.142187 0.054167 0.038542
0 0.580729 0.245312 0.044792 0.051042
0 0.180208 0.267188 0.047917 0.055208
0 0.503646 0.671354 0.038542 0.021875
0 0.232292 0.275000 0.031250 0.045833
0 0.710938 0.253125 0.032292 0.047917
0 0.675000 0.744271 0.027083 0.042708
0 0.300521 0.938021 0.053125 0.032292
0 0.957812 0.308854 0.055208 0.038542
0 0.713021 0.947917 0.044792 0.035417
0 0.275521 0.427083 0.034375 0.052083
0 0.824479 0.303125 0.034375 0.052083
0 0.076563 0.880208 0.048958 0.052083
0 0.874479 0.276042 0.028125 0.045833
0 0.078646 0.519271 0.036458 0.040625
0 0.555208 0.905208 0.043750 0.035417
0 0.600000 0.356771 0.039583 0.048958
0 0.391146 0.933854 0.030208 0.051042
0 0.871354 0.154167 0.023958 0.043750
0 0.149479 0.960938 0.046875 0.026042
0 0.880729 0.793229 0.036458 0.055208
0 0.265625 0.844271 0.037500 0.048958
0 0.779687 0.749479 0.046875 0.048958
0 0.875521 0.101562 0.055208 0.038542
0 0.585938 0.214583 0.030208 0.043750
0 0.824479 0.424479 0.048958 0.055208
0 0.420312 0.750000 0.023958 0.041667
0 0.686979 0.889062 0.040625 0.038542
0 0.749479 0.419792 0.019792 0.035417
0 0.598437 0.683854 0.034375 0.040625
0 0.146354 0.743750 0.021875 0.039583
0 0.461458 0.240104 0.047917 0.028125
0 0.935937 0.204687 0.040625 0.038542
0 0.366667 0.822396 0.037500 0.019792
0 0.390104 0.828646 0.048958 0.030208
0 0.601042 0.235417 0.043750 0.052083
0 0.906250 0.084896 0.025000 0.046875
0 0.541146 0.257292 0.046875 0.029167
0 0.861979 0.666146 0.040625 0.032292
0 0.273438 0.615625 0.030208 0.039583
0 0.234375 0.966667 0.041667 0.052083
0 0.570833 0.707812 0.041667 0.021875
0 0.402083 0.523438 0.037500 0.048958
0 0.367188 0.748958 0.028125 0.050000
0 0.262500 0.295833 0.050000 0.033333
0 0.256771 0.621354 0.048958 0.032292
0 0.851562 0.340625 0.038542 0.047917
0 0.833854 0.327604 0.038542 0.040625
0 0.752083 0.431771 0.027083 0.046875
0 0.776042 0.119792 0.033333 0.043750
0 0.239063 0.182292 0.038542 0.035417
0 0.529687 0.124479 0.040625 0.044792
0 0.523438 0.273438 0.048958 0.032292
0 0.740104 0.433333 0.026042 0.047917
0 0.268750 0.725521 0.045833 0.023958
0 0.103125 0.628646 0.054167 0.038542
0 0.363542 0.348958 0.027083 0.045833
0 0.850000 0.604688 0.054167 0.048958
0 0.321875 0.096875 0.037500 0.027083
0 0.141146 0.177083 0.040625 0.022917
0 0.493750 0.903125 0.029167 0.050000
0 0.568750 0.930208 0.029167 0.037500
0 0.751042 0.339062 0.045833 0.038542
0 0.597396 0.606250 0.042708 0.037500
0 0.646875 0.916667 0.052083 0.045833
0 0.182292 0.104688 0.047917 0.053125
0 0.770833 0.718229 0.035417 0.053125
0 0.655729 0.629167 0.053125 0.037500
0 0.115104 0.958854 0.023958 0.048958
0 0.953125 0.545312 0.043750 0.048958
0 0.505208 0.188021 0.022917 0.044792
0 0.612500 0.679167 0.037500 0.047917
0 0.231771 0.551042 0.030208 0.047917
0 0.734896 0.162500 0.051042 0.050000
0 0.378125 0.864583 0.041667 0.039583
0 0.112500 0.577604 0.050000 0.042708
0 0.168750 0.166146 0.043750 0.021875
0 0.152604 0.345833 0.028125 0.045833
0 0.319792 0.727604 0.039583 0.038542
0 0.769271 0.209375 0.023958 0.041667
0 0.292187 0.480208 0.040625 0.041667
0 0.269792 0.148958 0.039583 0.047917
0 0.482812 0.561979 0.034375 0.040625
0 0.868229 0.097917 0.048958 0.027083
0 0.533333 0.678646 0.050000 0.042708
0 0.104167 0.960417 0.041667 0.031250
0 0.099479 0.560937 0.030208 0.053125
0 0.942187 0.740625 0.046875 0.031250
0 0.467187 0.851562 0.036458 0.055208
0 0.359896 0.768750 0.040625 0.041667
0 0.309896 0.881250 0.046875 0.052083
0 0.284375 0.849479 0.043750 0.028125
0 0.456250 0.588542 0.039583 0.020833
0 0.493750 0.408333 0.050000 0.033333
0 0.308854 0.319792 0.038542 0.035417
0 0.893229 0.275521 0.032292 0.044792
0 0.368229 0.897396 0.048958 0.023958
0 0.483333 0.130729 0.035417 0.040625
0 0.656250 0.499479 0.041667 0.032292
0 0.719792 0.327083 0.035417 0.037500
0 0.597917 0.401042 0.027083 0.041667
0 0.600000 0.833333 0.020833 0.035417
0 0.592708 0.279167 0.047917 0.041667
0 0.339062 0.448958 0.036458 0.020833
0 0.769792 0.430208 0.043750 0.033333
0 0.947396 0.165625 0.034375 0.052083
0 0.148958 0.670312 0.050000 0.044792
0 0.736458 0.343229 0.039583 0.036458
0 0.787500 0.353646 0.031250 0.048958
0 0.213542 0.167708 0.047917 0.033333
0 0.510938 0.535417 0.042708 0.054167
0 0.771354 0.100521 0.036458 0.051042
0 0.854167 0.728125 0.043750 0.031250
0 0.952083 0.473438 0.037500 0.053125
0 0.273438 0.472396 0.028125 0.040625
0 0.281250 0.922396 0.039583 0.028125
0 0.412500 0.417708 0.022917 0.039583
0 0.418229 0.438021 0.036458 0.046875
0 0.213542 0.662500 0.041667 0.029167
0 0.402604 0.104688 0.051042 0.044792
0 0.213021 0.309375 0.042708 0.029167
0 0.398438 0.581250 0.044792 0.052083
0 0.583854 0.786979 0.021875 0.038542
0 0.232813 0.599479 0.048958 0.032292
0 0.586979 0.208854 0.055208 0.051042
0 0.855729 0.526042 0.046875 0.027083
0 0.868750 0.357292 0.043750 0.025000
0 0.900521 0.909896 0.040625 0.055208
0 0.253125 0.820833 0.037500 0.033333
0 0.154167 0.230208 0.029167 0.045833
0 0.957812 0.692187 0.053125 0.032292
0 0.732292 0.865625 0.047917 0.050000
0 0.352604 0.546875 0.040625 0.054167
0 0.876563 0.394792 0.034375 0.052083
0 0.351562 0.376042 0.046875 0.043750
0 0.555208 0.142708 0.025000 0.037500
0 0.510417 0.618229 0.054167 0.044792
0 0.720313 0.301042 0.034375 0.047917
0 0.473438 0.907292 0.040625 0.052083
0 0.950521 0.188542 0.019792 0.035417
0 0.195833 0.919792 0.037500 0.035417
0 0.355729 0.199479 0.055208 0.046875
0 0.366146 0.123438 0.042708 0.051042
0 0.319792 0.962500 0.052083 0.047917
0 0.155208 0.870313 0.029167 0.051042
0 0.328646 0.333333 0.038542 0.029167
0 0.155729 0.426042 0.051042 0.033333
0 0.460417 0.718229 0.050000 0.053125
0 0.606771 0.521875 0.046875 0.052083
0 0.850000 0.643750 0.047917 0.025000
0 0.207813 0.387500 0.040625 0.047917
0 0.664583 0.243229 0.035417 0.048958
0 0.895833 0.398438 0.047917 0.046875
0 0.617708 0.810417 0.022917 0.037500
0 0.844271 0.812500 0.038542 0.043750
0 0.513542 0.314583 0.029167 0.045833
0 0.953646 0.217188 0.044792 0.042708
0 0.177083 0.473958 0.037500 0.033333
0 0.403646 0.964583 0.036458 0.052083
0 0.459375 0.792708 0.037500 0.031250
0 0.392708 0.495312 0.037500 0.038542
0 0.282813 0.558854 0.048958 0.028125
0 0.430729 0.495312 0.028125 0.044792
0 0.220312 0.242708 0.040625 0.022917
0 0.145313 0.392188 0.046875 0.048958
0 0.672396 0.815625 0.042708 0.031250
0 0.417187 0.317188 0.044792 0.051042
0 0.392708 0.099479 0.047917 0.053125
0 0.701042 0.156250 0.037500 0.047917
0 0.350000 0.432812 0.018750 0.038542
0 0.892188 0.091146 0.051042 0.044792
0 0.091667 0.155208 0.031250 0.041667
0 0.392708 0.278125 0.025000 0.043750
0 0.386458 0.420312 0.031250 0.053125
0 0.591146 0.434896 0.055208 0.040625
0 0.735417 0.185938 0.037500 0.038542
0 0.795312 0.933333 0.038542 0.043750
0 0.813021 0.323437 0.048958 0.034375
0 0.403125 0.781250 0.037500 0.047917
0 0.495312 0.528646 0.055208 0.051042
0 0.657292 0.512500 0.041667 0.025000
0 0.229687 0.878646 0.046875 0.026042
0 0.667708 0.549479 0.052083 0.032292
0 0.303646 0.500000 0.040625 0.043750
0 0.957292 0.114062 0.043750 0.042708
0 0.432812 0.197396 0.042708 0.023958
0 0.812500 0.150521 0.041667 0.021875
0 0.119271 0.156250 0.046875 0.043750
0 0.315104 0.536458 0.038542 0.033333
0 0.641146 0.525000 0.042708 0.039583
0 0.490625 0.544792 0.043750 0.045833
0 0.226042 0.419792 0.045833 0.043750
0 0.815104 0.417187 0.023958 0.042708
0 0.295312 0.861458 0.021875 0.043750
0 0.146875 0.921354 0.052083 0.030208
0 0.173958 0.783854 0.039583 0.028125
0 0.919792 0.188021 0.054167 0.048958
0 0.070312 0.828646 0.021875 0.038542
0 0.470313 0.865104 0.040625 0.036458
0 0.130208 0.285938 0.043750 0.055208
0 0.704688 0.808854 0.046875 0.055208
0 0.130729 0.578646 0.048958 0.030208
0 0.851562 0.316146 0.040625 0.038542
0 0.195833 0.080729 0.047917 0.023958
0 0.739583 0.457813 0.025000 0.042708
0 0.886979 0.863021 0.048958 0.046875
0 0.208333 0.930729 0.045833 0.032292
0 0.893750 0.850000 0.052083 0.045833
0 0.299479 0.799479 0.038542 0.046875
0 0.353646 0.454688 0.046875 0.048958
0 0.701042 0.365104 0.050000 0.028125
0 0.547396 0.277604 0.044792 0.028125
0 0.122917 0.632812 0.031250 0.040625
0 0.468750 0.799479 0.035417 0.044792
0 0.111458 0.140625 0.037500 0.033333
0 0.136458 0.875521 0.045833 0.040625
0 0.421875 0.705208 0.041667 0.039583
0 0.555729 0.688542 0.038542 0.025000
0 0.940625 0.493750 0.037500 0.035417
0 0.281250 0.105208 0.035417 0.037500
0 0.561979 0.967187 0.042708 0.055208
0 0.925521 0.844271 0.055208 0.042708
0 0.485417 0.633333 0.035417 0.018750
0 0.245833 0.928125 0.047917 0.027083
0 0.523438 0.138542 0.042708 0.047917
0 0.138542 0.173958 0.045833 0.045833
0 0.796875 0.597917 0.043750 0.052083
0 0.476042 0.318229 0.050000 0.053125
0 0.877083 0.922917 0.033333 0.037500
0 0.843229 0.956771 0.040625 0.023958
0 0.247917 0.120313 0.043750 0.030208
0 0.610938 0.120833 0.042708 0.037500
0 0.536979 0.770312 0.053125 0.051042
0 0.215104 0.090625 0.048958 0.035417
0 0.244792 0.334375 0.037500 0.043750
0 0.108854 0.080729 0.042708 0.023958
0 0.756771 0.924479 0.044792 0.042708
0 0.754687 0.397396 0.040625 0.028125
0 0.798958 0.672917 0.041667 0.039583
0 0.464583 0.748437 0.035417 0.040625
0 0.834896 0.700000 0.046875 0.027083
0 0.744792 0.623958 0.035417 0.037500
0 0.818750 0.606250 0.020833 0.035417
0 0.739583 0.222396 0.020833 0.038542
0 0.311979 0.841146 0.032292 0.040625
0 0.089063 0.540104 0.034375 0.046875
0 0.253125 0.232292 0.041667 0.027083
0 0.106250 0.313542 0.035417 0.020833
0 0.282292 0.616146 0.047917 0.030208
0 0.561458 0.907813 0.033333 0.053125
0 0.737500 0.738542 0.029167 0.037500
0 0.640104 0.872396 0.055208 0.048958
0 0.230729 0.305729 0.028125 0.040625
0 0.923438 0.097396 0.030208 0.040625
0 0.955729 0.301563 0.040625 0.023958
0 0.966146 0.792708 0.046875 0.029167
0 0.274479 0.686458 0.038542 0.035417
0 0.881250 0.460417 0.047917 0.027083
0 0.447396 0.415625 0.048958 0.039583
0 0.438542 0.953125 0.039583 0.020833
0 0.214583 0.833333 0.037500 0.043750
0 0.819792 0.356771 0.050000 0.034375
0 0.591146 0.898438 0.051042 0.030208
0 0.633854 0.368229 0.046875 0.036458
0 0.676042 0.092708 0.039583 0.020833
0 0.626042 0.826562 0.050000 0.044792
0 0.806250 0.368229 0.033333 0.044792
0 0.710417 0.494271 0.050000 0.044792
0 0.394792 0.582812 0.039583 0.019792
0 0.690104 0.672917 0.038542 0.022917
0 0.881771 0.393229 0.040625 0.026042
0 0.674479 0.749479 0.051042 0.042708
0 0.794792 0.568229 0.045833 0.032292
0 0.273438 0.406250 0.042708 0.031250
0 0.711458 0.452604 0.041667 0.048958
0 0.494271 0.170313 0.046875 0.055208
0 0.469792 0.408333 0.025000 0.041667
0 0.141667 0.358333 0.035417 0.043750
0 0.186979 0.713021 0.023958 0.048958
0 0.152083 0.729167 0.052083 0.043750
0 0.629167 0.304688 0.037500 0.048958
0 0.152083 0.843229 0.045833 0.055208
0 0.344271 0.153125 0.032292 0.039583
0 0.569271 0.605208 0.053125 0.039583
0 0.738021 0.169271 0.042708 0.023958
0 0.676562 0.745833 0.053125 0.047917
0 0.748958 0.809896 0.025000 0.048958
0 0.176042 0.673438 0.041667 0.032292
0 0.295312 0.081250 0.032292 0.052083
0 0.966667 0.775000 0.043750 0.022917
0 0.474479 0.786458 0.040625 0.020833
0 0.590104 0.143229 0.023958 0.048958
0 0.140625 0.454167 0.035417 0.043750
0 0.533854 0.151042 0.048958 0.052083
0 0.355729 0.968750 0.048958 0.050000
0 0.185938 0.634896 0.034375 0.040625
0 0.611979 0.630729 0.034375 0.051042
0 0.100000 0.610938 0.043750 0.026042
0 0.314063 0.468750 0.032292 0.047917
0 0.805729 0.683854 0.044792 0.051042
0 0.507292 0.932813 0.043750 0.042708
0 0.144271 0.743750 0.046875 0.043750
0 0.290104 0.685937 0.055208 0.048958
0 0.347917 0.397917 0.031250 0.050000
0 0.129688 0.439063 0.026042 0.040625
0 0.691146 0.438542 0.028125 0.043750
0 0.642708 0.903646 0.035417 0.048958
0 0.127604 0.392708 0.042708 0.037500
0 0.946354 0.177083 0.048958 0.035417
0 0.169271 0.658854 0.046875 0.048958
0 0.744792 0.117708 0.052083 0.039583
0 0.611458 0.873958 0.041667 0.039583
0 0.578646 0.365625 0.032292 0.039583
0 0.201563 0.421354 0.032292 0.040625
0 0.855729 0.248958 0.042708 0.047917
0 0.187500 0.410938 0.054167 0.042708
0 0.476562 0.658333 0.053125 0.045833
0 0.892188 0.378125 0.051042 0.031250
0 0.598958 0.762500 0.041667 0.025000
0 0.195312 0.896875 0.044792 0.027083
0 0.709896 0.339062 0.055208 0.040625
0 0.104167 0.650000 0.020833 0.035417
0 0.172917 0.180729 0.050000 0.036458
0 0.897396 0.089583 0.044792 0.022917
0 0.676042 0.211458 0.037500 0.022917
0 0.708854 0.581250 0.048958 0.033333
0 0.315104 0.332292 0.042708 0.047917
0 0.343229 0.255208 0.036458 0.052083
0 0.646354 0.586979 0.038542 0.021875
0 0.871354 0.135417 0.051042 0.050000
0 0.915625 0.221875 0.025000 0.041667
0 0.566667 0.360417 0.045833 0.043750
0 0.135937 0.968750 0.040625 0.043750
0 0.305208 0.104688 0.037500 0.038542
0 0.155729 0.233333 0.026042 0.045833
0 0.702083 0.875521 0.045833 0.038542
0 0.882292 0.139583 0.037500 0.031250
0 0.258333 0.677604 0.039583 0.036458
0 0.591667 0.440104 0.045833 0.038542
0 0.922396 0.906250 0.026042 0.037500
0 0.800521 0.747396 0.040625 0.051042
0 0.918229 0.256771 0.048958 0.044792
0 0.077083 0.172396 0.039583 0.028125
0 0.630729 0.584375 0.036458 0.052083
0 0.560937 0.423958 0.036458 0.043750
0 0.087500 0.137500 0.031250 0.037500
0 0.260417 0.229167 0.027083 0.041667
0 0.693750 0.094792 0.043750 0.025000
0 0.163021 0.177604 0.038542 0.038542
0 0.373958 0.829688 0.043750 0.055208
0 0.615104 0.759896 0.044792 0.055208
0 0.300000 0.618229 0.035417 0.053125
0 0.496875 0.468750 0.035417 0.052083
0 0.791667 0.229687 0.043750 0.048958
0 0.381771 0.370312 0.055208 0.048958
0 0.353125 0.506771 0.033333 0.044792
0 0.538542 0.300000 0.045833 0.052083
0 0.590104 0.252083 0.042708 0.029167
0 0.133854 0.527083 0.042708 0.029167
0 0.833333 0.323437 0.043750 0.040625
0 0.791667 0.365625 0.045833 0.031250
0 0.510938 0.377604 0.034375 0.051042
0 0.869271 0.172396 0.055208 0.040625
0 0.326562 0.810937 0.044792 0.051042
0 0.328125 0.941667 0.037500 0.033333
0 0.769792 0.798438 0.025000 0.038542
0 0.288021 0.559375 0.042708 0.033333
0 0.585938 0.223958 0.048958 0.037500
0 0.613021 0.790625 0.046875 0.031250
0 0.668750 0.430208 0.027083 0.045833
0 0.430729 0.898438 0.051042 0.042708
0 0.167187 0.817708 0.053125 0.039583
0 0.354687 0.280729 0.040625 0.038542
0 0.372396 0.870313 0.048958 0.032292
0 0.404167 0.880729 0.054167 0.042708
0 0.391667 0.620833 0.047917 0.052083
0 0.837500 0.543229 0.050000 0.053125
0 0.380729 0.435937 0.048958 0.030208
0 0.756250 0.701562 0.047917 0.044792
0 0.918229 0.739583 0.053125 0.045833
0 0.825000 0.688021 0.050000 0.040625
0 0.904167 0.940104 0.054167 0.048958
0 0.658333 0.716146 0.039583 0.048958
0 0.565625 0.932813 0.022917 0.042708
0 0.423438 0.330729 0.028125 0.040625
0 0.076042 0.764583 0.025000 0.039583
0 0.821875 0.695833 0.045833 0.052083
0 0.944792 0.522917 0.020833 0.039583
0 0.834375 0.953646 0.031250 0.044792
0 0.571875 0.690104 0.039583 0.038542
0 0.717187 0.632292 0.044792 0.033333
0 0.288542 0.314583 0.037500 0.027083
0 0.973958 0.711979 0.054167 0.046875
0 0.248958 0.924479 0.039583 0.048958
0 0.716667 0.739583 0.045833 0.043750
0 0.257812 0.395313 0.038542 0.055208
0 0.800000 0.612500 0.045833 0.031250
0 0.330208 0.773438 0.039583 0.044792
0 0.223958 0.682813 0.018750 0.036458
0 0.819792 0.938542 0.052083 0.045833
0 0.103125 0.482812 0.050000 0.042708
0 0.652083 0.225521 0.054167 0.036458
0 0.826562 0.771354 0.036458 0.055208
0 0.527083 0.296354 0.041667 0.042708
0 0.921354 0.515625 0.038542 0.043750
0 0.343229 0.533854 0.019792 0.038542
0 0.303125 0.484375 0.037500 0.029167
0 0.203646 0.946354 0.046875 0.048958
0 0.855729 0.697917 0.038542 0.025000
0 0.965104 0.915625 0.053125 0.045833
0 0.556771 0.866667 0.044792 0.047917
0 0.823438 0.802604 0.046875 0.036458
0 0.569792 0.551562 0.050000 0.042708
0 0.776042 0.359896 0.029167 0.046875
0 0.815104 0.172917 0.040625 0.020833
0 0.122917 0.664583 0.037500 0.035417
0 0.828646 0.348958 0.034375 0.047917
0 0.970833 0.093229 0.045833 0.032292
0 0.823958 0.848437 0.045833 0.034375
0 0.387500 0.734896 0.027083 0.040625
0 0.729167 0.917708 0.052083 0.041667
0 0.672917 0.308333 0.033333 0.037500
0 0.303125 0.151042 0.037500 0.025000
0 0.556771 0.932813 0.044792 0.042708
0 0.501042 0.916667 0.037500 0.029167
0 0.908854 0.441667 0.048958 0.035417
0 0.581250 0.696354 0.033333 0.040625
0 0.214583 0.779167 0.037500 0.047917
0 0.597917 0.412500 0.031250 0.045833
0 0.760417 0.226562 0.043750 0.026042
0 0.551042 0.859896 0.031250 0.048958
0 0.817187 0.461458 0.046875 0.031250
0 0.650000 0.964583 0.045833 0.052083
0 0.146875 0.257292 0.043750 0.035417
0 0.876563 0.763542 0.034375 0.052083
0 0.475000 0.938542 0.037500 0.029167
0 0.506250 0.819271 0.052083 0.051042
0 0.545312 0.568750 0.046875 0.031250
0 0.569792 0.593229 0.054167 0.048958
0 0.270313 0.554167 0.048958 0.035417
0 0.359375 0.128646 0.050000 0.053125
0 0.339583 0.511458 0.041667 0.052083
0 0.275521 0.352604 0.036458 0.040625
0 0.532813 0.933333 0.034375 0.039583
0 0.839063 0.534896 0.051042 0.034375
0 0.679688 0.844271 0.051042 0.055208
0 0.098958 0.341146 0.039583 0.032292
0 0.399479 0.312500 0.036458 0.052083
0 0.764062 0.550000 0.028125 0.050000
0 0.791146 0.148958 0.044792 0.033333
0 0.345833 0.773438 0.043750 0.042708
0 0.626042 0.324479 0.033333 0.040625
0 0.749479 0.609896 0.038542 0.019792
0 0.134896 0.442188 0.044792 0.028125
0 0.913542 0.333333 0.033333 0.052083
0 0.150000 0.679167 0.037500 0.035417
0 0.179688 0.777604 0.055208 0.036458
0 0.594792 0.541146 0.043750 0.042708
0 0.753125 0.650521 0.035417 0.044792
0 0.527083 0.704688 0.045833 0.034375
0 0.319271 0.576042 0.038542 0.027083
0 0.915104 0.623958 0.044792 0.025000
0 0.856250 0.595833 0.050000 0.033333
0 0.811458 0.729688 0.047917 0.032292
0 0.469792 0.854688 0.054167 0.040625
0 0.779167 0.472917 0.031250 0.045833
0 0.378125 0.814063 0.041667 0.055208
0 0.677083 0.910937 0.033333 0.044792
0 0.268229 0.823958 0.046875 0.043750
0 0.884896 0.609375 0.030208 0.043750
0 0.747917 0.168229 0.037500 0.038542
0 0.417708 0.725521 0.041667 0.048958
0 0.605208 0.925521 0.039583 0.032292
0 0.283333 0.676562 0.045833 0.036458
0 0.344792 0.131250 0.052083 0.045833
0 0.122396 0.900000 0.046875 0.045833
0 0.758333 0.184375 0.035417 0.020833
0 0.918750 0.386979 0.041667 0.044792
0 0.184375 0.252604 0.039583 0.038542
0 0.794271 0.675521 0.040625 0.030208
0 0.908333 0.623958 0.039583 0.047917
0 0.705208 0.213021 0.039583 0.034375
0 0.937500 0.826042 0.033333 0.043750
0 0.404167 0.669792 0.041667 0.047917
0 0.276562 0.721875 0.038542 0.031250
0 0.280729 0.387500 0.046875 0.043750
0 0.088542 0.633854 0.037500 0.038542
0 0.603125 0.625000 0.039583 0.041667
0 0.560937 0.303646 0.034375 0.040625
0 0.405729 0.481771 0.034375 0.040625
0 0.838021 0.855208 0.026042 0.045833
0 0.301042 0.564063 0.029167 0.044792
0 0.935937 0.358854 0.048958 0.032292
0 0.493750 0.352604 0.039583 0.028125
0 0.925521 0.296875 0.042708 0.054167
0 0.407292 0.687500 0.043750 0.045833
0 0.834375 0.508333 0.016667 0.033333
0 0.604688 0.886458 0.048958 0.039583
0 0.585417 0.627604 0.041667 0.055208
0 0.395833 0.457813 0.043750 0.048958
0 0.319792 0.680729 0.054167 0.048958
0 0.464062 0.745313 0.040625 0.055208
0 0.711979 0.782292 0.038542 0.031250
0 0.216667 0.337500 0.037500 0.035417
0 0.367708 0.710417 0.033333 0.050000
0 0.792708 0.415104 0.033333 0.048958
0 0.928646 0.229687 0.028125 0.051042
0 0.661979 0.582292 0.038542 0.025000
0 0.267188 0.311458 0.032292 0.039583
0 0.135417 0.337500 0.022917 0.037500
0 0.536458 0.839063 0.039583 0.028125
0 0.536979 0.956771 0.055208 0.044792
0 0.921354 0.154688 0.028125 0.044792
0 0.599479 0.940625 0.048958 0.041667
0 0.845833 0.629687 0.039583 0.036458
0 0.493750 0.743229 0.045833 0.032292
0 0.926562 0.457813 0.055208 0.040625
0 0.548438 0.235937 0.055208 0.038542
0 0.322917 0.877604 0.054167 0.040625
0 0.466667 0.768750 0.052083 0.039583
0 0.383854 0.473958 0.042708 0.027083