0 0.609375 0.804688 0.050000 0.044792
0 0.922917 0.901563 0.029167 0.051042
0 0.867708 0.215104 0.037500 0.053125
0 0.141146 0.320312 0.038542 0.040625
0 0.723958 0.904167 0.025000 0.041667
0 0.163542 0.722917 0.045833 0.043750
0 0.726042 0.558333 0.037500 0.052083
0 0.552083 0.929167 0.037500 0.035417
0 0.847917 0.928125 0.031250 0.037500
0 0.653646 0.670312 0.046875 0.026042
0 0.299479 0.576562 0.040625 0.055208
0 0.104167 0.495833 0.027083 0.047917
0 0.581250 0.110417 0.047917 0.039583
0 0.825000 0.515104 0.047917 0.044792
0 0.634896 0.211458 0.023958 0.043750
0 0.551562 0.083333 0.036458 0.037500
0 0.921354 0.811458 0.053125 0.047917
0 0.272396 0.099479 0.040625 0.036458
0 0.706250 0.520833 0.045833 0.052083
0 0.556771 0.376563 0.034375 0.053125
0 0.410417 0.231771 0.047917 0.032292
0 0.713021 0.745833 0.034375 0.043750
0 0.765625 0.818750 0.043750 0.033333
0 0.736458 0.078646 0.041667 0.023958
0 0.565104 0.684896 0.044792 0.051042
0 0.086979 0.813021 0.019792 0.038542
0 0.351042 0.344271 0.043750 0.030208
0 0.325000 0.639062 0.043750 0.042708
0 0.483333 0.654687 0.033333 0.048958
0 0.133854 0.438021 0.040625 0.044792
0 0.915625 0.556771 0.041667 0.055208
0 0.664583 0.386979 0.054167 0.042708
0 0.907292 0.506771 0.037500 0.044792
0 0.805208 0.691667 0.029167 0.037500
0 0.867708 0.620833 0.022917 0.043750
0 0.383854 0.631771 0.034375 0.053125
0 0.129167 0.170313 0.052083 0.051042
0 0.156250 0.285938 0.047917 0.046875
0 0.659896 0.547917 0.040625 0.041667
0 0.227604 0.715625 0.051042 0.050000
0 0.660417 0.582812 0.047917 0.053125
0 0.100521 0.096354 0.028125 0.044792
0 0.331250 0.730208 0.039583 0.022917
0 0.345833 0.961979 0.039583 0.036458
0 0.910937 0.400521 0.038542 0.019792
0 0.959375 0.086458 0.022917 0.035417
0 0.151562 0.946354 0.036458 0.051042
0 0.157292 0.498958 0.027083 0.041667
0 0.199479 0.564063 0.040625 0.034375
0 0.279687 0.522396 0.034375 0.046875
0 0.265625 0.106771 0.050000 0.044792
0 0.344271 0.531771 0.023958 0.042708
0 0.608854 0.207813 0.051042 0.030208
0 0.838021 0.454167 0.046875 0.052083
0 0.923958 0.392188 0.050000 0.026042
0 0.621354 0.639583 0.038542 0.025000
0 0.698438 0.790104 0.053125 0.053125
0 0.826562 0.757812 0.042708 0.044792
0 0.075000 0.159375 0.045833 0.027083
0 0.441667 0.698438 0.050000 0.044792
0 0.176563 0.758854 0.044792 0.040625
0 0.187500 0.347917 0.047917 0.052083
0 0.173437 0.644792 0.038542 0.035417
0 0.077083 0.810937 0.047917 0.055208
0 0.501042 0.241146 0.041667 0.044792
0 0.527083 0.792188 0.039583 0.038542
0 0.657292 0.784375 0.033333 0.043750
0 0.235937 0.304167 0.042708 0.031250
0 0.170313 0.246875 0.051042 0.035417
0 0.247396 0.821354 0.034375 0.051042
0 0.186458 0.758333 0.029167 0.037500
0 0.114062 0.206250 0.046875 0.052083
0 0.728646 0.715625 0.042708 0.031250
0 0.280729 0.446354 0.038542 0.046875
0 0.227083 0.715104 0.039583 0.044792
0 0.477604 0.709896 0.046875 0.028125
0 0.430208 0.267188 0.039583 0.030208
0 0.756771 0.789583 0.021875 0.043750
0 0.129167 0.435417 0.050000 0.031250
0 0.479167 0.390625 0.035417 0.037500
0 0.102604 0.957812 0.046875 0.032292
0 0.097396 0.199479 0.030208 0.040625
0 0.416667 0.290625 0.031250 0.045833
0 0.548958 0.927604 0.039583 0.034375
0 0.913542 0.115104 0.050000 0.028125
0 0.255208 0.663021 0.045833 0.055208
0 0.765104 0.088021 0.042708 0.051042
0 0.476562 0.871354 0.030208 0.040625
0 0.704167 0.423438 0.039583 0.038542
0 0.120313 0.832292 0.028125 0.043750
0 0.865104 0.803646 0.055208 0.046875
0 0.473958 0.366146 0.045833 0.055208
0 0.110937 0.942708 0.038542 0.027083
0 0.301042 0.940104 0.043750 0.026042
0 0.334896 0.079687 0.038542 0.040625
0 0.099479 0.495833 0.034375 0.016667
0 0.440625 0.490625 0.037500 0.033333
0 0.646875 0.639062 0.050000 0.038542
0 0.094271 0.509375 0.038542 0.043750
0 0.729688 0.817187 0.044792 0.021875
0 0.795312 0.702604 0.055208 0.042708
0 0.269792 0.757292 0.027083 0.041667
0 0.373958 0.301042 0.052083 0.047917
0 0.317708 0.857292 0.031250 0.037500
0 0.675521 0.611979 0.019792 0.038542
0 0.178646 0.305729 0.051042 0.026042
0 0.636458 0.473958 0.025000 0.043750
0 0.849479 0.907813 0.046875 0.036458
0 0.577604 0.369792 0.034375 0.043750
0 0.813021 0.599479 0.040625 0.051042
0 0.702604 0.903646 0.040625 0.023958
0 0.320833 0.914583 0.043750 0.052083
0 0.416667 0.110417 0.037500 0.035417
0 0.560937 0.102083 0.053125 0.041667
0 0.333333 0.523958 0.045833 0.031250
0 0.382292 0.353125 0.037500 0.027083
0 0.458333 0.561458 0.035417 0.037500
0 0.519271 0.920833 0.048958 0.041667
0 0.603646 0.246875 0.040625 0.020833
0 0.189583 0.742188 0.037500 0.021875
0 0.620313 0.715104 0.046875 0.055208
0 0.813542 0.142187 0.037500 0.044792
0 0.198958 0.418750 0.047917 0.041667
0 0.378646 0.692708 0.051042 0.029167
0 0.151042 0.629687 0.039583 0.028125
0 0.858333 0.855208 0.037500 0.029167
0 0.365104 0.209375 0.042708 0.031250
0 0.834375 0.138542 0.043750 0.052083
0 0.398438 0.934896 0.028125 0.048958
0 0.509375 0.425521 0.041667 0.055208
0 0.857812 0.964063 0.051042 0.040625
0 0.073438 0.073438 0.028125 0.040625
0 0.148438 0.567708 0.034375 0.047917
0 0.754167 0.529687 0.037500 0.048958
0 0.627604 0.634896 0.023958 0.046875
0 0.553125 0.148958 0.033333 0.047917
0 0.191146 0.283854 0.034375 0.040625
0 0.607292 0.592708 0.020833 0.035417
0 0.790625 0.563542 0.037500 0.041667
0 0.746354 0.397396 0.032292 0.040625
0 0.348438 0.213021 0.040625 0.030208
0 0.087500 0.497396 0.037500 0.048958
0 0.692187 0.547917 0.036458 0.047917
0 0.113021 0.326042 0.048958 0.052083
0 0.569792 0.470833 0.043750 0.027083
0 0.211458 0.475000 0.045833 0.027083
0 0.291146 0.375000 0.051042 0.050000
0 0.844792 0.143750 0.027083 0.037500
0 0.613542 0.253646 0.037500 0.044792
0 0.625000 0.117708 0.047917 0.037500
0 0.100000 0.722396 0.025000 0.048958
0 0.917708 0.168229 0.031250 0.048958
0 0.914062 0.794271 0.055208 0.038542
0 0.761979 0.552083 0.036458 0.018750
0 0.133854 0.444271 0.048958 0.048958
0 0.186458 0.457813 0.037500 0.040625
0 0.966667 0.613542 0.047917 0.041667
0 0.836458 0.207292 0.050000 0.050000
0 0.640625 0.640625 0.043750 0.052083
0 0.611458 0.225000 0.037500 0.052083
0 0.586458 0.801562 0.045833 0.034375
0 0.329688 0.221875 0.044792 0.027083
0 0.156771 0.365104 0.040625 0.038542
0 0.592708 0.611458 0.050000 0.050000
0 0.121875 0.536458 0.039583 0.047917
0 0.311979 0.845833 0.044792 0.035417
0 0.317188 0.501563 0.040625 0.034375
0 0.665625 0.192188 0.022917 0.038542
0 0.188542 0.298438 0.043750 0.032292
0 0.905729 0.658854 0.046875 0.055208
0 0.284896 0.832812 0.038542 0.040625
0 0.611979 0.243229 0.040625 0.051042
0 0.830729 0.901563 0.042708 0.023958
0 0.236979 0.674479 0.028125 0.046875
0 0.529687 0.122396 0.038542 0.040625
0 0.194271 0.649479 0.051042 0.044792
0 0.626563 0.488542 0.048958 0.027083
0 0.310937 0.381771 0.046875 0.040625
0 0.655729 0.683333 0.032292 0.039583
0 0.888021 0.767188 0.044792 0.051042
0 0.673958 0.316667 0.043750 0.045833
0 0.677604 0.749479 0.051042 0.053125
0 0.198437 0.438021 0.030208 0.044792
0 0.242708 0.784896 0.033333 0.044792
0 0.525521 0.725000 0.042708 0.025000
0 0.100521 0.220312 0.021875 0.042708
0 0.590625 0.326562 0.018750 0.036458
0 0.351562 0.428646 0.051042 0.053125
0 0.313021 0.115625 0.053125 0.045833
0 0.346875 0.956771 0.047917 0.046875
0 0.461979 0.967187 0.046875 0.055208
0 0.294792 0.723437 0.045833 0.048958
0 0.652604 0.213542 0.028125 0.050000
0 0.544271 0.557292 0.036458 0.043750
0 0.598958 0.838021 0.027083 0.042708
0 0.723437 0.228646 0.040625 0.023958
0 0.305729 0.649479 0.028125 0.044792
0 0.420833 0.642188 0.039583 0.028125
0 0.877604 0.633854 0.040625 0.028125
0 0.623437 0.839583 0.034375 0.047917
0 0.555208 0.471875 0.018750 0.035417
0 0.531771 0.077083 0.042708 0.027083
0 0.687500 0.869792 0.037500 0.033333
0 0.317708 0.391146 0.050000 0.042708
0 0.568229 0.881250 0.044792 0.033333
0 0.564583 0.282292 0.033333 0.050000
0 0.869271 0.385417 0.036458 0.020833
0 0.547396 0.454688 0.040625 0.023958
0 0.170313 0.567187 0.055208 0.040625
0 0.243750 0.232813 0.022917 0.044792
0 0.142708 0.878125 0.039583 0.047917
0 0.628646 0.460417 0.042708 0.029167
0 0.808333 0.823438 0.039583 0.023958
0 0.699479 0.540104 0.040625 0.030208
0 0.237500 0.450521 0.041667 0.021875
0 0.419271 0.522917 0.053125 0.035417
0 0.151042 0.249479 0.039583 0.036458
0 0.897917 0.593229 0.052083 0.030208
0 0.414583 0.322396 0.043750 0.026042
0 0.318750 0.266146 0.029167 0.051042
0 0.453646 0.266146 0.055208 0.042708
0 0.425000 0.346875 0.052083 0.047917
0 0.582812 0.301042 0.042708 0.029167
0 0.169792 0.751563 0.037500 0.038542
0 0.251042 0.714063 0.045833 0.034375
0 0.607812 0.542188 0.044792 0.032292
0 0.493750 0.322396 0.050000 0.053125
0 0.380208 0.742188 0.050000 0.053125
0 0.096875 0.260417 0.033333 0.043750
0 0.754167 0.877604 0.045833 0.034375
0 0.797396 0.964583 0.036458 0.047917
0 0.631771 0.456250 0.048958 0.039583
0 0.680729 0.741146 0.051042 0.038542
0 0.299479 0.727604 0.048958 0.028125
0 0.180729 0.196354 0.044792 0.055208
0 0.342708 0.597396 0.027083 0.046875
0 0.510417 0.182292 0.039583 0.041667
0 0.772917 0.556250 0.041667 0.025000
0 0.277604 0.403646 0.038542 0.038542
0 0.931771 0.111458 0.021875 0.039583
0 0.580729 0.231250 0.038542 0.043750
0 0.355729 0.351562 0.023958 0.040625
0 0.573958 0.105208 0.033333 0.037500
0 0.210417 0.678646 0.043750 0.055208
0 0.303646 0.381771 0.053125 0.053125
0 0.385937 0.158854 0.055208 0.042708
0 0.704688 0.355729 0.040625 0.034375
0 0.568229 0.159896 0.040625 0.055208
0 0.826042 0.785417 0.050000 0.033333
0 0.520312 0.752604 0.021875 0.038542
0 0.804688 0.193750 0.034375 0.043750
0 0.183854 0.651563 0.034375 0.053125
0 0.416667 0.806771 0.037500 0.044792
0 0.381771 0.381250 0.044792 0.047917
0 0.865104 0.546354 0.038542 0.046875
0 0.293229 0.659896 0.021875 0.038542
0 0.311458 0.427083 0.029167 0.041667
0 0.541667 0.280208 0.037500 0.033333
0 0.829167 0.906250 0.041667 0.029167
0 0.074479 0.908854 0.042708 0.021875
0 0.815625 0.210938 0.037500 0.044792
0 0.136979 0.196875 0.048958 0.052083
0 0.917188 0.847917 0.036458 0.043750
0 0.723437 0.448958 0.040625 0.054167
0 0.581771 0.890625 0.023958 0.043750
0 0.516146 0.506771 0.055208 0.048958
0 0.192188 0.270313 0.030208 0.051042
0 0.167708 0.545833 0.035417 0.020833
0 0.598958 0.531771 0.043750 0.048958
0 0.836458 0.478125 0.037500 0.029167
0 0.242708 0.527083 0.025000 0.037500
0 0.936979 0.435937 0.055208 0.048958
0 0.277604 0.590104 0.028125 0.046875
0 0.508854 0.406771 0.053125 0.032292
0 0.106250 0.636979 0.035417 0.048958
0 0.709375 0.145833 0.045833 0.043750
0 0.643750 0.670833 0.039583 0.020833
0 0.538021 0.321875 0.044792 0.035417
0 0.117708 0.339583 0.039583 0.020833
0 0.809896 0.431771 0.038542 0.040625
0 0.525521 0.519271 0.055208 0.048958
0 0.145313 0.294271 0.019792 0.038542
0 0.439063 0.089063 0.040625 0.030208
0 0.726562 0.291146 0.036458 0.040625
0 0.828125 0.883333 0.031250 0.037500
0 0.406771 0.618229 0.038542 0.040625
0 0.568750 0.841146 0.050000 0.044792
0 0.366146 0.641146 0.053125 0.032292
0 0.426563 0.604167 0.051042 0.031250
0 0.521354 0.426563 0.038542 0.038542
0 0.886458 0.254167 0.045833 0.043750
0 0.301042 0.187500 0.037500 0.052083
0 0.249479 0.655208 0.017708 0.035417
0 0.879687 0.847917 0.042708 0.039583
0 0.157292 0.634375 0.031250 0.045833
0 0.629687 0.536458 0.046875 0.029167
0 0.721354 0.225521 0.042708 0.051042
0 0.597917 0.937500 0.047917 0.041667
0 0.361979 0.611979 0.044792 0.055208
0 0.810417 0.103125 0.033333 0.052083
0 0.830208 0.752083 0.041667 0.039583
0 0.255208 0.369271 0.045833 0.032292
0 0.672396 0.941146 0.023958 0.038542
0 0.353646 0.588021 0.038542 0.021875
0 0.711458 0.838021 0.045833 0.048958
0 0.617708 0.227083 0.043750 0.027083
0 0.567187 0.209375 0.048958 0.027083
0 0.345833 0.765104 0.045833 0.034375
0 0.322917 0.352083 0.035417 0.020833
0 0.821875 0.664062 0.043750 0.042708
0 0.881771 0.341667 0.028125 0.039583
0 0.468750 0.362500 0.047917 0.027083
0 0.218750 0.857292 0.035417 0.020833
0 0.081250 0.319271 0.025000 0.038542
0 0.127604 0.344271 0.040625 0.032292
0 0.308854 0.403125 0.053125 0.039583
0 0.522917 0.522396 0.045833 0.026042
0 0.495312 0.558854 0.032292 0.044792
0 0.499479 0.092188 0.044792 0.055208
0 0.510938 0.846354 0.032292 0.040625
0 0.411458 0.758854 0.043750 0.048958
0 0.349479 0.601562 0.040625 0.032292
0 0.460417 0.498958 0.041667 0.027083
0 0.266667 0.612500 0.050000 0.029167
0 0.644271 0.305729 0.040625 0.038542
0 0.504687 0.863542 0.048958 0.041667
0 0.360938 0.944271 0.055208 0.040625
0 0.654167 0.655208 0.041667 0.039583
0 0.591146 0.815625 0.019792 0.035417
0 0.307292 0.697396 0.041667 0.042708
0 0.154167 0.870833 0.018750 0.035417
0 0.175521 0.082292 0.042708 0.037500
0 0.913021 0.786458 0.040625 0.041667
0 0.535937 0.577604 0.040625 0.038542
0 0.400000 0.773958 0.052083 0.047917
0 0.368229 0.510938 0.051042 0.038542
0 0.144792 0.918750 0.039583 0.041667
0 0.407292 0.309896 0.022917 0.040625
0 0.793229 0.674479 0.051042 0.034375
0 0.151562 0.808333 0.030208 0.043750
0 0.209896 0.685417 0.019792 0.039583
0 0.570312 0.795312 0.028125 0.040625
0 0.175521 0.128646 0.036458 0.051042
0 0.291146 0.380208 0.042708 0.041667
0 0.500521 0.644792 0.038542 0.031250
0 0.193750 0.130208 0.035417 0.043750
0 0.872917 0.831771 0.045833 0.038542
0 0.768229 0.167708 0.038542 0.033333
0 0.453125 0.579688 0.037500 0.019792
0 0.295312 0.413542 0.040625 0.054167
0 0.833854 0.817187 0.021875 0.042708
0 0.308854 0.775000 0.030208 0.039583
0 0.142708 0.132292 0.033333 0.037500
0 0.398438 0.519792 0.034375 0.043750
0 0.941667 0.469271 0.045833 0.055208
0 0.827604 0.413542 0.036458 0.037500
0 0.712500 0.672917 0.035417 0.037500
0 0.770833 0.700000 0.047917 0.037500
0 0.675521 0.514062 0.048958 0.028125
0 0.412500 0.822396 0.041667 0.055208
0 0.106250 0.074479 0.035417 0.040625
0 0.520312 0.492188 0.040625 0.038542
0 0.706771 0.780208 0.019792 0.037500
0 0.543750 0.901563 0.033333 0.048958
0 0.927604 0.551042 0.046875 0.052083
0 0.890104 0.101562 0.040625 0.055208
0 0.296354 0.915104 0.028125 0.040625
0 0.556250 0.226042 0.037500 0.033333
0 0.728646 0.144271 0.038542 0.019792
0 0.642188 0.201563 0.040625 0.036458
0 0.797396 0.636979 0.042708 0.044792
0 0.276562 0.467708 0.051042 0.031250
0 0.194792 0.744792 0.047917 0.037500
0 0.892708 0.971354 0.045833 0.055208
0 0.313542 0.622917 0.041667 0.029167
0 0.204167 0.855208 0.037500 0.052083
0 0.734896 0.418750 0.051042 0.035417
0 0.503646 0.518750 0.044792 0.047917
0 0.753125 0.431771 0.039583 0.036458
0 0.724479 0.311458 0.048958 0.052083
0 0.127083 0.685417 0.047917 0.033333
0 0.672917 0.257292 0.052083 0.037500
0 0.343229 0.253646 0.030208 0.048958
0 0.531250 0.530729 0.029167 0.044792
0 0.773438 0.107813 0.055208 0.038542
0 0.654687 0.084375 0.042708 0.029167
0 0.972917 0.394792 0.052083 0.037500
0 0.226562 0.529687 0.040625 0.044792
0 0.471354 0.444792 0.051042 0.033333
0 0.231771 0.308854 0.038542 0.040625
0 0.289062 0.871875 0.038542 0.029167
0 0.606250 0.363021 0.039583 0.030208
0 0.170833 0.270833 0.045833 0.033333
0 0.699479 0.917188 0.040625 0.046875
0 0.332292 0.795312 0.039583 0.038542
0 0.910417 0.122917 0.037500 0.031250
0 0.712500 0.809375 0.037500 0.033333
0 0.885938 0.682813 0.030208 0.044792
0 0.719792 0.199479 0.045833 0.026042
0 0.859375 0.468750 0.039583 0.022917
0 0.649479 0.369792 0.036458 0.037500
0 0.422396 0.331250 0.048958 0.027083
0 0.259375 0.271875 0.043750 0.035417
0 0.166667 0.431250 0.027083 0.037500
0 0.846354 0.686458 0.038542 0.035417
0 0.688021 0.484896 0.055208 0.044792
0 0.577083 0.601042 0.041667 0.029167
0 0.555729 0.415625 0.030208 0.050000
0 0.136458 0.171354 0.037500 0.040625
0 0.881771 0.332813 0.051042 0.044792
0 0.536979 0.486458 0.048958 0.052083
0 0.318229 0.269792 0.038542 0.031250
0 0.561458 0.421354 0.025000 0.038542
0 0.583333 0.594271 0.035417 0.044792
0 0.315625 0.563021 0.041667 0.042708
0 0.527083 0.337500 0.033333 0.016667
0 0.236458 0.426563 0.020833 0.040625
0 0.869792 0.853125 0.043750 0.035417
0 0.328646 0.618229 0.044792 0.051042
0 0.454688 0.769271 0.034375 0.046875
0 0.852604 0.114062 0.044792 0.051042
0 0.718229 0.534375 0.042708 0.041667
0 0.413021 0.738021 0.038542 0.055208
0 0.553646 0.175000 0.038542 0.035417
0 0.297917 0.458854 0.033333 0.048958
0 0.126562 0.664062 0.040625 0.051042
0 0.653646 0.582812 0.042708 0.044792
0 0.168750 0.535417 0.037500 0.025000
0 0.117188 0.696875 0.034375 0.043750
0 0.914583 0.375521 0.043750 0.042708
0 0.917708 0.441146 0.033333 0.044792
0 0.797917 0.435937 0.054167 0.046875
0 0.271875 0.102083 0.039583 0.041667
0 0.684375 0.261979 0.037500 0.044792
0 0.403125 0.638021 0.054167 0.038542
0 0.171354 0.420833 0.038542 0.047917
0 0.517708 0.459375 0.047917 0.037500
0 0.203125 0.293229 0.050000 0.044792
0 0.203125 0.339062 0.039583 0.044792
0 0.383333 0.796875 0.037500 0.041667
0 0.796354 0.481250 0.042708 0.039583
0 0.306250 0.430208 0.047917 0.041667
0 0.454688 0.847917 0.048958 0.037500
0 0.652083 0.379688 0.043750 0.042708
0 0.917708 0.964063 0.029167 0.040625
0 0.190104 0.583854 0.048958 0.030208
0 0.547917 0.366667 0.018750 0.035417
0 0.155208 0.203646 0.050000 0.042708
0 0.728646 0.681250 0.048958 0.041667
0 0.538021 0.793229 0.036458 0.040625
0 0.181250 0.405208 0.018750 0.035417
0 0.393229 0.454167 0.034375 0.052083
0 0.564583 0.216667 0.039583 0.052083
0 0.841146 0.376563 0.038542 0.051042
0 0.573958 0.690625 0.039583 0.020833
0 0.308333 0.513021 0.045833 0.055208
0 0.273438 0.580208 0.040625 0.047917
0 0.836458 0.933854 0.020833 0.040625
0 0.758333 0.904687 0.047917 0.046875
0 0.272396 0.598958 0.046875 0.027083
0 0.420312 0.771354 0.048958 0.055208
0 0.643750 0.476562 0.027083 0.042708
0 0.773958 0.444271 0.041667 0.044792
0 0.678646 0.778646 0.053125 0.053125
0 0.123438 0.426042 0.032292 0.052083
0 0.807813 0.083854 0.028125 0.040625
0 0.280208 0.441667 0.033333 0.047917
0 0.769792 0.247917 0.035417 0.035417
0 0.106771 0.233333 0.044792 0.047917
0 0.082292 0.241667 0.047917 0.025000
0 0.601562 0.577604 0.044792 0.051042
0 0.251563 0.864583 0.042708 0.037500
0 0.717187 0.791667 0.021875 0.039583
0 0.197396 0.660417 0.034375 0.052083
0 0.148438 0.896354 0.044792 0.042708
0 0.135937 0.940104 0.055208 0.051042
0 0.143750 0.678125 0.033333 0.037500
0 0.149479 0.708333 0.028125 0.039583
0 0.275000 0.182812 0.039583 0.028125
0 0.796875 0.547917 0.039583 0.041667
0 0.601562 0.795312 0.040625 0.030208
0 0.319792 0.373437 0.029167 0.040625
0 0.934375 0.640625 0.052083 0.033333
0 0.164062 0.228646 0.036458 0.040625
0 0.521354 0.084896 0.044792 0.048958
0 0.616667 0.257812 0.047917 0.055208
0 0.796875 0.233854 0.043750 0.026042
0 0.367188 0.482292 0.038542 0.043750
0 0.383333 0.617188 0.039583 0.038542
0 0.073438 0.721875 0.042708 0.041667
0 0.948958 0.290625 0.035417 0.037500
0 0.975000 0.803646 0.054167 0.046875
0 0.515625 0.081250 0.037500 0.033333
0 0.799479 0.109375 0.032292 0.052083
0 0.622917 0.302083 0.037500 0.052083
0 0.075521 0.656250 0.019792 0.037500
0 0.320312 0.712500 0.046875 0.029167
0 0.960938 0.606250 0.051042 0.031250
0 0.099479 0.287500 0.017708 0.035417
0 0.915104 0.247917 0.036458 0.043750
0 0.942187 0.609896 0.044792 0.042708
0 0.324479 0.684896 0.046875 0.040625
0 0.933854 0.208854 0.038542 0.021875
0 0.397917 0.515104 0.047917 0.053125
0 0.954167 0.418229 0.043750 0.030208
0 0.403646 0.416667 0.021875 0.037500
0 0.839583 0.601042 0.029167 0.037500
0 0.895312 0.872917 0.038542 0.029167
0 0.669271 0.800521 0.048958 0.028125
0 0.428125 0.154688 0.035417 0.040625
0 0.369792 0.127604 0.050000 0.034375
0 0.592708 0.582292 0.037500 0.033333
0 0.279687 0.231250 0.026042 0.045833
0 0.615104 0.459896 0.055208 0.044792
0 0.555208 0.920833 0.050000 0.031250
0 0.083333 0.910417 0.033333 0.037500
0 0.718750 0.570833 0.052083 0.043750
0 0.759896 0.678646 0.040625 0.023958
0 0.117708 0.572396 0.050000 0.026042
0 0.938021 0.329688 0.051042 0.053125
0 0.536979 0.906250 0.036458 0.020833
0 0.117708 0.863021 0.037500 0.044792
0 0.967187 0.233333 0.040625 0.041667
0 0.257812 0.433333 0.032292 0.039583
0 0.485938 0.665625 0.038542 0.035417
0 0.694792 0.732812 0.022917 0.038542
0 0.397917 0.793229 0.041667 0.048958
0 0.189583 0.456771 0.043750 0.028125
0 0.315104 0.171354 0.032292 0.053125
0 0.823438 0.965104 0.055208 0.046875
0 0.479687 0.163021 0.040625 0.028125
0 0.246354 0.616667 0.019792 0.037500
0 0.787500 0.205729 0.035417 0.040625
0 0.555729 0.214583 0.053125 0.041667
0 0.669792 0.600000 0.039583 0.022917
0 0.575521 0.141667 0.040625 0.047917
0 0.347396 0.679688 0.046875 0.048958
0 0.651042 0.947917 0.041667 0.039583
0 0.730208 0.236979 0.045833 0.055208
0 0.160938 0.658854 0.051042 0.042708
0 0.488542 0.604167 0.052083 0.045833
0 0.655729 0.901042 0.023958 0.041667
0 0.189583 0.075000 0.027083 0.041667
0 0.459375 0.144271 0.041667 0.055208
0 0.603125 0.487500 0.037500 0.033333
0 0.155208 0.232292 0.031250 0.037500
0 0.855729 0.904167 0.051042 0.031250
0 0.191667 0.823438 0.043750 0.040625
0 0.456250 0.564063 0.029167 0.046875
0 0.569792 0.886979 0.041667 0.044792
0 0.255729 0.144271 0.034375 0.040625
0 0.505729 0.968750 0.028125 0.041667
0 0.736458 0.701562 0.047917 0.030208
0 0.435937 0.577083 0.023958 0.041667
0 0.180208 0.098958 0.033333 0.037500
0 0.661979 0.947396 0.030208 0.040625
0 0.663021 0.079167 0.030208 0.039583
0 0.962500 0.507812 0.052083 0.034375
0 0.884375 0.828646 0.027083 0.038542
0 0.159375 0.713542 0.043750 0.035417
0 0.408333 0.858854 0.037500 0.021875
0 0.090625 0.566667 0.045833 0.045833
0 0.085938 0.477604 0.044792 0.051042
0 0.592187 0.891146 0.044792 0.042708
0 0.306250 0.670833 0.041667 0.029167
0 0.470833 0.344792 0.052083 0.039583
0 0.217708 0.745833 0.039583 0.052083
0 0.400521 0.226562 0.042708 0.055208
0 0.782813 0.119792 0.030208 0.043750
0 0.170313 0.655729 0.036458 0.046875
0 0.134375 0.336458 0.022917 0.037500
0 0.531250 0.188542 0.035417 0.037500
0 0.523958 0.719792 0.039583 0.041667
0 0.430208 0.923958 0.031250 0.037500
0 0.868750 0.073438 0.039583 0.028125
0 0.418750 0.550000 0.035417 0.052083
0 0.620833 0.475000 0.037500 0.035417
0 0.232292 0.263542 0.037500 0.022917
0 0.357812 0.717708 0.053125 0.037500
0 0.081250 0.723437 0.050000 0.036458
0 0.425521 0.757812 0.038542 0.055208
0 0.201042 0.554167 0.031250 0.037500
0 0.614062 0.690104 0.051042 0.040625
0 0.600000 0.889583 0.039583 0.047917
0 0.401562 0.896354 0.042708 0.044792
0 0.722396 0.686979 0.044792 0.028125
0 0.705729 0.448958 0.044792 0.033333
0 0.759896 0.448437 0.038542 0.023958
0 0.198437 0.153125 0.042708 0.037500
0 0.602604 0.855729 0.036458 0.040625
0 0.072396 0.760417 0.026042 0.041667
0 0.322396 0.683333 0.042708 0.041667
0 0.910937 0.651563 0.053125 0.053125
0 0.886979 0.153646 0.042708 0.051042
0 0.773438 0.403646 0.051042 0.053125
0 0.364583 0.859896 0.039583 0.034375
0 0.307812 0.360938 0.023958 0.042708
0 0.080729 0.539583 0.042708 0.037500
0 0.437500 0.566667 0.047917 0.035417
0 0.116667 0.235417 0.052083 0.043750
0 0.540625 0.903646 0.050000 0.044792
0 0.790625 0.477083 0.050000 0.047917
0 0.922917 0.781771 0.035417 0.053125
0 0.398958 0.831250 0.052083 0.037500
0 0.869792 0.430729 0.031250 0.048958
0 0.439063 0.917708 0.048958 0.039583
0 0.298958 0.861979 0.039583 0.034375
0 0.725000 0.347917 0.025000 0.043750
0 0.291667 0.168229 0.050000 0.034375
0 0.231250 0.916146 0.054167 0.036458
0 0.175521 0.151562 0.051042 0.053125
0 0.566667 0.730729 0.047917 0.046875
0 0.898958 0.837500 0.035417 0.037500
0 0.208854 0.945312 0.053125 0.053125
0 0.269271 0.630208 0.034375 0.047917
0 0.775521 0.743750 0.048958 0.033333
0 0.205208 0.119271 0.039583 0.053125
0 0.427604 0.846875 0.040625 0.041667
0 0.115625 0.942708 0.033333 0.037500
0 0.957292 0.738542 0.047917 0.027083
0 0.489063 0.922917 0.040625 0.041667
0 0.627604 0.771875 0.048958 0.052083
0 0.663542 0.840104 0.052083 0.034375