0 0.363021 0.928125 0.046875 0.045833
0 0.616667 0.518750 0.035417 0.022917
0 0.339062 0.327604 0.040625 0.026042
0 0.505729 0.296875 0.036458 0.037500
0 0.571875 0.765104 0.033333 0.048958
0 0.497396 0.860417 0.034375 0.052083
0 0.136458 0.768750 0.027083 0.041667
0 0.908333 0.153646 0.035417 0.040625
0 0.326562 0.347917 0.038542 0.052083
0 0.293750 0.816146 0.041667 0.044792
0 0.152083 0.359375 0.025000 0.043750
0 0.704167 0.288021 0.047917 0.053125
0 0.200000 0.546354 0.052083 0.030208
0 0.648958 0.080729 0.045833 0.048958
0 0.520312 0.741146 0.042708 0.023958
0 0.818229 0.342187 0.055208 0.042708
0 0.535937 0.161979 0.030208 0.040625
0 0.420312 0.602083 0.048958 0.041667
0 0.732292 0.771354 0.043750 0.055208
0 0.964063 0.827083 0.034375 0.052083
0 0.380729 0.232813 0.038542 0.055208
0 0.107292 0.894792 0.037500 0.052083
0 0.269271 0.305729 0.042708 0.021875
0 0.123958 0.194271 0.045833 0.026042
0 0.915104 0.760417 0.048958 0.027083
0 0.422396 0.916667 0.042708 0.029167
0 0.325000 0.798438 0.041667 0.042708
0 0.749479 0.367188 0.055208 0.036458
0 0.328646 0.419271 0.048958 0.048958
0 0.714583 0.575521 0.027083 0.046875
0 0.553125 0.561458 0.052083 0.043750
0 0.834375 0.827083 0.027083 0.037500
0 0.086458 0.557813 0.039583 0.038542
0 0.203125 0.382292 0.022917 0.039583
0 0.113021 0.971354 0.048958 0.055208
0 0.723437 0.648438 0.034375 0.053125
0 0.881771 0.213021 0.034375 0.046875
0 0.578646 0.867708 0.036458 0.037500
0 0.577083 0.171354 0.047917 0.053125
0 0.383854 0.814583 0.048958 0.050000
0 0.352083 0.755729 0.037500 0.040625
0 0.620833 0.829167 0.052083 0.037500
0 0.630729 0.719792 0.044792 0.047917
0 0.964583 0.456771 0.054167 0.048958
0 0.181771 0.657292 0.023958 0.041667
0 0.968229 0.974479 0.042708 0.055208
0 0.581771 0.699479 0.048958 0.034375
0 0.194792 0.482292 0.037500 0.031250
0 0.614583 0.926042 0.045833 0.033333
0 0.168229 0.705729 0.055208 0.044792
0 0.756250 0.869271 0.050000 0.044792
0 0.605729 0.360938 0.032292 0.044792
0 0.118750 0.576042 0.025000 0.037500
0 0.651563 0.909896 0.044792 0.042708
0 0.571354 0.717708 0.026042 0.041667
0 0.768750 0.395833 0.039583 0.047917
0 0.748437 0.167187 0.053125 0.030208
0 0.848958 0.921875 0.027083 0.043750
0 0.411458 0.531250 0.041667 0.027083
0 0.547396 0.647396 0.055208 0.044792
0 0.163542 0.594792 0.043750 0.033333
0 0.923958 0.288021 0.033333 0.044792
0 0.442188 0.079167 0.040625 0.041667
0 0.404167 0.250521 0.045833 0.032292
0 0.635938 0.100521 0.034375 0.048958
0 0.704688 0.118229 0.055208 0.042708
0 0.078125 0.608854 0.047917 0.030208
0 0.208333 0.917188 0.027083 0.040625
0 0.567187 0.391146 0.028125 0.044792
0 0.372917 0.531250 0.045833 0.045833
0 0.496354 0.396875 0.038542 0.022917
0 0.667708 0.448437 0.045833 0.038542
0 0.681250 0.133854 0.054167 0.036458
0 0.471875 0.539062 0.041667 0.042708
0 0.534896 0.438542 0.048958 0.039583
0 0.175000 0.244271 0.027083 0.042708
0 0.631250 0.176042 0.037500 0.029167
0 0.527083 0.742188 0.050000 0.040625
0 0.247396 0.195312 0.038542 0.055208
0 0.209375 0.695312 0.047917 0.046875
0 0.873958 0.887500 0.033333 0.037500
0 0.129167 0.922396 0.031250 0.040625
0 0.481771 0.200000 0.028125 0.039583
0 0.345833 0.796875 0.041667 0.039583
0 0.325000 0.940625 0.043750 0.037500
0 0.919271 0.865625 0.053125 0.047917
0 0.531250 0.509375 0.025000 0.037500
0 0.918229 0.506250 0.040625 0.022917
0 0.822917 0.501563 0.039583 0.036458
0 0.745313 0.092188 0.042708 0.044792
0 0.239063 0.930208 0.051042 0.035417
0 0.460938 0.134375 0.053125 0.041667
0 0.655208 0.719792 0.047917 0.033333
0 0.865625 0.458854 0.045833 0.026042
0 0.510417 0.748437 0.054167 0.048958
0 0.331250 0.322396 0.045833 0.055208
0 0.589583 0.577083 0.039583 0.041667
0 0.948958 0.367708 0.047917 0.039583
0 0.113542 0.237500 0.025000 0.037500
0 0.932813 0.138021 0.038542 0.046875
0 0.968229 0.702604 0.040625 0.026042
0 0.146354 0.843229 0.040625 0.051042
0 0.290625 0.396875 0.027083 0.047917
0 0.177604 0.198437 0.026042 0.051042
0 0.318750 0.690625 0.020833 0.041667
0 0.609375 0.663542 0.037500 0.029167
0 0.917708 0.815625 0.035417 0.020833
0 0.433333 0.101562 0.045833 0.036458
0 0.298958 0.360417 0.037500 0.052083
0 0.703646 0.559375 0.038542 0.043750
0 0.681771 0.281771 0.044792 0.042708
0 0.323958 0.809896 0.031250 0.048958
0 0.143229 0.110417 0.048958 0.050000
0 0.126042 0.313542 0.043750 0.045833
0 0.629687 0.788021 0.044792 0.026042
0 0.446354 0.215104 0.048958 0.030208
0 0.754687 0.600000 0.040625 0.041667
0 0.897917 0.643750 0.045833 0.043750
0 0.523958 0.363542 0.047917 0.039583
0 0.638021 0.390104 0.040625 0.038542
0 0.783333 0.404167 0.039583 0.052083
0 0.165104 0.517708 0.044792 0.047917
0 0.720313 0.110937 0.023958 0.040625
0 0.583854 0.801042 0.036458 0.020833
0 0.908333 0.292187 0.054167 0.051042
0 0.731771 0.814583 0.026042 0.050000
0 0.432292 0.807813 0.037500 0.038542
0 0.638542 0.930208 0.045833 0.022917
0 0.812500 0.763021 0.054167 0.036458
0 0.803646 0.413021 0.046875 0.055208
0 0.394271 0.573958 0.046875 0.043750
0 0.607812 0.266146 0.032292 0.044792
0 0.826042 0.192708 0.043750 0.033333
0 0.402083 0.080729 0.052083 0.053125
0 0.248958 0.779167 0.037500 0.027083
0 0.775000 0.155208 0.047917 0.050000
0 0.436458 0.375521 0.039583 0.038542
0 0.167187 0.893229 0.034375 0.046875
0 0.698958 0.876042 0.045833 0.027083
0 0.145313 0.669792 0.042708 0.039583
0 0.757292 0.807292 0.025000 0.037500
0 0.574479 0.142708 0.051042 0.031250
0 0.812500 0.752083 0.027083 0.041667
0 0.308333 0.864062 0.043750 0.048958
0 0.693229 0.840625 0.036458 0.047917
0 0.452604 0.822396 0.028125 0.040625
0 0.109896 0.930729 0.051042 0.040625
0 0.138021 0.753125 0.053125 0.039583
0 0.329688 0.572917 0.032292 0.039583
0 0.174479 0.789583 0.032292 0.043750
0 0.826042 0.281771 0.054167 0.051042
0 0.794271 0.481771 0.055208 0.040625
0 0.800000 0.344792 0.027083 0.037500
0 0.621875 0.918750 0.047917 0.041667
0 0.334896 0.542708 0.042708 0.037500
0 0.664062 0.773958 0.038542 0.025000
0 0.684375 0.215625 0.045833 0.043750
0 0.558854 0.709375 0.028125 0.041667
0 0.853646 0.754167 0.023958 0.041667
0 0.419792 0.606771 0.033333 0.044792
0 0.484896 0.440104 0.046875 0.034375
0 0.599479 0.718750 0.032292 0.047917
0 0.673958 0.952604 0.039583 0.034375
0 0.488542 0.088542 0.037500 0.041667
0 0.113542 0.174479 0.041667 0.044792
0 0.544792 0.386458 0.037500 0.041667
0 0.927604 0.781771 0.038542 0.046875
0 0.645312 0.915104 0.023958 0.042708
0 0.338542 0.861979 0.037500 0.044792
0 0.630729 0.653125 0.034375 0.039583
0 0.446875 0.524479 0.043750 0.028125
0 0.835417 0.890625 0.043750 0.033333
0 0.464583 0.721875 0.052083 0.041667
0 0.671875 0.094792 0.018750 0.035417
0 0.565104 0.647917 0.046875 0.029167
0 0.564583 0.263542 0.047917 0.037500
0 0.251042 0.913021 0.033333 0.044792
0 0.679167 0.229167 0.043750 0.052083
0 0.520312 0.201563 0.040625 0.038542
0 0.521354 0.289583 0.048958 0.033333
0 0.947917 0.227604 0.039583 0.030208
0 0.449479 0.429688 0.034375 0.040625
0 0.723437 0.636458 0.040625 0.054167
0 0.247917 0.941146 0.039583 0.044792
0 0.570833 0.604688 0.043750 0.028125
0 0.448958 0.181771 0.045833 0.036458
0 0.376563 0.300000 0.048958 0.039583
0 0.305208 0.552604 0.050000 0.042708
0 0.381250 0.135417 0.035417 0.052083
0 0.342187 0.571354 0.040625 0.034375
0 0.721354 0.489063 0.046875 0.023958
0 0.093750 0.823438 0.039583 0.028125
0 0.561458 0.310417 0.031250 0.045833
0 0.735417 0.709896 0.039583 0.053125
0 0.528646 0.247396 0.042708 0.044792
0 0.536458 0.347396 0.031250 0.048958
0 0.220833 0.892188 0.052083 0.051042
0 0.654687 0.601562 0.051042 0.036458
0 0.855729 0.189583 0.040625 0.043750
0 0.108333 0.549479 0.037500 0.019792
0 0.536458 0.753125 0.031250 0.037500
0 0.504687 0.835938 0.055208 0.038542
0 0.248438 0.755208 0.038542 0.043750
0 0.642708 0.400000 0.052083 0.045833
0 0.802083 0.542708 0.035417 0.037500
0 0.253125 0.473958 0.025000 0.041667
0 0.305208 0.244271 0.043750 0.042708
0 0.263542 0.740104 0.037500 0.048958
0 0.691667 0.660937 0.052083 0.032292
0 0.135417 0.389062 0.039583 0.036458
0 0.838021 0.770312 0.048958 0.032292
0 0.320833 0.315104 0.039583 0.036458
0 0.619792 0.460417 0.031250 0.041667
0 0.603125 0.415104 0.033333 0.053125
0 0.375521 0.928125 0.046875 0.027083
0 0.235937 0.868229 0.040625 0.036458
0 0.468750 0.197917 0.020833 0.039583
0 0.435417 0.677604 0.039583 0.026042
0 0.895833 0.560937 0.022917 0.044792
0 0.360417 0.351042 0.022917 0.039583
0 0.235937 0.709896 0.038542 0.051042
0 0.627083 0.753125 0.027083 0.041667
0 0.257292 0.231250 0.041667 0.031250
0 0.489063 0.509375 0.051042 0.050000
0 0.734896 0.146354 0.055208 0.044792
0 0.160938 0.231771 0.040625 0.044792
0 0.505208 0.460938 0.054167 0.046875
0 0.397917 0.194792 0.029167 0.050000
0 0.121354 0.131771 0.046875 0.036458
0 0.332292 0.517188 0.045833 0.048958
0 0.292708 0.467187 0.054167 0.046875
0 0.372396 0.576042 0.038542 0.047917
0 0.224479 0.583333 0.038542 0.022917
0 0.942708 0.357292 0.031250 0.050000
0 0.459375 0.808333 0.025000 0.037500
0 0.630729 0.481771 0.044792 0.042708
0 0.366667 0.250521 0.050000 0.053125
0 0.514583 0.876042 0.050000 0.029167
0 0.409375 0.232292 0.052083 0.047917
0 0.758854 0.476042 0.048958 0.035417
0 0.516146 0.563021 0.042708 0.044792
0 0.539062 0.476042 0.042708 0.047917
0 0.138542 0.110937 0.047917 0.048958
0 0.303125 0.629167 0.050000 0.029167
0 0.916146 0.697396 0.044792 0.042708
0 0.645833 0.138542 0.033333 0.047917
0 0.153646 0.534896 0.042708 0.044792
0 0.949479 0.581250 0.034375 0.043750
0 0.543229 0.254688 0.026042 0.046875
0 0.755729 0.667708 0.044792 0.047917
0 0.808333 0.495833 0.031250 0.037500
0 0.338542 0.929688 0.027083 0.042708
0 0.663542 0.767188 0.029167 0.046875
0 0.671354 0.772396 0.040625 0.036458
0 0.202604 0.707292 0.048958 0.041667
0 0.425000 0.710417 0.041667 0.027083
0 0.922917 0.211979 0.054167 0.040625
0 0.553646 0.282292 0.042708 0.041667
0 0.856771 0.405729 0.055208 0.046875
0 0.376563 0.701562 0.044792 0.042708
0 0.576562 0.713021 0.046875 0.026042
0 0.944792 0.377083 0.052083 0.041667
0 0.497917 0.644271 0.054167 0.044792
0 0.918229 0.815625 0.044792 0.025000
0 0.223958 0.585938 0.054167 0.036458
0 0.805208 0.205208 0.043750 0.045833
0 0.818229 0.709896 0.042708 0.044792
0 0.767708 0.888021 0.045833 0.023958
0 0.403125 0.708854 0.039583 0.055208
0 0.083333 0.413021 0.035417 0.048958
0 0.473958 0.363542 0.027083 0.037500
0 0.598437 0.569792 0.044792 0.035417
0 0.233333 0.502604 0.035417 0.048958
0 0.829688 0.114583 0.034375 0.047917
0 0.425521 0.325000 0.048958 0.041667
0 0.757812 0.959375 0.038542 0.031250
0 0.949479 0.353125 0.053125 0.043750
0 0.732292 0.236979 0.045833 0.036458
0 0.407292 0.569271 0.041667 0.023958
0 0.083854 0.946354 0.042708 0.051042
0 0.188542 0.687500 0.035417 0.047917
0 0.083854 0.467708 0.028125 0.045833
0 0.381250 0.840625 0.035417 0.043750
0 0.656250 0.383854 0.047917 0.030208
0 0.668229 0.371875 0.026042 0.047917
0 0.470833 0.199479 0.029167 0.046875
0 0.716667 0.636979 0.035417 0.053125
0 0.187500 0.809375 0.050000 0.031250
0 0.279167 0.900521 0.045833 0.032292
0 0.911458 0.682292 0.050000 0.033333
0 0.165104 0.548438 0.032292 0.048958
0 0.791146 0.431771 0.042708 0.023958
0 0.216667 0.902604 0.050000 0.036458
0 0.758333 0.611979 0.045833 0.048958
0 0.107813 0.768750 0.048958 0.035417
0 0.512500 0.745833 0.043750 0.045833
0 0.493750 0.197917 0.033333 0.047917
0 0.872917 0.926042 0.052083 0.041667
0 0.147917 0.666146 0.045833 0.048958
0 0.793229 0.151042 0.017708 0.035417
0 0.472396 0.766146 0.051042 0.053125
0 0.945833 0.779687 0.020833 0.036458
0 0.791146 0.229167 0.038542 0.027083
0 0.654687 0.862500 0.028125 0.050000
0 0.752083 0.853125 0.035417 0.052083
0 0.693750 0.827083 0.039583 0.047917
0 0.776042 0.233854 0.041667 0.048958
0 0.857292 0.843229 0.050000 0.042708
0 0.171354 0.369271 0.040625 0.034375
0 0.961979 0.639583 0.036458 0.037500
0 0.443229 0.492708 0.042708 0.029167
0 0.717187 0.802083 0.026042 0.039583
0 0.589063 0.627604 0.048958 0.046875
0 0.492188 0.411979 0.040625 0.051042
0 0.594792 0.523438 0.035417 0.048958
0 0.672396 0.228125 0.048958 0.037500
0 0.720833 0.438542 0.043750 0.052083
0 0.786458 0.459375 0.037500 0.031250
0 0.193750 0.632292 0.037500 0.029167
0 0.958333 0.104167 0.052083 0.047917
0 0.667708 0.629167 0.037500 0.025000
0 0.800000 0.463021 0.047917 0.032292
0 0.657292 0.711979 0.022917 0.038542
0 0.204167 0.262500 0.025000 0.043750
0 0.253646 0.306771 0.030208 0.040625
0 0.593229 0.503646 0.053125 0.051042
0 0.484896 0.453125 0.046875 0.052083
0 0.752083 0.276042 0.047917 0.035417
0 0.435417 0.089063 0.039583 0.055208
0 0.781250 0.594792 0.037500 0.047917
0 0.223958 0.738542 0.039583 0.041667
0 0.522396 0.417708 0.028125 0.050000
0 0.233333 0.150521 0.020833 0.038542
0 0.843750 0.930208 0.037500 0.035417
0 0.447396 0.852083 0.048958 0.035417
0 0.391146 0.780729 0.038542 0.046875
0 0.780208 0.904167 0.022917 0.035417
0 0.414583 0.292187 0.035417 0.053125
0 0.605208 0.151562 0.045833 0.048958
0 0.455208 0.342187 0.050000 0.042708
0 0.209375 0.441667 0.035417 0.043750
0 0.227604 0.139583 0.044792 0.047917
0 0.334896 0.728646 0.040625 0.051042
0 0.168229 0.651042 0.044792 0.027083
0 0.666667 0.782813 0.041667 0.023958
0 0.684375 0.761979 0.027083 0.042708
0 0.951562 0.527604 0.040625 0.034375
0 0.113542 0.907292 0.031250 0.037500
0 0.457813 0.922396 0.023958 0.046875
0 0.510938 0.309896 0.046875 0.026042