0 0.640104 0.764062 0.044792 0.051042
0 0.596354 0.232813 0.048958 0.046875
0 0.444271 0.920312 0.038542 0.051042
0 0.467708 0.820312 0.045833 0.048958
0 0.311979 0.653125 0.038542 0.043750
0 0.853646 0.451562 0.023958 0.046875
0 0.272396 0.174479 0.028125 0.040625
0 0.813021 0.267188 0.036458 0.046875
0 0.669792 0.894271 0.043750 0.055208
0 0.814583 0.706771 0.020833 0.036458
0 0.502083 0.536979 0.047917 0.053125
0 0.078646 0.922396 0.030208 0.048958
0 0.880208 0.187500 0.037500 0.033333
0 0.634896 0.708854 0.051042 0.040625
0 0.765104 0.247396 0.051042 0.034375
0 0.486979 0.946875 0.042708 0.037500
0 0.738021 0.621875 0.036458 0.020833
0 0.539583 0.532813 0.043750 0.042708
0 0.703125 0.166146 0.033333 0.044792
0 0.067187 0.607812 0.030208 0.053125
0 0.424479 0.254688 0.023958 0.046875
0 0.166146 0.447917 0.028125 0.039583
0 0.640104 0.256771 0.048958 0.055208
0 0.120313 0.447396 0.023958 0.042708
0 0.210938 0.557813 0.044792 0.040625
0 0.441146 0.377604 0.038542 0.055208
0 0.832292 0.507812 0.027083 0.046875
0 0.540104 0.179167 0.042708 0.039583
0 0.281250 0.543229 0.025000 0.038542
0 0.571354 0.147396 0.044792 0.040625
0 0.791667 0.152083 0.045833 0.043750
0 0.783854 0.176563 0.053125 0.051042
0 0.507292 0.184896 0.043750 0.030208
0 0.178646 0.894271 0.023958 0.042708
0 0.554688 0.502604 0.044792 0.051042
0 0.345313 0.462500 0.038542 0.047917
0 0.238021 0.875000 0.034375 0.047917
0 0.446875 0.853125 0.045833 0.052083
0 0.396875 0.251042 0.031250 0.050000
0 0.320833 0.623958 0.037500 0.025000
0 0.679688 0.285938 0.042708 0.023958
0 0.593229 0.546354 0.028125 0.040625
0 0.682292 0.461979 0.047917 0.055208
0 0.579167 0.265625 0.039583 0.047917
0 0.620833 0.550000 0.037500 0.025000
0 0.623437 0.611458 0.038542 0.022917
0 0.090104 0.286979 0.042708 0.051042
0 0.473438 0.831250 0.038542 0.035417
0 0.897396 0.501042 0.051042 0.050000
0 0.590104 0.568229 0.026042 0.040625
0 0.909375 0.723958 0.029167 0.041667
0 0.109375 0.774479 0.047917 0.046875
0 0.639583 0.166146 0.039583 0.032292
0 0.629687 0.565625 0.038542 0.043750
0 0.179167 0.709896 0.033333 0.040625
0 0.791146 0.895312 0.048958 0.023958
0 0.278125 0.365104 0.052083 0.032292
0 0.153125 0.438542 0.043750 0.035417
0 0.240104 0.588021 0.040625 0.030208
0 0.745833 0.187500 0.041667 0.029167
0 0.253646 0.381250 0.026042 0.047917
0 0.363542 0.943229 0.025000 0.038542
0 0.678125 0.317708 0.037500 0.052083
0 0.222396 0.455208 0.038542 0.022917
0 0.346875 0.808333 0.039583 0.022917
0 0.391667 0.655208 0.045833 0.029167
0 0.788542 0.125521 0.050000 0.053125
0 0.360417 0.285938 0.047917 0.028125
0 0.371354 0.530208 0.044792 0.052083
0 0.303125 0.391146 0.031250 0.051042
0 0.444271 0.441667 0.042708 0.039583
0 0.321354 0.733333 0.036458 0.052083
0 0.913542 0.674479 0.039583 0.053125
0 0.339062 0.293229 0.040625 0.038542
0 0.799479 0.367708 0.038542 0.033333
0 0.310937 0.490104 0.055208 0.042708
0 0.782813 0.830208 0.042708 0.039583
0 0.767188 0.321875 0.044792 0.052083
0 0.191667 0.334375 0.052083 0.033333
0 0.391667 0.539062 0.043750 0.030208
0 0.765104 0.557292 0.030208 0.050000
0 0.693750 0.309375 0.052083 0.035417
0 0.080208 0.080729 0.045833 0.026042
0 0.450521 0.705729 0.051042 0.042708
0 0.388021 0.785937 0.038542 0.055208
0 0.236458 0.811979 0.045833 0.032292
0 0.436979 0.833854 0.051042 0.036458
0 0.814583 0.167708 0.052083 0.041667
0 0.594271 0.702083 0.019792 0.039583
0 0.628125 0.589063 0.041667 0.044792
0 0.945833 0.084375 0.041667 0.039583
0 0.893750 0.498958 0.035417 0.047917
0 0.140625 0.170833 0.039583 0.025000
0 0.723437 0.923438 0.030208 0.040625
0 0.503125 0.697917 0.047917 0.050000
0 0.337500 0.427083 0.022917 0.043750
0 0.253646 0.404687 0.044792 0.040625
0 0.553125 0.070833 0.041667 0.020833
0 0.496875 0.790625 0.020833 0.035417
0 0.635417 0.094792 0.027083 0.037500
0 0.898958 0.769792 0.052083 0.033333
0 0.675000 0.834375 0.037500 0.029167
0 0.513542 0.259896 0.045833 0.048958
0 0.085938 0.289583 0.044792 0.025000
0 0.645833 0.802083 0.039583 0.022917
0 0.831771 0.921354 0.028125 0.048958
0 0.264583 0.089063 0.043750 0.055208
0 0.154167 0.888542 0.037500 0.029167
0 0.758333 0.284896 0.037500 0.040625
0 0.833854 0.610417 0.046875 0.029167
0 0.126562 0.538021 0.017708 0.036458
0 0.218229 0.251042 0.023958 0.043750
0 0.680729 0.251563 0.044792 0.032292
0 0.077083 0.685417 0.045833 0.043750
0 0.271354 0.351042 0.026042 0.041667
0 0.754167 0.559375 0.043750 0.052083
0 0.616146 0.963542 0.046875 0.043750
0 0.614583 0.253646 0.039583 0.023958
0 0.181250 0.534896 0.037500 0.040625
0 0.491146 0.323437 0.038542 0.055208
0 0.702083 0.849479 0.050000 0.053125
0 0.087500 0.840625 0.037500 0.031250
0 0.716146 0.500000 0.044792 0.052083
0 0.219792 0.953646 0.035417 0.044792
0 0.905729 0.956771 0.044792 0.021875
0 0.357812 0.172396 0.046875 0.023958
0 0.110937 0.812500 0.053125 0.041667
0 0.784896 0.353646 0.038542 0.019792
0 0.330729 0.497396 0.023958 0.038542
0 0.152604 0.134375 0.044792 0.045833
0 0.607292 0.680729 0.037500 0.053125
0 0.734896 0.186979 0.030208 0.048958
0 0.163542 0.860417 0.037500 0.022917
0 0.765104 0.774479 0.032292 0.053125
0 0.406771 0.157292 0.044792 0.033333
0 0.297396 0.298958 0.042708 0.025000
0 0.100000 0.150000 0.047917 0.025000
0 0.761458 0.966667 0.039583 0.041667
0 0.901563 0.948958 0.038542 0.025000
0 0.095312 0.577083 0.036458 0.047917
0 0.919792 0.190625 0.037500 0.052083
0 0.568750 0.527604 0.054167 0.044792
0 0.941667 0.747917 0.020833 0.039583
0 0.434375 0.105208 0.025000 0.047917
0 0.702083 0.726562 0.047917 0.046875
0 0.257292 0.444792 0.045833 0.027083
0 0.339583 0.103125 0.047917 0.039583
0 0.578125 0.916146 0.035417 0.040625
0 0.329167 0.760417 0.025000 0.041667
0 0.295833 0.349479 0.033333 0.040625
0 0.555729 0.227083 0.019792 0.035417
0 0.255729 0.539062 0.042708 0.044792
0 0.102604 0.956771 0.048958 0.023958
0 0.828125 0.609896 0.025000 0.042708
0 0.307812 0.644792 0.034375 0.043750
0 0.597396 0.338021 0.042708 0.055208
0 0.483333 0.713021 0.043750 0.042708
0 0.562500 0.890104 0.043750 0.042708
0 0.797396 0.779687 0.046875 0.048958
0 0.173958 0.230729 0.045833 0.040625
0 0.533854 0.730208 0.048958 0.052083
0 0.092188 0.109896 0.038542 0.021875
0 0.707292 0.636458 0.045833 0.031250
0 0.309896 0.367188 0.040625 0.044792
0 0.493750 0.744271 0.029167 0.040625
0 0.570833 0.865625 0.052083 0.033333
0 0.899479 0.275000 0.044792 0.052083
0 0.657813 0.766667 0.026042 0.041667
0 0.861979 0.909375 0.044792 0.047917
0 0.563542 0.807292 0.031250 0.045833
0 0.462500 0.629167 0.047917 0.037500
0 0.678125 0.808333 0.033333 0.045833
0 0.338021 0.194792 0.023958 0.041667
0 0.507812 0.630729 0.030208 0.051042
0 0.344271 0.745833 0.048958 0.052083
0 0.705208 0.941667 0.043750 0.052083
0 0.820312 0.198437 0.030208 0.053125
0 0.905729 0.851562 0.051042 0.044792
0 0.267708 0.601042 0.037500 0.052083
0 0.828125 0.484375 0.041667 0.039583
0 0.692708 0.749479 0.050000 0.028125
0 0.716146 0.687500 0.038542 0.025000
0 0.785937 0.132292 0.028125 0.043750
0 0.489583 0.767708 0.043750 0.033333
0 0.490104 0.678646 0.048958 0.030208
0 0.428125 0.890625 0.037500 0.018750
0 0.943229 0.711458 0.038542 0.025000
0 0.600000 0.162500 0.037500 0.033333
0 0.627083 0.863021 0.039583 0.034375
0 0.745833 0.551562 0.050000 0.040625
0 0.158854 0.789583 0.053125 0.039583
0 0.773438 0.181250 0.023958 0.045833
0 0.714583 0.473958 0.041667 0.025000
0 0.408854 0.722396 0.034375 0.040625
0 0.714583 0.399479 0.022917 0.040625
0 0.333854 0.336458 0.044792 0.035417
0 0.211458 0.968750 0.037500 0.047917
0 0.167187 0.581771 0.040625 0.032292
0 0.088021 0.203646 0.038542 0.021875
0 0.488542 0.160417 0.045833 0.043750
0 0.444271 0.117708 0.040625 0.022917
0 0.805729 0.270833 0.030208 0.043750
0 0.710938 0.208854 0.046875 0.023958
0 0.945312 0.101042 0.019792 0.035417
0 0.765104 0.134896 0.046875 0.055208
0 0.726042 0.564583 0.029167 0.041667
0 0.485938 0.742708 0.042708 0.031250
0 0.251042 0.758333 0.025000 0.041667
0 0.672917 0.473958 0.039583 0.041667
0 0.734896 0.336458 0.028125 0.050000
0 0.681771 0.204167 0.048958 0.052083
0 0.841667 0.709375 0.041667 0.025000
0 0.139583 0.640625 0.037500 0.033333
0 0.206771 0.119792 0.032292 0.043750
0 0.824479 0.117708 0.021875 0.041667
0 0.482812 0.456771 0.055208 0.044792
0 0.198437 0.101042 0.021875 0.037500
0 0.489583 0.238542 0.031250 0.037500
0 0.322917 0.516667 0.047917 0.039583
0 0.886458 0.431250 0.031250 0.037500
0 0.631250 0.836458 0.027083 0.037500
0 0.481250 0.835417 0.037500 0.041667
0 0.769792 0.345833 0.033333 0.016667
0 0.238021 0.768750 0.034375 0.047917
0 0.868750 0.485938 0.039583 0.038542
0 0.929167 0.388021 0.031250 0.048958
0 0.788542 0.396875 0.052083 0.039583
0 0.078125 0.511458 0.022917 0.039583
0 0.580208 0.863021 0.043750 0.040625
0 0.267708 0.831250 0.027083 0.047917
0 0.670833 0.432292 0.022917 0.037500
0 0.396354 0.185417 0.030208 0.047917
0 0.186979 0.679167 0.048958 0.033333
0 0.564063 0.261979 0.055208 0.038542
0 0.465104 0.278125 0.038542 0.035417
0 0.091667 0.443229 0.039583 0.026042
0 0.359375 0.375521 0.027083 0.042708
0 0.220833 0.801562 0.043750 0.055208
0 0.322396 0.737500 0.042708 0.029167
0 0.154688 0.435417 0.038542 0.035417
0 0.870833 0.472396 0.029167 0.040625
0 0.514583 0.394792 0.018750 0.035417
0 0.400521 0.862500 0.040625 0.022917
0 0.797917 0.402083 0.033333 0.045833
0 0.735938 0.340625 0.053125 0.039583
0 0.903125 0.153646 0.043750 0.026042
0 0.665104 0.475521 0.053125 0.034375
0 0.319271 0.633854 0.030208 0.048958
0 0.189583 0.273958 0.025000 0.041667
0 0.522396 0.297396 0.044792 0.032292
0 0.561979 0.094271 0.053125 0.032292
0 0.130729 0.528125 0.038542 0.043750
0 0.735938 0.267708 0.032292 0.047917
0 0.304688 0.713542 0.051042 0.050000
0 0.760938 0.850521 0.038542 0.046875
0 0.839063 0.816667 0.030208 0.039583
0 0.888021 0.884375 0.038542 0.029167
0 0.512500 0.676042 0.027083 0.041667
0 0.202083 0.413021 0.050000 0.034375
0 0.243229 0.758333 0.026042 0.041667
0 0.610417 0.164583 0.037500 0.031250
0 0.078125 0.746875 0.045833 0.043750
0 0.529687 0.929688 0.044792 0.030208
0 0.376563 0.574479 0.038542 0.040625
0 0.747917 0.563021 0.039583 0.038542
0 0.185938 0.128646 0.032292 0.053125
0 0.186979 0.618229 0.040625 0.044792
0 0.709896 0.631250 0.023958 0.041667
0 0.696354 0.544792 0.046875 0.027083
0 0.075521 0.786979 0.028125 0.048958
0 0.626042 0.265104 0.039583 0.032292
0 0.762500 0.343750 0.035417 0.018750
0 0.475521 0.881250 0.032292 0.043750
0 0.562500 0.273958 0.050000 0.029167
0 0.221354 0.518750 0.038542 0.052083
0 0.701042 0.330729 0.037500 0.023958
0 0.856250 0.348438 0.054167 0.044792
0 0.436458 0.325521 0.050000 0.038542
0 0.869271 0.801562 0.023958 0.038542
0 0.612500 0.347396 0.037500 0.038542
0 0.752604 0.691667 0.046875 0.027083
0 0.600000 0.745313 0.022917 0.038542
0 0.381771 0.747396 0.051042 0.030208
0 0.220833 0.403646 0.050000 0.038542
0 0.311979 0.652604 0.053125 0.034375
0 0.135937 0.475521 0.038542 0.046875
0 0.937500 0.441146 0.033333 0.044792
0 0.454167 0.885938 0.029167 0.051042
0 0.378646 0.629167 0.046875 0.052083
0 0.654687 0.695312 0.051042 0.040625
0 0.883333 0.157292 0.029167 0.037500
0 0.848437 0.541146 0.038542 0.051042
0 0.904687 0.308854 0.046875 0.026042
0 0.472917 0.423958 0.035417 0.052083
0 0.692708 0.817187 0.041667 0.044792
0 0.769792 0.741667 0.037500 0.018750
0 0.681771 0.278646 0.048958 0.032292
0 0.856250 0.795833 0.035417 0.018750
0 0.833333 0.899479 0.022917 0.038542
0 0.486458 0.382292 0.027083 0.037500
0 0.694792 0.839063 0.052083 0.051042
0 0.848958 0.375000 0.050000 0.029167
0 0.695312 0.398958 0.034375 0.037500
0 0.686979 0.500521 0.028125 0.046875
0 0.879167 0.433333 0.037500 0.047917
0 0.311979 0.578125 0.034375 0.039583
0 0.677604 0.892188 0.040625 0.028125
0 0.214062 0.534896 0.042708 0.051042
0 0.082812 0.327083 0.053125 0.039583
0 0.797917 0.946354 0.022917 0.040625
0 0.473438 0.080208 0.030208 0.039583
0 0.125000 0.706250 0.037500 0.041667
0 0.158854 0.463021 0.055208 0.038542
0 0.842187 0.189062 0.044792 0.042708
0 0.133333 0.734896 0.039583 0.030208
0 0.917188 0.129688 0.042708 0.044792
0 0.296875 0.234375 0.043750 0.025000
0 0.210938 0.193229 0.042708 0.055208
0 0.701562 0.424479 0.044792 0.051042
0 0.677083 0.130208 0.033333 0.037500
0 0.603646 0.350000 0.038542 0.035417
0 0.628646 0.536458 0.042708 0.031250
0 0.908854 0.222917 0.036458 0.020833
0 0.411458 0.442708 0.052083 0.043750
0 0.966667 0.665104 0.054167 0.040625
0 0.681250 0.232292 0.043750 0.025000
0 0.545312 0.529687 0.038542 0.051042
0 0.761458 0.256250 0.025000 0.047917
0 0.699479 0.591667 0.051042 0.031250
0 0.284375 0.095312 0.045833 0.036458
0 0.174479 0.524479 0.038542 0.021875
0 0.244271 0.213542 0.048958 0.041667
0 0.684375 0.148438 0.054167 0.036458
0 0.885938 0.617188 0.028125 0.044792
0 0.360417 0.293750 0.035417 0.043750
0 0.083854 0.962500 0.044792 0.052083
0 0.357292 0.762500 0.047917 0.035417
0 0.116667 0.833333 0.031250 0.037500
0 0.597917 0.221354 0.041667 0.032292
0 0.337500 0.576042 0.037500 0.047917
0 0.177083 0.567187 0.052083 0.032292
0 0.828646 0.853125 0.044792 0.035417
0 0.089063 0.858854 0.036458 0.055208
0 0.138542 0.473438 0.029167 0.048958
0 0.828125 0.633854 0.031250 0.048958
0 0.341146 0.397396 0.026042 0.046875
0 0.692708 0.643229 0.039583 0.038542
0 0.804167 0.278646 0.027083 0.040625
0 0.459896 0.100521 0.038542 0.046875
0 0.525521 0.569271 0.042708 0.051042
0 0.885417 0.829688 0.025000 0.038542
0 0.873437 0.712500 0.048958 0.052083
0 0.591146 0.403646 0.053125 0.032292
0 0.578646 0.900000 0.036458 0.043750
0 0.349479 0.552083 0.034375 0.047917
0 0.463542 0.320833 0.043750 0.033333
0 0.756250 0.586458 0.037500 0.025000
0 0.249479 0.682292 0.032292 0.043750
0 0.337500 0.683854 0.041667 0.048958
0 0.394792 0.720313 0.027083 0.042708
0 0.348438 0.226562 0.026042 0.040625
0 0.712500 0.539583 0.039583 0.041667
0 0.533333 0.138542 0.029167 0.050000
0 0.213021 0.198958 0.038542 0.035417
0 0.848437 0.497917 0.048958 0.052083
0 0.753125 0.673438 0.047917 0.028125
0 0.757812 0.306771 0.053125 0.051042
0 0.468229 0.861458 0.044792 0.033333
0 0.197917 0.272917 0.050000 0.050000
0 0.181250 0.720313 0.025000 0.042708
0 0.202083 0.428646 0.054167 0.044792
0 0.791146 0.634896 0.032292 0.044792
0 0.141667 0.648958 0.037500 0.029167
0 0.900521 0.244792 0.034375 0.047917
0 0.571354 0.527083 0.040625 0.041667
0 0.289583 0.657813 0.047917 0.044792
0 0.617708 0.820312 0.054167 0.048958
0 0.236458 0.805729 0.045833 0.036458
0 0.631250 0.189062 0.052083 0.051042
0 0.391146 0.097917 0.046875 0.031250
0 0.687500 0.518750 0.045833 0.043750
0 0.675521 0.810937 0.038542 0.051042
0 0.927604 0.477083 0.032292 0.039583
0 0.422396 0.887500 0.048958 0.035417
0 0.569271 0.809896 0.044792 0.044792
0 0.197917 0.691667 0.025000 0.043750
0 0.519271 0.690625 0.038542 0.037500
0 0.521354 0.897917 0.030208 0.039583
0 0.402083 0.945833 0.031250 0.045833
0 0.415625 0.267708 0.035417 0.037500
0 0.492188 0.330208 0.038542 0.029167
0 0.578125 0.915625 0.043750 0.035417
0 0.674479 0.462500 0.036458 0.022917
0 0.213542 0.618229 0.050000 0.053125
0 0.403125 0.909375 0.043750 0.052083
0 0.895833 0.221354 0.033333 0.048958
0 0.790104 0.446354 0.040625 0.036458
0 0.777083 0.417708 0.045833 0.043750
0 0.131250 0.129688 0.043750 0.028125
0 0.778646 0.408333 0.021875 0.043750
0 0.649479 0.879167 0.036458 0.037500
0 0.077083 0.313542 0.035417 0.043750
0 0.316667 0.525521 0.037500 0.044792
0 0.558854 0.941667 0.046875 0.027083
0 0.910417 0.255208 0.045833 0.045833
0 0.113542 0.821875 0.052083 0.047917
0 0.625000 0.831771 0.039583 0.032292
0 0.447917 0.441146 0.047917 0.030208
0 0.513021 0.364063 0.044792 0.032292
0 0.179688 0.570833 0.021875 0.041667
0 0.954688 0.769271 0.051042 0.038542
0 0.116146 0.572396 0.040625 0.023958
0 0.886458 0.116146 0.039583 0.030208
0 0.771875 0.739062 0.041667 0.044792
0 0.775000 0.431250 0.041667 0.029167
0 0.147396 0.682813 0.053125 0.034375
0 0.329688 0.563542 0.028125 0.039583
0 0.784375 0.173437 0.054167 0.038542
0 0.521354 0.489583 0.042708 0.037500
0 0.184375 0.946354 0.039583 0.030208
0 0.701042 0.188021 0.027083 0.042708
0 0.093229 0.347396 0.051042 0.040625
0 0.902604 0.319792 0.044792 0.047917
0 0.330729 0.558333 0.036458 0.018750
0 0.714063 0.084896 0.030208 0.048958
0 0.873958 0.425000 0.043750 0.045833
0 0.458333 0.778646 0.022917 0.046875
0 0.282813 0.121875 0.044792 0.033333
0 0.747917 0.153646 0.054167 0.036458
0 0.321875 0.553646 0.054167 0.044792
0 0.229167 0.525521 0.045833 0.028125
0 0.946354 0.090104 0.053125 0.051042
0 0.517188 0.217708 0.048958 0.037500
0 0.559896 0.284896 0.048958 0.046875
0 0.821354 0.309375 0.042708 0.054167
0 0.651563 0.091146 0.046875 0.048958
0 0.199479 0.319792 0.040625 0.020833
0 0.661979 0.953646 0.055208 0.042708
0 0.530208 0.904687 0.047917 0.044792
0 0.828125 0.755729 0.039583 0.026042
0 0.534375 0.840625 0.018750 0.035417
0 0.442708 0.525521 0.043750 0.055208
0 0.546875 0.101562 0.041667 0.044792
0 0.775000 0.511458 0.047917 0.027083
0 0.522917 0.522396 0.039583 0.028125
0 0.525000 0.205208 0.035417 0.052083
0 0.666146 0.700000 0.023958 0.037500
0 0.373958 0.592708 0.052083 0.045833
0 0.470833 0.196875 0.037500 0.035417
0 0.360938 0.752604 0.044792 0.028125
0 0.170833 0.258333 0.039583 0.047917
0 0.798958 0.314063 0.050000 0.040625
0 0.968229 0.276562 0.042708 0.044792
0 0.693750 0.142187 0.041667 0.021875
0 0.965104 0.631250 0.051042 0.035417
0 0.463542 0.331250 0.043750 0.025000
0 0.547917 0.369271 0.054167 0.042708
0 0.269271 0.215104 0.042708 0.055208
0 0.273958 0.105729 0.029167 0.046875
0 0.107813 0.878646 0.055208 0.044792
0 0.621875 0.868229 0.037500 0.044792
0 0.741667 0.417187 0.039583 0.032292
0 0.550521 0.070833 0.034375 0.037500
0 0.368229 0.869792 0.053125 0.039583
0 0.218750 0.414062 0.037500 0.044792
0 0.796875 0.889583 0.037500 0.022917
0 0.135417 0.788542 0.031250 0.043750
0 0.173437 0.355208 0.044792 0.052083
0 0.248958 0.523958 0.043750 0.033333
0 0.160938 0.347396 0.030208 0.051042
0 0.946875 0.225000 0.037500 0.025000
0 0.500000 0.826042 0.050000 0.047917
0 0.411979 0.175521 0.026042 0.040625
0 0.631771 0.317708 0.044792 0.025000
0 0.280208 0.184375 0.018750 0.035417
0 0.272917 0.248958 0.022917 0.043750
0 0.951042 0.603646 0.045833 0.034375
0 0.877604 0.310417 0.036458 0.018750
0 0.473438 0.953125 0.044792 0.035417
0 0.962500 0.746354 0.045833 0.026042
0 0.222396 0.585417 0.036458 0.020833
0 0.332292 0.119271 0.025000 0.046875
0 0.605208 0.820312 0.043750 0.042708
0 0.459375 0.422917 0.050000 0.029167
0 0.869271 0.242188 0.048958 0.028125
0 0.477083 0.182292 0.035417 0.018750
0 0.204167 0.562500 0.022917 0.043750
0 0.744271 0.092708 0.036458 0.052083
0 0.340625 0.607292 0.035417 0.043750
0 0.770833 0.771875 0.047917 0.025000
0 0.154167 0.148958 0.041667 0.027083
0 0.461458 0.209896 0.045833 0.034375
0 0.892188 0.206771 0.026042 0.040625
0 0.690104 0.229167 0.023958 0.047917
0 0.953125 0.199479 0.035417 0.048958
0 0.111979 0.507812 0.051042 0.028125
0 0.101042 0.642188 0.054167 0.036458
0 0.707292 0.885938 0.039583 0.028125
0 0.313021 0.242188 0.034375 0.040625
0 0.506771 0.550000 0.042708 0.020833
0 0.407292 0.925000 0.039583 0.047917
0 0.741146 0.881250 0.046875 0.045833
0 0.556771 0.231771 0.046875 0.048958
0 0.391146 0.582292 0.042708 0.037500
0 0.239063 0.082292 0.028125 0.039583
0 0.755729 0.602083 0.028125 0.043750
0 0.346354 0.494271 0.040625 0.034375
0 0.160417 0.673958 0.047917 0.037500
0 0.365104 0.330208 0.048958 0.037500
0 0.908333 0.157812 0.027083 0.040625
0 0.307292 0.091667 0.037500 0.029167
0 0.841146 0.453125 0.030208 0.050000
0 0.775521 0.840625 0.046875 0.043750
0 0.157292 0.352604 0.033333 0.044792
0 0.123438 0.308854 0.030208 0.040625
0 0.208333 0.227083 0.039583 0.052083
0 0.528646 0.080729 0.040625 0.026042
0 0.093229 0.463021 0.040625 0.032292
0 0.824479 0.321875 0.048958 0.052083
0 0.167708 0.212500 0.037500 0.047917
0 0.503125 0.371875 0.045833 0.043750
0 0.408333 0.833333 0.047917 0.037500
0 0.461979 0.656771 0.044792 0.032292
0 0.554167 0.359375 0.043750 0.045833
0 0.733333 0.187500 0.035417 0.052083
0 0.754167 0.596875 0.020833 0.035417
0 0.575000 0.600000 0.020833 0.039583
0 0.296354 0.436458 0.042708 0.031250
0 0.432812 0.540625 0.034375 0.016667
0 0.948438 0.154688 0.048958 0.046875
0 0.282292 0.913542 0.027083 0.045833
0 0.331250 0.725521 0.054167 0.038542
0 0.431250 0.688021 0.035417 0.017708
0 0.728125 0.501042 0.035417 0.043750
0 0.203646 0.596875 0.021875 0.043750
0 0.745313 0.564583 0.038542 0.025000
0 0.890625 0.576562 0.037500 0.038542
0 0.105729 0.222396 0.036458 0.055208
0 0.156250 0.476562 0.047917 0.053125
0 0.655729 0.304167 0.048958 0.039583
0 0.310417 0.710938 0.052083 0.051042
0 0.277083 0.397396 0.043750 0.030208
0 0.503646 0.364583 0.044792 0.047917
0 0.416146 0.214583 0.019792 0.037500
0 0.234896 0.555729 0.044792 0.042708
0 0.764583 0.134375 0.045833 0.029167
0 0.602604 0.509896 0.044792 0.042708
0 0.347396 0.739583 0.030208 0.047917
0 0.672396 0.382292 0.042708 0.039583
0 0.689063 0.350521 0.036458 0.046875
0 0.936458 0.868229 0.045833 0.032292
0 0.745833 0.264583 0.035417 0.043750
0 0.191146 0.809375 0.038542 0.033333
0 0.733854 0.692708 0.040625 0.047917
0 0.071354 0.431250 0.026042 0.039583
0 0.305729 0.156771 0.044792 0.032292
0 0.313542 0.143750 0.041667 0.025000
0 0.503646 0.353646 0.030208 0.048958
0 0.236458 0.170313 0.039583 0.044792
0 0.262500 0.309896 0.039583 0.044792
0 0.960938 0.861979 0.044792 0.040625
0 0.323958 0.133854 0.054167 0.042708
0 0.438542 0.376563 0.027083 0.046875
0 0.897396 0.371354 0.036458 0.046875
0 0.445312 0.671354 0.040625 0.055208
0 0.595313 0.240104 0.053125 0.051042
0 0.828646 0.620833 0.036458 0.047917
0 0.838542 0.137500 0.035417 0.037500
0 0.419271 0.343750 0.048958 0.037500
0 0.622917 0.150521 0.041667 0.044792
0 0.786979 0.903125 0.044792 0.027083
0 0.194271 0.899479 0.053125 0.032292
0 0.120313 0.637500 0.030208 0.039583
0 0.407292 0.710417 0.033333 0.052083
0 0.507812 0.294792 0.038542 0.035417
0 0.505729 0.380208 0.019792 0.039583
0 0.570833 0.093229 0.043750 0.030208
0 0.673438 0.328646 0.044792 0.042708
0 0.121354 0.422917 0.032292 0.052083
0 0.596354 0.503125 0.038542 0.029167
0 0.542188 0.822917 0.044792 0.052083
0 0.331250 0.475521 0.054167 0.048958
0 0.211979 0.925000 0.023958 0.041667
0 0.841146 0.507812 0.040625 0.032292
0 0.086458 0.531771 0.052083 0.030208
0 0.176563 0.501042 0.038542 0.033333
0 0.593229 0.301042 0.040625 0.047917
0 0.663542 0.848958 0.043750 0.045833
0 0.965625 0.667708 0.037500 0.047917
0 0.261979 0.607292 0.042708 0.029167
0 0.930208 0.398438 0.037500 0.044792
0 0.564063 0.188542 0.038542 0.033333
0 0.478646 0.880208 0.053125 0.043750
0 0.405729 0.879687 0.038542 0.023958
0 0.571354 0.971875 0.030208 0.047917
0 0.344271 0.089063 0.030208 0.040625
0 0.371875 0.425521 0.050000 0.036458
0 0.697917 0.155729 0.033333 0.044792
0 0.680729 0.306250 0.044792 0.047917
0 0.935937 0.826562 0.038542 0.046875
0 0.104688 0.866146 0.051042 0.044792
0 0.827083 0.095312 0.043750 0.030208
0 0.719271 0.370833 0.038542 0.025000
0 0.665104 0.372396 0.038542 0.051042
0 0.564583 0.392708 0.041667 0.037500
0 0.098437 0.268229 0.036458 0.040625
0 0.761458 0.692708 0.027083 0.037500
0 0.102604 0.666667 0.036458 0.022917
0 0.684896 0.907813 0.040625 0.038542
0 0.103646 0.786979 0.046875 0.040625
0 0.275000 0.589063 0.041667 0.023958
0 0.116146 0.924479 0.028125 0.044792
0 0.766146 0.516667 0.048958 0.039583
0 0.142708 0.450000 0.018750 0.035417
0 0.214583 0.691667 0.033333 0.037500
0 0.753646 0.749479 0.044792 0.040625
0 0.644792 0.251042 0.043750 0.035417
0 0.868229 0.421354 0.032292 0.053125
0 0.257292 0.920312 0.027083 0.046875
0 0.219792 0.388021 0.031250 0.053125
0 0.777604 0.747917 0.030208 0.050000
0 0.890104 0.269271 0.040625 0.028125
0 0.283333 0.250000 0.031250 0.041667
0 0.954688 0.750000 0.038542 0.052083
0 0.187500 0.505729 0.039583 0.032292
0 0.286979 0.385417 0.042708 0.039583
0 0.591667 0.859896 0.039583 0.030208
0 0.375000 0.244792 0.043750 0.052083
0 0.858333 0.380208 0.047917 0.052083
0 0.080208 0.611458 0.052083 0.047917
0 0.156250 0.791146 0.054167 0.042708
0 0.614062 0.314063 0.042708 0.021875
0 0.940625 0.918750 0.043750 0.045833
0 0.701042 0.919271 0.039583 0.034375
0 0.154167 0.695312 0.027083 0.042708
0 0.950521 0.119792 0.048958 0.052083
0 0.586979 0.423958 0.026042 0.045833
0 0.628646 0.329688 0.036458 0.017708
0 0.385937 0.669792 0.034375 0.043750
0 0.341667 0.264583 0.033333 0.037500
0 0.274479 0.767708 0.042708 0.031250
0 0.820312 0.419792 0.036458 0.043750
0 0.163542 0.550521 0.045833 0.026042
0 0.078125 0.765625 0.037500 0.025000