0 0.772396 0.194792 0.042708 0.027083
0 0.789583 0.961979 0.039583 0.055208
0 0.764583 0.125000 0.027083 0.047917
0 0.692708 0.343750 0.043750 0.035417
0 0.616667 0.453125 0.043750 0.052083
0 0.572917 0.405729 0.050000 0.044792
0 0.495312 0.657292 0.023958 0.037500
0 0.693229 0.573958 0.036458 0.020833
0 0.265625 0.688542 0.035417 0.020833
0 0.437500 0.223958 0.029167 0.045833
0 0.720833 0.899479 0.045833 0.040625
0 0.804167 0.672396 0.022917 0.040625
0 0.658854 0.160938 0.040625 0.038542
0 0.592187 0.401042 0.032292 0.052083
0 0.876042 0.513021 0.035417 0.048958
0 0.323958 0.485417 0.050000 0.029167
0 0.237500 0.965625 0.052083 0.047917
0 0.835417 0.545833 0.022917 0.035417
0 0.522917 0.872396 0.039583 0.026042
0 0.857812 0.099479 0.051042 0.042708
0 0.157812 0.288542 0.044792 0.033333
0 0.466667 0.334896 0.039583 0.038542
0 0.741667 0.502083 0.041667 0.029167
0 0.739062 0.604688 0.036458 0.040625
0 0.183333 0.445833 0.047917 0.035417
0 0.862500 0.367708 0.035417 0.052083
0 0.139583 0.204687 0.031250 0.048958
0 0.856771 0.413542 0.038542 0.043750
0 0.316667 0.711458 0.037500 0.047917
0 0.894271 0.718750 0.046875 0.052083
0 0.956771 0.406771 0.032292 0.053125
0 0.386979 0.816667 0.046875 0.031250
0 0.499479 0.469792 0.046875 0.031250
0 0.137500 0.458333 0.052083 0.043750
0 0.395833 0.667188 0.045833 0.038542
0 0.295833 0.510417 0.039583 0.022917
0 0.898958 0.164583 0.037500 0.052083
0 0.655729 0.160417 0.044792 0.025000
0 0.253646 0.241667 0.048958 0.025000
0 0.425521 0.436458 0.034375 0.052083
0 0.672917 0.923438 0.043750 0.042708
0 0.445312 0.158854 0.046875 0.040625
0 0.541667 0.354687 0.039583 0.038542
0 0.820833 0.563021 0.043750 0.055208
0 0.523958 0.944792 0.039583 0.041667
0 0.387500 0.182292 0.029167 0.045833
0 0.697917 0.331250 0.037500 0.027083
0 0.281250 0.397917 0.035417 0.037500
0 0.476042 0.952083 0.041667 0.020833
0 0.307292 0.858854 0.045833 0.038542
0 0.539583 0.917708 0.025000 0.041667
0 0.838542 0.757812 0.025000 0.044792
0 0.913542 0.342187 0.045833 0.055208
0 0.653646 0.473438 0.044792 0.042708
0 0.731771 0.094271 0.040625 0.026042
0 0.615625 0.894271 0.043750 0.028125
0 0.215104 0.585417 0.051042 0.050000
0 0.663021 0.426563 0.038542 0.021875
0 0.856250 0.611979 0.018750 0.036458
0 0.287500 0.897396 0.025000 0.038542
0 0.784896 0.630729 0.034375 0.048958
0 0.319792 0.206250 0.027083 0.045833
0 0.469792 0.317708 0.043750 0.022917
0 0.910417 0.700521 0.045833 0.038542
0 0.876042 0.779687 0.039583 0.023958
0 0.185938 0.897917 0.038542 0.027083
0 0.953125 0.428646 0.025000 0.038542
0 0.273438 0.460938 0.048958 0.055208
0 0.157292 0.401562 0.035417 0.048958
0 0.113542 0.411979 0.027083 0.038542
0 0.888542 0.836979 0.039583 0.038542
0 0.280729 0.621875 0.038542 0.031250
0 0.347396 0.123958 0.036458 0.047917
0 0.798958 0.375521 0.033333 0.044792
0 0.827083 0.545833 0.037500 0.025000
0 0.713542 0.431771 0.025000 0.042708
0 0.465625 0.867708 0.045833 0.029167
0 0.918229 0.671354 0.036458 0.040625
0 0.417187 0.677604 0.026042 0.051042
0 0.532813 0.157292 0.046875 0.033333
0 0.092708 0.419792 0.047917 0.037500
0 0.279687 0.632812 0.038542 0.023958
0 0.216667 0.189583 0.033333 0.043750
0 0.643750 0.620313 0.039583 0.023958
0 0.168229 0.661458 0.048958 0.039583
0 0.158854 0.721875 0.053125 0.047917
0 0.615625 0.293229 0.047917 0.053125
0 0.382812 0.608333 0.040625 0.020833
0 0.824479 0.820312 0.053125 0.032292
0 0.491146 0.777083 0.028125 0.045833
0 0.318229 0.226042 0.053125 0.045833
0 0.786979 0.715625 0.044792 0.035417
0 0.628125 0.549479 0.047917 0.032292
0 0.343229 0.313021 0.055208 0.046875
0 0.519271 0.456250 0.053125 0.041667
0 0.248958 0.426563 0.041667 0.032292
0 0.232292 0.727083 0.037500 0.047917
0 0.163542 0.623437 0.043750 0.030208
0 0.260937 0.692187 0.038542 0.046875
0 0.464062 0.810937 0.019792 0.038542
0 0.321875 0.927083 0.037500 0.033333
0 0.213542 0.531771 0.031250 0.051042
0 0.217188 0.616667 0.044792 0.045833
0 0.907813 0.820833 0.044792 0.025000
0 0.089583 0.144271 0.022917 0.038542
0 0.581771 0.358854 0.048958 0.046875
0 0.108333 0.609896 0.054167 0.042708
0 0.666667 0.345833 0.052083 0.037500
0 0.627083 0.785417 0.037500 0.033333
0 0.404167 0.139583 0.047917 0.052083
0 0.243750 0.861458 0.037500 0.052083
0 0.836458 0.380729 0.043750 0.055208
0 0.383854 0.857812 0.040625 0.019792
0 0.809375 0.314063 0.041667 0.021875
0 0.366146 0.222917 0.053125 0.047917
0 0.664062 0.353125 0.023958 0.047917
0 0.157812 0.362500 0.046875 0.029167
0 0.432812 0.908854 0.040625 0.023958
0 0.797396 0.904167 0.036458 0.047917
0 0.197396 0.721354 0.055208 0.042708
0 0.152083 0.366146 0.045833 0.026042
0 0.380208 0.418750 0.039583 0.025000
0 0.466146 0.613021 0.042708 0.021875
0 0.936458 0.609896 0.035417 0.017708
0 0.227604 0.628646 0.040625 0.051042
0 0.971354 0.142708 0.051042 0.050000
0 0.586979 0.178646 0.040625 0.019792
0 0.093750 0.389583 0.043750 0.033333
0 0.108854 0.636458 0.026042 0.037500
0 0.897917 0.213021 0.029167 0.044792
0 0.885417 0.403125 0.047917 0.041667
0 0.967708 0.925521 0.039583 0.038542
0 0.430208 0.825521 0.027083 0.042708
0 0.212500 0.216146 0.025000 0.042708
0 0.920833 0.381250 0.050000 0.050000
0 0.705729 0.646875 0.053125 0.047917
0 0.733854 0.346875 0.032292 0.039583
0 0.466146 0.330208 0.053125 0.043750
0 0.455729 0.145313 0.028125 0.046875
0 0.472396 0.156250 0.048958 0.039583
0 0.918750 0.844271 0.037500 0.038542
0 0.866667 0.214062 0.039583 0.038542
0 0.197917 0.455729 0.041667 0.044792
0 0.319271 0.265625 0.053125 0.045833
0 0.500000 0.420312 0.045833 0.034375
0 0.346875 0.684375 0.025000 0.043750
0 0.617708 0.305208 0.039583 0.052083
0 0.188021 0.913542 0.048958 0.035417
0 0.840104 0.403125 0.042708 0.054167
0 0.137500 0.348438 0.031250 0.044792
0 0.331250 0.644792 0.052083 0.047917
0 0.495312 0.805208 0.026042 0.041667
0 0.504167 0.310937 0.050000 0.034375
0 0.492188 0.225000 0.048958 0.039583
0 0.465625 0.406250 0.041667 0.025000
0 0.605729 0.485938 0.051042 0.040625
0 0.281771 0.834896 0.046875 0.038542
0 0.394792 0.936458 0.052083 0.043750
0 0.482812 0.958333 0.034375 0.039583
0 0.930729 0.326562 0.032292 0.040625
0 0.217708 0.525521 0.031250 0.044792
0 0.728646 0.407813 0.046875 0.032292
0 0.875000 0.361979 0.043750 0.021875
0 0.653125 0.458333 0.041667 0.039583
0 0.092188 0.522396 0.051042 0.028125
0 0.708333 0.257812 0.039583 0.026042
0 0.093229 0.595313 0.048958 0.055208
0 0.374479 0.327604 0.034375 0.040625
0 0.183333 0.287500 0.027083 0.047917
0 0.348958 0.378125 0.041667 0.027083
0 0.746875 0.853125 0.035417 0.020833
0 0.194792 0.855729 0.054167 0.048958
0 0.807813 0.903646 0.046875 0.048958
0 0.500521 0.502083 0.019792 0.039583
0 0.111979 0.318229 0.032292 0.040625
0 0.796354 0.302604 0.051042 0.026042
0 0.360938 0.706250 0.026042 0.041667
0 0.231250 0.251563 0.045833 0.055208
0 0.159896 0.920833 0.038542 0.043750
0 0.289062 0.411458 0.053125 0.041667
0 0.742188 0.127083 0.028125 0.045833
0 0.257292 0.133854 0.035417 0.048958
0 0.827604 0.964063 0.038542 0.051042
0 0.504167 0.445312 0.045833 0.034375
0 0.771354 0.321875 0.046875 0.031250
0 0.164583 0.903125 0.047917 0.027083
0 0.440104 0.150000 0.034375 0.043750
0 0.571354 0.101562 0.042708 0.044792
0 0.743750 0.638021 0.041667 0.023958
0 0.632812 0.918229 0.038542 0.046875
0 0.827083 0.105208 0.037500 0.027083
0 0.252083 0.420833 0.037500 0.043750
0 0.366146 0.735417 0.038542 0.033333
0 0.509896 0.325000 0.036458 0.052083
0 0.347396 0.619792 0.028125 0.039583
0 0.388542 0.112500 0.043750 0.052083
0 0.370312 0.682292 0.040625 0.047917
0 0.244271 0.176563 0.044792 0.055208
0 0.251563 0.102604 0.038542 0.019792
0 0.165104 0.860938 0.038542 0.051042
0 0.492188 0.827604 0.048958 0.046875
0 0.702083 0.293750 0.047917 0.037500
0 0.247396 0.583333 0.053125 0.043750
0 0.357292 0.750000 0.052083 0.043750
0 0.415625 0.073958 0.043750 0.035417
0 0.276042 0.953646 0.031250 0.048958
0 0.747396 0.285938 0.051042 0.044792
0 0.691146 0.755208 0.040625 0.047917
0 0.093229 0.444792 0.042708 0.037500
0 0.275521 0.817708 0.053125 0.043750
0 0.854688 0.955729 0.030208 0.051042
0 0.216667 0.144792 0.043750 0.031250
0 0.678125 0.583333 0.033333 0.043750
0 0.798958 0.277083 0.050000 0.033333
0 0.209375 0.170313 0.020833 0.040625
0 0.855729 0.229687 0.051042 0.026042
0 0.892708 0.516667 0.029167 0.037500
0 0.589063 0.305208 0.048958 0.037500
0 0.405729 0.746354 0.032292 0.048958
0 0.446354 0.827604 0.038542 0.051042
0 0.503646 0.867188 0.053125 0.030208
0 0.920312 0.550000 0.042708 0.039583
0 0.491146 0.176042 0.032292 0.043750
0 0.508854 0.477083 0.053125 0.041667
0 0.896875 0.654687 0.047917 0.030208
0 0.857292 0.504687 0.035417 0.040625
0 0.117188 0.427604 0.030208 0.044792
0 0.923438 0.335417 0.023958 0.043750
0 0.713542 0.140625 0.041667 0.037500
0 0.789062 0.253125 0.026042 0.039583
0 0.385417 0.241667 0.029167 0.050000
0 0.110937 0.298438 0.046875 0.038542
0 0.127083 0.386458 0.031250 0.050000
0 0.878646 0.177604 0.055208 0.046875
0 0.593750 0.580729 0.050000 0.053125
0 0.184375 0.130208 0.020833 0.039583
0 0.388021 0.455729 0.038542 0.040625
0 0.132292 0.311979 0.039583 0.036458
0 0.347396 0.778646 0.030208 0.053125
0 0.707812 0.420312 0.044792 0.040625
0 0.234896 0.099479 0.030208 0.053125
0 0.740625 0.365104 0.043750 0.055208
0 0.901042 0.123438 0.045833 0.040625
0 0.341667 0.750521 0.054167 0.046875
0 0.535417 0.954167 0.037500 0.025000
0 0.759375 0.122917 0.047917 0.033333
0 0.471354 0.700000 0.032292 0.052083
0 0.532292 0.605729 0.022917 0.040625
0 0.311458 0.592187 0.050000 0.042708
0 0.335417 0.070833 0.043750 0.027083
0 0.719271 0.081771 0.048958 0.055208
0 0.531250 0.800000 0.025000 0.047917
0 0.217188 0.221875 0.021875 0.043750
0 0.593750 0.447396 0.031250 0.040625
0 0.441146 0.611979 0.044792 0.040625
0 0.110417 0.209375 0.029167 0.041667
0 0.783854 0.403125 0.051042 0.033333
0 0.541667 0.545833 0.052083 0.043750
0 0.136979 0.628646 0.053125 0.034375
0 0.455729 0.232292 0.038542 0.052083
0 0.364583 0.461458 0.047917 0.052083
0 0.306250 0.572396 0.045833 0.036458
0 0.911979 0.368229 0.036458 0.055208
0 0.967187 0.813021 0.040625 0.044792
0 0.631250 0.185938 0.043750 0.042708
0 0.326042 0.163021 0.045833 0.055208
0 0.879687 0.775000 0.038542 0.029167
0 0.322396 0.935937 0.026042 0.040625
0 0.786458 0.783333 0.041667 0.031250
0 0.142708 0.627083 0.041667 0.047917
0 0.794271 0.617708 0.038542 0.029167
0 0.967187 0.558854 0.055208 0.036458
0 0.534375 0.244271 0.025000 0.042708
0 0.890104 0.884375 0.026042 0.037500
0 0.933333 0.392708 0.045833 0.043750
0 0.802604 0.720833 0.038542 0.052083
0 0.485938 0.960417 0.042708 0.054167
0 0.935417 0.195312 0.045833 0.036458
0 0.793229 0.297396 0.034375 0.046875
0 0.383333 0.127083 0.047917 0.037500
0 0.876563 0.206771 0.044792 0.055208
0 0.668750 0.492188 0.031250 0.051042
0 0.173437 0.643750 0.046875 0.045833
0 0.722396 0.721875 0.046875 0.052083
0 0.635417 0.443229 0.043750 0.040625
0 0.763542 0.141667 0.037500 0.041667
0 0.911458 0.785937 0.043750 0.048958
0 0.395313 0.934375 0.032292 0.039583
0 0.742188 0.730729 0.026042 0.040625
0 0.447396 0.516146 0.046875 0.026042
0 0.836458 0.507812 0.047917 0.032292
0 0.607812 0.855729 0.042708 0.021875
0 0.426563 0.739062 0.040625 0.036458
0 0.544271 0.535937 0.040625 0.023958
0 0.295312 0.165625 0.048958 0.041667
0 0.699479 0.643229 0.046875 0.038542
0 0.844792 0.472917 0.050000 0.029167
0 0.130208 0.778125 0.027083 0.037500
0 0.326042 0.298958 0.029167 0.037500
0 0.293750 0.656250 0.052083 0.037500
0 0.114583 0.921354 0.047917 0.030208
0 0.862500 0.422396 0.054167 0.038542
0 0.292708 0.845313 0.045833 0.038542
0 0.231771 0.911458 0.046875 0.045833
0 0.161458 0.129688 0.050000 0.028125
0 0.455729 0.782813 0.051042 0.036458
0 0.830208 0.080208 0.045833 0.045833
0 0.546354 0.572917 0.036458 0.020833
0 0.795833 0.123438 0.043750 0.040625
0 0.579688 0.588542 0.036458 0.043750
0 0.468229 0.657292 0.040625 0.054167
0 0.852083 0.393750 0.052083 0.045833
0 0.897396 0.384375 0.038542 0.047917
0 0.539583 0.353646 0.050000 0.034375
0 0.486979 0.689583 0.051042 0.033333
0 0.739062 0.570312 0.032292 0.048958
0 0.193750 0.113542 0.041667 0.052083
0 0.153125 0.435937 0.039583 0.036458
0 0.260417 0.339583 0.039583 0.041667
0 0.486458 0.219271 0.027083 0.040625
0 0.101562 0.854167 0.042708 0.041667
0 0.237500 0.923438 0.041667 0.023958
0 0.494792 0.221354 0.039583 0.030208
0 0.577083 0.740104 0.037500 0.038542
0 0.699479 0.808333 0.038542 0.031250
0 0.838021 0.332292 0.046875 0.033333
0 0.333854 0.134896 0.038542 0.019792
0 0.263542 0.149479 0.033333 0.048958
0 0.085417 0.348438 0.054167 0.051042
0 0.215625 0.548958 0.035417 0.022917
0 0.448437 0.919792 0.030208 0.050000
0 0.278646 0.812500 0.044792 0.025000
0 0.419271 0.808854 0.048958 0.044792
0 0.727083 0.674479 0.037500 0.048958
0 0.718229 0.882292 0.034375 0.052083
0 0.408854 0.370833 0.028125 0.039583
0 0.547396 0.862500 0.042708 0.039583
0 0.881771 0.334375 0.034375 0.039583
0 0.866146 0.439063 0.028125 0.044792
0 0.631250 0.313021 0.029167 0.040625
0 0.720313 0.951562 0.040625 0.036458
0 0.160938 0.637500 0.021875 0.041667
0 0.204167 0.087500 0.035417 0.037500
0 0.676042 0.288542 0.050000 0.050000
0 0.285938 0.456250 0.032292 0.043750
0 0.467708 0.726042 0.041667 0.027083
0 0.576042 0.616667 0.022917 0.037500
0 0.781250 0.809896 0.054167 0.044792
0 0.522917 0.640625 0.045833 0.027083
0 0.242708 0.223958 0.043750 0.045833
0 0.143750 0.755729 0.027083 0.046875
0 0.186979 0.239063 0.040625 0.036458
0 0.433333 0.948958 0.041667 0.020833
0 0.436979 0.869792 0.036458 0.018750
0 0.204687 0.692708 0.021875 0.037500
0 0.516146 0.209375 0.042708 0.031250
0 0.503125 0.264062 0.045833 0.048958
0 0.467187 0.192708 0.053125 0.039583
0 0.367188 0.292708 0.051042 0.047917
0 0.211458 0.200521 0.052083 0.032292
0 0.230208 0.087500 0.043750 0.052083
0 0.106771 0.806771 0.046875 0.034375
0 0.358854 0.118750 0.028125 0.039583
0 0.502083 0.095312 0.052083 0.032292
0 0.370833 0.522396 0.035417 0.053125
0 0.727083 0.095312 0.035417 0.044792
0 0.652083 0.941667 0.031250 0.050000
0 0.125521 0.892708 0.048958 0.052083
0 0.245312 0.577083 0.053125 0.043750
0 0.463021 0.213021 0.026042 0.044792
0 0.110937 0.549479 0.040625 0.028125
0 0.453646 0.770833 0.038542 0.025000
0 0.294271 0.128125 0.030208 0.043750
0 0.379167 0.930729 0.050000 0.053125
0 0.176042 0.692187 0.037500 0.040625
0 0.434896 0.207292 0.030208 0.043750
0 0.681771 0.111979 0.046875 0.038542
0 0.249479 0.315625 0.023958 0.047917
0 0.598437 0.274479 0.028125 0.044792
0 0.197917 0.939583 0.035417 0.047917
0 0.281250 0.947917 0.037500 0.035417
0 0.381250 0.236979 0.050000 0.028125
0 0.728646 0.863542 0.030208 0.039583
0 0.127604 0.896354 0.026042 0.046875
0 0.150000 0.538542 0.039583 0.020833
0 0.185417 0.918750 0.033333 0.037500
0 0.338542 0.506771 0.037500 0.038542
0 0.670833 0.312500 0.041667 0.029167
0 0.933333 0.176563 0.025000 0.046875
0 0.481771 0.441667 0.042708 0.037500
0 0.509375 0.077604 0.035417 0.048958
0 0.941146 0.117188 0.055208 0.048958
0 0.361458 0.663542 0.037500 0.025000
0 0.200521 0.944792 0.026042 0.037500
0 0.337500 0.511458 0.037500 0.047917
0 0.768229 0.550521 0.044792 0.040625
0 0.424479 0.789583 0.053125 0.035417
0 0.546875 0.956771 0.054167 0.051042
0 0.248438 0.729167 0.038542 0.043750
0 0.665625 0.352083 0.050000 0.050000
0 0.188021 0.385937 0.019792 0.038542
0 0.814583 0.605208 0.041667 0.037500
0 0.256771 0.656250 0.032292 0.047917
0 0.574479 0.175000 0.028125 0.043750
0 0.366146 0.433854 0.040625 0.030208
0 0.953646 0.774479 0.046875 0.048958
0 0.440104 0.770833 0.038542 0.022917
0 0.817187 0.713021 0.040625 0.023958
0 0.768229 0.164583 0.048958 0.041667
0 0.330208 0.533854 0.045833 0.023958
0 0.627604 0.709896 0.046875 0.048958
0 0.658854 0.316146 0.046875 0.038542
0 0.752604 0.961979 0.055208 0.038542
0 0.421354 0.324479 0.051042 0.026042
0 0.780208 0.873437 0.035417 0.040625
0 0.143750 0.796354 0.054167 0.040625
0 0.879687 0.107813 0.055208 0.046875
0 0.100000 0.626042 0.033333 0.043750
0 0.288021 0.910417 0.042708 0.029167
0 0.197917 0.536458 0.045833 0.033333
0 0.896875 0.313542 0.031250 0.037500
0 0.128125 0.085417 0.037500 0.018750
0 0.710938 0.849479 0.036458 0.040625
0 0.095833 0.382812 0.045833 0.036458
0 0.613542 0.340625 0.031250 0.037500
0 0.192188 0.867188 0.044792 0.040625
0 0.264583 0.207813 0.043750 0.040625
0 0.503125 0.953646 0.043750 0.032292
0 0.083333 0.223958 0.035417 0.052083
0 0.927083 0.231250 0.031250 0.037500
0 0.200521 0.750521 0.046875 0.040625
0 0.877083 0.272396 0.041667 0.023958
0 0.493229 0.135937 0.046875 0.038542
0 0.201563 0.630208 0.026042 0.037500
0 0.547396 0.855729 0.040625 0.026042
0 0.493750 0.228646 0.041667 0.021875
0 0.118229 0.563021 0.048958 0.046875
0 0.551042 0.769271 0.054167 0.046875
0 0.967708 0.761458 0.047917 0.041667
0 0.838542 0.920312 0.037500 0.044792
0 0.496354 0.363542 0.028125 0.045833
0 0.367708 0.188542 0.043750 0.035417
0 0.921354 0.373958 0.046875 0.045833
0 0.288542 0.545833 0.031250 0.045833
0 0.564063 0.964063 0.046875 0.048958
0 0.602083 0.557813 0.033333 0.053125
0 0.659896 0.410938 0.040625 0.055208
0 0.093229 0.709896 0.055208 0.040625
0 0.516146 0.461458 0.040625 0.041667
0 0.283854 0.556771 0.055208 0.042708
0 0.597917 0.396875 0.035417 0.043750
0 0.869271 0.814583 0.026042 0.037500
0 0.456250 0.516146 0.043750 0.040625
0 0.092708 0.846354 0.050000 0.053125
0 0.431771 0.751563 0.040625 0.023958
0 0.687500 0.266667 0.022917 0.037500
0 0.305208 0.228646 0.045833 0.034375
0 0.422396 0.849479 0.030208 0.048958
0 0.153125 0.459896 0.035417 0.040625
0 0.343750 0.565625 0.033333 0.037500
0 0.136458 0.760417 0.043750 0.045833