0 0.963542 0.278125 0.039583 0.041667
0 0.436979 0.345313 0.042708 0.044792
0 0.205729 0.105208 0.040625 0.041667
0 0.280208 0.531250 0.037500 0.035417
0 0.538542 0.700000 0.025000 0.037500
0 0.559896 0.094271 0.040625 0.046875
0 0.902604 0.739062 0.040625 0.019792
0 0.250000 0.639583 0.041667 0.052083
0 0.517188 0.637500 0.046875 0.029167
0 0.324479 0.925521 0.030208 0.040625
0 0.519792 0.661458 0.031250 0.045833
0 0.242188 0.812500 0.046875 0.052083
0 0.721354 0.718750 0.046875 0.031250
0 0.489583 0.563021 0.039583 0.053125
0 0.108854 0.620833 0.030208 0.047917
0 0.683854 0.350000 0.040625 0.054167
0 0.905729 0.686979 0.046875 0.048958
0 0.331250 0.942708 0.052083 0.045833
0 0.359896 0.791667 0.044792 0.052083
0 0.169792 0.083333 0.047917 0.025000
0 0.657813 0.634375 0.048958 0.027083
0 0.798438 0.345313 0.028125 0.046875
0 0.729688 0.861979 0.040625 0.036458
0 0.372396 0.922917 0.048958 0.027083
0 0.077083 0.575521 0.029167 0.040625
0 0.318229 0.656250 0.034375 0.043750
0 0.388021 0.407813 0.038542 0.021875
0 0.111458 0.823438 0.039583 0.034375
0 0.277083 0.446875 0.052083 0.047917
0 0.879687 0.260937 0.051042 0.042708
0 0.252604 0.242708 0.042708 0.020833
0 0.675000 0.354687 0.050000 0.042708
0 0.185417 0.145313 0.031250 0.051042
0 0.915104 0.968750 0.053125 0.043750
0 0.225000 0.870313 0.045833 0.048958
0 0.311458 0.396875 0.027083 0.037500
0 0.120313 0.636979 0.038542 0.038542
0 0.188542 0.285417 0.045833 0.045833
0 0.546354 0.584896 0.053125 0.034375
0 0.075000 0.547396 0.045833 0.028125
0 0.877604 0.910417 0.042708 0.037500
0 0.667188 0.755729 0.044792 0.032292
0 0.769792 0.077083 0.022917 0.045833
0 0.085417 0.574479 0.035417 0.040625
0 0.843750 0.563542 0.047917 0.027083
0 0.259375 0.566146 0.039583 0.055208
0 0.169792 0.608854 0.043750 0.030208
0 0.884375 0.202083 0.037500 0.031250
0 0.269792 0.514583 0.039583 0.022917
0 0.561458 0.631250 0.029167 0.037500
0 0.487500 0.104688 0.052083 0.032292
0 0.538021 0.266667 0.030208 0.039583
0 0.085938 0.737500 0.038542 0.025000
0 0.756250 0.283333 0.037500 0.031250
0 0.309375 0.104688 0.027083 0.040625
0 0.078646 0.315104 0.053125 0.032292
0 0.392188 0.736979 0.034375 0.040625
0 0.190104 0.793750 0.053125 0.037500
0 0.426563 0.935417 0.053125 0.039583
0 0.728125 0.193229 0.054167 0.036458
0 0.424479 0.344792 0.026042 0.047917
0 0.314063 0.915104 0.055208 0.044792
0 0.325000 0.602083 0.045833 0.031250
0 0.445833 0.387500 0.029167 0.045833
0 0.146875 0.630208 0.052083 0.047917
0 0.806250 0.092708 0.035417 0.052083
0 0.885417 0.317188 0.033333 0.040625
0 0.250521 0.594271 0.040625 0.038542
0 0.097917 0.410938 0.039583 0.044792
0 0.266146 0.776563 0.044792 0.030208
0 0.685417 0.813021 0.050000 0.042708
0 0.175521 0.608854 0.044792 0.042708
0 0.719271 0.387500 0.023958 0.047917
0 0.366146 0.773958 0.034375 0.047917
0 0.761458 0.104167 0.037500 0.022917
0 0.171875 0.854688 0.037500 0.038542
0 0.898958 0.270313 0.045833 0.048958
0 0.095312 0.453125 0.044792 0.035417
0 0.651563 0.116146 0.040625 0.028125
0 0.727604 0.410938 0.030208 0.053125
0 0.340104 0.624479 0.026042 0.046875
0 0.580208 0.509375 0.029167 0.037500
0 0.825521 0.245312 0.044792 0.040625
0 0.665104 0.300000 0.023958 0.041667
0 0.819792 0.821354 0.043750 0.055208
0 0.714583 0.324479 0.043750 0.021875
0 0.456250 0.087500 0.050000 0.047917
0 0.743229 0.294792 0.038542 0.035417
0 0.361979 0.118750 0.038542 0.025000
0 0.082812 0.482812 0.034375 0.053125
0 0.556771 0.243229 0.044792 0.040625
0 0.078646 0.818750 0.048958 0.052083
0 0.689583 0.138542 0.029167 0.037500
0 0.421875 0.903646 0.037500 0.038542
0 0.501563 0.256771 0.053125 0.030208
0 0.543229 0.325521 0.040625 0.036458
0 0.949479 0.522396 0.042708 0.055208
0 0.750000 0.648958 0.031250 0.045833
0 0.299479 0.144792 0.028125 0.039583
0 0.806771 0.118750 0.032292 0.043750
0 0.747917 0.152083 0.025000 0.037500
0 0.144792 0.441146 0.043750 0.030208
0 0.289583 0.154688 0.039583 0.036458
0 0.328646 0.121354 0.053125 0.053125
0 0.294271 0.075521 0.051042 0.036458
0 0.342708 0.527083 0.041667 0.029167
0 0.946875 0.779167 0.018750 0.035417
0 0.771875 0.914062 0.039583 0.026042
0 0.890625 0.150000 0.050000 0.047917
0 0.747396 0.533854 0.038542 0.021875
0 0.657813 0.453646 0.038542 0.051042
0 0.543750 0.677604 0.052083 0.051042
0 0.257812 0.371354 0.051042 0.038542
0 0.297917 0.476562 0.035417 0.048958
0 0.833854 0.798958 0.026042 0.045833
0 0.490625 0.346354 0.052083 0.032292
0 0.914583 0.465625 0.033333 0.043750
0 0.959375 0.693229 0.041667 0.032292
0 0.845313 0.554167 0.034375 0.043750
0 0.338542 0.882292 0.035417 0.047917
0 0.329167 0.497917 0.037500 0.025000
0 0.152604 0.165104 0.051042 0.042708
0 0.587500 0.149479 0.050000 0.040625
0 0.203646 0.085938 0.040625 0.034375
0 0.611979 0.425000 0.038542 0.035417
0 0.245312 0.285938 0.040625 0.044792
0 0.971354 0.945312 0.055208 0.040625
0 0.090104 0.526042 0.044792 0.052083
0 0.463542 0.932292 0.027083 0.041667
0 0.916146 0.765625 0.032292 0.039583
0 0.691146 0.467708 0.044792 0.052083
0 0.838021 0.716667 0.036458 0.037500
0 0.757812 0.532813 0.038542 0.023958
0 0.259375 0.148438 0.037500 0.023958
0 0.899479 0.825521 0.046875 0.036458
0 0.433333 0.364063 0.037500 0.019792
0 0.735938 0.696354 0.044792 0.042708
0 0.656250 0.368750 0.035417 0.037500
0 0.416667 0.859896 0.052083 0.053125
0 0.216667 0.766146 0.016667 0.034375
0 0.820833 0.806771 0.033333 0.040625
0 0.181771 0.852604 0.032292 0.044792
0 0.360938 0.107813 0.036458 0.046875
0 0.678125 0.842187 0.037500 0.038542
0 0.835938 0.591146 0.023958 0.040625
0 0.723958 0.673438 0.045833 0.036458
0 0.406771 0.093750 0.042708 0.027083
0 0.303125 0.380208 0.037500 0.031250
0 0.850521 0.848437 0.051042 0.053125
0 0.775521 0.086979 0.034375 0.040625
0 0.635938 0.672396 0.038542 0.021875
0 0.476042 0.961458 0.037500 0.031250
0 0.170313 0.346875 0.042708 0.031250
0 0.812500 0.842187 0.050000 0.053125
0 0.227604 0.630208 0.032292 0.043750
0 0.217188 0.817187 0.040625 0.038542
0 0.115625 0.350000 0.047917 0.035417
0 0.210417 0.250521 0.052083 0.051042
0 0.589583 0.956250 0.052083 0.037500
0 0.585417 0.895312 0.050000 0.040625
0 0.234375 0.746354 0.035417 0.053125
0 0.881250 0.355208 0.043750 0.045833
0 0.280729 0.873958 0.046875 0.045833
0 0.745313 0.210938 0.021875 0.042708
0 0.720313 0.809375 0.038542 0.029167
0 0.528646 0.164062 0.036458 0.040625
0 0.710417 0.828646 0.043750 0.028125
0 0.563021 0.825521 0.028125 0.051042
0 0.366146 0.708333 0.021875 0.037500
0 0.837500 0.210938 0.039583 0.028125
0 0.147917 0.452604 0.043750 0.028125
0 0.506771 0.385937 0.042708 0.044792
0 0.470313 0.104167 0.034375 0.052083
0 0.710417 0.503125 0.037500 0.047917
0 0.588021 0.901042 0.026042 0.039583
0 0.628125 0.722396 0.041667 0.048958
0 0.565625 0.559896 0.039583 0.036458
0 0.688542 0.350000 0.037500 0.041667
0 0.595313 0.352083 0.053125 0.039583
0 0.180208 0.758854 0.037500 0.040625
0 0.432812 0.732812 0.044792 0.055208
0 0.909375 0.691146 0.035417 0.044792
0 0.112500 0.691667 0.020833 0.035417
0 0.840625 0.648958 0.052083 0.047917
0 0.151562 0.093750 0.034375 0.052083
0 0.736458 0.096354 0.037500 0.044792
0 0.207813 0.485938 0.044792 0.042708
0 0.291667 0.593229 0.045833 0.032292
0 0.583333 0.226042 0.047917 0.052083
0 0.823438 0.297917 0.023958 0.041667
0 0.151562 0.428646 0.055208 0.038542
0 0.723437 0.931250 0.034375 0.047917
0 0.314583 0.299479 0.047917 0.044792
0 0.490104 0.382812 0.038542 0.023958
0 0.689583 0.866146 0.035417 0.040625
0 0.859896 0.703646 0.044792 0.026042
0 0.329688 0.095312 0.046875 0.028125
0 0.464583 0.520312 0.039583 0.044792
0 0.579688 0.272917 0.048958 0.052083
0 0.427604 0.668229 0.046875 0.023958
0 0.661458 0.241146 0.018750 0.038542
0 0.789583 0.760938 0.031250 0.040625
0 0.509375 0.613542 0.033333 0.045833
0 0.847396 0.641667 0.034375 0.043750
0 0.795312 0.381250 0.053125 0.041667
0 0.851042 0.320312 0.025000 0.038542
0 0.654687 0.885417 0.030208 0.039583
0 0.931771 0.350521 0.030208 0.044792
0 0.906250 0.280208 0.029167 0.037500
0 0.570312 0.591667 0.030208 0.039583
0 0.876563 0.122917 0.038542 0.035417
0 0.364063 0.693750 0.032292 0.052083
0 0.596354 0.284375 0.036458 0.043750
0 0.560417 0.895833 0.033333 0.037500
0 0.217708 0.546875 0.052083 0.045833
0 0.822396 0.469792 0.034375 0.043750
0 0.377604 0.381771 0.053125 0.053125
0 0.147917 0.519792 0.045833 0.043750
0 0.193229 0.873958 0.044792 0.027083
0 0.481771 0.835938 0.023958 0.038542
0 0.250000 0.671875 0.047917 0.050000
0 0.654687 0.482292 0.036458 0.018750
0 0.759896 0.730208 0.026042 0.041667
0 0.827604 0.603125 0.051042 0.047917
0 0.312500 0.234896 0.037500 0.040625
0 0.507812 0.592187 0.038542 0.019792
0 0.747396 0.094792 0.048958 0.041667
0 0.642708 0.419792 0.052083 0.043750
0 0.718750 0.638021 0.045833 0.048958
0 0.519271 0.443750 0.034375 0.052083
0 0.801042 0.122917 0.041667 0.027083
0 0.122917 0.438021 0.045833 0.036458
0 0.853125 0.396354 0.020833 0.038542
0 0.893229 0.882292 0.028125 0.045833
0 0.315104 0.177604 0.042708 0.055208
0 0.851562 0.690625 0.036458 0.037500
0 0.579688 0.438542 0.028125 0.045833
0 0.394271 0.688021 0.048958 0.034375
0 0.897917 0.895312 0.039583 0.026042
0 0.885417 0.326562 0.052083 0.051042
0 0.351562 0.656771 0.046875 0.048958
0 0.894271 0.323437 0.053125 0.053125
0 0.238542 0.525000 0.029167 0.037500
0 0.603125 0.284375 0.047917 0.027083
0 0.704688 0.423958 0.038542 0.033333
0 0.155729 0.799479 0.051042 0.036458
0 0.611979 0.807813 0.042708 0.044792
0 0.116146 0.790104 0.040625 0.044792
0 0.410417 0.511979 0.050000 0.040625
0 0.928125 0.515625 0.043750 0.035417
0 0.366667 0.652604 0.045833 0.040625
0 0.100521 0.467187 0.040625 0.030208
0 0.429167 0.647396 0.047917 0.046875
0 0.310937 0.247396 0.023958 0.048958
0 0.936979 0.379688 0.046875 0.026042
0 0.510938 0.779167 0.053125 0.041667
0 0.280208 0.952083 0.035417 0.018750
0 0.279687 0.611458 0.046875 0.052083
0 0.740104 0.371354 0.038542 0.019792
0 0.334896 0.412500 0.051042 0.050000
0 0.803125 0.419271 0.031250 0.044792
0 0.160417 0.758333 0.025000 0.043750
0 0.925000 0.148958 0.047917 0.039583
0 0.127083 0.082292 0.050000 0.050000
0 0.314583 0.400521 0.039583 0.034375
0 0.622396 0.752604 0.046875 0.055208
0 0.548958 0.922396 0.043750 0.042708
0 0.357812 0.543750 0.042708 0.031250
0 0.743750 0.168229 0.043750 0.048958
0 0.871354 0.501042 0.032292 0.052083
0 0.785417 0.214062 0.050000 0.053125
0 0.590625 0.471875 0.047917 0.041667
0 0.906250 0.511458 0.047917 0.035417
0 0.865104 0.642188 0.032292 0.053125
0 0.398958 0.918750 0.022917 0.039583
0 0.235417 0.905208 0.041667 0.039583
0 0.371354 0.444792 0.028125 0.043750
0 0.290104 0.396354 0.044792 0.030208
0 0.650521 0.456250 0.038542 0.052083
0 0.639062 0.533333 0.046875 0.043750
0 0.221354 0.489063 0.040625 0.034375
0 0.861458 0.782813 0.039583 0.030208
0 0.109896 0.585938 0.036458 0.046875
0 0.472917 0.104167 0.041667 0.031250
0 0.101562 0.646875 0.030208 0.039583
0 0.702604 0.094271 0.046875 0.048958
0 0.890104 0.292708 0.048958 0.041667
0 0.386458 0.541146 0.037500 0.044792
0 0.885417 0.561458 0.031250 0.037500
0 0.708333 0.739583 0.043750 0.022917
0 0.787500 0.150000 0.020833 0.035417
0 0.937500 0.618750 0.047917 0.033333
0 0.200521 0.480729 0.030208 0.051042
0 0.771354 0.323958 0.034375 0.052083
0 0.896354 0.333333 0.040625 0.047917
0 0.306250 0.345833 0.033333 0.037500
0 0.368229 0.069271 0.040625 0.034375
0 0.086458 0.288021 0.047917 0.046875
0 0.923958 0.600521 0.031250 0.044792
0 0.352083 0.742188 0.037500 0.021875
0 0.566146 0.152604 0.044792 0.042708
0 0.909896 0.824479 0.036458 0.051042
0 0.690625 0.501042 0.027083 0.041667
0 0.679167 0.544792 0.041667 0.047917
0 0.917708 0.260417 0.041667 0.027083
0 0.697917 0.622917 0.033333 0.043750
0 0.235937 0.355729 0.023958 0.042708
0 0.324479 0.253646 0.040625 0.034375
0 0.336979 0.191146 0.046875 0.038542
0 0.467708 0.816146 0.027083 0.046875
0 0.862500 0.231250 0.018750 0.035417
0 0.248958 0.193229 0.045833 0.034375
0 0.307812 0.272396 0.051042 0.042708
0 0.475000 0.562500 0.022917 0.037500
0 0.757812 0.105208 0.048958 0.039583
0 0.085938 0.444792 0.053125 0.043750
0 0.609896 0.897917 0.048958 0.052083
0 0.410938 0.484375 0.036458 0.037500
0 0.583854 0.209896 0.026042 0.040625
0 0.105208 0.354167 0.022917 0.039583
0 0.803646 0.694792 0.030208 0.050000
0 0.105729 0.150000 0.038542 0.035417
0 0.097396 0.658854 0.034375 0.053125
0 0.668229 0.489063 0.044792 0.032292
0 0.291146 0.701562 0.040625 0.036458
0 0.571875 0.258333 0.043750 0.033333
0 0.097917 0.934375 0.050000 0.029167
0 0.276042 0.779687 0.037500 0.044792
0 0.852604 0.212500 0.042708 0.047917
0 0.609375 0.694271 0.027083 0.046875
0 0.222917 0.408854 0.029167 0.051042
0 0.597917 0.192188 0.054167 0.040625
0 0.342187 0.608333 0.044792 0.045833
0 0.658333 0.334375 0.035417 0.037500
0 0.889062 0.688542 0.028125 0.043750
0 0.643750 0.901563 0.047917 0.030208
0 0.795312 0.153125 0.038542 0.022917
0 0.136458 0.663021 0.045833 0.036458
0 0.775000 0.135937 0.052083 0.034375
0 0.503125 0.817708 0.037500 0.035417
0 0.258854 0.819792 0.023958 0.037500
0 0.611979 0.446875 0.036458 0.043750
0 0.478125 0.719271 0.054167 0.038542
0 0.661979 0.476562 0.040625 0.055208
0 0.438021 0.702604 0.038542 0.019792
0 0.154167 0.640625 0.041667 0.031250
0 0.438542 0.145313 0.033333 0.048958
0 0.807292 0.928125 0.045833 0.029167
0 0.638542 0.255208 0.041667 0.039583
0 0.566146 0.275521 0.053125 0.051042
0 0.281250 0.884896 0.043750 0.042708
0 0.670312 0.941667 0.042708 0.047917
0 0.527083 0.965625 0.033333 0.037500
0 0.940625 0.066146 0.039583 0.023958
0 0.516146 0.231250 0.048958 0.039583
0 0.556250 0.159896 0.050000 0.053125
0 0.644792 0.973437 0.050000 0.053125
0 0.392188 0.512500 0.030208 0.039583
0 0.135937 0.461458 0.040625 0.022917
0 0.362500 0.627604 0.052083 0.053125
0 0.898438 0.205729 0.046875 0.026042
0 0.198958 0.738021 0.050000 0.034375
0 0.511458 0.117188 0.050000 0.038542
0 0.219271 0.560417 0.044792 0.045833
0 0.743750 0.346354 0.054167 0.048958
0 0.500521 0.311458 0.042708 0.037500
0 0.541146 0.578646 0.038542 0.051042
0 0.931771 0.109375 0.028125 0.039583
0 0.589063 0.112500 0.048958 0.039583
0 0.095312 0.294792 0.021875 0.039583
0 0.606250 0.767708 0.047917 0.027083
0 0.966146 0.377604 0.044792 0.055208
0 0.844792 0.097396 0.035417 0.044792
0 0.883333 0.862500 0.025000 0.047917
0 0.930729 0.161979 0.040625 0.034375
0 0.883854 0.579167 0.048958 0.052083
0 0.815104 0.149479 0.042708 0.055208
0 0.300000 0.876042 0.035417 0.020833
0 0.654167 0.536458 0.031250 0.045833
0 0.190104 0.316146 0.023958 0.042708
0 0.679688 0.254688 0.046875 0.055208
0 0.874479 0.705208 0.051042 0.033333
0 0.630208 0.693750 0.037500 0.018750
0 0.580208 0.126562 0.054167 0.044792
0 0.113542 0.319271 0.052083 0.034375
0 0.538542 0.627083 0.047917 0.041667
0 0.922917 0.395313 0.050000 0.044792
0 0.756771 0.421875 0.038542 0.035417
0 0.379167 0.379688 0.041667 0.023958
0 0.803646 0.428125 0.040625 0.020833
0 0.959375 0.754687 0.025000 0.038542
0 0.300000 0.781771 0.033333 0.048958
0 0.184375 0.171875 0.043750 0.022917
0 0.757292 0.226042 0.037500 0.027083
0 0.459896 0.729688 0.038542 0.040625
0 0.902604 0.719271 0.051042 0.053125
0 0.942708 0.873437 0.052083 0.051042
0 0.181250 0.567187 0.045833 0.026042
0 0.239583 0.243750 0.052083 0.047917
0 0.544271 0.967708 0.044792 0.054167
0 0.153646 0.969271 0.053125 0.051042
0 0.109896 0.172917 0.042708 0.047917
0 0.810417 0.291146 0.037500 0.040625
0 0.189583 0.839063 0.029167 0.044792
0 0.873958 0.120313 0.043750 0.040625
0 0.398438 0.698438 0.044792 0.042708
0 0.916146 0.692187 0.026042 0.044792
0 0.166667 0.926042 0.041667 0.025000
0 0.565625 0.244792 0.039583 0.052083
0 0.630729 0.793229 0.055208 0.048958
0 0.650000 0.129688 0.031250 0.040625
0 0.614062 0.703646 0.036458 0.040625
0 0.350000 0.884375 0.029167 0.037500
0 0.778125 0.224479 0.025000 0.046875
0 0.821354 0.319271 0.040625 0.032292
0 0.319271 0.207292 0.042708 0.039583
0 0.185417 0.563021 0.027083 0.040625
0 0.349479 0.667708 0.042708 0.039583
0 0.125000 0.579167 0.047917 0.027083
0 0.485938 0.434375 0.053125 0.045833
0 0.821875 0.844792 0.035417 0.043750
0 0.230729 0.394271 0.034375 0.053125
0 0.494792 0.450521 0.035417 0.040625
0 0.333333 0.902604 0.035417 0.040625
0 0.483854 0.450521 0.026042 0.051042
0 0.795312 0.719792 0.040625 0.041667
0 0.698438 0.606771 0.034375 0.048958
0 0.426563 0.242188 0.032292 0.053125
0 0.153646 0.514583 0.046875 0.031250
0 0.677604 0.958854 0.048958 0.028125
0 0.479687 0.691667 0.036458 0.018750
0 0.079167 0.951042 0.029167 0.045833
0 0.484896 0.901042 0.021875 0.043750
0 0.592708 0.286979 0.039583 0.026042
0 0.291146 0.187500 0.053125 0.039583
0 0.098437 0.821875 0.034375 0.052083
0 0.463021 0.240104 0.038542 0.019792
0 0.349479 0.242708 0.023958 0.043750
0 0.204687 0.841146 0.034375 0.053125
0 0.150521 0.900521 0.046875 0.026042
0 0.492708 0.082292 0.025000 0.047917
0 0.780729 0.566146 0.034375 0.046875
0 0.871354 0.619271 0.023958 0.042708
0 0.379167 0.282813 0.054167 0.048958
0 0.668750 0.720833 0.052083 0.043750
0 0.130729 0.815625 0.048958 0.041667
0 0.959896 0.111979 0.042708 0.021875
0 0.713021 0.760417 0.038542 0.035417
0 0.352604 0.592708 0.053125 0.047917
0 0.830729 0.901042 0.034375 0.037500
0 0.291667 0.468750 0.022917 0.039583
0 0.271875 0.839063 0.037500 0.021875
0 0.259896 0.963021 0.026042 0.040625
0 0.141146 0.677604 0.040625 0.030208
0 0.791146 0.504687 0.046875 0.038542
0 0.140104 0.422396 0.048958 0.032292
0 0.280208 0.154167 0.052083 0.035417
0 0.185417 0.934896 0.045833 0.048958
0 0.722917 0.592187 0.039583 0.036458
0 0.335417 0.507292 0.037500 0.031250
0 0.405729 0.517708 0.048958 0.041667
0 0.805208 0.576042 0.047917 0.041667
0 0.093750 0.813542 0.052083 0.041667
0 0.215104 0.332813 0.055208 0.044792
0 0.325521 0.278646 0.040625 0.055208
0 0.939583 0.905208 0.037500 0.047917
0 0.625000 0.753646 0.031250 0.051042
0 0.855208 0.908854 0.027083 0.042708
0 0.658333 0.838542 0.043750 0.052083
0 0.310417 0.456771 0.039583 0.026042
0 0.764062 0.877083 0.042708 0.029167
0 0.226042 0.440104 0.050000 0.053125
0 0.910937 0.641146 0.026042 0.040625
0 0.195312 0.568750 0.053125 0.039583
0 0.547396 0.778646 0.036458 0.051042
0 0.272396 0.207292 0.032292 0.047917
0 0.419792 0.843750 0.033333 0.043750
0 0.300000 0.751042 0.037500 0.041667
0 0.832292 0.097917 0.025000 0.041667
0 0.842708 0.171354 0.025000 0.042708
0 0.584375 0.645312 0.029167 0.048958
0 0.832812 0.100000 0.036458 0.047917
0 0.551042 0.786979 0.033333 0.053125
0 0.256771 0.951562 0.051042 0.042708
0 0.348438 0.361458 0.028125 0.039583
0 0.509375 0.635938 0.047917 0.048958
0 0.905729 0.831771 0.046875 0.048958
0 0.502604 0.110937 0.032292 0.044792
0 0.460938 0.401562 0.044792 0.028125
0 0.248958 0.395313 0.054167 0.051042
0 0.771875 0.929688 0.039583 0.034375
0 0.482812 0.970313 0.042708 0.055208
0 0.398958 0.138021 0.035417 0.048958
0 0.385417 0.679688 0.039583 0.036458
0 0.414583 0.911458 0.031250 0.037500
0 0.435417 0.777083 0.035417 0.037500
0 0.700000 0.291667 0.033333 0.050000
0 0.858854 0.486458 0.038542 0.052083
0 0.336458 0.600521 0.031250 0.044792
0 0.459896 0.515625 0.032292 0.039583
0 0.201563 0.541667 0.038542 0.027083
0 0.640104 0.752083 0.038542 0.018750
0 0.420833 0.925000 0.052083 0.041667
0 0.178646 0.436458 0.034375 0.043750
0 0.241667 0.557292 0.045833 0.043750
0 0.675521 0.332813 0.032292 0.046875
0 0.593750 0.804167 0.037500 0.025000
0 0.902083 0.174479 0.039583 0.026042
0 0.655208 0.219271 0.054167 0.038542
0 0.133333 0.548958 0.027083 0.041667
0 0.592187 0.442708 0.028125 0.043750
0 0.574479 0.434375 0.036458 0.047917
0 0.918750 0.540104 0.050000 0.038542
0 0.569271 0.943750 0.021875 0.037500
0 0.146354 0.260937 0.038542 0.040625
0 0.323437 0.841146 0.051042 0.036458
0 0.617708 0.874479 0.050000 0.038542
0 0.748958 0.896875 0.035417 0.043750
0 0.396354 0.290625 0.021875 0.039583