0 0.171354 0.462500 0.053125 0.045833
0 0.748437 0.366667 0.030208 0.050000
0 0.771875 0.738021 0.037500 0.021875
0 0.880729 0.148958 0.046875 0.027083
0 0.506250 0.157812 0.043750 0.040625
0 0.795833 0.351042 0.045833 0.052083
0 0.629687 0.889062 0.044792 0.048958
0 0.417708 0.164583 0.052083 0.035417
0 0.234375 0.540625 0.050000 0.050000
0 0.801562 0.870313 0.046875 0.038542
0 0.772917 0.656250 0.037500 0.022917
0 0.123958 0.105729 0.050000 0.053125
0 0.298438 0.958333 0.038542 0.035417
0 0.195312 0.269792 0.044792 0.035417
0 0.598437 0.375521 0.040625 0.026042
0 0.441667 0.158333 0.020833 0.039583
0 0.775521 0.870313 0.048958 0.030208
0 0.550521 0.208333 0.053125 0.045833
0 0.390625 0.690625 0.037500 0.025000
0 0.763021 0.819271 0.046875 0.038542
0 0.941667 0.575000 0.041667 0.037500
0 0.885938 0.176563 0.032292 0.053125
0 0.587500 0.122917 0.033333 0.016667
0 0.446875 0.748958 0.047917 0.027083
0 0.095833 0.370833 0.029167 0.045833
0 0.658333 0.191146 0.031250 0.044792
0 0.363021 0.146354 0.053125 0.051042
0 0.099479 0.893750 0.034375 0.052083
0 0.564063 0.954688 0.040625 0.055208
0 0.377083 0.114062 0.027083 0.042708
0 0.649479 0.740104 0.030208 0.048958
0 0.117708 0.836458 0.045833 0.029167
0 0.389583 0.903125 0.033333 0.043750
0 0.253125 0.552604 0.039583 0.036458
0 0.460417 0.390625 0.037500 0.052083
0 0.169792 0.963021 0.039583 0.048958
0 0.550000 0.864062 0.039583 0.048958
0 0.308854 0.182292 0.034375 0.037500
0 0.179167 0.751042 0.043750 0.037500
0 0.356771 0.942187 0.026042 0.051042
0 0.556771 0.611458 0.048958 0.039583
0 0.634896 0.767708 0.051042 0.047917
0 0.870313 0.808333 0.044792 0.054167
0 0.076563 0.428125 0.048958 0.039583
0 0.505208 0.340104 0.041667 0.021875
0 0.629687 0.118229 0.036458 0.040625
0 0.925521 0.557813 0.053125 0.051042
0 0.434375 0.972396 0.041667 0.048958
0 0.499479 0.936979 0.048958 0.032292
0 0.271875 0.509375 0.037500 0.047917
0 0.337500 0.838021 0.039583 0.055208
0 0.143229 0.942708 0.051042 0.029167
0 0.872917 0.583854 0.027083 0.040625
0 0.357812 0.501042 0.036458 0.037500
0 0.938542 0.530729 0.039583 0.034375
0 0.065625 0.072917 0.020833 0.035417
0 0.218750 0.485417 0.045833 0.029167
0 0.158333 0.377604 0.039583 0.036458
0 0.742188 0.341667 0.038542 0.033333
0 0.635417 0.756250 0.035417 0.037500
0 0.407292 0.505729 0.039583 0.036458
0 0.782813 0.074479 0.046875 0.036458
0 0.414583 0.355729 0.043750 0.042708
0 0.838021 0.850521 0.038542 0.051042
0 0.468229 0.945312 0.040625 0.032292
0 0.661458 0.336458 0.029167 0.045833
0 0.944271 0.430208 0.046875 0.043750
0 0.497917 0.929167 0.037500 0.025000
0 0.343229 0.692708 0.032292 0.043750
0 0.803125 0.200521 0.041667 0.023958
0 0.199479 0.264062 0.055208 0.038542
0 0.714063 0.750000 0.048958 0.035417
0 0.629167 0.360417 0.029167 0.037500
0 0.101042 0.169792 0.039583 0.047917
0 0.747917 0.194271 0.039583 0.030208
0 0.232292 0.591146 0.043750 0.030208
0 0.654167 0.612500 0.031250 0.043750
0 0.945312 0.954688 0.046875 0.038542
0 0.256771 0.321354 0.044792 0.040625
0 0.656250 0.609896 0.027083 0.048958
0 0.608333 0.570312 0.045833 0.034375
0 0.904167 0.207813 0.045833 0.038542
0 0.451042 0.498437 0.020833 0.036458
0 0.244792 0.148438 0.031250 0.044792
0 0.389583 0.511979 0.047917 0.046875
0 0.719271 0.377604 0.051042 0.040625
0 0.607812 0.841667 0.034375 0.039583
0 0.853125 0.713021 0.050000 0.040625
0 0.733854 0.248958 0.048958 0.052083
0 0.658854 0.703646 0.032292 0.044792
0 0.290625 0.622917 0.031250 0.045833
0 0.731250 0.583854 0.039583 0.038542
0 0.109896 0.303125 0.034375 0.039583
0 0.290625 0.851562 0.027083 0.040625
0 0.116146 0.920312 0.030208 0.053125
0 0.463021 0.356250 0.048958 0.041667
0 0.181250 0.314063 0.033333 0.048958
0 0.756771 0.888021 0.038542 0.038542
0 0.519271 0.739583 0.026042 0.041667
0 0.137500 0.676562 0.050000 0.044792
0 0.889583 0.871354 0.052083 0.051042
0 0.111458 0.936979 0.043750 0.042708
0 0.799479 0.731771 0.023958 0.040625
0 0.432292 0.832812 0.047917 0.055208
0 0.304688 0.899479 0.051042 0.038542
0 0.574479 0.884375 0.044792 0.022917
0 0.128646 0.693750 0.038542 0.047917
0 0.539583 0.788021 0.054167 0.048958
0 0.141146 0.611979 0.040625 0.055208
0 0.825000 0.390104 0.052083 0.051042
0 0.719792 0.810937 0.039583 0.038542
0 0.387500 0.330208 0.029167 0.050000
0 0.080208 0.517708 0.035417 0.037500
0 0.499479 0.602083 0.051042 0.050000
0 0.888542 0.810417 0.029167 0.045833
0 0.301563 0.768229 0.048958 0.046875
0 0.396354 0.765625 0.023958 0.041667
0 0.186979 0.871354 0.046875 0.034375
0 0.854167 0.567708 0.035417 0.020833
0 0.679688 0.882812 0.042708 0.055208
0 0.090625 0.091146 0.033333 0.040625
0 0.295312 0.595313 0.038542 0.055208
0 0.788542 0.118229 0.039583 0.036458
0 0.776042 0.540625 0.045833 0.027083
0 0.165104 0.540104 0.053125 0.030208
0 0.941667 0.270833 0.031250 0.037500
0 0.090104 0.813542 0.044792 0.022917
0 0.526563 0.388021 0.040625 0.019792
0 0.762500 0.631250 0.035417 0.043750
0 0.594792 0.755729 0.050000 0.040625
0 0.925000 0.284896 0.029167 0.040625
0 0.462500 0.315104 0.037500 0.048958
0 0.082812 0.642188 0.040625 0.030208
0 0.429167 0.263542 0.047917 0.039583
0 0.937500 0.290104 0.033333 0.044792
0 0.734375 0.229687 0.047917 0.048958
0 0.463021 0.720833 0.048958 0.025000
0 0.526042 0.634375 0.047917 0.033333
0 0.965625 0.482812 0.045833 0.032292
0 0.938542 0.725000 0.025000 0.037500
0 0.797917 0.368750 0.033333 0.047917
0 0.485938 0.593229 0.048958 0.030208
0 0.615625 0.928125 0.052083 0.039583
0 0.316146 0.181250 0.028125 0.043750
0 0.937500 0.415625 0.035417 0.043750
0 0.238021 0.760417 0.048958 0.027083
0 0.867188 0.248438 0.053125 0.030208
0 0.590625 0.480729 0.039583 0.036458
0 0.669792 0.829688 0.037500 0.044792
0 0.298958 0.159375 0.045833 0.027083
0 0.439063 0.268229 0.023958 0.048958
0 0.131250 0.779167 0.037500 0.041667
0 0.100521 0.134896 0.032292 0.046875
0 0.541146 0.828125 0.042708 0.029167
0 0.157812 0.659896 0.040625 0.055208
0 0.463542 0.326042 0.041667 0.037500
0 0.739062 0.926042 0.032292 0.039583
0 0.252604 0.852083 0.042708 0.027083
0 0.204687 0.321875 0.048958 0.041667
0 0.872396 0.267708 0.048958 0.050000
0 0.507812 0.595313 0.046875 0.048958
0 0.517188 0.734375 0.036458 0.047917
0 0.394792 0.136979 0.039583 0.032292
0 0.456250 0.532813 0.041667 0.023958
0 0.963021 0.782813 0.034375 0.040625
0 0.259375 0.102604 0.045833 0.048958
0 0.634375 0.753125 0.031250 0.043750
0 0.919792 0.261979 0.052083 0.051042
0 0.894271 0.265625 0.030208 0.043750
0 0.833333 0.339062 0.029167 0.051042
0 0.780208 0.544792 0.037500 0.035417
0 0.541667 0.531250 0.047917 0.039583
0 0.106771 0.296354 0.055208 0.046875
0 0.611979 0.192708 0.048958 0.039583
0 0.273438 0.752604 0.021875 0.038542
0 0.150521 0.243229 0.051042 0.040625
0 0.667188 0.445833 0.040625 0.054167
0 0.307812 0.483333 0.048958 0.035417
0 0.331771 0.920833 0.028125 0.050000
0 0.417708 0.766667 0.041667 0.027083
0 0.931771 0.146354 0.046875 0.026042
0 0.414583 0.323958 0.043750 0.045833
0 0.465104 0.747396 0.048958 0.046875
0 0.167187 0.666667 0.044792 0.033333
0 0.612500 0.182812 0.035417 0.040625
0 0.487500 0.875000 0.037500 0.031250
0 0.482812 0.594792 0.028125 0.039583
0 0.872396 0.382812 0.032292 0.040625
0 0.913021 0.532813 0.051042 0.028125
0 0.848437 0.874479 0.042708 0.055208
0 0.170833 0.594792 0.037500 0.047917
0 0.416146 0.627604 0.046875 0.048958
0 0.241667 0.841667 0.025000 0.037500
0 0.914583 0.686979 0.037500 0.021875
0 0.089063 0.721354 0.044792 0.055208
0 0.681771 0.465104 0.044792 0.042708
0 0.327083 0.238542 0.045833 0.027083
0 0.576042 0.117188 0.025000 0.042708
0 0.848437 0.716667 0.048958 0.025000
0 0.738542 0.159375 0.037500 0.033333
0 0.682813 0.700000 0.026042 0.045833
0 0.892188 0.187500 0.040625 0.022917
0 0.791667 0.080729 0.047917 0.048958
0 0.750521 0.209896 0.040625 0.036458
0 0.203125 0.159896 0.043750 0.028125
0 0.090104 0.934375 0.048958 0.037500
0 0.877083 0.836458 0.045833 0.052083
0 0.347396 0.514062 0.046875 0.023958
0 0.453125 0.400000 0.047917 0.035417
0 0.885417 0.156771 0.025000 0.038542
0 0.210938 0.245833 0.019792 0.035417
0 0.258854 0.604167 0.042708 0.039583
0 0.594271 0.891667 0.034375 0.043750
0 0.552083 0.299479 0.022917 0.040625
0 0.371875 0.450000 0.018750 0.035417
0 0.413542 0.343750 0.035417 0.043750
0 0.363021 0.877083 0.023958 0.043750
0 0.329688 0.377604 0.040625 0.044792
0 0.375521 0.230729 0.055208 0.051042
0 0.549479 0.424479 0.040625 0.032292
0 0.677083 0.459896 0.050000 0.036458
0 0.423438 0.641667 0.048958 0.041667
0 0.096354 0.606250 0.038542 0.025000
0 0.239583 0.336458 0.039583 0.025000
0 0.815104 0.732812 0.042708 0.021875
0 0.945312 0.096354 0.040625 0.044792
0 0.208854 0.116667 0.051042 0.047917
0 0.290625 0.350521 0.027083 0.046875
0 0.804688 0.831250 0.036458 0.037500
0 0.763542 0.214583 0.041667 0.047917
0 0.859896 0.475521 0.038542 0.046875
0 0.552604 0.433854 0.042708 0.023958
0 0.109896 0.742188 0.040625 0.051042
0 0.383854 0.552083 0.034375 0.039583
0 0.111979 0.738021 0.044792 0.055208
0 0.400521 0.638542 0.030208 0.047917
0 0.850521 0.098958 0.034375 0.047917
0 0.288542 0.452604 0.033333 0.048958
0 0.691146 0.439063 0.046875 0.055208
0 0.464062 0.718750 0.044792 0.037500
0 0.309375 0.394271 0.054167 0.036458
0 0.844271 0.438021 0.044792 0.040625
0 0.686458 0.105208 0.035417 0.037500
0 0.872396 0.423958 0.019792 0.037500
0 0.663542 0.324479 0.037500 0.021875
0 0.175521 0.513021 0.055208 0.046875
0 0.107292 0.693229 0.050000 0.028125
0 0.513021 0.382292 0.046875 0.043750
0 0.612500 0.793229 0.054167 0.044792
0 0.944271 0.368750 0.038542 0.047917
0 0.452083 0.184896 0.045833 0.026042
0 0.677083 0.781250 0.043750 0.045833
0 0.132812 0.387500 0.042708 0.047917
0 0.891667 0.396354 0.037500 0.048958
0 0.388542 0.619271 0.045833 0.055208
0 0.506250 0.516146 0.043750 0.048958
0 0.859375 0.498958 0.045833 0.029167
0 0.743229 0.108333 0.044792 0.052083
0 0.294271 0.662500 0.044792 0.033333
0 0.509896 0.654687 0.044792 0.032292
0 0.809896 0.878646 0.038542 0.019792
0 0.617188 0.476562 0.036458 0.046875
0 0.280729 0.727604 0.032292 0.040625
0 0.840104 0.802604 0.042708 0.023958
0 0.076563 0.500521 0.034375 0.051042
0 0.916146 0.671875 0.017708 0.035417
0 0.272396 0.647917 0.028125 0.039583
0 0.454167 0.447917 0.037500 0.033333
0 0.881771 0.755729 0.055208 0.038542
0 0.530729 0.460417 0.030208 0.050000
0 0.623437 0.848958 0.023958 0.043750
0 0.190104 0.561979 0.055208 0.036458
0 0.255208 0.326042 0.027083 0.037500
0 0.680729 0.403646 0.051042 0.040625
0 0.449479 0.076563 0.026042 0.040625
0 0.181771 0.631250 0.044792 0.022917
0 0.221354 0.199479 0.046875 0.048958
0 0.197396 0.295312 0.044792 0.032292
0 0.347917 0.279167 0.041667 0.039583
0 0.236458 0.099479 0.037500 0.040625
0 0.869271 0.241667 0.053125 0.045833
0 0.689583 0.341667 0.050000 0.031250
0 0.723958 0.217188 0.054167 0.040625
0 0.545833 0.890104 0.033333 0.040625
0 0.610417 0.733854 0.054167 0.048958
0 0.089063 0.714583 0.026042 0.041667
0 0.441667 0.823958 0.047917 0.037500
0 0.885417 0.136458 0.041667 0.037500
0 0.761979 0.245833 0.042708 0.029167
0 0.145313 0.152604 0.030208 0.048958
0 0.713021 0.098958 0.046875 0.043750
0 0.722396 0.382812 0.026042 0.046875
0 0.464583 0.842708 0.033333 0.047917
0 0.255729 0.894271 0.030208 0.053125
0 0.694271 0.853125 0.042708 0.027083
0 0.092188 0.842708 0.038542 0.033333
0 0.624479 0.917188 0.053125 0.034375
0 0.698958 0.845833 0.052083 0.045833
0 0.191667 0.101562 0.029167 0.044792
0 0.090625 0.410417 0.039583 0.041667
0 0.400521 0.802604 0.048958 0.055208
0 0.692708 0.634896 0.047917 0.053125
0 0.692708 0.713542 0.025000 0.043750
0 0.214062 0.916146 0.038542 0.040625
0 0.757812 0.692187 0.044792 0.026042
0 0.329167 0.376042 0.041667 0.037500
0 0.273958 0.665104 0.043750 0.040625
0 0.141667 0.349479 0.039583 0.030208
0 0.496354 0.088542 0.053125 0.035417
0 0.207292 0.593229 0.029167 0.051042
0 0.085417 0.818229 0.050000 0.053125
0 0.729688 0.882812 0.042708 0.044792
0 0.317708 0.129688 0.039583 0.034375
0 0.647396 0.877604 0.042708 0.044792
0 0.873437 0.736458 0.036458 0.037500
0 0.486979 0.134375 0.023958 0.041667
0 0.335938 0.453125 0.036458 0.043750
0 0.433854 0.431771 0.038542 0.021875
0 0.620833 0.162500 0.037500 0.025000
0 0.573438 0.368750 0.046875 0.043750
0 0.268229 0.560417 0.038542 0.025000
0 0.813021 0.877083 0.048958 0.052083
0 0.178646 0.548438 0.034375 0.051042
0 0.430729 0.413021 0.044792 0.042708
0 0.449479 0.864062 0.046875 0.038542
0 0.582292 0.830729 0.039583 0.038542
0 0.919271 0.815104 0.055208 0.040625
0 0.191146 0.226562 0.026042 0.046875
0 0.756250 0.317188 0.043750 0.021875
0 0.356250 0.415625 0.033333 0.047917
0 0.836458 0.623958 0.037500 0.027083
0 0.522396 0.789583 0.036458 0.043750
0 0.217708 0.788542 0.037500 0.033333
0 0.537500 0.418750 0.037500 0.031250
0 0.630729 0.951562 0.019792 0.038542
0 0.176563 0.471354 0.040625 0.051042
0 0.629167 0.088542 0.045833 0.022917
0 0.251563 0.242188 0.042708 0.044792
0 0.427604 0.784896 0.040625 0.034375
0 0.610417 0.249479 0.054167 0.042708
0 0.637500 0.727083 0.045833 0.052083
0 0.418229 0.970313 0.034375 0.051042
0 0.303646 0.447917 0.042708 0.047917
0 0.502604 0.505729 0.044792 0.040625
0 0.818229 0.173958 0.023958 0.043750
0 0.823958 0.857812 0.039583 0.026042
0 0.502083 0.267188 0.029167 0.044792
0 0.309896 0.478646 0.048958 0.055208
0 0.345833 0.259896 0.054167 0.038542
0 0.908854 0.721354 0.032292 0.053125
0 0.922396 0.109896 0.053125 0.051042
0 0.499479 0.837500 0.053125 0.039583
0 0.320833 0.323437 0.039583 0.044792
0 0.197396 0.461979 0.051042 0.044792
0 0.718229 0.773438 0.038542 0.038542
0 0.835938 0.412500 0.040625 0.041667
0 0.182812 0.244792 0.017708 0.035417
0 0.091667 0.380208 0.047917 0.025000
0 0.136458 0.534375 0.052083 0.037500
0 0.764583 0.424479 0.052083 0.053125
0 0.938542 0.603646 0.047917 0.046875
0 0.396354 0.719271 0.055208 0.044792
0 0.469271 0.271354 0.026042 0.040625
0 0.257292 0.256250 0.025000 0.041667
0 0.619792 0.352604 0.035417 0.053125
0 0.151042 0.913021 0.054167 0.046875
0 0.094271 0.671875 0.023958 0.047917
0 0.845313 0.457813 0.038542 0.051042
0 0.803646 0.730729 0.042708 0.044792
0 0.556771 0.185938 0.030208 0.040625
0 0.656771 0.817708 0.053125 0.035417
0 0.785417 0.679167 0.043750 0.025000
0 0.773438 0.783854 0.040625 0.036458
0 0.425521 0.141146 0.048958 0.046875
0 0.616146 0.143750 0.032292 0.052083
0 0.371354 0.718750 0.048958 0.041667
0 0.693229 0.889062 0.051042 0.044792
0 0.367708 0.243229 0.047917 0.053125
0 0.900000 0.327083 0.052083 0.041667
0 0.792188 0.355729 0.055208 0.040625
0 0.716146 0.804688 0.055208 0.048958
0 0.909375 0.526042 0.033333 0.043750
0 0.377604 0.844792 0.038542 0.035417
0 0.794792 0.940625 0.027083 0.041667
0 0.272396 0.935417 0.042708 0.031250
0 0.884375 0.632812 0.045833 0.034375
0 0.173958 0.382292 0.031250 0.043750
0 0.855729 0.348958 0.051042 0.050000
0 0.094271 0.196875 0.051042 0.050000
0 0.471354 0.111979 0.038542 0.019792
0 0.514583 0.734896 0.047917 0.046875
0 0.225521 0.307292 0.038542 0.047917
0 0.929167 0.770833 0.050000 0.047917
0 0.747917 0.622917 0.047917 0.033333
0 0.606771 0.296354 0.032292 0.053125
0 0.786458 0.932292 0.052083 0.047917
0 0.156771 0.215104 0.032292 0.040625
0 0.543229 0.526042 0.048958 0.033333
0 0.629167 0.096354 0.033333 0.053125
0 0.218229 0.403125 0.038542 0.025000
0 0.759375 0.453125 0.037500 0.031250
0 0.169792 0.520833 0.031250 0.050000
0 0.489583 0.717708 0.041667 0.047917
0 0.083854 0.120313 0.053125 0.030208
0 0.911979 0.527083 0.034375 0.043750
0 0.608333 0.466667 0.045833 0.045833
0 0.079687 0.943750 0.051042 0.029167
0 0.108333 0.306771 0.037500 0.038542
0 0.166667 0.921875 0.041667 0.039583
0 0.715625 0.373437 0.039583 0.038542
0 0.478125 0.877604 0.045833 0.032292
0 0.367188 0.607292 0.034375 0.043750
0 0.265104 0.235937 0.042708 0.051042
0 0.292187 0.176042 0.038542 0.052083
0 0.116667 0.528125 0.052083 0.039583
0 0.963021 0.651042 0.032292 0.039583
0 0.919792 0.447917 0.037500 0.033333
0 0.916667 0.900000 0.033333 0.037500
0 0.857292 0.751563 0.045833 0.038542
0 0.960938 0.702083 0.044792 0.047917
0 0.107813 0.802604 0.044792 0.042708
0 0.586979 0.359896 0.030208 0.044792
0 0.286458 0.382812 0.039583 0.036458
0 0.721354 0.377083 0.042708 0.039583
0 0.737500 0.197396 0.047917 0.032292
0 0.913021 0.917708 0.030208 0.039583
0 0.319792 0.112500 0.047917 0.041667
0 0.138021 0.666146 0.032292 0.053125
0 0.944271 0.639062 0.023958 0.038542
0 0.802604 0.338542 0.038542 0.043750
0 0.529687 0.916146 0.038542 0.038542
0 0.908333 0.802604 0.039583 0.048958
0 0.216667 0.238021 0.045833 0.026042
0 0.141667 0.951042 0.052083 0.039583
0 0.857812 0.319792 0.051042 0.047917
0 0.804688 0.314583 0.036458 0.047917
0 0.204167 0.194271 0.052083 0.051042
0 0.575521 0.942187 0.042708 0.044792
0 0.176563 0.133854 0.028125 0.040625
0 0.311458 0.138021 0.039583 0.044792
0 0.314063 0.586979 0.038542 0.051042
0 0.418229 0.564063 0.055208 0.044792
0 0.629687 0.605729 0.044792 0.055208
0 0.914062 0.604688 0.032292 0.046875
0 0.079687 0.909375 0.019792 0.039583
0 0.263021 0.148438 0.040625 0.028125
0 0.189583 0.213021 0.047917 0.032292
0 0.716667 0.173437 0.037500 0.038542
0 0.492188 0.603125 0.032292 0.047917
0 0.465104 0.567187 0.034375 0.051042
0 0.809375 0.330208 0.022917 0.037500
0 0.492708 0.346354 0.025000 0.042708
0 0.506250 0.568750 0.039583 0.041667
0 0.287500 0.398438 0.039583 0.038542
0 0.176042 0.379688 0.041667 0.048958
0 0.848958 0.825521 0.045833 0.040625
0 0.137500 0.709896 0.054167 0.040625
0 0.609375 0.605729 0.045833 0.023958
0 0.102083 0.086979 0.022917 0.040625
0 0.750000 0.130208 0.033333 0.037500
0 0.299479 0.968229 0.036458 0.040625
0 0.759375 0.846354 0.039583 0.028125
0 0.343229 0.742708 0.034375 0.052083
0 0.450521 0.683333 0.038542 0.035417
0 0.908333 0.103125 0.029167 0.045833
0 0.517188 0.403125 0.048958 0.027083
0 0.082292 0.256250 0.041667 0.029167
0 0.592187 0.230729 0.051042 0.055208
0 0.093229 0.162500 0.038542 0.027083
0 0.468750 0.639583 0.047917 0.039583
0 0.423958 0.666146 0.039583 0.048958
0 0.821354 0.967187 0.026042 0.051042
0 0.664062 0.698438 0.055208 0.051042
0 0.367708 0.663542 0.047917 0.025000
0 0.933854 0.523958 0.021875 0.037500
0 0.155729 0.074479 0.055208 0.038542
0 0.954688 0.652604 0.040625 0.028125
0 0.798958 0.138542 0.035417 0.018750
0 0.843750 0.963021 0.025000 0.038542
0 0.292708 0.680729 0.052083 0.051042
0 0.329167 0.511458 0.041667 0.039583
0 0.242708 0.382812 0.041667 0.023958
0 0.149479 0.306250 0.044792 0.037500
0 0.973437 0.497396 0.051042 0.044792
0 0.418750 0.206771 0.045833 0.038542
0 0.315104 0.514583 0.030208 0.039583
0 0.555208 0.459375 0.020833 0.035417
0 0.558854 0.821354 0.038542 0.040625
0 0.785417 0.092188 0.054167 0.042708
0 0.143750 0.601562 0.043750 0.028125
0 0.220833 0.897917 0.035417 0.047917
0 0.263021 0.426042 0.021875 0.037500
0 0.200521 0.679167 0.038542 0.033333
0 0.631771 0.385937 0.042708 0.021875
0 0.757292 0.635417 0.041667 0.047917
0 0.755208 0.204167 0.027083 0.045833
0 0.914062 0.428125 0.053125 0.039583
0 0.622917 0.406250 0.037500 0.035417
0 0.267188 0.608854 0.051042 0.038542
0 0.953125 0.564063 0.031250 0.044792
0 0.444271 0.488542 0.046875 0.043750
0 0.689063 0.938542 0.046875 0.045833
0 0.728646 0.354687 0.040625 0.026042
0 0.622917 0.567187 0.039583 0.026042
0 0.096354 0.811458 0.026042 0.045833
0 0.402604 0.918229 0.048958 0.048958
0 0.090625 0.856771 0.045833 0.038542
0 0.420833 0.536979 0.043750 0.042708
0 0.396875 0.572917 0.047917 0.050000
0 0.422917 0.914583 0.047917 0.039583
0 0.943750 0.888542 0.039583 0.022917
0 0.121354 0.373437 0.034375 0.040625
0 0.089063 0.727604 0.034375 0.040625
0 0.210417 0.475521 0.041667 0.032292
0 0.190104 0.458333 0.040625 0.054167
0 0.785937 0.768750 0.042708 0.039583
0 0.544271 0.659375 0.038542 0.029167
0 0.297396 0.133333 0.046875 0.043750
0 0.881771 0.723958 0.038542 0.018750
0 0.489063 0.794271 0.040625 0.038542
0 0.245312 0.482812 0.040625 0.028125
0 0.734375 0.372917 0.037500 0.025000
0 0.895312 0.320312 0.030208 0.040625
0 0.578646 0.495833 0.038542 0.022917
0 0.938021 0.802604 0.044792 0.030208
0 0.847396 0.169792 0.044792 0.047917
0 0.627604 0.258854 0.038542 0.038542
0 0.867708 0.643750 0.029167 0.041667
0 0.545312 0.339583 0.040625 0.022917
0 0.088021 0.103125 0.046875 0.043750
0 0.466667 0.602083 0.033333 0.037500
0 0.609375 0.738021 0.041667 0.042708
0 0.712500 0.407813 0.047917 0.046875
0 0.895312 0.900521 0.040625 0.051042
0 0.102604 0.471354 0.051042 0.042708
0 0.308333 0.305208 0.035417 0.018750
0 0.073438 0.741667 0.038542 0.043750
0 0.480729 0.771354 0.046875 0.048958
0 0.078125 0.561979 0.045833 0.040625
0 0.490625 0.516667 0.037500 0.041667
0 0.557292 0.312500 0.050000 0.033333
0 0.227083 0.319792 0.027083 0.043750
0 0.199479 0.140625 0.038542 0.033333
0 0.084375 0.727083 0.047917 0.037500
0 0.562500 0.756771 0.039583 0.036458
0 0.738021 0.145313 0.051042 0.038542
0 0.675521 0.298438 0.040625 0.044792
0 0.305729 0.594271 0.044792 0.042708
0 0.609896 0.329167 0.036458 0.037500
0 0.510938 0.480208 0.036458 0.052083
0 0.651042 0.125000 0.037500 0.035417
0 0.116146 0.471354 0.051042 0.040625
0 0.852604 0.390104 0.028125 0.044792
0 0.242708 0.345313 0.047917 0.046875
0 0.838542 0.486979 0.045833 0.034375
0 0.930729 0.306250 0.017708 0.035417
0 0.528125 0.857292 0.041667 0.039583
0 0.243750 0.635417 0.041667 0.039583
0 0.581250 0.190625 0.043750 0.045833
0 0.395313 0.720833 0.038542 0.022917
0 0.841146 0.706250 0.046875 0.029167
0 0.519271 0.605729 0.042708 0.023958
0 0.870833 0.194792 0.039583 0.020833
0 0.581250 0.371875 0.045833 0.027083
0 0.326562 0.630729 0.046875 0.038542
0 0.253646 0.428125 0.046875 0.031250
0 0.586458 0.721875 0.031250 0.037500
0 0.401042 0.230208 0.043750 0.022917
0 0.089583 0.330729 0.033333 0.053125
0 0.922917 0.606771 0.025000 0.046875
0 0.927083 0.581250 0.033333 0.037500
0 0.793750 0.645833 0.041667 0.039583
0 0.859375 0.817708 0.029167 0.041667
0 0.321354 0.401042 0.032292 0.043750
0 0.559896 0.546875 0.046875 0.031250