0 0.604167 0.486979 0.039583 0.036458
0 0.532813 0.497917 0.019792 0.037500
0 0.192708 0.692708 0.047917 0.037500
0 0.116146 0.656771 0.051042 0.040625
0 0.497917 0.552604 0.043750 0.032292
0 0.877083 0.703125 0.043750 0.033333
0 0.463542 0.882812 0.043750 0.055208
0 0.518750 0.129167 0.050000 0.033333
0 0.097396 0.392708 0.046875 0.043750
0 0.470833 0.680208 0.047917 0.041667
0 0.675000 0.875521 0.047917 0.046875
0 0.279167 0.956771 0.041667 0.044792
0 0.855208 0.649479 0.047917 0.046875
0 0.247396 0.389583 0.026042 0.037500
0 0.316667 0.164583 0.041667 0.039583
0 0.342708 0.452083 0.031250 0.037500
0 0.945833 0.282813 0.050000 0.034375
0 0.427083 0.719271 0.052083 0.051042
0 0.348958 0.933333 0.045833 0.052083
0 0.645833 0.933854 0.037500 0.044792
0 0.591146 0.734896 0.055208 0.042708
0 0.222917 0.465625 0.050000 0.050000
0 0.172396 0.179167 0.046875 0.029167
0 0.233333 0.429167 0.025000 0.037500
0 0.296875 0.122917 0.031250 0.041667
0 0.472396 0.641667 0.023958 0.047917
0 0.610417 0.741667 0.043750 0.022917
0 0.710417 0.367188 0.041667 0.055208
0 0.713021 0.853125 0.048958 0.052083
0 0.950521 0.087500 0.028125 0.045833
0 0.832812 0.389583 0.042708 0.039583
0 0.516146 0.093229 0.040625 0.028125
0 0.902083 0.668229 0.045833 0.034375
0 0.246875 0.354687 0.039583 0.034375
0 0.460938 0.954688 0.040625 0.051042
0 0.561979 0.569792 0.046875 0.045833
0 0.886458 0.882292 0.022917 0.035417
0 0.924479 0.834375 0.044792 0.052083
0 0.840104 0.162500 0.028125 0.045833
0 0.076563 0.451042 0.046875 0.029167
0 0.449479 0.622396 0.040625 0.055208
0 0.077604 0.348438 0.036458 0.046875
0 0.919271 0.479167 0.038542 0.025000
0 0.435417 0.415104 0.052083 0.051042
0 0.215625 0.797396 0.022917 0.040625
0 0.094271 0.578125 0.034375 0.039583
0 0.829688 0.326042 0.044792 0.033333
0 0.191146 0.964063 0.026042 0.051042
0 0.134896 0.746875 0.038542 0.025000
0 0.755729 0.416146 0.040625 0.034375
0 0.244792 0.785937 0.025000 0.046875
0 0.738542 0.147396 0.039583 0.036458
0 0.339062 0.728646 0.040625 0.034375
0 0.075000 0.503125 0.043750 0.033333
0 0.529687 0.475521 0.023958 0.040625
0 0.717187 0.651563 0.036458 0.055208
0 0.679167 0.530208 0.037500 0.047917
0 0.939583 0.384896 0.045833 0.034375
0 0.605208 0.463021 0.045833 0.048958
0 0.096354 0.655208 0.044792 0.035417
0 0.589063 0.314583 0.046875 0.033333
0 0.797396 0.824479 0.046875 0.032292
0 0.425000 0.881771 0.039583 0.032292
0 0.353125 0.126042 0.031250 0.045833
0 0.159375 0.836979 0.039583 0.026042
0 0.075000 0.661458 0.035417 0.043750
0 0.736458 0.511458 0.043750 0.035417
0 0.864062 0.798958 0.042708 0.027083
0 0.184375 0.580729 0.041667 0.048958
0 0.190104 0.558854 0.032292 0.053125
0 0.970313 0.857292 0.044792 0.052083
0 0.292187 0.316146 0.030208 0.048958
0 0.326562 0.303125 0.038542 0.035417
0 0.963021 0.111979 0.042708 0.051042
0 0.711979 0.810937 0.040625 0.023958
0 0.784375 0.483333 0.047917 0.050000
0 0.272917 0.208854 0.031250 0.040625
0 0.331250 0.289583 0.027083 0.045833
0 0.551042 0.291146 0.029167 0.040625
0 0.573958 0.531250 0.045833 0.052083
0 0.754687 0.844271 0.038542 0.051042
0 0.856250 0.623958 0.037500 0.041667
0 0.897917 0.538542 0.052083 0.035417
0 0.931250 0.727604 0.037500 0.053125
0 0.411458 0.562500 0.033333 0.047917
0 0.935937 0.668229 0.055208 0.040625
0 0.604688 0.246875 0.030208 0.039583
0 0.552083 0.553646 0.052083 0.030208
0 0.316667 0.589063 0.039583 0.023958
0 0.119271 0.656771 0.044792 0.030208
0 0.207292 0.751563 0.041667 0.055208
0 0.416667 0.270313 0.041667 0.023958
0 0.441146 0.447396 0.044792 0.032292
0 0.296354 0.500000 0.036458 0.047917
0 0.277604 0.722396 0.028125 0.040625
0 0.443229 0.079167 0.028125 0.050000
0 0.394271 0.176563 0.038542 0.019792
0 0.109375 0.691667 0.037500 0.033333
0 0.080208 0.797396 0.043750 0.040625
0 0.221875 0.113021 0.041667 0.055208
0 0.686458 0.659896 0.031250 0.048958
0 0.210938 0.413021 0.038542 0.046875
0 0.723437 0.421875 0.051042 0.033333
0 0.764583 0.666146 0.050000 0.053125
0 0.391146 0.157812 0.048958 0.046875
0 0.375521 0.715104 0.051042 0.055208
0 0.935417 0.642708 0.047917 0.039583
0 0.714063 0.951042 0.036458 0.037500
0 0.690625 0.257292 0.027083 0.037500
0 0.810937 0.546875 0.030208 0.047917
0 0.823438 0.657292 0.036458 0.052083
0 0.686458 0.837500 0.047917 0.027083
0 0.419792 0.421875 0.037500 0.031250
0 0.311458 0.184896 0.031250 0.048958
0 0.921354 0.824479 0.044792 0.028125
0 0.952083 0.083854 0.020833 0.040625
0 0.716146 0.640104 0.040625 0.030208
0 0.174479 0.560417 0.053125 0.041667
0 0.515104 0.584375 0.036458 0.047917
0 0.972396 0.351562 0.053125 0.051042
0 0.190104 0.179688 0.055208 0.042708
0 0.681771 0.743750 0.048958 0.039583
0 0.529167 0.625521 0.029167 0.044792
0 0.488542 0.369271 0.039583 0.036458
0 0.822917 0.694792 0.047917 0.039583
0 0.711458 0.192708 0.035417 0.018750
0 0.566146 0.513542 0.051042 0.031250
0 0.426563 0.596875 0.034375 0.043750
0 0.750521 0.852604 0.044792 0.040625
0 0.910417 0.441667 0.037500 0.025000
0 0.385937 0.117188 0.048958 0.030208
0 0.967187 0.574479 0.040625 0.023958
0 0.296354 0.933854 0.051042 0.044792
0 0.667188 0.606771 0.040625 0.051042
0 0.462500 0.365104 0.035417 0.048958
0 0.564583 0.575521 0.047917 0.053125
0 0.137500 0.614583 0.045833 0.031250
0 0.380729 0.494271 0.044792 0.040625
0 0.479687 0.776563 0.019792 0.038542
0 0.910937 0.388542 0.046875 0.033333
0 0.564583 0.793750 0.045833 0.052083
0 0.617188 0.452083 0.048958 0.039583
0 0.305729 0.959896 0.044792 0.040625
0 0.834896 0.759375 0.040625 0.041667
0 0.470833 0.742708 0.035417 0.052083
0 0.673958 0.337500 0.050000 0.029167
0 0.245312 0.344271 0.036458 0.051042
0 0.146354 0.299479 0.046875 0.034375
0 0.796875 0.260937 0.037500 0.040625
0 0.586979 0.444271 0.046875 0.034375
0 0.324479 0.416146 0.046875 0.055208
0 0.533333 0.304688 0.043750 0.048958
0 0.091146 0.759375 0.051042 0.033333
0 0.559896 0.920833 0.038542 0.043750
0 0.085417 0.384375 0.047917 0.041667
0 0.879167 0.949479 0.043750 0.055208
0 0.125000 0.075000 0.035417 0.037500
0 0.531771 0.764583 0.038542 0.043750
0 0.583333 0.169271 0.033333 0.044792
0 0.294271 0.111458 0.048958 0.039583
0 0.833333 0.513542 0.025000 0.037500
0 0.607292 0.470833 0.037500 0.043750
0 0.215104 0.191667 0.026042 0.047917
0 0.351042 0.533854 0.039583 0.038542
0 0.355729 0.140104 0.055208 0.046875
0 0.279687 0.444792 0.048958 0.052083
0 0.953125 0.934896 0.033333 0.040625
0 0.248438 0.665104 0.055208 0.040625
0 0.429167 0.870313 0.039583 0.026042
0 0.303646 0.237500 0.046875 0.052083
0 0.509896 0.815625 0.038542 0.027083
0 0.695312 0.219792 0.023958 0.043750
0 0.566667 0.672917 0.045833 0.052083
0 0.202604 0.413021 0.040625 0.038542
0 0.801562 0.748437 0.040625 0.019792
0 0.550000 0.161979 0.052083 0.032292
0 0.475000 0.894271 0.050000 0.040625
0 0.122396 0.494792 0.034375 0.047917
0 0.786979 0.173437 0.032292 0.040625
0 0.311979 0.128125 0.030208 0.043750
0 0.497917 0.204687 0.041667 0.021875
0 0.252604 0.375521 0.040625 0.019792
0 0.127604 0.643229 0.028125 0.044792
0 0.426042 0.505208 0.037500 0.043750
0 0.423438 0.410417 0.030208 0.039583
0 0.711979 0.767188 0.038542 0.040625
0 0.667188 0.347917 0.048958 0.035417
0 0.338542 0.607812 0.054167 0.046875
0 0.419271 0.625521 0.040625 0.051042
0 0.407292 0.666667 0.035417 0.037500
0 0.477604 0.733854 0.034375 0.053125
0 0.111979 0.125521 0.053125 0.051042
0 0.729688 0.591667 0.023958 0.037500
0 0.159896 0.421875 0.044792 0.025000
0 0.922396 0.643750 0.038542 0.033333
0 0.657292 0.273958 0.043750 0.035417
0 0.760938 0.268750 0.021875 0.041667
0 0.740104 0.621875 0.042708 0.029167
0 0.089583 0.096875 0.035417 0.047917
0 0.669271 0.951042 0.044792 0.045833
0 0.257292 0.596875 0.041667 0.029167
0 0.891146 0.378125 0.023958 0.041667
0 0.772917 0.930208 0.037500 0.033333
0 0.418229 0.687500 0.021875 0.037500
0 0.881250 0.223958 0.039583 0.025000
0 0.615625 0.513542 0.029167 0.041667
0 0.635417 0.916667 0.033333 0.047917
0 0.917188 0.427604 0.044792 0.026042
0 0.688542 0.260937 0.043750 0.028125
0 0.744792 0.652083 0.047917 0.037500
0 0.938542 0.144792 0.043750 0.052083
0 0.648958 0.189583 0.052083 0.047917
0 0.867188 0.442708 0.038542 0.033333
0 0.941667 0.461458 0.045833 0.029167
0 0.582292 0.491146 0.047917 0.053125
0 0.904687 0.233333 0.034375 0.047917
0 0.682813 0.701042 0.038542 0.022917
0 0.151562 0.148438 0.044792 0.026042
0 0.807292 0.369271 0.039583 0.034375
0 0.426042 0.360417 0.045833 0.029167
0 0.302604 0.710417 0.030208 0.043750
0 0.120313 0.188542 0.046875 0.043750
0 0.684375 0.534896 0.025000 0.042708
0 0.320833 0.963542 0.052083 0.039583
0 0.131771 0.679688 0.042708 0.023958
0 0.135937 0.296354 0.040625 0.036458
0 0.376563 0.750000 0.038542 0.029167
0 0.077604 0.696354 0.030208 0.048958
0 0.877083 0.646875 0.043750 0.045833
0 0.524479 0.538021 0.055208 0.040625
0 0.478646 0.216146 0.032292 0.040625
0 0.732292 0.344792 0.045833 0.022917
0 0.891146 0.090104 0.055208 0.036458
0 0.365104 0.794271 0.046875 0.034375
0 0.664062 0.761979 0.040625 0.032292
0 0.771875 0.385937 0.050000 0.034375
0 0.375000 0.190625 0.037500 0.052083
0 0.814583 0.691667 0.035417 0.037500
0 0.275521 0.238542 0.040625 0.047917
0 0.143229 0.561979 0.046875 0.038542
0 0.367708 0.328646 0.035417 0.040625
0 0.480729 0.757292 0.042708 0.025000
0 0.793750 0.089063 0.037500 0.053125
0 0.624479 0.141667 0.048958 0.035417
0 0.837500 0.656771 0.029167 0.040625
0 0.868750 0.667188 0.050000 0.044792
0 0.846875 0.671875 0.041667 0.047917
0 0.845833 0.083333 0.029167 0.037500
0 0.171875 0.909896 0.047917 0.046875
0 0.959896 0.183854 0.038542 0.019792
0 0.333333 0.638021 0.052083 0.053125
0 0.504167 0.350000 0.047917 0.041667
0 0.444271 0.869271 0.053125 0.051042
0 0.120833 0.211458 0.043750 0.033333
0 0.855208 0.132812 0.039583 0.036458
0 0.163021 0.154167 0.028125 0.050000
0 0.792188 0.244792 0.042708 0.029167
0 0.904167 0.704167 0.045833 0.043750
0 0.879687 0.331771 0.040625 0.051042
0 0.832292 0.904167 0.027083 0.041667
0 0.535937 0.520312 0.042708 0.051042
0 0.589063 0.189062 0.038542 0.055208
0 0.848437 0.706771 0.040625 0.051042
0 0.595313 0.147396 0.040625 0.026042
0 0.171354 0.952083 0.048958 0.039583
0 0.608333 0.626042 0.037500 0.035417
0 0.216667 0.132292 0.041667 0.031250
0 0.588021 0.930729 0.023958 0.042708
0 0.410938 0.734375 0.048958 0.039583
0 0.376042 0.547396 0.054167 0.036458
0 0.308854 0.415104 0.048958 0.030208
0 0.213021 0.128646 0.026042 0.044792
0 0.876563 0.852083 0.028125 0.039583
0 0.927604 0.892708 0.044792 0.045833
0 0.605729 0.200000 0.034375 0.037500
0 0.413542 0.530208 0.052083 0.043750
0 0.472917 0.872396 0.043750 0.048958
0 0.486458 0.485938 0.043750 0.030208
0 0.605729 0.084375 0.042708 0.020833
0 0.658333 0.694792 0.033333 0.043750
0 0.640625 0.551042 0.039583 0.041667
0 0.845833 0.530729 0.041667 0.055208
0 0.673958 0.721354 0.018750 0.036458
0 0.957292 0.480729 0.052083 0.051042
0 0.629167 0.931771 0.039583 0.026042
0 0.796875 0.093229 0.027083 0.042708
0 0.235937 0.266146 0.040625 0.036458
0 0.207292 0.127604 0.031250 0.040625
0 0.783333 0.237500 0.043750 0.045833
0 0.673958 0.606771 0.020833 0.038542
0 0.403125 0.890104 0.033333 0.048958
0 0.252083 0.639583 0.037500 0.029167
0 0.255729 0.109375 0.034375 0.016667
0 0.808333 0.693750 0.047917 0.027083
0 0.216146 0.920312 0.032292 0.048958
0 0.632812 0.395313 0.055208 0.051042
0 0.908854 0.488542 0.048958 0.041667
0 0.910937 0.839583 0.038542 0.043750
0 0.325000 0.402083 0.047917 0.052083
0 0.861979 0.240625 0.038542 0.025000
0 0.738021 0.630729 0.036458 0.040625
0 0.916667 0.184896 0.045833 0.040625
0 0.345833 0.671875 0.018750 0.035417
0 0.923958 0.934375 0.018750 0.035417
0 0.452604 0.321354 0.051042 0.038542
0 0.559375 0.117188 0.035417 0.053125
0 0.216146 0.471875 0.038542 0.029167
0 0.560937 0.601562 0.042708 0.044792
0 0.954688 0.560937 0.055208 0.036458
0 0.494271 0.344271 0.044792 0.051042
0 0.584896 0.469271 0.036458 0.040625
0 0.852083 0.825000 0.029167 0.041667
0 0.648438 0.387500 0.030208 0.039583
0 0.435417 0.639062 0.041667 0.032292
0 0.557292 0.857292 0.039583 0.052083
0 0.863021 0.801562 0.034375 0.040625
0 0.406771 0.067708 0.044792 0.025000
0 0.935417 0.900000 0.047917 0.037500
0 0.722396 0.561979 0.040625 0.026042
0 0.510417 0.134375 0.020833 0.039583
0 0.121875 0.150521 0.043750 0.042708
0 0.426563 0.621875 0.019792 0.035417
0 0.216146 0.471875 0.026042 0.037500
0 0.779687 0.541146 0.036458 0.040625
0 0.616667 0.093750 0.047917 0.025000
0 0.865625 0.294271 0.043750 0.028125
0 0.111458 0.232813 0.022917 0.042708
0 0.495312 0.300000 0.048958 0.039583
0 0.489063 0.159375 0.044792 0.047917
0 0.150000 0.753646 0.045833 0.048958
0 0.898438 0.672396 0.034375 0.040625
0 0.881250 0.426563 0.050000 0.053125
0 0.591667 0.576562 0.027083 0.046875
0 0.618750 0.709375 0.033333 0.047917
0 0.578646 0.128125 0.019792 0.035417
0 0.564583 0.865104 0.039583 0.034375
0 0.278646 0.583854 0.053125 0.053125
0 0.493750 0.431250 0.043750 0.033333
0 0.842708 0.373958 0.047917 0.027083
0 0.639062 0.875000 0.048958 0.033333
0 0.457292 0.600521 0.035417 0.044792
0 0.206771 0.211979 0.048958 0.055208
0 0.553646 0.725000 0.048958 0.037500
0 0.667708 0.753646 0.045833 0.038542
0 0.652083 0.455208 0.043750 0.035417
0 0.804688 0.940625 0.053125 0.047917
0 0.878125 0.638542 0.045833 0.031250
0 0.638542 0.336458 0.029167 0.050000
0 0.829688 0.728646 0.044792 0.048958
0 0.409375 0.809375 0.037500 0.047917
0 0.504167 0.954167 0.037500 0.033333
0 0.372396 0.410938 0.055208 0.042708
0 0.609375 0.082812 0.033333 0.040625
0 0.062500 0.680729 0.020833 0.038542
0 0.681250 0.230208 0.041667 0.047917
0 0.937500 0.173958 0.039583 0.022917
0 0.577604 0.663021 0.053125 0.034375
0 0.635938 0.441667 0.021875 0.043750
0 0.227604 0.403125 0.046875 0.043750
0 0.657813 0.621875 0.044792 0.033333
0 0.170833 0.502604 0.045833 0.055208
0 0.404687 0.439583 0.030208 0.043750
0 0.444792 0.429167 0.041667 0.047917
0 0.769792 0.414583 0.031250 0.037500
0 0.515104 0.129688 0.051042 0.030208
0 0.385417 0.713542 0.047917 0.039583
0 0.478125 0.090625 0.031250 0.050000
0 0.554167 0.652604 0.054167 0.044792
0 0.822396 0.576562 0.040625 0.055208
0 0.663542 0.472396 0.037500 0.019792
0 0.490104 0.619271 0.028125 0.051042
0 0.505208 0.339583 0.050000 0.050000
0 0.794792 0.372917 0.033333 0.037500
0 0.964063 0.099479 0.038542 0.055208
0 0.600000 0.795312 0.052083 0.032292
0 0.114062 0.304167 0.042708 0.039583
0 0.838021 0.100000 0.042708 0.029167
0 0.662500 0.776042 0.041667 0.047917
0 0.221354 0.535937 0.053125 0.032292
0 0.485417 0.840104 0.033333 0.048958
0 0.681250 0.534375 0.052083 0.047917
0 0.893750 0.234896 0.045833 0.032292
0 0.891667 0.168750 0.047917 0.035417
0 0.594271 0.375000 0.042708 0.033333
0 0.641146 0.281771 0.055208 0.042708
0 0.843229 0.507812 0.038542 0.019792
0 0.450000 0.906250 0.047917 0.052083
0 0.565625 0.933333 0.039583 0.041667
0 0.934375 0.854167 0.047917 0.037500
0 0.853125 0.284896 0.039583 0.030208
0 0.729167 0.365104 0.050000 0.036458
0 0.602083 0.361979 0.033333 0.048958
0 0.641667 0.173958 0.047917 0.037500
0 0.167187 0.756250 0.034375 0.043750
0 0.417187 0.693229 0.040625 0.019792
0 0.696354 0.375000 0.040625 0.054167
0 0.839583 0.655729 0.037500 0.048958
0 0.532292 0.715625 0.037500 0.031250
0 0.514062 0.418750 0.044792 0.033333
0 0.184375 0.497396 0.037500 0.040625
0 0.335417 0.736458 0.033333 0.037500
0 0.333333 0.347396 0.047917 0.028125
0 0.748958 0.458854 0.052083 0.034375
0 0.892188 0.314063 0.038542 0.051042
0 0.894271 0.840104 0.046875 0.038542
0 0.356771 0.538542 0.046875 0.045833
0 0.827604 0.414062 0.040625 0.032292
0 0.088542 0.118750 0.045833 0.052083
0 0.769792 0.363542 0.050000 0.031250
0 0.714063 0.361979 0.040625 0.036458
0 0.673958 0.522396 0.050000 0.040625
0 0.218229 0.103125 0.048958 0.033333
0 0.431771 0.932813 0.038542 0.046875
0 0.276562 0.444792 0.053125 0.037500
0 0.385417 0.278646 0.039583 0.044792
0 0.115625 0.339062 0.043750 0.030208
0 0.333854 0.471354 0.040625 0.030208
0 0.214583 0.316667 0.050000 0.033333
0 0.569271 0.304167 0.036458 0.022917
0 0.190625 0.907292 0.031250 0.041667
0 0.106771 0.723958 0.046875 0.052083
0 0.327083 0.443750 0.041667 0.039583
0 0.910417 0.674479 0.035417 0.040625
0 0.151042 0.718229 0.031250 0.044792
0 0.098437 0.635938 0.034375 0.040625
0 0.349479 0.701562 0.038542 0.038542
0 0.513021 0.751563 0.026042 0.044792
0 0.841667 0.615104 0.052083 0.034375
0 0.191146 0.253646 0.023958 0.038542
0 0.256771 0.636979 0.036458 0.040625
0 0.078125 0.576562 0.033333 0.040625
0 0.311458 0.930208 0.045833 0.043750
0 0.109896 0.340625 0.023958 0.047917
0 0.842187 0.447396 0.053125 0.034375
0 0.075000 0.165104 0.035417 0.053125
0 0.161458 0.525000 0.045833 0.022917
0 0.809375 0.786458 0.037500 0.047917
0 0.224479 0.671875 0.042708 0.037500
0 0.318750 0.552083 0.022917 0.039583
0 0.420833 0.650000 0.033333 0.047917
0 0.469792 0.597396 0.043750 0.042708
0 0.818229 0.344792 0.032292 0.039583
0 0.077604 0.733333 0.034375 0.052083
0 0.676042 0.732812 0.043750 0.042708
0 0.843750 0.314583 0.052083 0.043750
0 0.751563 0.490104 0.034375 0.040625
0 0.210938 0.282813 0.040625 0.034375
0 0.683854 0.952083 0.038542 0.025000
0 0.511979 0.833854 0.044792 0.026042
0 0.745313 0.793750 0.026042 0.039583
0 0.791146 0.364063 0.030208 0.040625
0 0.863542 0.459375 0.033333 0.016667
0 0.347396 0.845313 0.055208 0.046875
0 0.721875 0.097917 0.041667 0.052083
0 0.503646 0.342708 0.044792 0.052083
0 0.101042 0.545833 0.041667 0.029167
0 0.529687 0.820833 0.042708 0.054167
0 0.922917 0.824479 0.041667 0.044792
0 0.404687 0.912500 0.053125 0.037500
0 0.211458 0.402083 0.037500 0.025000
0 0.654167 0.898438 0.054167 0.046875
0 0.505729 0.790104 0.032292 0.044792
0 0.930208 0.583333 0.020833 0.039583
0 0.424479 0.540104 0.023958 0.038542
0 0.069792 0.613021 0.035417 0.053125
0 0.458854 0.747396 0.040625 0.036458
0 0.151562 0.481250 0.036458 0.043750
0 0.901563 0.527083 0.040625 0.025000
0 0.455729 0.117708 0.051042 0.047917
0 0.316667 0.121875 0.037500 0.035417
0 0.619271 0.581250 0.023958 0.041667
0 0.730208 0.267188 0.035417 0.048958
0 0.463542 0.582812 0.054167 0.048958
0 0.652604 0.089063 0.040625 0.036458
0 0.713021 0.807292 0.048958 0.052083
0 0.685937 0.946875 0.019792 0.037500
0 0.769792 0.282813 0.052083 0.034375
0 0.538542 0.865625 0.041667 0.037500
0 0.927604 0.090104 0.032292 0.044792
0 0.623958 0.419271 0.033333 0.040625
0 0.505208 0.486458 0.039583 0.041667
0 0.664583 0.629687 0.025000 0.038542
0 0.914583 0.497396 0.035417 0.040625
0 0.228646 0.236979 0.034375 0.053125
0 0.824479 0.264062 0.038542 0.040625
0 0.558333 0.233333 0.043750 0.052083
0 0.192188 0.113542 0.030208 0.043750
0 0.429688 0.912500 0.036458 0.052083
0 0.781771 0.961979 0.046875 0.032292
0 0.683333 0.942708 0.045833 0.045833
0 0.535417 0.657292 0.037500 0.027083
0 0.352083 0.261458 0.037500 0.031250
0 0.698958 0.733333 0.033333 0.047917
0 0.969792 0.318750 0.043750 0.025000
0 0.897917 0.460938 0.035417 0.044792
0 0.424479 0.630729 0.055208 0.038542
0 0.655729 0.888021 0.044792 0.028125
0 0.221354 0.530729 0.046875 0.038542
0 0.285417 0.384375 0.047917 0.041667
0 0.648438 0.190104 0.026042 0.040625
0 0.316667 0.856771 0.039583 0.038542
0 0.784375 0.872396 0.037500 0.038542
0 0.314063 0.547917 0.038542 0.025000
0 0.176563 0.704688 0.040625 0.036458
0 0.488542 0.647396 0.039583 0.055208
0 0.818750 0.125000 0.043750 0.052083
0 0.326562 0.113021 0.055208 0.046875
0 0.605729 0.386979 0.038542 0.051042
0 0.768229 0.214062 0.055208 0.048958
0 0.584896 0.746875 0.044792 0.047917
0 0.284375 0.270313 0.043750 0.040625
0 0.847396 0.149479 0.026042 0.046875
0 0.619271 0.715625 0.053125 0.035417
0 0.103646 0.847396 0.023958 0.048958
0 0.878125 0.129688 0.039583 0.044792
0 0.898958 0.741146 0.031250 0.053125
0 0.583854 0.081250 0.044792 0.025000
0 0.081771 0.590625 0.040625 0.047917
0 0.160417 0.417187 0.050000 0.053125
0 0.322396 0.335938 0.040625 0.044792
0 0.569792 0.460417 0.039583 0.041667
0 0.169792 0.567187 0.025000 0.044792
0 0.966667 0.285417 0.052083 0.035417
0 0.867708 0.304688 0.050000 0.044792
0 0.875521 0.641667 0.051042 0.031250
0 0.703125 0.523958 0.043750 0.035417
0 0.369271 0.431771 0.051042 0.053125
0 0.663542 0.114583 0.022917 0.039583
0 0.261979 0.628646 0.053125 0.053125
0 0.675000 0.925000 0.047917 0.041667
0 0.841667 0.821875 0.037500 0.035417
0 0.771354 0.500000 0.040625 0.022917
0 0.881250 0.902083 0.043750 0.045833
0 0.602083 0.260417 0.047917 0.041667
0 0.190104 0.500000 0.028125 0.043750
0 0.102083 0.941146 0.045833 0.034375
0 0.494792 0.730208 0.037500 0.041667
0 0.683854 0.846875 0.034375 0.043750
0 0.666667 0.402604 0.047917 0.046875
0 0.851562 0.122917 0.036458 0.047917
0 0.480208 0.407813 0.031250 0.048958
0 0.234375 0.729688 0.033333 0.044792
0 0.909375 0.343750 0.037500 0.027083
0 0.676042 0.848958 0.052083 0.047917
0 0.482292 0.758333 0.047917 0.050000
0 0.314583 0.290625 0.029167 0.041667
0 0.508854 0.560417 0.032292 0.047917
0 0.438542 0.915104 0.050000 0.044792
0 0.769792 0.946875 0.045833 0.043750
0 0.245833 0.363542 0.045833 0.022917
0 0.285417 0.592708 0.029167 0.041667
0 0.093229 0.767708 0.046875 0.031250
0 0.851042 0.335417 0.035417 0.047917
0 0.395313 0.461458 0.026042 0.041667
0 0.439583 0.289062 0.035417 0.040625
0 0.143750 0.932813 0.045833 0.055208
0 0.260937 0.327083 0.032292 0.043750
0 0.294271 0.208333 0.038542 0.052083
0 0.244271 0.263542 0.042708 0.039583
0 0.871875 0.744792 0.037500 0.033333
0 0.357812 0.957812 0.038542 0.040625
0 0.711979 0.446354 0.051042 0.038542
0 0.754167 0.650000 0.047917 0.039583
0 0.119271 0.792188 0.021875 0.042708
0 0.174479 0.525521 0.046875 0.048958
0 0.263021 0.805729 0.038542 0.055208
0 0.586979 0.151562 0.044792 0.051042
0 0.594792 0.199479 0.033333 0.040625
0 0.475521 0.827083 0.046875 0.045833
0 0.383333 0.085938 0.033333 0.044792
0 0.353646 0.465625 0.046875 0.045833
0 0.570312 0.786979 0.055208 0.036458
0 0.631250 0.451042 0.033333 0.052083
0 0.155729 0.245312 0.055208 0.040625
0 0.673958 0.835417 0.043750 0.045833
0 0.822396 0.565104 0.046875 0.023958
0 0.169792 0.465625 0.035417 0.018750
0 0.813021 0.960938 0.038542 0.051042
0 0.851042 0.403125 0.047917 0.041667
0 0.725521 0.459896 0.021875 0.038542
0 0.206771 0.601042 0.044792 0.035417
0 0.819271 0.527604 0.055208 0.051042
0 0.419792 0.674479 0.045833 0.038542
0 0.262500 0.821354 0.045833 0.036458
0 0.344792 0.630208 0.037500 0.022917
0 0.391146 0.351042 0.028125 0.043750
0 0.785417 0.498437 0.054167 0.046875
0 0.317708 0.837500 0.045833 0.043750
0 0.393750 0.489583 0.041667 0.039583
0 0.218229 0.455208 0.040625 0.047917
0 0.635938 0.510417 0.038542 0.043750
0 0.234375 0.933333 0.039583 0.047917
0 0.605208 0.470313 0.022917 0.038542
0 0.236458 0.250000 0.047917 0.033333
0 0.100521 0.323437 0.044792 0.026042
0 0.135937 0.855208 0.042708 0.037500
0 0.293229 0.465104 0.044792 0.042708
0 0.732292 0.496354 0.033333 0.040625
0 0.849479 0.733333 0.032292 0.052083
0 0.276042 0.168750 0.041667 0.037500
0 0.352083 0.851562 0.050000 0.034375
0 0.498958 0.676562 0.039583 0.028125
0 0.581250 0.133854 0.035417 0.040625
0 0.374479 0.548958 0.026042 0.045833
0 0.897396 0.144271 0.040625 0.051042
0 0.279687 0.554167 0.040625 0.041667
0 0.277083 0.823438 0.039583 0.036458
0 0.841667 0.412500 0.035417 0.020833
0 0.946354 0.675000 0.030208 0.047917
0 0.633333 0.562500 0.045833 0.052083
0 0.142187 0.136458 0.032292 0.047917
0 0.466667 0.704167 0.037500 0.047917
0 0.701042 0.578646 0.039583 0.036458
0 0.803125 0.505729 0.041667 0.032292
0 0.442188 0.188021 0.036458 0.051042
0 0.704688 0.262500 0.048958 0.041667
0 0.889062 0.194792 0.048958 0.035417
0 0.876042 0.567708 0.041667 0.039583
0 0.718750 0.123438 0.050000 0.026042
0 0.912500 0.422396 0.054167 0.048958
0 0.337500 0.614583 0.050000 0.047917
0 0.281250 0.616667 0.047917 0.035417
0 0.798438 0.759375 0.042708 0.047917
0 0.166667 0.182812 0.045833 0.026042
0 0.750000 0.908854 0.047917 0.053125
0 0.931250 0.182292 0.052083 0.043750
0 0.589583 0.490104 0.035417 0.048958
0 0.576562 0.683333 0.048958 0.037500
0 0.921875 0.873958 0.052083 0.041667
0 0.603646 0.266146 0.046875 0.032292
0 0.194792 0.593750 0.025000 0.037500
0 0.219792 0.664583 0.037500 0.033333
0 0.163021 0.954688 0.048958 0.028125
0 0.723958 0.876042 0.031250 0.037500
0 0.222917 0.745833 0.050000 0.050000
0 0.688021 0.343750 0.032292 0.052083
0 0.469792 0.103646 0.039583 0.034375
0 0.264583 0.190625 0.029167 0.045833
0 0.735938 0.439063 0.055208 0.048958
0 0.439583 0.956771 0.033333 0.053125
0 0.123958 0.797396 0.027083 0.048958
0 0.680729 0.480208 0.048958 0.041667
0 0.498958 0.394271 0.047917 0.044792
0 0.536458 0.800000 0.052083 0.039583
0 0.944792 0.675000 0.027083 0.037500
0 0.572917 0.702604 0.037500 0.048958
0 0.271354 0.782292 0.034375 0.039583
0 0.725521 0.761458 0.046875 0.043750
0 0.502083 0.944792 0.047917 0.035417
0 0.105729 0.477604 0.051042 0.053125
0 0.159896 0.875000 0.042708 0.029167
0 0.510417 0.452604 0.037500 0.023958
0 0.079167 0.564583 0.047917 0.039583
0 0.315625 0.660937 0.025000 0.046875
0 0.648438 0.577083 0.040625 0.041667
0 0.437500 0.214583 0.033333 0.037500
0 0.180729 0.184375 0.044792 0.045833
0 0.943229 0.198958 0.053125 0.047917
0 0.321354 0.940104 0.040625 0.051042
0 0.701562 0.834375 0.046875 0.045833
0 0.102083 0.090625 0.029167 0.041667
0 0.973958 0.667708 0.052083 0.041667
0 0.513542 0.576562 0.054167 0.040625
0 0.808854 0.339583 0.034375 0.043750
0 0.407292 0.440104 0.037500 0.044792
0 0.268229 0.201042 0.038542 0.035417
0 0.542188 0.231771 0.051042 0.053125
0 0.328125 0.869271 0.027083 0.038542
0 0.782292 0.129167 0.025000 0.039583
0 0.663021 0.959896 0.044792 0.030208
0 0.784375 0.154688 0.033333 0.048958
0 0.815625 0.211458 0.031250 0.050000
0 0.577083 0.265104 0.020833 0.038542
0 0.367188 0.361979 0.032292 0.044792
0 0.352083 0.671875 0.022917 0.037500
0 0.893750 0.539583 0.025000 0.043750
0 0.217188 0.706771 0.048958 0.032292
0 0.160938 0.167187 0.042708 0.044792
0 0.155208 0.120833 0.039583 0.041667
0 0.390625 0.400521 0.047917 0.046875
0 0.379167 0.938542 0.033333 0.016667
0 0.657813 0.833854 0.040625 0.044792