0 0.938021 0.307812 0.034375 0.051042
0 0.930729 0.503125 0.032292 0.043750
0 0.894271 0.555208 0.048958 0.039583
0 0.687500 0.776563 0.041667 0.044792
0 0.308854 0.888021 0.044792 0.032292
0 0.959375 0.970833 0.031250 0.045833
0 0.459375 0.348438 0.031250 0.040625
0 0.336979 0.924479 0.038542 0.051042
0 0.505729 0.882812 0.019792 0.040625
0 0.314063 0.167708 0.032292 0.039583
0 0.764062 0.950000 0.023958 0.043750
0 0.825521 0.353646 0.048958 0.055208
0 0.671354 0.732812 0.032292 0.048958
0 0.178125 0.602604 0.043750 0.042708
0 0.398958 0.599479 0.033333 0.040625
0 0.372917 0.094271 0.050000 0.042708
0 0.313542 0.339062 0.039583 0.026042
0 0.445312 0.072396 0.028125 0.040625
0 0.720313 0.182812 0.030208 0.044792
0 0.921875 0.932292 0.022917 0.037500
0 0.076042 0.389583 0.041667 0.039583
0 0.703125 0.844792 0.039583 0.052083
0 0.723958 0.166146 0.039583 0.023958
0 0.858333 0.854688 0.047917 0.046875
0 0.278125 0.825000 0.025000 0.037500
0 0.420833 0.296354 0.052083 0.053125
0 0.909375 0.562500 0.041667 0.039583
0 0.573958 0.303125 0.041667 0.025000
0 0.511979 0.105729 0.046875 0.034375
0 0.181250 0.080729 0.045833 0.034375
0 0.436979 0.080729 0.051042 0.036458
0 0.191667 0.408854 0.041667 0.055208
0 0.552604 0.904167 0.032292 0.052083
0 0.229167 0.083854 0.047917 0.053125
0 0.458333 0.356250 0.037500 0.029167
0 0.850000 0.399479 0.054167 0.046875
0 0.846875 0.215625 0.052083 0.045833
0 0.309896 0.507292 0.053125 0.039583
0 0.113542 0.813542 0.045833 0.029167
0 0.246875 0.673958 0.043750 0.022917
0 0.466146 0.915625 0.032292 0.039583
0 0.147396 0.256250 0.042708 0.037500
0 0.299479 0.814063 0.051042 0.044792
0 0.847396 0.869792 0.042708 0.054167
0 0.256250 0.836458 0.043750 0.025000
0 0.234375 0.671354 0.035417 0.040625
0 0.238021 0.810937 0.046875 0.055208
0 0.656250 0.570833 0.022917 0.043750
0 0.338021 0.414062 0.051042 0.044792
0 0.296354 0.161979 0.038542 0.055208
0 0.738021 0.170833 0.053125 0.045833
0 0.631771 0.290104 0.030208 0.040625
0 0.486458 0.656771 0.054167 0.042708
0 0.231771 0.898438 0.053125 0.034375
0 0.799479 0.835938 0.051042 0.053125
0 0.672396 0.486979 0.042708 0.055208
0 0.563542 0.445833 0.052083 0.037500
0 0.344792 0.343229 0.037500 0.040625
0 0.921354 0.778646 0.023958 0.042708
0 0.554688 0.407813 0.040625 0.038542
0 0.103125 0.464062 0.037500 0.048958
0 0.295833 0.386458 0.039583 0.020833
0 0.385417 0.528125 0.033333 0.047917
0 0.857812 0.926562 0.030208 0.051042
0 0.970833 0.825000 0.047917 0.039583
0 0.960417 0.556250 0.037500 0.047917
0 0.553646 0.557813 0.038542 0.046875
0 0.129167 0.224479 0.043750 0.021875
0 0.167187 0.301042 0.048958 0.035417
0 0.195833 0.517708 0.020833 0.035417
0 0.377604 0.703646 0.030208 0.040625
0 0.533333 0.932292 0.039583 0.041667
0 0.721354 0.748437 0.034375 0.046875
0 0.460938 0.681771 0.044792 0.042708
0 0.380729 0.548438 0.042708 0.055208
0 0.350521 0.503125 0.028125 0.043750
0 0.189062 0.916667 0.030208 0.043750
0 0.252083 0.417708 0.037500 0.022917
0 0.450000 0.129167 0.043750 0.052083
0 0.192708 0.286979 0.020833 0.036458
0 0.573438 0.566146 0.055208 0.048958
0 0.771875 0.715104 0.043750 0.040625
0 0.414583 0.898958 0.035417 0.037500
0 0.312500 0.830208 0.025000 0.037500
0 0.938021 0.853125 0.036458 0.037500
0 0.326562 0.641667 0.042708 0.029167
0 0.132292 0.324479 0.039583 0.055208
0 0.403646 0.772396 0.026042 0.040625
0 0.643750 0.819792 0.052083 0.045833
0 0.635417 0.259375 0.052083 0.047917
0 0.855729 0.880729 0.044792 0.042708
0 0.264583 0.592187 0.047917 0.030208
0 0.561458 0.127604 0.039583 0.032292
0 0.336458 0.298438 0.041667 0.048958
0 0.351042 0.203646 0.031250 0.040625
0 0.661458 0.636979 0.039583 0.030208
0 0.533854 0.411458 0.048958 0.039583
0 0.189583 0.639062 0.054167 0.044792
0 0.957812 0.720833 0.038542 0.025000
0 0.787500 0.442188 0.052083 0.051042
0 0.259375 0.655729 0.043750 0.040625
0 0.889062 0.548438 0.042708 0.051042
0 0.366146 0.365104 0.036458 0.040625
0 0.643229 0.377083 0.044792 0.025000
0 0.929688 0.673438 0.051042 0.036458
0 0.697917 0.781250 0.045833 0.043750
0 0.651563 0.282813 0.042708 0.055208
0 0.556771 0.935937 0.026042 0.051042
0 0.639583 0.779167 0.052083 0.035417
0 0.403646 0.826562 0.021875 0.042708
0 0.606771 0.960938 0.026042 0.046875
0 0.313021 0.075000 0.017708 0.035417
0 0.131250 0.580208 0.045833 0.029167
0 0.454167 0.139063 0.050000 0.044792
0 0.744271 0.205208 0.026042 0.045833
0 0.604688 0.880729 0.038542 0.040625
0 0.605729 0.139063 0.034375 0.046875
0 0.196354 0.253125 0.038542 0.052083
0 0.768229 0.285938 0.036458 0.055208
0 0.132292 0.108333 0.047917 0.037500
0 0.513542 0.523958 0.041667 0.039583
0 0.669271 0.711979 0.034375 0.046875
0 0.879687 0.623437 0.040625 0.051042
0 0.798438 0.675000 0.021875 0.037500
0 0.568229 0.923438 0.040625 0.034375
0 0.280729 0.088542 0.042708 0.031250
0 0.484896 0.545312 0.051042 0.036458
0 0.292187 0.252083 0.044792 0.035417
0 0.076042 0.804167 0.039583 0.041667
0 0.908854 0.147396 0.051042 0.055208
0 0.495312 0.509375 0.034375 0.039583
0 0.332292 0.823958 0.045833 0.022917
0 0.100521 0.308854 0.021875 0.042708
0 0.585417 0.229687 0.050000 0.026042
0 0.494792 0.931771 0.016667 0.034375
0 0.547396 0.319792 0.048958 0.039583
0 0.890104 0.342708 0.048958 0.035417
0 0.595313 0.645833 0.036458 0.037500
0 0.455208 0.258854 0.029167 0.040625
0 0.268229 0.496354 0.051042 0.028125
0 0.578646 0.560937 0.048958 0.055208
0 0.154688 0.809375 0.038542 0.047917
0 0.073958 0.364583 0.039583 0.022917
0 0.715625 0.482812 0.039583 0.036458
0 0.417187 0.118750 0.036458 0.043750
0 0.355208 0.496875 0.041667 0.025000
0 0.379688 0.103646 0.055208 0.044792
0 0.470833 0.707812 0.029167 0.040625
0 0.224479 0.714583 0.038542 0.033333
0 0.223958 0.358854 0.037500 0.044792
0 0.071875 0.380729 0.025000 0.038542
0 0.922396 0.831771 0.028125 0.044792
0 0.403646 0.419271 0.038542 0.038542
0 0.469271 0.238021 0.042708 0.055208
0 0.701042 0.652604 0.052083 0.032292
0 0.257812 0.188021 0.038542 0.040625
0 0.903646 0.346875 0.038542 0.035417
0 0.473438 0.377083 0.028125 0.039583
0 0.267188 0.336458 0.042708 0.031250
0 0.117708 0.928125 0.035417 0.035417
0 0.702604 0.116146 0.046875 0.038542
0 0.315625 0.337500 0.052083 0.043750
0 0.095833 0.281771 0.045833 0.026042
0 0.606250 0.406771 0.041667 0.055208
0 0.620313 0.876563 0.053125 0.051042
0 0.240625 0.473958 0.041667 0.052083
0 0.258333 0.204167 0.041667 0.039583
0 0.781771 0.192188 0.023958 0.046875
0 0.157812 0.089583 0.034375 0.047917
0 0.249479 0.171875 0.032292 0.047917
0 0.604688 0.929167 0.040625 0.020833
0 0.245312 0.451562 0.038542 0.046875
0 0.801562 0.250521 0.030208 0.040625
0 0.928125 0.500521 0.035417 0.017708
0 0.345313 0.379688 0.026042 0.046875
0 0.583333 0.478125 0.047917 0.035417
0 0.374479 0.886458 0.042708 0.037500
0 0.084896 0.777604 0.040625 0.028125
0 0.792708 0.103125 0.043750 0.045833
0 0.923958 0.704167 0.045833 0.052083
0 0.632812 0.200521 0.038542 0.051042
0 0.429167 0.848437 0.050000 0.044792
0 0.669271 0.433854 0.051042 0.053125
0 0.886458 0.415625 0.031250 0.045833
0 0.411979 0.173437 0.036458 0.040625
0 0.616146 0.098958 0.044792 0.033333
0 0.234896 0.193229 0.038542 0.021875
0 0.856771 0.954688 0.051042 0.044792
0 0.521354 0.715625 0.038542 0.035417
0 0.179688 0.281771 0.044792 0.030208
0 0.815104 0.301563 0.046875 0.048958
0 0.849479 0.257292 0.017708 0.035417
0 0.620313 0.142708 0.053125 0.045833
0 0.808333 0.254688 0.027083 0.042708
0 0.110417 0.462500 0.037500 0.035417
0 0.568229 0.793229 0.051042 0.040625
0 0.225521 0.886979 0.051042 0.040625
0 0.720313 0.564063 0.048958 0.030208
0 0.909896 0.937500 0.038542 0.031250
0 0.263542 0.215104 0.033333 0.048958
0 0.227083 0.313021 0.025000 0.042708
0 0.569271 0.488542 0.044792 0.035417
0 0.233333 0.565104 0.054167 0.051042
0 0.873958 0.829167 0.052083 0.035417
0 0.159375 0.853125 0.043750 0.033333
0 0.243229 0.570312 0.040625 0.038542
0 0.491667 0.405208 0.039583 0.022917
0 0.320312 0.517188 0.055208 0.046875
0 0.928125 0.839583 0.050000 0.031250
0 0.294271 0.685417 0.053125 0.047917
0 0.746875 0.319792 0.037500 0.031250
0 0.643750 0.166667 0.033333 0.043750
0 0.302604 0.891667 0.042708 0.027083
0 0.958854 0.344792 0.038542 0.033333
0 0.624479 0.845833 0.023958 0.037500
0 0.722396 0.832812 0.042708 0.051042
0 0.268229 0.194792 0.040625 0.022917
0 0.667188 0.442188 0.032292 0.040625
0 0.298958 0.781771 0.043750 0.055208
0 0.919792 0.822396 0.039583 0.034375
0 0.399479 0.557813 0.023958 0.038542
0 0.879167 0.164583 0.018750 0.035417
0 0.807292 0.642188 0.043750 0.032292
0 0.136979 0.728646 0.042708 0.055208
0 0.375521 0.663542 0.032292 0.052083
0 0.338021 0.361458 0.053125 0.039583
0 0.314063 0.342708 0.036458 0.052083
0 0.096875 0.700000 0.037500 0.047917
0 0.824479 0.231250 0.038542 0.035417
0 0.416667 0.826042 0.031250 0.043750
0 0.377083 0.521875 0.031250 0.037500
0 0.147917 0.222917 0.037500 0.035417
0 0.406771 0.193229 0.034375 0.053125
0 0.814583 0.077083 0.035417 0.043750
0 0.203646 0.321354 0.028125 0.044792
0 0.929167 0.840104 0.020833 0.036458
0 0.524479 0.556771 0.055208 0.044792
0 0.282292 0.517188 0.029167 0.044792
0 0.322917 0.966667 0.022917 0.037500
0 0.822917 0.208854 0.041667 0.044792
0 0.557813 0.946354 0.034375 0.040625
0 0.265625 0.265625 0.052083 0.045833
0 0.153125 0.476562 0.033333 0.044792
0 0.143750 0.326562 0.047917 0.030208
0 0.906771 0.089583 0.046875 0.033333
0 0.864583 0.854688 0.054167 0.040625
0 0.802083 0.251563 0.039583 0.048958
0 0.461458 0.466146 0.039583 0.034375
0 0.555208 0.749479 0.033333 0.040625
0 0.420833 0.739583 0.052083 0.035417
0 0.148438 0.136979 0.028125 0.044792
0 0.181250 0.827604 0.020833 0.040625
0 0.569271 0.675521 0.055208 0.038542
0 0.447917 0.298438 0.054167 0.044792
0 0.706771 0.096875 0.046875 0.027083
0 0.777083 0.865104 0.052083 0.030208
0 0.903125 0.563542 0.037500 0.047917
0 0.717187 0.588542 0.042708 0.025000
0 0.313542 0.743229 0.045833 0.048958
0 0.669271 0.639062 0.040625 0.055208
0 0.748437 0.592187 0.028125 0.044792
0 0.399479 0.540625 0.028125 0.041667
0 0.410938 0.900521 0.046875 0.036458
0 0.131771 0.827083 0.028125 0.050000
0 0.378125 0.415104 0.054167 0.038542
0 0.500521 0.736979 0.040625 0.028125
0 0.561458 0.835938 0.029167 0.040625
0 0.772396 0.603125 0.034375 0.047917
0 0.251042 0.226562 0.039583 0.032292
0 0.505729 0.625521 0.046875 0.026042
0 0.578125 0.308854 0.041667 0.055208
0 0.770833 0.641146 0.054167 0.042708
0 0.163542 0.433854 0.039583 0.028125
0 0.409896 0.751563 0.042708 0.051042
0 0.210417 0.419792 0.045833 0.043750
0 0.361979 0.147917 0.051042 0.033333
0 0.181250 0.721875 0.052083 0.035417
0 0.558333 0.369792 0.025000 0.041667
0 0.935937 0.093229 0.028125 0.040625
0 0.116667 0.284375 0.039583 0.047917
0 0.845313 0.308333 0.038542 0.027083
0 0.421875 0.079167 0.020833 0.035417
0 0.353646 0.962500 0.034375 0.043750
0 0.248958 0.788021 0.035417 0.044792
0 0.642188 0.223958 0.042708 0.027083
0 0.765625 0.176042 0.027083 0.037500
0 0.446875 0.374479 0.027083 0.038542
0 0.734896 0.189583 0.040625 0.041667
0 0.563021 0.270313 0.040625 0.036458
0 0.086979 0.457292 0.026042 0.050000
0 0.455729 0.344792 0.051042 0.047917
0 0.728125 0.415625 0.041667 0.039583
0 0.581250 0.637500 0.027083 0.041667
0 0.768750 0.288542 0.041667 0.037500
0 0.578646 0.780729 0.021875 0.044792
0 0.960938 0.212500 0.036458 0.020833
0 0.203646 0.950000 0.040625 0.041667
0 0.165625 0.189583 0.050000 0.047917
0 0.561979 0.436458 0.030208 0.039583
0 0.125521 0.835938 0.044792 0.042708
0 0.761979 0.736458 0.048958 0.041667
0 0.370312 0.390625 0.034375 0.016667
0 0.412500 0.674479 0.052083 0.053125
0 0.344792 0.873437 0.037500 0.038542
0 0.905208 0.482292 0.025000 0.037500
0 0.084896 0.632812 0.055208 0.042708
0 0.400521 0.308333 0.036458 0.043750
0 0.265625 0.754167 0.045833 0.029167
0 0.661458 0.735938 0.041667 0.032292
0 0.488542 0.522917 0.025000 0.037500
0 0.326562 0.902083 0.034375 0.043750
0 0.165625 0.728646 0.037500 0.038542
0 0.962500 0.163542 0.043750 0.022917
0 0.638542 0.349479 0.043750 0.055208
0 0.090625 0.558854 0.054167 0.046875
0 0.301042 0.956771 0.045833 0.026042
0 0.582292 0.721354 0.043750 0.026042
0 0.233854 0.541146 0.048958 0.046875
0 0.202083 0.523438 0.035417 0.044792
0 0.766146 0.688542 0.023958 0.037500
0 0.597396 0.633333 0.053125 0.037500
0 0.762500 0.675000 0.027083 0.041667
0 0.249479 0.650521 0.051042 0.053125
0 0.483333 0.698438 0.033333 0.048958
0 0.307292 0.456250 0.037500 0.041667
0 0.371875 0.760417 0.043750 0.027083
0 0.384896 0.316667 0.040625 0.047917
0 0.739583 0.520312 0.045833 0.055208
0 0.397917 0.186458 0.041667 0.039583
0 0.412500 0.320312 0.016667 0.034375
0 0.970833 0.243750 0.045833 0.045833
0 0.806250 0.556250 0.031250 0.050000
0 0.574479 0.583333 0.042708 0.031250
0 0.685937 0.687500 0.042708 0.041667
0 0.492708 0.365104 0.043750 0.026042
0 0.357812 0.291146 0.038542 0.040625
0 0.683854 0.363021 0.051042 0.044792
0 0.746354 0.486979 0.040625 0.055208
0 0.367708 0.083854 0.045833 0.040625
0 0.795312 0.611458 0.026042 0.050000
0 0.361979 0.900000 0.042708 0.054167
0 0.792708 0.380729 0.031250 0.048958
0 0.843229 0.218750 0.042708 0.031250
0 0.243229 0.553125 0.038542 0.043750
0 0.656771 0.627083 0.021875 0.037500
0 0.385417 0.900521 0.022917 0.042708
0 0.242188 0.724479 0.036458 0.040625
0 0.719792 0.692187 0.054167 0.038542
0 0.929167 0.693229 0.050000 0.044792
0 0.890625 0.440104 0.037500 0.048958
0 0.794271 0.098958 0.051042 0.031250
0 0.163542 0.711458 0.041667 0.039583
0 0.665625 0.821875 0.035417 0.043750
0 0.358333 0.383333 0.037500 0.041667
0 0.137500 0.222917 0.035417 0.043750
0 0.863542 0.235937 0.039583 0.023958
0 0.307812 0.660937 0.040625 0.030208
0 0.555729 0.570833 0.053125 0.041667
0 0.367188 0.913021 0.036458 0.046875
0 0.703646 0.432812 0.040625 0.055208
0 0.497917 0.376042 0.052083 0.039583
0 0.188021 0.620313 0.044792 0.040625
0 0.827604 0.253646 0.053125 0.034375
0 0.516667 0.669271 0.050000 0.044792
0 0.425000 0.616146 0.039583 0.023958
0 0.589063 0.559375 0.034375 0.043750
0 0.721354 0.865625 0.034375 0.037500
0 0.294792 0.730729 0.054167 0.046875
0 0.690104 0.767708 0.038542 0.025000
0 0.183333 0.941146 0.043750 0.030208
0 0.873437 0.759896 0.048958 0.055208
0 0.248958 0.810417 0.037500 0.035417
0 0.856250 0.827083 0.039583 0.025000
0 0.265104 0.121875 0.048958 0.037500
0 0.888021 0.700000 0.048958 0.039583
0 0.258854 0.564063 0.030208 0.053125
0 0.508333 0.841667 0.029167 0.050000
0 0.538021 0.593750 0.021875 0.037500
0 0.278646 0.491667 0.042708 0.033333
0 0.880729 0.789583 0.036458 0.018750
0 0.738021 0.664062 0.051042 0.026042
0 0.269271 0.481250 0.038542 0.022917
0 0.570312 0.727083 0.036458 0.037500
0 0.207292 0.917188 0.045833 0.040625
0 0.565104 0.501042 0.042708 0.041667
0 0.453125 0.423958 0.035417 0.047917
0 0.961458 0.489583 0.047917 0.025000
0 0.305208 0.589583 0.047917 0.035417
0 0.789583 0.515104 0.045833 0.048958
0 0.699479 0.239063 0.026042 0.051042
0 0.971354 0.117188 0.051042 0.036458
0 0.080729 0.900521 0.019792 0.038542
0 0.629687 0.233854 0.051042 0.036458
0 0.522396 0.740625 0.042708 0.029167
0 0.108333 0.408333 0.037500 0.029167
0 0.209896 0.923438 0.038542 0.055208
0 0.559896 0.657813 0.026042 0.044792
0 0.223438 0.892708 0.026042 0.039583
0 0.445312 0.239063 0.051042 0.038542
0 0.785937 0.235417 0.046875 0.043750
0 0.760938 0.576562 0.028125 0.040625
0 0.472917 0.920833 0.037500 0.029167
0 0.429688 0.892708 0.044792 0.037500
0 0.953125 0.788021 0.029167 0.040625
0 0.192708 0.385937 0.050000 0.040625
0 0.682292 0.256771 0.054167 0.046875
0 0.484375 0.193229 0.054167 0.038542
0 0.312500 0.466146 0.043750 0.040625
0 0.605729 0.150000 0.053125 0.043750
0 0.328125 0.546354 0.037500 0.044792
0 0.097917 0.614062 0.035417 0.044792
0 0.867708 0.308333 0.050000 0.033333
0 0.429688 0.175000 0.040625 0.020833
0 0.197917 0.830729 0.020833 0.038542
0 0.247396 0.095312 0.026042 0.040625
0 0.744271 0.319792 0.044792 0.047917
0 0.135937 0.790104 0.053125 0.032292
0 0.369792 0.146354 0.043750 0.040625
0 0.551042 0.923958 0.031250 0.050000
0 0.193750 0.838542 0.027083 0.037500
0 0.135937 0.273958 0.048958 0.039583
0 0.838542 0.803646 0.050000 0.038542
0 0.282292 0.164062 0.027083 0.042708
0 0.697396 0.416146 0.042708 0.051042
0 0.679167 0.898958 0.035417 0.037500
0 0.493750 0.267708 0.052083 0.039583
0 0.230729 0.858333 0.023958 0.037500
0 0.504687 0.152083 0.053125 0.047917
0 0.391146 0.945312 0.044792 0.044792
0 0.451562 0.585417 0.034375 0.052083
0 0.675000 0.267708 0.031250 0.037500
0 0.964063 0.186979 0.051042 0.053125
0 0.290104 0.511979 0.048958 0.032292
0 0.784896 0.716146 0.036458 0.051042
0 0.666146 0.559896 0.055208 0.038542
0 0.931250 0.537500 0.041667 0.029167
0 0.316146 0.138021 0.051042 0.036458
0 0.282292 0.570833 0.045833 0.031250
0 0.429688 0.805729 0.053125 0.032292
0 0.856771 0.172396 0.055208 0.040625
0 0.725000 0.207813 0.050000 0.040625
0 0.535417 0.681771 0.045833 0.036458
0 0.774479 0.816146 0.040625 0.028125
0 0.302604 0.557813 0.048958 0.044792
0 0.400000 0.535417 0.052083 0.037500
0 0.257812 0.732812 0.040625 0.051042
0 0.168229 0.345833 0.053125 0.045833
0 0.792708 0.758854 0.052083 0.051042
0 0.225521 0.265104 0.046875 0.038542
0 0.158854 0.326562 0.038542 0.038542
0 0.960938 0.753646 0.042708 0.051042
0 0.303125 0.785937 0.050000 0.040625
0 0.877083 0.198958 0.029167 0.050000
0 0.516667 0.498437 0.045833 0.038542
0 0.205208 0.523958 0.033333 0.047917
0 0.740625 0.730729 0.037500 0.019792
0 0.950000 0.475521 0.037500 0.053125
0 0.708854 0.432292 0.038542 0.033333
0 0.268229 0.689063 0.038542 0.023958
0 0.084896 0.308333 0.048958 0.041667
0 0.533854 0.087500 0.042708 0.041667
0 0.530729 0.322396 0.055208 0.040625
0 0.368229 0.143229 0.046875 0.023958
0 0.422396 0.399479 0.055208 0.046875
0 0.915625 0.450521 0.050000 0.053125
0 0.925521 0.091146 0.042708 0.044792
0 0.900521 0.080729 0.053125 0.051042
0 0.625521 0.870833 0.032292 0.039583
0 0.645833 0.212500 0.031250 0.041667
0 0.143750 0.341667 0.033333 0.047917
0 0.156771 0.368229 0.040625 0.032292
0 0.176563 0.951042 0.026042 0.045833
0 0.963021 0.563021 0.046875 0.038542
0 0.807292 0.658333 0.047917 0.035417
0 0.456771 0.585938 0.042708 0.023958
0 0.503125 0.166667 0.039583 0.022917
0 0.261979 0.181771 0.030208 0.044792
0 0.818750 0.966667 0.045833 0.043750
0 0.641146 0.304688 0.051042 0.042708
0 0.307292 0.427604 0.047917 0.053125
0 0.197396 0.612500 0.053125 0.037500
0 0.436979 0.467187 0.032292 0.046875
0 0.502604 0.182292 0.038542 0.035417
0 0.261979 0.454688 0.040625 0.028125
0 0.364583 0.711979 0.050000 0.034375
0 0.960938 0.866146 0.040625 0.028125
0 0.393229 0.228646 0.030208 0.053125
0 0.554167 0.408854 0.050000 0.038542
0 0.947917 0.766667 0.035417 0.035417
0 0.178646 0.214062 0.034375 0.048958
0 0.426042 0.294271 0.027083 0.046875
0 0.482812 0.510938 0.038542 0.019792
0 0.516667 0.369271 0.047917 0.046875
0 0.742708 0.599479 0.052083 0.034375
0 0.329688 0.208854 0.048958 0.046875
0 0.929167 0.666667 0.031250 0.045833
0 0.722917 0.284375 0.045833 0.043750
0 0.454688 0.857812 0.032292 0.040625
0 0.251563 0.496875 0.023958 0.037500
0 0.584896 0.619271 0.040625 0.036458
0 0.721354 0.266667 0.038542 0.031250
0 0.642188 0.236979 0.040625 0.038542
0 0.779167 0.767188 0.041667 0.042708
0 0.889062 0.161979 0.040625 0.036458
0 0.370312 0.408333 0.044792 0.025000
0 0.384896 0.148438 0.019792 0.038542
0 0.279687 0.926562 0.030208 0.053125
0 0.564583 0.897396 0.041667 0.021875
0 0.758854 0.827083 0.034375 0.039583
0 0.230208 0.391667 0.027083 0.041667
0 0.178646 0.525000 0.026042 0.041667
0 0.938021 0.815104 0.023958 0.046875
0 0.692187 0.157292 0.030208 0.047917
0 0.234896 0.491667 0.032292 0.043750
0 0.746875 0.489583 0.037500 0.047917
0 0.301042 0.667188 0.054167 0.038542
0 0.519271 0.101042 0.044792 0.047917
0 0.370833 0.117188 0.043750 0.026042
0 0.393229 0.951562 0.046875 0.038542
0 0.190104 0.866667 0.026042 0.050000
0 0.579688 0.748958 0.038542 0.035417
0 0.759375 0.754687 0.054167 0.048958
0 0.951562 0.126042 0.038542 0.025000
0 0.620833 0.481771 0.039583 0.036458
0 0.347396 0.907292 0.021875 0.039583
0 0.309375 0.087500 0.050000 0.031250
0 0.797396 0.487500 0.034375 0.047917
0 0.131771 0.934375 0.042708 0.037500
0 0.789062 0.576562 0.042708 0.023958
0 0.866146 0.813542 0.036458 0.043750
0 0.416146 0.260937 0.042708 0.023958
0 0.290104 0.215625 0.026042 0.041667
0 0.744271 0.456250 0.042708 0.047917
0 0.551562 0.217188 0.048958 0.046875
0 0.639583 0.210417 0.035417 0.037500
0 0.093750 0.878125 0.037500 0.047917
0 0.630208 0.731250 0.035417 0.052083
0 0.369792 0.486458 0.039583 0.052083
0 0.333333 0.576042 0.047917 0.025000
0 0.923958 0.955729 0.037500 0.038542
0 0.957292 0.154167 0.035417 0.018750
0 0.198958 0.614583 0.043750 0.027083
0 0.722917 0.528646 0.047917 0.030208
0 0.223958 0.485417 0.035417 0.022917
0 0.406771 0.282813 0.042708 0.044792
0 0.220833 0.898958 0.031250 0.045833
0 0.128646 0.138021 0.040625 0.051042
0 0.818750 0.111979 0.022917 0.038542
0 0.143750 0.258854 0.052083 0.032292
0 0.577083 0.505729 0.045833 0.032292
0 0.492708 0.747396 0.031250 0.040625
0 0.912500 0.325000 0.029167 0.045833
0 0.505729 0.534375 0.038542 0.018750
0 0.232813 0.219271 0.048958 0.046875
0 0.560417 0.679167 0.043750 0.045833
0 0.646875 0.828646 0.050000 0.026042
0 0.720833 0.695312 0.018750 0.038542
0 0.861458 0.936979 0.043750 0.055208
0 0.344792 0.123958 0.041667 0.047917
0 0.705729 0.678125 0.026042 0.041667
0 0.959896 0.764583 0.036458 0.037500
0 0.504167 0.372917 0.041667 0.025000
0 0.940104 0.128646 0.042708 0.023958
0 0.337500 0.927604 0.020833 0.038542
0 0.187500 0.843750 0.050000 0.050000
0 0.171875 0.687500 0.037500 0.033333
0 0.697396 0.645312 0.044792 0.042708
0 0.248958 0.607812 0.043750 0.048958
0 0.348958 0.477604 0.043750 0.030208
0 0.907292 0.236458 0.047917 0.033333
0 0.918750 0.759896 0.033333 0.048958
0 0.506771 0.930729 0.040625 0.032292
0 0.875000 0.852604 0.037500 0.040625
0 0.686458 0.370312 0.037500 0.021875
0 0.311979 0.376042 0.053125 0.045833
0 0.939063 0.783333 0.044792 0.035417
0 0.865104 0.325521 0.030208 0.053125
0 0.818750 0.847917 0.037500 0.029167
0 0.516146 0.435417 0.038542 0.031250
0 0.678646 0.295833 0.044792 0.047917
0 0.543750 0.595313 0.054167 0.048958
0 0.735417 0.501563 0.025000 0.042708
0 0.358333 0.241146 0.045833 0.032292
0 0.535417 0.542188 0.031250 0.040625
0 0.291667 0.073438 0.045833 0.034375
0 0.573438 0.892708 0.048958 0.041667
0 0.148438 0.112500 0.053125 0.045833
0 0.838021 0.777604 0.030208 0.044792
0 0.720313 0.431250 0.030208 0.050000
0 0.709896 0.598437 0.038542 0.055208
0 0.133333 0.622396 0.050000 0.036458
0 0.804167 0.345833 0.020833 0.039583
0 0.577604 0.081771 0.040625 0.032292
0 0.271354 0.115104 0.030208 0.044792
0 0.830729 0.469792 0.042708 0.039583
0 0.503646 0.596354 0.034375 0.046875
0 0.349479 0.615104 0.046875 0.055208
0 0.734375 0.229167 0.041667 0.039583
0 0.590625 0.814063 0.027083 0.040625
0 0.131771 0.260937 0.032292 0.053125
0 0.359375 0.216667 0.041667 0.031250
0 0.529687 0.536458 0.032292 0.043750
0 0.308333 0.779687 0.037500 0.021875
0 0.335417 0.851042 0.045833 0.027083
0 0.404167 0.633333 0.037500 0.035417
0 0.955729 0.781250 0.042708 0.029167
0 0.726562 0.325000 0.038542 0.029167
0 0.140625 0.797396 0.025000 0.046875
0 0.146875 0.116667 0.025000 0.043750
0 0.540104 0.631771 0.046875 0.048958
0 0.877604 0.539062 0.051042 0.040625
0 0.576562 0.665104 0.051042 0.053125
0 0.096354 0.692708 0.028125 0.039583
0 0.488542 0.820833 0.031250 0.037500
0 0.539062 0.771875 0.030208 0.043750
0 0.514583 0.183854 0.039583 0.038542
0 0.860417 0.408333 0.020833 0.039583
0 0.848958 0.297917 0.037500 0.027083
0 0.825000 0.447396 0.039583 0.036458
0 0.507812 0.352604 0.055208 0.038542
0 0.834375 0.479687 0.050000 0.042708
0 0.887500 0.180208 0.043750 0.045833
0 0.757292 0.180729 0.054167 0.044792
0 0.653125 0.561458 0.047917 0.039583
0 0.342708 0.459375 0.052083 0.047917
0 0.567708 0.850521 0.025000 0.046875
0 0.793229 0.619271 0.040625 0.044792
0 0.884375 0.572396 0.031250 0.040625
0 0.757812 0.537500 0.042708 0.037500
0 0.319271 0.153125 0.038542 0.035417
0 0.797396 0.319271 0.030208 0.044792
0 0.881771 0.891667 0.036458 0.037500
0 0.596875 0.951042 0.037500 0.018750
0 0.236458 0.302083 0.047917 0.035417
0 0.198958 0.220833 0.037500 0.025000
0 0.839063 0.207813 0.042708 0.023958
0 0.113021 0.353125 0.044792 0.045833
0 0.795833 0.157292 0.043750 0.033333
0 0.816667 0.413542 0.037500 0.035417
0 0.872917 0.536458 0.031250 0.037500
0 0.359375 0.100000 0.045833 0.027083
0 0.418750 0.783854 0.045833 0.036458
0 0.958333 0.498437 0.033333 0.053125
0 0.764062 0.806771 0.046875 0.036458
0 0.520833 0.417708 0.037500 0.047917
0 0.223438 0.237500 0.046875 0.043750
0 0.218750 0.296354 0.043750 0.030208
0 0.313021 0.135937 0.051042 0.040625
0 0.832812 0.090104 0.040625 0.028125
0 0.646875 0.262500 0.037500 0.035417
0 0.595313 0.302604 0.044792 0.026042
0 0.566146 0.738542 0.038542 0.035417
0 0.215104 0.888542 0.044792 0.027083
0 0.766667 0.883333 0.035417 0.043750
0 0.727083 0.846875 0.037500 0.018750
0 0.186979 0.518750 0.044792 0.033333
0 0.376042 0.926042 0.052083 0.043750
0 0.144792 0.414062 0.043750 0.055208
0 0.143229 0.127083 0.028125 0.050000
0 0.104167 0.733854 0.027083 0.048958
0 0.349479 0.777604 0.053125 0.032292
0 0.313021 0.899479 0.026042 0.046875
0 0.461979 0.357292 0.044792 0.047917
0 0.772917 0.940104 0.054167 0.036458
0 0.778125 0.552083 0.020833 0.035417
0 0.851042 0.654687 0.043750 0.026042
0 0.718750 0.570833 0.050000 0.031250
0 0.180208 0.302604 0.045833 0.055208
0 0.879167 0.589583 0.029167 0.045833
0 0.770312 0.180208 0.021875 0.043750
0 0.595833 0.771875 0.047917 0.052083
0 0.691146 0.196875 0.042708 0.039583
0 0.704167 0.440625 0.025000 0.043750
0 0.621875 0.693229 0.031250 0.048958
0 0.223958 0.449479 0.052083 0.053125
0 0.877083 0.958333 0.041667 0.047917
0 0.433854 0.702083 0.042708 0.025000
0 0.212500 0.571875 0.035417 0.037500
0 0.890625 0.663542 0.033333 0.037500
0 0.657292 0.127604 0.045833 0.034375
0 0.276562 0.317188 0.055208 0.040625
0 0.789062 0.375521 0.051042 0.026042
0 0.150521 0.861458 0.048958 0.035417
0 0.241146 0.743229 0.038542 0.046875
0 0.471875 0.621354 0.041667 0.055208
0 0.745313 0.808854 0.051042 0.038542
0 0.256771 0.942708 0.028125 0.039583
0 0.610938 0.125521 0.036458 0.046875
0 0.414062 0.694792 0.042708 0.037500
0 0.380208 0.915625 0.039583 0.052083
0 0.793750 0.708854 0.041667 0.042708
0 0.475521 0.409896 0.053125 0.034375
0 0.297917 0.800521 0.054167 0.042708
0 0.300000 0.301563 0.052083 0.051042
0 0.704167 0.310937 0.025000 0.038542
0 0.406771 0.373437 0.040625 0.034375
0 0.823958 0.727604 0.045833 0.038542
0 0.172396 0.082292 0.051042 0.031250
0 0.826042 0.704688 0.043750 0.026042
0 0.598437 0.586458 0.036458 0.047917
0 0.473438 0.911458 0.040625 0.041667
0 0.478125 0.551042 0.041667 0.039583
0 0.506250 0.834375 0.052083 0.039583
0 0.746354 0.239583 0.036458 0.037500
0 0.390625 0.080729 0.050000 0.053125
0 0.340104 0.098958 0.038542 0.029167
0 0.892708 0.271354 0.018750 0.036458
0 0.505729 0.460417 0.040625 0.047917
0 0.558854 0.207813 0.042708 0.051042