0 0.543229 0.940104 0.044792 0.040625
0 0.889062 0.265625 0.032292 0.043750
0 0.823438 0.633854 0.051042 0.044792
0 0.813542 0.479687 0.035417 0.053125
0 0.792708 0.882292 0.039583 0.041667
0 0.781250 0.656771 0.041667 0.048958
0 0.378125 0.822917 0.047917 0.039583
0 0.528125 0.180208 0.052083 0.041667
0 0.193750 0.344792 0.043750 0.035417
0 0.525000 0.394271 0.039583 0.053125
0 0.567708 0.371354 0.041667 0.048958
0 0.816667 0.512500 0.031250 0.050000
0 0.766146 0.690625 0.042708 0.033333
0 0.413542 0.292187 0.027083 0.042708
0 0.147917 0.491667 0.022917 0.039583
0 0.567708 0.329688 0.025000 0.038542
0 0.942187 0.211979 0.046875 0.036458
0 0.791667 0.534375 0.031250 0.037500
0 0.548438 0.294792 0.036458 0.037500
0 0.942187 0.154167 0.026042 0.047917
0 0.255208 0.892708 0.045833 0.052083
0 0.886458 0.296354 0.050000 0.028125
0 0.789583 0.598437 0.027083 0.038542
0 0.816146 0.345313 0.036458 0.040625
0 0.154167 0.604167 0.043750 0.033333
0 0.545312 0.927604 0.040625 0.038542
0 0.782813 0.839583 0.044792 0.037500
0 0.400000 0.088542 0.043750 0.045833
0 0.622396 0.239583 0.026042 0.047917
0 0.959896 0.219271 0.051042 0.028125
0 0.533854 0.256771 0.040625 0.055208
0 0.939583 0.136458 0.050000 0.033333
0 0.378125 0.471875 0.037500 0.041667
0 0.789062 0.227604 0.044792 0.026042
0 0.746354 0.927083 0.046875 0.043750
0 0.348958 0.583854 0.025000 0.038542
0 0.534375 0.858854 0.029167 0.040625
0 0.674479 0.685417 0.038542 0.031250
0 0.480208 0.228125 0.041667 0.047917
0 0.840104 0.818750 0.044792 0.033333
0 0.905729 0.248438 0.030208 0.040625
0 0.314063 0.518750 0.021875 0.037500
0 0.825521 0.211979 0.036458 0.040625
0 0.396875 0.105729 0.043750 0.048958
0 0.222917 0.689583 0.045833 0.029167
0 0.490104 0.141667 0.044792 0.045833
0 0.667708 0.383854 0.037500 0.040625
0 0.607812 0.519271 0.053125 0.051042
0 0.190104 0.613542 0.023958 0.037500
0 0.661458 0.816667 0.045833 0.031250
0 0.317188 0.945833 0.053125 0.039583
0 0.821354 0.433854 0.051042 0.055208
0 0.488021 0.284375 0.023958 0.045833
0 0.249479 0.294792 0.026042 0.039583
0 0.333333 0.747917 0.039583 0.041667
0 0.504687 0.623437 0.048958 0.055208
0 0.758333 0.769271 0.035417 0.044792
0 0.168229 0.742188 0.048958 0.055208
0 0.250000 0.763542 0.037500 0.027083
0 0.901042 0.230208 0.037500 0.035417
0 0.508854 0.457813 0.055208 0.038542
0 0.934896 0.485938 0.051042 0.053125
0 0.721875 0.875000 0.050000 0.047917
0 0.789062 0.609375 0.036458 0.047917
0 0.393750 0.083854 0.041667 0.048958
0 0.668229 0.698958 0.053125 0.047917
0 0.728646 0.463021 0.044792 0.051042
0 0.210938 0.712500 0.038542 0.043750
0 0.588542 0.860417 0.041667 0.047917
0 0.517708 0.757812 0.050000 0.034375
0 0.652604 0.147396 0.048958 0.055208
0 0.930208 0.847917 0.029167 0.041667
0 0.840104 0.527604 0.051042 0.042708
0 0.179167 0.478125 0.052083 0.043750
0 0.382292 0.082292 0.043750 0.045833
0 0.535937 0.375521 0.044792 0.055208
0 0.971354 0.687500 0.048958 0.037500
0 0.372396 0.077083 0.048958 0.033333
0 0.341667 0.828646 0.047917 0.046875
0 0.466667 0.759896 0.039583 0.028125
0 0.774479 0.357812 0.053125 0.032292
0 0.803646 0.935417 0.030208 0.039583
0 0.775521 0.644271 0.038542 0.038542
0 0.397917 0.630729 0.027083 0.042708
0 0.561458 0.210938 0.043750 0.048958
0 0.402604 0.144271 0.032292 0.040625
0 0.785417 0.195312 0.050000 0.038542
0 0.258854 0.463542 0.042708 0.037500
0 0.551042 0.375521 0.050000 0.038542
0 0.915104 0.229687 0.055208 0.038542
0 0.799479 0.632812 0.038542 0.055208
0 0.810417 0.601562 0.037500 0.048958
0 0.371875 0.806250 0.041667 0.041667
0 0.514583 0.785417 0.027083 0.047917
0 0.839063 0.595833 0.051042 0.035417
0 0.855729 0.328125 0.021875 0.039583
0 0.715104 0.631250 0.038542 0.031250
0 0.252083 0.543229 0.050000 0.028125
0 0.522396 0.140625 0.044792 0.033333
0 0.701042 0.177083 0.033333 0.043750
0 0.138542 0.189583 0.035417 0.035417
0 0.077083 0.388021 0.033333 0.040625
0 0.835417 0.217188 0.018750 0.036458
0 0.241667 0.140104 0.039583 0.048958
0 0.679167 0.088021 0.041667 0.055208
0 0.960417 0.394271 0.047917 0.046875
0 0.939583 0.100000 0.050000 0.050000
0 0.473438 0.860938 0.042708 0.023958
0 0.625521 0.466146 0.051042 0.028125
0 0.677083 0.961979 0.054167 0.046875
0 0.801042 0.336979 0.027083 0.048958
0 0.769271 0.651563 0.048958 0.034375
0 0.515104 0.868229 0.053125 0.051042
0 0.727604 0.639062 0.044792 0.042708
0 0.733333 0.891667 0.031250 0.037500
0 0.671875 0.208854 0.054167 0.042708
0 0.539062 0.356250 0.048958 0.052083
0 0.257292 0.470833 0.035417 0.022917
0 0.363542 0.586458 0.041667 0.031250
0 0.547396 0.215625 0.053125 0.047917
0 0.621875 0.455729 0.029167 0.051042
0 0.742188 0.559896 0.040625 0.032292
0 0.460417 0.341146 0.054167 0.036458
0 0.647917 0.145833 0.039583 0.052083
0 0.961458 0.937500 0.050000 0.031250
0 0.451562 0.600000 0.040625 0.041667
0 0.875000 0.243229 0.031250 0.040625
0 0.300000 0.569792 0.043750 0.035417
0 0.632812 0.272917 0.026042 0.039583
0 0.586979 0.722396 0.044792 0.030208
0 0.725521 0.836458 0.042708 0.031250
0 0.948958 0.647396 0.029167 0.051042
0 0.789062 0.354687 0.030208 0.040625
0 0.590104 0.336458 0.042708 0.041667
0 0.420312 0.933333 0.042708 0.047917
0 0.824479 0.809896 0.044792 0.042708
0 0.403646 0.891667 0.053125 0.039583
0 0.107813 0.165625 0.042708 0.031250
0 0.798958 0.243750 0.035417 0.037500
0 0.561458 0.741667 0.052083 0.041667
0 0.651563 0.102604 0.030208 0.044792
0 0.541146 0.488021 0.044792 0.051042
0 0.879687 0.886979 0.055208 0.042708
0 0.661979 0.929167 0.044792 0.054167
0 0.241146 0.572396 0.040625 0.038542
0 0.695312 0.286458 0.046875 0.031250
0 0.413542 0.864062 0.050000 0.026042
0 0.276562 0.799479 0.026042 0.046875
0 0.611458 0.609896 0.033333 0.044792
0 0.812500 0.138021 0.045833 0.026042
0 0.413542 0.353125 0.031250 0.050000
0 0.261979 0.333854 0.051042 0.026042
0 0.392708 0.916667 0.035417 0.052083
0 0.821354 0.720833 0.038542 0.043750
0 0.628646 0.730729 0.046875 0.038542
0 0.931250 0.546875 0.037500 0.035417
0 0.327083 0.636979 0.043750 0.030208
0 0.630208 0.141667 0.027083 0.037500
0 0.269271 0.872396 0.051042 0.044792
0 0.144271 0.865104 0.046875 0.055208
0 0.266667 0.959896 0.043750 0.040625
0 0.080208 0.846354 0.037500 0.044792
0 0.069792 0.290104 0.018750 0.036458
0 0.409375 0.484375 0.041667 0.029167
0 0.930729 0.881771 0.051042 0.055208
0 0.514583 0.279167 0.045833 0.029167
0 0.107292 0.582292 0.022917 0.043750
0 0.377083 0.948438 0.039583 0.036458
0 0.862500 0.428646 0.050000 0.034375
0 0.494271 0.654687 0.051042 0.036458
0 0.700000 0.569271 0.054167 0.048958
0 0.085417 0.835938 0.020833 0.036458
0 0.155208 0.525000 0.047917 0.035417
0 0.948438 0.236979 0.051042 0.034375
0 0.643750 0.857292 0.050000 0.031250
0 0.948958 0.710417 0.050000 0.050000
0 0.662500 0.603646 0.039583 0.026042
0 0.920833 0.431250 0.052083 0.035417
0 0.606250 0.672917 0.020833 0.039583
0 0.494271 0.940104 0.030208 0.048958
0 0.685417 0.144792 0.043750 0.052083
0 0.956250 0.673958 0.029167 0.041667
0 0.521875 0.275521 0.050000 0.053125
0 0.211979 0.956771 0.042708 0.023958
0 0.371354 0.501042 0.036458 0.037500
0 0.528125 0.855729 0.037500 0.038542
0 0.821354 0.340104 0.044792 0.051042
0 0.578646 0.391146 0.044792 0.051042
0 0.273438 0.404687 0.055208 0.044792
0 0.408333 0.740625 0.052083 0.043750
0 0.721875 0.474479 0.025000 0.044792
0 0.245833 0.513021 0.041667 0.032292
0 0.634375 0.148958 0.039583 0.041667
0 0.753125 0.131771 0.041667 0.048958
0 0.556771 0.461458 0.046875 0.045833
0 0.846875 0.246875 0.035417 0.020833
0 0.218229 0.935417 0.046875 0.031250
0 0.168229 0.157292 0.048958 0.041667
0 0.555208 0.270833 0.043750 0.052083
0 0.121875 0.746875 0.033333 0.047917
0 0.307812 0.519792 0.042708 0.047917
0 0.391667 0.470313 0.041667 0.044792
0 0.880729 0.915625 0.019792 0.035417
0 0.675521 0.086979 0.046875 0.055208
0 0.440104 0.100000 0.028125 0.043750
0 0.466146 0.951562 0.036458 0.046875
0 0.103125 0.224479 0.045833 0.036458
0 0.415104 0.697396 0.044792 0.051042
0 0.565104 0.593750 0.034375 0.037500
0 0.819792 0.877083 0.043750 0.045833
0 0.077604 0.954167 0.038542 0.047917
0 0.872917 0.892188 0.033333 0.040625
0 0.558854 0.811458 0.028125 0.039583
0 0.080729 0.679688 0.055208 0.036458
0 0.249479 0.691667 0.042708 0.039583
0 0.228646 0.947917 0.034375 0.039583
0 0.611458 0.250521 0.043750 0.028125
0 0.398438 0.227083 0.038542 0.033333
0 0.428125 0.961458 0.027083 0.037500
0 0.932292 0.286458 0.041667 0.027083
0 0.488021 0.226562 0.055208 0.040625
0 0.468229 0.695312 0.044792 0.042708
0 0.698958 0.608333 0.025000 0.047917
0 0.172917 0.159896 0.029167 0.040625
0 0.629167 0.217708 0.045833 0.052083
0 0.712500 0.498958 0.039583 0.052083
0 0.290625 0.653125 0.047917 0.039583
0 0.357812 0.872917 0.026042 0.041667
0 0.263542 0.850521 0.050000 0.042708
0 0.244271 0.783854 0.042708 0.051042
0 0.758854 0.944271 0.040625 0.038542
0 0.828125 0.352083 0.031250 0.050000
0 0.436979 0.715625 0.038542 0.035417
0 0.115104 0.905208 0.042708 0.047917
0 0.678125 0.562500 0.025000 0.039583
0 0.252604 0.647917 0.048958 0.025000
0 0.342187 0.142187 0.040625 0.026042
0 0.510938 0.552083 0.040625 0.047917
0 0.189583 0.338542 0.035417 0.052083
0 0.207292 0.304688 0.039583 0.036458
0 0.310937 0.552604 0.044792 0.044792
0 0.337500 0.917188 0.039583 0.036458
0 0.448958 0.384375 0.037500 0.052083
0 0.694792 0.426042 0.031250 0.037500
0 0.682813 0.843229 0.030208 0.040625
0 0.811979 0.341667 0.044792 0.047917
0 0.091667 0.442188 0.035417 0.048958
0 0.342708 0.655729 0.050000 0.040625
0 0.789062 0.718229 0.030208 0.044792
0 0.154167 0.820312 0.035417 0.048958
0 0.850521 0.152083 0.036458 0.043750
0 0.851562 0.128646 0.048958 0.023958
0 0.465625 0.694792 0.041667 0.031250
0 0.194271 0.661979 0.040625 0.051042
0 0.848958 0.662500 0.039583 0.052083
0 0.436458 0.396354 0.054167 0.044792
0 0.509375 0.682292 0.047917 0.041667
0 0.779167 0.088021 0.043750 0.042708
0 0.285938 0.224479 0.030208 0.044792
0 0.815625 0.688021 0.031250 0.048958
0 0.599479 0.679688 0.051042 0.040625
0 0.905208 0.591667 0.043750 0.033333
0 0.732292 0.158333 0.047917 0.041667
0 0.543750 0.193229 0.027083 0.042708
0 0.588542 0.563021 0.025000 0.038542
0 0.412500 0.313542 0.029167 0.050000
0 0.529167 0.727083 0.043750 0.045833
0 0.422917 0.464062 0.031250 0.053125
0 0.916667 0.725521 0.045833 0.038542
0 0.785937 0.110937 0.036458 0.040625
0 0.310417 0.442188 0.050000 0.034375
0 0.842708 0.290104 0.050000 0.040625
0 0.574479 0.343229 0.053125 0.051042
0 0.580208 0.434896 0.033333 0.048958
0 0.269271 0.289062 0.028125 0.040625
0 0.086458 0.540625 0.039583 0.047917
0 0.622396 0.930729 0.026042 0.044792
0 0.930208 0.195833 0.037500 0.027083
0 0.719271 0.365104 0.048958 0.055208
0 0.240104 0.550000 0.028125 0.050000
0 0.159896 0.739062 0.040625 0.055208
0 0.102604 0.362500 0.028125 0.045833
0 0.644792 0.555729 0.022917 0.040625
0 0.865104 0.909896 0.051042 0.040625
0 0.664062 0.139063 0.044792 0.026042
0 0.740104 0.497396 0.055208 0.048958
0 0.799479 0.768750 0.053125 0.043750
0 0.721354 0.856250 0.034375 0.037500
0 0.239583 0.093229 0.054167 0.044792
0 0.075000 0.861458 0.031250 0.043750
0 0.229167 0.811458 0.031250 0.037500
0 0.173437 0.654687 0.042708 0.044792
0 0.884896 0.903646 0.048958 0.048958
0 0.962500 0.744271 0.039583 0.044792
0 0.338021 0.846875 0.053125 0.039583
0 0.901563 0.767188 0.038542 0.023958
0 0.131250 0.730208 0.035417 0.020833
0 0.884896 0.531771 0.028125 0.051042
0 0.744271 0.323437 0.044792 0.042708
0 0.269271 0.235937 0.046875 0.036458
0 0.277083 0.640104 0.047917 0.046875
0 0.670833 0.317188 0.039583 0.036458
0 0.509896 0.663542 0.044792 0.045833
0 0.798438 0.100000 0.036458 0.020833
0 0.179167 0.219271 0.043750 0.040625
0 0.545833 0.712500 0.041667 0.039583
0 0.727083 0.947396 0.050000 0.042708
0 0.657292 0.410938 0.054167 0.048958
0 0.297396 0.757812 0.028125 0.051042
0 0.838021 0.795833 0.040625 0.020833
0 0.475521 0.204167 0.036458 0.037500
0 0.687500 0.704167 0.050000 0.031250
0 0.833333 0.578125 0.041667 0.039583
0 0.724479 0.230208 0.051042 0.050000
0 0.968229 0.809896 0.051042 0.036458
0 0.549479 0.463542 0.044792 0.033333
0 0.241146 0.327083 0.042708 0.025000
0 0.893750 0.349479 0.022917 0.040625
0 0.080208 0.076042 0.035417 0.020833
0 0.262500 0.225521 0.043750 0.040625
0 0.698438 0.203125 0.053125 0.041667
0 0.830729 0.282813 0.032292 0.044792
0 0.791146 0.859375 0.023958 0.043750
0 0.371875 0.113021 0.045833 0.026042
0 0.166667 0.747396 0.041667 0.048958
0 0.500000 0.555729 0.045833 0.034375
0 0.785417 0.526042 0.037500 0.025000
0 0.213542 0.376563 0.039583 0.036458
0 0.769792 0.481250 0.043750 0.037500
0 0.705208 0.230208 0.041667 0.047917
0 0.327083 0.911979 0.020833 0.042708
0 0.936458 0.779687 0.054167 0.042708
0 0.825000 0.111979 0.050000 0.038542
0 0.891667 0.576562 0.041667 0.042708
0 0.832812 0.489063 0.042708 0.051042
0 0.851562 0.530208 0.053125 0.037500
0 0.496354 0.444792 0.038542 0.027083
0 0.802604 0.154688 0.038542 0.051042
0 0.068229 0.627083 0.030208 0.047917
0 0.836458 0.080729 0.043750 0.030208
0 0.327083 0.863021 0.054167 0.044792
0 0.648958 0.916667 0.041667 0.039583
0 0.467708 0.562500 0.045833 0.043750
0 0.683333 0.401042 0.043750 0.022917
0 0.583854 0.620833 0.028125 0.050000
0 0.707812 0.405729 0.046875 0.036458
0 0.398438 0.728125 0.038542 0.031250
0 0.716146 0.401562 0.038542 0.038542
0 0.554688 0.795312 0.042708 0.044792
0 0.391146 0.376563 0.055208 0.046875
0 0.793750 0.502604 0.029167 0.046875
0 0.958854 0.186458 0.048958 0.039583
0 0.387500 0.163542 0.035417 0.043750
0 0.545833 0.777604 0.047917 0.046875
0 0.503125 0.856771 0.054167 0.040625
0 0.304167 0.569271 0.041667 0.042708
0 0.127604 0.511458 0.026042 0.045833
0 0.190104 0.778125 0.044792 0.054167
0 0.629687 0.076563 0.032292 0.048958
0 0.336979 0.082812 0.042708 0.051042
0 0.773438 0.390625 0.042708 0.027083
0 0.828125 0.475000 0.047917 0.025000
0 0.220312 0.857812 0.040625 0.034375
0 0.668750 0.590625 0.037500 0.047917
0 0.858854 0.945833 0.036458 0.037500
0 0.628646 0.677083 0.038542 0.043750
0 0.296354 0.364063 0.051042 0.038542
0 0.780208 0.456771 0.054167 0.048958
0 0.878646 0.377083 0.034375 0.052083
0 0.897396 0.835417 0.019792 0.039583
0 0.853646 0.267188 0.040625 0.023958
0 0.578646 0.597917 0.042708 0.039583
0 0.771354 0.223958 0.046875 0.029167
0 0.114062 0.106771 0.042708 0.055208
0 0.557292 0.897396 0.037500 0.038542
0 0.209375 0.679688 0.025000 0.038542
0 0.284375 0.344271 0.054167 0.048958
0 0.360417 0.436458 0.041667 0.039583
0 0.348958 0.128125 0.047917 0.052083
0 0.930729 0.803125 0.032292 0.043750
0 0.726562 0.698438 0.038542 0.021875
0 0.726562 0.931250 0.028125 0.045833
0 0.919271 0.451562 0.042708 0.051042
0 0.488542 0.476042 0.033333 0.047917
0 0.160938 0.791146 0.051042 0.042708
0 0.089063 0.917188 0.051042 0.042708
0 0.927604 0.856771 0.021875 0.042708
0 0.417708 0.682813 0.045833 0.032292
0 0.965104 0.528646 0.055208 0.048958
0 0.694271 0.379688 0.046875 0.026042
0 0.241146 0.346354 0.038542 0.051042
0 0.737500 0.841146 0.039583 0.028125
0 0.594792 0.684375 0.035417 0.035417
0 0.729167 0.686979 0.035417 0.040625
0 0.456771 0.651563 0.048958 0.046875
0 0.971354 0.068750 0.046875 0.033333
0 0.570833 0.310417 0.031250 0.037500
0 0.907813 0.253646 0.038542 0.040625
0 0.676042 0.373958 0.020833 0.035417
0 0.675521 0.803646 0.051042 0.038542
0 0.915625 0.643229 0.050000 0.042708
0 0.542188 0.611979 0.051042 0.036458
0 0.620833 0.233333 0.041667 0.039583
0 0.340104 0.264583 0.048958 0.039583
0 0.484896 0.233854 0.040625 0.034375
0 0.751563 0.115625 0.026042 0.045833
0 0.939063 0.288542 0.032292 0.052083
0 0.270833 0.190104 0.031250 0.040625
0 0.401562 0.630729 0.030208 0.048958
0 0.956771 0.605729 0.051042 0.042708
0 0.888542 0.757292 0.037500 0.047917
0 0.589063 0.412500 0.053125 0.045833
0 0.788021 0.486458 0.036458 0.052083
0 0.201563 0.903646 0.019792 0.038542
0 0.629167 0.140625 0.039583 0.041667
0 0.486979 0.418229 0.038542 0.038542
0 0.866667 0.644271 0.050000 0.044792
0 0.816146 0.305208 0.030208 0.043750
0 0.814063 0.294271 0.034375 0.053125
0 0.261979 0.605208 0.044792 0.054167
0 0.383854 0.221354 0.051042 0.042708
0 0.107292 0.141146 0.050000 0.053125
0 0.651563 0.817187 0.053125 0.034375
0 0.578125 0.832292 0.041667 0.039583
0 0.305729 0.966667 0.021875 0.037500
0 0.605208 0.887500 0.025000 0.043750
0 0.400000 0.411979 0.039583 0.038542
0 0.764583 0.734896 0.043750 0.028125
0 0.707292 0.465104 0.029167 0.046875
0 0.381250 0.119792 0.022917 0.039583
0 0.218750 0.097396 0.027083 0.051042
0 0.214062 0.791667 0.042708 0.027083
0 0.582812 0.325521 0.048958 0.030208
0 0.163021 0.827083 0.051042 0.029167
0 0.377083 0.543229 0.050000 0.044792
0 0.305729 0.331771 0.044792 0.042708
0 0.596875 0.648438 0.050000 0.040625
0 0.900521 0.850521 0.019792 0.038542
0 0.188021 0.855729 0.046875 0.038542
0 0.904167 0.197396 0.039583 0.023958
0 0.454167 0.954688 0.050000 0.036458
0 0.673438 0.894792 0.028125 0.045833
0 0.734896 0.332292 0.051042 0.050000
0 0.415625 0.555729 0.027083 0.040625
0 0.413021 0.251563 0.040625 0.055208
0 0.890625 0.899479 0.037500 0.021875
0 0.585417 0.881771 0.050000 0.028125
0 0.230208 0.338542 0.037500 0.029167
0 0.805208 0.241667 0.039583 0.022917
0 0.411458 0.197917 0.037500 0.029167
0 0.279687 0.109375 0.051042 0.031250
0 0.730208 0.510938 0.047917 0.044792
0 0.445833 0.133854 0.035417 0.044792
0 0.588542 0.738021 0.037500 0.019792
0 0.688542 0.617188 0.043750 0.048958
0 0.189583 0.396354 0.039583 0.034375
0 0.256771 0.231771 0.040625 0.026042
0 0.696354 0.747396 0.048958 0.030208
0 0.279167 0.925521 0.050000 0.038542
0 0.542708 0.344792 0.027083 0.043750
0 0.650000 0.319792 0.047917 0.039583
0 0.178646 0.164583 0.046875 0.029167
0 0.313542 0.926562 0.045833 0.040625
0 0.649479 0.807813 0.040625 0.055208
0 0.507812 0.377604 0.028125 0.048958
0 0.329688 0.867708 0.021875 0.041667
0 0.683854 0.673438 0.034375 0.040625
0 0.572917 0.373958 0.041667 0.047917
0 0.927604 0.272396 0.044792 0.040625
0 0.871354 0.823438 0.038542 0.055208
0 0.384896 0.422917 0.036458 0.043750
0 0.582812 0.642708 0.034375 0.052083
0 0.544792 0.133333 0.020833 0.035417
0 0.617188 0.541146 0.030208 0.044792
0 0.421354 0.840625 0.044792 0.033333
0 0.950000 0.351042 0.039583 0.041667
0 0.807813 0.081250 0.044792 0.035417
0 0.622917 0.790104 0.050000 0.028125
0 0.486979 0.498437 0.055208 0.044792
0 0.919271 0.478125 0.051042 0.050000
0 0.846354 0.382812 0.036458 0.046875
0 0.657813 0.231250 0.048958 0.027083
0 0.428646 0.427083 0.048958 0.039583
0 0.091146 0.828646 0.055208 0.048958
0 0.070833 0.083854 0.020833 0.038542
0 0.807813 0.796875 0.046875 0.029167
0 0.488542 0.717187 0.035417 0.040625
0 0.351562 0.822917 0.038542 0.052083
0 0.205208 0.533854 0.054167 0.048958
0 0.950521 0.459896 0.051042 0.036458
0 0.935937 0.504687 0.044792 0.042708
0 0.127604 0.665104 0.030208 0.048958
0 0.327604 0.370312 0.030208 0.040625
0 0.229167 0.348438 0.031250 0.048958
0 0.305208 0.578646 0.050000 0.053125
0 0.354687 0.697396 0.046875 0.055208
0 0.526563 0.757812 0.051042 0.034375
0 0.509375 0.590104 0.047917 0.028125
0 0.093229 0.881771 0.053125 0.034375
0 0.103125 0.919271 0.043750 0.048958
0 0.710938 0.753125 0.038542 0.033333
0 0.938542 0.658854 0.039583 0.036458
0 0.481771 0.646875 0.036458 0.047917
0 0.651563 0.572396 0.053125 0.051042
0 0.134896 0.813021 0.019792 0.038542
0 0.450521 0.861458 0.026042 0.045833
0 0.222396 0.461458 0.019792 0.039583
0 0.138542 0.636458 0.022917 0.037500
0 0.399479 0.265625 0.038542 0.031250
0 0.365625 0.183333 0.020833 0.035417
0 0.142708 0.417708 0.041667 0.037500