0 0.440104 0.881250 0.038542 0.025000
0 0.368750 0.728125 0.043750 0.035417
0 0.715625 0.314063 0.039583 0.034375
0 0.320833 0.801562 0.045833 0.048958
0 0.523958 0.613542 0.037500 0.035417
0 0.533854 0.093750 0.048958 0.041667
0 0.267188 0.218750 0.046875 0.043750
0 0.809375 0.135417 0.043750 0.031250
0 0.500000 0.397917 0.031250 0.050000
0 0.860417 0.856771 0.027083 0.042708
0 0.360938 0.923438 0.051042 0.038542
0 0.691146 0.107813 0.051042 0.036458
0 0.628125 0.357812 0.039583 0.038542
0 0.729167 0.609375 0.035417 0.018750
0 0.636458 0.430729 0.033333 0.040625
0 0.644792 0.450000 0.039583 0.022917
0 0.642708 0.468229 0.039583 0.038542
0 0.875521 0.362500 0.048958 0.039583
0 0.155208 0.485417 0.018750 0.035417
0 0.530208 0.344792 0.039583 0.020833
0 0.473438 0.604688 0.051042 0.055208
0 0.369271 0.389583 0.038542 0.025000
0 0.676042 0.580729 0.027083 0.040625
0 0.233854 0.842708 0.042708 0.039583
0 0.138021 0.194271 0.048958 0.028125
0 0.529167 0.764583 0.045833 0.027083
0 0.325521 0.798958 0.046875 0.027083
0 0.816667 0.718229 0.045833 0.034375
0 0.163021 0.632292 0.042708 0.037500
0 0.234896 0.423438 0.042708 0.044792
0 0.462500 0.314063 0.054167 0.051042
0 0.569792 0.690625 0.037500 0.027083
0 0.396354 0.073438 0.046875 0.028125
0 0.943750 0.276562 0.054167 0.038542
0 0.606250 0.702083 0.037500 0.033333
0 0.278646 0.346875 0.046875 0.045833
0 0.785937 0.222396 0.046875 0.040625
0 0.966667 0.176563 0.043750 0.048958
0 0.333854 0.869792 0.048958 0.027083
0 0.375000 0.248958 0.043750 0.045833
0 0.238021 0.233333 0.046875 0.029167
0 0.233854 0.573438 0.048958 0.055208
0 0.436979 0.595313 0.034375 0.040625
0 0.306250 0.369792 0.050000 0.047917
0 0.592187 0.528125 0.032292 0.052083
0 0.098437 0.523438 0.046875 0.038542
0 0.282292 0.285417 0.031250 0.037500
0 0.913021 0.527604 0.048958 0.046875
0 0.074479 0.738542 0.040625 0.041667
0 0.810417 0.957812 0.047917 0.046875
0 0.808854 0.689583 0.040625 0.054167
0 0.721354 0.681250 0.021875 0.041667
0 0.589583 0.773438 0.045833 0.038542
0 0.253125 0.288542 0.033333 0.047917
0 0.645312 0.310937 0.040625 0.030208
0 0.497396 0.853125 0.053125 0.039583
0 0.945833 0.431771 0.043750 0.042708
0 0.900000 0.296875 0.039583 0.025000
0 0.675000 0.322917 0.031250 0.041667
0 0.655729 0.155729 0.038542 0.046875
0 0.799479 0.660937 0.026042 0.044792
0 0.679688 0.330208 0.042708 0.054167
0 0.098437 0.617188 0.032292 0.048958
0 0.334375 0.827604 0.052083 0.051042
0 0.476042 0.450000 0.043750 0.025000
0 0.468750 0.384896 0.035417 0.040625
0 0.535937 0.880208 0.044792 0.047917
0 0.973437 0.096354 0.051042 0.053125
0 0.641146 0.485417 0.044792 0.025000
0 0.748958 0.363021 0.033333 0.040625
0 0.558333 0.916667 0.033333 0.047917
0 0.095312 0.446354 0.038542 0.046875
0 0.712500 0.954688 0.022917 0.040625
0 0.159375 0.520312 0.018750 0.036458
0 0.113021 0.745313 0.040625 0.030208
0 0.727083 0.795833 0.037500 0.052083
0 0.447396 0.448437 0.026042 0.046875
0 0.559896 0.106771 0.023958 0.042708
0 0.942187 0.673438 0.046875 0.032292
0 0.119792 0.791667 0.037500 0.029167
0 0.553646 0.259896 0.040625 0.036458
0 0.330208 0.610938 0.050000 0.026042
0 0.092188 0.273958 0.023958 0.037500
0 0.941146 0.956771 0.044792 0.055208
0 0.352083 0.752604 0.045833 0.048958
0 0.301042 0.195833 0.022917 0.039583
0 0.356771 0.718750 0.046875 0.031250
0 0.465625 0.124479 0.020833 0.038542
0 0.293229 0.150000 0.044792 0.047917
0 0.797396 0.139063 0.040625 0.036458
0 0.818229 0.888542 0.036458 0.020833
0 0.251563 0.931250 0.040625 0.022917
0 0.870313 0.792708 0.051042 0.047917
0 0.507292 0.533854 0.039583 0.026042
0 0.775521 0.535937 0.040625 0.051042
0 0.519271 0.617188 0.038542 0.019792
0 0.700000 0.657813 0.045833 0.028125
0 0.336979 0.408854 0.034375 0.046875
0 0.305208 0.510417 0.043750 0.033333
0 0.364583 0.661979 0.043750 0.040625
0 0.342708 0.382292 0.037500 0.047917
0 0.634375 0.741146 0.052083 0.051042
0 0.182812 0.934896 0.042708 0.055208
0 0.109896 0.267188 0.046875 0.048958
0 0.857812 0.634896 0.051042 0.044792
0 0.375000 0.326042 0.039583 0.052083
0 0.291146 0.399479 0.040625 0.032292
0 0.753646 0.611458 0.023958 0.037500
0 0.225000 0.120833 0.041667 0.029167
0 0.304167 0.202083 0.029167 0.041667
0 0.730208 0.350000 0.025000 0.043750
0 0.790625 0.840104 0.039583 0.032292
0 0.410938 0.582812 0.048958 0.046875
0 0.401562 0.425521 0.036458 0.040625
0 0.475000 0.675000 0.045833 0.043750
0 0.308854 0.910417 0.038542 0.033333
0 0.098437 0.553646 0.040625 0.023958
0 0.664583 0.852083 0.037500 0.022917
0 0.393750 0.656250 0.047917 0.033333
0 0.586979 0.208854 0.044792 0.028125
0 0.767708 0.923958 0.025000 0.043750
0 0.196875 0.680208 0.037500 0.047917
0 0.540625 0.700000 0.027083 0.047917
0 0.833333 0.717708 0.045833 0.043750
0 0.572917 0.892708 0.047917 0.027083
0 0.121354 0.327604 0.040625 0.051042
0 0.281250 0.768229 0.045833 0.032292
0 0.567187 0.840104 0.042708 0.023958
0 0.201563 0.521875 0.048958 0.037500
0 0.293229 0.066667 0.040625 0.020833
0 0.921354 0.457292 0.048958 0.041667
0 0.216667 0.374479 0.031250 0.048958
0 0.432292 0.617708 0.029167 0.041667
0 0.676042 0.177604 0.054167 0.040625
0 0.417708 0.103125 0.025000 0.043750
0 0.563021 0.226562 0.055208 0.038542
0 0.459375 0.192188 0.031250 0.044792
0 0.466146 0.759375 0.040625 0.052083
0 0.169792 0.838021 0.039583 0.030208
0 0.921875 0.130208 0.050000 0.050000
0 0.444271 0.896354 0.055208 0.042708
0 0.820833 0.360417 0.041667 0.039583
0 0.295833 0.456771 0.025000 0.046875
0 0.075000 0.428125 0.020833 0.035417
0 0.789062 0.836458 0.034375 0.047917
0 0.322396 0.222396 0.051042 0.034375
0 0.592187 0.765104 0.030208 0.044792
0 0.843229 0.615625 0.048958 0.052083
0 0.650000 0.215104 0.039583 0.038542
0 0.369792 0.534375 0.020833 0.035417
0 0.577604 0.613542 0.038542 0.043750
0 0.626563 0.256250 0.051042 0.050000
0 0.184375 0.655729 0.054167 0.046875
0 0.811979 0.959896 0.051042 0.053125
0 0.574479 0.350000 0.028125 0.043750
0 0.196354 0.783854 0.044792 0.042708
0 0.370312 0.565625 0.048958 0.027083
0 0.543750 0.223438 0.043750 0.040625
0 0.818750 0.170313 0.035417 0.053125
0 0.176042 0.615104 0.041667 0.021875
0 0.471875 0.736458 0.045833 0.043750
0 0.411458 0.375000 0.045833 0.029167
0 0.173437 0.718750 0.046875 0.043750
0 0.927604 0.852083 0.044792 0.047917
0 0.663021 0.195312 0.048958 0.030208
0 0.901563 0.174479 0.038542 0.040625
0 0.413542 0.306771 0.039583 0.036458
0 0.103125 0.306250 0.033333 0.016667
0 0.423958 0.476042 0.029167 0.037500
0 0.871354 0.954688 0.026042 0.046875
0 0.143229 0.343229 0.040625 0.023958
0 0.925000 0.403646 0.033333 0.044792
0 0.585938 0.470313 0.046875 0.055208
0 0.321354 0.519792 0.023958 0.037500
0 0.759896 0.804688 0.038542 0.038542
0 0.253125 0.879687 0.037500 0.019792
0 0.760938 0.641667 0.038542 0.033333
0 0.718750 0.753125 0.037500 0.041667
0 0.101562 0.820833 0.038542 0.047917
0 0.441667 0.664062 0.039583 0.028125
0 0.332813 0.289583 0.036458 0.037500
0 0.396875 0.197396 0.045833 0.023958
0 0.731771 0.627604 0.051042 0.028125
0 0.892188 0.634375 0.036458 0.037500
0 0.229167 0.709375 0.043750 0.025000
0 0.900521 0.921875 0.046875 0.045833
0 0.578646 0.684896 0.038542 0.051042
0 0.261979 0.114583 0.040625 0.022917
0 0.185938 0.601042 0.019792 0.035417
0 0.431771 0.678646 0.030208 0.044792
0 0.916146 0.772917 0.038542 0.043750
0 0.535937 0.860938 0.032292 0.040625
0 0.275000 0.901042 0.031250 0.037500
0 0.778646 0.652604 0.038542 0.051042
0 0.855208 0.185938 0.031250 0.040625
0 0.299479 0.932292 0.042708 0.039583
0 0.582812 0.329688 0.040625 0.038542
0 0.113542 0.779167 0.037500 0.035417
0 0.686979 0.532813 0.032292 0.048958
0 0.553646 0.185938 0.040625 0.028125
0 0.302083 0.153125 0.041667 0.039583
0 0.601042 0.326562 0.039583 0.034375
0 0.489063 0.817708 0.026042 0.039583
0 0.622917 0.584896 0.033333 0.040625
0 0.089583 0.533333 0.050000 0.047917
0 0.695312 0.548438 0.048958 0.055208
0 0.946875 0.358854 0.050000 0.028125
0 0.385417 0.918750 0.041667 0.047917
0 0.946354 0.302604 0.026042 0.040625
0 0.846354 0.464583 0.038542 0.031250
0 0.166667 0.892188 0.050000 0.034375
0 0.214583 0.430208 0.045833 0.027083
0 0.223438 0.755208 0.036458 0.037500
0 0.482292 0.315104 0.039583 0.023958
0 0.902604 0.886458 0.028125 0.043750
0 0.123438 0.252083 0.044792 0.035417
0 0.830208 0.534375 0.045833 0.043750
0 0.245312 0.206250 0.036458 0.037500
0 0.165625 0.906771 0.054167 0.044792
0 0.819792 0.688542 0.037500 0.031250
0 0.255208 0.271354 0.039583 0.038542
0 0.094271 0.481771 0.044792 0.040625
0 0.870313 0.213021 0.040625 0.026042
0 0.886979 0.455729 0.046875 0.048958
0 0.883854 0.782292 0.038542 0.043750
0 0.905729 0.607292 0.042708 0.037500
0 0.469271 0.490625 0.048958 0.025000
0 0.728646 0.226562 0.042708 0.023958
0 0.868750 0.356771 0.037500 0.019792
0 0.160417 0.940625 0.043750 0.052083
0 0.968229 0.130208 0.040625 0.041667
0 0.818750 0.780208 0.022917 0.037500
0 0.332813 0.306771 0.044792 0.042708
0 0.224479 0.067708 0.044792 0.025000
0 0.876563 0.440104 0.051042 0.042708
0 0.952604 0.742188 0.051042 0.053125
0 0.505729 0.194792 0.034375 0.039583
0 0.382292 0.080729 0.050000 0.042708
0 0.097396 0.271875 0.036458 0.043750
0 0.142708 0.601562 0.025000 0.038542
0 0.066146 0.473438 0.023958 0.046875
0 0.546875 0.748958 0.037500 0.033333
0 0.434375 0.368229 0.035417 0.044792
0 0.125000 0.343229 0.052083 0.032292
0 0.956250 0.694271 0.035417 0.048958
0 0.150000 0.673958 0.047917 0.039583
0 0.448437 0.720313 0.032292 0.044792
0 0.410938 0.470313 0.053125 0.053125
0 0.491146 0.379167 0.051042 0.050000
0 0.538542 0.069792 0.037500 0.033333
0 0.276042 0.817187 0.035417 0.053125
0 0.446875 0.237500 0.047917 0.050000
0 0.867188 0.613021 0.051042 0.040625
0 0.293229 0.366667 0.053125 0.037500
0 0.114062 0.725000 0.030208 0.050000
0 0.399479 0.429688 0.038542 0.038542
0 0.417708 0.450000 0.020833 0.035417
0 0.208854 0.264583 0.048958 0.039583
0 0.307812 0.541667 0.026042 0.045833
0 0.814583 0.607812 0.045833 0.032292
0 0.611979 0.698958 0.042708 0.029167
0 0.292708 0.750521 0.041667 0.032292
0 0.576562 0.502083 0.046875 0.043750
0 0.299479 0.625000 0.042708 0.029167
0 0.262500 0.569792 0.043750 0.025000
0 0.561979 0.868750 0.028125 0.050000
0 0.310417 0.963021 0.031250 0.048958
0 0.917188 0.520312 0.048958 0.028125
0 0.321354 0.851562 0.044792 0.032292
0 0.281771 0.622396 0.046875 0.026042
0 0.584375 0.531250 0.043750 0.045833
0 0.843229 0.166667 0.026042 0.041667
0 0.518229 0.924479 0.040625 0.038542
0 0.115104 0.575000 0.019792 0.035417
0 0.850521 0.663542 0.028125 0.043750
0 0.339583 0.919792 0.043750 0.045833
0 0.170313 0.655208 0.019792 0.039583
0 0.715625 0.905208 0.039583 0.047917
0 0.814583 0.343229 0.041667 0.044792
0 0.155729 0.455208 0.042708 0.037500
0 0.431250 0.677083 0.022917 0.037500
0 0.611458 0.865104 0.047917 0.030208
0 0.772396 0.863021 0.044792 0.051042
0 0.687500 0.936458 0.033333 0.043750
0 0.867708 0.493750 0.043750 0.045833
0 0.112500 0.239063 0.027083 0.046875
0 0.936979 0.305208 0.028125 0.043750
0 0.239063 0.848437 0.032292 0.046875
0 0.569792 0.879687 0.045833 0.036458
0 0.864062 0.556771 0.040625 0.051042
0 0.211979 0.607812 0.034375 0.040625
0 0.675000 0.373437 0.022917 0.040625
0 0.377083 0.155208 0.041667 0.039583
0 0.603646 0.869271 0.034375 0.040625
0 0.153125 0.402083 0.033333 0.037500
0 0.777604 0.886458 0.040625 0.022917
0 0.156250 0.605208 0.037500 0.052083
0 0.634896 0.483333 0.053125 0.035417
0 0.568229 0.550000 0.034375 0.047917
0 0.413542 0.731771 0.027083 0.042708
0 0.295833 0.577083 0.052083 0.043750
0 0.453646 0.328125 0.030208 0.047917
0 0.952083 0.166146 0.052083 0.032292
0 0.243750 0.284896 0.050000 0.034375
0 0.563542 0.762500 0.041667 0.029167
0 0.421875 0.831771 0.031250 0.048958
0 0.308854 0.706250 0.046875 0.031250
0 0.502083 0.557813 0.037500 0.038542
0 0.852083 0.308333 0.037500 0.035417
0 0.353646 0.894271 0.038542 0.055208
0 0.414583 0.896354 0.031250 0.051042
0 0.945833 0.460938 0.031250 0.044792
0 0.896875 0.571354 0.045833 0.028125
0 0.627083 0.584896 0.031250 0.040625
0 0.120833 0.533333 0.052083 0.039583
0 0.353125 0.263542 0.033333 0.037500
0 0.746354 0.263021 0.034375 0.040625
0 0.842187 0.404687 0.019792 0.038542
0 0.460417 0.272917 0.025000 0.047917
0 0.757812 0.426563 0.048958 0.055208
0 0.237500 0.667708 0.029167 0.041667
0 0.476042 0.954688 0.025000 0.048958
0 0.715104 0.445312 0.044792 0.042708
0 0.821875 0.658854 0.039583 0.030208
0 0.397396 0.916667 0.038542 0.022917
0 0.207292 0.599479 0.043750 0.042708
0 0.369792 0.198958 0.037500 0.035417
0 0.680208 0.668229 0.039583 0.034375
0 0.745833 0.450000 0.031250 0.037500
0 0.365104 0.775521 0.019792 0.038542
0 0.896875 0.629167 0.045833 0.052083
0 0.486979 0.296354 0.048958 0.055208
0 0.258854 0.510938 0.038542 0.055208
0 0.473438 0.384896 0.046875 0.026042
0 0.681771 0.429688 0.040625 0.023958
0 0.426563 0.169792 0.040625 0.041667
0 0.286458 0.072917 0.037500 0.025000
0 0.604167 0.320312 0.045833 0.040625
0 0.598437 0.389583 0.048958 0.035417
0 0.551042 0.933333 0.035417 0.043750
0 0.698438 0.880208 0.032292 0.043750
0 0.697917 0.108854 0.031250 0.040625
0 0.144792 0.497917 0.031250 0.045833
0 0.808854 0.496354 0.051042 0.042708
0 0.736979 0.375000 0.044792 0.035417
0 0.775521 0.563542 0.044792 0.052083
0 0.836979 0.534896 0.038542 0.051042
0 0.193229 0.360417 0.038542 0.031250
0 0.473438 0.448958 0.040625 0.020833
0 0.787500 0.797396 0.050000 0.040625
0 0.363542 0.894792 0.031250 0.041667
0 0.413021 0.573958 0.032292 0.043750
0 0.212500 0.403646 0.043750 0.040625
0 0.864583 0.232292 0.031250 0.037500
0 0.891667 0.872917 0.022917 0.037500
0 0.668229 0.179167 0.038542 0.047917
0 0.138542 0.891146 0.039583 0.044792
0 0.474479 0.742708 0.048958 0.035417
0 0.446875 0.920833 0.022917 0.035417
0 0.742708 0.884896 0.031250 0.040625
0 0.268229 0.214583 0.038542 0.035417
0 0.947396 0.123438 0.046875 0.038542
0 0.547396 0.459896 0.038542 0.040625
0 0.695833 0.246354 0.039583 0.030208
0 0.150000 0.182292 0.039583 0.047917
0 0.965625 0.417708 0.043750 0.045833
0 0.786979 0.785937 0.040625 0.026042
0 0.928125 0.852083 0.037500 0.035417
0 0.207292 0.723958 0.016667 0.033333
0 0.375521 0.779687 0.051042 0.036458
0 0.911458 0.293750 0.041667 0.039583
0 0.268229 0.891146 0.051042 0.040625
0 0.770312 0.876563 0.026042 0.040625
0 0.539583 0.621354 0.037500 0.053125
0 0.580208 0.934375 0.037500 0.047917
0 0.936458 0.465625 0.052083 0.047917
0 0.259896 0.351042 0.038542 0.025000
0 0.139063 0.240625 0.044792 0.033333
0 0.326042 0.185938 0.025000 0.042708
0 0.600521 0.442708 0.038542 0.027083
0 0.967187 0.526042 0.048958 0.037500
0 0.392708 0.165625 0.029167 0.037500
0 0.538542 0.813021 0.027083 0.040625
0 0.953646 0.124479 0.046875 0.036458
0 0.142708 0.776563 0.039583 0.048958
0 0.669271 0.872917 0.042708 0.054167
0 0.118229 0.386458 0.051042 0.033333
0 0.487500 0.637500 0.035417 0.052083
0 0.305729 0.186979 0.048958 0.034375
0 0.790625 0.596875 0.035417 0.052083
0 0.561458 0.516667 0.039583 0.020833
0 0.804688 0.871354 0.034375 0.051042
0 0.122396 0.956250 0.030208 0.039583
0 0.604167 0.409375 0.022917 0.043750
0 0.829167 0.400000 0.039583 0.047917
0 0.748437 0.234375 0.036458 0.037500
0 0.501563 0.860417 0.040625 0.041667
0 0.449479 0.881250 0.053125 0.039583
0 0.835417 0.746875 0.041667 0.039583
0 0.397396 0.382812 0.030208 0.053125
0 0.264062 0.151042 0.036458 0.018750
0 0.953646 0.228125 0.023958 0.041667
0 0.354687 0.890625 0.019792 0.035417
0 0.485938 0.247396 0.038542 0.046875
0 0.764062 0.371354 0.051042 0.028125
0 0.179167 0.082812 0.039583 0.048958
0 0.692708 0.648958 0.052083 0.039583
0 0.644271 0.212500 0.023958 0.037500
0 0.343229 0.426042 0.038542 0.035417
0 0.193229 0.768229 0.053125 0.034375
0 0.692187 0.477083 0.032292 0.039583
0 0.867708 0.108854 0.039583 0.044792
0 0.800000 0.798958 0.029167 0.045833
0 0.190625 0.295312 0.045833 0.055208
0 0.409375 0.877083 0.031250 0.037500
0 0.968750 0.455729 0.047917 0.032292
0 0.348958 0.746354 0.050000 0.044792
0 0.910937 0.281250 0.042708 0.029167
0 0.698438 0.396354 0.044792 0.028125
0 0.882812 0.855729 0.055208 0.044792
0 0.680208 0.700000 0.033333 0.047917
0 0.614062 0.666667 0.028125 0.043750
0 0.519271 0.135417 0.036458 0.020833
0 0.121354 0.201563 0.028125 0.048958
0 0.557813 0.261458 0.038542 0.033333
0 0.513021 0.267708 0.021875 0.037500
0 0.880729 0.286458 0.051042 0.050000
0 0.820833 0.416667 0.033333 0.045833
0 0.688021 0.151042 0.053125 0.041667
0 0.620833 0.772396 0.050000 0.034375
0 0.838021 0.443229 0.034375 0.040625
0 0.671875 0.406250 0.039583 0.047917
0 0.077604 0.642188 0.044792 0.040625
0 0.192708 0.892708 0.041667 0.029167
0 0.590625 0.789062 0.045833 0.036458
0 0.343229 0.152604 0.026042 0.040625
0 0.481250 0.712500 0.027083 0.037500
0 0.242708 0.529167 0.035417 0.043750
0 0.469792 0.957292 0.041667 0.037500
0 0.261458 0.135937 0.043750 0.030208
0 0.878125 0.641146 0.033333 0.040625
0 0.694271 0.426042 0.048958 0.035417
0 0.836458 0.357812 0.031250 0.044792
0 0.560937 0.443750 0.036458 0.043750
0 0.099479 0.913021 0.040625 0.028125
0 0.891146 0.173958 0.044792 0.047917
0 0.550521 0.220312 0.023958 0.040625
0 0.813542 0.154688 0.037500 0.021875
0 0.514062 0.627604 0.051042 0.038542
0 0.840625 0.080729 0.047917 0.030208
0 0.860417 0.755729 0.045833 0.026042
0 0.877083 0.751563 0.033333 0.040625
0 0.426042 0.360417 0.037500 0.033333
0 0.718750 0.203125 0.027083 0.037500
0 0.441667 0.916667 0.041667 0.047917
0 0.357812 0.711458 0.028125 0.043750
0 0.572917 0.560937 0.033333 0.044792
0 0.790104 0.806771 0.048958 0.055208
0 0.166146 0.412500 0.021875 0.039583
0 0.623958 0.642708 0.035417 0.037500
0 0.873958 0.839063 0.052083 0.032292
0 0.239063 0.860417 0.048958 0.037500
0 0.918229 0.194271 0.040625 0.036458
0 0.941146 0.463021 0.053125 0.053125
0 0.245312 0.833854 0.046875 0.028125
0 0.481771 0.945833 0.040625 0.054167
0 0.090104 0.937500 0.032292 0.043750
0 0.607292 0.413021 0.033333 0.040625
0 0.642188 0.738021 0.055208 0.046875
0 0.405208 0.166667 0.033333 0.052083
0 0.879167 0.230729 0.045833 0.032292
0 0.076042 0.910417 0.027083 0.037500
0 0.498958 0.633333 0.037500 0.035417
0 0.446354 0.920833 0.021875 0.037500
0 0.905729 0.444271 0.044792 0.032292
0 0.362500 0.778125 0.037500 0.031250
0 0.954167 0.405208 0.027083 0.047917
0 0.526042 0.341146 0.029167 0.044792
0 0.566146 0.605208 0.042708 0.037500
0 0.932813 0.754167 0.036458 0.047917
0 0.428125 0.391146 0.041667 0.032292
0 0.927083 0.316667 0.033333 0.037500
0 0.845313 0.091146 0.053125 0.034375
0 0.162500 0.223958 0.029167 0.041667
0 0.369271 0.745313 0.055208 0.042708
0 0.130208 0.451042 0.039583 0.041667
0 0.879687 0.625000 0.051042 0.033333
0 0.535417 0.527604 0.054167 0.046875
0 0.626042 0.102083 0.041667 0.039583
0 0.154167 0.431771 0.041667 0.021875
0 0.659896 0.885938 0.040625 0.036458
0 0.891667 0.102083 0.033333 0.043750
0 0.116146 0.203646 0.048958 0.046875
0 0.117708 0.696354 0.043750 0.028125
0 0.297917 0.860938 0.027083 0.042708
0 0.959375 0.226042 0.037500 0.025000
0 0.227083 0.716146 0.043750 0.028125
0 0.911458 0.689583 0.043750 0.045833
0 0.106250 0.310937 0.033333 0.040625
0 0.153646 0.903125 0.032292 0.052083
0 0.276562 0.504687 0.046875 0.048958
0 0.536979 0.540625 0.038542 0.022917
0 0.795312 0.318750 0.028125 0.043750
0 0.558854 0.141146 0.046875 0.038542
0 0.605729 0.247917 0.036458 0.037500
0 0.588542 0.298958 0.022917 0.035417
0 0.637500 0.661458 0.039583 0.041667
0 0.867188 0.220312 0.048958 0.044792
0 0.126562 0.581771 0.038542 0.046875
0 0.372396 0.499479 0.042708 0.023958
0 0.514062 0.416667 0.042708 0.029167
0 0.944792 0.705729 0.045833 0.048958
0 0.138021 0.253646 0.046875 0.048958
0 0.303646 0.189062 0.030208 0.053125
0 0.410938 0.804688 0.023958 0.038542
0 0.794271 0.553125 0.026042 0.039583
0 0.187500 0.420312 0.047917 0.053125
0 0.700000 0.825000 0.025000 0.047917
0 0.707812 0.790625 0.026042 0.045833
0 0.127083 0.881250 0.031250 0.041667
0 0.711979 0.797917 0.044792 0.047917
0 0.776563 0.865625 0.048958 0.039583
0 0.359375 0.701562 0.020833 0.038542
0 0.419792 0.091146 0.037500 0.038542
0 0.917188 0.592187 0.053125 0.051042
0 0.225000 0.217708 0.052083 0.045833
0 0.498958 0.294271 0.050000 0.053125
0 0.091667 0.335938 0.041667 0.048958
0 0.901563 0.206250 0.038542 0.025000
0 0.796354 0.222917 0.048958 0.035417
0 0.857812 0.754167 0.053125 0.037500
0 0.967708 0.633854 0.050000 0.036458
0 0.952083 0.384896 0.039583 0.034375
0 0.507812 0.150000 0.046875 0.031250
0 0.929167 0.503125 0.027083 0.043750
0 0.289583 0.892708 0.020833 0.035417
0 0.165625 0.901563 0.035417 0.048958
0 0.715104 0.684375 0.046875 0.031250
0 0.229167 0.767188 0.039583 0.034375
0 0.755208 0.600000 0.039583 0.041667
0 0.412500 0.347917 0.031250 0.037500
0 0.185417 0.603646 0.039583 0.023958
0 0.417708 0.081250 0.039583 0.052083
0 0.096875 0.571875 0.052083 0.041667
0 0.896354 0.079167 0.053125 0.035417
0 0.251563 0.890625 0.030208 0.039583
0 0.958854 0.907813 0.032292 0.046875
0 0.276562 0.233333 0.023958 0.045833
0 0.801562 0.848958 0.042708 0.027083
0 0.923438 0.502083 0.036458 0.022917
0 0.464583 0.843750 0.052083 0.041667
0 0.467708 0.464583 0.045833 0.045833
0 0.424479 0.256250 0.040625 0.047917
0 0.650000 0.130729 0.043750 0.042708
0 0.163021 0.076042 0.034375 0.043750
0 0.088542 0.400521 0.039583 0.034375
0 0.160417 0.938021 0.029167 0.046875
0 0.397917 0.642708 0.047917 0.025000
0 0.096875 0.524479 0.033333 0.053125
0 0.515104 0.595313 0.051042 0.044792
0 0.637500 0.763542 0.039583 0.041667
0 0.365625 0.641146 0.043750 0.026042
0 0.140625 0.271354 0.043750 0.042708
0 0.851042 0.653125 0.041667 0.025000
0 0.835938 0.932292 0.023958 0.041667
0 0.128646 0.815104 0.051042 0.040625
0 0.185938 0.580208 0.038542 0.033333
0 0.102083 0.609375 0.031250 0.041667
0 0.382292 0.542188 0.037500 0.044792
0 0.134896 0.892708 0.051042 0.031250
0 0.243750 0.536458 0.020833 0.035417
0 0.807813 0.197396 0.028125 0.040625
0 0.796875 0.115625 0.045833 0.043750
0 0.479687 0.795312 0.040625 0.055208
0 0.542188 0.107292 0.040625 0.047917
0 0.868750 0.370833 0.041667 0.039583
0 0.839583 0.745833 0.033333 0.047917
0 0.098958 0.617188 0.043750 0.042708
0 0.378125 0.314583 0.018750 0.037500
0 0.627604 0.716146 0.046875 0.048958
0 0.892188 0.090625 0.042708 0.027083
0 0.525521 0.518750 0.042708 0.054167
0 0.421354 0.831771 0.038542 0.051042
0 0.607812 0.779687 0.046875 0.055208
0 0.841146 0.706771 0.048958 0.046875
0 0.160938 0.111979 0.055208 0.046875
0 0.104167 0.289062 0.033333 0.044792
0 0.735938 0.679688 0.030208 0.048958
0 0.928125 0.075521 0.022917 0.040625
0 0.790104 0.432292 0.042708 0.037500
0 0.834896 0.667708 0.048958 0.027083
0 0.378125 0.820833 0.047917 0.041667
0 0.869271 0.768750 0.036458 0.052083
0 0.405208 0.209896 0.043750 0.042708
0 0.877083 0.210417 0.027083 0.037500
0 0.259375 0.705729 0.031250 0.051042
0 0.643750 0.875521 0.033333 0.044792
0 0.445833 0.584375 0.052083 0.041667
0 0.789062 0.408333 0.030208 0.039583
0 0.495312 0.820312 0.046875 0.040625
0 0.503125 0.557292 0.041667 0.037500
0 0.532292 0.482292 0.047917 0.041667
0 0.085417 0.110937 0.050000 0.034375
0 0.091146 0.537500 0.028125 0.043750
0 0.441146 0.635417 0.038542 0.027083
0 0.246354 0.594271 0.042708 0.044792
0 0.771875 0.788021 0.041667 0.042708
0 0.439063 0.676042 0.044792 0.035417
0 0.421875 0.600000 0.033333 0.047917
0 0.321875 0.353646 0.037500 0.048958
0 0.718229 0.406250 0.038542 0.031250
0 0.345833 0.133854 0.054167 0.038542
0 0.584896 0.437500 0.042708 0.037500
0 0.576562 0.189583 0.053125 0.047917
0 0.197917 0.079167 0.029167 0.050000
0 0.154688 0.951562 0.019792 0.038542
0 0.476042 0.078646 0.035417 0.040625
0 0.259375 0.970313 0.029167 0.051042
0 0.817187 0.698438 0.040625 0.030208
0 0.614062 0.371354 0.040625 0.034375
0 0.209375 0.217188 0.039583 0.053125
0 0.688542 0.872396 0.050000 0.053125
0 0.097396 0.913021 0.040625 0.030208
0 0.594271 0.422396 0.040625 0.030208
0 0.571354 0.604688 0.048958 0.055208
0 0.517708 0.514062 0.054167 0.042708
0 0.198437 0.858854 0.036458 0.051042
0 0.070312 0.557292 0.034375 0.039583
0 0.322396 0.257812 0.034375 0.046875
0 0.426563 0.663021 0.030208 0.044792