0 0.310417 0.722396 0.045833 0.023958
0 0.947396 0.396354 0.021875 0.038542
0 0.902083 0.341667 0.035417 0.043750
0 0.114583 0.479167 0.052083 0.047917
0 0.679688 0.117708 0.034375 0.016667
0 0.832812 0.879167 0.040625 0.041667
0 0.702083 0.707292 0.052083 0.041667
0 0.930729 0.157812 0.040625 0.036458
0 0.741146 0.348958 0.036458 0.037500
0 0.250521 0.080208 0.044792 0.047917
0 0.868750 0.864062 0.052083 0.051042
0 0.348958 0.324479 0.054167 0.044792
0 0.433854 0.925521 0.055208 0.044792
0 0.589063 0.596875 0.028125 0.045833
0 0.939063 0.448958 0.042708 0.039583
0 0.690625 0.185417 0.047917 0.035417
0 0.354687 0.344792 0.032292 0.043750
0 0.618750 0.844271 0.037500 0.044792
0 0.239583 0.129167 0.047917 0.033333
0 0.808333 0.332292 0.047917 0.039583
0 0.206771 0.678125 0.053125 0.041667
0 0.226042 0.677604 0.045833 0.048958
0 0.928125 0.502083 0.029167 0.037500
0 0.761979 0.882812 0.038542 0.046875
0 0.669792 0.444792 0.052083 0.045833
0 0.231771 0.439583 0.021875 0.037500
0 0.969271 0.693750 0.048958 0.033333
0 0.467708 0.615104 0.039583 0.036458
0 0.438021 0.176563 0.034375 0.051042
0 0.568750 0.382812 0.045833 0.048958
0 0.696354 0.557292 0.030208 0.039583
0 0.532813 0.478125 0.042708 0.033333
0 0.690104 0.902083 0.019792 0.035417
0 0.443750 0.588542 0.020833 0.035417
0 0.210417 0.254167 0.041667 0.039583
0 0.409375 0.586979 0.037500 0.038542
0 0.840104 0.564063 0.034375 0.051042
0 0.267708 0.257812 0.054167 0.042708
0 0.377604 0.269792 0.048958 0.027083
0 0.436979 0.735938 0.051042 0.044792
0 0.892708 0.141146 0.039583 0.034375
0 0.453646 0.568750 0.053125 0.043750
0 0.086458 0.465104 0.050000 0.038542
0 0.265625 0.095833 0.027083 0.037500
0 0.589583 0.460417 0.020833 0.039583
0 0.440625 0.125521 0.050000 0.036458
0 0.689583 0.615104 0.039583 0.038542
0 0.308333 0.746875 0.043750 0.052083
0 0.450521 0.535417 0.032292 0.039583
0 0.500521 0.187500 0.036458 0.047917
0 0.325000 0.712500 0.037500 0.022917
0 0.236458 0.822917 0.037500 0.022917
0 0.623437 0.429167 0.028125 0.039583
0 0.719792 0.302604 0.047917 0.028125
0 0.827083 0.368750 0.037500 0.027083
0 0.292708 0.406771 0.033333 0.044792
0 0.214062 0.387500 0.046875 0.031250
0 0.501042 0.615104 0.052083 0.030208
0 0.431250 0.382812 0.041667 0.021875
0 0.531771 0.310417 0.038542 0.033333
0 0.934896 0.128125 0.046875 0.029167
0 0.945833 0.858333 0.031250 0.041667
0 0.783333 0.477604 0.043750 0.040625
0 0.812500 0.607292 0.031250 0.050000
0 0.940104 0.416146 0.051042 0.044792
0 0.587500 0.557813 0.031250 0.051042
0 0.951562 0.621875 0.032292 0.052083
0 0.083333 0.095312 0.050000 0.053125
0 0.116667 0.608333 0.041667 0.031250
0 0.786458 0.783333 0.050000 0.029167
0 0.357292 0.836979 0.050000 0.053125
0 0.797396 0.432812 0.055208 0.044792
0 0.955729 0.894271 0.044792 0.026042
0 0.759375 0.615625 0.029167 0.037500
0 0.215104 0.544792 0.044792 0.025000
0 0.264583 0.909375 0.041667 0.039583
0 0.095312 0.852604 0.040625 0.023958
0 0.718229 0.148438 0.046875 0.034375
0 0.781250 0.612500 0.045833 0.045833
0 0.256771 0.774479 0.044792 0.032292
0 0.326562 0.708854 0.044792 0.051042
0 0.147396 0.919271 0.040625 0.038542
0 0.443229 0.809896 0.046875 0.032292
0 0.805729 0.779167 0.038542 0.022917
0 0.913542 0.639583 0.037500 0.047917
0 0.645312 0.378646 0.021875 0.042708
0 0.107813 0.956771 0.055208 0.042708
0 0.353125 0.861979 0.050000 0.053125
0 0.820312 0.616667 0.036458 0.047917
0 0.940625 0.697396 0.037500 0.053125
0 0.103646 0.794271 0.040625 0.034375
0 0.562500 0.620833 0.052083 0.047917
0 0.377604 0.280729 0.053125 0.053125
0 0.724479 0.703125 0.042708 0.033333
0 0.295312 0.770312 0.042708 0.055208
0 0.558333 0.184896 0.050000 0.053125
0 0.329167 0.504687 0.037500 0.048958
0 0.160417 0.543229 0.043750 0.026042
0 0.828646 0.556250 0.042708 0.031250
0 0.461458 0.275000 0.037500 0.035417
0 0.159896 0.436979 0.040625 0.038542
0 0.948438 0.599479 0.030208 0.044792
0 0.830729 0.921875 0.038542 0.027083
0 0.935937 0.785417 0.048958 0.039583
0 0.241146 0.895833 0.028125 0.039583
0 0.843229 0.438542 0.030208 0.039583
0 0.620833 0.838021 0.054167 0.046875
0 0.191667 0.310417 0.037500 0.022917
0 0.693229 0.599479 0.042708 0.051042
0 0.582812 0.817708 0.048958 0.035417
0 0.591667 0.599479 0.047917 0.030208
0 0.365625 0.440625 0.047917 0.037500
0 0.872917 0.670312 0.047917 0.046875
0 0.726042 0.298438 0.035417 0.053125
0 0.360417 0.259375 0.052083 0.041667
0 0.139583 0.936458 0.020833 0.035417
0 0.701562 0.662500 0.038542 0.022917
0 0.112500 0.649479 0.037500 0.038542
0 0.783854 0.356771 0.026042 0.040625
0 0.803125 0.647396 0.037500 0.053125
0 0.268750 0.943750 0.027083 0.037500
0 0.247917 0.475000 0.052083 0.035417
0 0.695312 0.491667 0.038542 0.035417
0 0.945312 0.790104 0.040625 0.026042
0 0.431771 0.750521 0.034375 0.051042
0 0.951562 0.934375 0.028125 0.039583
0 0.376042 0.392188 0.027083 0.040625
0 0.268229 0.381250 0.042708 0.031250
0 0.754167 0.863542 0.037500 0.027083
0 0.377083 0.088542 0.020833 0.035417
0 0.343750 0.368750 0.039583 0.022917
0 0.852604 0.580729 0.038542 0.051042
0 0.721354 0.231250 0.036458 0.037500
0 0.166146 0.596875 0.051042 0.031250
0 0.155729 0.933333 0.036458 0.043750
0 0.320312 0.621354 0.044792 0.026042
0 0.396354 0.221354 0.055208 0.040625
0 0.210938 0.084375 0.042708 0.029167
0 0.213021 0.545833 0.048958 0.027083
0 0.638542 0.331250 0.037500 0.031250
0 0.504687 0.122917 0.042708 0.054167
0 0.856771 0.193750 0.030208 0.043750
0 0.426042 0.917708 0.045833 0.045833
0 0.834896 0.730729 0.038542 0.051042
0 0.308854 0.820833 0.042708 0.037500
0 0.715104 0.831250 0.032292 0.047917
0 0.183854 0.378125 0.028125 0.041667
0 0.608333 0.138542 0.033333 0.037500
0 0.183854 0.275000 0.023958 0.041667
0 0.130208 0.246354 0.043750 0.048958
0 0.269792 0.652083 0.043750 0.031250
0 0.697917 0.444792 0.018750 0.035417
0 0.701042 0.847917 0.029167 0.045833
0 0.714583 0.888021 0.043750 0.040625
0 0.670312 0.317188 0.038542 0.019792
0 0.329167 0.127083 0.043750 0.033333
0 0.112500 0.931771 0.041667 0.044792
0 0.301563 0.264062 0.042708 0.044792
0 0.239583 0.306250 0.050000 0.033333
0 0.829167 0.861979 0.050000 0.053125
0 0.857812 0.573438 0.046875 0.034375
0 0.796875 0.286458 0.043750 0.052083
0 0.962500 0.083854 0.043750 0.042708
0 0.881771 0.152083 0.026042 0.041667
0 0.859896 0.290625 0.034375 0.039583
0 0.119271 0.447917 0.036458 0.020833
0 0.257292 0.777083 0.022917 0.037500
0 0.433854 0.161979 0.042708 0.023958
0 0.486979 0.660417 0.048958 0.039583
0 0.576562 0.263021 0.042708 0.044792
0 0.355729 0.313021 0.048958 0.044792
0 0.685937 0.412500 0.038542 0.018750
0 0.248438 0.781771 0.051042 0.055208
0 0.610938 0.513542 0.044792 0.052083
0 0.639062 0.261979 0.055208 0.036458
0 0.855729 0.591146 0.032292 0.040625
0 0.246354 0.228646 0.030208 0.040625
0 0.895312 0.123958 0.030208 0.039583
0 0.561979 0.460417 0.046875 0.043750
0 0.292708 0.284375 0.033333 0.043750
0 0.848958 0.398438 0.047917 0.028125
0 0.781771 0.475000 0.042708 0.039583
0 0.698958 0.403125 0.037500 0.029167
0 0.810937 0.739583 0.042708 0.039583
0 0.654167 0.825000 0.052083 0.039583
0 0.885938 0.479167 0.046875 0.029167
0 0.813021 0.558333 0.040625 0.022917
0 0.911458 0.927604 0.031250 0.040625
0 0.621354 0.900000 0.042708 0.037500
0 0.554167 0.690104 0.054167 0.042708
0 0.913021 0.896354 0.017708 0.036458
0 0.900521 0.629687 0.042708 0.023958
0 0.636979 0.660417 0.030208 0.039583
0 0.558854 0.078646 0.034375 0.046875
0 0.369271 0.533333 0.048958 0.039583
0 0.174479 0.205729 0.042708 0.044792
0 0.538021 0.258854 0.028125 0.051042
0 0.841146 0.382812 0.051042 0.038542
0 0.489063 0.309375 0.048958 0.039583
0 0.501563 0.647396 0.051042 0.034375
0 0.937500 0.328646 0.050000 0.036458
0 0.503646 0.864583 0.036458 0.037500
0 0.394271 0.872396 0.040625 0.034375
0 0.517708 0.242708 0.041667 0.027083
0 0.505208 0.495312 0.045833 0.036458
0 0.101562 0.833854 0.038542 0.040625
0 0.585938 0.927083 0.030208 0.047917
0 0.857812 0.671354 0.048958 0.046875
0 0.766146 0.421875 0.036458 0.020833
0 0.188542 0.929688 0.050000 0.038542
0 0.195312 0.192188 0.044792 0.042708
0 0.751042 0.764062 0.018750 0.036458
0 0.452083 0.454167 0.047917 0.041667
0 0.420312 0.789583 0.026042 0.041667
0 0.231250 0.751563 0.037500 0.019792
0 0.743229 0.184896 0.051042 0.038542
0 0.477083 0.390625 0.045833 0.043750
0 0.277604 0.589583 0.051042 0.047917
0 0.292187 0.133854 0.042708 0.044792
0 0.794271 0.325521 0.053125 0.030208
0 0.377604 0.924479 0.042708 0.021875
0 0.858333 0.420833 0.043750 0.035417
0 0.617188 0.544792 0.044792 0.045833
0 0.291146 0.670833 0.032292 0.047917
0 0.644271 0.706771 0.053125 0.051042
0 0.754687 0.838542 0.053125 0.039583
0 0.571875 0.437500 0.043750 0.045833
0 0.633333 0.687500 0.037500 0.035417
0 0.469271 0.507292 0.021875 0.037500
0 0.786458 0.595833 0.037500 0.025000
0 0.288542 0.846875 0.029167 0.050000
0 0.607812 0.932813 0.026042 0.051042
0 0.433333 0.341146 0.037500 0.019792
0 0.471875 0.606771 0.050000 0.040625
0 0.235417 0.743750 0.050000 0.031250
0 0.139063 0.118750 0.038542 0.047917
0 0.692187 0.121354 0.046875 0.055208
0 0.806250 0.736458 0.031250 0.037500
0 0.264583 0.422396 0.039583 0.053125
0 0.790104 0.531771 0.044792 0.048958
0 0.473958 0.575521 0.041667 0.055208
0 0.168750 0.855729 0.039583 0.038542
0 0.597917 0.476562 0.025000 0.042708
0 0.206771 0.594271 0.040625 0.051042
0 0.786979 0.750000 0.021875 0.041667
0 0.406250 0.064062 0.045833 0.023958
0 0.098437 0.577083 0.036458 0.022917
0 0.958854 0.796875 0.038542 0.033333
0 0.436458 0.715625 0.043750 0.033333
0 0.267708 0.917708 0.041667 0.029167
0 0.572396 0.103646 0.038542 0.046875
0 0.189062 0.547917 0.053125 0.047917
0 0.545833 0.702083 0.033333 0.037500
0 0.912500 0.680729 0.043750 0.055208
0 0.326562 0.132812 0.044792 0.028125
0 0.956771 0.314063 0.048958 0.032292
0 0.785937 0.414583 0.038542 0.047917
0 0.785417 0.927604 0.041667 0.032292
0 0.883333 0.397917 0.041667 0.039583
0 0.393750 0.664062 0.035417 0.040625
0 0.867708 0.302604 0.031250 0.040625
0 0.170313 0.693229 0.042708 0.021875
0 0.695833 0.429167 0.037500 0.047917
0 0.119271 0.821875 0.048958 0.039583
0 0.258333 0.797917 0.035417 0.018750
0 0.630208 0.820833 0.043750 0.045833
0 0.736979 0.876042 0.048958 0.039583
0 0.461979 0.323958 0.038542 0.033333
0 0.826562 0.646875 0.034375 0.043750
0 0.965104 0.089583 0.038542 0.029167
0 0.499479 0.796354 0.040625 0.030208
0 0.447396 0.327604 0.040625 0.051042
0 0.751563 0.803125 0.017708 0.035417
0 0.739583 0.501563 0.047917 0.046875
0 0.881250 0.867708 0.033333 0.050000
0 0.656250 0.524479 0.035417 0.053125
0 0.795833 0.313021 0.041667 0.023958
0 0.232292 0.517188 0.037500 0.044792
0 0.489063 0.918750 0.051042 0.031250
0 0.410417 0.129688 0.039583 0.048958
0 0.650000 0.181250 0.031250 0.045833
0 0.498437 0.208333 0.051042 0.031250
0 0.608333 0.225521 0.045833 0.034375
0 0.475000 0.439063 0.043750 0.048958
0 0.839583 0.474479 0.041667 0.044792
0 0.493229 0.948438 0.055208 0.048958
0 0.586979 0.883854 0.046875 0.038542
0 0.201042 0.384896 0.050000 0.038542
0 0.627083 0.252083 0.037500 0.027083
0 0.933854 0.890104 0.055208 0.036458
0 0.245312 0.081771 0.046875 0.048958
0 0.813021 0.716146 0.051042 0.038542
0 0.215625 0.901042 0.047917 0.035417