0 0.862500 0.508333 0.041667 0.025000
0 0.589063 0.916667 0.042708 0.041667
0 0.095312 0.941146 0.055208 0.042708
0 0.444792 0.116667 0.041667 0.039583
0 0.760417 0.752083 0.033333 0.047917
0 0.534375 0.077604 0.033333 0.040625
0 0.723958 0.859375 0.050000 0.029167
0 0.539583 0.508333 0.045833 0.029167
0 0.428125 0.809375 0.037500 0.025000
0 0.356250 0.864062 0.029167 0.040625
0 0.223958 0.200000 0.047917 0.033333
0 0.161979 0.161458 0.048958 0.025000
0 0.555729 0.679167 0.023958 0.041667
0 0.730729 0.822396 0.040625 0.028125
0 0.620313 0.817708 0.040625 0.041667
0 0.295312 0.851562 0.040625 0.026042
0 0.554688 0.239583 0.051042 0.050000
0 0.458854 0.588021 0.046875 0.034375
0 0.586458 0.376563 0.050000 0.053125
0 0.146354 0.914062 0.044792 0.032292
0 0.413542 0.818229 0.041667 0.048958
0 0.557813 0.505729 0.038542 0.021875
0 0.824479 0.186458 0.030208 0.047917
0 0.395313 0.117708 0.046875 0.043750
0 0.932292 0.818750 0.041667 0.029167
0 0.676042 0.136979 0.054167 0.040625
0 0.100521 0.842187 0.048958 0.028125
0 0.798438 0.155729 0.026042 0.046875
0 0.394792 0.756250 0.033333 0.037500
0 0.608854 0.807813 0.040625 0.034375
0 0.809896 0.559896 0.046875 0.034375
0 0.315104 0.305208 0.042708 0.039583
0 0.091667 0.520833 0.050000 0.031250
0 0.535937 0.397917 0.044792 0.033333
0 0.679167 0.418750 0.031250 0.043750
0 0.944271 0.928125 0.042708 0.039583
0 0.408854 0.857812 0.026042 0.051042
0 0.789583 0.604688 0.039583 0.028125
0 0.350521 0.241146 0.055208 0.042708
0 0.259375 0.100000 0.045833 0.045833
0 0.656771 0.310937 0.030208 0.048958
0 0.660417 0.258854 0.022917 0.040625
0 0.961458 0.761458 0.037500 0.027083
0 0.533333 0.933854 0.039583 0.034375
0 0.325000 0.710938 0.039583 0.030208
0 0.361979 0.827083 0.028125 0.050000
0 0.579688 0.619271 0.040625 0.046875
0 0.785417 0.861979 0.045833 0.032292
0 0.867188 0.725000 0.042708 0.029167
0 0.716667 0.286458 0.047917 0.052083
0 0.286979 0.506250 0.053125 0.047917
0 0.414583 0.490625 0.045833 0.045833
0 0.904167 0.804167 0.022917 0.039583
0 0.831250 0.465625 0.018750 0.035417
0 0.764583 0.159896 0.054167 0.051042
0 0.811458 0.833854 0.033333 0.040625
0 0.774479 0.258854 0.053125 0.053125
0 0.270313 0.392708 0.017708 0.035417
0 0.208854 0.418229 0.044792 0.051042
0 0.567187 0.721875 0.044792 0.054167
0 0.682813 0.342187 0.046875 0.023958
0 0.723437 0.167187 0.038542 0.051042
0 0.530208 0.809896 0.047917 0.046875
0 0.545833 0.572396 0.054167 0.048958
0 0.320833 0.456771 0.043750 0.048958
0 0.940625 0.410417 0.047917 0.035417
0 0.844271 0.633333 0.048958 0.035417
0 0.448437 0.831771 0.055208 0.044792
0 0.217708 0.408854 0.027083 0.051042
0 0.736458 0.784375 0.050000 0.029167
0 0.823438 0.420312 0.023958 0.042708
0 0.514062 0.204687 0.040625 0.051042
0 0.930208 0.963021 0.022917 0.038542
0 0.315625 0.934375 0.035417 0.020833
0 0.711458 0.914583 0.043750 0.033333
0 0.470833 0.850521 0.045833 0.034375
0 0.683854 0.885938 0.038542 0.021875
0 0.602604 0.923958 0.040625 0.054167
0 0.478125 0.193750 0.039583 0.047917
0 0.651042 0.087500 0.050000 0.031250
0 0.754167 0.706771 0.039583 0.034375
0 0.153125 0.165625 0.039583 0.022917
0 0.864583 0.419271 0.047917 0.032292
0 0.282813 0.178125 0.042708 0.047917
0 0.867188 0.601042 0.042708 0.047917
0 0.067708 0.944792 0.031250 0.045833
0 0.274479 0.317708 0.053125 0.039583
0 0.782292 0.958333 0.041667 0.025000
0 0.560937 0.607292 0.051042 0.047917
0 0.071354 0.827604 0.032292 0.053125
0 0.683854 0.604167 0.051042 0.033333
0 0.396875 0.970313 0.039583 0.048958
0 0.609896 0.302083 0.051042 0.031250
0 0.223958 0.813542 0.052083 0.045833
0 0.244271 0.081771 0.030208 0.044792
0 0.832292 0.941146 0.041667 0.044792
0 0.162500 0.859896 0.045833 0.034375
0 0.194792 0.214062 0.029167 0.048958
0 0.842187 0.114062 0.034375 0.040625
0 0.947396 0.086979 0.046875 0.055208
0 0.389062 0.263542 0.038542 0.025000
0 0.678646 0.836458 0.036458 0.043750
0 0.771354 0.869271 0.051042 0.040625
0 0.556771 0.949479 0.040625 0.044792
0 0.221354 0.295312 0.040625 0.038542
0 0.634896 0.626563 0.040625 0.055208
0 0.648438 0.586979 0.044792 0.032292
0 0.130729 0.223438 0.040625 0.038542
0 0.753646 0.157812 0.055208 0.040625
0 0.836979 0.602083 0.044792 0.033333
0 0.083333 0.842187 0.052083 0.032292
0 0.356771 0.276042 0.046875 0.031250
0 0.279167 0.444271 0.050000 0.034375
0 0.907292 0.723437 0.031250 0.040625
0 0.151042 0.793750 0.047917 0.027083
0 0.690625 0.210417 0.047917 0.037500
0 0.575000 0.224479 0.029167 0.040625
0 0.358854 0.234896 0.030208 0.040625
0 0.792188 0.346875 0.040625 0.043750
0 0.331771 0.965104 0.044792 0.040625
0 0.677083 0.936979 0.050000 0.042708
0 0.369271 0.757292 0.038542 0.043750
0 0.134375 0.684375 0.025000 0.037500
0 0.782813 0.210938 0.028125 0.048958
0 0.310937 0.221875 0.036458 0.043750
0 0.671354 0.744271 0.040625 0.034375
0 0.217708 0.076563 0.025000 0.038542
0 0.352083 0.188542 0.039583 0.025000
0 0.073958 0.932813 0.029167 0.040625
0 0.696875 0.832812 0.045833 0.038542
0 0.807292 0.454167 0.045833 0.043750
0 0.727604 0.442708 0.030208 0.039583
0 0.908854 0.750521 0.042708 0.051042
0 0.939583 0.653125 0.050000 0.050000
0 0.319271 0.935937 0.055208 0.040625
0 0.473958 0.872396 0.037500 0.019792
0 0.928646 0.531771 0.038542 0.040625
0 0.819271 0.807292 0.038542 0.029167
0 0.623958 0.225000 0.037500 0.029167
0 0.091146 0.251563 0.046875 0.055208
0 0.911979 0.145833 0.042708 0.039583
0 0.826042 0.829688 0.027083 0.046875
0 0.115104 0.564063 0.040625 0.030208
0 0.292708 0.684375 0.035417 0.037500
0 0.560937 0.739583 0.042708 0.020833
0 0.564583 0.828125 0.052083 0.043750
0 0.661458 0.442708 0.033333 0.037500
0 0.182812 0.673438 0.032292 0.046875
0 0.290625 0.400000 0.039583 0.022917
0 0.380208 0.955208 0.050000 0.029167
0 0.744792 0.639583 0.037500 0.031250
0 0.489063 0.473438 0.019792 0.038542
0 0.564583 0.261979 0.045833 0.048958
0 0.340625 0.650521 0.029167 0.040625
0 0.173437 0.265104 0.055208 0.048958
0 0.419271 0.693750 0.028125 0.050000
0 0.124479 0.845313 0.038542 0.019792
0 0.695833 0.906771 0.022917 0.038542
0 0.317188 0.685417 0.030208 0.039583
0 0.821875 0.921875 0.027083 0.037500
0 0.335938 0.405208 0.019792 0.035417
0 0.165104 0.128125 0.036458 0.043750
0 0.687500 0.260937 0.041667 0.021875
0 0.606250 0.514062 0.037500 0.038542
0 0.627604 0.277083 0.042708 0.029167
0 0.868229 0.167708 0.044792 0.025000
0 0.195312 0.507292 0.053125 0.045833
0 0.329167 0.671875 0.031250 0.043750
0 0.135937 0.300521 0.051042 0.036458
0 0.568750 0.603646 0.039583 0.026042
0 0.547917 0.915625 0.037500 0.047917
0 0.376563 0.268750 0.036458 0.037500
0 0.421354 0.252083 0.023958 0.041667
0 0.779687 0.801042 0.038542 0.047917
0 0.551042 0.553646 0.054167 0.040625
0 0.817187 0.542708 0.044792 0.052083
0 0.416667 0.929167 0.047917 0.033333
0 0.141146 0.247396 0.038542 0.046875
0 0.357812 0.581771 0.042708 0.023958
0 0.239583 0.751042 0.039583 0.052083
0 0.170833 0.609896 0.043750 0.048958
0 0.844271 0.205208 0.048958 0.052083
0 0.551562 0.576562 0.032292 0.040625
0 0.375000 0.838021 0.043750 0.042708
0 0.485938 0.478125 0.034375 0.037500
0 0.398438 0.469792 0.040625 0.022917
0 0.941667 0.767188 0.031250 0.040625
0 0.146354 0.915625 0.030208 0.039583
0 0.317708 0.902604 0.031250 0.048958
0 0.091146 0.295833 0.038542 0.043750
0 0.253125 0.532813 0.029167 0.046875
0 0.518750 0.112500 0.035417 0.052083
0 0.895312 0.639062 0.030208 0.053125
0 0.163021 0.892708 0.028125 0.041667
0 0.538021 0.566146 0.034375 0.040625
0 0.536979 0.462500 0.036458 0.037500
0 0.744792 0.550000 0.022917 0.043750
0 0.471875 0.473958 0.039583 0.052083
0 0.623958 0.221354 0.047917 0.046875
0 0.284375 0.592187 0.047917 0.055208
0 0.621875 0.962500 0.052083 0.041667
0 0.575000 0.772396 0.022917 0.042708
0 0.560937 0.472396 0.046875 0.028125
0 0.436979 0.930208 0.048958 0.025000
0 0.792708 0.301563 0.022917 0.044792
0 0.295833 0.482292 0.037500 0.027083
0 0.598437 0.755208 0.048958 0.037500
0 0.793750 0.407813 0.047917 0.028125
0 0.653646 0.216667 0.053125 0.043750
0 0.715104 0.153646 0.048958 0.055208
0 0.741146 0.954167 0.034375 0.052083
0 0.857292 0.703646 0.022917 0.038542
0 0.405729 0.400000 0.038542 0.031250
0 0.686458 0.217188 0.031250 0.040625
0 0.898958 0.192188 0.043750 0.042708
0 0.850521 0.597396 0.055208 0.036458
0 0.374479 0.313021 0.055208 0.038542
0 0.343750 0.696354 0.022917 0.038542
0 0.687500 0.682292 0.037500 0.027083
0 0.189062 0.161979 0.038542 0.038542
0 0.722917 0.357292 0.050000 0.031250
0 0.305208 0.853125 0.031250 0.037500
0 0.950521 0.266667 0.042708 0.033333
0 0.578646 0.917708 0.048958 0.033333
0 0.670312 0.798438 0.023958 0.042708
0 0.406771 0.575521 0.038542 0.038542
0 0.687500 0.755208 0.052083 0.043750
0 0.465625 0.668229 0.054167 0.044792
0 0.276562 0.482812 0.044792 0.051042
0 0.622917 0.225000 0.035417 0.043750
0 0.802604 0.879687 0.040625 0.023958
0 0.483333 0.833333 0.037500 0.025000
0 0.505208 0.310937 0.047917 0.023958
0 0.850000 0.927083 0.052083 0.039583
0 0.590625 0.896875 0.045833 0.043750
0 0.109896 0.451562 0.051042 0.036458
0 0.531250 0.909375 0.033333 0.037500
0 0.844271 0.091146 0.036458 0.046875
0 0.272917 0.190104 0.054167 0.042708
0 0.513542 0.915625 0.050000 0.050000
0 0.133333 0.194271 0.041667 0.044792
0 0.111458 0.113021 0.029167 0.044792
0 0.647396 0.231250 0.036458 0.018750
0 0.222917 0.615625 0.047917 0.025000
0 0.368750 0.849479 0.035417 0.044792
0 0.486979 0.732292 0.051042 0.033333
0 0.609375 0.852083 0.052083 0.035417
0 0.312500 0.806771 0.022917 0.046875
0 0.531771 0.857292 0.034375 0.039583
0 0.119792 0.466667 0.039583 0.041667
0 0.648958 0.453125 0.031250 0.050000
0 0.897396 0.763542 0.038542 0.043750
0 0.284375 0.327083 0.020833 0.035417
0 0.719792 0.921875 0.037500 0.033333
0 0.645312 0.387500 0.030208 0.043750
0 0.610938 0.583854 0.051042 0.026042
0 0.298438 0.907292 0.051042 0.033333
0 0.957292 0.646875 0.031250 0.045833
0 0.561458 0.172917 0.045833 0.045833
0 0.920833 0.421875 0.031250 0.037500
0 0.593229 0.738021 0.040625 0.028125
0 0.745833 0.384896 0.052083 0.051042
0 0.531771 0.856771 0.048958 0.046875
0 0.066146 0.323958 0.028125 0.039583
0 0.517708 0.821875 0.033333 0.043750
0 0.827083 0.115104 0.039583 0.019792
0 0.761979 0.801042 0.048958 0.037500
0 0.569271 0.717708 0.038542 0.027083
0 0.225521 0.884896 0.032292 0.044792
0 0.464583 0.669271 0.039583 0.026042
0 0.891667 0.265625 0.027083 0.037500
0 0.688021 0.764062 0.053125 0.053125
0 0.160417 0.712500 0.037500 0.035417
0 0.344792 0.633854 0.022917 0.038542
0 0.581250 0.476042 0.035417 0.052083
0 0.917708 0.197917 0.043750 0.025000
0 0.445312 0.597396 0.038542 0.040625
0 0.139583 0.716667 0.029167 0.041667
0 0.388021 0.763542 0.040625 0.054167
0 0.075000 0.534375 0.039583 0.052083
0 0.641667 0.655729 0.039583 0.030208
0 0.501563 0.364583 0.028125 0.043750
0 0.430729 0.261458 0.038542 0.022917
0 0.928646 0.898438 0.038542 0.019792
0 0.803646 0.328125 0.046875 0.045833
0 0.153125 0.274479 0.037500 0.044792
0 0.175521 0.773958 0.019792 0.037500
0 0.861979 0.433333 0.038542 0.031250
0 0.173958 0.417187 0.031250 0.048958
0 0.950000 0.944271 0.037500 0.038542
0 0.711458 0.426563 0.033333 0.040625
0 0.164062 0.263542 0.038542 0.027083
0 0.371354 0.839063 0.046875 0.048958
0 0.669271 0.159375 0.032292 0.047917
0 0.942187 0.245312 0.044792 0.026042
0 0.489063 0.827083 0.046875 0.043750
0 0.637500 0.691667 0.027083 0.047917
0 0.108333 0.466667 0.037500 0.031250
0 0.688542 0.336979 0.031250 0.048958
0 0.883333 0.660937 0.050000 0.028125
0 0.368229 0.200521 0.021875 0.038542
0 0.869271 0.580208 0.038542 0.043750
0 0.371875 0.595833 0.037500 0.047917
0 0.784896 0.236979 0.046875 0.026042
0 0.958333 0.816146 0.054167 0.046875
0 0.923438 0.466146 0.051042 0.036458
0 0.117708 0.588021 0.033333 0.040625
0 0.245833 0.613021 0.050000 0.034375
0 0.681250 0.071875 0.037500 0.029167
0 0.089583 0.870833 0.035417 0.020833
0 0.352083 0.229687 0.020833 0.036458
0 0.828646 0.526563 0.040625 0.026042
0 0.362500 0.840625 0.041667 0.029167
0 0.289062 0.790625 0.042708 0.054167
0 0.425521 0.209896 0.042708 0.044792
0 0.620833 0.161979 0.041667 0.044792
0 0.508333 0.142708 0.039583 0.020833
0 0.610417 0.247917 0.035417 0.047917
0 0.698958 0.153125 0.039583 0.041667
0 0.342187 0.621354 0.038542 0.040625
0 0.826042 0.615104 0.052083 0.032292
0 0.793750 0.912500 0.033333 0.050000
0 0.531771 0.789583 0.048958 0.039583
0 0.925521 0.235937 0.040625 0.034375
0 0.566667 0.266667 0.041667 0.025000
0 0.160417 0.079167 0.047917 0.041667
0 0.303646 0.703125 0.026042 0.047917
0 0.810937 0.490104 0.046875 0.038542
0 0.494792 0.574479 0.039583 0.026042
0 0.178646 0.753646 0.038542 0.040625
0 0.315625 0.635417 0.037500 0.035417
0 0.447396 0.631771 0.034375 0.046875
0 0.423438 0.143229 0.042708 0.044792
0 0.414583 0.441146 0.039583 0.034375
0 0.786458 0.329688 0.025000 0.046875
0 0.120313 0.237500 0.053125 0.039583
0 0.348438 0.804688 0.030208 0.040625
0 0.351042 0.746354 0.029167 0.051042
0 0.245312 0.564063 0.021875 0.038542
0 0.793229 0.240625 0.040625 0.047917
0 0.885417 0.592187 0.054167 0.036458
0 0.644792 0.359375 0.045833 0.029167
0 0.470313 0.516146 0.055208 0.048958
0 0.800000 0.663542 0.047917 0.052083
0 0.731250 0.775000 0.041667 0.027083
0 0.111979 0.088021 0.055208 0.048958
0 0.794271 0.910417 0.046875 0.022917
0 0.780208 0.616667 0.043750 0.035417
0 0.689583 0.236458 0.041667 0.031250
0 0.218750 0.225000 0.039583 0.052083
0 0.780208 0.360417 0.041667 0.047917
0 0.630729 0.508333 0.042708 0.041667
0 0.278646 0.528125 0.040625 0.022917
0 0.797917 0.338021 0.041667 0.044792
0 0.373437 0.707292 0.034375 0.039583
0 0.103646 0.602083 0.038542 0.031250
0 0.163542 0.096875 0.047917 0.033333
0 0.161458 0.653125 0.020833 0.035417
0 0.772396 0.237500 0.048958 0.027083
0 0.440625 0.300000 0.033333 0.037500
0 0.348438 0.679167 0.040625 0.020833
0 0.853125 0.870313 0.035417 0.048958
0 0.461458 0.695312 0.039583 0.034375
0 0.404687 0.442188 0.051042 0.026042
0 0.880729 0.918750 0.044792 0.035417
0 0.251042 0.464062 0.031250 0.040625
0 0.971354 0.342187 0.053125 0.053125
0 0.168229 0.936458 0.038542 0.033333
0 0.951042 0.100521 0.043750 0.026042
0 0.579167 0.854688 0.045833 0.038542
0 0.664062 0.289062 0.040625 0.028125
0 0.625000 0.524479 0.027083 0.040625
0 0.691146 0.871354 0.046875 0.034375
0 0.881250 0.309896 0.027083 0.042708
0 0.079687 0.945312 0.046875 0.034375
0 0.295312 0.868750 0.023958 0.041667
0 0.475000 0.810417 0.039583 0.025000
0 0.429167 0.620313 0.027083 0.042708
0 0.695833 0.389062 0.050000 0.028125
0 0.786979 0.795312 0.038542 0.040625
0 0.091146 0.121354 0.034375 0.046875
0 0.134375 0.614583 0.047917 0.041667
0 0.090104 0.232292 0.053125 0.035417
0 0.409896 0.928125 0.053125 0.035417
0 0.377083 0.626042 0.031250 0.045833
0 0.283854 0.776563 0.048958 0.046875
0 0.490104 0.490625 0.026042 0.050000
0 0.142708 0.308333 0.041667 0.039583
0 0.822396 0.232292 0.040625 0.047917
0 0.896875 0.610938 0.037500 0.048958
0 0.719271 0.140625 0.042708 0.041667
0 0.380208 0.477604 0.039583 0.048958
0 0.372917 0.735938 0.045833 0.032292
0 0.765625 0.693229 0.037500 0.048958
0 0.565625 0.183854 0.054167 0.048958
0 0.116667 0.073438 0.045833 0.034375
0 0.218750 0.396354 0.045833 0.055208
0 0.221875 0.666146 0.054167 0.038542
0 0.304688 0.623437 0.044792 0.044792
0 0.732292 0.833854 0.052083 0.032292
0 0.238542 0.250000 0.043750 0.045833
0 0.216146 0.255208 0.032292 0.052083
0 0.129167 0.749479 0.039583 0.036458
0 0.088021 0.170833 0.042708 0.047917
0 0.950521 0.638542 0.042708 0.031250
0 0.886458 0.444792 0.027083 0.037500
0 0.169792 0.297917 0.043750 0.052083
0 0.911458 0.758333 0.035417 0.037500
0 0.542188 0.880729 0.055208 0.051042
0 0.233854 0.178125 0.046875 0.027083
0 0.543229 0.907813 0.048958 0.028125
0 0.770312 0.898438 0.044792 0.040625
0 0.341146 0.106771 0.028125 0.048958
0 0.303646 0.654167 0.036458 0.043750
0 0.208854 0.403646 0.046875 0.040625
0 0.186979 0.596354 0.026042 0.040625
0 0.307292 0.637500 0.037500 0.035417
0 0.195833 0.188542 0.047917 0.050000
0 0.688542 0.200000 0.047917 0.025000
0 0.253646 0.634896 0.051042 0.044792
0 0.720833 0.273958 0.052083 0.047917
0 0.828646 0.798958 0.044792 0.045833
0 0.686979 0.684375 0.048958 0.037500
0 0.566146 0.098437 0.046875 0.036458
0 0.222396 0.586458 0.036458 0.047917
0 0.907292 0.568229 0.050000 0.053125
0 0.922396 0.340104 0.044792 0.032292
0 0.082292 0.814063 0.045833 0.048958
0 0.609896 0.523438 0.051042 0.030208
0 0.615625 0.548438 0.039583 0.036458
0 0.523958 0.848437 0.043750 0.048958
0 0.914583 0.861979 0.043750 0.048958
0 0.858333 0.660937 0.041667 0.023958
0 0.932292 0.126042 0.041667 0.029167
0 0.607812 0.782813 0.044792 0.040625
0 0.129688 0.746875 0.051042 0.029167
0 0.546875 0.304688 0.045833 0.055208
0 0.936979 0.743750 0.046875 0.043750
0 0.590104 0.482292 0.053125 0.045833
0 0.361458 0.764583 0.052083 0.043750
0 0.292708 0.681771 0.027083 0.040625
0 0.846354 0.381250 0.053125 0.039583
0 0.439063 0.630208 0.053125 0.037500