0 0.232813 0.341667 0.034375 0.039583
0 0.427604 0.270313 0.046875 0.048958
0 0.533333 0.107292 0.037500 0.022917
0 0.615104 0.613542 0.028125 0.045833
0 0.267708 0.245833 0.047917 0.037500
0 0.366146 0.455729 0.040625 0.036458
0 0.429167 0.672917 0.025000 0.043750
0 0.921354 0.255729 0.021875 0.038542
0 0.566667 0.650000 0.039583 0.041667
0 0.452604 0.696875 0.038542 0.031250
0 0.070833 0.330729 0.031250 0.044792
0 0.570833 0.804688 0.027083 0.046875
0 0.548438 0.532813 0.040625 0.032292
0 0.791146 0.683854 0.046875 0.048958
0 0.629167 0.950521 0.025000 0.038542
0 0.350000 0.433854 0.041667 0.023958
0 0.255729 0.437500 0.023958 0.037500
0 0.140104 0.786458 0.038542 0.029167
0 0.631771 0.368750 0.053125 0.045833
0 0.464062 0.124479 0.034375 0.040625
0 0.235937 0.074479 0.044792 0.030208
0 0.848437 0.606771 0.028125 0.040625
0 0.347396 0.436458 0.040625 0.025000
0 0.323437 0.307292 0.042708 0.041667
0 0.583333 0.379688 0.031250 0.048958
0 0.123438 0.086979 0.036458 0.040625
0 0.779167 0.767708 0.039583 0.041667
0 0.735417 0.472917 0.037500 0.041667
0 0.688021 0.428125 0.036458 0.018750
0 0.151562 0.879687 0.040625 0.032292
0 0.250000 0.753646 0.039583 0.036458
0 0.661458 0.599479 0.022917 0.046875
0 0.900000 0.912500 0.037500 0.031250
0 0.612500 0.379688 0.047917 0.046875
0 0.832812 0.233333 0.038542 0.029167
0 0.221875 0.757292 0.033333 0.037500
0 0.571354 0.409375 0.028125 0.039583
0 0.746354 0.451562 0.036458 0.040625
0 0.239583 0.857812 0.050000 0.028125
0 0.918229 0.541667 0.019792 0.039583
0 0.431771 0.191667 0.042708 0.047917
0 0.475000 0.229687 0.029167 0.048958
0 0.783854 0.313542 0.051042 0.047917
0 0.401042 0.793750 0.043750 0.052083
0 0.219792 0.805208 0.022917 0.039583
0 0.318229 0.252604 0.040625 0.034375
0 0.161458 0.957292 0.031250 0.037500
0 0.385417 0.815625 0.037500 0.035417
0 0.398438 0.431250 0.036458 0.037500
0 0.827604 0.964063 0.040625 0.032292
0 0.523958 0.496354 0.035417 0.053125
0 0.940625 0.738542 0.031250 0.037500
0 0.890625 0.822396 0.033333 0.053125
0 0.431771 0.566146 0.046875 0.034375
0 0.192188 0.514583 0.042708 0.027083
0 0.602083 0.666146 0.052083 0.051042
0 0.442708 0.798958 0.045833 0.027083
0 0.697396 0.594792 0.038542 0.025000
0 0.320833 0.499479 0.041667 0.048958
0 0.291667 0.486458 0.031250 0.037500
0 0.537500 0.181250 0.043750 0.022917
0 0.585417 0.576042 0.041667 0.047917
0 0.312500 0.951562 0.041667 0.048958
0 0.690625 0.468750 0.052083 0.045833
0 0.704688 0.338542 0.026042 0.050000
0 0.342708 0.708854 0.039583 0.030208
0 0.485417 0.414583 0.041667 0.020833
0 0.540625 0.663542 0.052083 0.037500
0 0.841667 0.807292 0.035417 0.047917
0 0.823438 0.954167 0.044792 0.052083
0 0.251042 0.272917 0.039583 0.041667
0 0.902604 0.211458 0.040625 0.052083
0 0.142708 0.663021 0.025000 0.046875
0 0.511458 0.117708 0.043750 0.035417
0 0.519271 0.823958 0.040625 0.041667
0 0.457813 0.177083 0.036458 0.037500
0 0.436458 0.903646 0.039583 0.048958
0 0.236979 0.763021 0.036458 0.055208
0 0.730208 0.296875 0.043750 0.045833
0 0.693750 0.123958 0.052083 0.039583
0 0.782292 0.159375 0.045833 0.031250
0 0.570312 0.337500 0.038542 0.047917
0 0.389583 0.574479 0.043750 0.055208
0 0.345313 0.618229 0.038542 0.055208
0 0.338021 0.877083 0.030208 0.039583
0 0.431771 0.818750 0.036458 0.037500
0 0.531771 0.083854 0.023958 0.046875
0 0.971875 0.327083 0.047917 0.027083
0 0.124479 0.295833 0.048958 0.052083
0 0.303646 0.710417 0.048958 0.033333
0 0.424479 0.508333 0.053125 0.045833
0 0.186979 0.626563 0.051042 0.028125
0 0.486979 0.353646 0.053125 0.032292
0 0.613542 0.863021 0.043750 0.028125
0 0.095312 0.786979 0.034375 0.040625
0 0.964583 0.542188 0.054167 0.040625
0 0.471354 0.736979 0.040625 0.055208
0 0.306771 0.857292 0.026042 0.045833
0 0.602604 0.725000 0.042708 0.047917
0 0.907292 0.895312 0.039583 0.023958
0 0.947396 0.675000 0.044792 0.033333
0 0.073958 0.409375 0.033333 0.043750
0 0.556250 0.846875 0.043750 0.031250
0 0.941667 0.279167 0.037500 0.047917
0 0.202083 0.360417 0.037500 0.047917
0 0.945833 0.493750 0.052083 0.047917
0 0.665104 0.454167 0.040625 0.052083
0 0.555208 0.822396 0.045833 0.032292
0 0.615104 0.791146 0.019792 0.038542
0 0.904167 0.940104 0.047917 0.046875
0 0.582292 0.241667 0.033333 0.037500
0 0.098437 0.931771 0.042708 0.023958
0 0.774479 0.226562 0.048958 0.034375
0 0.872917 0.700000 0.043750 0.035417
0 0.427083 0.460417 0.043750 0.035417
0 0.853646 0.571354 0.048958 0.032292
0 0.108333 0.903125 0.047917 0.025000
0 0.248958 0.834896 0.043750 0.042708
0 0.417187 0.684896 0.044792 0.032292
0 0.149479 0.692187 0.030208 0.040625
0 0.955208 0.555208 0.033333 0.037500
0 0.317708 0.576042 0.052083 0.039583
0 0.589063 0.846875 0.040625 0.047917
0 0.561458 0.088021 0.043750 0.042708
0 0.400000 0.401042 0.027083 0.041667
0 0.917188 0.187500 0.040625 0.025000
0 0.860417 0.158333 0.035417 0.043750
0 0.798438 0.816146 0.030208 0.053125
0 0.716146 0.551562 0.044792 0.042708
0 0.295312 0.289062 0.042708 0.021875
0 0.677083 0.531250 0.033333 0.037500
0 0.296354 0.345313 0.038542 0.023958
0 0.727604 0.388542 0.021875 0.043750
0 0.295833 0.586458 0.045833 0.043750
0 0.571875 0.726042 0.027083 0.037500
0 0.148438 0.448958 0.040625 0.047917
0 0.746354 0.688542 0.046875 0.033333
0 0.672917 0.820833 0.052083 0.043750
0 0.804167 0.721354 0.025000 0.038542
0 0.104688 0.918750 0.036458 0.018750
0 0.526042 0.793750 0.035417 0.037500
0 0.519792 0.828646 0.037500 0.053125
0 0.155729 0.814583 0.034375 0.039583
0 0.786979 0.372396 0.023958 0.042708
0 0.748437 0.203646 0.055208 0.042708
0 0.444792 0.460417 0.043750 0.033333
0 0.261458 0.318229 0.039583 0.048958
0 0.284375 0.613021 0.045833 0.036458
0 0.591667 0.612500 0.037500 0.035417
0 0.709375 0.435417 0.047917 0.037500
0 0.451562 0.209896 0.048958 0.048958
0 0.626563 0.831250 0.028125 0.039583
0 0.141146 0.101562 0.042708 0.023958
0 0.150521 0.321354 0.046875 0.023958
0 0.375000 0.337500 0.037500 0.035417
0 0.661458 0.223958 0.022917 0.035417
0 0.479687 0.871875 0.044792 0.035417
0 0.683854 0.371354 0.053125 0.053125
0 0.822917 0.173958 0.050000 0.050000
0 0.180729 0.208333 0.038542 0.031250
0 0.820833 0.682292 0.029167 0.041667
0 0.742188 0.183333 0.038542 0.035417
0 0.658333 0.945312 0.050000 0.044792
0 0.923958 0.739583 0.045833 0.052083
0 0.256250 0.399479 0.025000 0.038542
0 0.260937 0.575521 0.055208 0.044792
0 0.285417 0.675000 0.041667 0.047917
0 0.366146 0.257292 0.046875 0.031250
0 0.465625 0.428646 0.043750 0.048958
0 0.900521 0.075521 0.051042 0.038542
0 0.945833 0.385937 0.041667 0.021875
0 0.730208 0.646875 0.047917 0.025000
0 0.595833 0.275521 0.037500 0.044792
0 0.639583 0.467708 0.033333 0.047917
0 0.326042 0.347917 0.047917 0.037500
0 0.219271 0.390625 0.036458 0.020833
0 0.276042 0.908854 0.045833 0.038542
0 0.780729 0.857812 0.053125 0.053125
0 0.454688 0.214062 0.055208 0.040625
0 0.936458 0.822396 0.050000 0.026042
0 0.150521 0.515625 0.053125 0.043750
0 0.463542 0.264583 0.041667 0.031250
0 0.719271 0.830729 0.042708 0.023958
0 0.770833 0.485938 0.039583 0.026042
0 0.832292 0.456771 0.031250 0.053125
0 0.881250 0.219792 0.041667 0.039583
0 0.284375 0.535937 0.037500 0.019792
0 0.799479 0.835938 0.051042 0.044792
0 0.662500 0.287500 0.052083 0.037500
0 0.841146 0.928125 0.042708 0.037500
0 0.634375 0.265104 0.047917 0.046875
0 0.270833 0.807292 0.052083 0.041667
0 0.577604 0.669792 0.036458 0.037500
0 0.561458 0.679688 0.039583 0.038542
0 0.870313 0.407813 0.044792 0.051042
0 0.410417 0.543750 0.027083 0.043750
0 0.542188 0.664062 0.042708 0.044792
0 0.863021 0.224479 0.042708 0.044792
0 0.513021 0.457813 0.046875 0.055208
0 0.766146 0.323958 0.019792 0.039583
0 0.091667 0.709375 0.050000 0.050000
0 0.323958 0.227604 0.050000 0.028125
0 0.918229 0.918229 0.019792 0.038542
0 0.453646 0.129167 0.023958 0.037500
0 0.459375 0.765104 0.050000 0.026042
0 0.523438 0.541667 0.053125 0.037500
0 0.521875 0.285417 0.041667 0.025000
0 0.169792 0.368750 0.052083 0.043750
0 0.509896 0.771875 0.048958 0.041667
0 0.942187 0.455729 0.040625 0.036458
0 0.522396 0.267188 0.048958 0.032292
0 0.622396 0.900521 0.055208 0.040625
0 0.661979 0.793750 0.042708 0.037500
0 0.436458 0.452083 0.037500 0.031250
0 0.404687 0.329167 0.038542 0.047917
0 0.735938 0.768750 0.032292 0.052083
0 0.345313 0.387500 0.021875 0.037500
0 0.313542 0.610938 0.050000 0.053125
0 0.279687 0.188021 0.051042 0.042708
0 0.265625 0.633854 0.045833 0.034375
0 0.197396 0.570312 0.048958 0.048958
0 0.798438 0.300521 0.040625 0.030208
0 0.794792 0.196875 0.047917 0.033333
0 0.139063 0.188021 0.055208 0.046875
0 0.822396 0.716146 0.036458 0.040625
0 0.604688 0.193229 0.048958 0.046875
0 0.747917 0.173958 0.027083 0.037500
0 0.442708 0.962500 0.031250 0.050000
0 0.766667 0.515625 0.052083 0.033333
0 0.580729 0.641146 0.034375 0.046875
0 0.713542 0.727604 0.043750 0.026042
0 0.869271 0.301563 0.040625 0.036458
0 0.084896 0.685937 0.026042 0.046875
0 0.706250 0.838021 0.031250 0.040625
0 0.404167 0.860417 0.043750 0.052083
0 0.310417 0.916146 0.020833 0.036458
0 0.385417 0.632812 0.037500 0.048958
0 0.451562 0.559896 0.051042 0.055208
0 0.630208 0.431250 0.029167 0.041667
0 0.492188 0.676562 0.032292 0.040625
0 0.798958 0.709896 0.029167 0.040625
0 0.148438 0.645312 0.051042 0.040625
0 0.807813 0.430208 0.032292 0.039583
0 0.589063 0.671875 0.038542 0.043750
0 0.364063 0.822396 0.046875 0.028125
0 0.558333 0.809896 0.039583 0.023958
0 0.851562 0.601562 0.030208 0.048958
0 0.861979 0.493750 0.040625 0.041667
0 0.553646 0.965104 0.038542 0.051042
0 0.159375 0.941667 0.045833 0.043750
0 0.182812 0.381771 0.028125 0.044792
0 0.206771 0.719271 0.048958 0.030208
0 0.193229 0.465104 0.048958 0.046875
0 0.362500 0.926042 0.045833 0.029167
0 0.442188 0.166146 0.021875 0.038542
0 0.648438 0.272917 0.051042 0.050000
0 0.543750 0.794271 0.054167 0.040625
0 0.096354 0.826042 0.051042 0.047917
0 0.092708 0.838021 0.045833 0.055208
0 0.836458 0.672396 0.047917 0.028125
0 0.371354 0.954688 0.042708 0.051042
0 0.944792 0.227604 0.025000 0.042708
0 0.892708 0.569271 0.047917 0.046875
0 0.707812 0.519271 0.048958 0.055208
0 0.324479 0.300521 0.055208 0.036458
0 0.524479 0.339062 0.036458 0.046875
0 0.520833 0.908333 0.022917 0.043750
0 0.845313 0.848958 0.051042 0.033333
0 0.216146 0.957812 0.044792 0.042708
0 0.501042 0.850000 0.037500 0.022917
0 0.401042 0.339062 0.025000 0.038542
0 0.421354 0.915625 0.036458 0.037500
0 0.292187 0.498437 0.038542 0.051042
0 0.519792 0.956771 0.045833 0.038542
0 0.742708 0.782813 0.050000 0.034375
0 0.922396 0.522396 0.048958 0.034375
0 0.836979 0.402083 0.042708 0.037500
0 0.368750 0.455208 0.031250 0.037500
0 0.433333 0.944271 0.039583 0.032292
0 0.105208 0.206250 0.035417 0.018750
0 0.626042 0.740625 0.033333 0.016667
0 0.882812 0.754167 0.046875 0.052083
0 0.428125 0.290625 0.043750 0.025000
0 0.691667 0.432292 0.033333 0.037500
0 0.104167 0.600000 0.037500 0.047917
0 0.725521 0.587500 0.051042 0.031250
0 0.362500 0.450000 0.041667 0.047917
0 0.448958 0.634896 0.041667 0.055208
0 0.433333 0.678646 0.043750 0.040625
0 0.345833 0.845313 0.047917 0.053125
0 0.112500 0.274479 0.054167 0.048958
0 0.486458 0.932813 0.022917 0.038542
0 0.101562 0.284375 0.044792 0.033333
0 0.141146 0.825521 0.036458 0.051042
0 0.290625 0.244271 0.052083 0.034375
0 0.401042 0.660937 0.054167 0.044792
0 0.349479 0.707812 0.040625 0.036458
0 0.440104 0.446875 0.036458 0.043750
0 0.960417 0.810937 0.039583 0.036458
0 0.266146 0.560417 0.017708 0.035417
0 0.336979 0.086458 0.040625 0.020833
0 0.395833 0.451562 0.039583 0.034375
0 0.316146 0.598437 0.055208 0.044792
0 0.526563 0.410417 0.028125 0.050000
0 0.148958 0.350521 0.035417 0.053125
0 0.147396 0.610938 0.034375 0.048958
0 0.906771 0.308854 0.040625 0.051042
0 0.694792 0.464583 0.050000 0.031250
0 0.944271 0.103646 0.040625 0.028125
0 0.190625 0.928646 0.052083 0.051042
0 0.643229 0.630729 0.044792 0.028125
0 0.491667 0.241146 0.037500 0.048958
0 0.227083 0.691146 0.047917 0.032292
0 0.579688 0.855208 0.046875 0.029167
0 0.093750 0.836458 0.025000 0.037500
0 0.951042 0.923958 0.037500 0.029167
0 0.372917 0.888021 0.039583 0.030208
0 0.855729 0.218750 0.053125 0.041667
0 0.291146 0.955208 0.038542 0.029167
0 0.504687 0.171875 0.034375 0.052083
0 0.719271 0.621354 0.034375 0.053125
0 0.717708 0.353646 0.050000 0.038542
0 0.397396 0.190625 0.032292 0.039583
0 0.125521 0.582292 0.042708 0.054167
0 0.630208 0.865625 0.043750 0.025000
0 0.242188 0.761979 0.048958 0.044792
0 0.485938 0.352083 0.030208 0.043750
0 0.343750 0.521875 0.037500 0.035417
0 0.167187 0.563542 0.038542 0.035417
0 0.252604 0.069792 0.048958 0.027083
0 0.731250 0.803125 0.022917 0.037500
0 0.940104 0.142708 0.036458 0.043750
0 0.931250 0.526042 0.033333 0.037500
0 0.302604 0.297917 0.044792 0.033333
0 0.425521 0.139583 0.040625 0.020833
0 0.778125 0.530208 0.047917 0.039583
0 0.152604 0.460938 0.046875 0.038542
0 0.632292 0.690625 0.047917 0.025000
0 0.570833 0.619271 0.039583 0.023958
0 0.326562 0.720313 0.040625 0.036458
0 0.747396 0.426042 0.028125 0.050000
0 0.195833 0.281250 0.039583 0.041667
0 0.243750 0.684375 0.022917 0.039583
0 0.651042 0.659375 0.025000 0.041667
0 0.519792 0.572396 0.045833 0.048958
0 0.642708 0.171354 0.037500 0.019792
0 0.083333 0.901563 0.041667 0.021875
0 0.761458 0.348438 0.037500 0.021875
0 0.835417 0.829688 0.045833 0.026042
0 0.379167 0.386979 0.039583 0.038542
0 0.477083 0.113542 0.041667 0.039583
0 0.366667 0.433333 0.047917 0.041667
0 0.358854 0.771354 0.030208 0.040625
0 0.417708 0.934375 0.041667 0.029167
0 0.545833 0.717187 0.039583 0.038542
0 0.317708 0.502083 0.020833 0.035417
0 0.113542 0.534375 0.043750 0.031250
0 0.907292 0.583333 0.047917 0.050000
0 0.248438 0.472396 0.055208 0.040625
0 0.229167 0.611979 0.039583 0.044792
0 0.750521 0.441667 0.038542 0.031250
0 0.907292 0.744792 0.037500 0.025000
0 0.348958 0.351042 0.022917 0.037500
0 0.903125 0.116667 0.047917 0.039583
0 0.795833 0.769271 0.031250 0.053125
0 0.507812 0.586979 0.051042 0.038542
0 0.914583 0.373437 0.035417 0.044792
0 0.261979 0.548438 0.026042 0.046875
0 0.282813 0.087500 0.046875 0.043750
0 0.807813 0.718750 0.044792 0.035417
0 0.434375 0.815104 0.039583 0.036458
0 0.818229 0.657292 0.030208 0.039583
0 0.171354 0.324479 0.046875 0.038542
0 0.525521 0.078646 0.040625 0.032292
0 0.298958 0.530208 0.050000 0.033333
0 0.592708 0.648958 0.041667 0.039583
0 0.306250 0.633854 0.035417 0.040625
0 0.420833 0.965625 0.052083 0.037500
0 0.328125 0.814063 0.052083 0.030208
0 0.798438 0.966667 0.030208 0.039583
0 0.245312 0.797917 0.042708 0.031250
0 0.369271 0.171354 0.046875 0.038542
0 0.909375 0.406771 0.039583 0.026042
0 0.489583 0.892188 0.043750 0.042708
0 0.081250 0.398438 0.022917 0.038542
0 0.345313 0.505729 0.044792 0.051042
0 0.892188 0.918229 0.053125 0.030208
0 0.228646 0.862500 0.042708 0.025000
0 0.833854 0.877604 0.038542 0.021875
0 0.715104 0.134896 0.042708 0.023958
0 0.770312 0.918750 0.040625 0.020833
0 0.456771 0.552604 0.040625 0.028125
0 0.120313 0.682292 0.038542 0.047917
0 0.911979 0.142708 0.038542 0.047917
0 0.215625 0.883333 0.052083 0.045833
0 0.338021 0.415104 0.051042 0.034375
0 0.888542 0.839583 0.050000 0.033333
0 0.704167 0.442708 0.037500 0.041667
0 0.301042 0.486458 0.041667 0.025000
0 0.542188 0.667188 0.042708 0.021875
0 0.140104 0.177083 0.030208 0.043750
0 0.542708 0.687500 0.037500 0.047917
0 0.684896 0.501042 0.026042 0.039583
0 0.154688 0.261979 0.040625 0.051042
0 0.941667 0.759896 0.045833 0.040625
0 0.841146 0.229167 0.051042 0.031250
0 0.684896 0.241667 0.028125 0.045833
0 0.899479 0.506250 0.019792 0.035417
0 0.173958 0.117188 0.020833 0.038542
0 0.279167 0.101042 0.037500 0.031250
0 0.755729 0.536979 0.046875 0.048958
0 0.942187 0.298438 0.051042 0.034375
0 0.395833 0.698958 0.047917 0.033333
0 0.572396 0.107292 0.042708 0.027083
0 0.235417 0.631771 0.029167 0.051042
0 0.240625 0.273438 0.043750 0.040625
0 0.605729 0.591667 0.044792 0.027083
0 0.546354 0.741667 0.036458 0.037500
0 0.097917 0.124479 0.054167 0.036458
0 0.234896 0.563542 0.044792 0.047917
0 0.206250 0.262500 0.035417 0.037500
0 0.147917 0.654167 0.037500 0.025000
0 0.134896 0.904687 0.044792 0.032292
0 0.955208 0.137500 0.027083 0.037500
0 0.113542 0.694271 0.047917 0.046875
0 0.692708 0.322917 0.041667 0.039583
0 0.076563 0.576562 0.044792 0.032292
0 0.967708 0.480208 0.043750 0.035417
0 0.483854 0.343229 0.026042 0.051042
0 0.458333 0.601042 0.033333 0.043750
0 0.641667 0.750521 0.027083 0.042708
0 0.242188 0.582812 0.051042 0.040625
0 0.834896 0.103646 0.034375 0.040625
0 0.175521 0.685417 0.028125 0.043750
0 0.782813 0.673438 0.044792 0.030208
0 0.416146 0.291146 0.046875 0.034375
0 0.809375 0.161458 0.029167 0.045833
0 0.320833 0.602604 0.018750 0.036458
0 0.725000 0.721875 0.035417 0.018750
0 0.776563 0.275000 0.028125 0.039583
0 0.554167 0.797396 0.033333 0.044792
0 0.718750 0.468229 0.033333 0.053125
0 0.523438 0.125521 0.051042 0.042708
0 0.269792 0.478125 0.052083 0.045833
0 0.316667 0.257292 0.043750 0.033333
0 0.618750 0.386458 0.035417 0.047917
0 0.179167 0.864062 0.041667 0.044792
0 0.213021 0.232292 0.030208 0.039583
0 0.763542 0.433854 0.052083 0.032292
0 0.748958 0.310937 0.035417 0.040625
0 0.586458 0.145313 0.050000 0.034375
0 0.102604 0.847396 0.034375 0.040625
0 0.771354 0.660937 0.036458 0.055208
0 0.334375 0.135417 0.043750 0.045833
0 0.235417 0.870313 0.045833 0.040625
0 0.810937 0.120833 0.038542 0.033333
0 0.156250 0.305208 0.052083 0.043750
0 0.256250 0.670312 0.054167 0.048958
0 0.118229 0.444792 0.040625 0.022917
0 0.509896 0.681771 0.040625 0.034375
0 0.344271 0.084896 0.030208 0.048958
0 0.467187 0.522917 0.046875 0.031250
0 0.088542 0.568750 0.039583 0.022917
0 0.612500 0.938542 0.020833 0.035417
0 0.676042 0.628125 0.029167 0.041667
0 0.244792 0.265104 0.045833 0.026042
0 0.196354 0.213542 0.030208 0.043750
0 0.625000 0.261458 0.031250 0.045833
0 0.771875 0.119271 0.041667 0.048958
0 0.251563 0.622917 0.036458 0.043750
0 0.303646 0.080729 0.032292 0.053125
0 0.584375 0.920833 0.050000 0.031250
0 0.839063 0.761979 0.032292 0.048958
0 0.821875 0.809896 0.041667 0.023958
0 0.710938 0.324479 0.030208 0.048958
0 0.539583 0.423438 0.039583 0.030208
0 0.924479 0.105729 0.038542 0.051042
0 0.567708 0.493750 0.045833 0.043750
0 0.541146 0.311979 0.023958 0.042708
0 0.625000 0.854688 0.039583 0.036458
0 0.792708 0.880208 0.052083 0.043750
0 0.302604 0.401042 0.038542 0.035417
0 0.379688 0.332813 0.042708 0.044792
0 0.765104 0.630729 0.051042 0.044792
0 0.832292 0.538542 0.029167 0.037500
0 0.230729 0.116146 0.026042 0.040625
0 0.878125 0.668750 0.052083 0.035417
0 0.832292 0.469271 0.043750 0.030208
0 0.901563 0.448958 0.028125 0.050000
0 0.119271 0.285938 0.044792 0.042708
0 0.841146 0.494271 0.040625 0.032292
0 0.407813 0.934896 0.036458 0.051042
0 0.647396 0.754167 0.028125 0.050000
0 0.116146 0.279167 0.038542 0.035417
0 0.166146 0.451562 0.048958 0.028125
0 0.104688 0.682292 0.032292 0.052083
0 0.769792 0.541667 0.047917 0.033333
0 0.514062 0.586458 0.032292 0.039583
0 0.257292 0.407292 0.037500 0.022917
0 0.577083 0.946875 0.047917 0.041667
0 0.683333 0.206250 0.031250 0.037500
0 0.872917 0.454688 0.047917 0.053125
0 0.533854 0.694271 0.036458 0.040625
0 0.917708 0.416146 0.039583 0.036458
0 0.941146 0.762500 0.023958 0.045833
0 0.163542 0.817708 0.035417 0.037500
0 0.766667 0.532292 0.045833 0.033333
0 0.293229 0.598437 0.038542 0.051042
0 0.332813 0.105208 0.051042 0.050000
0 0.931250 0.884375 0.047917 0.052083
0 0.113021 0.965625 0.044792 0.054167
0 0.391146 0.586979 0.036458 0.055208
0 0.263021 0.380208 0.038542 0.035417
0 0.815625 0.461979 0.031250 0.048958
0 0.801562 0.297396 0.053125 0.030208
0 0.947917 0.174479 0.039583 0.026042
0 0.321354 0.938021 0.055208 0.040625
0 0.317188 0.812500 0.040625 0.041667
0 0.689583 0.930729 0.037500 0.019792
0 0.451042 0.396875 0.037500 0.033333
0 0.817187 0.425521 0.055208 0.048958
0 0.320312 0.079167 0.032292 0.039583
0 0.627083 0.637500 0.043750 0.045833
0 0.581771 0.095312 0.034375 0.053125
0 0.915625 0.705729 0.031250 0.040625
0 0.534375 0.626042 0.025000 0.037500
0 0.504687 0.376042 0.030208 0.047917
0 0.501042 0.640104 0.045833 0.028125
0 0.209896 0.177083 0.028125 0.039583
0 0.556250 0.079167 0.027083 0.047917
0 0.719792 0.671875 0.039583 0.052083
0 0.647396 0.913021 0.044792 0.040625
0 0.679688 0.542188 0.040625 0.044792
0 0.642188 0.284896 0.028125 0.040625
0 0.491146 0.072396 0.034375 0.040625
0 0.161458 0.806771 0.043750 0.040625
0 0.677604 0.907813 0.023958 0.042708
0 0.196354 0.243229 0.048958 0.046875
0 0.433333 0.578125 0.025000 0.037500
0 0.649479 0.833854 0.019792 0.038542
0 0.219271 0.938021 0.026042 0.046875
0 0.377083 0.274479 0.045833 0.038542
0 0.848437 0.713021 0.038542 0.019792
0 0.508333 0.478646 0.039583 0.032292
0 0.362500 0.430208 0.043750 0.045833
0 0.359896 0.723437 0.040625 0.038542
0 0.235417 0.218750 0.039583 0.020833
0 0.281250 0.617188 0.054167 0.048958
0 0.841146 0.926042 0.044792 0.052083
0 0.751042 0.649479 0.039583 0.036458
0 0.595833 0.840625 0.033333 0.050000
0 0.554167 0.494792 0.035417 0.020833
0 0.871875 0.952083 0.047917 0.041667
0 0.789583 0.080208 0.031250 0.037500
0 0.576562 0.103646 0.042708 0.051042
0 0.885938 0.517708 0.034375 0.016667
0 0.169271 0.501042 0.038542 0.031250
0 0.789583 0.304688 0.037500 0.040625
0 0.956250 0.871875 0.052083 0.035417
0 0.655208 0.540104 0.029167 0.051042
0 0.330729 0.151562 0.021875 0.042708
0 0.371354 0.672396 0.023958 0.042708
0 0.247396 0.579688 0.021875 0.038542
0 0.381250 0.220312 0.037500 0.023958
0 0.936458 0.386979 0.050000 0.053125
0 0.773958 0.705208 0.050000 0.029167
0 0.578646 0.776563 0.040625 0.028125
0 0.221354 0.878125 0.038542 0.033333
0 0.202083 0.184375 0.020833 0.035417
0 0.421875 0.925521 0.043750 0.030208
0 0.111458 0.325521 0.039583 0.028125
0 0.446875 0.308333 0.041667 0.047917
0 0.270833 0.790625 0.035417 0.018750
0 0.788542 0.066146 0.047917 0.028125
0 0.946354 0.555729 0.042708 0.055208
0 0.256250 0.869271 0.039583 0.044792
0 0.805208 0.479167 0.052083 0.037500
0 0.804688 0.133854 0.046875 0.048958
0 0.635417 0.900521 0.027083 0.040625
0 0.347396 0.387500 0.032292 0.052083
0 0.730208 0.550521 0.031250 0.051042
0 0.213021 0.867708 0.038542 0.029167
0 0.886979 0.642188 0.040625 0.030208
0 0.918229 0.964583 0.038542 0.035417
0 0.737500 0.105208 0.047917 0.050000
0 0.935417 0.571875 0.043750 0.045833
0 0.857292 0.903125 0.041667 0.039583
0 0.654167 0.658854 0.045833 0.034375
0 0.525521 0.761979 0.038542 0.051042
0 0.612500 0.765625 0.047917 0.025000
0 0.565104 0.794792 0.034375 0.052083
0 0.804167 0.146354 0.037500 0.038542
0 0.663021 0.465104 0.040625 0.030208
0 0.609375 0.525521 0.035417 0.053125
0 0.126562 0.187500 0.040625 0.041667
0 0.259896 0.358854 0.040625 0.034375
0 0.529687 0.952083 0.042708 0.039583
0 0.645833 0.939063 0.050000 0.026042
0 0.933333 0.100000 0.043750 0.025000
0 0.335417 0.880729 0.035417 0.040625
0 0.374479 0.904167 0.030208 0.039583
0 0.415625 0.135417 0.041667 0.039583
0 0.509375 0.756771 0.050000 0.040625
0 0.600521 0.243229 0.055208 0.040625
0 0.865104 0.215104 0.040625 0.034375
0 0.429167 0.802604 0.047917 0.046875
0 0.317708 0.471354 0.052083 0.051042
0 0.396875 0.483854 0.037500 0.021875
0 0.226562 0.389583 0.036458 0.052083
0 0.248438 0.277083 0.038542 0.031250
0 0.854167 0.516667 0.039583 0.020833
0 0.541146 0.751563 0.042708 0.051042
0 0.405208 0.406771 0.045833 0.040625
0 0.720313 0.805208 0.044792 0.045833
0 0.686979 0.592187 0.021875 0.042708
0 0.835417 0.386458 0.041667 0.031250
0 0.561458 0.328125 0.027083 0.045833
0 0.126562 0.201563 0.032292 0.044792
0 0.516146 0.270833 0.038542 0.025000
0 0.539583 0.458333 0.041667 0.047917
0 0.322396 0.438021 0.044792 0.026042
0 0.435417 0.075000 0.022917 0.045833
0 0.951562 0.757292 0.034375 0.039583
0 0.329688 0.666146 0.048958 0.046875
0 0.494271 0.296875 0.053125 0.035417
0 0.203125 0.313542 0.047917 0.033333
0 0.235417 0.774479 0.041667 0.032292
0 0.424479 0.802083 0.038542 0.033333
0 0.243750 0.291146 0.039583 0.023958
0 0.529687 0.334375 0.051042 0.033333
0 0.351562 0.463542 0.019792 0.035417
0 0.727604 0.522917 0.051042 0.050000
0 0.919792 0.819271 0.041667 0.042708
0 0.703125 0.590104 0.039583 0.048958
0 0.131771 0.635417 0.038542 0.033333
0 0.695833 0.261979 0.047917 0.046875
0 0.759375 0.354687 0.027083 0.051042
0 0.463021 0.143750 0.042708 0.039583
0 0.383333 0.216146 0.052083 0.051042
0 0.913542 0.100521 0.043750 0.026042
0 0.490625 0.908333 0.041667 0.039583
0 0.774479 0.607812 0.055208 0.048958
0 0.250000 0.256250 0.029167 0.041667
0 0.897396 0.484375 0.028125 0.039583
0 0.491667 0.595313 0.039583 0.038542
0 0.651563 0.627083 0.038542 0.043750
0 0.558333 0.313542 0.047917 0.025000
0 0.277604 0.640104 0.040625 0.038542
0 0.243229 0.695833 0.048958 0.025000
0 0.713021 0.332292 0.048958 0.052083
0 0.084375 0.571875 0.033333 0.037500
0 0.459375 0.425000 0.041667 0.052083
0 0.629687 0.093229 0.053125 0.032292
0 0.239583 0.243229 0.050000 0.034375
0 0.660417 0.898958 0.025000 0.037500
0 0.250521 0.671354 0.051042 0.038542
0 0.851042 0.154688 0.025000 0.046875
0 0.632292 0.858854 0.039583 0.038542
0 0.690625 0.253125 0.043750 0.033333
0 0.178125 0.423438 0.047917 0.053125
0 0.804688 0.211979 0.040625 0.034375
0 0.391146 0.205208 0.038542 0.035417
0 0.439063 0.315104 0.040625 0.038542
0 0.441146 0.470313 0.040625 0.034375
0 0.070312 0.748437 0.036458 0.040625
0 0.786458 0.138021 0.035417 0.044792
0 0.150521 0.712500 0.038542 0.047917
0 0.476042 0.870833 0.029167 0.045833
0 0.791146 0.125000 0.036458 0.020833
0 0.381771 0.108333 0.019792 0.035417
0 0.460417 0.408854 0.045833 0.036458
0 0.413021 0.805208 0.028125 0.050000
0 0.807813 0.341146 0.053125 0.032292
0 0.675000 0.828125 0.050000 0.047917
0 0.645833 0.480729 0.035417 0.040625
0 0.547396 0.751563 0.034375 0.046875
0 0.100521 0.953646 0.040625 0.023958
0 0.351562 0.291146 0.055208 0.048958
0 0.541146 0.402083 0.042708 0.037500
0 0.567187 0.937500 0.046875 0.029167
0 0.697917 0.145833 0.029167 0.050000