0 0.672396 0.428646 0.042708 0.021875
0 0.194271 0.917188 0.040625 0.055208
0 0.321875 0.925000 0.022917 0.039583
0 0.310417 0.383854 0.029167 0.046875
0 0.927604 0.210938 0.040625 0.028125
0 0.472917 0.266667 0.043750 0.052083
0 0.501042 0.798958 0.035417 0.020833
0 0.781771 0.454688 0.036458 0.046875
0 0.648958 0.685417 0.020833 0.035417
0 0.495312 0.319792 0.023958 0.037500
0 0.391146 0.376042 0.040625 0.041667
0 0.464583 0.506771 0.025000 0.038542
0 0.957292 0.488021 0.052083 0.051042
0 0.548958 0.611458 0.029167 0.037500
0 0.258854 0.954167 0.038542 0.027083
0 0.633854 0.624479 0.040625 0.030208
0 0.118750 0.913021 0.039583 0.034375
0 0.369271 0.744792 0.034375 0.043750
0 0.481250 0.239583 0.052083 0.035417
0 0.919271 0.548958 0.053125 0.041667
0 0.736979 0.081771 0.038542 0.040625
0 0.682292 0.482812 0.050000 0.034375
0 0.402083 0.957292 0.037500 0.027083
0 0.227083 0.711458 0.037500 0.027083
0 0.706250 0.630729 0.041667 0.042708
0 0.191667 0.078125 0.047917 0.041667
0 0.393750 0.286979 0.035417 0.053125
0 0.693229 0.855729 0.042708 0.044792
0 0.641667 0.627083 0.045833 0.052083
0 0.709375 0.739062 0.043750 0.055208
0 0.860417 0.574479 0.020833 0.036458
0 0.517188 0.894271 0.055208 0.048958
0 0.270313 0.778646 0.042708 0.023958
0 0.211458 0.491667 0.052083 0.043750
0 0.968750 0.869271 0.050000 0.042708
0 0.716146 0.927083 0.042708 0.054167
0 0.544792 0.360938 0.031250 0.044792
0 0.143750 0.232292 0.043750 0.033333
0 0.358333 0.576042 0.052083 0.039583
0 0.558333 0.352083 0.031250 0.037500
0 0.241146 0.377604 0.048958 0.046875
0 0.745313 0.777083 0.044792 0.025000
0 0.306250 0.607812 0.031250 0.051042
0 0.653125 0.964583 0.020833 0.035417
0 0.712500 0.250000 0.039583 0.047917
0 0.802604 0.904167 0.048958 0.033333
0 0.300521 0.309375 0.019792 0.037500
0 0.271875 0.819792 0.050000 0.029167
0 0.427604 0.468750 0.053125 0.037500
0 0.329167 0.627083 0.039583 0.041667
0 0.560417 0.449479 0.031250 0.044792
0 0.572917 0.317708 0.027083 0.045833
0 0.760938 0.768750 0.048958 0.035417
0 0.781771 0.216667 0.042708 0.027083
0 0.184375 0.641146 0.041667 0.023958
0 0.813542 0.740104 0.039583 0.036458
0 0.415104 0.178646 0.051042 0.055208
0 0.114062 0.584896 0.026042 0.044792
0 0.954167 0.279687 0.039583 0.038542
0 0.564063 0.713021 0.028125 0.044792
0 0.499479 0.590625 0.026042 0.041667
0 0.585417 0.725521 0.047917 0.032292
0 0.790104 0.121875 0.046875 0.031250
0 0.688542 0.821354 0.022917 0.044792
0 0.207292 0.628125 0.043750 0.027083
0 0.670833 0.910937 0.045833 0.040625
0 0.282813 0.428646 0.048958 0.030208
0 0.435937 0.383854 0.026042 0.046875
0 0.691146 0.670833 0.038542 0.027083
0 0.549479 0.953646 0.053125 0.034375
0 0.171354 0.938021 0.053125 0.034375
0 0.179167 0.560417 0.041667 0.029167
0 0.151042 0.611979 0.043750 0.042708
0 0.740625 0.213021 0.045833 0.032292
0 0.346354 0.606250 0.053125 0.045833
0 0.913542 0.213021 0.052083 0.032292
0 0.216667 0.575000 0.035417 0.047917
0 0.293750 0.785937 0.039583 0.023958
0 0.463021 0.638021 0.036458 0.040625
0 0.555729 0.467708 0.053125 0.039583
0 0.140104 0.859375 0.038542 0.035417
0 0.538021 0.519792 0.040625 0.054167
0 0.914062 0.779167 0.051042 0.047917
0 0.511458 0.730729 0.035417 0.044792
0 0.401562 0.215625 0.042708 0.027083
0 0.544792 0.617188 0.027083 0.046875
0 0.965625 0.590104 0.037500 0.048958
0 0.103125 0.133333 0.022917 0.037500
0 0.687500 0.353125 0.047917 0.037500
0 0.567187 0.769792 0.038542 0.052083
0 0.923958 0.822396 0.039583 0.044792
0 0.507292 0.293229 0.039583 0.055208
0 0.449479 0.342708 0.040625 0.052083
0 0.265104 0.656771 0.030208 0.048958
0 0.825521 0.410938 0.040625 0.030208
0 0.531771 0.246354 0.028125 0.044792
0 0.181250 0.337500 0.025000 0.041667
0 0.095312 0.234896 0.038542 0.051042
0 0.773438 0.959896 0.044792 0.030208
0 0.752604 0.540104 0.046875 0.036458
0 0.230729 0.511458 0.051042 0.033333
0 0.788542 0.303646 0.045833 0.055208
0 0.817187 0.602083 0.038542 0.035417
0 0.481771 0.368229 0.040625 0.051042
0 0.422917 0.586458 0.043750 0.025000
0 0.255208 0.717187 0.029167 0.048958
0 0.808333 0.822917 0.031250 0.050000
0 0.519271 0.954167 0.038542 0.043750
0 0.854688 0.502083 0.026042 0.041667
0 0.137500 0.853646 0.041667 0.048958
0 0.473438 0.299479 0.044792 0.026042
0 0.745313 0.888021 0.048958 0.055208
0 0.354167 0.459375 0.043750 0.052083
0 0.217188 0.124479 0.044792 0.051042
0 0.144271 0.750000 0.051042 0.031250
0 0.143750 0.234375 0.039583 0.052083
0 0.293229 0.401562 0.036458 0.040625
0 0.283854 0.786458 0.021875 0.043750
0 0.865625 0.779167 0.052083 0.045833
0 0.107813 0.419271 0.053125 0.034375
0 0.378125 0.069792 0.037500 0.035417
0 0.830729 0.932813 0.046875 0.036458
0 0.216667 0.392708 0.037500 0.022917
0 0.759375 0.077083 0.045833 0.043750
0 0.231771 0.542708 0.053125 0.041667
0 0.967187 0.797396 0.038542 0.040625
0 0.491667 0.357292 0.035417 0.022917
0 0.563021 0.520833 0.044792 0.033333
0 0.485938 0.439063 0.038542 0.051042
0 0.110417 0.387500 0.041667 0.031250
0 0.612500 0.802604 0.022917 0.044792
0 0.607292 0.097917 0.041667 0.031250
0 0.143229 0.395313 0.051042 0.036458
0 0.657292 0.322396 0.027083 0.038542
0 0.849479 0.750521 0.051042 0.040625
0 0.222917 0.190625 0.047917 0.033333
0 0.921354 0.773438 0.044792 0.055208
0 0.554688 0.445833 0.032292 0.052083
0 0.572917 0.516667 0.035417 0.047917
0 0.351562 0.731250 0.046875 0.031250
0 0.184896 0.234375 0.036458 0.020833
0 0.821354 0.355729 0.046875 0.038542
0 0.733333 0.215104 0.043750 0.030208
0 0.107813 0.859896 0.046875 0.048958
0 0.678646 0.518229 0.040625 0.034375
0 0.699479 0.314063 0.051042 0.038542
0 0.773438 0.579688 0.028125 0.048958
0 0.272396 0.806771 0.034375 0.046875
0 0.420833 0.449479 0.050000 0.042708
0 0.736458 0.587500 0.047917 0.039583
0 0.104688 0.661979 0.028125 0.040625
0 0.808333 0.609896 0.045833 0.055208
0 0.136458 0.688021 0.029167 0.044792
0 0.413021 0.871875 0.046875 0.045833
0 0.794792 0.448958 0.043750 0.022917
0 0.954167 0.558854 0.033333 0.044792
0 0.747396 0.868750 0.036458 0.018750
0 0.934896 0.561979 0.023958 0.038542
0 0.850521 0.711979 0.040625 0.055208
0 0.523438 0.476042 0.026042 0.041667
0 0.824479 0.347917 0.023958 0.037500
0 0.325000 0.381250 0.037500 0.035417
0 0.112500 0.597917 0.035417 0.043750
0 0.321354 0.398438 0.026042 0.051042
0 0.456250 0.781250 0.045833 0.043750
0 0.175000 0.239583 0.037500 0.052083
0 0.676562 0.788542 0.044792 0.025000
0 0.320833 0.324479 0.039583 0.044792
0 0.628646 0.536979 0.040625 0.028125
0 0.890104 0.716146 0.038542 0.040625
0 0.180208 0.436458 0.025000 0.047917
0 0.952083 0.106250 0.029167 0.045833
0 0.956771 0.253646 0.055208 0.044792
0 0.453646 0.370312 0.040625 0.030208
0 0.270833 0.940625 0.035417 0.037500
0 0.085938 0.500000 0.026042 0.045833
0 0.916146 0.425521 0.046875 0.026042
0 0.828646 0.329167 0.053125 0.045833
0 0.404687 0.378125 0.034375 0.037500
0 0.956771 0.456250 0.034375 0.047917
0 0.132292 0.146354 0.054167 0.036458
0 0.951562 0.252604 0.046875 0.034375
0 0.669792 0.653125 0.029167 0.037500
0 0.286979 0.806771 0.044792 0.030208
0 0.599479 0.540625 0.040625 0.041667
0 0.388542 0.403125 0.039583 0.041667
0 0.901563 0.740625 0.040625 0.041667
0 0.278646 0.739583 0.021875 0.039583
0 0.129688 0.265104 0.032292 0.040625
0 0.866667 0.592708 0.035417 0.020833
0 0.610938 0.536458 0.048958 0.037500
0 0.929688 0.700000 0.032292 0.039583
0 0.520312 0.645312 0.030208 0.044792
0 0.637500 0.593229 0.054167 0.048958
0 0.833333 0.381771 0.043750 0.040625
0 0.465625 0.323437 0.050000 0.053125
0 0.645833 0.415625 0.041667 0.029167
0 0.857812 0.152083 0.030208 0.050000
0 0.960417 0.534375 0.052083 0.039583
0 0.265625 0.556250 0.050000 0.033333
0 0.396354 0.353646 0.048958 0.046875
0 0.132812 0.827083 0.038542 0.052083
0 0.457813 0.389583 0.034375 0.039583
0 0.785417 0.138542 0.047917 0.035417
0 0.790104 0.105208 0.038542 0.035417
0 0.840625 0.777083 0.043750 0.052083
0 0.800521 0.656771 0.048958 0.055208
0 0.442708 0.552083 0.045833 0.022917
0 0.722917 0.526042 0.041667 0.052083
0 0.557292 0.919792 0.035417 0.037500
0 0.177604 0.779687 0.044792 0.048958
0 0.590625 0.175000 0.043750 0.035417
0 0.650000 0.176042 0.045833 0.022917
0 0.409896 0.495833 0.038542 0.037500
0 0.461979 0.326562 0.040625 0.044792
0 0.352604 0.770833 0.030208 0.043750
0 0.075000 0.732292 0.037500 0.029167
0 0.929688 0.378646 0.051042 0.044792
0 0.788021 0.547396 0.030208 0.040625
0 0.104167 0.375000 0.052083 0.043750
0 0.173437 0.270833 0.042708 0.029167
0 0.964063 0.283333 0.044792 0.033333
0 0.123958 0.531771 0.050000 0.038542
0 0.440104 0.918750 0.036458 0.047917
0 0.878646 0.433333 0.023958 0.037500
0 0.540625 0.396875 0.045833 0.031250
0 0.385417 0.299479 0.045833 0.026042
0 0.536458 0.234896 0.035417 0.040625
0 0.718229 0.962500 0.046875 0.052083
0 0.478646 0.437500 0.038542 0.035417
0 0.624479 0.112500 0.038542 0.033333
0 0.733333 0.566667 0.041667 0.037500
0 0.681250 0.627604 0.050000 0.042708
0 0.147396 0.338542 0.053125 0.047917
0 0.614583 0.119792 0.041667 0.047917
0 0.593750 0.727604 0.041667 0.023958
0 0.616146 0.950521 0.028125 0.051042
0 0.746875 0.726562 0.043750 0.042708
0 0.585417 0.480729 0.054167 0.048958
0 0.453125 0.071354 0.037500 0.019792
0 0.276042 0.523958 0.039583 0.041667
0 0.133333 0.513542 0.045833 0.031250
0 0.900000 0.830729 0.035417 0.048958
0 0.188542 0.283854 0.050000 0.040625
0 0.813021 0.259375 0.036458 0.037500
0 0.797396 0.913542 0.040625 0.020833
0 0.757292 0.253125 0.037500 0.033333
0 0.735938 0.253125 0.032292 0.052083
0 0.636979 0.440104 0.038542 0.051042
0 0.676042 0.865625 0.050000 0.029167
0 0.190104 0.555208 0.036458 0.047917
0 0.486458 0.480208 0.037500 0.052083
0 0.384375 0.864583 0.047917 0.027083
0 0.344271 0.403125 0.026042 0.045833
0 0.798438 0.636458 0.048958 0.052083
0 0.598437 0.636979 0.044792 0.055208
0 0.628646 0.724479 0.044792 0.042708
0 0.210938 0.231771 0.053125 0.051042
0 0.117708 0.864062 0.045833 0.028125
0 0.694792 0.208333 0.029167 0.045833
0 0.961458 0.546354 0.054167 0.048958
0 0.578646 0.433854 0.053125 0.053125
0 0.780729 0.523958 0.019792 0.035417
0 0.523958 0.560417 0.037500 0.035417
0 0.683333 0.811979 0.052083 0.032292
0 0.301042 0.759375 0.025000 0.041667
0 0.707812 0.118750 0.048958 0.035417
0 0.653646 0.734375 0.023958 0.037500
0 0.666146 0.789062 0.017708 0.036458
0 0.839583 0.609896 0.037500 0.038542
0 0.708854 0.223958 0.044792 0.052083
0 0.330208 0.175000 0.043750 0.052083
0 0.457813 0.419271 0.021875 0.042708
0 0.368229 0.905729 0.048958 0.032292
0 0.913021 0.702083 0.023958 0.037500
0 0.830208 0.273438 0.035417 0.048958
0 0.947396 0.333333 0.038542 0.027083
0 0.509896 0.439063 0.038542 0.040625
0 0.439583 0.695833 0.050000 0.050000
0 0.459375 0.355208 0.018750 0.035417
0 0.353125 0.225000 0.037500 0.041667
0 0.896354 0.339583 0.051042 0.047917
0 0.552083 0.155729 0.039583 0.030208
0 0.844792 0.268750 0.052083 0.045833
0 0.177604 0.220833 0.046875 0.045833
0 0.543750 0.426042 0.033333 0.047917
0 0.918750 0.705208 0.039583 0.020833
0 0.150000 0.409896 0.039583 0.048958
0 0.465104 0.317708 0.036458 0.037500
0 0.648958 0.247396 0.037500 0.040625
0 0.260417 0.210417 0.043750 0.025000
0 0.221875 0.556771 0.035417 0.048958
0 0.406250 0.434896 0.047917 0.048958
0 0.661458 0.161458 0.037500 0.029167
0 0.709375 0.618229 0.039583 0.038542
0 0.864583 0.466667 0.041667 0.047917
0 0.847396 0.756250 0.032292 0.047917
0 0.429688 0.314063 0.042708 0.055208
0 0.114062 0.163021 0.036458 0.046875
0 0.629167 0.769271 0.039583 0.036458
0 0.771875 0.725000 0.050000 0.050000
0 0.532813 0.634896 0.053125 0.053125
0 0.101042 0.547396 0.054167 0.038542
0 0.887500 0.756250 0.037500 0.027083
0 0.227604 0.384375 0.048958 0.037500
0 0.766667 0.155208 0.041667 0.037500
0 0.122396 0.423958 0.021875 0.041667
0 0.900000 0.136458 0.043750 0.035417
0 0.869792 0.440625 0.050000 0.050000
0 0.790625 0.747396 0.047917 0.032292
0 0.679167 0.678125 0.037500 0.029167
0 0.932813 0.946354 0.055208 0.048958
0 0.558854 0.765104 0.046875 0.036458
0 0.879687 0.677083 0.034375 0.039583
0 0.347917 0.751042 0.041667 0.037500
0 0.682813 0.778646 0.046875 0.048958
0 0.297396 0.892188 0.051042 0.028125
0 0.779687 0.283854 0.048958 0.030208
0 0.345833 0.897396 0.035417 0.040625
0 0.384375 0.092188 0.031250 0.040625
0 0.227083 0.130208 0.039583 0.041667
0 0.531250 0.919271 0.043750 0.055208
0 0.223958 0.354687 0.037500 0.021875
0 0.200000 0.175521 0.031250 0.040625
0 0.846354 0.857812 0.032292 0.048958
0 0.265625 0.142708 0.045833 0.029167
0 0.680208 0.907292 0.022917 0.037500
0 0.598437 0.629167 0.036458 0.037500
0 0.781250 0.239063 0.035417 0.053125
0 0.703125 0.117188 0.045833 0.048958
0 0.639583 0.516667 0.037500 0.025000
0 0.476042 0.136979 0.050000 0.036458
0 0.950521 0.942708 0.040625 0.047917
0 0.615625 0.154688 0.041667 0.032292
0 0.243750 0.792188 0.052083 0.034375
0 0.459896 0.553646 0.046875 0.048958
0 0.932292 0.894271 0.031250 0.040625
0 0.735938 0.076563 0.023958 0.048958
0 0.504167 0.630208 0.031250 0.037500
0 0.639062 0.379167 0.021875 0.037500
0 0.395313 0.679688 0.055208 0.042708
0 0.707292 0.853125 0.047917 0.041667
0 0.115104 0.726562 0.034375 0.046875
0 0.165104 0.093750 0.038542 0.031250
0 0.540625 0.716667 0.037500 0.033333
0 0.841146 0.430208 0.038542 0.025000
0 0.385937 0.929167 0.042708 0.027083
0 0.570312 0.727604 0.044792 0.040625
0 0.483854 0.242188 0.036458 0.055208
0 0.661458 0.788542 0.045833 0.043750
0 0.846354 0.453646 0.021875 0.042708
0 0.901042 0.531771 0.033333 0.040625
0 0.492188 0.272917 0.048958 0.052083
0 0.904687 0.128125 0.044792 0.035417
0 0.697917 0.227083 0.018750 0.035417
0 0.711458 0.101042 0.041667 0.047917
0 0.635417 0.947396 0.043750 0.030208
0 0.108854 0.429688 0.053125 0.051042
0 0.605729 0.225521 0.038542 0.055208
0 0.778125 0.541667 0.037500 0.031250
0 0.203125 0.292187 0.043750 0.055208
0 0.944792 0.503646 0.029167 0.046875
0 0.633854 0.358854 0.046875 0.048958
0 0.891146 0.234896 0.038542 0.021875
0 0.747917 0.911979 0.054167 0.046875
0 0.604688 0.674479 0.042708 0.023958
0 0.836458 0.580729 0.041667 0.021875
0 0.694271 0.958854 0.044792 0.055208
0 0.894271 0.401562 0.040625 0.026042
0 0.483854 0.942187 0.046875 0.038542
0 0.524479 0.268750 0.030208 0.039583
0 0.266667 0.460417 0.052083 0.045833
0 0.963021 0.233333 0.036458 0.037500
0 0.235937 0.838542 0.048958 0.039583
0 0.151042 0.614583 0.052083 0.037500
0 0.245312 0.818750 0.028125 0.039583
0 0.873437 0.620833 0.032292 0.043750
0 0.660417 0.945833 0.041667 0.039583
0 0.847917 0.767188 0.043750 0.048958
0 0.831771 0.319271 0.023958 0.042708
0 0.335938 0.471875 0.034375 0.016667
0 0.389583 0.672917 0.050000 0.050000
0 0.727083 0.783854 0.047917 0.046875
0 0.397396 0.960938 0.055208 0.048958
0 0.177604 0.138021 0.023958 0.042708
0 0.880208 0.921875 0.052083 0.035417
0 0.833333 0.078646 0.052083 0.030208
0 0.275000 0.520833 0.041667 0.037500
0 0.393750 0.966667 0.045833 0.052083
0 0.886979 0.441667 0.038542 0.035417
0 0.385937 0.670312 0.023958 0.042708
0 0.836979 0.519792 0.038542 0.052083
0 0.602083 0.575000 0.052083 0.045833
0 0.174479 0.952604 0.042708 0.021875
0 0.914583 0.801042 0.033333 0.050000
0 0.224479 0.769792 0.032292 0.039583
0 0.231771 0.551042 0.040625 0.022917
0 0.303125 0.630208 0.045833 0.029167
0 0.954688 0.082292 0.032292 0.047917
0 0.159896 0.795833 0.046875 0.031250
0 0.385937 0.230729 0.042708 0.044792
0 0.185938 0.155208 0.026042 0.045833
0 0.838021 0.195833 0.038542 0.043750
0 0.968229 0.154167 0.040625 0.054167
0 0.504687 0.825521 0.048958 0.032292
0 0.371354 0.611458 0.028125 0.039583
0 0.857812 0.541146 0.040625 0.051042
0 0.963542 0.564583 0.052083 0.039583
0 0.907292 0.426563 0.027083 0.040625
0 0.262500 0.865104 0.054167 0.046875
0 0.365104 0.104167 0.026042 0.039583
0 0.177604 0.239063 0.053125 0.053125
0 0.911979 0.892188 0.034375 0.046875
0 0.197396 0.823438 0.055208 0.038542
0 0.293750 0.781771 0.035417 0.044792
0 0.171875 0.261979 0.039583 0.032292
0 0.331771 0.238021 0.048958 0.046875
0 0.481771 0.247917 0.019792 0.039583
0 0.608854 0.518229 0.044792 0.021875
0 0.868750 0.844271 0.035417 0.044792
0 0.756771 0.290625 0.034375 0.047917
0 0.469792 0.639583 0.052083 0.045833
0 0.653125 0.320312 0.050000 0.042708
0 0.933854 0.710417 0.048958 0.027083
0 0.642188 0.595313 0.040625 0.036458
0 0.745833 0.290625 0.037500 0.029167
0 0.396354 0.682813 0.055208 0.046875
0 0.949479 0.712500 0.046875 0.027083
0 0.713021 0.300521 0.053125 0.051042
0 0.810417 0.114583 0.043750 0.031250
0 0.550521 0.427604 0.026042 0.040625
0 0.686979 0.150521 0.046875 0.038542
0 0.935417 0.145313 0.031250 0.051042
0 0.359896 0.267188 0.042708 0.023958
0 0.145313 0.618750 0.053125 0.045833
0 0.297917 0.419792 0.043750 0.045833
0 0.291146 0.175521 0.032292 0.046875
0 0.933854 0.638021 0.040625 0.044792
0 0.598958 0.580729 0.045833 0.026042
0 0.844792 0.463542 0.041667 0.029167
0 0.103125 0.479687 0.041667 0.023958
0 0.460417 0.278646 0.031250 0.040625
0 0.431771 0.190625 0.036458 0.043750
0 0.146354 0.361458 0.038542 0.025000
0 0.071875 0.719792 0.022917 0.039583
0 0.404687 0.253125 0.038542 0.018750
0 0.460417 0.669271 0.052083 0.030208
0 0.800521 0.503646 0.044792 0.040625
0 0.913021 0.408854 0.038542 0.038542
0 0.397917 0.296354 0.043750 0.030208
0 0.101562 0.702604 0.028125 0.044792
0 0.092708 0.127083 0.041667 0.047917
0 0.730729 0.177604 0.053125 0.032292
0 0.727604 0.201042 0.046875 0.052083
0 0.853646 0.577083 0.038542 0.035417
0 0.348438 0.132812 0.028125 0.044792
0 0.650521 0.254688 0.038542 0.046875
0 0.248438 0.377604 0.040625 0.032292
0 0.834896 0.169271 0.046875 0.040625
0 0.577604 0.910417 0.036458 0.018750
0 0.241146 0.349479 0.038542 0.040625
0 0.675521 0.094271 0.026042 0.046875
0 0.566146 0.413542 0.021875 0.041667
0 0.280729 0.407813 0.032292 0.053125
0 0.553646 0.608854 0.040625 0.051042
0 0.253646 0.948958 0.046875 0.052083
0 0.804688 0.813542 0.036458 0.047917
0 0.672396 0.125521 0.032292 0.053125
0 0.843229 0.665104 0.040625 0.036458
0 0.555729 0.720313 0.044792 0.028125
0 0.295833 0.097396 0.022917 0.044792
0 0.237500 0.797396 0.052083 0.053125
0 0.802083 0.203646 0.029167 0.046875
0 0.949479 0.403646 0.034375 0.046875
0 0.089583 0.551042 0.039583 0.025000
0 0.639583 0.162500 0.033333 0.043750
0 0.122917 0.792708 0.029167 0.045833
0 0.208854 0.698438 0.036458 0.040625
0 0.651042 0.575521 0.018750 0.036458
0 0.920312 0.529167 0.023958 0.047917
0 0.827083 0.366146 0.020833 0.042708
0 0.204167 0.475521 0.039583 0.019792
0 0.326562 0.410417 0.042708 0.025000
0 0.496875 0.764583 0.037500 0.052083
0 0.546875 0.902604 0.035417 0.040625
0 0.081771 0.657292 0.028125 0.043750
0 0.450000 0.949479 0.054167 0.044792
0 0.730729 0.684375 0.026042 0.045833
0 0.253125 0.844792 0.045833 0.031250
0 0.724479 0.134896 0.040625 0.032292
0 0.760938 0.099479 0.053125 0.053125
0 0.408854 0.910937 0.038542 0.046875
0 0.622396 0.137500 0.038542 0.043750
0 0.200000 0.554688 0.045833 0.032292
0 0.411458 0.749479 0.031250 0.048958
0 0.548958 0.675000 0.037500 0.033333
0 0.623437 0.944271 0.053125 0.034375
0 0.648958 0.116667 0.039583 0.041667
0 0.546354 0.078646 0.040625 0.030208
0 0.431250 0.092708 0.020833 0.035417
0 0.821875 0.565104 0.039583 0.036458
0 0.215104 0.720313 0.053125 0.030208
0 0.327083 0.691146 0.045833 0.036458
0 0.758854 0.936979 0.030208 0.044792
0 0.581250 0.301042 0.031250 0.041667
0 0.355729 0.672396 0.036458 0.051042
0 0.523958 0.460417 0.035417 0.037500
0 0.537500 0.284896 0.047917 0.030208
0 0.663021 0.342708 0.036458 0.043750
0 0.692708 0.495312 0.031250 0.048958
0 0.929167 0.220833 0.033333 0.037500
0 0.081771 0.609375 0.030208 0.043750
0 0.880729 0.820312 0.040625 0.019792
0 0.905208 0.690625 0.043750 0.045833
0 0.479167 0.857292 0.052083 0.047917
0 0.390625 0.647396 0.039583 0.036458
0 0.482292 0.871875 0.037500 0.047917
0 0.508333 0.716146 0.045833 0.028125
0 0.577083 0.363021 0.031250 0.048958
0 0.303125 0.529687 0.045833 0.036458
0 0.089063 0.397396 0.042708 0.023958
0 0.198437 0.666146 0.044792 0.042708
0 0.525000 0.176042 0.047917 0.041667
0 0.137500 0.246354 0.020833 0.036458
0 0.233854 0.754167 0.036458 0.020833
0 0.426563 0.515625 0.026042 0.045833
0 0.311458 0.467708 0.045833 0.043750
0 0.670833 0.190104 0.037500 0.044792
0 0.894792 0.085417 0.047917 0.041667
0 0.331250 0.357292 0.033333 0.037500
0 0.651042 0.682813 0.052083 0.051042
0 0.676562 0.166146 0.038542 0.055208
0 0.627083 0.281771 0.037500 0.044792
0 0.623958 0.231250 0.041667 0.039583
0 0.332292 0.766667 0.045833 0.022917
0 0.584896 0.201563 0.044792 0.040625
0 0.778125 0.691667 0.029167 0.050000
0 0.460938 0.251563 0.034375 0.040625
0 0.361458 0.483854 0.045833 0.026042
0 0.179167 0.192188 0.054167 0.048958
0 0.717708 0.594271 0.022917 0.042708
0 0.579167 0.363021 0.043750 0.048958
0 0.775521 0.782813 0.026042 0.040625
0 0.736979 0.341667 0.046875 0.045833
0 0.083854 0.287500 0.046875 0.027083
0 0.705729 0.197917 0.038542 0.037500
0 0.943750 0.216146 0.039583 0.026042
0 0.881250 0.070312 0.039583 0.030208
0 0.741146 0.781771 0.046875 0.034375
0 0.508333 0.379688 0.029167 0.044792
0 0.547917 0.348958 0.025000 0.039583
0 0.804167 0.914062 0.041667 0.032292
0 0.599479 0.884375 0.042708 0.047917
0 0.251042 0.155208 0.031250 0.045833
0 0.458333 0.858854 0.047917 0.053125
0 0.388542 0.838021 0.039583 0.036458
0 0.395313 0.664062 0.028125 0.040625
0 0.700521 0.367188 0.023958 0.046875
0 0.614583 0.668229 0.043750 0.042708
0 0.615104 0.419792 0.023958 0.043750
0 0.798438 0.208333 0.053125 0.045833
0 0.278125 0.686458 0.031250 0.037500
0 0.088021 0.359375 0.032292 0.043750
0 0.765625 0.554167 0.027083 0.047917
0 0.811458 0.968229 0.029167 0.044792
0 0.789583 0.926042 0.020833 0.035417
0 0.743229 0.096875 0.053125 0.041667
0 0.083854 0.581771 0.051042 0.044792
0 0.129688 0.080208 0.042708 0.039583
0 0.864583 0.582292 0.022917 0.043750
0 0.365104 0.753646 0.044792 0.055208
0 0.524479 0.563021 0.055208 0.036458
0 0.924479 0.707812 0.040625 0.055208
0 0.321875 0.269792 0.025000 0.047917
0 0.446354 0.842708 0.044792 0.025000
0 0.704167 0.289583 0.045833 0.031250
0 0.482812 0.686979 0.038542 0.055208
0 0.216146 0.525000 0.048958 0.039583
0 0.089583 0.662500 0.016667 0.033333
0 0.957292 0.196875 0.037500 0.047917
0 0.659896 0.500521 0.046875 0.026042
0 0.620833 0.719792 0.041667 0.029167
0 0.396354 0.562500 0.036458 0.037500
0 0.334896 0.908333 0.053125 0.045833
0 0.551562 0.890104 0.055208 0.051042
0 0.830729 0.714583 0.048958 0.052083
0 0.510417 0.357812 0.039583 0.048958
0 0.140104 0.241667 0.042708 0.031250
0 0.773438 0.763542 0.021875 0.041667
0 0.640625 0.600000 0.037500 0.041667
0 0.323958 0.296875 0.052083 0.037500
0 0.533854 0.326042 0.040625 0.020833
0 0.704167 0.304688 0.039583 0.038542
0 0.083333 0.281771 0.045833 0.048958
0 0.600000 0.720833 0.033333 0.043750
0 0.363021 0.222396 0.048958 0.046875
0 0.923438 0.266146 0.023958 0.042708
0 0.719792 0.616146 0.050000 0.053125
0 0.957812 0.625521 0.046875 0.026042
0 0.795833 0.182292 0.031250 0.037500
0 0.659896 0.656771 0.042708 0.023958
0 0.184896 0.705729 0.051042 0.053125
0 0.728646 0.723437 0.030208 0.040625
0 0.709896 0.672917 0.030208 0.039583
0 0.498437 0.528125 0.038542 0.035417
0 0.218750 0.139583 0.025000 0.043750
0 0.842708 0.228646 0.039583 0.023958
0 0.859375 0.169271 0.041667 0.023958
0 0.850000 0.278125 0.035417 0.052083
0 0.967187 0.290625 0.038542 0.027083
0 0.395833 0.819792 0.041667 0.025000
0 0.363021 0.242708 0.038542 0.035417
0 0.844271 0.347396 0.044792 0.055208
0 0.566146 0.624479 0.055208 0.042708
0 0.559896 0.217188 0.048958 0.055208
0 0.169792 0.278646 0.054167 0.040625
0 0.540104 0.758854 0.032292 0.048958
0 0.361979 0.913542 0.038542 0.033333
0 0.675000 0.573438 0.043750 0.030208
0 0.872917 0.364063 0.045833 0.026042
0 0.357292 0.460417 0.039583 0.041667
0 0.575521 0.758854 0.030208 0.040625
0 0.223958 0.858333 0.029167 0.045833
0 0.522396 0.864062 0.038542 0.046875
0 0.751563 0.707292 0.044792 0.047917
0 0.602083 0.288542 0.043750 0.033333
0 0.740625 0.499479 0.052083 0.053125
0 0.517188 0.669271 0.046875 0.048958
0 0.815625 0.851042 0.037500 0.052083
0 0.153125 0.378646 0.039583 0.053125
0 0.436979 0.232292 0.034375 0.037500
0 0.548958 0.210938 0.043750 0.028125
0 0.725000 0.560417 0.033333 0.043750
0 0.150521 0.072917 0.042708 0.039583
0 0.503646 0.566667 0.046875 0.043750
0 0.345833 0.691146 0.050000 0.053125
0 0.408854 0.240625 0.048958 0.033333
0 0.554688 0.127083 0.048958 0.037500
0 0.256771 0.558854 0.040625 0.044792
0 0.394271 0.196354 0.055208 0.042708
0 0.098958 0.864583 0.029167 0.050000
0 0.520833 0.329688 0.054167 0.040625
0 0.305208 0.236458 0.025000 0.039583
0 0.588542 0.331771 0.022917 0.040625
0 0.918750 0.664062 0.045833 0.055208
0 0.660417 0.193750 0.047917 0.039583
0 0.648958 0.348438 0.050000 0.036458
0 0.798958 0.543750 0.035417 0.020833
0 0.298438 0.712500 0.032292 0.052083
0 0.924479 0.577083 0.028125 0.041667
0 0.898438 0.637500 0.017708 0.035417
0 0.107292 0.084375 0.027083 0.037500
0 0.854688 0.659896 0.055208 0.046875
0 0.337500 0.427604 0.045833 0.032292
0 0.418229 0.307812 0.042708 0.055208
0 0.104167 0.111979 0.043750 0.042708
0 0.384375 0.961979 0.050000 0.038542
0 0.931771 0.685417 0.053125 0.043750
0 0.371354 0.776042 0.038542 0.025000
0 0.930729 0.147917 0.028125 0.043750
0 0.223958 0.537500 0.035417 0.035417
0 0.737500 0.689063 0.054167 0.048958
0 0.834375 0.532813 0.047917 0.032292
0 0.351562 0.159375 0.028125 0.045833
0 0.563021 0.157812 0.053125 0.030208
0 0.227604 0.626563 0.023958 0.040625
0 0.266667 0.761458 0.039583 0.020833
0 0.870313 0.941146 0.038542 0.046875
0 0.854688 0.616667 0.026042 0.039583
0 0.153125 0.208854 0.041667 0.044792
0 0.732812 0.594271 0.046875 0.048958
0 0.554688 0.097396 0.044792 0.040625
0 0.612500 0.320312 0.018750 0.036458
0 0.731771 0.139583 0.019792 0.035417
0 0.454167 0.594271 0.039583 0.026042
0 0.762500 0.733333 0.033333 0.043750
0 0.102083 0.719792 0.043750 0.022917
0 0.353125 0.195833 0.033333 0.050000
0 0.635938 0.856771 0.046875 0.048958
0 0.421875 0.871354 0.027083 0.038542
0 0.805729 0.638021 0.044792 0.042708
0 0.222917 0.883854 0.041667 0.055208
0 0.902083 0.149479 0.020833 0.042708