0 0.608854 0.395313 0.023958 0.046875
0 0.247396 0.115104 0.036458 0.040625
0 0.268229 0.221875 0.034375 0.043750
0 0.634896 0.065104 0.040625 0.026042
0 0.518229 0.135937 0.032292 0.053125
0 0.930729 0.399479 0.044792 0.040625
0 0.769271 0.296354 0.032292 0.046875
0 0.447917 0.852604 0.045833 0.036458
0 0.961458 0.725521 0.039583 0.026042
0 0.278125 0.936979 0.054167 0.044792
0 0.085417 0.739583 0.041667 0.025000
0 0.096875 0.751042 0.043750 0.052083
0 0.566667 0.378646 0.022917 0.038542
0 0.839063 0.858854 0.048958 0.030208
0 0.153646 0.386979 0.021875 0.042708
0 0.914583 0.711979 0.050000 0.038542
0 0.592187 0.777604 0.044792 0.030208
0 0.747917 0.696354 0.050000 0.053125
0 0.418750 0.610417 0.041667 0.029167
0 0.529687 0.896354 0.040625 0.028125
0 0.725000 0.809896 0.054167 0.036458
0 0.897917 0.760938 0.050000 0.040625
0 0.219271 0.722396 0.044792 0.055208
0 0.554167 0.480208 0.031250 0.043750
0 0.607812 0.156250 0.046875 0.052083
0 0.501042 0.475521 0.033333 0.040625
0 0.430208 0.295833 0.045833 0.029167
0 0.655208 0.580729 0.050000 0.034375
0 0.489063 0.752604 0.032292 0.044792
0 0.638542 0.732292 0.039583 0.025000
0 0.955208 0.083854 0.035417 0.044792
0 0.154688 0.659375 0.048958 0.035417
0 0.240104 0.088542 0.053125 0.047917
0 0.690104 0.086979 0.034375 0.040625
0 0.217708 0.460938 0.039583 0.030208
0 0.736979 0.112500 0.042708 0.029167
0 0.368229 0.125521 0.044792 0.042708
0 0.458333 0.297917 0.037500 0.031250
0 0.194792 0.827083 0.031250 0.050000
0 0.529167 0.573438 0.029167 0.044792
0 0.700521 0.242188 0.044792 0.026042
0 0.514583 0.706250 0.047917 0.037500
0 0.896354 0.336458 0.034375 0.039583
0 0.689063 0.877083 0.036458 0.043750
0 0.444792 0.242188 0.041667 0.044792
0 0.550521 0.229687 0.038542 0.046875
0 0.610417 0.819792 0.033333 0.037500
0 0.307292 0.680208 0.035417 0.047917
0 0.352604 0.401562 0.028125 0.040625
0 0.450521 0.860938 0.044792 0.026042
0 0.529167 0.855208 0.025000 0.043750
0 0.947917 0.435417 0.029167 0.045833
0 0.354167 0.196875 0.043750 0.052083
0 0.709896 0.343750 0.051042 0.047917
0 0.933333 0.769271 0.037500 0.038542
0 0.679167 0.572917 0.037500 0.052083
0 0.501563 0.724479 0.048958 0.055208
0 0.356250 0.183333 0.035417 0.018750
0 0.837500 0.781771 0.050000 0.044792
0 0.404687 0.772917 0.030208 0.047917
0 0.576562 0.892188 0.046875 0.048958
0 0.081771 0.480729 0.030208 0.048958
0 0.260937 0.626563 0.026042 0.040625
0 0.786458 0.815625 0.047917 0.027083
0 0.748958 0.950000 0.052083 0.047917
0 0.398958 0.962500 0.043750 0.045833
0 0.695312 0.520833 0.036458 0.043750
0 0.393229 0.160417 0.036458 0.020833
0 0.508854 0.533854 0.040625 0.028125
0 0.255729 0.182812 0.030208 0.044792
0 0.154688 0.124479 0.038542 0.051042
0 0.381771 0.408333 0.038542 0.043750
0 0.695833 0.136458 0.027083 0.047917
0 0.617708 0.342708 0.045833 0.031250
0 0.611458 0.225000 0.035417 0.037500
0 0.283333 0.827083 0.031250 0.045833
0 0.853125 0.217708 0.025000 0.047917
0 0.232813 0.512500 0.046875 0.045833
0 0.472396 0.073958 0.028125 0.043750
0 0.560417 0.171875 0.033333 0.037500
0 0.516667 0.335417 0.027083 0.045833
0 0.360938 0.893229 0.040625 0.034375
0 0.757292 0.557292 0.045833 0.031250
0 0.128646 0.755208 0.046875 0.043750
0 0.949479 0.634375 0.046875 0.029167
0 0.608854 0.807813 0.028125 0.048958
0 0.452083 0.815104 0.037500 0.040625
0 0.227604 0.919271 0.044792 0.032292
0 0.953125 0.209375 0.037500 0.047917
0 0.475521 0.097396 0.036458 0.046875
0 0.654687 0.092708 0.051042 0.047917
0 0.096875 0.965104 0.035417 0.048958
0 0.840104 0.157812 0.040625 0.036458
0 0.855729 0.140104 0.046875 0.036458
0 0.078646 0.586458 0.032292 0.039583
0 0.133854 0.251042 0.044792 0.025000
0 0.782292 0.668229 0.047917 0.053125
0 0.837500 0.332813 0.020833 0.038542
0 0.211979 0.400521 0.032292 0.040625
0 0.813542 0.500521 0.037500 0.044792
0 0.789062 0.242188 0.055208 0.048958
0 0.534375 0.388021 0.027083 0.048958
0 0.413542 0.733854 0.054167 0.044792
0 0.116146 0.278646 0.034375 0.040625
0 0.592187 0.655729 0.036458 0.055208
0 0.122396 0.152083 0.036458 0.018750
0 0.759896 0.755729 0.053125 0.034375
0 0.358333 0.609375 0.037500 0.025000
0 0.148438 0.104688 0.051042 0.028125
0 0.389583 0.958854 0.041667 0.021875
0 0.177083 0.132812 0.025000 0.038542
0 0.693750 0.519792 0.052083 0.035417
0 0.170313 0.365625 0.040625 0.054167
0 0.393229 0.126042 0.032292 0.039583
0 0.413021 0.836458 0.038542 0.035417
0 0.943229 0.779687 0.030208 0.053125
0 0.717708 0.478125 0.033333 0.037500
0 0.596875 0.101562 0.045833 0.034375
0 0.466146 0.257812 0.048958 0.030208
0 0.245833 0.368750 0.037500 0.022917
0 0.114583 0.155729 0.037500 0.038542
0 0.783333 0.133854 0.039583 0.030208
0 0.326042 0.563021 0.054167 0.044792
0 0.157812 0.145313 0.051042 0.040625
0 0.472917 0.121354 0.039583 0.044792
0 0.804167 0.693229 0.047917 0.046875
0 0.829167 0.498437 0.035417 0.044792
0 0.104167 0.449479 0.029167 0.046875
0 0.563542 0.692708 0.037500 0.025000
0 0.906771 0.180208 0.040625 0.041667
0 0.311979 0.838021 0.046875 0.028125
0 0.512500 0.818229 0.050000 0.036458
0 0.678646 0.641146 0.048958 0.055208
0 0.245312 0.356771 0.028125 0.044792
0 0.952083 0.195833 0.033333 0.016667
0 0.766146 0.518750 0.034375 0.037500
0 0.385937 0.651042 0.030208 0.050000
0 0.734896 0.444792 0.044792 0.035417
0 0.479167 0.506771 0.039583 0.028125
0 0.096354 0.602083 0.048958 0.039583
0 0.244792 0.650521 0.027083 0.040625
0 0.379167 0.908854 0.033333 0.040625
0 0.840104 0.625000 0.038542 0.052083
0 0.315625 0.259375 0.029167 0.050000
0 0.532292 0.145833 0.035417 0.047917
0 0.888542 0.878646 0.027083 0.046875
0 0.361458 0.660417 0.041667 0.037500
0 0.443750 0.482292 0.025000 0.041667
0 0.140625 0.817708 0.039583 0.052083
0 0.944271 0.686458 0.046875 0.043750
0 0.918229 0.687500 0.038542 0.052083
0 0.441667 0.250000 0.045833 0.043750
0 0.792188 0.366146 0.044792 0.051042
0 0.434375 0.440625 0.045833 0.043750
0 0.616667 0.851042 0.037500 0.035417
0 0.472917 0.242188 0.033333 0.048958
0 0.945312 0.590625 0.030208 0.050000
0 0.481771 0.882812 0.046875 0.055208
0 0.396354 0.712500 0.040625 0.020833
0 0.381771 0.514062 0.046875 0.023958
0 0.494792 0.475000 0.029167 0.045833
0 0.671354 0.298958 0.026042 0.047917
0 0.686458 0.733333 0.035417 0.043750
0 0.457813 0.595313 0.038542 0.040625
0 0.616146 0.533854 0.044792 0.026042
0 0.485938 0.544792 0.034375 0.039583
0 0.179688 0.655208 0.036458 0.047917
0 0.872396 0.406250 0.034375 0.047917
0 0.830729 0.096354 0.053125 0.051042
0 0.795833 0.548958 0.052083 0.035417
0 0.138021 0.441146 0.040625 0.034375
0 0.464583 0.115104 0.033333 0.048958
0 0.217188 0.188021 0.044792 0.042708
0 0.227083 0.495833 0.029167 0.041667
0 0.098958 0.159375 0.020833 0.039583
0 0.181250 0.400000 0.027083 0.037500
0 0.929688 0.381250 0.048958 0.025000
0 0.914583 0.356250 0.043750 0.035417
0 0.401562 0.819792 0.038542 0.029167
0 0.219271 0.820833 0.040625 0.041667
0 0.900000 0.704688 0.031250 0.048958
0 0.711979 0.349479 0.019792 0.040625
0 0.831771 0.651042 0.042708 0.020833
0 0.931250 0.799479 0.045833 0.048958
0 0.145313 0.663542 0.046875 0.043750
0 0.758854 0.452083 0.051042 0.033333
0 0.960938 0.286458 0.038542 0.029167
0 0.697917 0.507812 0.043750 0.042708
0 0.195312 0.735417 0.046875 0.022917
0 0.876042 0.217708 0.041667 0.037500
0 0.175000 0.149479 0.047917 0.055208
0 0.775000 0.707812 0.039583 0.038542
0 0.724479 0.750000 0.048958 0.027083
0 0.169792 0.957292 0.031250 0.037500
0 0.552604 0.801562 0.040625 0.036458
0 0.920833 0.439583 0.047917 0.039583
0 0.148958 0.290104 0.045833 0.048958
0 0.425000 0.292187 0.054167 0.036458
0 0.070833 0.681250 0.031250 0.037500
0 0.942187 0.706250 0.044792 0.033333
0 0.361458 0.545312 0.039583 0.026042
0 0.195833 0.204687 0.045833 0.038542
0 0.182812 0.445833 0.030208 0.047917
0 0.305729 0.547396 0.053125 0.053125
0 0.538021 0.727604 0.051042 0.055208
0 0.377604 0.309896 0.028125 0.046875
0 0.194271 0.481250 0.040625 0.054167
0 0.179688 0.689583 0.034375 0.039583
0 0.876042 0.893750 0.043750 0.025000
0 0.833854 0.264062 0.036458 0.055208
0 0.826042 0.719271 0.037500 0.038542
0 0.238021 0.921875 0.036458 0.037500
0 0.284375 0.756250 0.037500 0.031250
0 0.096875 0.813021 0.037500 0.038542
0 0.351042 0.357292 0.031250 0.037500
0 0.359896 0.563542 0.032292 0.043750
0 0.696875 0.411979 0.050000 0.053125
0 0.752083 0.517188 0.045833 0.034375
0 0.757812 0.531771 0.053125 0.030208
0 0.419792 0.441667 0.043750 0.037500
0 0.200521 0.195312 0.046875 0.040625
0 0.525521 0.589063 0.028125 0.040625
0 0.373437 0.802083 0.034375 0.047917
0 0.588542 0.706771 0.025000 0.046875
0 0.633854 0.585938 0.046875 0.055208
0 0.752083 0.692187 0.043750 0.021875
0 0.968750 0.589063 0.043750 0.026042
0 0.742188 0.575000 0.026042 0.045833
0 0.869792 0.219271 0.037500 0.048958
0 0.923958 0.272917 0.050000 0.033333
0 0.348438 0.516667 0.048958 0.025000
0 0.310937 0.889062 0.034375 0.040625
0 0.855208 0.404167 0.035417 0.018750
0 0.146875 0.882292 0.052083 0.043750
0 0.326562 0.679167 0.034375 0.043750
0 0.911458 0.846354 0.052083 0.032292
0 0.096875 0.465625 0.037500 0.027083
0 0.406771 0.639062 0.036458 0.051042
0 0.150521 0.484375 0.044792 0.047917
0 0.855729 0.310937 0.023958 0.042708
0 0.925000 0.139583 0.031250 0.037500
0 0.474479 0.613021 0.048958 0.046875
0 0.296354 0.389583 0.019792 0.035417
0 0.373958 0.702604 0.047917 0.030208
0 0.782292 0.659896 0.020833 0.040625
0 0.322917 0.456771 0.035417 0.053125
0 0.710938 0.701042 0.032292 0.039583
0 0.923438 0.735938 0.034375 0.040625
0 0.932292 0.710417 0.037500 0.047917
0 0.720833 0.955208 0.031250 0.037500
0 0.474479 0.663542 0.028125 0.045833
0 0.353125 0.260937 0.045833 0.038542
0 0.963542 0.185417 0.035417 0.052083
0 0.830729 0.298958 0.034375 0.043750
0 0.880208 0.709375 0.041667 0.027083
0 0.108333 0.504687 0.025000 0.038542
0 0.432812 0.200521 0.048958 0.034375
0 0.607292 0.210938 0.035417 0.044792
0 0.421875 0.243750 0.039583 0.047917
0 0.253125 0.776042 0.043750 0.025000
0 0.182292 0.655729 0.045833 0.048958
0 0.600000 0.785937 0.033333 0.048958
0 0.215625 0.965104 0.039583 0.044792
0 0.845313 0.795312 0.042708 0.051042
0 0.622917 0.086458 0.047917 0.025000
0 0.350000 0.087500 0.050000 0.050000
0 0.578125 0.522396 0.047917 0.053125
0 0.558854 0.178646 0.048958 0.046875
0 0.624479 0.584375 0.019792 0.039583
0 0.578646 0.900521 0.032292 0.046875
0 0.739583 0.363542 0.045833 0.043750
0 0.677604 0.611979 0.032292 0.040625
0 0.246354 0.417708 0.042708 0.037500
0 0.254688 0.143229 0.051042 0.044792
0 0.493229 0.488021 0.026042 0.046875
0 0.802083 0.164583 0.041667 0.027083
0 0.608854 0.380729 0.055208 0.046875
0 0.605208 0.390625 0.022917 0.037500
0 0.536458 0.629687 0.054167 0.036458
0 0.769792 0.629167 0.050000 0.047917
0 0.275521 0.270313 0.048958 0.030208
0 0.459896 0.745313 0.040625 0.028125
0 0.261979 0.861458 0.042708 0.033333
0 0.352083 0.495312 0.043750 0.042708
0 0.297917 0.122396 0.043750 0.048958
0 0.864583 0.442708 0.052083 0.045833
0 0.290625 0.427083 0.037500 0.022917
0 0.869271 0.741146 0.036458 0.040625
0 0.871875 0.692708 0.031250 0.050000
0 0.362500 0.394792 0.037500 0.041667
0 0.775521 0.798438 0.028125 0.040625
0 0.205729 0.471354 0.051042 0.042708
0 0.471875 0.160417 0.025000 0.041667
0 0.918750 0.243229 0.035417 0.040625
0 0.773438 0.119792 0.038542 0.027083
0 0.702604 0.823958 0.034375 0.052083
0 0.578125 0.293229 0.039583 0.055208
0 0.667188 0.781771 0.036458 0.040625
0 0.439583 0.597917 0.047917 0.025000
0 0.202604 0.729688 0.038542 0.055208
0 0.375000 0.310417 0.037500 0.041667
0 0.595313 0.482812 0.042708 0.044792
0 0.274479 0.896875 0.034375 0.037500
0 0.559896 0.888542 0.026042 0.041667
0 0.956250 0.075521 0.043750 0.040625
0 0.184375 0.124479 0.054167 0.048958
0 0.841667 0.569271 0.031250 0.051042
0 0.929167 0.675000 0.043750 0.045833
0 0.700521 0.907292 0.034375 0.043750
0 0.723437 0.763542 0.048958 0.050000
0 0.507812 0.491667 0.042708 0.039583
0 0.909375 0.298958 0.039583 0.052083
0 0.678125 0.561458 0.025000 0.043750
0 0.754167 0.397396 0.039583 0.023958
0 0.176563 0.673958 0.038542 0.022917
0 0.880208 0.940104 0.039583 0.026042
0 0.582812 0.670312 0.026042 0.051042
0 0.237500 0.642708 0.047917 0.027083
0 0.294271 0.209375 0.038542 0.047917
0 0.515625 0.884375 0.033333 0.016667
0 0.135417 0.736979 0.027083 0.038542
0 0.540104 0.262500 0.046875 0.052083
0 0.911979 0.539062 0.055208 0.051042
0 0.347396 0.868229 0.034375 0.040625
0 0.599479 0.131771 0.036458 0.051042
0 0.786458 0.651042 0.035417 0.047917
0 0.948438 0.736458 0.026042 0.045833
0 0.678646 0.786458 0.042708 0.054167
0 0.476562 0.587500 0.042708 0.054167
0 0.797396 0.123438 0.040625 0.036458
0 0.610938 0.236979 0.046875 0.023958
0 0.101042 0.944271 0.041667 0.021875
0 0.355729 0.481250 0.021875 0.039583
0 0.743229 0.539062 0.055208 0.042708
0 0.156250 0.419271 0.025000 0.038542
0 0.702604 0.388021 0.044792 0.040625
0 0.551042 0.519792 0.033333 0.037500
0 0.556250 0.884896 0.031250 0.044792
0 0.618229 0.965104 0.040625 0.036458
0 0.904687 0.724479 0.030208 0.053125
0 0.857812 0.945312 0.046875 0.026042
0 0.859896 0.287500 0.044792 0.045833
0 0.471354 0.737500 0.053125 0.041667
0 0.788021 0.346875 0.040625 0.041667
0 0.209896 0.705208 0.046875 0.043750
0 0.095312 0.476562 0.040625 0.044792
0 0.766146 0.353125 0.042708 0.047917
0 0.456250 0.358854 0.052083 0.053125
0 0.142187 0.756250 0.053125 0.043750
0 0.195833 0.861979 0.045833 0.055208
0 0.515625 0.234896 0.047917 0.053125
0 0.446875 0.173958 0.052083 0.039583
0 0.712500 0.368229 0.054167 0.042708
0 0.963021 0.730729 0.044792 0.042708
0 0.929167 0.453646 0.043750 0.028125
0 0.550521 0.708333 0.026042 0.041667
0 0.740625 0.392188 0.050000 0.038542
0 0.308333 0.598437 0.027083 0.051042
0 0.570833 0.584896 0.041667 0.021875
0 0.270313 0.930729 0.026042 0.046875
0 0.467708 0.125521 0.039583 0.055208
0 0.588542 0.092188 0.045833 0.028125
0 0.922396 0.752083 0.044792 0.035417
0 0.413021 0.627083 0.021875 0.043750
0 0.375521 0.289583 0.044792 0.033333
0 0.890104 0.443229 0.032292 0.048958
0 0.947917 0.079687 0.025000 0.048958
0 0.403646 0.219271 0.040625 0.044792
0 0.755729 0.578646 0.030208 0.048958
0 0.101042 0.550000 0.029167 0.050000
0 0.698438 0.516146 0.044792 0.030208
0 0.796354 0.654687 0.028125 0.051042
0 0.801042 0.592708 0.029167 0.037500
0 0.841146 0.376042 0.042708 0.029167
0 0.941667 0.891667 0.022917 0.037500
0 0.938021 0.236458 0.048958 0.039583
0 0.560417 0.891667 0.025000 0.039583
0 0.133854 0.179688 0.046875 0.026042
0 0.417708 0.875000 0.052083 0.039583
0 0.129688 0.605729 0.038542 0.040625
0 0.633333 0.365104 0.039583 0.053125
0 0.685417 0.785937 0.039583 0.036458
0 0.261458 0.372396 0.052083 0.032292
0 0.757812 0.318750 0.036458 0.020833
0 0.154688 0.322396 0.044792 0.032292
0 0.784896 0.950000 0.019792 0.035417
0 0.258854 0.180208 0.042708 0.029167
0 0.219271 0.415625 0.021875 0.037500
0 0.810937 0.430208 0.036458 0.037500
0 0.279687 0.597396 0.046875 0.036458
0 0.423438 0.504167 0.042708 0.047917
0 0.138021 0.165104 0.034375 0.053125
0 0.909896 0.343750 0.038542 0.043750
0 0.336979 0.458333 0.046875 0.029167
0 0.375000 0.788542 0.052083 0.047917
0 0.375000 0.769792 0.035417 0.037500
0 0.703125 0.630729 0.039583 0.038542
0 0.195833 0.801562 0.050000 0.040625
0 0.322917 0.089583 0.043750 0.025000
0 0.165625 0.684375 0.043750 0.045833
0 0.698958 0.756771 0.047917 0.028125
0 0.071354 0.476562 0.038542 0.040625
0 0.954688 0.440104 0.048958 0.028125
0 0.310417 0.333333 0.039583 0.041667
0 0.512500 0.106771 0.029167 0.040625
0 0.885417 0.351042 0.035417 0.047917
0 0.611458 0.885417 0.037500 0.052083
0 0.204687 0.772396 0.046875 0.055208
0 0.731771 0.125000 0.036458 0.047917
0 0.703125 0.643750 0.039583 0.022917
0 0.881771 0.847917 0.046875 0.029167
0 0.459896 0.176042 0.032292 0.047917
0 0.718750 0.957812 0.025000 0.042708
0 0.718229 0.378646 0.030208 0.048958
0 0.750521 0.511458 0.042708 0.039583
0 0.863542 0.472917 0.035417 0.022917
0 0.890625 0.211979 0.027083 0.040625
0 0.127604 0.089063 0.038542 0.021875
0 0.569271 0.547396 0.055208 0.046875
0 0.783333 0.903125 0.047917 0.025000
0 0.073958 0.951042 0.029167 0.045833
0 0.497917 0.640625 0.037500 0.047917
0 0.866667 0.623958 0.037500 0.043750
0 0.311458 0.667708 0.047917 0.041667
0 0.529687 0.212500 0.053125 0.035417
0 0.413542 0.166146 0.037500 0.021875
0 0.460417 0.701042 0.035417 0.018750
0 0.426563 0.556771 0.034375 0.046875
0 0.418229 0.534896 0.042708 0.044792
0 0.274479 0.289062 0.040625 0.030208
0 0.484896 0.215104 0.048958 0.046875
0 0.181250 0.850000 0.037500 0.031250
0 0.642708 0.801042 0.052083 0.043750
0 0.228646 0.539583 0.042708 0.041667
0 0.231771 0.595313 0.042708 0.051042
0 0.432812 0.692708 0.053125 0.047917
0 0.391667 0.228125 0.025000 0.041667
0 0.449479 0.533854 0.040625 0.034375
0 0.489063 0.584375 0.044792 0.027083
0 0.461979 0.578125 0.034375 0.052083
0 0.557813 0.881250 0.032292 0.039583
0 0.081250 0.895833 0.039583 0.022917
0 0.477604 0.159375 0.044792 0.045833
0 0.257292 0.361458 0.039583 0.041667
0 0.522917 0.827083 0.043750 0.022917
0 0.208333 0.310417 0.047917 0.041667
0 0.507812 0.708333 0.038542 0.037500
0 0.544271 0.269271 0.044792 0.042708
0 0.398958 0.174479 0.052083 0.034375
0 0.237500 0.801562 0.045833 0.048958
0 0.733333 0.448958 0.037500 0.018750
0 0.750521 0.682292 0.017708 0.035417