0 0.484896 0.270313 0.040625 0.036458
0 0.584896 0.330208 0.021875 0.037500
0 0.918229 0.465625 0.053125 0.043750
0 0.593229 0.317188 0.053125 0.032292
0 0.858333 0.446875 0.031250 0.041667
0 0.117188 0.541667 0.040625 0.041667
0 0.252604 0.627083 0.046875 0.043750
0 0.229687 0.148438 0.055208 0.036458
0 0.277083 0.816667 0.037500 0.027083
0 0.873437 0.203125 0.048958 0.037500
0 0.219271 0.415104 0.040625 0.051042
0 0.752083 0.185417 0.041667 0.027083
0 0.341667 0.563542 0.052083 0.043750
0 0.341667 0.791667 0.047917 0.033333
0 0.418229 0.609896 0.038542 0.040625
0 0.404167 0.336458 0.052083 0.045833
0 0.489063 0.254688 0.051042 0.034375
0 0.418750 0.959896 0.050000 0.044792
0 0.822917 0.739062 0.039583 0.030208
0 0.327083 0.437500 0.037500 0.035417
0 0.871354 0.938021 0.036458 0.040625
0 0.310417 0.482292 0.027083 0.037500
0 0.135937 0.560417 0.038542 0.031250
0 0.330208 0.796354 0.039583 0.044792
0 0.868229 0.430208 0.021875 0.037500
0 0.664583 0.641667 0.035417 0.018750
0 0.397917 0.094792 0.031250 0.037500
0 0.947396 0.958854 0.038542 0.038542
0 0.928125 0.744792 0.016667 0.033333
0 0.360938 0.395313 0.055208 0.051042
0 0.692708 0.484896 0.050000 0.040625
0 0.193750 0.524479 0.033333 0.044792
0 0.629687 0.356771 0.044792 0.032292
0 0.713021 0.846354 0.038542 0.021875
0 0.671354 0.209896 0.051042 0.040625
0 0.645312 0.626042 0.036458 0.037500
0 0.778125 0.845833 0.047917 0.033333
0 0.539062 0.573438 0.028125 0.040625
0 0.198958 0.606250 0.047917 0.039583
0 0.350000 0.135417 0.045833 0.045833
0 0.666146 0.690104 0.034375 0.053125
0 0.855729 0.081250 0.040625 0.022917
0 0.401042 0.961458 0.020833 0.039583
0 0.911979 0.220833 0.038542 0.031250
0 0.436979 0.894792 0.040625 0.054167
0 0.398958 0.757812 0.054167 0.046875
0 0.800000 0.532292 0.041667 0.039583
0 0.666146 0.748958 0.044792 0.025000
0 0.944271 0.115104 0.042708 0.055208
0 0.838542 0.432292 0.050000 0.050000
0 0.230208 0.090104 0.035417 0.048958
0 0.828646 0.778125 0.034375 0.037500
0 0.367708 0.374479 0.050000 0.026042
0 0.538542 0.883854 0.054167 0.040625
0 0.649479 0.572917 0.021875 0.043750
0 0.318750 0.454167 0.035417 0.047917
0 0.547917 0.858854 0.050000 0.042708
0 0.206250 0.106250 0.041667 0.041667
0 0.690104 0.873958 0.048958 0.033333
0 0.429688 0.263542 0.019792 0.035417
0 0.622396 0.317188 0.028125 0.044792
0 0.957292 0.319271 0.054167 0.048958
0 0.819271 0.961458 0.021875 0.037500
0 0.553646 0.085417 0.053125 0.043750
0 0.568750 0.280208 0.045833 0.029167
0 0.388021 0.824479 0.044792 0.030208
0 0.206250 0.733854 0.037500 0.048958
0 0.663542 0.773958 0.031250 0.050000
0 0.764583 0.778646 0.035417 0.040625
0 0.638542 0.464062 0.027083 0.046875
0 0.734896 0.770833 0.038542 0.035417
0 0.543229 0.488021 0.051042 0.053125
0 0.110417 0.310417 0.037500 0.041667
0 0.876563 0.444792 0.034375 0.039583
0 0.181771 0.140104 0.038542 0.046875
0 0.697396 0.614062 0.038542 0.019792
0 0.938021 0.234896 0.038542 0.051042
0 0.082292 0.195312 0.039583 0.048958
0 0.585417 0.316146 0.047917 0.046875
0 0.322396 0.303125 0.048958 0.041667
0 0.290625 0.328125 0.033333 0.050000
0 0.580208 0.808333 0.050000 0.029167
0 0.085417 0.827604 0.047917 0.030208
0 0.184896 0.703646 0.046875 0.036458
0 0.917708 0.334375 0.039583 0.047917
0 0.895312 0.310417 0.053125 0.043750
0 0.198437 0.355208 0.046875 0.043750
0 0.596354 0.635938 0.051042 0.038542
0 0.514062 0.130729 0.051042 0.042708
0 0.890625 0.523958 0.033333 0.043750
0 0.603646 0.090104 0.038542 0.051042
0 0.916667 0.806250 0.037500 0.031250
0 0.633333 0.556250 0.050000 0.047917
0 0.900000 0.617708 0.050000 0.050000
0 0.403125 0.296875 0.037500 0.031250
0 0.472917 0.711458 0.037500 0.025000
0 0.864062 0.755729 0.040625 0.055208
0 0.719792 0.810937 0.039583 0.048958
0 0.178646 0.677604 0.044792 0.028125
0 0.270313 0.560937 0.048958 0.046875
0 0.853646 0.288021 0.040625 0.032292
0 0.597917 0.767708 0.047917 0.050000
0 0.247917 0.383333 0.037500 0.022917
0 0.613542 0.949479 0.039583 0.044792
0 0.171354 0.207813 0.034375 0.046875
0 0.189062 0.560417 0.032292 0.043750
0 0.425000 0.577083 0.022917 0.037500
0 0.341667 0.293750 0.050000 0.047917
0 0.455208 0.781771 0.027083 0.040625
0 0.741667 0.622917 0.047917 0.025000
0 0.497917 0.181250 0.039583 0.052083
0 0.467187 0.531771 0.021875 0.038542
0 0.196354 0.955729 0.036458 0.040625
0 0.244792 0.216146 0.029167 0.048958
0 0.216146 0.663021 0.055208 0.036458
0 0.716667 0.640625 0.035417 0.043750
0 0.622917 0.627083 0.022917 0.043750
0 0.169271 0.148438 0.040625 0.038542
0 0.265625 0.318229 0.041667 0.023958
0 0.408333 0.665625 0.033333 0.037500
0 0.129167 0.253646 0.025000 0.042708
0 0.511458 0.428646 0.037500 0.040625
0 0.528646 0.834375 0.026042 0.047917
0 0.924479 0.427083 0.036458 0.037500
0 0.610938 0.628125 0.048958 0.025000
0 0.902083 0.552604 0.052083 0.051042
0 0.848437 0.946875 0.032292 0.043750
0 0.075000 0.278646 0.039583 0.032292
0 0.421875 0.477604 0.020833 0.036458
0 0.346354 0.938542 0.038542 0.035417
0 0.454688 0.347396 0.046875 0.040625
0 0.897917 0.155729 0.025000 0.044792
0 0.589583 0.390625 0.045833 0.043750
0 0.189062 0.196875 0.030208 0.039583
0 0.625521 0.762500 0.038542 0.047917
0 0.345313 0.135937 0.028125 0.048958
0 0.343229 0.813021 0.044792 0.048958
0 0.605208 0.279167 0.027083 0.047917
0 0.343229 0.659375 0.021875 0.037500
0 0.523958 0.930208 0.052083 0.043750
0 0.667188 0.716667 0.028125 0.039583
0 0.470313 0.619792 0.030208 0.039583
0 0.765625 0.456771 0.054167 0.036458
0 0.929688 0.120313 0.053125 0.032292
0 0.258333 0.318229 0.050000 0.040625
0 0.326042 0.113542 0.050000 0.033333
0 0.532813 0.442188 0.051042 0.055208
0 0.740104 0.275521 0.040625 0.044792
0 0.427604 0.909896 0.023958 0.046875
0 0.443750 0.439063 0.043750 0.028125
0 0.205208 0.894271 0.054167 0.048958
0 0.470833 0.257812 0.037500 0.021875
0 0.298438 0.759375 0.038542 0.031250
0 0.525521 0.428646 0.044792 0.042708
0 0.334896 0.747917 0.048958 0.041667
0 0.397917 0.748958 0.025000 0.043750
0 0.906771 0.420312 0.042708 0.021875
0 0.644271 0.584375 0.044792 0.047917
0 0.618229 0.597396 0.040625 0.026042
0 0.108854 0.593229 0.048958 0.032292
0 0.702604 0.293750 0.053125 0.035417
0 0.572396 0.940104 0.046875 0.023958
0 0.327083 0.476562 0.045833 0.038542
0 0.474479 0.820312 0.053125 0.051042
0 0.327083 0.820312 0.035417 0.040625
0 0.081771 0.854167 0.023958 0.041667
0 0.108333 0.607812 0.037500 0.038542
0 0.801562 0.669792 0.038542 0.029167
0 0.131771 0.322396 0.053125 0.051042
0 0.122396 0.684375 0.048958 0.035417
0 0.260937 0.494792 0.036458 0.037500
0 0.940625 0.789062 0.033333 0.048958
0 0.890625 0.370312 0.035417 0.044792
0 0.140625 0.094792 0.043750 0.031250
0 0.273958 0.698958 0.033333 0.037500
0 0.885938 0.278646 0.046875 0.036458
0 0.853125 0.621875 0.035417 0.047917
0 0.242188 0.969792 0.034375 0.043750
0 0.345313 0.660417 0.046875 0.031250
0 0.655729 0.184896 0.036458 0.040625
0 0.780729 0.483854 0.040625 0.055208
0 0.691146 0.873958 0.032292 0.043750
0 0.427083 0.964583 0.045833 0.045833
0 0.953125 0.404167 0.031250 0.037500
0 0.104688 0.714063 0.055208 0.046875
0 0.404687 0.485938 0.046875 0.038542
0 0.723437 0.288542 0.048958 0.041667
0 0.125000 0.155729 0.035417 0.040625
0 0.268750 0.694271 0.041667 0.044792
0 0.467708 0.792708 0.035417 0.052083
0 0.697396 0.474479 0.044792 0.032292
0 0.244271 0.891146 0.026042 0.040625
0 0.918229 0.884375 0.030208 0.043750
0 0.516146 0.130208 0.028125 0.043750
0 0.734375 0.540625 0.039583 0.047917
0 0.869792 0.727604 0.041667 0.023958
0 0.109375 0.635417 0.033333 0.037500
0 0.450521 0.568229 0.042708 0.023958
0 0.567708 0.391146 0.039583 0.028125
0 0.239063 0.168750 0.017708 0.035417
0 0.840625 0.830729 0.047917 0.044792
0 0.207813 0.916667 0.053125 0.043750
0 0.950000 0.138542 0.045833 0.027083
0 0.516667 0.633854 0.039583 0.030208
0 0.788021 0.168750 0.040625 0.025000
0 0.747396 0.726042 0.032292 0.043750
0 0.194271 0.911458 0.048958 0.025000
0 0.950000 0.715625 0.041667 0.029167
0 0.305729 0.471354 0.030208 0.048958
0 0.786458 0.296875 0.043750 0.045833
0 0.449479 0.387500 0.046875 0.031250
0 0.268229 0.368750 0.046875 0.022917
0 0.203125 0.201042 0.031250 0.050000
0 0.952604 0.471354 0.036458 0.046875
0 0.497917 0.541667 0.052083 0.035417
0 0.707292 0.588021 0.022917 0.042708
0 0.403646 0.138542 0.034375 0.039583
0 0.078646 0.767188 0.032292 0.053125
0 0.160938 0.666146 0.044792 0.028125
0 0.853646 0.708333 0.036458 0.020833
0 0.215625 0.229167 0.037500 0.031250
0 0.180729 0.354167 0.034375 0.039583
0 0.350000 0.401042 0.041667 0.027083
0 0.097396 0.283333 0.048958 0.035417
0 0.792188 0.515625 0.044792 0.035417
0 0.388021 0.268750 0.040625 0.052083
0 0.923438 0.891146 0.021875 0.038542
0 0.170313 0.768750 0.038542 0.022917
0 0.228646 0.276042 0.042708 0.031250
0 0.722396 0.820833 0.048958 0.035417
0 0.595833 0.753125 0.035417 0.020833
0 0.893229 0.273438 0.036458 0.040625
0 0.143750 0.270313 0.037500 0.040625
0 0.727604 0.219271 0.048958 0.046875
0 0.598958 0.456771 0.047917 0.044792
0 0.389062 0.903125 0.028125 0.045833
0 0.582292 0.400000 0.031250 0.045833
0 0.527604 0.795833 0.026042 0.045833
0 0.572917 0.203125 0.031250 0.041667
0 0.217708 0.366146 0.027083 0.040625
0 0.750521 0.272396 0.051042 0.030208
0 0.633333 0.525521 0.052083 0.051042
0 0.379688 0.415625 0.030208 0.050000
0 0.157812 0.485938 0.055208 0.051042
0 0.781250 0.200521 0.039583 0.030208
0 0.441146 0.545312 0.044792 0.040625
0 0.144271 0.817708 0.048958 0.041667
0 0.849479 0.228125 0.038542 0.047917
0 0.650000 0.669792 0.043750 0.045833
0 0.878125 0.727604 0.039583 0.026042
0 0.870833 0.189583 0.029167 0.037500
0 0.158854 0.916146 0.023958 0.046875
0 0.355208 0.583333 0.020833 0.039583
0 0.668229 0.910937 0.021875 0.038542
0 0.761458 0.335938 0.050000 0.042708
0 0.785417 0.095833 0.035417 0.020833
0 0.293229 0.409896 0.038542 0.038542
0 0.745313 0.636979 0.048958 0.032292
0 0.631250 0.421354 0.039583 0.044792
0 0.661458 0.763021 0.052083 0.032292
0 0.573438 0.314583 0.048958 0.052083
0 0.642708 0.914062 0.041667 0.044792
0 0.715625 0.289583 0.037500 0.035417
0 0.097396 0.357812 0.036458 0.040625
0 0.233854 0.293750 0.042708 0.054167
0 0.289062 0.863021 0.028125 0.048958
0 0.822917 0.089063 0.047917 0.032292
0 0.262500 0.642708 0.047917 0.037500
0 0.423438 0.543750 0.042708 0.025000
0 0.944271 0.295312 0.051042 0.040625
0 0.119271 0.384896 0.026042 0.046875
0 0.522396 0.172396 0.038542 0.021875
0 0.309375 0.798958 0.037500 0.052083
0 0.906771 0.092708 0.038542 0.022917
0 0.616667 0.373437 0.035417 0.048958
0 0.654687 0.248438 0.023958 0.040625
0 0.231771 0.630729 0.044792 0.042708
0 0.327083 0.817708 0.027083 0.047917
0 0.476562 0.725521 0.032292 0.040625
0 0.075000 0.705729 0.039583 0.026042
0 0.366667 0.082812 0.052083 0.030208
0 0.907292 0.305729 0.037500 0.048958
0 0.713021 0.189062 0.040625 0.036458
0 0.468750 0.848958 0.022917 0.037500
0 0.338542 0.814063 0.029167 0.048958
0 0.271354 0.810937 0.038542 0.046875
0 0.556771 0.344792 0.023958 0.047917
0 0.636458 0.288542 0.045833 0.043750
0 0.303125 0.128125 0.043750 0.045833
0 0.357292 0.692187 0.045833 0.036458
0 0.119792 0.248958 0.045833 0.052083
0 0.170313 0.233854 0.034375 0.046875
0 0.949479 0.298958 0.042708 0.031250
0 0.101042 0.863021 0.050000 0.042708
0 0.713021 0.641667 0.030208 0.039583
0 0.790625 0.299479 0.050000 0.042708
0 0.219792 0.782813 0.043750 0.030208
0 0.601562 0.718229 0.044792 0.026042
0 0.649479 0.532292 0.026042 0.039583
0 0.379688 0.610417 0.028125 0.039583
0 0.469792 0.662500 0.039583 0.041667
0 0.656771 0.152083 0.038542 0.052083
0 0.500000 0.948958 0.027083 0.045833
0 0.707292 0.154688 0.029167 0.044792
0 0.100000 0.652604 0.039583 0.032292
0 0.455729 0.828125 0.021875 0.037500
0 0.451562 0.188542 0.048958 0.037500
0 0.101562 0.915104 0.051042 0.036458
0 0.457813 0.804688 0.051042 0.038542
0 0.965625 0.962500 0.047917 0.050000
0 0.928646 0.385417 0.030208 0.050000
0 0.471354 0.147917 0.048958 0.027083
0 0.952083 0.744792 0.039583 0.041667
0 0.154167 0.360417 0.041667 0.047917
0 0.277604 0.252083 0.042708 0.025000
0 0.257292 0.722917 0.027083 0.045833
0 0.114062 0.319271 0.040625 0.044792
0 0.735938 0.590625 0.019792 0.035417
0 0.491667 0.685417 0.037500 0.047917
0 0.323437 0.409375 0.026042 0.041667
0 0.481250 0.385417 0.025000 0.043750
0 0.939063 0.363542 0.040625 0.041667
0 0.766667 0.913021 0.050000 0.028125
0 0.808854 0.220833 0.038542 0.031250
0 0.901042 0.261458 0.035417 0.037500
0 0.645312 0.464062 0.051042 0.053125
0 0.645833 0.248438 0.033333 0.053125
0 0.507812 0.691146 0.044792 0.051042
0 0.735938 0.638542 0.051042 0.031250
0 0.144792 0.316146 0.039583 0.055208
0 0.689583 0.267188 0.027083 0.040625
0 0.489063 0.622396 0.030208 0.040625
0 0.411458 0.420833 0.050000 0.050000
0 0.158333 0.300000 0.043750 0.045833
0 0.372917 0.596354 0.039583 0.036458
0 0.439063 0.307812 0.053125 0.032292
0 0.715625 0.313542 0.045833 0.029167
0 0.394792 0.949479 0.045833 0.036458
0 0.517188 0.262500 0.038542 0.043750
0 0.960938 0.157812 0.055208 0.042708
0 0.836458 0.431250 0.041667 0.039583
0 0.759375 0.175521 0.050000 0.044792
0 0.359375 0.532813 0.041667 0.032292
0 0.847396 0.632292 0.021875 0.039583
0 0.457292 0.653646 0.045833 0.040625
0 0.845833 0.942708 0.033333 0.047917
0 0.311458 0.134375 0.041667 0.047917
0 0.508854 0.711979 0.044792 0.055208
0 0.465625 0.621354 0.025000 0.038542
0 0.232813 0.937500 0.030208 0.043750
0 0.247396 0.129167 0.036458 0.037500
0 0.750000 0.451562 0.041667 0.048958
0 0.391146 0.831771 0.048958 0.046875
0 0.727604 0.352604 0.055208 0.036458
0 0.444271 0.931250 0.044792 0.027083
0 0.536458 0.922917 0.043750 0.052083
0 0.832292 0.746875 0.025000 0.047917
0 0.776563 0.415625 0.036458 0.043750
0 0.568750 0.072917 0.037500 0.041667
0 0.803125 0.322396 0.050000 0.040625
0 0.908854 0.433333 0.036458 0.043750
0 0.971354 0.777083 0.048958 0.027083
0 0.849479 0.425521 0.046875 0.032292
0 0.950000 0.702604 0.047917 0.053125
0 0.726562 0.149479 0.040625 0.028125
0 0.208333 0.316667 0.041667 0.031250
0 0.448437 0.827604 0.040625 0.038542
0 0.189583 0.144271 0.050000 0.044792
0 0.471875 0.715104 0.041667 0.023958
0 0.354167 0.557292 0.037500 0.031250
0 0.317708 0.669271 0.050000 0.044792
0 0.956250 0.213542 0.043750 0.025000
0 0.291146 0.666667 0.051042 0.050000
0 0.334896 0.583333 0.048958 0.027083
0 0.178646 0.877604 0.026042 0.044792
0 0.098958 0.318229 0.035417 0.044792
0 0.269271 0.965625 0.048958 0.039583
0 0.932292 0.678125 0.027083 0.041667
0 0.173437 0.591146 0.051042 0.038542
0 0.367188 0.442708 0.048958 0.037500
0 0.489583 0.284896 0.037500 0.038542
0 0.334896 0.880208 0.048958 0.052083
0 0.109896 0.319792 0.051042 0.033333
0 0.130208 0.704688 0.041667 0.021875
0 0.410417 0.632292 0.047917 0.041667
0 0.892708 0.477604 0.054167 0.042708
0 0.909896 0.919271 0.051042 0.028125
0 0.114062 0.108333 0.036458 0.043750
0 0.277604 0.891667 0.038542 0.035417
0 0.195833 0.265625 0.033333 0.052083
0 0.139583 0.212500 0.039583 0.041667
0 0.930729 0.222396 0.044792 0.030208
0 0.374479 0.636458 0.036458 0.037500
0 0.603125 0.860938 0.027083 0.048958
0 0.919792 0.776563 0.045833 0.048958
0 0.180208 0.664062 0.037500 0.053125
0 0.354167 0.114062 0.043750 0.055208
0 0.720833 0.876042 0.047917 0.027083
0 0.389583 0.786458 0.041667 0.039583
0 0.317188 0.831250 0.053125 0.045833
0 0.726042 0.964583 0.035417 0.052083
0 0.751042 0.720833 0.029167 0.050000
0 0.248958 0.961458 0.037500 0.033333
0 0.692708 0.833854 0.039583 0.055208
0 0.567708 0.570312 0.050000 0.034375
0 0.777604 0.941146 0.026042 0.044792
0 0.573958 0.643750 0.039583 0.041667
0 0.840104 0.924479 0.030208 0.040625
0 0.946354 0.811979 0.051042 0.038542
0 0.389583 0.808333 0.039583 0.041667
0 0.143750 0.519792 0.043750 0.045833
0 0.923438 0.619271 0.042708 0.051042
0 0.939063 0.285938 0.048958 0.046875
0 0.509896 0.829167 0.051042 0.050000
0 0.922917 0.151042 0.045833 0.052083
0 0.602083 0.680729 0.047917 0.055208
0 0.261979 0.174479 0.053125 0.032292
0 0.637500 0.890104 0.052083 0.030208
0 0.309375 0.671354 0.031250 0.048958
0 0.454167 0.185938 0.039583 0.028125
0 0.588021 0.909896 0.042708 0.023958
0 0.405729 0.569792 0.038542 0.022917
0 0.355208 0.194271 0.045833 0.040625
0 0.877604 0.809375 0.046875 0.043750
0 0.708854 0.651042 0.053125 0.043750
0 0.710417 0.851042 0.052083 0.039583
0 0.548438 0.725521 0.040625 0.028125
0 0.664583 0.116146 0.052083 0.034375
0 0.834896 0.948438 0.048958 0.034375
0 0.308333 0.897917 0.031250 0.050000
0 0.209896 0.359375 0.053125 0.045833
0 0.183333 0.169792 0.043750 0.031250
0 0.774479 0.708333 0.046875 0.045833
0 0.335938 0.431771 0.023958 0.046875
0 0.236979 0.347917 0.048958 0.041667
0 0.128125 0.960938 0.054167 0.038542
0 0.101042 0.879167 0.052083 0.041667
0 0.944792 0.782292 0.050000 0.050000
0 0.773438 0.105208 0.046875 0.052083
0 0.722917 0.652604 0.045833 0.048958
0 0.560937 0.705729 0.044792 0.028125
0 0.705208 0.676562 0.050000 0.044792
0 0.248958 0.769792 0.041667 0.052083
0 0.812500 0.267708 0.029167 0.045833
0 0.590104 0.548438 0.038542 0.055208
0 0.105208 0.947396 0.052083 0.032292
0 0.302604 0.090625 0.038542 0.035417
0 0.765625 0.828125 0.029167 0.050000
0 0.284375 0.842187 0.029167 0.051042
0 0.083333 0.367708 0.018750 0.035417
0 0.886458 0.880208 0.035417 0.020833
0 0.407813 0.434375 0.051042 0.050000
0 0.160417 0.511458 0.052083 0.045833
0 0.271875 0.245833 0.047917 0.037500
0 0.084375 0.694792 0.037500 0.035417
0 0.421354 0.746875 0.036458 0.052083
0 0.528125 0.391146 0.050000 0.036458
0 0.138021 0.872917 0.036458 0.037500
0 0.116667 0.197396 0.041667 0.023958
0 0.649479 0.346354 0.053125 0.051042
0 0.652604 0.968229 0.034375 0.040625
0 0.725000 0.235417 0.045833 0.052083
0 0.905729 0.323958 0.046875 0.043750
0 0.593750 0.256771 0.039583 0.055208
0 0.276562 0.673438 0.055208 0.036458
0 0.726042 0.437500 0.050000 0.031250
0 0.191667 0.800000 0.033333 0.050000
0 0.742188 0.931250 0.040625 0.022917
0 0.141146 0.650521 0.051042 0.030208
0 0.279687 0.265625 0.032292 0.039583
0 0.544792 0.784375 0.029167 0.045833
0 0.403125 0.527083 0.041667 0.039583
0 0.931250 0.593750 0.037500 0.025000
0 0.104688 0.811979 0.021875 0.042708
0 0.804167 0.504167 0.041667 0.031250
0 0.910417 0.454167 0.033333 0.047917
0 0.530208 0.408854 0.043750 0.028125
0 0.677083 0.394271 0.031250 0.051042
0 0.783333 0.626042 0.031250 0.037500
0 0.176563 0.821875 0.036458 0.043750
0 0.633854 0.726562 0.040625 0.030208
0 0.203125 0.770833 0.025000 0.037500
0 0.739062 0.151042 0.026042 0.050000
0 0.880729 0.608333 0.044792 0.027083
0 0.332813 0.333854 0.038542 0.040625
0 0.471875 0.749479 0.039583 0.030208
0 0.194792 0.227604 0.033333 0.053125
0 0.929167 0.379688 0.033333 0.044792
0 0.310937 0.799479 0.032292 0.044792
0 0.089063 0.585417 0.030208 0.043750
0 0.597396 0.910417 0.036458 0.020833
0 0.643750 0.749479 0.050000 0.026042
0 0.880729 0.809896 0.034375 0.046875
0 0.271354 0.530729 0.042708 0.021875
0 0.884896 0.394271 0.051042 0.040625
0 0.257812 0.631771 0.023958 0.040625
0 0.089583 0.096354 0.052083 0.053125
0 0.188542 0.536458 0.037500 0.025000
0 0.168229 0.246354 0.028125 0.046875
0 0.840625 0.767708 0.037500 0.047917
0 0.361979 0.841667 0.046875 0.031250
0 0.906250 0.291667 0.047917 0.037500
0 0.494271 0.139063 0.055208 0.036458
0 0.922917 0.297917 0.041667 0.037500
0 0.302604 0.548958 0.036458 0.047917
0 0.287500 0.834896 0.039583 0.036458
0 0.307812 0.728125 0.021875 0.037500
0 0.119271 0.678125 0.048958 0.041667
0 0.894271 0.100521 0.038542 0.046875
0 0.660937 0.296354 0.042708 0.051042
0 0.742188 0.298438 0.044792 0.026042
0 0.427604 0.491667 0.053125 0.043750
0 0.085417 0.624479 0.041667 0.023958
0 0.578646 0.700521 0.051042 0.055208
0 0.952604 0.090625 0.038542 0.027083
0 0.853646 0.783333 0.030208 0.039583
0 0.595313 0.635938 0.051042 0.034375
0 0.561458 0.452604 0.054167 0.036458
0 0.532813 0.785937 0.042708 0.044792
0 0.190104 0.834896 0.042708 0.044792
0 0.138021 0.679167 0.040625 0.022917
0 0.942187 0.969271 0.034375 0.048958
0 0.626042 0.505729 0.047917 0.046875
0 0.883854 0.336458 0.030208 0.050000
0 0.293750 0.622917 0.041667 0.037500
0 0.353646 0.197396 0.042708 0.044792
0 0.340104 0.239063 0.028125 0.040625
0 0.245312 0.077604 0.040625 0.044792
0 0.473958 0.463542 0.020833 0.039583
0 0.121354 0.672396 0.032292 0.053125
0 0.457292 0.600521 0.043750 0.042708
0 0.405208 0.645833 0.027083 0.047917
0 0.393229 0.627604 0.042708 0.023958
0 0.273438 0.171875 0.051042 0.035417
0 0.690104 0.368229 0.032292 0.053125
0 0.286458 0.390104 0.052083 0.053125
0 0.520312 0.852083 0.051042 0.035417
0 0.661979 0.763542 0.026042 0.050000
0 0.379167 0.080729 0.029167 0.044792
0 0.527604 0.239583 0.032292 0.039583
0 0.238542 0.424479 0.037500 0.023958
0 0.482812 0.728646 0.026042 0.051042
0 0.293229 0.445312 0.038542 0.055208
0 0.486458 0.806771 0.050000 0.042708
0 0.140104 0.759896 0.038542 0.051042
0 0.362500 0.924479 0.037500 0.048958
0 0.134375 0.197917 0.052083 0.045833
0 0.212500 0.749479 0.031250 0.040625
0 0.375521 0.720313 0.040625 0.055208
0 0.965104 0.481250 0.036458 0.018750
0 0.091146 0.709896 0.042708 0.055208
0 0.825521 0.788021 0.040625 0.055208
0 0.384896 0.468229 0.042708 0.044792
0 0.446354 0.184896 0.042708 0.051042
0 0.674479 0.795833 0.032292 0.039583
0 0.741667 0.958333 0.035417 0.020833
0 0.301563 0.310937 0.055208 0.038542
0 0.670833 0.834896 0.029167 0.044792
0 0.799479 0.643229 0.032292 0.040625
0 0.704167 0.128125 0.037500 0.047917
0 0.481250 0.309896 0.029167 0.046875
0 0.653646 0.828125 0.046875 0.052083
0 0.561979 0.778646 0.048958 0.046875
0 0.576042 0.530729 0.039583 0.048958
0 0.292708 0.353646 0.045833 0.048958
0 0.110937 0.441667 0.036458 0.047917
0 0.960417 0.225521 0.033333 0.044792
0 0.870833 0.394792 0.033333 0.052083
0 0.269271 0.445833 0.042708 0.027083
0 0.393229 0.955208 0.036458 0.043750
0 0.283854 0.239063 0.053125 0.053125
0 0.850000 0.570312 0.043750 0.040625
0 0.204687 0.361458 0.026042 0.039583
0 0.114062 0.292187 0.038542 0.019792
0 0.891146 0.593229 0.053125 0.034375
0 0.171875 0.219271 0.025000 0.046875
0 0.218750 0.900000 0.035417 0.052083
0 0.410938 0.396354 0.030208 0.040625
0 0.844792 0.792708 0.045833 0.043750
0 0.809375 0.735938 0.031250 0.040625
0 0.408854 0.961458 0.044792 0.033333
0 0.414583 0.322396 0.050000 0.053125
0 0.532292 0.411458 0.037500 0.022917
0 0.119792 0.938021 0.043750 0.040625
0 0.279167 0.652083 0.045833 0.033333
0 0.901042 0.852083 0.027083 0.037500
0 0.144271 0.739062 0.021875 0.038542
0 0.736458 0.097917 0.047917 0.039583
0 0.089063 0.146875 0.026042 0.047917
0 0.202083 0.635417 0.041667 0.027083
0 0.605208 0.843229 0.050000 0.053125
0 0.265104 0.863021 0.042708 0.055208
0 0.088021 0.510938 0.055208 0.042708
0 0.647917 0.282292 0.022917 0.043750
0 0.554167 0.225000 0.047917 0.033333
0 0.525521 0.395313 0.040625 0.051042
0 0.115104 0.885938 0.028125 0.044792
0 0.968750 0.723437 0.050000 0.040625
0 0.928125 0.662500 0.025000 0.037500
0 0.112500 0.132812 0.031250 0.040625
0 0.926562 0.630208 0.038542 0.025000
0 0.798438 0.382812 0.042708 0.051042
0 0.671354 0.240625 0.040625 0.020833
0 0.358854 0.506771 0.028125 0.040625
0 0.226042 0.723958 0.025000 0.047917
0 0.839583 0.371354 0.027083 0.040625
0 0.355208 0.414583 0.043750 0.033333
0 0.670312 0.075521 0.032292 0.040625
0 0.702083 0.476042 0.031250 0.037500
0 0.913021 0.289062 0.034375 0.053125
0 0.232292 0.200521 0.037500 0.040625
0 0.718750 0.285417 0.037500 0.025000
0 0.571875 0.477083 0.039583 0.022917
0 0.100000 0.452083 0.029167 0.041667
0 0.897917 0.196875 0.047917 0.033333
0 0.670312 0.170313 0.034375 0.040625
0 0.833854 0.736979 0.026042 0.046875
0 0.363021 0.728125 0.046875 0.043750
0 0.480208 0.702604 0.050000 0.038542
0 0.329688 0.139583 0.036458 0.037500
0 0.877604 0.644271 0.053125 0.032292
0 0.957812 0.650000 0.038542 0.047917
0 0.239063 0.258854 0.048958 0.032292
0 0.339583 0.874479 0.041667 0.023958
0 0.717187 0.153646 0.048958 0.046875
0 0.284896 0.858854 0.040625 0.051042
0 0.528125 0.900000 0.029167 0.037500
0 0.554688 0.835417 0.046875 0.022917
0 0.481250 0.442188 0.025000 0.046875
0 0.485417 0.667188 0.039583 0.026042
0 0.356771 0.258333 0.042708 0.029167
0 0.592708 0.841146 0.045833 0.048958
0 0.081771 0.439063 0.048958 0.048958
0 0.317708 0.806771 0.052083 0.030208
0 0.087500 0.692708 0.035417 0.020833
0 0.966146 0.411979 0.055208 0.046875
0 0.878125 0.166667 0.047917 0.050000
0 0.798438 0.567187 0.032292 0.044792
0 0.493229 0.792188 0.026042 0.040625
0 0.935417 0.178125 0.025000 0.047917
0 0.326562 0.547396 0.046875 0.038542
0 0.313021 0.483333 0.051042 0.047917
0 0.785937 0.144271 0.036458 0.040625
0 0.672396 0.328646 0.026042 0.046875