0 0.113021 0.144271 0.055208 0.040625
0 0.572917 0.867188 0.039583 0.038542
0 0.940104 0.278125 0.038542 0.047917
0 0.617188 0.541667 0.053125 0.045833
0 0.240104 0.357292 0.028125 0.041667
0 0.548438 0.570833 0.053125 0.047917
0 0.811458 0.953125 0.027083 0.037500
0 0.948958 0.579167 0.043750 0.035417
0 0.603125 0.249479 0.031250 0.040625
0 0.377083 0.346875 0.039583 0.020833
0 0.208333 0.487500 0.052083 0.043750
0 0.796875 0.769792 0.045833 0.052083
0 0.332813 0.530208 0.042708 0.037500
0 0.743750 0.404167 0.037500 0.035417
0 0.305208 0.222917 0.025000 0.041667
0 0.272396 0.748958 0.040625 0.025000
0 0.318229 0.807292 0.019792 0.035417
0 0.421875 0.780208 0.027083 0.037500
0 0.725521 0.347396 0.023958 0.040625
0 0.505208 0.966667 0.043750 0.045833
0 0.254688 0.460938 0.040625 0.026042
0 0.356250 0.214583 0.045833 0.043750
0 0.514583 0.502604 0.050000 0.053125
0 0.891146 0.232292 0.034375 0.039583
0 0.560417 0.245833 0.043750 0.035417
0 0.702604 0.386979 0.048958 0.032292
0 0.125000 0.764062 0.027083 0.038542
0 0.189583 0.358333 0.035417 0.043750
0 0.126042 0.385937 0.033333 0.040625
0 0.506771 0.825000 0.046875 0.029167
0 0.877604 0.727083 0.038542 0.025000
0 0.604167 0.109375 0.043750 0.045833
0 0.070312 0.555208 0.032292 0.047917
0 0.124479 0.618229 0.034375 0.040625
0 0.724479 0.514062 0.048958 0.030208
0 0.534896 0.718229 0.046875 0.036458
0 0.763021 0.221354 0.046875 0.036458
0 0.940104 0.408333 0.034375 0.037500
0 0.341667 0.951562 0.050000 0.053125
0 0.820833 0.163021 0.050000 0.028125
0 0.289583 0.692187 0.050000 0.042708
0 0.559896 0.941146 0.038542 0.040625
0 0.592187 0.914062 0.044792 0.040625
0 0.615104 0.505208 0.044792 0.035417
0 0.917188 0.935937 0.046875 0.038542
0 0.510417 0.698438 0.050000 0.053125
0 0.124479 0.457813 0.055208 0.040625
0 0.719271 0.600521 0.030208 0.044792
0 0.400521 0.085417 0.044792 0.035417
0 0.818750 0.440104 0.045833 0.036458
0 0.676042 0.230729 0.043750 0.042708
0 0.726042 0.752604 0.043750 0.026042
0 0.650000 0.072396 0.054167 0.036458
0 0.543750 0.543229 0.039583 0.034375
0 0.647396 0.596354 0.048958 0.055208
0 0.505208 0.475521 0.033333 0.040625
0 0.766146 0.164583 0.038542 0.043750
0 0.410417 0.221354 0.041667 0.021875
0 0.745833 0.505208 0.052083 0.037500
0 0.947396 0.170313 0.032292 0.040625
0 0.506250 0.726562 0.039583 0.034375
0 0.623958 0.123958 0.031250 0.037500
0 0.216667 0.368229 0.039583 0.028125
0 0.482292 0.535937 0.033333 0.044792
0 0.214583 0.847396 0.027083 0.042708
0 0.903125 0.494271 0.027083 0.048958
0 0.621354 0.198437 0.048958 0.032292
0 0.159896 0.368229 0.044792 0.042708
0 0.411979 0.703125 0.046875 0.045833
0 0.144792 0.896875 0.047917 0.027083
0 0.667188 0.750000 0.051042 0.031250
0 0.882812 0.244792 0.046875 0.045833
0 0.521354 0.142187 0.036458 0.017708
0 0.087500 0.656771 0.045833 0.040625
0 0.141667 0.597396 0.035417 0.053125
0 0.195833 0.331771 0.039583 0.048958
0 0.386979 0.922917 0.051042 0.033333
0 0.110937 0.606250 0.042708 0.054167
0 0.534896 0.620833 0.034375 0.047917
0 0.147396 0.760938 0.051042 0.055208
0 0.381771 0.795312 0.051042 0.040625
0 0.723958 0.226042 0.031250 0.043750
0 0.367188 0.959896 0.055208 0.040625
0 0.095312 0.722396 0.044792 0.040625
0 0.139583 0.364063 0.045833 0.034375
0 0.643750 0.470833 0.041667 0.047917
0 0.908333 0.164062 0.043750 0.032292
0 0.874479 0.486979 0.044792 0.040625
0 0.307812 0.566667 0.030208 0.047917
0 0.658854 0.823438 0.028125 0.044792
0 0.918750 0.897917 0.052083 0.045833
0 0.187500 0.092188 0.047917 0.044792
0 0.595833 0.903646 0.037500 0.048958
0 0.083854 0.692708 0.028125 0.041667
0 0.582292 0.103125 0.031250 0.037500
0 0.440104 0.140104 0.044792 0.032292
0 0.895312 0.597917 0.040625 0.025000
0 0.196875 0.874479 0.027083 0.042708
0 0.652604 0.950521 0.046875 0.034375
0 0.236458 0.432812 0.050000 0.036458
0 0.755208 0.905208 0.052083 0.035417
0 0.813542 0.960938 0.025000 0.042708
0 0.907292 0.344271 0.039583 0.023958
0 0.905729 0.692187 0.042708 0.055208
0 0.521875 0.736979 0.020833 0.038542
0 0.845313 0.915104 0.053125 0.032292
0 0.509375 0.235417 0.045833 0.052083
0 0.363542 0.366146 0.050000 0.040625
0 0.628125 0.878125 0.039583 0.047917
0 0.113542 0.732292 0.045833 0.029167
0 0.743229 0.799479 0.044792 0.051042
0 0.494271 0.773438 0.034375 0.053125
0 0.138542 0.304167 0.045833 0.052083
0 0.749479 0.098958 0.042708 0.039583
0 0.616146 0.399479 0.026042 0.051042
0 0.945312 0.790625 0.044792 0.035417
0 0.700000 0.658854 0.027083 0.038542
0 0.457292 0.139063 0.041667 0.044792
0 0.734375 0.588021 0.037500 0.053125
0 0.235937 0.489063 0.040625 0.051042
0 0.689063 0.480208 0.036458 0.037500
0 0.408854 0.838021 0.038542 0.055208
0 0.427604 0.228125 0.026042 0.037500
0 0.828646 0.180729 0.044792 0.030208
0 0.769271 0.208854 0.038542 0.051042
0 0.640104 0.441146 0.055208 0.044792
0 0.708333 0.772917 0.039583 0.022917
0 0.884375 0.601042 0.018750 0.035417
0 0.665625 0.151562 0.037500 0.053125
0 0.218229 0.602083 0.051042 0.031250
0 0.439063 0.169271 0.023958 0.046875
0 0.506250 0.595313 0.037500 0.048958
0 0.520312 0.429688 0.040625 0.051042
0 0.664583 0.490104 0.037500 0.044792
0 0.666146 0.574479 0.038542 0.040625
0 0.096354 0.957292 0.048958 0.033333
0 0.241146 0.589583 0.046875 0.031250
0 0.172396 0.168229 0.030208 0.044792
0 0.088021 0.893750 0.053125 0.045833
0 0.462500 0.258854 0.045833 0.048958
0 0.480208 0.418750 0.025000 0.047917
0 0.436979 0.371875 0.034375 0.052083
0 0.915104 0.803125 0.036458 0.020833
0 0.635417 0.587500 0.043750 0.035417
0 0.346875 0.953125 0.037500 0.022917
0 0.796875 0.146875 0.029167 0.045833
0 0.192188 0.276562 0.046875 0.048958
0 0.455208 0.436458 0.025000 0.041667
0 0.138021 0.660937 0.046875 0.055208
0 0.341146 0.834896 0.030208 0.044792
0 0.854167 0.862500 0.052083 0.037500
0 0.766146 0.317708 0.036458 0.052083
0 0.144271 0.769271 0.042708 0.044792
0 0.072917 0.092188 0.020833 0.038542
0 0.411458 0.905208 0.050000 0.033333
0 0.232813 0.960938 0.026042 0.044792
0 0.952083 0.434375 0.027083 0.043750
0 0.452083 0.434375 0.047917 0.037500
0 0.823438 0.750521 0.030208 0.044792
0 0.346875 0.318750 0.052083 0.047917
0 0.920312 0.460417 0.042708 0.047917
0 0.897396 0.538542 0.036458 0.037500
0 0.838021 0.911979 0.046875 0.048958
0 0.277604 0.099479 0.040625 0.044792
0 0.531250 0.745833 0.025000 0.037500
0 0.370312 0.297917 0.038542 0.035417
0 0.856250 0.829167 0.039583 0.041667
0 0.670312 0.107813 0.044792 0.026042
0 0.353646 0.949479 0.044792 0.032292
0 0.208333 0.300000 0.045833 0.052083
0 0.179688 0.443750 0.023958 0.041667
0 0.757292 0.669792 0.025000 0.039583
0 0.535937 0.603125 0.044792 0.035417
0 0.523438 0.433333 0.021875 0.039583
0 0.881771 0.942708 0.051042 0.033333
0 0.384896 0.497917 0.036458 0.020833
0 0.939583 0.131771 0.052083 0.032292
0 0.758333 0.579688 0.050000 0.026042
0 0.094271 0.862500 0.042708 0.039583
0 0.366146 0.466667 0.019792 0.039583
0 0.224479 0.575000 0.044792 0.052083
0 0.820312 0.341667 0.038542 0.018750
0 0.246354 0.623958 0.030208 0.039583
0 0.656250 0.763542 0.045833 0.043750
0 0.857812 0.464062 0.042708 0.044792
0 0.622917 0.732292 0.041667 0.029167
0 0.379167 0.077604 0.052083 0.032292
0 0.498958 0.454688 0.050000 0.042708
0 0.879687 0.853646 0.040625 0.051042
0 0.142187 0.670312 0.044792 0.055208
0 0.180208 0.523438 0.045833 0.048958
0 0.784896 0.808333 0.053125 0.037500
0 0.247396 0.941667 0.042708 0.039583
0 0.148438 0.505729 0.048958 0.030208
0 0.235937 0.624479 0.034375 0.053125
0 0.374479 0.788542 0.053125 0.043750
0 0.148438 0.129688 0.040625 0.055208
0 0.418229 0.751563 0.044792 0.051042
0 0.351562 0.587500 0.040625 0.041667
0 0.801562 0.394792 0.023958 0.041667
0 0.358854 0.097396 0.042708 0.044792
0 0.489583 0.174479 0.045833 0.040625
0 0.785417 0.316667 0.037500 0.041667
0 0.118229 0.508333 0.021875 0.037500
0 0.879687 0.259896 0.034375 0.040625
0 0.264062 0.843750 0.032292 0.039583
0 0.655729 0.899479 0.044792 0.028125
0 0.412500 0.495833 0.043750 0.045833
0 0.909375 0.713542 0.035417 0.052083
0 0.782813 0.315104 0.038542 0.019792
0 0.397917 0.527604 0.043750 0.055208
0 0.258854 0.090625 0.040625 0.022917
0 0.348958 0.929167 0.043750 0.045833
0 0.566667 0.456250 0.025000 0.037500
0 0.235937 0.791667 0.044792 0.054167
0 0.895833 0.441667 0.037500 0.027083
0 0.718229 0.926562 0.046875 0.038542
0 0.243229 0.912500 0.051042 0.031250
0 0.708854 0.507292 0.021875 0.041667
0 0.136458 0.616667 0.041667 0.025000
0 0.452083 0.175000 0.039583 0.041667
0 0.933333 0.865625 0.025000 0.037500
0 0.515104 0.695833 0.042708 0.033333
0 0.297396 0.183333 0.032292 0.043750
0 0.338021 0.209896 0.048958 0.046875
0 0.400000 0.932813 0.037500 0.019792
0 0.940625 0.136458 0.043750 0.045833
0 0.519271 0.578125 0.023958 0.047917
0 0.938542 0.860417 0.052083 0.035417
0 0.604688 0.652083 0.048958 0.041667
0 0.728125 0.807292 0.050000 0.050000
0 0.960938 0.465104 0.051042 0.036458
0 0.296875 0.203125 0.045833 0.052083
0 0.168750 0.504687 0.045833 0.023958
0 0.735938 0.425000 0.040625 0.041667
0 0.377604 0.092708 0.053125 0.039583
0 0.794271 0.271875 0.048958 0.037500
0 0.748958 0.575521 0.027083 0.046875
0 0.390625 0.711458 0.033333 0.037500
0 0.234896 0.336979 0.040625 0.028125
0 0.641667 0.338542 0.035417 0.020833
0 0.777604 0.784896 0.040625 0.023958
0 0.892188 0.746354 0.055208 0.046875
0 0.582812 0.700000 0.046875 0.043750
0 0.888542 0.216146 0.029167 0.044792
0 0.288021 0.414062 0.051042 0.044792
0 0.412500 0.347917 0.043750 0.035417
0 0.143229 0.212500 0.048958 0.033333
0 0.204167 0.649479 0.043750 0.055208
0 0.252083 0.245312 0.052083 0.051042
0 0.541667 0.740104 0.039583 0.048958
0 0.091667 0.257292 0.052083 0.045833
0 0.951042 0.936979 0.045833 0.026042
0 0.925000 0.305208 0.045833 0.043750
0 0.086458 0.377083 0.022917 0.043750
0 0.678646 0.416667 0.044792 0.035417
0 0.565104 0.494271 0.030208 0.044792
0 0.589583 0.536979 0.041667 0.055208
0 0.696875 0.895833 0.033333 0.050000
0 0.847917 0.746875 0.037500 0.033333
0 0.670833 0.705729 0.027083 0.046875
0 0.213021 0.931771 0.048958 0.046875
0 0.464062 0.703125 0.032292 0.052083
0 0.759375 0.525000 0.020833 0.039583
0 0.736979 0.540625 0.042708 0.054167
0 0.247917 0.671354 0.033333 0.044792
0 0.423438 0.646875 0.044792 0.033333
0 0.529167 0.086979 0.039583 0.030208
0 0.657813 0.837500 0.044792 0.035417
0 0.613542 0.404687 0.039583 0.034375
0 0.611979 0.813021 0.044792 0.026042
0 0.517188 0.448958 0.026042 0.041667
0 0.790625 0.216667 0.050000 0.029167
0 0.263542 0.748437 0.043750 0.042708
0 0.432812 0.465104 0.019792 0.038542
0 0.324479 0.583333 0.038542 0.033333
0 0.601562 0.350521 0.053125 0.053125
0 0.635938 0.413021 0.046875 0.036458
0 0.412500 0.864062 0.041667 0.048958
0 0.864062 0.588021 0.028125 0.046875
0 0.946875 0.392188 0.025000 0.044792
0 0.097396 0.121875 0.042708 0.039583
0 0.147917 0.392708 0.031250 0.050000
0 0.835417 0.921354 0.033333 0.040625
0 0.560937 0.495312 0.040625 0.044792
0 0.246875 0.860938 0.035417 0.044792
0 0.699479 0.475521 0.028125 0.044792
0 0.599479 0.687500 0.023958 0.041667
0 0.606771 0.605208 0.019792 0.039583
0 0.916667 0.233854 0.027083 0.042708
0 0.548438 0.256771 0.044792 0.042708
0 0.579167 0.094792 0.039583 0.047917
0 0.491146 0.502604 0.023958 0.040625
0 0.838021 0.755729 0.046875 0.038542
0 0.908854 0.090104 0.051042 0.040625
0 0.907813 0.497396 0.055208 0.044792
0 0.225000 0.554167 0.029167 0.041667
0 0.900521 0.683854 0.040625 0.051042
0 0.333333 0.310417 0.037500 0.033333
0 0.660417 0.379167 0.037500 0.018750
0 0.822917 0.632812 0.045833 0.038542
0 0.513542 0.876563 0.033333 0.040625