0 0.604167 0.902083 0.037500 0.027083
0 0.947396 0.115625 0.044792 0.025000
0 0.286458 0.756771 0.047917 0.046875
0 0.314583 0.542708 0.052083 0.043750
0 0.257292 0.136458 0.033333 0.037500
0 0.167708 0.289062 0.037500 0.044792
0 0.091146 0.300521 0.040625 0.036458
0 0.705208 0.543750 0.043750 0.035417
0 0.254688 0.926562 0.044792 0.055208
0 0.135417 0.642708 0.022917 0.039583
0 0.845313 0.952604 0.040625 0.036458
0 0.203646 0.750521 0.044792 0.042708
0 0.686979 0.941667 0.036458 0.047917
0 0.551042 0.411458 0.039583 0.022917
0 0.285938 0.770312 0.030208 0.040625
0 0.590625 0.129167 0.033333 0.037500
0 0.553125 0.643750 0.043750 0.025000
0 0.849479 0.567708 0.044792 0.033333
0 0.861458 0.107813 0.045833 0.040625
0 0.665104 0.759896 0.048958 0.046875
0 0.854688 0.429167 0.053125 0.041667
0 0.116667 0.397396 0.037500 0.048958
0 0.845313 0.290625 0.038542 0.018750
0 0.739062 0.226562 0.044792 0.028125
0 0.543229 0.481771 0.051042 0.055208
0 0.244792 0.126042 0.041667 0.037500
0 0.604688 0.278646 0.048958 0.055208
0 0.497917 0.303125 0.033333 0.037500
0 0.195833 0.956771 0.027083 0.040625
0 0.684375 0.270313 0.043750 0.042708
0 0.158854 0.821875 0.044792 0.033333
0 0.490625 0.620313 0.043750 0.055208
0 0.687500 0.161458 0.035417 0.052083
0 0.779687 0.109896 0.046875 0.055208
0 0.713542 0.820312 0.047917 0.046875
0 0.323437 0.566146 0.053125 0.032292
0 0.582812 0.901563 0.040625 0.028125
0 0.811979 0.947396 0.053125 0.051042
0 0.239583 0.736458 0.037500 0.025000
0 0.429688 0.459375 0.040625 0.020833
0 0.616146 0.329167 0.036458 0.018750
0 0.146875 0.802604 0.027083 0.042708
0 0.074479 0.962500 0.040625 0.052083
0 0.639583 0.350521 0.029167 0.044792
0 0.243229 0.625000 0.040625 0.020833
0 0.798958 0.502083 0.037500 0.027083
0 0.486458 0.817708 0.020833 0.039583
0 0.479687 0.081250 0.042708 0.033333
0 0.802604 0.675000 0.030208 0.039583
0 0.782813 0.747917 0.053125 0.037500
0 0.621354 0.335938 0.019792 0.038542
0 0.659375 0.427604 0.054167 0.036458
0 0.781771 0.104688 0.051042 0.040625
0 0.081250 0.198958 0.031250 0.037500
0 0.457813 0.672396 0.026042 0.040625
0 0.347917 0.214583 0.047917 0.037500
0 0.944792 0.455729 0.047917 0.046875
0 0.215625 0.256771 0.027083 0.042708
0 0.284375 0.135937 0.041667 0.023958
0 0.771875 0.469792 0.052083 0.047917
0 0.897917 0.564063 0.037500 0.044792
0 0.344792 0.197917 0.047917 0.050000
0 0.501042 0.789583 0.045833 0.022917
0 0.519271 0.556771 0.051042 0.055208
0 0.177604 0.623437 0.026042 0.040625
0 0.672917 0.428125 0.025000 0.037500
0 0.143750 0.744792 0.022917 0.035417
0 0.663542 0.149479 0.037500 0.019792
0 0.721354 0.617708 0.048958 0.033333
0 0.391667 0.484896 0.039583 0.044792
0 0.307292 0.166667 0.043750 0.052083
0 0.325521 0.207813 0.055208 0.038542
0 0.831771 0.478125 0.028125 0.043750
0 0.240625 0.579688 0.045833 0.028125
0 0.257292 0.196354 0.050000 0.042708
0 0.470313 0.435937 0.032292 0.048958
0 0.380729 0.666146 0.040625 0.026042
0 0.911979 0.366146 0.032292 0.044792
0 0.886979 0.279167 0.053125 0.045833
0 0.938542 0.570833 0.037500 0.052083
0 0.479687 0.938542 0.038542 0.043750
0 0.097396 0.476042 0.019792 0.039583
0 0.733854 0.159375 0.044792 0.033333
0 0.596875 0.465104 0.037500 0.040625
0 0.625521 0.541146 0.040625 0.026042
0 0.466146 0.777083 0.028125 0.041667
0 0.310937 0.343229 0.051042 0.034375
0 0.818229 0.185417 0.030208 0.043750
0 0.576042 0.261458 0.033333 0.050000
0 0.856771 0.446875 0.038542 0.052083
0 0.623437 0.208333 0.021875 0.041667
0 0.851042 0.582292 0.033333 0.045833
0 0.616146 0.793229 0.046875 0.034375
0 0.267188 0.161458 0.034375 0.047917
0 0.651563 0.713021 0.026042 0.044792
0 0.690104 0.472396 0.036458 0.040625
0 0.158333 0.196875 0.047917 0.050000
0 0.453646 0.745833 0.036458 0.047917
0 0.710417 0.382812 0.037500 0.048958
0 0.559375 0.177083 0.037500 0.047917
0 0.312500 0.765625 0.025000 0.041667
0 0.694792 0.348958 0.037500 0.033333
0 0.901563 0.579167 0.053125 0.045833
0 0.655729 0.455208 0.042708 0.054167
0 0.646875 0.396354 0.045833 0.028125
0 0.447917 0.535417 0.052083 0.039583
0 0.406771 0.538021 0.055208 0.036458
0 0.154688 0.088021 0.040625 0.046875
0 0.574479 0.466146 0.051042 0.044792
0 0.627604 0.688021 0.051042 0.053125
0 0.457813 0.907292 0.036458 0.037500
0 0.214062 0.572396 0.038542 0.055208
0 0.898438 0.110937 0.038542 0.046875
0 0.895833 0.615625 0.045833 0.052083
0 0.747396 0.504687 0.038542 0.023958
0 0.084375 0.355729 0.050000 0.053125
0 0.196354 0.920312 0.042708 0.021875
0 0.728646 0.704688 0.048958 0.046875
0 0.488542 0.205208 0.022917 0.043750
0 0.350521 0.894271 0.046875 0.023958
0 0.254167 0.254167 0.045833 0.052083
0 0.535417 0.351042 0.045833 0.031250
0 0.196875 0.292187 0.045833 0.048958
0 0.644271 0.971354 0.055208 0.046875
0 0.787500 0.118229 0.054167 0.048958
0 0.320312 0.712500 0.048958 0.039583
0 0.190104 0.363542 0.034375 0.039583
0 0.327083 0.370312 0.054167 0.042708
0 0.736458 0.773958 0.045833 0.052083
0 0.499479 0.076042 0.042708 0.031250
0 0.614062 0.850521 0.044792 0.042708
0 0.419792 0.306250 0.031250 0.041667
0 0.850521 0.518229 0.040625 0.044792
0 0.501042 0.370312 0.054167 0.044792
0 0.407292 0.807292 0.037500 0.033333
0 0.943750 0.514062 0.035417 0.044792
0 0.661458 0.289062 0.031250 0.040625
0 0.448437 0.214062 0.040625 0.034375
0 0.786458 0.227083 0.037500 0.025000
0 0.182812 0.342187 0.034375 0.040625
0 0.440625 0.192708 0.033333 0.037500
0 0.766146 0.170833 0.044792 0.033333
0 0.594792 0.157812 0.037500 0.053125
0 0.791146 0.259375 0.042708 0.041667
0 0.413021 0.515625 0.051042 0.047917
0 0.657292 0.787500 0.031250 0.050000
0 0.444271 0.828125 0.021875 0.037500
0 0.925000 0.671875 0.035417 0.037500
0 0.709896 0.844271 0.036458 0.040625
0 0.213021 0.203646 0.046875 0.032292
0 0.225000 0.443750 0.047917 0.052083
0 0.273958 0.608854 0.045833 0.038542
0 0.770833 0.437500 0.025000 0.047917
0 0.515625 0.113021 0.035417 0.053125
0 0.874479 0.517188 0.019792 0.038542
0 0.423438 0.712500 0.036458 0.037500
0 0.289583 0.364583 0.037500 0.027083
0 0.271354 0.326562 0.055208 0.048958
0 0.303646 0.091146 0.026042 0.051042
0 0.459896 0.822917 0.040625 0.047917
0 0.748437 0.351042 0.040625 0.041667
0 0.668750 0.372396 0.027083 0.040625
0 0.156771 0.207292 0.053125 0.035417
0 0.752604 0.303125 0.032292 0.047917
0 0.757292 0.522396 0.037500 0.044792
0 0.965104 0.425521 0.044792 0.040625
0 0.789062 0.447917 0.053125 0.043750
0 0.623437 0.817187 0.026042 0.040625
0 0.568229 0.846875 0.042708 0.041667
0 0.961458 0.406250 0.037500 0.047917
0 0.306250 0.931771 0.045833 0.040625
0 0.436979 0.804688 0.051042 0.042708
0 0.958333 0.829167 0.043750 0.022917
0 0.140625 0.859896 0.052083 0.051042
0 0.968229 0.476042 0.040625 0.054167
0 0.124479 0.203125 0.038542 0.047917
0 0.106771 0.891667 0.030208 0.043750
0 0.917708 0.852604 0.054167 0.048958
0 0.670312 0.521354 0.021875 0.044792
0 0.448958 0.186979 0.039583 0.026042
0 0.669271 0.172917 0.046875 0.052083
0 0.367188 0.668229 0.042708 0.051042
0 0.228125 0.237500 0.037500 0.047917
0 0.344271 0.604688 0.036458 0.046875
0 0.890625 0.273958 0.043750 0.045833
0 0.286458 0.080729 0.052083 0.030208
0 0.273958 0.385937 0.039583 0.048958
0 0.547917 0.272917 0.020833 0.035417
0 0.616146 0.927083 0.042708 0.047917
0 0.397396 0.789062 0.048958 0.028125
0 0.730208 0.953646 0.050000 0.042708
0 0.439583 0.156250 0.045833 0.022917
0 0.598437 0.819792 0.032292 0.047917
0 0.526563 0.718229 0.048958 0.030208
0 0.717187 0.753646 0.042708 0.055208
0 0.583333 0.830729 0.039583 0.038542
0 0.536458 0.526042 0.052083 0.045833
0 0.690104 0.332292 0.034375 0.043750
0 0.543229 0.741146 0.046875 0.055208
0 0.363021 0.093750 0.048958 0.035417
0 0.350000 0.276042 0.035417 0.018750
0 0.636458 0.868750 0.047917 0.035417
0 0.315104 0.473958 0.046875 0.027083
0 0.298438 0.773958 0.030208 0.039583
0 0.235417 0.168750 0.043750 0.052083
0 0.695833 0.615104 0.039583 0.055208
0 0.503125 0.704167 0.043750 0.025000
0 0.721875 0.894271 0.039583 0.036458
0 0.316146 0.941146 0.044792 0.048958
0 0.251042 0.104167 0.039583 0.047917
0 0.578646 0.098958 0.034375 0.052083
0 0.594792 0.085417 0.045833 0.029167
0 0.118750 0.437500 0.033333 0.045833
0 0.108333 0.718750 0.031250 0.037500
0 0.677604 0.577604 0.030208 0.044792
0 0.618750 0.939063 0.031250 0.040625
0 0.148958 0.450000 0.037500 0.047917
0 0.094792 0.348958 0.031250 0.037500
0 0.879167 0.656250 0.052083 0.043750
0 0.617708 0.611979 0.043750 0.026042
0 0.314063 0.229687 0.046875 0.026042
0 0.605729 0.567708 0.032292 0.047917
0 0.402083 0.088021 0.050000 0.042708
0 0.330208 0.810417 0.043750 0.052083
0 0.750521 0.418229 0.046875 0.036458
0 0.614062 0.804167 0.034375 0.052083
0 0.702083 0.807292 0.043750 0.035417
0 0.909896 0.781771 0.028125 0.046875
0 0.792188 0.608854 0.048958 0.046875
0 0.265625 0.439063 0.043750 0.055208
0 0.656250 0.746875 0.052083 0.033333
0 0.273958 0.394792 0.022917 0.043750
0 0.433854 0.273438 0.053125 0.053125
0 0.110937 0.778125 0.048958 0.035417
0 0.753125 0.396875 0.029167 0.041667
0 0.559896 0.827604 0.051042 0.040625
0 0.422917 0.639583 0.037500 0.035417
0 0.259896 0.353125 0.048958 0.037500
0 0.793229 0.708333 0.048958 0.037500
0 0.683854 0.084896 0.055208 0.040625
0 0.113542 0.359375 0.037500 0.041667
0 0.700521 0.204167 0.034375 0.047917
0 0.350521 0.618229 0.051042 0.038542
0 0.288542 0.495312 0.029167 0.051042
0 0.601562 0.269271 0.028125 0.046875
0 0.942187 0.257812 0.044792 0.051042
0 0.555208 0.118750 0.037500 0.052083
0 0.433854 0.121354 0.040625 0.032292
0 0.406771 0.409896 0.036458 0.046875
0 0.251042 0.913021 0.039583 0.030208
0 0.770312 0.651042 0.038542 0.052083
0 0.718750 0.778125 0.047917 0.039583
0 0.537500 0.915104 0.054167 0.048958
0 0.277083 0.253125 0.047917 0.050000
0 0.361458 0.532292 0.029167 0.041667
0 0.085938 0.622396 0.028125 0.040625
0 0.731250 0.425521 0.043750 0.042708
0 0.565104 0.788542 0.034375 0.043750
0 0.154688 0.938021 0.042708 0.023958
0 0.583333 0.361979 0.037500 0.048958
0 0.434896 0.667188 0.044792 0.051042
0 0.119271 0.177604 0.048958 0.055208
0 0.820312 0.744271 0.048958 0.046875
0 0.427604 0.118750 0.048958 0.052083
0 0.879167 0.333333 0.052083 0.047917
0 0.239063 0.557813 0.053125 0.051042
0 0.476042 0.523958 0.050000 0.047917
0 0.940104 0.251563 0.040625 0.030208
0 0.480208 0.886979 0.052083 0.032292
0 0.654167 0.419271 0.041667 0.021875
0 0.930729 0.283854 0.023958 0.048958
0 0.827083 0.958333 0.043750 0.033333
0 0.290625 0.190625 0.050000 0.050000
0 0.231250 0.885938 0.045833 0.036458
0 0.281250 0.350521 0.045833 0.055208
0 0.360938 0.113542 0.053125 0.045833
0 0.590104 0.875521 0.044792 0.040625
0 0.894792 0.800000 0.033333 0.052083
0 0.590625 0.816146 0.027083 0.040625
0 0.403125 0.753646 0.047917 0.028125
0 0.467708 0.350521 0.037500 0.044792
0 0.353646 0.773438 0.046875 0.032292
0 0.538542 0.335417 0.041667 0.039583
0 0.136458 0.513542 0.047917 0.035417
0 0.675521 0.826562 0.023958 0.038542
0 0.666146 0.358333 0.038542 0.047917
0 0.176563 0.357292 0.040625 0.020833
0 0.663542 0.604167 0.031250 0.050000
0 0.844271 0.376042 0.040625 0.020833
0 0.364063 0.611979 0.023958 0.046875
0 0.443229 0.949479 0.044792 0.032292
0 0.211458 0.709375 0.050000 0.031250
0 0.832812 0.569271 0.053125 0.051042
0 0.685417 0.848958 0.037500 0.047917
0 0.630208 0.625000 0.045833 0.052083
0 0.323958 0.919271 0.045833 0.026042
0 0.530208 0.574479 0.047917 0.053125
0 0.513021 0.155208 0.048958 0.033333
0 0.468750 0.445312 0.047917 0.053125
0 0.226562 0.507812 0.034375 0.040625
0 0.560937 0.950000 0.021875 0.043750
0 0.731771 0.118750 0.023958 0.041667
0 0.233333 0.379688 0.029167 0.048958
0 0.265625 0.682292 0.037500 0.027083
0 0.369271 0.791667 0.036458 0.043750
0 0.825000 0.632812 0.043750 0.042708
0 0.075000 0.364583 0.043750 0.035417
0 0.950000 0.407813 0.037500 0.040625
0 0.730208 0.945312 0.050000 0.053125
0 0.697396 0.114583 0.023958 0.047917
0 0.787500 0.417708 0.035417 0.020833
0 0.755729 0.722917 0.042708 0.047917
0 0.230208 0.809896 0.027083 0.042708
0 0.813021 0.772917 0.046875 0.033333
0 0.927604 0.764583 0.019792 0.037500
0 0.730208 0.098437 0.037500 0.021875
0 0.439063 0.477604 0.023958 0.040625
0 0.079167 0.807292 0.050000 0.050000
0 0.945312 0.931250 0.034375 0.039583
0 0.143229 0.543750 0.044792 0.047917
0 0.906250 0.965104 0.043750 0.040625
0 0.253125 0.085938 0.045833 0.034375
0 0.917708 0.339583 0.037500 0.033333
0 0.930729 0.803646 0.040625 0.038542
0 0.394271 0.539583 0.042708 0.031250
0 0.528646 0.198437 0.044792 0.040625
0 0.575000 0.084375 0.037500 0.031250
0 0.512500 0.103646 0.041667 0.042708
0 0.887500 0.489583 0.027083 0.045833
0 0.367708 0.473438 0.043750 0.028125
0 0.507292 0.438021 0.025000 0.046875
0 0.540104 0.414062 0.028125 0.048958
0 0.280208 0.207813 0.043750 0.026042
0 0.266146 0.670833 0.051042 0.029167
0 0.601562 0.510417 0.030208 0.050000
0 0.378125 0.457813 0.052083 0.034375
0 0.316667 0.093750 0.047917 0.025000
0 0.183854 0.441146 0.051042 0.038542
0 0.096354 0.782813 0.046875 0.026042
0 0.218229 0.666667 0.042708 0.039583
0 0.667188 0.129167 0.021875 0.037500
0 0.559375 0.406771 0.033333 0.040625
0 0.529687 0.342708 0.042708 0.041667
0 0.481250 0.444792 0.037500 0.035417
0 0.293229 0.674479 0.036458 0.040625
0 0.473958 0.382292 0.052083 0.043750
0 0.128646 0.586458 0.053125 0.043750
0 0.858333 0.574479 0.050000 0.034375
0 0.289062 0.128125 0.044792 0.047917
0 0.961979 0.842187 0.046875 0.036458
0 0.921875 0.885938 0.045833 0.032292
0 0.397396 0.665625 0.042708 0.037500
0 0.860417 0.333333 0.033333 0.037500
0 0.081771 0.427083 0.042708 0.031250
0 0.491146 0.545312 0.040625 0.028125
0 0.523958 0.554688 0.043750 0.040625
0 0.140104 0.834896 0.030208 0.048958
0 0.786458 0.220312 0.045833 0.026042
0 0.500521 0.277083 0.046875 0.052083
0 0.330208 0.525000 0.031250 0.050000
0 0.573438 0.463021 0.030208 0.051042
0 0.118750 0.460417 0.045833 0.027083
0 0.522917 0.880208 0.052083 0.035417
0 0.665625 0.465104 0.045833 0.048958
0 0.248958 0.757292 0.043750 0.022917
0 0.592187 0.542188 0.053125 0.032292
0 0.079167 0.558333 0.043750 0.045833
0 0.882292 0.727083 0.022917 0.043750
0 0.188542 0.195833 0.037500 0.031250
0 0.468229 0.258854 0.036458 0.040625
0 0.801562 0.684375 0.040625 0.022917
0 0.682813 0.127604 0.038542 0.021875
0 0.548958 0.501042 0.033333 0.037500
0 0.930729 0.217188 0.040625 0.023958
0 0.582812 0.785417 0.021875 0.037500
0 0.610938 0.672396 0.051042 0.040625
0 0.605729 0.828646 0.044792 0.042708
0 0.797917 0.385937 0.039583 0.030208
0 0.386458 0.769271 0.045833 0.036458
0 0.709375 0.254688 0.035417 0.044792
0 0.832292 0.167708 0.037500 0.025000
0 0.503125 0.442708 0.041667 0.029167
0 0.572917 0.906250 0.052083 0.039583
0 0.262500 0.455208 0.037500 0.033333
0 0.850000 0.501042 0.041667 0.039583
0 0.837500 0.502083 0.050000 0.050000
0 0.233854 0.119792 0.042708 0.054167
0 0.397917 0.914583 0.050000 0.050000
0 0.494792 0.918229 0.039583 0.026042
0 0.641667 0.525000 0.039583 0.047917
0 0.263542 0.829167 0.045833 0.043750
0 0.484896 0.091146 0.046875 0.023958
0 0.204167 0.554688 0.041667 0.021875
0 0.192188 0.539062 0.026042 0.044792
0 0.070833 0.740625 0.037500 0.022917
0 0.132812 0.247917 0.030208 0.039583
0 0.560417 0.781250 0.043750 0.045833
0 0.554688 0.378125 0.048958 0.052083
0 0.359896 0.117188 0.042708 0.044792
0 0.170833 0.139063 0.039583 0.028125
0 0.091667 0.922396 0.039583 0.048958
0 0.355729 0.521354 0.053125 0.032292
0 0.080729 0.848958 0.048958 0.039583
0 0.139063 0.783333 0.030208 0.050000
0 0.634896 0.300000 0.038542 0.029167
0 0.674479 0.220833 0.042708 0.027083
0 0.419792 0.235417 0.037500 0.033333
0 0.844792 0.732812 0.037500 0.038542
0 0.573438 0.882812 0.046875 0.023958
0 0.621354 0.308854 0.036458 0.040625
0 0.288021 0.922396 0.051042 0.042708
0 0.415625 0.610417 0.025000 0.039583
0 0.834375 0.739583 0.050000 0.050000
0 0.746875 0.092708 0.052083 0.033333
0 0.100521 0.611458 0.042708 0.039583
0 0.359375 0.731250 0.037500 0.035417
0 0.839063 0.182292 0.036458 0.052083
0 0.452604 0.268229 0.044792 0.028125
0 0.164062 0.705729 0.026042 0.044792
0 0.871354 0.185417 0.044792 0.052083
0 0.213021 0.607292 0.034375 0.039583
0 0.653125 0.895833 0.020833 0.035417
0 0.403125 0.596354 0.054167 0.044792
0 0.762500 0.228646 0.039583 0.036458
0 0.950521 0.278646 0.026042 0.051042
0 0.300000 0.202083 0.035417 0.035417
0 0.566146 0.160938 0.044792 0.055208
0 0.075000 0.356771 0.039583 0.034375
0 0.777083 0.620313 0.043750 0.030208
0 0.368750 0.468750 0.037500 0.027083
0 0.709896 0.166146 0.019792 0.038542
0 0.440625 0.127604 0.039583 0.026042
0 0.095833 0.742708 0.050000 0.050000
0 0.910937 0.879687 0.026042 0.044792
0 0.361979 0.716146 0.055208 0.044792
0 0.952604 0.564583 0.046875 0.045833
0 0.817708 0.680208 0.031250 0.050000
0 0.144271 0.203646 0.026042 0.051042
0 0.584896 0.316667 0.036458 0.018750
0 0.944792 0.946875 0.025000 0.041667
0 0.291146 0.364063 0.040625 0.026042
0 0.715625 0.200000 0.052083 0.039583
0 0.116667 0.116667 0.037500 0.031250
0 0.475000 0.569792 0.041667 0.039583
0 0.087500 0.091146 0.020833 0.038542
0 0.852083 0.638021 0.052083 0.034375
0 0.380208 0.925521 0.031250 0.044792
0 0.369792 0.215625 0.033333 0.037500
0 0.453125 0.923958 0.031250 0.041667
0 0.816667 0.431250 0.029167 0.050000
0 0.490625 0.391146 0.037500 0.021875
0 0.170313 0.243750 0.048958 0.052083
0 0.634375 0.592708 0.033333 0.037500
0 0.088542 0.398438 0.052083 0.051042
0 0.441146 0.246875 0.040625 0.047917
0 0.722917 0.545312 0.045833 0.034375
0 0.744792 0.556250 0.041667 0.047917
0 0.778646 0.446875 0.046875 0.043750
0 0.250000 0.537500 0.027083 0.047917
0 0.333854 0.667708 0.040625 0.043750
0 0.847917 0.409375 0.043750 0.052083
0 0.599479 0.966146 0.032292 0.048958
0 0.424479 0.386458 0.040625 0.020833
0 0.404167 0.282813 0.035417 0.044792
0 0.208333 0.837500 0.018750 0.035417
0 0.510938 0.547917 0.044792 0.052083
0 0.846354 0.877604 0.042708 0.023958
0 0.482812 0.730729 0.034375 0.046875
0 0.135937 0.434896 0.044792 0.021875
0 0.430208 0.561458 0.029167 0.050000
0 0.254167 0.735417 0.033333 0.037500
0 0.927083 0.255208 0.033333 0.043750
0 0.922396 0.284896 0.038542 0.019792
0 0.406250 0.480208 0.050000 0.033333
0 0.556771 0.794271 0.040625 0.028125
0 0.442188 0.372396 0.038542 0.046875
0 0.229167 0.727604 0.041667 0.042708
0 0.357292 0.894271 0.052083 0.051042
0 0.265104 0.921354 0.038542 0.040625
0 0.299479 0.778125 0.040625 0.047917
0 0.435937 0.330208 0.030208 0.043750
0 0.587500 0.363021 0.054167 0.048958
0 0.226042 0.604167 0.043750 0.045833
0 0.597917 0.739583 0.033333 0.037500
0 0.849479 0.866146 0.026042 0.046875
0 0.284896 0.884375 0.051042 0.047917
0 0.335938 0.597396 0.038542 0.055208
0 0.926562 0.736979 0.038542 0.038542
0 0.744792 0.569271 0.047917 0.046875
0 0.466146 0.682813 0.055208 0.044792
0 0.464062 0.166146 0.051042 0.042708
0 0.804167 0.134896 0.037500 0.038542
0 0.207813 0.432812 0.051042 0.038542
0 0.119271 0.303125 0.048958 0.052083
0 0.381250 0.958854 0.039583 0.038542
0 0.202604 0.225521 0.055208 0.046875
0 0.546354 0.836979 0.040625 0.055208
0 0.435937 0.278646 0.028125 0.048958
0 0.744792 0.444271 0.043750 0.040625
0 0.770312 0.813021 0.040625 0.051042
0 0.103125 0.439063 0.043750 0.048958
0 0.271875 0.954167 0.052083 0.043750
0 0.277083 0.877604 0.022917 0.038542
0 0.849479 0.703646 0.038542 0.040625
0 0.637500 0.617188 0.031250 0.048958
0 0.425521 0.063021 0.042708 0.021875
0 0.878125 0.724479 0.039583 0.048958
0 0.177604 0.163021 0.044792 0.040625
0 0.823958 0.821354 0.045833 0.023958
0 0.547917 0.101562 0.045833 0.055208
0 0.608854 0.915104 0.053125 0.051042
0 0.716667 0.445312 0.031250 0.040625
0 0.335938 0.196354 0.055208 0.044792
0 0.753125 0.220833 0.035417 0.037500
0 0.614062 0.671354 0.051042 0.030208
0 0.264583 0.729167 0.027083 0.047917
0 0.151562 0.577604 0.042708 0.055208
0 0.186458 0.682813 0.033333 0.048958
0 0.507812 0.602604 0.026042 0.040625
0 0.447917 0.073438 0.027083 0.042708
0 0.449479 0.121354 0.030208 0.040625
0 0.880208 0.108854 0.039583 0.026042
0 0.584896 0.944271 0.042708 0.051042
0 0.668750 0.838542 0.025000 0.037500
0 0.159375 0.801562 0.031250 0.040625
0 0.773438 0.179167 0.040625 0.047917
0 0.966667 0.228646 0.043750 0.028125
0 0.568229 0.747917 0.038542 0.029167
0 0.190625 0.792708 0.027083 0.037500
0 0.451562 0.589063 0.051042 0.038542
0 0.151562 0.281250 0.042708 0.029167
0 0.746354 0.318229 0.048958 0.055208
0 0.325000 0.700000 0.020833 0.035417
0 0.614583 0.383333 0.037500 0.027083
0 0.811458 0.407813 0.039583 0.044792
0 0.291667 0.840625 0.050000 0.033333
0 0.519792 0.651563 0.027083 0.042708
0 0.293750 0.601042 0.043750 0.031250
0 0.273438 0.221354 0.038542 0.055208
0 0.510417 0.177083 0.027083 0.041667
0 0.149479 0.882292 0.042708 0.029167
0 0.941146 0.709375 0.048958 0.037500
0 0.752604 0.282813 0.028125 0.040625
0 0.193229 0.804167 0.030208 0.039583
0 0.725521 0.691667 0.044792 0.025000
0 0.366146 0.654167 0.048958 0.052083
0 0.860938 0.736979 0.042708 0.023958
0 0.418229 0.504687 0.051042 0.034375
0 0.522396 0.233333 0.032292 0.047917
0 0.327083 0.529167 0.043750 0.025000
0 0.788542 0.963021 0.050000 0.038542
0 0.123958 0.709896 0.043750 0.040625
0 0.703125 0.378125 0.029167 0.037500
0 0.166667 0.082812 0.047917 0.023958
0 0.098958 0.930208 0.027083 0.041667
0 0.800000 0.415625 0.052083 0.045833
0 0.325000 0.190104 0.025000 0.048958
0 0.916667 0.722917 0.037500 0.029167
0 0.912500 0.611979 0.050000 0.040625
0 0.461979 0.597917 0.040625 0.022917
0 0.683333 0.616667 0.052083 0.043750
0 0.970313 0.960938 0.046875 0.048958
0 0.554688 0.302083 0.023958 0.047917
0 0.372396 0.909375 0.034375 0.037500
0 0.672917 0.310417 0.052083 0.037500
0 0.617708 0.276042 0.035417 0.047917
0 0.283854 0.551562 0.028125 0.051042
0 0.603125 0.526042 0.043750 0.022917
0 0.491146 0.933333 0.044792 0.047917
0 0.547396 0.669271 0.036458 0.040625
0 0.952604 0.603646 0.030208 0.040625
0 0.530729 0.266667 0.026042 0.037500
0 0.617188 0.230208 0.046875 0.031250
0 0.525000 0.208854 0.052083 0.053125
0 0.435937 0.384896 0.040625 0.036458
0 0.514583 0.335417 0.033333 0.050000
0 0.864062 0.795833 0.038542 0.029167
0 0.161458 0.669792 0.045833 0.043750
0 0.928646 0.369792 0.048958 0.033333
0 0.653646 0.957292 0.036458 0.037500
0 0.813021 0.228646 0.044792 0.042708
0 0.768229 0.800521 0.055208 0.040625
0 0.711458 0.616146 0.039583 0.030208
0 0.907813 0.892708 0.053125 0.045833
0 0.675000 0.636979 0.045833 0.038542
0 0.736979 0.600521 0.048958 0.044792
0 0.725521 0.426042 0.053125 0.037500
0 0.743750 0.359896 0.050000 0.042708
0 0.655208 0.953125 0.029167 0.041667
0 0.538542 0.909896 0.039583 0.028125
0 0.674479 0.137500 0.053125 0.045833
0 0.769792 0.341667 0.047917 0.035417
0 0.183854 0.620833 0.036458 0.037500
0 0.744792 0.928125 0.031250 0.045833
0 0.688542 0.136458 0.020833 0.035417
0 0.102604 0.655729 0.048958 0.032292
0 0.707812 0.246354 0.032292 0.048958
0 0.750000 0.929167 0.039583 0.047917
0 0.181250 0.381771 0.043750 0.030208
0 0.471354 0.642708 0.040625 0.047917
0 0.770312 0.247396 0.040625 0.055208
0 0.831771 0.675000 0.038542 0.031250
0 0.198958 0.888021 0.050000 0.040625
0 0.700000 0.269271 0.043750 0.048958
0 0.480208 0.493229 0.020833 0.038542
0 0.510938 0.776042 0.048958 0.052083
0 0.789062 0.672917 0.053125 0.041667
0 0.771354 0.908333 0.053125 0.037500
0 0.544271 0.325000 0.038542 0.043750
0 0.795833 0.827083 0.027083 0.047917
0 0.433854 0.320312 0.034375 0.040625
0 0.602604 0.638542 0.040625 0.020833
0 0.656250 0.731771 0.037500 0.038542
0 0.132812 0.735938 0.048958 0.046875
0 0.667188 0.558333 0.038542 0.047917
0 0.845313 0.829688 0.040625 0.038542
0 0.400000 0.148438 0.025000 0.042708
0 0.209375 0.726042 0.029167 0.037500
0 0.723958 0.366667 0.043750 0.045833
0 0.840104 0.517708 0.044792 0.035417
0 0.631771 0.533854 0.055208 0.051042
0 0.212500 0.695833 0.027083 0.041667
0 0.598958 0.229687 0.031250 0.044792
0 0.367188 0.491667 0.028125 0.039583
0 0.677083 0.828125 0.050000 0.031250
0 0.275000 0.663021 0.039583 0.036458
0 0.799479 0.732812 0.040625 0.026042
0 0.472396 0.646354 0.032292 0.040625
0 0.457292 0.355729 0.039583 0.034375
0 0.179688 0.557292 0.042708 0.054167
0 0.871875 0.656250 0.037500 0.029167
0 0.697917 0.943750 0.043750 0.052083
0 0.565104 0.609375 0.040625 0.041667
0 0.513021 0.142708 0.044792 0.045833
0 0.475521 0.094792 0.053125 0.041667
0 0.068750 0.267188 0.029167 0.044792
0 0.543750 0.877083 0.037500 0.027083
0 0.480208 0.123958 0.045833 0.052083
0 0.926042 0.740625 0.047917 0.050000
0 0.901563 0.369792 0.030208 0.039583
0 0.205208 0.529167 0.050000 0.050000
0 0.859896 0.347917 0.034375 0.037500
0 0.540625 0.396875 0.045833 0.029167
0 0.197917 0.506250 0.052083 0.043750
0 0.409375 0.399479 0.039583 0.038542
0 0.793750 0.388021 0.029167 0.048958
0 0.169271 0.885417 0.038542 0.035417
0 0.275521 0.751563 0.051042 0.044792
0 0.345833 0.285417 0.052083 0.037500
0 0.686979 0.292187 0.046875 0.048958
0 0.194792 0.558333 0.029167 0.037500
0 0.869792 0.204167 0.037500 0.027083
0 0.225521 0.628125 0.034375 0.047917
0 0.849479 0.697917 0.044792 0.047917
0 0.884375 0.526563 0.031250 0.044792
0 0.636458 0.785937 0.043750 0.030208
0 0.685417 0.752604 0.035417 0.048958
0 0.590625 0.533854 0.043750 0.042708
0 0.551042 0.339062 0.054167 0.046875
0 0.340104 0.293750 0.046875 0.045833
0 0.951562 0.391667 0.048958 0.027083
0 0.656250 0.430208 0.043750 0.035417
0 0.230729 0.449479 0.038542 0.055208
0 0.325000 0.457813 0.031250 0.044792
0 0.269271 0.239583 0.051042 0.035417
0 0.762500 0.904687 0.025000 0.044792
0 0.884375 0.364583 0.035417 0.047917
0 0.827604 0.829167 0.032292 0.043750
0 0.861979 0.971354 0.034375 0.046875
0 0.879687 0.633854 0.038542 0.021875
0 0.378125 0.337500 0.027083 0.047917
0 0.815104 0.832292 0.048958 0.027083
0 0.818229 0.748958 0.040625 0.041667
0 0.107813 0.654167 0.038542 0.047917
0 0.861458 0.919271 0.050000 0.042708
0 0.564583 0.756771 0.035417 0.044792
0 0.843229 0.116667 0.034375 0.037500
0 0.415104 0.288021 0.044792 0.055208
0 0.689063 0.589583 0.040625 0.041667
0 0.606771 0.903125 0.051042 0.050000
0 0.607292 0.930729 0.031250 0.040625
0 0.406250 0.855729 0.027083 0.040625
0 0.388021 0.846875 0.046875 0.052083
0 0.550521 0.555208 0.048958 0.052083
0 0.592187 0.620833 0.021875 0.039583
0 0.238542 0.949479 0.027083 0.051042
0 0.857812 0.833333 0.048958 0.025000
0 0.116146 0.489583 0.053125 0.039583
0 0.721354 0.660937 0.038542 0.019792
0 0.664062 0.700521 0.055208 0.044792
0 0.250000 0.409896 0.025000 0.042708
0 0.697917 0.773438 0.054167 0.046875
0 0.823958 0.153125 0.047917 0.041667
0 0.707812 0.908333 0.053125 0.045833
0 0.931250 0.211979 0.047917 0.030208
0 0.581771 0.963021 0.051042 0.044792
0 0.683333 0.314063 0.039583 0.026042
0 0.139583 0.664062 0.029167 0.044792
0 0.674479 0.661458 0.038542 0.035417
0 0.964063 0.438542 0.040625 0.025000
0 0.214062 0.072917 0.038542 0.031250
0 0.554688 0.800521 0.034375 0.046875
0 0.377083 0.598437 0.041667 0.044792
0 0.928646 0.433854 0.046875 0.055208
0 0.588021 0.724479 0.032292 0.048958
0 0.801042 0.769792 0.037500 0.052083