0 0.279687 0.336458 0.044792 0.045833
0 0.074479 0.301563 0.030208 0.051042
0 0.926042 0.244792 0.041667 0.031250
0 0.166146 0.595833 0.038542 0.035417
0 0.329167 0.439583 0.043750 0.035417
0 0.090104 0.667188 0.040625 0.026042
0 0.394792 0.619271 0.047917 0.032292
0 0.353125 0.339062 0.022917 0.038542
0 0.915625 0.677083 0.052083 0.037500
0 0.383333 0.287500 0.041667 0.047917
0 0.262500 0.152083 0.037500 0.035417
0 0.790625 0.205729 0.041667 0.044792
0 0.578646 0.380729 0.026042 0.044792
0 0.826562 0.413542 0.053125 0.043750
0 0.418229 0.436979 0.051042 0.042708
0 0.528646 0.505729 0.042708 0.023958
0 0.843229 0.101042 0.038542 0.025000
0 0.539062 0.513021 0.040625 0.028125
0 0.759896 0.647396 0.030208 0.053125
0 0.323437 0.140104 0.040625 0.034375
0 0.183854 0.576562 0.040625 0.038542
0 0.955208 0.342187 0.041667 0.042708
0 0.618750 0.583854 0.050000 0.053125
0 0.490104 0.778646 0.048958 0.048958
0 0.714583 0.238542 0.047917 0.041667
0 0.914062 0.840625 0.042708 0.020833
0 0.677083 0.189583 0.045833 0.022917
0 0.661458 0.507812 0.045833 0.026042
0 0.769271 0.181250 0.048958 0.039583
0 0.602604 0.287500 0.040625 0.041667
0 0.241667 0.652604 0.045833 0.038542
0 0.859896 0.678125 0.038542 0.035417
0 0.905729 0.370833 0.046875 0.031250
0 0.667708 0.243229 0.050000 0.042708
0 0.110937 0.394792 0.040625 0.047917
0 0.795312 0.782292 0.040625 0.022917
0 0.803646 0.564583 0.044792 0.022917
0 0.093229 0.201563 0.046875 0.026042
0 0.633333 0.126562 0.054167 0.042708
0 0.815625 0.415625 0.041667 0.037500
0 0.409375 0.253646 0.039583 0.023958
0 0.454688 0.501563 0.051042 0.040625
0 0.789583 0.863021 0.037500 0.048958
0 0.333854 0.764062 0.053125 0.051042
0 0.251042 0.529687 0.041667 0.021875
0 0.206771 0.467708 0.048958 0.052083
0 0.734896 0.477083 0.038542 0.033333
0 0.892188 0.219792 0.053125 0.037500
0 0.210938 0.288542 0.044792 0.022917
0 0.116667 0.846875 0.047917 0.027083
0 0.524479 0.968750 0.032292 0.047917
0 0.132292 0.167187 0.047917 0.053125
0 0.673438 0.856250 0.019792 0.037500
0 0.357292 0.560937 0.045833 0.028125
0 0.857812 0.133333 0.036458 0.043750
0 0.710938 0.489063 0.034375 0.040625
0 0.321875 0.311979 0.037500 0.021875
0 0.157292 0.667188 0.050000 0.026042
0 0.681771 0.301563 0.028125 0.044792
0 0.436979 0.635938 0.046875 0.055208
0 0.538021 0.552604 0.038542 0.046875
0 0.410417 0.285417 0.052083 0.037500
0 0.296875 0.542708 0.043750 0.031250
0 0.148958 0.270833 0.052083 0.041667
0 0.346875 0.604167 0.020833 0.041667
0 0.198958 0.908333 0.047917 0.033333
0 0.078125 0.788542 0.027083 0.037500
0 0.609375 0.154167 0.022917 0.037500
0 0.491667 0.208333 0.052083 0.045833
0 0.216146 0.948958 0.042708 0.054167
0 0.843750 0.904167 0.043750 0.045833
0 0.455208 0.522396 0.037500 0.019792
0 0.966667 0.477083 0.052083 0.037500
0 0.431771 0.230729 0.032292 0.044792
0 0.154167 0.421875 0.039583 0.025000
0 0.478646 0.545833 0.021875 0.039583
0 0.205729 0.267708 0.036458 0.037500
0 0.777083 0.614583 0.041667 0.039583
0 0.902604 0.285417 0.042708 0.031250
0 0.705729 0.504687 0.038542 0.021875
0 0.236979 0.610938 0.036458 0.055208
0 0.481771 0.394792 0.034375 0.039583
0 0.777604 0.872396 0.051042 0.053125
0 0.332292 0.719271 0.033333 0.044792
0 0.445312 0.619792 0.044792 0.025000
0 0.530208 0.268750 0.037500 0.047917
0 0.308333 0.785937 0.050000 0.036458
0 0.899479 0.150521 0.051042 0.026042
0 0.321875 0.620313 0.043750 0.042708
0 0.782292 0.107813 0.025000 0.038542
0 0.554688 0.114583 0.044792 0.052083
0 0.085417 0.221875 0.037500 0.052083
0 0.145833 0.365625 0.047917 0.050000
0 0.923438 0.210938 0.044792 0.044792
0 0.470833 0.714583 0.027083 0.037500
0 0.327604 0.614583 0.040625 0.041667
0 0.853646 0.297917 0.044792 0.047917
0 0.337500 0.309896 0.045833 0.028125
0 0.632812 0.632812 0.038542 0.051042
0 0.079687 0.589583 0.034375 0.052083
0 0.342187 0.665104 0.026042 0.040625
0 0.563542 0.361458 0.045833 0.029167
0 0.142187 0.135937 0.036458 0.040625
0 0.366146 0.823438 0.019792 0.038542
0 0.540625 0.863542 0.043750 0.035417
0 0.480729 0.803125 0.053125 0.043750
0 0.588542 0.662500 0.025000 0.039583
0 0.103646 0.568750 0.030208 0.039583
0 0.525000 0.143750 0.043750 0.033333
0 0.574479 0.165625 0.048958 0.041667
0 0.083333 0.123438 0.043750 0.032292
0 0.264583 0.730729 0.050000 0.026042
0 0.079167 0.563542 0.039583 0.052083
0 0.671354 0.300521 0.038542 0.051042
0 0.276562 0.676562 0.051042 0.053125
0 0.624479 0.320833 0.053125 0.039583
0 0.079687 0.329167 0.044792 0.033333
0 0.329167 0.266146 0.054167 0.042708
0 0.483854 0.948958 0.026042 0.041667
0 0.761458 0.876563 0.039583 0.036458
0 0.650000 0.758854 0.045833 0.032292
0 0.634896 0.495312 0.044792 0.042708
0 0.857812 0.092188 0.048958 0.028125
0 0.760938 0.502083 0.042708 0.027083
0 0.288021 0.221354 0.051042 0.040625
0 0.228646 0.159375 0.042708 0.041667
0 0.512500 0.465625 0.043750 0.052083
0 0.740625 0.520833 0.047917 0.039583
0 0.158854 0.971354 0.036458 0.046875
0 0.208854 0.132292 0.053125 0.037500
0 0.875521 0.804688 0.023958 0.046875
0 0.801042 0.269792 0.037500 0.033333
0 0.403646 0.451562 0.026042 0.040625
0 0.921875 0.348958 0.037500 0.027083
0 0.821354 0.971354 0.038542 0.046875
0 0.564583 0.648958 0.043750 0.045833
0 0.758854 0.905208 0.048958 0.025000
0 0.733854 0.672396 0.023958 0.040625
0 0.291146 0.814063 0.038542 0.038542
0 0.289062 0.077604 0.038542 0.046875
0 0.380729 0.490625 0.044792 0.052083
0 0.261979 0.960417 0.021875 0.041667
0 0.688542 0.171875 0.047917 0.035417
0 0.841146 0.422917 0.028125 0.043750
0 0.078125 0.455729 0.045833 0.032292
0 0.412500 0.417187 0.041667 0.044792
0 0.486458 0.460938 0.033333 0.040625
0 0.942187 0.111979 0.038542 0.055208
0 0.595833 0.205208 0.050000 0.047917
0 0.315625 0.532813 0.045833 0.048958
0 0.614583 0.226042 0.045833 0.022917
0 0.096354 0.358854 0.032292 0.040625
0 0.670312 0.457292 0.028125 0.050000
0 0.092188 0.511979 0.044792 0.042708
0 0.513542 0.723958 0.020833 0.039583
0 0.878125 0.483854 0.022917 0.038542
0 0.475521 0.135937 0.048958 0.048958
0 0.213542 0.077604 0.043750 0.042708
0 0.819271 0.122396 0.019792 0.038542
0 0.424479 0.157292 0.051042 0.031250
0 0.465625 0.470833 0.029167 0.037500
0 0.400521 0.534896 0.044792 0.026042
0 0.591146 0.731250 0.044792 0.035417
0 0.292187 0.415625 0.042708 0.039583
0 0.633854 0.615104 0.048958 0.048958
0 0.234375 0.318229 0.039583 0.048958
0 0.437500 0.757292 0.039583 0.041667
0 0.467708 0.140625 0.039583 0.041667
0 0.252083 0.485938 0.043750 0.042708
0 0.119792 0.735417 0.047917 0.027083
0 0.296875 0.455208 0.031250 0.037500
0 0.586979 0.216667 0.053125 0.041667
0 0.746354 0.188542 0.042708 0.037500
0 0.781771 0.563542 0.032292 0.039583
0 0.417708 0.381250 0.029167 0.041667
0 0.301563 0.193229 0.053125 0.032292
0 0.862500 0.652604 0.029167 0.046875
0 0.520833 0.505208 0.037500 0.025000
0 0.576562 0.248438 0.044792 0.051042
0 0.313021 0.732292 0.044792 0.052083
0 0.445833 0.925000 0.052083 0.041667
0 0.181250 0.935417 0.033333 0.047917
0 0.513542 0.441146 0.022917 0.044792
0 0.555729 0.239583 0.044792 0.033333
0 0.619271 0.725000 0.048958 0.035417
0 0.513021 0.339062 0.044792 0.051042
0 0.354167 0.878125 0.035417 0.052083
0 0.571354 0.209375 0.048958 0.041667
0 0.205729 0.439063 0.048958 0.046875
0 0.781250 0.436458 0.033333 0.052083
0 0.682292 0.133333 0.045833 0.029167
0 0.572917 0.734896 0.027083 0.040625
0 0.447917 0.268229 0.045833 0.040625
0 0.384896 0.640104 0.023958 0.046875
0 0.568229 0.170833 0.036458 0.037500
0 0.227604 0.701562 0.040625 0.030208
0 0.207813 0.536458 0.042708 0.025000
0 0.455729 0.438021 0.051042 0.036458
0 0.364583 0.241667 0.031250 0.037500
0 0.435937 0.852083 0.038542 0.035417
0 0.561979 0.676042 0.040625 0.054167
0 0.809896 0.908854 0.040625 0.023958
0 0.295312 0.838542 0.038542 0.025000
0 0.321875 0.666146 0.033333 0.053125
0 0.626042 0.310417 0.045833 0.029167
0 0.399479 0.227604 0.038542 0.040625
0 0.446354 0.647917 0.030208 0.039583
0 0.269271 0.882812 0.055208 0.040625
0 0.110417 0.842187 0.039583 0.038542
0 0.753646 0.792708 0.042708 0.047917
0 0.226562 0.199479 0.055208 0.038542
0 0.520312 0.559896 0.040625 0.051042
0 0.851562 0.808333 0.036458 0.047917
0 0.398438 0.494271 0.023958 0.038542
0 0.404167 0.442708 0.041667 0.027083
0 0.568750 0.139063 0.043750 0.055208
0 0.346354 0.491667 0.034375 0.039583
0 0.364063 0.655208 0.046875 0.052083
0 0.776563 0.389062 0.038542 0.051042
0 0.455729 0.232292 0.040625 0.052083
0 0.350000 0.882812 0.037500 0.040625
0 0.729688 0.173958 0.042708 0.039583
0 0.838021 0.506771 0.028125 0.046875
0 0.927604 0.567708 0.019792 0.035417
0 0.637500 0.332813 0.047917 0.048958
0 0.440104 0.514062 0.051042 0.053125
0 0.455729 0.241667 0.038542 0.035417
0 0.606771 0.680729 0.026042 0.046875
0 0.868229 0.484896 0.055208 0.036458
0 0.684375 0.350521 0.043750 0.028125
0 0.292708 0.576042 0.041667 0.029167
0 0.250000 0.197396 0.041667 0.023958
0 0.176563 0.375000 0.021875 0.037500
0 0.379688 0.238021 0.034375 0.040625
0 0.413021 0.461458 0.032292 0.047917
0 0.825521 0.693750 0.046875 0.031250
0 0.243229 0.751042 0.021875 0.039583
0 0.732812 0.564583 0.030208 0.039583
0 0.475000 0.642708 0.041667 0.031250
0 0.703646 0.844271 0.051042 0.053125
0 0.794271 0.088021 0.036458 0.040625
0 0.187500 0.768229 0.054167 0.042708
0 0.368750 0.927083 0.037500 0.025000
0 0.463542 0.904687 0.029167 0.040625
0 0.711979 0.611979 0.026042 0.044792
0 0.873437 0.521875 0.048958 0.041667
0 0.614062 0.522396 0.034375 0.053125
0 0.150000 0.517188 0.027083 0.040625
0 0.442188 0.753646 0.048958 0.030208
0 0.428646 0.286458 0.030208 0.039583
0 0.136458 0.944792 0.018750 0.035417
0 0.692708 0.840625 0.039583 0.052083
0 0.255729 0.248438 0.051042 0.038542
0 0.441146 0.080208 0.046875 0.027083
0 0.678646 0.569792 0.046875 0.052083
0 0.415625 0.762500 0.047917 0.025000
0 0.692708 0.915104 0.039583 0.036458
0 0.332292 0.413021 0.050000 0.036458
0 0.637500 0.776042 0.047917 0.052083
0 0.097396 0.568750 0.053125 0.047917
0 0.120313 0.923438 0.038542 0.019792
0 0.198958 0.217188 0.039583 0.036458
0 0.852083 0.869271 0.022917 0.042708
0 0.084896 0.770833 0.032292 0.039583
0 0.706771 0.828646 0.048958 0.055208
0 0.671875 0.163542 0.031250 0.037500
0 0.941667 0.224479 0.039583 0.044792
0 0.823958 0.092188 0.050000 0.053125
0 0.534375 0.677604 0.031250 0.048958
0 0.948438 0.384375 0.036458 0.052083
0 0.582292 0.232292 0.039583 0.047917
0 0.135417 0.894792 0.047917 0.037500
0 0.317708 0.341146 0.043750 0.030208
0 0.163021 0.527604 0.040625 0.046875
0 0.674479 0.320833 0.046875 0.045833
0 0.833333 0.676042 0.037500 0.047917
0 0.504167 0.927083 0.035417 0.020833
0 0.888542 0.421354 0.050000 0.036458
0 0.698438 0.515104 0.036458 0.046875
0 0.651042 0.892708 0.041667 0.052083
0 0.119271 0.606250 0.034375 0.043750
0 0.444271 0.386458 0.038542 0.025000
0 0.426042 0.827604 0.027083 0.042708
0 0.680208 0.788021 0.045833 0.032292
0 0.191667 0.622396 0.031250 0.044792
0 0.377083 0.093750 0.025000 0.047917
0 0.843750 0.437500 0.033333 0.050000
0 0.458854 0.297396 0.026042 0.040625
0 0.703646 0.312500 0.046875 0.052083
0 0.128646 0.291667 0.040625 0.041667
0 0.089063 0.701042 0.019792 0.037500
0 0.319271 0.089063 0.046875 0.038542
0 0.302604 0.387500 0.042708 0.054167
0 0.353125 0.271354 0.050000 0.044792
0 0.073958 0.939583 0.041667 0.027083
0 0.849479 0.370833 0.042708 0.027083
0 0.342187 0.114583 0.023958 0.045833
0 0.764583 0.673438 0.050000 0.053125
0 0.410938 0.940625 0.053125 0.043750
0 0.398958 0.452604 0.045833 0.026042
0 0.608333 0.800521 0.050000 0.044792
0 0.418750 0.420312 0.027083 0.040625
0 0.651563 0.970833 0.040625 0.047917
0 0.879687 0.357292 0.042708 0.033333
0 0.135937 0.456771 0.046875 0.034375
0 0.423958 0.176563 0.045833 0.048958
0 0.799479 0.417708 0.036458 0.052083
0 0.358854 0.931250 0.046875 0.029167
0 0.652604 0.495312 0.055208 0.038542
0 0.918750 0.277604 0.045833 0.048958
0 0.237500 0.959375 0.033333 0.047917
0 0.802083 0.314063 0.025000 0.038542
0 0.189583 0.535937 0.050000 0.034375
0 0.338542 0.807813 0.027083 0.046875
0 0.735417 0.700521 0.039583 0.048958
0 0.738021 0.304167 0.048958 0.035417
0 0.639062 0.116667 0.032292 0.043750
0 0.675521 0.524479 0.038542 0.040625
0 0.310937 0.832812 0.055208 0.038542
0 0.620833 0.105208 0.035417 0.020833
0 0.928646 0.730208 0.044792 0.045833
0 0.394271 0.486458 0.032292 0.039583
0 0.804688 0.399479 0.030208 0.051042
0 0.530729 0.565625 0.038542 0.035417
0 0.277083 0.543750 0.027083 0.041667
0 0.749479 0.590625 0.042708 0.029167
0 0.448958 0.944792 0.033333 0.050000
0 0.519271 0.402604 0.046875 0.036458
0 0.584375 0.338542 0.031250 0.045833
0 0.097917 0.690104 0.025000 0.042708
0 0.186979 0.595313 0.040625 0.044792
0 0.875521 0.146875 0.032292 0.043750
0 0.828125 0.956771 0.045833 0.048958
0 0.967708 0.231771 0.047917 0.028125
0 0.838542 0.464062 0.025000 0.042708
0 0.412500 0.229687 0.039583 0.044792
0 0.926042 0.200521 0.041667 0.044792
0 0.153646 0.385417 0.046875 0.045833
0 0.417187 0.220833 0.021875 0.037500
0 0.377604 0.349479 0.028125 0.048958
0 0.076563 0.898438 0.038542 0.021875
0 0.909375 0.234896 0.039583 0.032292
0 0.647396 0.840625 0.042708 0.037500
0 0.889583 0.336458 0.035417 0.037500
0 0.659896 0.200000 0.038542 0.025000
0 0.281250 0.439583 0.039583 0.020833
0 0.258333 0.669792 0.037500 0.052083
0 0.637500 0.453125 0.043750 0.027083
0 0.589583 0.872396 0.050000 0.040625
0 0.470313 0.511979 0.055208 0.040625
0 0.490625 0.760417 0.033333 0.037500
0 0.955208 0.357812 0.018750 0.036458
0 0.266667 0.422917 0.043750 0.045833
0 0.889062 0.289062 0.046875 0.036458
0 0.357812 0.232292 0.048958 0.039583
0 0.754687 0.432292 0.042708 0.047917
0 0.691667 0.622917 0.031250 0.041667
0 0.658333 0.768229 0.050000 0.040625
0 0.166146 0.426563 0.048958 0.032292
0 0.404687 0.099479 0.046875 0.038542
0 0.829167 0.146354 0.039583 0.019792
0 0.129167 0.584896 0.054167 0.046875
0 0.323437 0.455208 0.038542 0.043750
0 0.627604 0.305729 0.040625 0.030208
0 0.508333 0.522917 0.029167 0.041667
0 0.155729 0.668229 0.030208 0.044792
0 0.599479 0.205208 0.048958 0.035417
0 0.845833 0.692708 0.037500 0.047917
0 0.650521 0.750521 0.040625 0.044792
0 0.615625 0.640625 0.037500 0.027083
0 0.445312 0.714063 0.055208 0.042708
0 0.149479 0.925000 0.026042 0.041667
0 0.731771 0.808854 0.055208 0.044792
0 0.233333 0.897396 0.035417 0.053125
0 0.105208 0.169271 0.039583 0.030208
0 0.725521 0.117708 0.038542 0.029167
0 0.116146 0.377083 0.046875 0.027083
0 0.117188 0.159375 0.048958 0.041667
0 0.952604 0.472396 0.036458 0.055208
0 0.698958 0.413542 0.027083 0.047917
0 0.303125 0.417708 0.033333 0.043750
0 0.489063 0.740625 0.053125 0.039583
0 0.541146 0.796354 0.040625 0.036458
0 0.621354 0.081771 0.038542 0.046875
0 0.669792 0.115625 0.033333 0.037500
0 0.176042 0.770312 0.043750 0.040625
0 0.278646 0.436979 0.032292 0.048958
0 0.898438 0.922396 0.032292 0.053125
0 0.264062 0.778646 0.053125 0.034375
0 0.202604 0.615104 0.040625 0.023958
0 0.116146 0.591146 0.021875 0.038542
0 0.146354 0.548958 0.053125 0.047917
0 0.188021 0.956771 0.036458 0.040625
0 0.271354 0.766667 0.038542 0.027083
0 0.937500 0.133333 0.041667 0.039583
0 0.561458 0.323958 0.020833 0.035417
0 0.440104 0.850521 0.038542 0.021875
0 0.940104 0.588542 0.038542 0.031250
0 0.930208 0.668229 0.050000 0.036458
0 0.136979 0.190104 0.036458 0.055208
0 0.582812 0.968750 0.040625 0.041667
0 0.277604 0.777083 0.019792 0.039583
0 0.278646 0.838021 0.040625 0.032292
0 0.284896 0.632292 0.046875 0.045833
0 0.519792 0.922917 0.045833 0.029167
0 0.119792 0.393750 0.050000 0.050000
0 0.593750 0.718229 0.035417 0.040625
0 0.579688 0.780729 0.040625 0.030208
0 0.921354 0.349479 0.040625 0.036458
0 0.233854 0.403646 0.038542 0.055208
0 0.754687 0.645312 0.044792 0.042708
0 0.677083 0.136458 0.039583 0.047917
0 0.365625 0.704167 0.033333 0.016667
0 0.186979 0.909896 0.038542 0.019792
0 0.204687 0.331250 0.040625 0.041667
0 0.150521 0.588542 0.034375 0.039583
0 0.906250 0.550000 0.025000 0.043750
0 0.666667 0.740104 0.045833 0.034375
0 0.846875 0.110417 0.052083 0.039583
0 0.784375 0.217188 0.047917 0.028125
0 0.410938 0.501042 0.042708 0.039583
0 0.285938 0.494271 0.053125 0.053125
0 0.426563 0.506250 0.042708 0.039583