0 0.727604 0.107813 0.026042 0.044792
0 0.745833 0.574479 0.020833 0.036458
0 0.424479 0.516146 0.040625 0.034375
0 0.623437 0.682813 0.034375 0.048958
0 0.914062 0.704167 0.028125 0.039583
0 0.462500 0.461979 0.041667 0.055208
0 0.151042 0.602604 0.054167 0.042708
0 0.654167 0.626042 0.033333 0.043750
0 0.570833 0.953646 0.020833 0.040625
0 0.866146 0.766667 0.044792 0.022917
0 0.383333 0.301042 0.031250 0.045833
0 0.369792 0.841146 0.043750 0.040625
0 0.939583 0.914062 0.037500 0.053125
0 0.154688 0.408333 0.044792 0.047917
0 0.490104 0.304167 0.053125 0.041667
0 0.402604 0.198958 0.046875 0.031250
0 0.328646 0.623437 0.026042 0.051042
0 0.176563 0.213542 0.028125 0.043750
0 0.541146 0.569792 0.023958 0.047917
0 0.886458 0.870313 0.041667 0.021875
0 0.196875 0.758854 0.050000 0.036458
0 0.665625 0.333333 0.041667 0.029167
0 0.875521 0.614062 0.044792 0.042708
0 0.741146 0.656771 0.055208 0.044792
0 0.460938 0.594792 0.034375 0.047917
0 0.202083 0.508854 0.050000 0.040625
0 0.621875 0.418229 0.033333 0.053125
0 0.677083 0.814583 0.039583 0.047917
0 0.152083 0.644271 0.045833 0.032292
0 0.166146 0.452083 0.042708 0.047917
0 0.848958 0.575521 0.041667 0.023958
0 0.741146 0.550000 0.040625 0.025000
0 0.228646 0.218229 0.034375 0.040625
0 0.856250 0.404167 0.037500 0.041667
0 0.378125 0.931250 0.043750 0.025000
0 0.301563 0.504167 0.053125 0.045833
0 0.763021 0.747396 0.051042 0.034375
0 0.267188 0.394271 0.051042 0.042708
0 0.397917 0.242188 0.041667 0.032292
0 0.380729 0.616146 0.055208 0.038542
0 0.173437 0.408854 0.048958 0.023958
0 0.758854 0.077604 0.028125 0.040625
0 0.326042 0.872396 0.025000 0.042708
0 0.488542 0.402604 0.037500 0.019792
0 0.486979 0.692708 0.036458 0.043750
0 0.406250 0.279687 0.025000 0.042708
0 0.846354 0.169271 0.034375 0.048958
0 0.910937 0.302083 0.036458 0.022917
0 0.541667 0.661979 0.050000 0.042708
0 0.506771 0.460417 0.044792 0.025000
0 0.627604 0.306250 0.042708 0.041667
0 0.176563 0.433854 0.036458 0.040625
0 0.146875 0.513542 0.041667 0.031250
0 0.209375 0.768229 0.033333 0.044792
0 0.253125 0.288542 0.018750 0.035417
0 0.748958 0.192708 0.039583 0.041667
0 0.170313 0.783854 0.038542 0.023958
0 0.145833 0.619792 0.037500 0.031250
0 0.626563 0.289062 0.046875 0.036458
0 0.300000 0.138021 0.041667 0.044792
0 0.097396 0.471875 0.036458 0.020833
0 0.896875 0.846354 0.043750 0.030208
0 0.396875 0.870833 0.027083 0.043750
0 0.089063 0.671875 0.046875 0.045833
0 0.748437 0.840625 0.030208 0.039583
0 0.144792 0.268750 0.041667 0.025000
0 0.848437 0.345313 0.051042 0.034375
0 0.195312 0.310417 0.044792 0.052083
0 0.247396 0.110417 0.040625 0.022917
0 0.429167 0.950000 0.033333 0.037500
0 0.683333 0.747917 0.031250 0.050000
0 0.696875 0.376042 0.052083 0.033333
0 0.789062 0.889062 0.046875 0.055208
0 0.720313 0.344271 0.051042 0.042708
0 0.890625 0.270313 0.045833 0.038542
0 0.302604 0.300521 0.042708 0.051042
0 0.302083 0.522396 0.027083 0.042708
0 0.867708 0.814583 0.043750 0.025000
0 0.474479 0.956771 0.048958 0.030208
0 0.837500 0.378646 0.047917 0.046875
0 0.360938 0.589063 0.042708 0.023958
0 0.772917 0.428125 0.043750 0.031250
0 0.429688 0.694271 0.038542 0.023958
0 0.368229 0.596354 0.030208 0.048958
0 0.389062 0.364583 0.048958 0.025000
0 0.079167 0.473438 0.035417 0.040625
0 0.376563 0.238542 0.048958 0.041667
0 0.863542 0.392188 0.039583 0.030208
0 0.371354 0.252604 0.040625 0.055208
0 0.280729 0.883854 0.040625 0.051042
0 0.399479 0.299479 0.048958 0.023958
0 0.139063 0.470313 0.038542 0.038542
0 0.102083 0.135417 0.047917 0.035417
0 0.604688 0.796354 0.048958 0.046875
0 0.825521 0.513542 0.051042 0.029167
0 0.457292 0.702083 0.020833 0.035417
0 0.232292 0.703125 0.052083 0.037500
0 0.190104 0.870833 0.036458 0.037500
0 0.950521 0.731771 0.046875 0.028125
0 0.556250 0.935417 0.039583 0.041667
0 0.842187 0.771875 0.038542 0.043750
0 0.108854 0.309896 0.044792 0.030208
0 0.134896 0.631250 0.034375 0.043750
0 0.144792 0.915625 0.052083 0.039583
0 0.593750 0.934896 0.043750 0.048958
0 0.873958 0.783333 0.043750 0.035417
0 0.718229 0.329167 0.040625 0.022917
0 0.491667 0.573958 0.037500 0.029167
0 0.881771 0.280208 0.036458 0.020833
0 0.886979 0.291667 0.051042 0.047917
0 0.928125 0.895833 0.043750 0.031250
0 0.453646 0.728646 0.051042 0.053125
0 0.288021 0.473958 0.034375 0.016667
0 0.092188 0.380208 0.046875 0.029167
0 0.616667 0.814583 0.052083 0.047917
0 0.757812 0.694792 0.038542 0.025000
0 0.724479 0.295312 0.055208 0.044792
0 0.242708 0.409375 0.035417 0.043750
0 0.955729 0.535417 0.053125 0.043750
0 0.730729 0.416146 0.051042 0.042708
0 0.941146 0.226042 0.032292 0.047917
0 0.773438 0.776042 0.021875 0.039583
0 0.382292 0.322396 0.047917 0.030208
0 0.493750 0.436979 0.031250 0.044792
0 0.798438 0.215104 0.051042 0.053125
0 0.776042 0.457813 0.027083 0.040625
0 0.626563 0.323437 0.032292 0.040625
0 0.271875 0.108333 0.047917 0.041667
0 0.515625 0.810937 0.033333 0.048958
0 0.909375 0.850521 0.039583 0.048958
0 0.455729 0.289583 0.032292 0.052083
0 0.661458 0.429167 0.052083 0.041667
0 0.380208 0.823958 0.041667 0.027083
0 0.938021 0.539062 0.044792 0.040625
0 0.396354 0.883854 0.030208 0.040625
0 0.597396 0.202604 0.028125 0.040625
0 0.509375 0.108854 0.045833 0.032292
0 0.225000 0.109896 0.039583 0.023958
0 0.446354 0.582292 0.036458 0.037500
0 0.382292 0.186979 0.037500 0.048958
0 0.464062 0.210417 0.026042 0.050000
0 0.327604 0.165625 0.034375 0.039583
0 0.626042 0.195312 0.045833 0.026042
0 0.309375 0.925521 0.039583 0.036458
0 0.508333 0.505208 0.037500 0.031250
0 0.863021 0.813542 0.036458 0.043750
0 0.417187 0.497396 0.028125 0.046875
0 0.934896 0.801042 0.026042 0.045833
0 0.962500 0.289062 0.033333 0.040625
0 0.605208 0.427604 0.037500 0.023958
0 0.660417 0.611458 0.052083 0.039583
0 0.330208 0.780208 0.050000 0.031250
0 0.114062 0.240104 0.040625 0.034375
0 0.090625 0.244271 0.025000 0.042708
0 0.198437 0.585938 0.051042 0.038542
0 0.888542 0.721354 0.054167 0.046875
0 0.835417 0.170833 0.043750 0.035417
0 0.754687 0.913021 0.036458 0.051042
0 0.835417 0.770312 0.045833 0.032292
0 0.135937 0.278125 0.023958 0.037500
0 0.203646 0.597396 0.048958 0.044792
0 0.717708 0.717187 0.037500 0.023958
0 0.183854 0.575000 0.023958 0.043750
0 0.523958 0.933333 0.039583 0.047917
0 0.361979 0.870313 0.036458 0.046875
0 0.159375 0.295833 0.052083 0.037500
0 0.508333 0.384896 0.035417 0.040625
0 0.700000 0.115625 0.047917 0.039583
0 0.788021 0.743750 0.038542 0.033333
0 0.825000 0.945833 0.035417 0.047917
0 0.581250 0.422917 0.052083 0.039583
0 0.383854 0.239583 0.038542 0.027083
0 0.912500 0.573958 0.027083 0.037500
0 0.214062 0.821875 0.040625 0.054167
0 0.172396 0.951042 0.034375 0.047917
0 0.334375 0.964583 0.031250 0.037500
0 0.615104 0.517708 0.038542 0.052083
0 0.234375 0.102083 0.020833 0.035417
0 0.546875 0.967187 0.047917 0.053125
0 0.440625 0.283854 0.045833 0.055208
0 0.634375 0.889062 0.054167 0.046875
0 0.446875 0.804167 0.031250 0.041667
0 0.219271 0.121354 0.042708 0.044792
0 0.329688 0.823958 0.019792 0.035417
0 0.433854 0.941667 0.038542 0.035417
0 0.410417 0.726042 0.031250 0.045833
0 0.668750 0.701042 0.043750 0.037500
0 0.258854 0.590104 0.044792 0.032292
0 0.866667 0.422396 0.029167 0.046875
0 0.690625 0.780729 0.033333 0.044792
0 0.640104 0.641667 0.036458 0.020833
0 0.142187 0.079167 0.028125 0.050000
0 0.238542 0.511458 0.045833 0.052083
0 0.932813 0.656771 0.053125 0.051042
0 0.818750 0.939583 0.027083 0.041667
0 0.609896 0.071354 0.051042 0.026042
0 0.720833 0.447917 0.045833 0.052083
0 0.160938 0.673438 0.038542 0.023958
0 0.262500 0.711458 0.041667 0.052083
0 0.761458 0.518750 0.031250 0.037500
0 0.781250 0.717708 0.037500 0.052083
0 0.137500 0.211979 0.031250 0.044792
0 0.630729 0.740625 0.046875 0.043750
0 0.081771 0.493229 0.023958 0.038542
0 0.491146 0.952083 0.048958 0.039583
0 0.663542 0.397917 0.031250 0.037500
0 0.349479 0.657292 0.038542 0.043750
0 0.505729 0.787500 0.044792 0.025000
0 0.217708 0.805208 0.052083 0.047917
0 0.706771 0.272396 0.040625 0.036458
0 0.367188 0.095312 0.046875 0.048958
0 0.709896 0.818229 0.030208 0.053125
0 0.373437 0.316146 0.055208 0.046875
0 0.217708 0.416146 0.035417 0.044792
0 0.773438 0.855208 0.034375 0.039583
0 0.224479 0.345313 0.044792 0.051042
0 0.255208 0.877604 0.052083 0.030208
0 0.302604 0.359375 0.038542 0.025000
0 0.090625 0.178125 0.025000 0.037500
0 0.765104 0.425000 0.040625 0.022917
0 0.230208 0.730729 0.041667 0.048958
0 0.781250 0.711458 0.039583 0.041667
0 0.806250 0.391667 0.037500 0.022917
0 0.771354 0.748958 0.030208 0.050000
0 0.136979 0.931250 0.032292 0.043750
0 0.694792 0.206250 0.043750 0.035417
0 0.388542 0.933333 0.031250 0.037500
0 0.104167 0.196354 0.025000 0.038542
0 0.734896 0.652604 0.044792 0.028125
0 0.618229 0.588542 0.042708 0.037500
0 0.223958 0.218750 0.037500 0.027083
0 0.106771 0.662500 0.044792 0.037500
0 0.280729 0.670312 0.036458 0.046875
0 0.487500 0.970833 0.045833 0.045833
0 0.404167 0.889062 0.054167 0.048958
0 0.294792 0.757812 0.037500 0.048958
0 0.811458 0.963542 0.020833 0.035417
0 0.628646 0.375000 0.036458 0.018750
0 0.489063 0.708854 0.023958 0.040625
0 0.838542 0.907813 0.020833 0.038542
0 0.463542 0.302083 0.037500 0.041667
0 0.506771 0.781771 0.036458 0.046875
0 0.596354 0.822396 0.021875 0.038542
0 0.691667 0.660937 0.047917 0.028125
0 0.487500 0.347396 0.033333 0.040625
0 0.244792 0.440104 0.020833 0.038542
0 0.855729 0.540625 0.038542 0.027083
0 0.772917 0.188021 0.045833 0.038542
0 0.788542 0.696875 0.037500 0.022917
0 0.378646 0.903646 0.055208 0.038542
0 0.496354 0.311458 0.046875 0.052083
0 0.832812 0.798958 0.032292 0.039583
0 0.412500 0.696875 0.037500 0.041667
0 0.709896 0.227604 0.051042 0.040625
0 0.783854 0.290104 0.023958 0.040625
0 0.555208 0.948438 0.022917 0.044792
0 0.158854 0.876563 0.044792 0.055208
0 0.415625 0.838021 0.041667 0.021875
0 0.748437 0.287500 0.030208 0.050000
0 0.420833 0.875521 0.031250 0.044792
0 0.129688 0.222396 0.038542 0.046875
0 0.864062 0.205208 0.036458 0.052083
0 0.453125 0.826042 0.043750 0.033333
0 0.578125 0.558854 0.037500 0.044792
0 0.146875 0.661979 0.052083 0.051042
0 0.847396 0.189062 0.042708 0.023958
0 0.354167 0.460417 0.035417 0.052083
0 0.665625 0.528125 0.027083 0.047917
0 0.888021 0.909375 0.026042 0.045833
0 0.272917 0.334375 0.052083 0.043750
0 0.239583 0.641146 0.037500 0.038542
0 0.509375 0.172917 0.037500 0.029167
0 0.520833 0.355208 0.045833 0.045833
0 0.385417 0.400521 0.043750 0.040625
0 0.853646 0.940104 0.038542 0.055208
0 0.244271 0.157292 0.048958 0.027083
0 0.484375 0.085938 0.043750 0.030208
0 0.439583 0.673438 0.027083 0.046875
0 0.895312 0.629687 0.038542 0.051042
0 0.931250 0.286979 0.054167 0.048958
0 0.829167 0.728125 0.037500 0.047917
0 0.584375 0.389583 0.035417 0.043750
0 0.897917 0.671354 0.031250 0.044792
0 0.253646 0.372396 0.028125 0.044792
0 0.528125 0.638021 0.043750 0.030208
0 0.693750 0.428125 0.031250 0.037500
0 0.238021 0.417708 0.026042 0.045833
0 0.404687 0.135417 0.042708 0.029167
0 0.516146 0.638542 0.026042 0.045833
0 0.712500 0.139583 0.039583 0.022917
0 0.818750 0.631250 0.039583 0.041667
0 0.391667 0.498437 0.047917 0.053125
0 0.207813 0.655208 0.036458 0.043750
0 0.756771 0.343229 0.040625 0.023958
0 0.636979 0.896875 0.046875 0.029167
0 0.907292 0.882292 0.020833 0.035417
0 0.605729 0.669271 0.021875 0.038542
0 0.381771 0.397917 0.053125 0.045833
0 0.948438 0.957292 0.028125 0.050000
0 0.870313 0.530208 0.038542 0.018750
0 0.361458 0.198958 0.037500 0.052083
0 0.494271 0.147917 0.023958 0.037500
0 0.277604 0.094792 0.046875 0.031250
0 0.149479 0.897396 0.036458 0.051042
0 0.724479 0.876042 0.032292 0.047917
0 0.278646 0.643229 0.055208 0.042708
0 0.205729 0.853125 0.046875 0.043750
0 0.597396 0.782292 0.048958 0.035417
0 0.403646 0.538021 0.036458 0.046875
0 0.439583 0.622396 0.039583 0.048958
0 0.890625 0.936979 0.045833 0.028125
0 0.371875 0.620833 0.020833 0.039583
0 0.502083 0.127083 0.052083 0.039583
0 0.770833 0.902604 0.045833 0.036458
0 0.672917 0.442708 0.041667 0.037500
0 0.220833 0.640625 0.052083 0.043750
0 0.097917 0.871875 0.029167 0.041667
0 0.694792 0.402083 0.037500 0.033333
0 0.116667 0.758854 0.031250 0.048958
0 0.625000 0.964583 0.039583 0.041667
0 0.406771 0.721354 0.051042 0.042708
0 0.159375 0.346354 0.035417 0.040625
0 0.310417 0.859896 0.054167 0.046875
0 0.891667 0.817708 0.052083 0.045833
0 0.577083 0.346354 0.037500 0.044792
0 0.848437 0.634896 0.040625 0.023958
0 0.863021 0.574479 0.040625 0.046875
0 0.895833 0.450000 0.035417 0.037500
0 0.881250 0.587500 0.047917 0.041667
0 0.790104 0.783854 0.046875 0.055208
0 0.116146 0.342708 0.034375 0.043750
0 0.756250 0.141667 0.052083 0.041667
0 0.193750 0.285938 0.045833 0.038542
0 0.470833 0.320312 0.020833 0.036458
0 0.715625 0.504687 0.045833 0.032292
0 0.622396 0.097917 0.030208 0.050000
0 0.740104 0.676042 0.034375 0.039583
0 0.575000 0.590625 0.037500 0.025000