0 0.509896 0.182292 0.034375 0.047917
0 0.150521 0.778125 0.042708 0.037500
0 0.212500 0.215625 0.022917 0.037500
0 0.591146 0.654687 0.032292 0.053125
0 0.917708 0.213542 0.033333 0.037500
0 0.927083 0.952083 0.033333 0.045833
0 0.546875 0.215625 0.027083 0.037500
0 0.642188 0.541667 0.046875 0.052083
0 0.800000 0.816146 0.031250 0.051042
0 0.087500 0.787500 0.037500 0.027083
0 0.730208 0.780729 0.041667 0.048958
0 0.184375 0.925521 0.054167 0.046875
0 0.916667 0.510938 0.052083 0.034375
0 0.773438 0.606250 0.048958 0.025000
0 0.380208 0.360938 0.035417 0.040625
0 0.855729 0.773438 0.055208 0.038542
0 0.889583 0.483333 0.022917 0.045833
0 0.824479 0.429688 0.048958 0.046875
0 0.226562 0.810937 0.023958 0.040625
0 0.238542 0.367708 0.045833 0.031250
0 0.954688 0.873958 0.036458 0.047917
0 0.460417 0.733854 0.043750 0.055208
0 0.462500 0.446875 0.037500 0.041667
0 0.538542 0.210417 0.027083 0.045833
0 0.770833 0.172917 0.037500 0.025000
0 0.305208 0.876563 0.037500 0.048958
0 0.132292 0.146354 0.054167 0.048958
0 0.481771 0.687500 0.034375 0.039583
0 0.150521 0.190104 0.044792 0.040625
0 0.074479 0.087500 0.036458 0.047917
0 0.144271 0.506771 0.046875 0.048958
0 0.813021 0.107292 0.036458 0.043750
0 0.762500 0.282813 0.050000 0.044792
0 0.748958 0.178125 0.031250 0.041667
0 0.383333 0.844792 0.045833 0.031250
0 0.297396 0.894271 0.053125 0.051042
0 0.579167 0.973437 0.037500 0.053125
0 0.916667 0.658333 0.039583 0.041667
0 0.933854 0.870833 0.048958 0.041667
0 0.746354 0.078646 0.036458 0.040625
0 0.715104 0.516146 0.055208 0.036458
0 0.161458 0.390104 0.037500 0.040625
0 0.126562 0.823438 0.046875 0.026042
0 0.855208 0.162500 0.039583 0.052083
0 0.807813 0.505208 0.030208 0.043750
0 0.432292 0.418750 0.043750 0.037500
0 0.233854 0.814583 0.021875 0.043750
0 0.496354 0.274479 0.040625 0.030208
0 0.634896 0.838021 0.040625 0.034375
0 0.583333 0.152083 0.037500 0.041667
0 0.367188 0.614062 0.048958 0.055208
0 0.348438 0.207292 0.023958 0.045833
0 0.916667 0.744792 0.043750 0.033333
0 0.425521 0.551042 0.026042 0.037500
0 0.104688 0.236458 0.044792 0.047917
0 0.267708 0.893750 0.037500 0.047917
0 0.181250 0.461979 0.054167 0.046875
0 0.464062 0.265625 0.051042 0.031250
0 0.779167 0.587500 0.027083 0.045833
0 0.282813 0.142708 0.053125 0.045833
0 0.856771 0.200000 0.038542 0.047917
0 0.350000 0.810417 0.027083 0.041667
0 0.943750 0.641146 0.039583 0.030208
0 0.298958 0.439063 0.039583 0.036458
0 0.193750 0.333333 0.029167 0.050000
0 0.150000 0.555208 0.029167 0.050000
0 0.201042 0.331250 0.050000 0.050000
0 0.923958 0.892708 0.043750 0.033333
0 0.455729 0.248438 0.040625 0.032292
0 0.177083 0.221354 0.025000 0.048958
0 0.390104 0.865625 0.032292 0.039583
0 0.602604 0.531771 0.044792 0.028125
0 0.878125 0.118229 0.037500 0.038542
0 0.163542 0.542708 0.033333 0.050000
0 0.651563 0.326042 0.046875 0.031250
0 0.399479 0.838021 0.051042 0.053125
0 0.228646 0.528125 0.046875 0.043750
0 0.925521 0.878646 0.051042 0.030208
0 0.461979 0.302083 0.053125 0.045833
0 0.415625 0.084375 0.041667 0.027083
0 0.660417 0.783854 0.031250 0.048958
0 0.553646 0.885417 0.028125 0.050000
0 0.741146 0.451042 0.028125 0.050000
0 0.454688 0.834896 0.038542 0.055208
0 0.727604 0.782292 0.026042 0.039583
0 0.261979 0.507292 0.042708 0.020833
0 0.782813 0.579167 0.042708 0.025000
0 0.407813 0.849479 0.040625 0.044792
0 0.208854 0.239583 0.042708 0.039583
0 0.654167 0.152083 0.039583 0.022917
0 0.524479 0.328646 0.044792 0.055208
0 0.457813 0.264583 0.038542 0.035417
0 0.172917 0.275521 0.039583 0.023958
0 0.341667 0.629167 0.043750 0.033333
0 0.507292 0.152604 0.027083 0.046875
0 0.688021 0.921875 0.030208 0.047917
0 0.750521 0.442188 0.030208 0.048958
0 0.772396 0.080729 0.051042 0.042708
0 0.538542 0.823958 0.045833 0.052083
0 0.587500 0.622396 0.054167 0.046875
0 0.637500 0.536979 0.052083 0.032292
0 0.170313 0.296875 0.032292 0.039583
0 0.221875 0.221354 0.027083 0.046875
0 0.481771 0.257292 0.032292 0.047917
0 0.573438 0.801562 0.040625 0.034375
0 0.742188 0.954167 0.034375 0.052083
0 0.439063 0.619792 0.023958 0.043750
0 0.778125 0.216667 0.052083 0.035417
0 0.673438 0.144271 0.028125 0.040625
0 0.126562 0.956771 0.051042 0.042708
0 0.421354 0.355208 0.051042 0.031250
0 0.371354 0.274479 0.042708 0.021875
0 0.969792 0.579688 0.047917 0.030208
0 0.123958 0.720313 0.050000 0.038542
0 0.397917 0.629167 0.037500 0.031250
0 0.593750 0.785417 0.045833 0.033333
0 0.299479 0.382812 0.055208 0.044792
0 0.883854 0.581771 0.040625 0.032292
0 0.967187 0.304688 0.040625 0.028125
0 0.144271 0.457813 0.051042 0.042708
0 0.953125 0.861458 0.052083 0.039583
0 0.752083 0.525000 0.039583 0.025000
0 0.319792 0.619271 0.041667 0.055208
0 0.917188 0.508854 0.048958 0.055208
0 0.801042 0.839063 0.043750 0.055208
0 0.104688 0.764062 0.032292 0.048958
0 0.852083 0.424479 0.020833 0.036458
0 0.721354 0.475000 0.021875 0.037500
0 0.660417 0.073958 0.052083 0.035417
0 0.196354 0.942708 0.048958 0.025000
0 0.775000 0.151042 0.035417 0.018750
0 0.209896 0.558854 0.055208 0.038542
0 0.797396 0.269792 0.017708 0.035417
0 0.081250 0.782813 0.039583 0.044792
0 0.748958 0.382292 0.047917 0.033333
0 0.709375 0.386979 0.050000 0.028125
0 0.708854 0.738021 0.040625 0.026042
0 0.215104 0.916146 0.040625 0.036458
0 0.194792 0.807813 0.045833 0.048958
0 0.939583 0.671354 0.047917 0.046875
0 0.528646 0.570833 0.048958 0.027083
0 0.664583 0.424479 0.050000 0.042708
0 0.293229 0.632292 0.036458 0.052083
0 0.757292 0.079687 0.045833 0.048958
0 0.795312 0.940104 0.051042 0.044792
0 0.289583 0.898438 0.047917 0.030208
0 0.222396 0.694792 0.040625 0.022917
0 0.786458 0.243229 0.025000 0.042708
0 0.396354 0.785417 0.046875 0.045833
0 0.553646 0.240625 0.046875 0.029167
0 0.639583 0.899479 0.043750 0.040625
0 0.965104 0.833333 0.040625 0.041667
0 0.358854 0.740104 0.036458 0.046875
0 0.544792 0.143750 0.031250 0.045833
0 0.570833 0.733333 0.037500 0.047917
0 0.902083 0.963021 0.022917 0.040625
0 0.330729 0.830729 0.040625 0.030208
0 0.485938 0.334375 0.021875 0.037500
0 0.906250 0.483854 0.050000 0.053125
0 0.740104 0.970313 0.053125 0.053125
0 0.461458 0.164062 0.031250 0.040625
0 0.879167 0.275000 0.033333 0.016667
0 0.766146 0.616667 0.036458 0.037500
0 0.518750 0.713021 0.037500 0.048958
0 0.671875 0.443229 0.043750 0.042708
0 0.677083 0.477083 0.037500 0.027083
0 0.773438 0.479687 0.048958 0.044792
0 0.912500 0.303646 0.037500 0.044792
0 0.345313 0.697396 0.023958 0.042708
0 0.933854 0.663021 0.034375 0.053125
0 0.908854 0.812500 0.023958 0.037500
0 0.425521 0.259375 0.040625 0.047917
0 0.378646 0.565625 0.044792 0.025000
0 0.822396 0.482812 0.040625 0.044792
0 0.169792 0.836458 0.037500 0.027083
0 0.513542 0.101562 0.039583 0.044792
0 0.309896 0.245833 0.044792 0.047917
0 0.721875 0.960938 0.035417 0.040625
0 0.430729 0.673438 0.044792 0.028125
0 0.607292 0.385417 0.033333 0.043750
0 0.891667 0.090104 0.039583 0.036458
0 0.905729 0.465104 0.048958 0.032292
0 0.436979 0.090104 0.032292 0.048958
0 0.543750 0.422396 0.037500 0.038542
0 0.841146 0.097917 0.048958 0.033333
0 0.083854 0.488021 0.044792 0.051042
0 0.115625 0.655208 0.047917 0.033333
0 0.686979 0.406771 0.044792 0.032292
0 0.954167 0.244792 0.037500 0.035417
0 0.153125 0.770833 0.033333 0.037500
0 0.878125 0.173437 0.045833 0.036458
0 0.298958 0.657292 0.052083 0.035417
0 0.546875 0.160417 0.039583 0.020833
0 0.596354 0.169792 0.042708 0.039583
0 0.335417 0.910937 0.039583 0.023958
0 0.543229 0.524479 0.053125 0.030208
0 0.949479 0.576562 0.051042 0.040625
0 0.717187 0.905208 0.044792 0.037500
0 0.909896 0.383333 0.038542 0.022917
0 0.915625 0.943750 0.052083 0.035417
0 0.601042 0.715625 0.037500 0.035417
0 0.903646 0.326562 0.055208 0.048958
0 0.230729 0.726562 0.046875 0.038542
0 0.921875 0.872396 0.045833 0.026042
0 0.925521 0.873437 0.040625 0.034375
0 0.502604 0.722396 0.023958 0.042708
0 0.524479 0.421354 0.044792 0.055208
0 0.563021 0.380729 0.051042 0.028125
0 0.431250 0.537500 0.037500 0.033333
0 0.766667 0.146875 0.045833 0.027083
0 0.684375 0.612500 0.043750 0.037500
0 0.229687 0.506771 0.036458 0.040625
0 0.740625 0.391667 0.037500 0.041667
0 0.813542 0.101042 0.025000 0.037500
0 0.315625 0.435417 0.035417 0.047917
0 0.595833 0.565104 0.050000 0.034375
0 0.876563 0.686979 0.044792 0.042708
0 0.923958 0.310937 0.037500 0.048958
0 0.879167 0.490625 0.020833 0.035417
0 0.763021 0.549479 0.046875 0.048958
0 0.729167 0.552083 0.037500 0.041667
0 0.765104 0.372917 0.042708 0.047917
0 0.883854 0.259896 0.028125 0.051042
0 0.073438 0.768750 0.036458 0.022917
0 0.532813 0.203125 0.026042 0.045833
0 0.481250 0.611458 0.039583 0.022917
0 0.160417 0.894792 0.037500 0.027083
0 0.339583 0.533333 0.045833 0.029167
0 0.821875 0.682292 0.050000 0.050000
0 0.482292 0.428646 0.043750 0.032292
0 0.618750 0.652083 0.047917 0.033333
0 0.851562 0.457292 0.028125 0.041667
0 0.209896 0.868229 0.040625 0.055208
0 0.173437 0.541667 0.032292 0.043750
0 0.464583 0.797917 0.037500 0.035417
0 0.386979 0.872917 0.034375 0.039583
0 0.878646 0.412500 0.023958 0.043750
0 0.193229 0.191146 0.036458 0.046875
0 0.092188 0.795312 0.028125 0.048958
0 0.347396 0.160938 0.030208 0.048958
0 0.501563 0.684896 0.036458 0.055208
0 0.325000 0.599479 0.047917 0.053125
0 0.820833 0.890104 0.047917 0.032292
0 0.194271 0.146354 0.044792 0.030208
0 0.531771 0.134896 0.051042 0.038542
0 0.382812 0.654167 0.026042 0.047917
0 0.646875 0.410938 0.045833 0.032292
0 0.727604 0.940625 0.053125 0.047917
0 0.715625 0.406250 0.035417 0.037500
0 0.259375 0.470833 0.035417 0.037500
0 0.657292 0.366667 0.031250 0.050000
0 0.283333 0.283854 0.045833 0.055208
0 0.561979 0.902083 0.030208 0.039583
0 0.791146 0.415104 0.040625 0.030208
0 0.676562 0.165104 0.032292 0.044792
0 0.324479 0.330208 0.028125 0.050000
0 0.201563 0.382812 0.055208 0.040625
0 0.570833 0.836979 0.043750 0.028125
0 0.958333 0.389062 0.037500 0.040625
0 0.892188 0.861979 0.048958 0.034375
0 0.300000 0.766146 0.037500 0.038542
0 0.714583 0.687500 0.029167 0.037500
0 0.476562 0.831250 0.040625 0.047917
0 0.530208 0.514583 0.031250 0.050000
0 0.391146 0.916667 0.032292 0.039583
0 0.145833 0.454688 0.039583 0.055208
0 0.972917 0.738021 0.054167 0.046875
0 0.826562 0.165625 0.028125 0.045833
0 0.128125 0.382292 0.027083 0.041667
0 0.406771 0.187500 0.048958 0.052083
0 0.323437 0.269271 0.042708 0.051042
0 0.077083 0.854167 0.041667 0.027083
0 0.564063 0.188542 0.028125 0.043750
0 0.866667 0.422396 0.043750 0.032292
0 0.656771 0.711458 0.044792 0.035417
0 0.646354 0.392708 0.023958 0.041667
0 0.278125 0.614583 0.018750 0.037500
0 0.454688 0.842708 0.034375 0.039583
0 0.819271 0.507812 0.055208 0.036458
0 0.425521 0.232292 0.034375 0.043750
0 0.752604 0.913021 0.051042 0.040625
0 0.883854 0.464062 0.055208 0.048958
0 0.283854 0.484896 0.034375 0.040625
0 0.151042 0.845313 0.039583 0.044792
0 0.905729 0.353646 0.042708 0.023958
0 0.802604 0.950521 0.036458 0.040625
0 0.545312 0.639583 0.048958 0.041667
0 0.625521 0.828646 0.040625 0.028125
0 0.911458 0.921354 0.047917 0.030208
0 0.870313 0.936979 0.028125 0.044792
0 0.242188 0.551042 0.044792 0.022917
0 0.070312 0.923438 0.028125 0.051042
0 0.603646 0.313021 0.038542 0.051042
0 0.735417 0.606250 0.045833 0.031250
0 0.106771 0.539062 0.055208 0.040625
0 0.317188 0.450521 0.044792 0.042708
0 0.972396 0.945833 0.053125 0.037500
0 0.726562 0.685937 0.044792 0.040625
0 0.580729 0.323958 0.030208 0.039583
0 0.925000 0.964063 0.050000 0.038542
0 0.554167 0.523438 0.039583 0.032292
0 0.327083 0.808333 0.037500 0.035417
0 0.151562 0.272396 0.036458 0.055208
0 0.263542 0.912500 0.031250 0.037500
0 0.170833 0.178125 0.033333 0.037500
0 0.472396 0.890625 0.038542 0.047917
0 0.247396 0.332292 0.028125 0.039583
0 0.616667 0.458333 0.027083 0.041667
0 0.424479 0.609375 0.038542 0.052083
0 0.699479 0.283854 0.028125 0.040625
0 0.345833 0.593750 0.043750 0.045833
0 0.612500 0.807292 0.052083 0.043750
0 0.538542 0.646354 0.039583 0.053125
0 0.956250 0.933333 0.031250 0.041667
0 0.206250 0.370312 0.039583 0.036458
0 0.879687 0.075000 0.051042 0.031250
0 0.646875 0.610938 0.045833 0.026042
0 0.851042 0.851042 0.041667 0.039583
0 0.665625 0.347917 0.045833 0.043750
0 0.475521 0.654687 0.051042 0.026042
0 0.829167 0.713021 0.035417 0.017708
0 0.808333 0.501042 0.039583 0.052083
0 0.885938 0.464583 0.048958 0.039583
0 0.119792 0.391146 0.047917 0.030208
0 0.716667 0.090104 0.031250 0.044792
0 0.710417 0.689063 0.029167 0.048958
0 0.458333 0.619271 0.045833 0.023958
0 0.466667 0.446354 0.037500 0.038542
0 0.743750 0.210417 0.020833 0.035417
0 0.187500 0.573438 0.054167 0.036458
0 0.519792 0.664062 0.039583 0.032292
0 0.577083 0.527604 0.037500 0.048958
0 0.904167 0.128125 0.029167 0.050000
0 0.351042 0.755208 0.041667 0.029167
0 0.848437 0.386979 0.040625 0.038542
0 0.858854 0.676562 0.053125 0.032292
0 0.620313 0.600000 0.028125 0.045833
0 0.435417 0.293750 0.041667 0.031250
0 0.274479 0.161979 0.046875 0.026042
0 0.835417 0.945833 0.031250 0.041667
0 0.747917 0.165625 0.043750 0.045833
0 0.853125 0.235417 0.052083 0.043750
0 0.947917 0.907292 0.037500 0.047917
0 0.630729 0.535937 0.046875 0.055208
0 0.118229 0.889583 0.038542 0.033333
0 0.500000 0.425000 0.037500 0.022917
0 0.080208 0.683854 0.043750 0.040625
0 0.544271 0.235417 0.034375 0.052083
0 0.864062 0.924479 0.042708 0.023958
0 0.893750 0.645833 0.050000 0.050000
0 0.626042 0.852083 0.039583 0.052083
0 0.129688 0.430729 0.048958 0.032292
0 0.175000 0.540625 0.037500 0.018750
0 0.578125 0.337500 0.018750 0.037500
0 0.933333 0.649479 0.054167 0.038542
0 0.585417 0.603646 0.039583 0.044792
0 0.422396 0.140104 0.038542 0.051042
0 0.838542 0.728125 0.031250 0.050000
0 0.612500 0.832812 0.039583 0.055208
0 0.318750 0.428125 0.052083 0.043750
0 0.723958 0.612500 0.045833 0.045833
0 0.080729 0.152604 0.034375 0.051042
0 0.409896 0.107292 0.044792 0.047917
0 0.239583 0.148958 0.052083 0.043750
0 0.309896 0.717187 0.044792 0.040625
0 0.738021 0.791146 0.028125 0.046875
0 0.163021 0.921875 0.051042 0.033333
0 0.476042 0.507292 0.041667 0.047917
0 0.330729 0.183333 0.036458 0.047917
0 0.896875 0.197917 0.039583 0.041667
0 0.538542 0.728125 0.041667 0.031250
0 0.339583 0.744792 0.029167 0.045833
0 0.464062 0.841146 0.038542 0.055208
0 0.717708 0.530208 0.043750 0.035417
0 0.891667 0.198958 0.045833 0.043750
0 0.193750 0.773958 0.037500 0.022917
0 0.941146 0.685417 0.038542 0.031250
0 0.182812 0.424479 0.023958 0.040625
0 0.665625 0.595313 0.039583 0.030208
0 0.506771 0.280208 0.046875 0.033333
0 0.796354 0.484896 0.038542 0.038542
0 0.932292 0.538542 0.045833 0.031250
0 0.344271 0.805208 0.048958 0.027083
0 0.443229 0.496875 0.038542 0.035417
0 0.131771 0.323958 0.044792 0.047917
0 0.892188 0.891667 0.036458 0.043750
0 0.590104 0.071875 0.036458 0.020833
0 0.727083 0.753125 0.027083 0.041667
0 0.177604 0.154688 0.040625 0.051042
0 0.403646 0.107292 0.042708 0.037500
0 0.628646 0.667188 0.046875 0.038542
0 0.641146 0.892188 0.032292 0.053125
0 0.927604 0.864583 0.046875 0.045833
0 0.106771 0.624479 0.038542 0.021875
0 0.839583 0.227604 0.050000 0.053125
0 0.410417 0.370312 0.029167 0.048958
0 0.109896 0.925000 0.051042 0.050000
0 0.285938 0.707292 0.028125 0.045833
0 0.835417 0.706771 0.037500 0.038542
0 0.859375 0.341667 0.031250 0.041667
0 0.465625 0.773438 0.050000 0.042708
0 0.957292 0.856250 0.037500 0.041667
0 0.565625 0.833854 0.039583 0.036458
0 0.804688 0.213542 0.038542 0.029167
0 0.810417 0.375521 0.031250 0.040625
0 0.952604 0.505208 0.040625 0.043750
0 0.380729 0.190625 0.048958 0.052083
0 0.085938 0.269792 0.028125 0.045833
0 0.187500 0.561979 0.052083 0.051042
0 0.514583 0.082292 0.039583 0.052083
0 0.952604 0.598437 0.030208 0.053125
0 0.719271 0.244271 0.038542 0.046875
0 0.152083 0.401562 0.045833 0.048958
0 0.405729 0.395313 0.032292 0.048958
0 0.805208 0.138542 0.047917 0.033333
0 0.555729 0.741667 0.019792 0.037500
0 0.622917 0.304167 0.031250 0.050000
0 0.222917 0.170833 0.037500 0.029167
0 0.624479 0.706250 0.032292 0.039583
0 0.969792 0.120313 0.052083 0.051042
0 0.251042 0.137500 0.047917 0.041667
0 0.472917 0.538542 0.039583 0.022917
0 0.114583 0.769792 0.037500 0.029167
0 0.531250 0.889583 0.039583 0.020833
0 0.582292 0.401562 0.050000 0.036458
0 0.822917 0.221354 0.016667 0.034375
0 0.759375 0.779687 0.045833 0.038542
0 0.822396 0.099479 0.040625 0.038542
0 0.451562 0.631771 0.044792 0.055208
0 0.094271 0.179167 0.048958 0.027083
0 0.794792 0.322396 0.018750 0.036458
0 0.855208 0.096354 0.039583 0.038542
0 0.240104 0.357812 0.051042 0.040625
0 0.209375 0.107292 0.037500 0.052083
0 0.850000 0.238542 0.033333 0.043750
0 0.239583 0.828125 0.035417 0.020833
0 0.462500 0.459375 0.035417 0.022917
0 0.583333 0.879687 0.020833 0.042708
0 0.713021 0.955729 0.055208 0.048958
0 0.901563 0.196354 0.046875 0.055208
0 0.836979 0.410938 0.053125 0.032292
0 0.256771 0.625521 0.040625 0.032292
0 0.786979 0.269271 0.040625 0.044792
0 0.080729 0.231250 0.053125 0.045833
0 0.913021 0.160938 0.036458 0.040625
0 0.955729 0.799479 0.040625 0.044792
0 0.685417 0.657292 0.035417 0.043750
0 0.740625 0.267708 0.043750 0.025000
0 0.573438 0.670833 0.026042 0.041667
0 0.597396 0.079167 0.032292 0.047917
0 0.943229 0.105729 0.038542 0.021875
0 0.570833 0.738542 0.047917 0.041667
0 0.476042 0.597396 0.037500 0.021875
0 0.518229 0.476562 0.040625 0.055208
0 0.444271 0.442188 0.038542 0.038542
0 0.397396 0.885938 0.044792 0.042708
0 0.479167 0.529167 0.047917 0.035417
0 0.439063 0.435937 0.051042 0.034375
0 0.664062 0.628646 0.044792 0.042708
0 0.760938 0.607292 0.042708 0.041667
0 0.720833 0.426563 0.027083 0.042708
0 0.475521 0.558333 0.034375 0.037500
0 0.947396 0.335938 0.051042 0.042708
0 0.315625 0.426042 0.045833 0.033333
0 0.427083 0.307292 0.039583 0.047917
0 0.092188 0.642188 0.044792 0.040625
0 0.426563 0.497396 0.040625 0.044792
0 0.885417 0.944271 0.033333 0.044792