0 0.120313 0.756771 0.038542 0.021875
0 0.895312 0.335938 0.040625 0.055208
0 0.593229 0.581250 0.036458 0.037500
0 0.853646 0.082292 0.036458 0.018750
0 0.201042 0.281771 0.039583 0.030208
0 0.465625 0.841667 0.050000 0.031250
0 0.161979 0.818229 0.048958 0.046875
0 0.889583 0.609375 0.047917 0.025000
0 0.353646 0.313542 0.036458 0.018750
0 0.245312 0.913021 0.053125 0.034375
0 0.243750 0.816667 0.037500 0.027083
0 0.859375 0.655729 0.039583 0.053125
0 0.713542 0.940625 0.043750 0.033333
0 0.228125 0.515104 0.054167 0.044792
0 0.104167 0.138021 0.050000 0.034375
0 0.421875 0.856771 0.041667 0.044792
0 0.661979 0.611458 0.038542 0.029167
0 0.715625 0.936458 0.047917 0.033333
0 0.245833 0.212500 0.039583 0.041667
0 0.575000 0.403646 0.039583 0.048958
0 0.469792 0.607812 0.054167 0.042708
0 0.182812 0.226042 0.044792 0.052083
0 0.108854 0.875000 0.032292 0.043750
0 0.808854 0.769792 0.038542 0.033333
0 0.243229 0.753125 0.028125 0.043750
0 0.326562 0.559896 0.038542 0.019792
0 0.901563 0.522917 0.038542 0.035417
0 0.319792 0.834896 0.045833 0.032292
0 0.750000 0.139583 0.052083 0.037500
0 0.861979 0.146875 0.040625 0.041667
0 0.318750 0.291146 0.041667 0.048958
0 0.135937 0.175521 0.053125 0.051042
0 0.542708 0.316146 0.039583 0.023958
0 0.875000 0.535937 0.043750 0.042708
0 0.439063 0.842708 0.051042 0.033333
0 0.403125 0.163542 0.035417 0.018750
0 0.310417 0.687500 0.018750 0.037500
0 0.453646 0.963021 0.048958 0.030208
0 0.623958 0.262500 0.035417 0.018750
0 0.743750 0.750521 0.033333 0.044792
0 0.150521 0.530729 0.044792 0.028125
0 0.214583 0.585938 0.033333 0.040625
0 0.788542 0.465104 0.050000 0.040625
0 0.411458 0.362500 0.037500 0.035417
0 0.939063 0.626042 0.048958 0.052083
0 0.800000 0.332813 0.050000 0.036458
0 0.156250 0.185417 0.035417 0.043750
0 0.248958 0.507292 0.029167 0.050000
0 0.711979 0.078646 0.046875 0.036458
0 0.751563 0.734896 0.036458 0.040625
0 0.751563 0.700000 0.040625 0.047917
0 0.169271 0.431771 0.036458 0.040625
0 0.750000 0.726042 0.037500 0.031250
0 0.735938 0.819271 0.042708 0.021875
0 0.954167 0.529167 0.025000 0.041667
0 0.552604 0.435937 0.032292 0.053125
0 0.391146 0.259896 0.032292 0.053125
0 0.727604 0.935417 0.034375 0.043750
0 0.482292 0.161979 0.039583 0.036458
0 0.882812 0.508854 0.036458 0.051042
0 0.222396 0.139063 0.053125 0.034375
0 0.713021 0.523438 0.019792 0.038542
0 0.826042 0.182292 0.035417 0.043750
0 0.761979 0.859375 0.044792 0.033333
0 0.807813 0.352604 0.055208 0.040625
0 0.171875 0.090625 0.037500 0.035417
0 0.451562 0.167708 0.034375 0.047917
0 0.599479 0.840625 0.048958 0.025000
0 0.235417 0.579688 0.043750 0.042708
0 0.341667 0.797917 0.033333 0.043750
0 0.556771 0.549479 0.044792 0.026042
0 0.528125 0.630729 0.025000 0.044792
0 0.932813 0.255208 0.019792 0.035417
0 0.944792 0.857292 0.041667 0.039583
0 0.216146 0.617188 0.017708 0.036458
0 0.849479 0.784896 0.046875 0.028125
0 0.314583 0.801562 0.054167 0.036458
0 0.643229 0.923958 0.048958 0.027083
0 0.956250 0.381250 0.037500 0.035417
0 0.543229 0.739062 0.046875 0.048958
0 0.509375 0.612500 0.041667 0.052083
0 0.219792 0.931771 0.039583 0.036458
0 0.575521 0.352604 0.040625 0.030208
0 0.102083 0.162500 0.037500 0.041667
0 0.541667 0.913542 0.031250 0.045833
0 0.387500 0.538021 0.035417 0.040625
0 0.126562 0.555729 0.023958 0.042708
0 0.256250 0.594792 0.033333 0.043750
0 0.725521 0.711458 0.040625 0.020833
0 0.788021 0.178125 0.023958 0.047917
0 0.100000 0.380208 0.047917 0.041667
0 0.309375 0.229167 0.050000 0.050000
0 0.816146 0.357812 0.055208 0.036458
0 0.641667 0.364063 0.020833 0.038542
0 0.194271 0.331250 0.028125 0.039583
0 0.867188 0.872396 0.051042 0.042708
0 0.110417 0.583333 0.022917 0.039583
0 0.630729 0.451562 0.042708 0.055208
0 0.858854 0.730208 0.044792 0.033333
0 0.165625 0.922396 0.037500 0.040625
0 0.165104 0.885417 0.038542 0.031250
0 0.466146 0.414062 0.042708 0.055208
0 0.354167 0.773438 0.031250 0.051042
0 0.463021 0.445833 0.040625 0.041667
0 0.265104 0.395313 0.053125 0.034375
0 0.533333 0.789062 0.050000 0.040625
0 0.964583 0.760417 0.041667 0.029167
0 0.751563 0.242708 0.034375 0.047917
0 0.868229 0.875000 0.038542 0.031250
0 0.253125 0.501042 0.025000 0.037500
0 0.664062 0.154167 0.053125 0.047917
0 0.771875 0.653125 0.041667 0.047917
0 0.096875 0.965104 0.022917 0.040625
0 0.447917 0.309896 0.025000 0.048958
0 0.917188 0.078125 0.042708 0.039583
0 0.950521 0.332292 0.053125 0.035417
0 0.233333 0.965104 0.039583 0.034375
0 0.595313 0.317188 0.026042 0.046875
0 0.672917 0.908854 0.047917 0.032292
0 0.432812 0.578125 0.053125 0.037500
0 0.098437 0.828646 0.048958 0.046875
0 0.171354 0.786458 0.040625 0.054167
0 0.589583 0.122917 0.031250 0.037500
0 0.240104 0.100521 0.038542 0.040625
0 0.638021 0.110937 0.051042 0.053125
0 0.414062 0.638021 0.044792 0.042708
0 0.381250 0.780729 0.029167 0.040625
0 0.178646 0.801562 0.032292 0.040625
0 0.407813 0.642708 0.032292 0.043750
0 0.209896 0.176563 0.026042 0.040625
0 0.139063 0.329167 0.044792 0.047917
0 0.342708 0.358333 0.045833 0.043750
0 0.652083 0.499479 0.031250 0.048958
0 0.849479 0.173437 0.042708 0.023958
0 0.286458 0.786979 0.047917 0.055208
0 0.771354 0.147917 0.040625 0.022917
0 0.216667 0.868750 0.052083 0.047917
0 0.179167 0.848437 0.043750 0.055208
0 0.720833 0.861979 0.037500 0.038542
0 0.314063 0.232813 0.023958 0.040625
0 0.188021 0.769792 0.038542 0.029167
0 0.233854 0.292708 0.032292 0.043750
0 0.498437 0.700521 0.021875 0.038542
0 0.292187 0.282813 0.023958 0.046875
0 0.670833 0.841667 0.050000 0.031250
0 0.559375 0.703125 0.045833 0.043750
0 0.658333 0.605208 0.018750 0.035417
0 0.402083 0.558854 0.045833 0.038542
0 0.287500 0.523438 0.047917 0.023958
0 0.540104 0.701042 0.042708 0.031250
0 0.684375 0.306771 0.039583 0.036458
0 0.183854 0.646354 0.032292 0.048958
0 0.337500 0.117708 0.041667 0.037500
0 0.678646 0.273958 0.040625 0.020833
0 0.181771 0.203646 0.040625 0.023958
0 0.661458 0.166146 0.035417 0.048958
0 0.596354 0.636979 0.034375 0.040625
0 0.351562 0.615104 0.040625 0.038542
0 0.895833 0.667708 0.050000 0.050000
0 0.669271 0.726042 0.042708 0.039583
0 0.732812 0.768229 0.040625 0.051042
0 0.142187 0.082812 0.046875 0.048958
0 0.691146 0.917708 0.038542 0.029167
0 0.614583 0.561979 0.039583 0.036458
0 0.591667 0.453125 0.035417 0.037500
0 0.319271 0.888021 0.034375 0.046875
0 0.693750 0.629167 0.035417 0.043750
0 0.534375 0.942708 0.018750 0.035417
0 0.242188 0.261458 0.030208 0.047917
0 0.658854 0.583854 0.028125 0.048958
0 0.723437 0.363021 0.038542 0.021875
0 0.216667 0.896354 0.039583 0.036458
0 0.482812 0.096354 0.048958 0.055208
0 0.384375 0.898958 0.037500 0.029167
0 0.596354 0.411979 0.051042 0.053125
0 0.390104 0.296354 0.036458 0.051042
0 0.411979 0.313542 0.026042 0.045833
0 0.272396 0.385937 0.051042 0.042708
0 0.188021 0.322396 0.046875 0.038542
0 0.224479 0.416146 0.026042 0.040625
0 0.308854 0.351042 0.044792 0.045833
0 0.365625 0.854167 0.041667 0.025000
0 0.496875 0.536979 0.054167 0.036458
0 0.355208 0.766146 0.050000 0.044792
0 0.942708 0.395313 0.035417 0.053125
0 0.816667 0.537500 0.047917 0.025000
0 0.675000 0.494271 0.041667 0.055208
0 0.422396 0.719792 0.038542 0.031250
0 0.246354 0.852083 0.034375 0.043750
0 0.695312 0.116146 0.048958 0.046875
0 0.420833 0.120833 0.043750 0.033333
0 0.502083 0.303646 0.054167 0.040625
0 0.965625 0.336979 0.045833 0.023958
0 0.530208 0.190625 0.041667 0.025000
0 0.952083 0.913542 0.039583 0.047917
0 0.963021 0.682292 0.034375 0.039583
0 0.664583 0.628125 0.031250 0.037500
0 0.829167 0.814063 0.041667 0.023958
0 0.757292 0.472396 0.039583 0.034375
0 0.542188 0.640104 0.021875 0.038542
0 0.818750 0.719271 0.050000 0.038542
0 0.438542 0.115625 0.027083 0.045833
0 0.760938 0.809896 0.038542 0.023958
0 0.300521 0.129167 0.051042 0.050000
0 0.371354 0.605208 0.048958 0.025000
0 0.863542 0.717708 0.043750 0.031250
0 0.776042 0.470833 0.050000 0.050000
0 0.864062 0.672917 0.048958 0.041667
0 0.965104 0.400000 0.048958 0.041667
0 0.551042 0.145313 0.050000 0.053125
0 0.521354 0.925521 0.046875 0.038542
0 0.965104 0.147917 0.036458 0.020833
0 0.901042 0.350521 0.025000 0.046875
0 0.748437 0.302604 0.023958 0.040625
0 0.718229 0.363542 0.042708 0.054167
0 0.864062 0.739583 0.048958 0.027083
0 0.879167 0.731250 0.037500 0.031250
0 0.821875 0.363542 0.022917 0.043750
0 0.414062 0.273958 0.034375 0.039583
0 0.370312 0.578125 0.046875 0.027083
0 0.831771 0.460417 0.051042 0.033333
0 0.755208 0.866667 0.041667 0.039583
0 0.875521 0.144792 0.023958 0.037500
0 0.684896 0.230208 0.051042 0.050000
0 0.180729 0.785417 0.038542 0.035417
0 0.079687 0.316667 0.048958 0.041667
0 0.603646 0.082812 0.051042 0.030208
0 0.744792 0.412500 0.027083 0.047917
0 0.767188 0.716146 0.055208 0.046875
0 0.796354 0.235937 0.034375 0.046875
0 0.175000 0.866667 0.043750 0.045833
0 0.920312 0.179688 0.040625 0.055208
0 0.427604 0.860938 0.048958 0.055208
0 0.839063 0.263542 0.036458 0.018750
0 0.952604 0.911458 0.051042 0.050000
0 0.660937 0.481771 0.042708 0.044792
0 0.511979 0.927083 0.036458 0.037500
0 0.100000 0.838021 0.039583 0.026042
0 0.318229 0.166667 0.026042 0.041667
0 0.357292 0.682813 0.027083 0.046875
0 0.110417 0.620833 0.020833 0.035417
0 0.297917 0.871875 0.052083 0.041667
0 0.794271 0.378125 0.038542 0.031250
0 0.362500 0.632292 0.031250 0.045833
0 0.842708 0.909896 0.047917 0.032292
0 0.228646 0.447917 0.044792 0.035417
0 0.253125 0.132812 0.050000 0.034375
0 0.778125 0.374479 0.045833 0.034375
0 0.645312 0.097917 0.038542 0.047917
0 0.140104 0.959375 0.038542 0.029167
0 0.384375 0.486979 0.029167 0.040625
0 0.848958 0.222396 0.031250 0.051042
0 0.388542 0.926562 0.039583 0.023958
0 0.180729 0.793229 0.040625 0.044792
0 0.720833 0.393229 0.037500 0.038542
0 0.281771 0.620833 0.040625 0.022917
0 0.470313 0.476042 0.038542 0.033333
0 0.761458 0.109375 0.045833 0.052083
0 0.458333 0.828646 0.043750 0.042708
0 0.910417 0.476562 0.043750 0.040625
0 0.666146 0.875521 0.055208 0.042708
0 0.816667 0.434896 0.029167 0.040625
0 0.489063 0.654167 0.034375 0.037500
0 0.804167 0.712500 0.037500 0.029167
0 0.265625 0.452083 0.035417 0.035417
0 0.541146 0.180208 0.040625 0.020833
0 0.690625 0.592708 0.047917 0.041667
0 0.880729 0.164583 0.032292 0.039583
0 0.252083 0.891667 0.018750 0.037500
0 0.298958 0.716146 0.027083 0.046875
0 0.335938 0.973958 0.044792 0.052083
0 0.269271 0.727604 0.048958 0.055208
0 0.305729 0.726562 0.038542 0.046875
0 0.586979 0.424479 0.046875 0.055208
0 0.941667 0.478646 0.043750 0.055208
0 0.866667 0.964063 0.045833 0.036458