0 0.156771 0.754687 0.026042 0.051042
0 0.700521 0.615104 0.042708 0.044792
0 0.355729 0.339583 0.038542 0.035417
0 0.321354 0.410938 0.034375 0.040625
0 0.486458 0.705729 0.052083 0.034375
0 0.098437 0.506250 0.042708 0.037500
0 0.816146 0.530729 0.051042 0.040625
0 0.417708 0.849479 0.039583 0.038542
0 0.935937 0.784375 0.034375 0.043750
0 0.651563 0.317708 0.040625 0.022917
0 0.749479 0.221875 0.038542 0.052083
0 0.558333 0.301563 0.047917 0.048958
0 0.923958 0.797917 0.047917 0.027083
0 0.444271 0.898958 0.028125 0.039583
0 0.359896 0.273958 0.028125 0.050000
0 0.601562 0.533333 0.053125 0.047917
0 0.938021 0.878125 0.036458 0.037500
0 0.180208 0.382812 0.054167 0.051042
0 0.776042 0.123438 0.047917 0.032292
0 0.450521 0.272396 0.019792 0.038542
0 0.355208 0.490625 0.029167 0.050000
0 0.772917 0.433333 0.039583 0.041667
0 0.476562 0.969271 0.048958 0.046875
0 0.129167 0.668750 0.052083 0.043750
0 0.144271 0.644271 0.026042 0.040625
0 0.168750 0.644792 0.035417 0.043750
0 0.547396 0.921875 0.048958 0.041667
0 0.135937 0.257812 0.040625 0.055208
0 0.353646 0.305208 0.038542 0.033333
0 0.632292 0.340104 0.050000 0.034375
0 0.189062 0.287500 0.034375 0.039583
0 0.483333 0.837500 0.052083 0.037500
0 0.804167 0.917708 0.031250 0.045833
0 0.255729 0.720833 0.046875 0.033333
0 0.713542 0.936458 0.041667 0.047917
0 0.369792 0.500521 0.047917 0.053125
0 0.229687 0.322396 0.044792 0.055208
0 0.696875 0.153125 0.047917 0.039583
0 0.520833 0.969792 0.033333 0.047917
0 0.388021 0.493229 0.040625 0.036458
0 0.206250 0.825000 0.033333 0.037500
0 0.509375 0.386458 0.045833 0.043750
0 0.143750 0.534375 0.037500 0.033333
0 0.526042 0.456250 0.052083 0.037500
0 0.438021 0.918229 0.038542 0.038542
0 0.441146 0.655208 0.034375 0.039583
0 0.422396 0.463021 0.030208 0.053125
0 0.315104 0.340625 0.017708 0.035417
0 0.091146 0.277083 0.028125 0.045833
0 0.316146 0.629687 0.042708 0.044792
0 0.150000 0.506771 0.054167 0.042708
0 0.121875 0.196354 0.029167 0.040625
0 0.864583 0.746354 0.037500 0.021875
0 0.188021 0.216146 0.036458 0.046875
0 0.609896 0.732812 0.028125 0.040625
0 0.071354 0.118750 0.034375 0.047917
0 0.444271 0.403646 0.034375 0.046875
0 0.832812 0.939063 0.038542 0.046875
0 0.117188 0.835938 0.040625 0.028125
0 0.904687 0.079687 0.048958 0.046875
0 0.536979 0.907813 0.040625 0.036458
0 0.482292 0.416146 0.039583 0.044792
0 0.396875 0.498958 0.045833 0.052083
0 0.823958 0.820833 0.039583 0.020833
0 0.548958 0.410938 0.039583 0.048958
0 0.437500 0.798438 0.050000 0.038542
0 0.306250 0.854688 0.039583 0.038542
0 0.784896 0.081250 0.051042 0.031250
0 0.556250 0.495833 0.047917 0.041667
0 0.289062 0.073438 0.038542 0.021875
0 0.607812 0.466146 0.036458 0.051042
0 0.471875 0.700000 0.050000 0.050000
0 0.377083 0.491667 0.043750 0.045833
0 0.855208 0.857292 0.047917 0.035417
0 0.885938 0.806250 0.038542 0.027083
0 0.753646 0.825000 0.051042 0.050000
0 0.793750 0.082292 0.025000 0.043750
0 0.241146 0.782813 0.040625 0.023958
0 0.796875 0.841667 0.029167 0.050000
0 0.886458 0.302083 0.045833 0.045833
0 0.491667 0.844271 0.050000 0.040625
0 0.648438 0.570312 0.034375 0.053125
0 0.945833 0.470833 0.039583 0.052083
0 0.320312 0.870313 0.051042 0.053125
0 0.181250 0.820833 0.033333 0.052083
0 0.165104 0.218750 0.053125 0.037500
0 0.177083 0.141667 0.037500 0.025000
0 0.894271 0.094792 0.021875 0.037500
0 0.876563 0.637500 0.044792 0.027083
0 0.564063 0.902083 0.034375 0.043750
0 0.791146 0.743229 0.023958 0.040625
0 0.683854 0.663021 0.051042 0.034375
0 0.098437 0.290104 0.034375 0.051042
0 0.941146 0.546354 0.032292 0.040625
0 0.153646 0.315625 0.036458 0.043750
0 0.337500 0.934375 0.045833 0.045833
0 0.641667 0.671354 0.047917 0.053125
0 0.240104 0.154167 0.046875 0.029167
0 0.428646 0.685417 0.036458 0.047917
0 0.356250 0.207813 0.043750 0.030208
0 0.490625 0.230208 0.037500 0.043750
0 0.470313 0.748958 0.034375 0.052083
0 0.769271 0.137500 0.053125 0.037500
0 0.619271 0.259375 0.048958 0.041667
0 0.141667 0.359375 0.039583 0.041667
0 0.210938 0.398438 0.036458 0.040625
0 0.952083 0.463021 0.039583 0.030208
0 0.199479 0.768750 0.048958 0.027083
0 0.141146 0.230729 0.048958 0.046875
0 0.476562 0.931771 0.051042 0.042708
0 0.436458 0.779687 0.050000 0.038542
0 0.443229 0.578646 0.051042 0.026042
0 0.367708 0.270833 0.037500 0.027083
0 0.774479 0.502604 0.028125 0.048958
0 0.903125 0.106771 0.039583 0.044792
0 0.177083 0.213021 0.050000 0.053125
0 0.576042 0.506250 0.037500 0.027083
0 0.961458 0.540625 0.043750 0.052083
0 0.730729 0.499479 0.040625 0.026042
0 0.512500 0.295833 0.037500 0.025000
0 0.182292 0.508333 0.043750 0.045833
0 0.683333 0.189062 0.037500 0.019792
0 0.934375 0.312500 0.037500 0.052083
0 0.166146 0.331771 0.048958 0.032292
0 0.934375 0.638542 0.043750 0.052083
0 0.593229 0.432292 0.026042 0.050000
0 0.417708 0.705208 0.031250 0.037500
0 0.239583 0.782292 0.027083 0.043750
0 0.634375 0.131771 0.039583 0.030208
0 0.590625 0.637500 0.037500 0.035417
0 0.382292 0.616667 0.050000 0.031250
0 0.316146 0.776563 0.051042 0.042708
0 0.891146 0.812500 0.032292 0.047917
0 0.111458 0.131771 0.031250 0.040625
0 0.866667 0.071354 0.045833 0.034375
0 0.797396 0.775521 0.038542 0.046875
0 0.212500 0.218229 0.041667 0.048958
0 0.861458 0.241146 0.035417 0.044792
0 0.580729 0.810937 0.036458 0.046875
0 0.306250 0.095312 0.037500 0.019792
0 0.359896 0.370833 0.051042 0.050000
0 0.267188 0.318229 0.040625 0.034375
0 0.691146 0.798958 0.042708 0.027083
0 0.121875 0.661979 0.029167 0.040625
0 0.634896 0.867708 0.046875 0.043750
0 0.556250 0.943229 0.037500 0.038542
0 0.419792 0.214062 0.045833 0.040625
0 0.889583 0.216667 0.033333 0.016667
0 0.341146 0.468750 0.026042 0.045833
0 0.568229 0.886979 0.042708 0.023958
0 0.598958 0.108854 0.022917 0.038542
0 0.390104 0.836979 0.040625 0.036458
0 0.201042 0.688021 0.050000 0.036458
0 0.134896 0.963021 0.034375 0.040625
0 0.774479 0.372396 0.055208 0.040625
0 0.399479 0.944792 0.053125 0.043750
0 0.858854 0.457292 0.021875 0.037500
0 0.159375 0.421875 0.043750 0.052083
0 0.548958 0.432812 0.033333 0.040625
0 0.847917 0.794271 0.045833 0.032292
0 0.632812 0.081771 0.040625 0.044792
0 0.951042 0.609896 0.031250 0.044792
0 0.548438 0.736979 0.046875 0.038542
0 0.693750 0.605729 0.054167 0.042708
0 0.825521 0.588542 0.048958 0.035417
0 0.233854 0.966146 0.032292 0.046875
0 0.586979 0.422396 0.040625 0.038542
0 0.786458 0.607812 0.020833 0.038542
0 0.464583 0.214062 0.039583 0.036458
0 0.768229 0.441667 0.032292 0.047917
0 0.625000 0.369271 0.052083 0.032292
0 0.204167 0.316667 0.050000 0.029167
0 0.666667 0.230729 0.029167 0.048958
0 0.287500 0.782813 0.041667 0.044792
0 0.964063 0.576042 0.044792 0.027083
0 0.610938 0.308333 0.053125 0.039583
0 0.205729 0.252083 0.046875 0.052083
0 0.110417 0.926562 0.045833 0.040625
0 0.070833 0.636458 0.037500 0.052083
0 0.651563 0.204167 0.051042 0.033333
0 0.804167 0.377604 0.043750 0.048958
0 0.634896 0.153125 0.034375 0.039583
0 0.191667 0.729688 0.031250 0.044792
0 0.657292 0.567708 0.035417 0.020833
0 0.541667 0.330208 0.043750 0.037500
0 0.601042 0.177604 0.050000 0.042708
0 0.860938 0.127083 0.030208 0.047917
0 0.656771 0.289583 0.034375 0.039583
0 0.296354 0.473438 0.036458 0.040625
0 0.228125 0.759375 0.025000 0.039583
0 0.407292 0.223438 0.037500 0.040625
0 0.076042 0.144792 0.033333 0.045833
0 0.452604 0.453646 0.036458 0.046875
0 0.076042 0.940625 0.047917 0.050000
0 0.298958 0.092708 0.022917 0.043750
0 0.651042 0.191146 0.037500 0.019792
0 0.821875 0.284896 0.031250 0.044792
0 0.713542 0.621354 0.020833 0.038542
0 0.695312 0.409896 0.034375 0.048958
0 0.508854 0.303646 0.023958 0.040625
0 0.766667 0.910937 0.031250 0.048958
0 0.115104 0.526042 0.034375 0.052083
0 0.214583 0.686458 0.052083 0.035417
0 0.732292 0.213021 0.043750 0.040625
0 0.914062 0.806250 0.030208 0.039583
0 0.219792 0.295312 0.045833 0.034375
0 0.488021 0.352083 0.046875 0.043750
0 0.305729 0.209896 0.038542 0.046875
0 0.952604 0.597917 0.034375 0.039583
0 0.196875 0.477604 0.050000 0.044792
0 0.730729 0.873958 0.038542 0.043750
0 0.591146 0.299479 0.023958 0.040625
0 0.860938 0.293229 0.046875 0.034375
0 0.954167 0.178125 0.050000 0.050000
0 0.436458 0.539583 0.035417 0.043750
0 0.900521 0.400000 0.044792 0.052083
0 0.712500 0.550521 0.050000 0.044792
0 0.186458 0.618750 0.033333 0.043750
0 0.850000 0.919271 0.025000 0.048958
0 0.279687 0.816667 0.046875 0.045833
0 0.886979 0.695833 0.036458 0.037500
0 0.297396 0.172396 0.046875 0.055208
0 0.751563 0.906250 0.048958 0.041667
0 0.291667 0.507812 0.039583 0.044792
0 0.465104 0.422917 0.042708 0.041667
0 0.476042 0.428125 0.045833 0.043750
0 0.870833 0.126562 0.047917 0.055208
0 0.511979 0.463021 0.019792 0.038542
0 0.615104 0.900000 0.038542 0.043750
0 0.946354 0.246354 0.040625 0.051042
0 0.845313 0.293229 0.038542 0.019792
0 0.347917 0.385937 0.050000 0.040625
0 0.373437 0.761458 0.036458 0.020833
0 0.342708 0.108854 0.031250 0.044792
0 0.725000 0.410938 0.020833 0.038542
0 0.590104 0.960938 0.042708 0.051042
0 0.827083 0.223438 0.031250 0.040625
0 0.424479 0.799479 0.053125 0.034375
0 0.211458 0.620313 0.050000 0.042708
0 0.600000 0.345833 0.041667 0.037500
0 0.233333 0.419792 0.029167 0.037500
0 0.620313 0.087500 0.030208 0.050000
0 0.342187 0.922396 0.040625 0.055208
0 0.722917 0.161458 0.035417 0.052083
0 0.326042 0.506250 0.037500 0.031250
0 0.895312 0.919792 0.042708 0.031250
0 0.256771 0.368750 0.042708 0.037500
0 0.272396 0.953125 0.034375 0.039583
0 0.846875 0.352604 0.018750 0.036458
0 0.578646 0.289583 0.040625 0.041667
0 0.477083 0.544271 0.035417 0.040625
0 0.322917 0.937500 0.022917 0.045833
0 0.443229 0.101562 0.055208 0.048958
0 0.075521 0.714583 0.042708 0.027083
0 0.340104 0.398438 0.032292 0.048958
0 0.544792 0.086979 0.033333 0.048958
0 0.750521 0.361979 0.055208 0.046875
0 0.415625 0.934896 0.054167 0.044792
0 0.478125 0.926042 0.037500 0.033333
0 0.621354 0.506250 0.021875 0.037500
0 0.672396 0.962500 0.051042 0.035417
0 0.097917 0.156250 0.050000 0.047917
0 0.960938 0.539583 0.036458 0.043750
0 0.199479 0.312500 0.036458 0.018750
0 0.757292 0.653125 0.037500 0.027083
0 0.926562 0.760417 0.030208 0.043750
0 0.080729 0.178125 0.046875 0.031250
0 0.115104 0.407813 0.042708 0.023958
0 0.311458 0.167708 0.027083 0.037500
0 0.904167 0.453646 0.043750 0.055208
0 0.640104 0.698958 0.030208 0.050000
0 0.169792 0.590625 0.029167 0.050000
0 0.519792 0.303646 0.027083 0.042708
0 0.773438 0.394792 0.040625 0.054167
0 0.808854 0.112500 0.042708 0.041667
0 0.891146 0.374479 0.040625 0.032292
0 0.542188 0.830729 0.051042 0.042708
0 0.075521 0.957812 0.036458 0.055208
0 0.195833 0.404687 0.039583 0.023958
0 0.797396 0.333333 0.048958 0.039583
0 0.917188 0.481771 0.046875 0.048958
0 0.533333 0.125000 0.035417 0.035417
0 0.931771 0.510938 0.026042 0.044792
0 0.275521 0.682292 0.026042 0.037500
0 0.515625 0.682292 0.045833 0.027083
0 0.152604 0.470833 0.046875 0.022917
0 0.892708 0.077604 0.047917 0.032292
0 0.882292 0.706250 0.045833 0.043750
0 0.882292 0.460938 0.027083 0.042708
0 0.428646 0.627083 0.021875 0.039583
0 0.137500 0.733854 0.039583 0.034375
0 0.180729 0.328125 0.046875 0.022917
0 0.604688 0.142708 0.032292 0.052083
0 0.757292 0.156250 0.039583 0.041667
0 0.394271 0.401042 0.034375 0.052083
0 0.796354 0.096875 0.053125 0.045833
0 0.464062 0.741146 0.042708 0.021875
0 0.831771 0.847396 0.051042 0.036458
0 0.401042 0.747396 0.037500 0.053125
0 0.907813 0.849479 0.040625 0.051042
0 0.828125 0.100521 0.043750 0.021875
0 0.826042 0.634375 0.043750 0.052083
0 0.571354 0.302604 0.028125 0.040625
0 0.151562 0.166146 0.042708 0.055208
0 0.273438 0.505729 0.040625 0.051042
0 0.741146 0.226042 0.026042 0.045833
0 0.311979 0.078646 0.040625 0.036458
0 0.741667 0.720313 0.039583 0.036458
0 0.874479 0.780208 0.036458 0.037500
0 0.724479 0.634375 0.051042 0.031250
0 0.693229 0.666146 0.030208 0.044792
0 0.385937 0.095312 0.053125 0.032292
0 0.503646 0.159896 0.034375 0.053125
0 0.431771 0.511979 0.021875 0.038542
0 0.422917 0.115104 0.035417 0.053125
0 0.091146 0.693229 0.026042 0.040625
0 0.570312 0.226562 0.034375 0.051042
0 0.767188 0.468229 0.048958 0.046875
0 0.445833 0.107813 0.039583 0.034375
0 0.745313 0.824479 0.055208 0.040625
0 0.425521 0.686979 0.053125 0.032292
0 0.222917 0.685937 0.039583 0.055208
0 0.732812 0.298438 0.053125 0.030208
0 0.708854 0.326562 0.028125 0.044792
0 0.203125 0.535937 0.043750 0.042708
0 0.851042 0.503646 0.041667 0.044792
0 0.238021 0.967708 0.034375 0.052083
0 0.808854 0.803646 0.048958 0.032292
0 0.231771 0.321875 0.030208 0.039583
0 0.239063 0.769792 0.040625 0.054167
0 0.088542 0.879687 0.041667 0.048958
0 0.150000 0.643229 0.054167 0.046875
0 0.970313 0.222917 0.048958 0.041667
0 0.102083 0.504687 0.047917 0.023958
0 0.635417 0.923958 0.045833 0.045833
0 0.300521 0.240625 0.042708 0.029167
0 0.827604 0.778125 0.048958 0.035417
0 0.460417 0.275000 0.041667 0.025000
0 0.416667 0.169271 0.054167 0.048958
0 0.232813 0.863542 0.036458 0.047917
0 0.451042 0.713021 0.050000 0.028125
0 0.554688 0.824479 0.051042 0.038542
0 0.575000 0.967187 0.025000 0.042708
0 0.462500 0.417708 0.043750 0.025000
0 0.726042 0.716146 0.041667 0.021875
0 0.459375 0.576042 0.047917 0.027083
0 0.255729 0.780208 0.023958 0.043750
0 0.642188 0.121354 0.040625 0.026042
0 0.189062 0.323437 0.055208 0.044792
0 0.371875 0.603125 0.037500 0.031250
0 0.234375 0.955208 0.035417 0.037500
0 0.297917 0.283333 0.043750 0.033333
0 0.725000 0.607292 0.027083 0.043750
0 0.929688 0.565104 0.040625 0.038542
0 0.897396 0.809896 0.032292 0.044792
0 0.896875 0.147917 0.035417 0.020833
0 0.433333 0.529687 0.039583 0.044792
0 0.287500 0.589063 0.050000 0.053125
0 0.959375 0.121875 0.047917 0.039583
0 0.919792 0.210417 0.029167 0.041667
0 0.435937 0.627604 0.053125 0.034375
0 0.458333 0.790104 0.045833 0.048958
0 0.247917 0.764583 0.043750 0.052083
0 0.656771 0.481771 0.055208 0.044792
0 0.925521 0.519792 0.038542 0.022917
0 0.086458 0.650000 0.052083 0.033333
0 0.318750 0.895833 0.037500 0.018750
0 0.717187 0.247917 0.032292 0.043750
0 0.148438 0.885417 0.053125 0.041667
0 0.641667 0.937500 0.037500 0.035417
0 0.926562 0.859375 0.042708 0.037500
0 0.127604 0.902604 0.030208 0.044792
0 0.621875 0.699479 0.035417 0.044792
0 0.216667 0.778646 0.043750 0.055208
0 0.267188 0.716146 0.046875 0.038542
0 0.632812 0.226562 0.055208 0.048958
0 0.806771 0.234896 0.036458 0.017708
0 0.332292 0.388021 0.043750 0.040625
0 0.573958 0.080729 0.047917 0.046875
0 0.117188 0.516667 0.034375 0.047917
0 0.160417 0.808333 0.031250 0.041667
0 0.943229 0.167187 0.051042 0.026042
0 0.652083 0.553646 0.045833 0.038542
0 0.779687 0.855208 0.032292 0.039583
0 0.080208 0.593229 0.047917 0.032292
0 0.393750 0.344792 0.037500 0.029167
0 0.246875 0.724479 0.039583 0.034375
0 0.755729 0.366667 0.042708 0.037500
0 0.198437 0.882292 0.053125 0.045833
0 0.205729 0.957812 0.055208 0.042708
0 0.953125 0.959375 0.031250 0.041667
0 0.627604 0.728125 0.051042 0.031250
0 0.084375 0.780729 0.050000 0.053125
0 0.312500 0.660417 0.043750 0.033333
0 0.611979 0.476042 0.030208 0.050000
0 0.380208 0.245312 0.054167 0.048958
0 0.925521 0.569271 0.026042 0.044792
0 0.609896 0.536458 0.042708 0.041667
0 0.768229 0.150000 0.044792 0.037500
0 0.814583 0.411979 0.054167 0.044792
0 0.416667 0.124479 0.054167 0.042708
0 0.693750 0.166667 0.033333 0.037500
0 0.839583 0.098437 0.033333 0.053125
0 0.100000 0.738021 0.020833 0.038542
0 0.236979 0.307812 0.034375 0.040625
0 0.818229 0.701562 0.053125 0.051042
0 0.742708 0.614583 0.022917 0.043750
0 0.929688 0.904687 0.026042 0.046875
0 0.659375 0.203646 0.025000 0.038542
0 0.774479 0.861458 0.044792 0.025000
0 0.817708 0.150521 0.050000 0.028125
0 0.111979 0.302083 0.030208 0.050000
0 0.854167 0.321875 0.039583 0.052083
0 0.464062 0.357812 0.048958 0.046875
0 0.089583 0.582812 0.039583 0.036458
0 0.194792 0.620313 0.043750 0.030208
0 0.782292 0.582292 0.029167 0.041667
0 0.349479 0.366146 0.046875 0.034375
0 0.163021 0.197917 0.048958 0.027083
0 0.832812 0.371354 0.051042 0.053125
0 0.270313 0.238021 0.019792 0.038542
0 0.447917 0.116146 0.045833 0.036458
0 0.593750 0.906250 0.037500 0.043750
0 0.097917 0.950521 0.041667 0.055208
0 0.581771 0.671875 0.053125 0.047917
0 0.729688 0.442708 0.038542 0.052083
0 0.342187 0.789062 0.028125 0.048958
0 0.723437 0.853125 0.046875 0.043750
0 0.751563 0.102604 0.044792 0.051042
0 0.554167 0.114062 0.033333 0.048958
0 0.600521 0.381250 0.042708 0.039583
0 0.208333 0.419271 0.054167 0.036458
0 0.798958 0.599479 0.050000 0.034375
0 0.577604 0.597396 0.048958 0.032292
0 0.792188 0.942708 0.053125 0.035417
0 0.263021 0.790104 0.040625 0.030208
0 0.905729 0.452083 0.026042 0.037500
0 0.524479 0.236458 0.042708 0.037500
0 0.927083 0.402604 0.039583 0.055208
0 0.640625 0.826562 0.018750 0.036458
0 0.600521 0.434896 0.048958 0.032292
0 0.757812 0.931771 0.053125 0.051042
0 0.640104 0.515625 0.046875 0.045833
0 0.582812 0.916146 0.040625 0.036458
0 0.688542 0.818229 0.031250 0.048958
0 0.438542 0.272917 0.031250 0.045833
0 0.829688 0.169271 0.055208 0.051042
0 0.762500 0.281771 0.054167 0.042708
0 0.773958 0.911458 0.041667 0.037500
0 0.762500 0.669792 0.025000 0.041667
0 0.336458 0.232813 0.047917 0.053125
0 0.076042 0.263542 0.031250 0.045833
0 0.737500 0.345313 0.054167 0.044792
0 0.095833 0.714583 0.052083 0.047917
0 0.842708 0.402083 0.045833 0.045833
0 0.403646 0.810937 0.053125 0.053125
0 0.479167 0.122917 0.043750 0.033333
0 0.542708 0.729688 0.037500 0.019792
0 0.122917 0.735417 0.041667 0.031250
0 0.925521 0.383333 0.028125 0.045833
0 0.285938 0.529167 0.040625 0.041667
0 0.659375 0.323437 0.039583 0.034375
0 0.793750 0.368229 0.041667 0.023958
0 0.486458 0.198437 0.027083 0.038542
0 0.453125 0.707812 0.050000 0.042708
0 0.610938 0.768229 0.040625 0.028125
0 0.492708 0.479167 0.022917 0.039583
0 0.674479 0.844792 0.048958 0.039583
0 0.177083 0.650000 0.027083 0.047917
0 0.888542 0.814063 0.041667 0.021875
0 0.685417 0.373958 0.022917 0.039583
0 0.167708 0.257292 0.037500 0.033333
0 0.347396 0.215625 0.042708 0.054167
0 0.682292 0.536458 0.050000 0.033333
0 0.845833 0.635938 0.054167 0.048958
0 0.401042 0.700521 0.047917 0.046875
0 0.443229 0.671875 0.021875 0.037500
0 0.126562 0.742188 0.048958 0.048958
0 0.197917 0.312500 0.035417 0.043750
0 0.366146 0.448437 0.036458 0.046875
0 0.759375 0.190104 0.041667 0.048958
0 0.716667 0.264062 0.025000 0.046875
0 0.253646 0.175000 0.053125 0.043750
0 0.339583 0.352604 0.033333 0.040625
0 0.210938 0.098958 0.038542 0.033333
0 0.481250 0.826562 0.054167 0.046875
0 0.253646 0.159375 0.044792 0.035417
0 0.696875 0.178646 0.045833 0.048958
0 0.125521 0.182292 0.053125 0.037500
0 0.624479 0.941146 0.055208 0.038542
0 0.544792 0.858333 0.037500 0.035417
0 0.637500 0.258854 0.043750 0.042708
0 0.966667 0.194271 0.039583 0.034375
0 0.081250 0.655208 0.052083 0.041667
0 0.504687 0.700000 0.017708 0.035417
0 0.945833 0.878125 0.052083 0.041667
0 0.940625 0.808333 0.039583 0.052083
0 0.937500 0.413021 0.039583 0.036458
0 0.400521 0.470313 0.044792 0.048958
0 0.358333 0.105729 0.022917 0.040625
0 0.256771 0.917708 0.042708 0.027083
0 0.163542 0.135417 0.047917 0.033333
0 0.146354 0.480208 0.042708 0.029167
0 0.479687 0.948958 0.042708 0.029167
0 0.913542 0.356771 0.047917 0.032292
0 0.598437 0.954688 0.051042 0.053125
0 0.871354 0.717708 0.046875 0.029167
0 0.082812 0.301563 0.040625 0.034375
0 0.120313 0.718750 0.053125 0.043750
0 0.504167 0.513542 0.037500 0.041667
0 0.691667 0.106250 0.052083 0.045833
0 0.863542 0.638542 0.052083 0.043750
0 0.335938 0.357292 0.026042 0.037500
0 0.791146 0.550000 0.040625 0.041667
0 0.231771 0.430208 0.034375 0.043750
0 0.320312 0.277604 0.034375 0.046875
0 0.719271 0.714063 0.046875 0.023958
0 0.387500 0.186979 0.031250 0.040625
0 0.903646 0.369792 0.034375 0.043750
0 0.555729 0.486979 0.044792 0.042708
0 0.932292 0.532292 0.037500 0.031250
0 0.818750 0.388542 0.027083 0.043750
0 0.576042 0.478125 0.033333 0.047917
0 0.634896 0.726562 0.034375 0.040625
0 0.211979 0.749479 0.044792 0.055208
0 0.245833 0.676042 0.050000 0.050000
0 0.268750 0.366667 0.037500 0.025000
0 0.707812 0.371354 0.051042 0.036458
0 0.663542 0.515625 0.041667 0.037500
0 0.700000 0.229167 0.052083 0.037500
0 0.736979 0.621875 0.036458 0.047917
0 0.860417 0.232813 0.045833 0.034375
0 0.652083 0.580729 0.039583 0.044792
0 0.914062 0.284375 0.030208 0.039583
0 0.271354 0.543229 0.051042 0.034375
0 0.960417 0.783854 0.031250 0.040625
0 0.496354 0.175000 0.042708 0.027083
0 0.518750 0.874479 0.039583 0.044792
0 0.720313 0.856771 0.038542 0.038542
0 0.470833 0.289062 0.043750 0.042708
0 0.083333 0.304688 0.050000 0.040625
0 0.572396 0.920833 0.040625 0.052083
0 0.916667 0.394271 0.041667 0.048958
0 0.873437 0.929167 0.040625 0.047917
0 0.405729 0.730729 0.023958 0.048958
0 0.908854 0.590625 0.032292 0.043750
0 0.164062 0.485417 0.036458 0.020833
0 0.222917 0.381771 0.043750 0.048958
0 0.390104 0.647917 0.036458 0.037500
0 0.743229 0.233333 0.046875 0.045833
0 0.700521 0.359375 0.048958 0.025000
0 0.432292 0.579167 0.043750 0.033333
0 0.857812 0.650521 0.055208 0.048958
0 0.163542 0.802604 0.054167 0.038542
0 0.857812 0.540104 0.051042 0.036458
0 0.241146 0.897396 0.051042 0.036458
0 0.569792 0.671875 0.039583 0.047917
0 0.525521 0.361979 0.053125 0.051042
0 0.693229 0.273438 0.038542 0.019792
0 0.219792 0.308333 0.043750 0.045833
0 0.783854 0.433854 0.040625 0.032292
0 0.534375 0.781250 0.041667 0.047917
0 0.281250 0.888542 0.033333 0.047917
0 0.798438 0.485938 0.019792 0.038542
0 0.269271 0.419792 0.040625 0.041667
0 0.908854 0.612500 0.051042 0.035417
0 0.555208 0.508854 0.047917 0.028125
0 0.348958 0.347917 0.037500 0.027083
0 0.278646 0.113021 0.030208 0.040625
0 0.078125 0.811458 0.020833 0.039583
0 0.916146 0.302604 0.034375 0.040625
0 0.101562 0.807813 0.034375 0.048958
0 0.264062 0.835417 0.034375 0.037500
0 0.559375 0.789583 0.025000 0.043750
0 0.135417 0.393229 0.022917 0.038542
0 0.935937 0.467708 0.021875 0.043750
0 0.742708 0.393229 0.054167 0.048958
0 0.691667 0.193750 0.027083 0.037500
0 0.232813 0.925000 0.028125 0.041667
0 0.482812 0.281771 0.048958 0.034375
0 0.197917 0.399479 0.045833 0.023958
0 0.407813 0.969792 0.038542 0.043750
0 0.756771 0.094792 0.044792 0.045833
0 0.798958 0.152604 0.025000 0.042708
0 0.651042 0.452604 0.020833 0.036458
0 0.400521 0.683854 0.042708 0.044792
0 0.440104 0.529167 0.044792 0.047917
0 0.545833 0.831250 0.041667 0.027083
0 0.242708 0.859375 0.047917 0.037500
0 0.676562 0.249479 0.051042 0.055208
0 0.548958 0.656250 0.035417 0.052083
0 0.222917 0.402083 0.043750 0.031250
0 0.918750 0.428125 0.033333 0.043750
0 0.225521 0.755729 0.030208 0.053125
0 0.105729 0.875000 0.044792 0.047917
0 0.895312 0.083333 0.048958 0.041667
0 0.878125 0.393750 0.025000 0.037500
0 0.716667 0.433333 0.039583 0.041667
0 0.451042 0.253125 0.020833 0.039583
0 0.238542 0.235417 0.039583 0.041667
0 0.664062 0.150521 0.032292 0.053125
0 0.733333 0.619792 0.029167 0.037500
0 0.073438 0.290625 0.038542 0.035417
0 0.075521 0.194271 0.044792 0.042708
0 0.384896 0.760938 0.021875 0.038542
0 0.782292 0.079687 0.020833 0.042708
0 0.726042 0.138542 0.033333 0.037500
0 0.447917 0.178125 0.045833 0.027083
0 0.459896 0.288021 0.040625 0.034375
0 0.748958 0.694792 0.050000 0.050000
0 0.528646 0.680729 0.036458 0.040625
0 0.888021 0.346354 0.048958 0.032292
0 0.521875 0.271354 0.027083 0.040625
0 0.358854 0.309375 0.036458 0.020833
0 0.181771 0.341667 0.044792 0.025000
0 0.189062 0.421354 0.034375 0.040625
0 0.355729 0.711979 0.046875 0.036458
0 0.789062 0.638542 0.030208 0.047917