0 0.780729 0.772917 0.042708 0.041667
0 0.268750 0.205208 0.037500 0.035417
0 0.248958 0.589583 0.025000 0.047917
0 0.403125 0.667708 0.041667 0.020833
0 0.600521 0.591146 0.023958 0.042708
0 0.679688 0.422396 0.019792 0.038542
0 0.090625 0.215104 0.043750 0.040625
0 0.131250 0.808333 0.033333 0.037500
0 0.840104 0.733333 0.040625 0.052083
0 0.439063 0.390104 0.040625 0.026042
0 0.461458 0.524479 0.052083 0.032292
0 0.490104 0.075521 0.021875 0.042708
0 0.476042 0.910417 0.037500 0.033333
0 0.964063 0.365104 0.036458 0.051042
0 0.667708 0.889583 0.029167 0.045833
0 0.538542 0.585417 0.037500 0.027083
0 0.076042 0.626563 0.035417 0.053125
0 0.586979 0.285417 0.042708 0.033333
0 0.923958 0.554167 0.035417 0.043750
0 0.511979 0.493229 0.040625 0.055208
0 0.214583 0.613542 0.035417 0.018750
0 0.512500 0.689063 0.052083 0.053125
0 0.337500 0.661979 0.052083 0.032292
0 0.567187 0.521354 0.032292 0.040625
0 0.562500 0.267708 0.029167 0.037500
0 0.402083 0.843229 0.052083 0.032292
0 0.832812 0.351042 0.044792 0.054167
0 0.202604 0.178125 0.032292 0.043750
0 0.427083 0.581250 0.050000 0.050000
0 0.316146 0.548438 0.023958 0.046875
0 0.957812 0.475521 0.046875 0.026042
0 0.873958 0.551042 0.047917 0.039583
0 0.383333 0.738542 0.029167 0.041667
0 0.918750 0.858854 0.043750 0.042708
0 0.664583 0.436458 0.037500 0.035417
0 0.181771 0.424479 0.032292 0.040625
0 0.254688 0.392708 0.034375 0.037500
0 0.665625 0.565625 0.052083 0.035417
0 0.746875 0.184896 0.043750 0.028125
0 0.605208 0.739583 0.037500 0.029167
0 0.252604 0.419271 0.038542 0.055208
0 0.693229 0.781250 0.044792 0.047917
0 0.866146 0.710938 0.046875 0.034375
0 0.132812 0.419792 0.034375 0.047917
0 0.072917 0.683854 0.022917 0.038542
0 0.350000 0.876042 0.037500 0.031250
0 0.781771 0.493229 0.046875 0.038542
0 0.818229 0.686458 0.030208 0.050000
0 0.827083 0.330729 0.043750 0.042708
0 0.820312 0.263542 0.036458 0.020833
0 0.760938 0.826562 0.044792 0.044792
0 0.190625 0.324479 0.050000 0.042708
0 0.676562 0.766146 0.040625 0.023958
0 0.757292 0.561979 0.054167 0.046875
0 0.363542 0.176042 0.025000 0.041667
0 0.644271 0.909896 0.046875 0.026042
0 0.168229 0.272917 0.038542 0.052083
0 0.778646 0.782813 0.048958 0.046875
0 0.134375 0.343229 0.025000 0.038542
0 0.463021 0.408333 0.040625 0.041667
0 0.685937 0.173958 0.046875 0.052083
0 0.542708 0.322917 0.037500 0.025000
0 0.705208 0.427604 0.035417 0.040625
0 0.211979 0.809896 0.040625 0.023958
0 0.535417 0.275521 0.039583 0.034375
0 0.189583 0.664583 0.033333 0.016667
0 0.715104 0.306250 0.026042 0.037500
0 0.696354 0.485417 0.040625 0.047917
0 0.561458 0.336458 0.022917 0.037500
0 0.244792 0.583333 0.029167 0.037500
0 0.378646 0.593229 0.038542 0.055208
0 0.589063 0.403646 0.053125 0.051042
0 0.962500 0.264583 0.039583 0.041667
0 0.894792 0.160938 0.045833 0.026042
0 0.283333 0.258333 0.035417 0.037500
0 0.157812 0.186979 0.051042 0.038542
0 0.880208 0.644271 0.047917 0.032292
0 0.627604 0.480729 0.046875 0.036458
0 0.382292 0.220312 0.020833 0.036458
0 0.866146 0.816667 0.036458 0.043750
0 0.720833 0.624479 0.033333 0.053125
0 0.589583 0.928125 0.043750 0.035417
0 0.898438 0.753125 0.036458 0.018750
0 0.145833 0.362500 0.047917 0.027083
0 0.838542 0.358333 0.037500 0.022917
0 0.831771 0.090104 0.036458 0.017708
0 0.703125 0.463021 0.025000 0.042708
0 0.871875 0.720313 0.050000 0.044792
0 0.104167 0.539062 0.045833 0.036458
0 0.675521 0.151562 0.023958 0.040625
0 0.421875 0.706771 0.054167 0.040625
0 0.939063 0.620833 0.038542 0.033333
0 0.759896 0.585938 0.051042 0.042708
0 0.329167 0.847396 0.045833 0.034375
0 0.167708 0.350521 0.039583 0.026042
0 0.754167 0.461458 0.039583 0.020833
0 0.849479 0.491146 0.055208 0.042708
0 0.829688 0.076563 0.042708 0.044792
0 0.863021 0.593229 0.051042 0.030208
0 0.089583 0.466667 0.047917 0.037500
0 0.750521 0.685937 0.038542 0.019792
0 0.296354 0.937500 0.040625 0.025000
0 0.481250 0.681771 0.052083 0.051042
0 0.964583 0.100521 0.037500 0.021875
0 0.347917 0.952604 0.043750 0.048958
0 0.641146 0.088021 0.051042 0.040625
0 0.717708 0.622396 0.041667 0.055208
0 0.919792 0.780208 0.041667 0.029167
0 0.148958 0.434375 0.033333 0.037500
0 0.228125 0.166667 0.029167 0.045833
0 0.354167 0.968750 0.033333 0.043750
0 0.418229 0.764583 0.053125 0.043750
0 0.739062 0.147917 0.038542 0.043750
0 0.683333 0.375521 0.043750 0.040625
0 0.799479 0.226562 0.044792 0.032292
0 0.201563 0.257292 0.051042 0.033333
0 0.324479 0.307812 0.046875 0.055208
0 0.817187 0.363542 0.048958 0.037500
0 0.360938 0.416667 0.040625 0.041667
0 0.416146 0.707292 0.053125 0.045833
0 0.429167 0.593229 0.033333 0.044792
0 0.303125 0.168229 0.033333 0.048958
0 0.313542 0.458854 0.047917 0.046875
0 0.807292 0.836979 0.054167 0.038542
0 0.794792 0.640625 0.031250 0.041667
0 0.793750 0.771354 0.041667 0.048958
0 0.429688 0.609375 0.034375 0.043750
0 0.304688 0.794792 0.038542 0.022917
0 0.648438 0.788542 0.038542 0.031250
0 0.651042 0.103646 0.050000 0.042708
0 0.222396 0.950521 0.044792 0.028125
0 0.910417 0.966146 0.035417 0.048958
0 0.355729 0.073438 0.034375 0.040625
0 0.321354 0.588542 0.053125 0.039583
0 0.203125 0.776563 0.035417 0.040625
0 0.781771 0.155208 0.034375 0.039583
0 0.534375 0.946354 0.037500 0.021875
0 0.777604 0.321354 0.046875 0.038542
0 0.819271 0.353125 0.044792 0.047917
0 0.852083 0.128125 0.041667 0.037500
0 0.906771 0.309896 0.032292 0.046875
0 0.301042 0.243229 0.052083 0.030208
0 0.625000 0.377083 0.039583 0.041667
0 0.106771 0.354687 0.051042 0.053125
0 0.179688 0.368750 0.042708 0.041667
0 0.132812 0.288542 0.034375 0.052083
0 0.918750 0.806250 0.045833 0.052083
0 0.762500 0.300521 0.043750 0.026042
0 0.770833 0.342708 0.047917 0.025000
0 0.155208 0.503646 0.022917 0.038542
0 0.193750 0.828646 0.035417 0.040625
0 0.756250 0.843750 0.027083 0.041667
0 0.212500 0.853125 0.031250 0.050000
0 0.517188 0.111458 0.030208 0.047917
0 0.727083 0.734896 0.054167 0.038542
0 0.922917 0.270833 0.020833 0.035417
0 0.644271 0.115104 0.032292 0.048958
0 0.155729 0.134896 0.053125 0.051042
0 0.917708 0.814583 0.045833 0.045833
0 0.648438 0.591146 0.040625 0.032292
0 0.871354 0.513021 0.026042 0.044792
0 0.709375 0.318750 0.037500 0.035417
0 0.400521 0.543229 0.044792 0.051042
0 0.365104 0.973437 0.036458 0.055208
0 0.538542 0.905729 0.035417 0.040625
0 0.791146 0.605208 0.032292 0.039583
0 0.965104 0.803125 0.044792 0.033333
0 0.296875 0.213542 0.035417 0.037500
0 0.094792 0.786458 0.047917 0.037500
0 0.197396 0.323958 0.032292 0.047917
0 0.315104 0.858333 0.053125 0.047917
0 0.248958 0.777604 0.043750 0.028125
0 0.298958 0.345833 0.041667 0.039583
0 0.700000 0.955729 0.039583 0.053125
0 0.409375 0.136458 0.052083 0.035417
0 0.957812 0.836979 0.053125 0.034375
0 0.705729 0.282292 0.044792 0.047917
0 0.820312 0.172917 0.048958 0.027083
0 0.700000 0.895833 0.029167 0.037500
0 0.681250 0.437500 0.027083 0.037500
0 0.521875 0.298958 0.025000 0.041667
0 0.588542 0.185938 0.035417 0.040625
0 0.426042 0.182292 0.045833 0.031250
0 0.440625 0.115104 0.045833 0.038542
0 0.792188 0.170313 0.051042 0.026042
0 0.152083 0.572917 0.045833 0.031250
0 0.716146 0.749479 0.044792 0.028125
0 0.711979 0.487500 0.038542 0.029167
0 0.209896 0.498958 0.034375 0.043750
0 0.533854 0.673958 0.048958 0.052083
0 0.434375 0.381771 0.043750 0.030208
0 0.528646 0.639062 0.040625 0.030208
0 0.885938 0.622917 0.030208 0.039583
0 0.304688 0.394792 0.038542 0.031250
0 0.670833 0.700000 0.047917 0.037500
0 0.120833 0.080729 0.041667 0.023958
0 0.400521 0.562500 0.036458 0.037500
0 0.343229 0.859375 0.026042 0.050000
0 0.753646 0.620313 0.051042 0.028125
0 0.083333 0.543750 0.052083 0.039583
0 0.575521 0.295312 0.048958 0.034375
0 0.779687 0.201042 0.026042 0.045833
0 0.326562 0.272396 0.036458 0.040625
0 0.544271 0.195312 0.038542 0.019792
0 0.514062 0.349479 0.048958 0.030208
0 0.556771 0.673958 0.048958 0.027083
0 0.434375 0.165104 0.047917 0.032292
0 0.093229 0.856250 0.019792 0.035417
0 0.943229 0.536458 0.017708 0.035417
0 0.370833 0.694271 0.039583 0.038542
0 0.836979 0.089583 0.036458 0.037500
0 0.163542 0.953646 0.047917 0.053125
0 0.833854 0.076042 0.040625 0.047917
0 0.759896 0.663542 0.046875 0.031250
0 0.229167 0.964063 0.050000 0.053125
0 0.807292 0.576042 0.027083 0.041667
0 0.920833 0.115104 0.033333 0.053125
0 0.938542 0.880208 0.039583 0.052083
0 0.336979 0.777083 0.044792 0.047917
0 0.099479 0.221875 0.030208 0.050000
0 0.282292 0.631771 0.052083 0.032292
0 0.886458 0.626042 0.025000 0.037500
0 0.655208 0.583333 0.020833 0.035417
0 0.177604 0.784375 0.032292 0.052083
0 0.744271 0.615104 0.034375 0.046875
0 0.314063 0.172917 0.028125 0.050000
0 0.788021 0.396354 0.042708 0.051042
0 0.531771 0.339583 0.034375 0.043750
0 0.972917 0.453646 0.054167 0.042708
0 0.816146 0.358333 0.048958 0.027083
0 0.560417 0.423438 0.054167 0.040625
0 0.106250 0.463542 0.031250 0.045833
0 0.812500 0.428125 0.047917 0.037500
0 0.915104 0.531771 0.040625 0.026042
0 0.932292 0.425000 0.041667 0.025000
0 0.427604 0.843750 0.051042 0.050000
0 0.090104 0.405729 0.051042 0.042708
0 0.275000 0.227083 0.033333 0.047917
0 0.592708 0.651563 0.027083 0.042708
0 0.619271 0.313021 0.055208 0.046875
0 0.555208 0.285938 0.041667 0.044792
0 0.257812 0.369271 0.040625 0.034375
0 0.762500 0.120833 0.045833 0.031250
0 0.219792 0.598437 0.039583 0.023958
0 0.870313 0.110937 0.026042 0.044792
0 0.115625 0.197396 0.025000 0.042708
0 0.563542 0.841667 0.016667 0.033333
0 0.259375 0.485417 0.035417 0.043750
0 0.939063 0.921875 0.048958 0.035417
0 0.439583 0.361979 0.025000 0.046875
0 0.504167 0.077604 0.037500 0.021875
0 0.223958 0.512500 0.037500 0.029167
0 0.690104 0.772917 0.030208 0.050000
0 0.588021 0.778646 0.055208 0.042708
0 0.942187 0.715625 0.036458 0.043750
0 0.320312 0.130208 0.046875 0.045833
0 0.571875 0.250000 0.043750 0.022917
0 0.252604 0.530729 0.040625 0.034375
0 0.812500 0.215104 0.027083 0.051042
0 0.385417 0.115104 0.039583 0.030208
0 0.480208 0.892188 0.039583 0.028125
0 0.132812 0.152083 0.034375 0.043750
0 0.845313 0.422917 0.021875 0.037500
0 0.196354 0.406771 0.048958 0.046875
0 0.638542 0.150521 0.039583 0.034375
0 0.892708 0.445833 0.027083 0.047917
0 0.469271 0.335938 0.040625 0.030208
0 0.635938 0.718229 0.055208 0.048958
0 0.184896 0.227083 0.053125 0.045833
0 0.511458 0.771354 0.037500 0.053125
0 0.791667 0.849479 0.045833 0.028125
0 0.268229 0.382812 0.055208 0.048958
0 0.544792 0.183854 0.029167 0.051042
0 0.313021 0.316146 0.032292 0.044792
0 0.178646 0.359896 0.046875 0.048958
0 0.701562 0.548958 0.028125 0.050000
0 0.733333 0.121354 0.045833 0.023958
0 0.156771 0.949479 0.028125 0.048958
0 0.309375 0.507292 0.052083 0.045833
0 0.746354 0.340104 0.053125 0.032292
0 0.610417 0.245312 0.050000 0.034375
0 0.784375 0.844271 0.043750 0.040625
0 0.256771 0.348438 0.036458 0.046875
0 0.796354 0.762500 0.053125 0.037500
0 0.250521 0.680208 0.048958 0.052083
0 0.417708 0.644792 0.029167 0.041667
0 0.325000 0.708854 0.054167 0.040625
0 0.502604 0.492188 0.044792 0.032292
0 0.514062 0.839063 0.028125 0.051042
0 0.655208 0.502083 0.039583 0.041667
0 0.636979 0.221875 0.042708 0.039583
0 0.270313 0.409896 0.048958 0.030208
0 0.932813 0.500521 0.051042 0.042708
0 0.437500 0.921354 0.052083 0.053125
0 0.664062 0.390625 0.028125 0.039583
0 0.157292 0.155729 0.054167 0.040625
0 0.682292 0.459375 0.033333 0.037500
0 0.160417 0.556250 0.027083 0.043750
0 0.864062 0.117188 0.046875 0.048958
0 0.333333 0.155208 0.041667 0.039583
0 0.306250 0.838542 0.037500 0.027083
0 0.079687 0.248958 0.038542 0.025000
0 0.831250 0.970313 0.052083 0.053125
0 0.130729 0.848958 0.046875 0.043750
0 0.378646 0.663021 0.051042 0.040625
0 0.956250 0.609896 0.039583 0.038542
0 0.711979 0.361979 0.048958 0.046875
0 0.335938 0.746354 0.051042 0.042708
0 0.355729 0.798958 0.048958 0.035417
0 0.525000 0.367188 0.029167 0.051042
0 0.332813 0.145833 0.038542 0.052083
0 0.307292 0.524479 0.033333 0.040625
0 0.301563 0.174479 0.055208 0.042708
0 0.760938 0.635938 0.053125 0.053125
0 0.756250 0.526042 0.041667 0.039583
0 0.104167 0.558854 0.045833 0.032292
0 0.217708 0.488021 0.020833 0.036458
0 0.251042 0.438021 0.054167 0.048958
0 0.521354 0.381250 0.038542 0.025000
0 0.805729 0.354167 0.048958 0.035417
0 0.593750 0.863021 0.050000 0.036458
0 0.561458 0.317188 0.047917 0.023958
0 0.378646 0.691146 0.040625 0.046875
0 0.192708 0.210938 0.031250 0.048958
0 0.125521 0.550521 0.036458 0.040625
0 0.341146 0.738021 0.040625 0.036458
0 0.453125 0.688542 0.041667 0.047917
0 0.559896 0.091146 0.038542 0.040625
0 0.950521 0.686458 0.026042 0.045833
0 0.077083 0.132292 0.039583 0.022917
0 0.355729 0.150000 0.051042 0.033333
0 0.233854 0.377083 0.046875 0.052083
0 0.307292 0.464062 0.054167 0.042708
0 0.082292 0.816667 0.033333 0.037500
0 0.941667 0.205729 0.041667 0.048958
0 0.247917 0.426563 0.033333 0.040625
0 0.574479 0.466667 0.034375 0.039583
0 0.937500 0.214583 0.039583 0.041667
0 0.197396 0.548438 0.040625 0.038542
0 0.590625 0.714583 0.047917 0.027083
0 0.456250 0.806771 0.054167 0.036458
0 0.190104 0.416667 0.038542 0.031250
0 0.668750 0.856250 0.039583 0.047917
0 0.335417 0.747917 0.035417 0.037500
0 0.420833 0.848437 0.035417 0.040625
0 0.142187 0.208333 0.038542 0.035417
0 0.781771 0.225000 0.051042 0.031250
0 0.958854 0.821354 0.026042 0.044792
0 0.082812 0.359896 0.036458 0.040625
0 0.169792 0.166667 0.025000 0.037500
0 0.125000 0.581250 0.047917 0.025000
0 0.261979 0.390625 0.034375 0.047917
0 0.627604 0.610938 0.040625 0.028125
0 0.535937 0.367188 0.051042 0.030208
0 0.398958 0.636979 0.045833 0.055208
0 0.155729 0.792708 0.032292 0.047917
0 0.235417 0.146875 0.050000 0.047917
0 0.263021 0.478646 0.030208 0.040625
0 0.563021 0.948438 0.053125 0.051042
0 0.336458 0.498437 0.037500 0.040625
0 0.676562 0.180208 0.030208 0.039583
0 0.920312 0.667708 0.028125 0.050000
0 0.951042 0.873437 0.045833 0.028125
0 0.943229 0.364583 0.048958 0.050000
0 0.526563 0.834896 0.026042 0.051042
0 0.685417 0.105208 0.043750 0.045833
0 0.078646 0.696875 0.044792 0.027083
0 0.693229 0.125521 0.044792 0.032292
0 0.836979 0.500521 0.051042 0.038542
0 0.306771 0.887500 0.028125 0.039583
0 0.658333 0.079687 0.037500 0.038542