0 0.706771 0.716667 0.026042 0.045833
0 0.755208 0.174479 0.052083 0.034375
0 0.340104 0.212500 0.019792 0.039583
0 0.197917 0.471875 0.035417 0.052083
0 0.800521 0.879687 0.040625 0.032292
0 0.172917 0.207292 0.037500 0.035417
0 0.503125 0.763021 0.054167 0.036458
0 0.542708 0.089063 0.037500 0.040625
0 0.926042 0.407292 0.020833 0.041667
0 0.722396 0.247917 0.034375 0.047917
0 0.376563 0.801562 0.046875 0.023958
0 0.616667 0.650521 0.043750 0.055208
0 0.442708 0.357812 0.050000 0.036458
0 0.685937 0.293229 0.034375 0.053125
0 0.735938 0.824479 0.046875 0.048958
0 0.829688 0.902083 0.040625 0.020833
0 0.759375 0.485417 0.052083 0.035417
0 0.298438 0.808854 0.040625 0.028125
0 0.322396 0.939583 0.028125 0.041667
0 0.200521 0.546354 0.040625 0.030208
0 0.765104 0.283333 0.053125 0.047917
0 0.122396 0.361458 0.048958 0.039583
0 0.850000 0.470833 0.033333 0.037500
0 0.969271 0.648958 0.048958 0.035417
0 0.361458 0.281250 0.031250 0.045833
0 0.837500 0.745313 0.027083 0.051042
0 0.736458 0.473958 0.052083 0.039583
0 0.671875 0.960417 0.050000 0.031250
0 0.664583 0.775000 0.037500 0.031250
0 0.293229 0.735938 0.055208 0.048958
0 0.533333 0.442708 0.025000 0.041667
0 0.098437 0.939063 0.040625 0.032292
0 0.961979 0.533854 0.034375 0.040625
0 0.508333 0.422917 0.037500 0.052083
0 0.925000 0.096354 0.037500 0.044792
0 0.613021 0.403646 0.055208 0.040625
0 0.378646 0.231250 0.030208 0.039583
0 0.598958 0.788021 0.045833 0.038542
0 0.960938 0.081771 0.055208 0.048958
0 0.261979 0.407813 0.055208 0.051042
0 0.710938 0.797396 0.055208 0.038542
0 0.693750 0.743229 0.054167 0.048958
0 0.663021 0.671354 0.044792 0.040625
0 0.209375 0.760938 0.039583 0.030208
0 0.700000 0.956771 0.041667 0.048958
0 0.603125 0.241667 0.022917 0.043750
0 0.618229 0.318750 0.042708 0.031250
0 0.769792 0.920312 0.050000 0.040625
0 0.955729 0.851042 0.040625 0.047917
0 0.305729 0.643229 0.040625 0.055208
0 0.813021 0.496354 0.046875 0.036458
0 0.905729 0.166667 0.028125 0.050000
0 0.137500 0.773958 0.037500 0.025000
0 0.572917 0.927604 0.043750 0.055208
0 0.696354 0.430729 0.021875 0.044792
0 0.715104 0.638542 0.040625 0.022917
0 0.782292 0.502083 0.035417 0.052083
0 0.605208 0.351042 0.029167 0.045833
0 0.542708 0.776042 0.047917 0.037500
0 0.463542 0.451042 0.043750 0.025000
0 0.821875 0.265104 0.047917 0.023958
0 0.797396 0.723958 0.044792 0.027083
0 0.742708 0.463542 0.039583 0.041667
0 0.648438 0.644271 0.040625 0.055208
0 0.397396 0.497396 0.038542 0.021875
0 0.431771 0.543750 0.036458 0.037500
0 0.909896 0.873958 0.040625 0.020833
0 0.089583 0.462500 0.052083 0.035417
0 0.731250 0.121875 0.020833 0.041667
0 0.122396 0.194792 0.044792 0.025000
0 0.288021 0.125000 0.044792 0.045833
0 0.454688 0.741667 0.042708 0.027083
0 0.926042 0.488021 0.050000 0.034375
0 0.090625 0.392188 0.029167 0.040625
0 0.435417 0.279167 0.041667 0.031250
0 0.511458 0.286979 0.045833 0.038542
0 0.173437 0.465104 0.046875 0.023958
0 0.165104 0.823438 0.042708 0.051042
0 0.682292 0.100521 0.039583 0.036458
0 0.896354 0.474479 0.040625 0.038542
0 0.168229 0.393229 0.044792 0.021875
0 0.511979 0.293229 0.026042 0.044792
0 0.158854 0.087500 0.044792 0.047917
0 0.240104 0.353125 0.042708 0.041667
0 0.376563 0.189583 0.048958 0.039583
0 0.827604 0.608854 0.051042 0.042708
0 0.819792 0.489583 0.035417 0.037500
0 0.133854 0.135417 0.038542 0.031250
0 0.348958 0.909375 0.035417 0.020833
0 0.090104 0.727083 0.044792 0.033333
0 0.644792 0.091667 0.037500 0.041667
0 0.842708 0.630208 0.052083 0.043750
0 0.243750 0.828646 0.035417 0.048958
0 0.240625 0.279687 0.050000 0.038542
0 0.421875 0.228125 0.031250 0.037500
0 0.600521 0.864583 0.038542 0.033333
0 0.900000 0.142187 0.050000 0.042708
0 0.123438 0.660937 0.040625 0.044792
0 0.839063 0.581250 0.036458 0.052083
0 0.353646 0.219271 0.028125 0.040625
0 0.360417 0.783333 0.050000 0.031250
0 0.392708 0.608333 0.045833 0.029167
0 0.504167 0.191146 0.045833 0.034375
0 0.592187 0.286458 0.026042 0.041667
0 0.863542 0.346875 0.037500 0.033333
0 0.934896 0.328646 0.051042 0.055208
0 0.458854 0.857812 0.046875 0.034375
0 0.461458 0.316146 0.037500 0.044792
0 0.135417 0.136979 0.039583 0.034375
0 0.510938 0.475000 0.040625 0.041667
0 0.583854 0.139583 0.030208 0.039583
0 0.482292 0.102083 0.050000 0.047917
0 0.852604 0.109896 0.053125 0.051042
0 0.955208 0.418750 0.043750 0.033333
0 0.329688 0.387500 0.036458 0.037500
0 0.327604 0.208333 0.042708 0.025000
0 0.184896 0.932813 0.051042 0.053125
0 0.416667 0.466146 0.045833 0.048958
0 0.205729 0.586979 0.051042 0.040625
0 0.152083 0.416667 0.043750 0.035417
0 0.536458 0.645312 0.045833 0.032292
0 0.119792 0.705729 0.041667 0.032292
0 0.660937 0.664062 0.040625 0.026042
0 0.918750 0.913021 0.041667 0.032292
0 0.504687 0.845313 0.046875 0.036458
0 0.221354 0.245833 0.051042 0.033333
0 0.803646 0.104167 0.053125 0.037500
0 0.085938 0.869271 0.040625 0.034375
0 0.281771 0.130208 0.046875 0.031250
0 0.523438 0.108854 0.048958 0.044792
0 0.902604 0.291667 0.036458 0.020833
0 0.762500 0.308333 0.045833 0.052083
0 0.085417 0.923958 0.033333 0.037500
0 0.938021 0.872917 0.042708 0.027083
0 0.545833 0.361458 0.035417 0.035417
0 0.850000 0.658333 0.037500 0.022917
0 0.358854 0.591667 0.036458 0.043750
0 0.561458 0.396354 0.043750 0.042708
0 0.435937 0.334896 0.034375 0.053125
0 0.072396 0.180729 0.040625 0.038542
0 0.211458 0.448958 0.052083 0.039583
0 0.311979 0.468229 0.036458 0.046875
0 0.794271 0.834375 0.019792 0.035417
0 0.415104 0.780729 0.028125 0.040625
0 0.141667 0.398438 0.037500 0.053125
0 0.444271 0.814063 0.040625 0.030208
0 0.464062 0.533333 0.046875 0.031250
0 0.458333 0.152083 0.043750 0.037500
0 0.143750 0.641146 0.027083 0.040625
0 0.344271 0.538021 0.042708 0.044792
0 0.855729 0.545312 0.042708 0.051042
0 0.302604 0.492708 0.034375 0.052083
0 0.618750 0.094792 0.047917 0.037500
0 0.392188 0.508333 0.038542 0.035417
0 0.659896 0.895833 0.051042 0.033333
0 0.627604 0.696354 0.046875 0.034375
0 0.646354 0.468750 0.040625 0.020833
0 0.153125 0.119271 0.050000 0.038542
0 0.259896 0.120313 0.040625 0.036458
0 0.355208 0.935937 0.037500 0.048958
0 0.693750 0.245833 0.035417 0.037500
0 0.658854 0.812500 0.044792 0.037500
0 0.327604 0.726042 0.038542 0.035417
0 0.414062 0.727604 0.021875 0.042708
0 0.547917 0.268750 0.037500 0.047917
0 0.659375 0.743750 0.045833 0.029167
0 0.961979 0.818229 0.040625 0.026042
0 0.735938 0.131771 0.040625 0.032292
0 0.899479 0.586979 0.038542 0.040625
0 0.356771 0.307292 0.036458 0.047917
0 0.850521 0.854167 0.042708 0.033333
0 0.419792 0.241146 0.037500 0.021875
0 0.930729 0.379688 0.040625 0.026042
0 0.242708 0.861979 0.037500 0.048958
0 0.134375 0.430208 0.047917 0.035417
0 0.259375 0.640104 0.037500 0.044792
0 0.119271 0.948438 0.038542 0.051042
0 0.773958 0.516667 0.027083 0.037500
0 0.129688 0.918229 0.021875 0.042708
0 0.773958 0.412500 0.037500 0.031250
0 0.488542 0.119271 0.054167 0.038542
0 0.714063 0.559896 0.040625 0.038542
0 0.757812 0.699479 0.026042 0.040625
0 0.950521 0.890104 0.038542 0.046875
0 0.202604 0.318229 0.053125 0.032292
0 0.699479 0.194271 0.051042 0.038542
0 0.817708 0.367188 0.050000 0.053125
0 0.473958 0.948958 0.045833 0.052083
0 0.627604 0.313542 0.042708 0.039583
0 0.820833 0.656250 0.035417 0.052083
0 0.170313 0.858333 0.042708 0.041667
0 0.320833 0.775000 0.037500 0.043750
0 0.627083 0.294271 0.047917 0.032292
0 0.385417 0.764583 0.045833 0.029167
0 0.311979 0.327083 0.046875 0.043750
0 0.581771 0.348438 0.038542 0.023958
0 0.619271 0.229687 0.038542 0.046875
0 0.525521 0.942708 0.044792 0.027083
0 0.948438 0.361458 0.023958 0.037500
0 0.524479 0.297396 0.053125 0.051042
0 0.659375 0.214062 0.047917 0.030208
0 0.516146 0.820833 0.017708 0.035417
0 0.791667 0.191667 0.029167 0.050000
0 0.119792 0.642188 0.050000 0.034375
0 0.833333 0.598958 0.047917 0.041667
0 0.478646 0.590625 0.038542 0.043750
0 0.814583 0.100521 0.045833 0.026042
0 0.903125 0.931250 0.022917 0.037500
0 0.145833 0.762500 0.035417 0.047917
0 0.726042 0.856250 0.033333 0.043750
0 0.478125 0.241667 0.045833 0.043750
0 0.265625 0.375521 0.047917 0.046875
0 0.323958 0.714583 0.043750 0.035417
0 0.865104 0.301563 0.044792 0.040625
0 0.755208 0.761979 0.041667 0.055208
0 0.688021 0.352083 0.030208 0.047917
0 0.446354 0.080208 0.023958 0.047917
0 0.605729 0.318750 0.040625 0.020833
0 0.668229 0.571354 0.046875 0.026042
0 0.495833 0.802604 0.027083 0.046875
0 0.619271 0.407292 0.040625 0.054167
0 0.955729 0.100000 0.051042 0.029167
0 0.759375 0.358854 0.052083 0.051042
0 0.267188 0.516146 0.028125 0.048958
0 0.419792 0.301563 0.050000 0.042708
0 0.120833 0.164062 0.020833 0.038542
0 0.767188 0.516146 0.040625 0.044792
0 0.858854 0.156250 0.038542 0.025000
0 0.500000 0.784896 0.031250 0.048958
0 0.204167 0.744271 0.037500 0.021875
0 0.952083 0.456250 0.035417 0.047917
0 0.492188 0.869792 0.051042 0.031250
0 0.441667 0.633854 0.052083 0.032292
0 0.559896 0.575000 0.048958 0.041667
0 0.726042 0.514583 0.052083 0.045833
0 0.377604 0.514062 0.053125 0.034375
0 0.267188 0.358333 0.044792 0.052083
0 0.956250 0.339583 0.033333 0.037500
0 0.325521 0.165625 0.032292 0.039583
0 0.120833 0.629167 0.039583 0.047917
0 0.833333 0.083854 0.025000 0.038542
0 0.827083 0.094271 0.043750 0.055208
0 0.659896 0.719271 0.046875 0.036458
0 0.244792 0.377604 0.047917 0.055208
0 0.692187 0.725521 0.044792 0.030208
0 0.465625 0.265104 0.045833 0.038542
0 0.374479 0.785937 0.040625 0.034375
0 0.237500 0.690625 0.031250 0.037500
0 0.891667 0.448958 0.047917 0.037500
0 0.914062 0.323958 0.040625 0.041667
0 0.926042 0.645833 0.045833 0.031250
0 0.143750 0.127083 0.031250 0.037500
0 0.647917 0.731250 0.037500 0.027083
0 0.236979 0.671875 0.032292 0.039583
0 0.873437 0.656771 0.036458 0.040625
0 0.549479 0.952083 0.046875 0.043750
0 0.729167 0.697917 0.039583 0.020833
0 0.433854 0.166667 0.048958 0.025000
0 0.804167 0.529167 0.041667 0.039583
0 0.285417 0.641667 0.047917 0.050000
0 0.716667 0.652604 0.029167 0.044792
0 0.325000 0.585417 0.031250 0.043750
0 0.718750 0.185938 0.043750 0.055208
0 0.064583 0.072917 0.025000 0.037500
0 0.176563 0.641146 0.040625 0.034375
0 0.271875 0.383333 0.052083 0.047917
0 0.910417 0.536458 0.047917 0.037500
0 0.255208 0.289583 0.041667 0.029167
0 0.537500 0.163021 0.050000 0.053125
0 0.332292 0.769792 0.027083 0.041667
0 0.825000 0.320312 0.050000 0.044792
0 0.371354 0.685417 0.038542 0.035417
0 0.833854 0.448437 0.023958 0.040625
0 0.849479 0.546354 0.030208 0.044792
0 0.923438 0.854688 0.055208 0.048958
0 0.435937 0.580208 0.038542 0.035417
0 0.732812 0.623958 0.046875 0.043750
0 0.508854 0.248958 0.032292 0.039583
0 0.852083 0.179167 0.037500 0.033333
0 0.380729 0.202083 0.042708 0.037500
0 0.958333 0.437500 0.037500 0.035417
0 0.904167 0.216146 0.031250 0.048958
0 0.872917 0.227604 0.022917 0.038542
0 0.105208 0.292187 0.039583 0.036458
0 0.453125 0.785417 0.031250 0.037500
0 0.745313 0.404167 0.044792 0.025000
0 0.646875 0.918229 0.039583 0.044792
0 0.409896 0.819271 0.036458 0.040625
0 0.951042 0.804167 0.050000 0.031250
0 0.687500 0.459896 0.035417 0.040625
0 0.567708 0.519271 0.031250 0.051042
0 0.305729 0.949479 0.044792 0.042708
0 0.306771 0.765625 0.034375 0.037500
0 0.794271 0.181250 0.028125 0.043750
0 0.897396 0.211458 0.053125 0.039583
0 0.881771 0.812500 0.038542 0.018750
0 0.550521 0.341146 0.036458 0.046875
0 0.830729 0.763021 0.028125 0.048958
0 0.170313 0.519792 0.019792 0.037500
0 0.325521 0.116146 0.046875 0.026042
0 0.700521 0.223438 0.040625 0.044792