0 0.866667 0.281250 0.037500 0.022917
0 0.587500 0.350521 0.037500 0.053125
0 0.202083 0.458854 0.039583 0.023958
0 0.605729 0.537500 0.048958 0.052083
0 0.128125 0.400000 0.022917 0.039583
0 0.321875 0.708333 0.031250 0.041667
0 0.972917 0.505208 0.052083 0.045833
0 0.942187 0.348958 0.044792 0.052083
0 0.734375 0.519792 0.041667 0.039583
0 0.547917 0.807813 0.033333 0.044792
0 0.405729 0.926562 0.038542 0.040625
0 0.573438 0.571875 0.040625 0.054167
0 0.808333 0.925000 0.022917 0.035417
0 0.935937 0.326562 0.034375 0.051042
0 0.237500 0.418229 0.050000 0.028125
0 0.241146 0.707812 0.046875 0.040625
0 0.836458 0.632292 0.031250 0.045833
0 0.297396 0.565104 0.036458 0.040625
0 0.151562 0.857812 0.040625 0.044792
0 0.196354 0.618750 0.028125 0.050000
0 0.301042 0.802083 0.027083 0.047917
0 0.665625 0.251563 0.041667 0.044792
0 0.452604 0.599479 0.048958 0.032292
0 0.131250 0.347396 0.035417 0.053125
0 0.335417 0.954688 0.029167 0.046875
0 0.801562 0.334375 0.032292 0.047917
0 0.670833 0.508854 0.029167 0.040625
0 0.257812 0.447396 0.044792 0.055208
0 0.823438 0.751563 0.048958 0.046875
0 0.353646 0.425000 0.038542 0.052083
0 0.621875 0.924479 0.043750 0.030208
0 0.441146 0.571354 0.053125 0.051042
0 0.182812 0.703125 0.048958 0.052083
0 0.414583 0.476562 0.018750 0.036458
0 0.092188 0.445833 0.040625 0.043750
0 0.755208 0.893750 0.043750 0.031250
0 0.105208 0.733333 0.037500 0.035417
0 0.902604 0.431771 0.032292 0.040625
0 0.322917 0.514062 0.033333 0.040625
0 0.118750 0.223958 0.039583 0.052083
0 0.875000 0.135417 0.037500 0.033333
0 0.823438 0.265104 0.034375 0.040625
0 0.956250 0.758854 0.047917 0.046875
0 0.150000 0.513542 0.037500 0.052083
0 0.628646 0.152604 0.040625 0.051042
0 0.913542 0.557292 0.031250 0.045833
0 0.350521 0.346354 0.051042 0.044792
0 0.811979 0.712500 0.030208 0.047917
0 0.815104 0.089063 0.032292 0.048958
0 0.143750 0.735417 0.041667 0.037500
0 0.498958 0.903125 0.052083 0.041667
0 0.669792 0.475521 0.045833 0.034375
0 0.893229 0.300000 0.053125 0.045833
0 0.285417 0.322917 0.043750 0.037500
0 0.097917 0.283333 0.043750 0.031250
0 0.104167 0.237500 0.039583 0.041667
0 0.948958 0.649479 0.020833 0.036458
0 0.102083 0.132812 0.041667 0.032292
0 0.447917 0.593750 0.037500 0.035417
0 0.238542 0.880208 0.039583 0.041667
0 0.424479 0.831771 0.051042 0.055208
0 0.620313 0.179688 0.034375 0.046875
0 0.257812 0.620313 0.036458 0.055208
0 0.689063 0.327083 0.038542 0.037500
0 0.808333 0.803125 0.047917 0.027083
0 0.172917 0.147917 0.043750 0.033333
0 0.955729 0.747396 0.032292 0.053125
0 0.427604 0.189062 0.040625 0.034375
0 0.896354 0.531771 0.046875 0.028125
0 0.513021 0.525521 0.053125 0.053125
0 0.244792 0.852604 0.054167 0.048958
0 0.742188 0.469792 0.042708 0.029167
0 0.275521 0.096354 0.051042 0.038542
0 0.387500 0.143750 0.027083 0.047917
0 0.823438 0.423958 0.036458 0.020833
0 0.537500 0.778125 0.025000 0.043750
0 0.482292 0.761458 0.037500 0.033333
0 0.713021 0.133333 0.040625 0.022917
0 0.341667 0.531250 0.041667 0.027083
0 0.314583 0.076042 0.041667 0.037500
0 0.594271 0.265625 0.034375 0.039583
0 0.242708 0.382292 0.041667 0.025000
0 0.863021 0.555729 0.030208 0.051042
0 0.878125 0.915625 0.047917 0.035417
0 0.645833 0.171354 0.029167 0.048958
0 0.566667 0.359375 0.047917 0.041667
0 0.366146 0.741667 0.032292 0.052083
0 0.915104 0.602083 0.038542 0.027083
0 0.461458 0.766146 0.025000 0.042708
0 0.130729 0.371354 0.051042 0.028125
0 0.920833 0.236979 0.054167 0.040625
0 0.478125 0.378646 0.054167 0.038542
0 0.813021 0.909896 0.036458 0.046875
0 0.282292 0.629687 0.050000 0.042708
0 0.367188 0.914583 0.036458 0.037500
0 0.916146 0.545833 0.046875 0.043750
0 0.303646 0.732292 0.036458 0.037500
0 0.525000 0.686458 0.041667 0.039583
0 0.550000 0.825000 0.043750 0.052083
0 0.447917 0.708333 0.029167 0.041667
0 0.845313 0.215625 0.028125 0.039583
0 0.836458 0.706771 0.039583 0.030208
0 0.172917 0.401042 0.052083 0.039583
0 0.583854 0.524479 0.048958 0.048958
0 0.668229 0.723437 0.040625 0.026042
0 0.171354 0.300000 0.048958 0.037500
0 0.884375 0.624479 0.054167 0.046875
0 0.577083 0.176042 0.039583 0.041667
0 0.393750 0.145833 0.047917 0.033333
0 0.185938 0.436979 0.040625 0.023958
0 0.320312 0.486458 0.038542 0.029167
0 0.639583 0.909896 0.043750 0.055208
0 0.668750 0.520312 0.022917 0.044792
0 0.718750 0.488021 0.045833 0.038542
0 0.364063 0.772396 0.044792 0.042708
0 0.118229 0.564063 0.046875 0.048958
0 0.603646 0.653646 0.028125 0.044792
0 0.602604 0.544271 0.046875 0.055208
0 0.634896 0.714063 0.048958 0.032292
0 0.297917 0.295833 0.050000 0.050000
0 0.491146 0.770312 0.044792 0.055208
0 0.871875 0.706771 0.029167 0.040625
0 0.490104 0.329688 0.038542 0.046875
0 0.844271 0.571875 0.044792 0.054167
0 0.408333 0.808333 0.033333 0.043750
0 0.220312 0.105208 0.044792 0.022917
0 0.786458 0.864583 0.052083 0.045833
0 0.306771 0.218229 0.038542 0.046875
0 0.288542 0.711979 0.045833 0.028125
0 0.252083 0.135417 0.031250 0.037500
0 0.737500 0.814583 0.043750 0.052083
0 0.332813 0.685417 0.046875 0.027083
0 0.705729 0.868229 0.030208 0.048958
0 0.125000 0.501042 0.041667 0.052083
0 0.296354 0.095833 0.051042 0.029167
0 0.889062 0.166146 0.053125 0.051042
0 0.321354 0.709896 0.042708 0.021875
0 0.311979 0.184375 0.036458 0.052083
0 0.574479 0.271875 0.040625 0.041667
0 0.152083 0.459375 0.031250 0.037500
0 0.965104 0.647396 0.034375 0.053125
0 0.325000 0.703125 0.035417 0.018750
0 0.876563 0.567187 0.044792 0.042708
0 0.369271 0.338542 0.028125 0.039583
0 0.645312 0.653125 0.040625 0.041667
0 0.434375 0.584375 0.020833 0.039583
0 0.254688 0.529687 0.046875 0.038542
0 0.187500 0.805208 0.027083 0.037500
0 0.773958 0.102604 0.052083 0.030208
0 0.519271 0.696875 0.053125 0.039583
0 0.371354 0.388021 0.040625 0.038542
0 0.944792 0.622396 0.033333 0.040625
0 0.262500 0.362500 0.029167 0.050000
0 0.084375 0.175000 0.022917 0.043750
0 0.811458 0.814583 0.052083 0.045833
0 0.803646 0.497396 0.023958 0.042708
0 0.204167 0.909896 0.041667 0.023958
0 0.442188 0.764062 0.055208 0.046875
0 0.396875 0.843750 0.043750 0.033333
0 0.743750 0.401562 0.043750 0.030208
0 0.347396 0.467708 0.051042 0.035417
0 0.290104 0.122396 0.046875 0.055208
0 0.840104 0.238021 0.040625 0.034375
0 0.575000 0.907813 0.047917 0.044792
0 0.695833 0.604167 0.043750 0.037500
0 0.214062 0.777083 0.023958 0.037500
0 0.544271 0.508333 0.038542 0.029167
0 0.250000 0.648958 0.041667 0.037500
0 0.803125 0.686458 0.041667 0.037500
0 0.564583 0.317708 0.047917 0.050000
0 0.472917 0.144271 0.050000 0.053125
0 0.609375 0.215104 0.050000 0.042708
0 0.081771 0.328125 0.048958 0.041667
0 0.714063 0.835417 0.042708 0.039583
0 0.731771 0.098437 0.023958 0.046875
0 0.226042 0.681250 0.027083 0.047917
0 0.409375 0.489583 0.043750 0.025000
0 0.325000 0.761458 0.037500 0.035417
0 0.714583 0.945833 0.037500 0.035417
0 0.535417 0.640104 0.050000 0.044792
0 0.473438 0.860417 0.042708 0.041667
0 0.934375 0.356250 0.037500 0.033333
0 0.833854 0.176042 0.053125 0.045833
0 0.648958 0.885938 0.039583 0.055208
0 0.420312 0.822396 0.046875 0.048958
0 0.636979 0.659896 0.040625 0.030208
0 0.879167 0.881250 0.031250 0.050000
0 0.526563 0.691667 0.038542 0.025000
0 0.503646 0.284896 0.048958 0.055208
0 0.566667 0.955729 0.054167 0.046875
0 0.227083 0.470313 0.022917 0.040625
0 0.102083 0.648438 0.039583 0.036458
0 0.861458 0.405208 0.045833 0.043750
0 0.480208 0.427604 0.052083 0.032292
0 0.792708 0.593750 0.041667 0.039583
0 0.903125 0.703646 0.025000 0.046875
0 0.345833 0.525000 0.039583 0.052083
0 0.777604 0.484896 0.048958 0.046875
0 0.560417 0.445312 0.027083 0.040625
0 0.400521 0.366667 0.053125 0.043750
0 0.630208 0.455208 0.025000 0.043750
0 0.654687 0.417708 0.053125 0.043750
0 0.161979 0.597396 0.044792 0.055208
0 0.171354 0.211979 0.044792 0.055208
0 0.758854 0.291667 0.038542 0.052083
0 0.544271 0.490625 0.030208 0.039583
0 0.464062 0.854167 0.053125 0.043750
0 0.328646 0.832812 0.055208 0.044792
0 0.696875 0.560417 0.041667 0.052083
0 0.387500 0.827604 0.054167 0.048958
0 0.803125 0.257812 0.031250 0.040625
0 0.240104 0.606771 0.040625 0.051042
0 0.174479 0.239583 0.042708 0.027083
0 0.938542 0.387500 0.052083 0.037500
0 0.550000 0.495833 0.039583 0.047917
0 0.415625 0.650521 0.037500 0.053125
0 0.214583 0.152083 0.045833 0.029167
0 0.596875 0.204687 0.039583 0.036458
0 0.618229 0.426563 0.044792 0.042708
0 0.913542 0.696875 0.033333 0.043750
0 0.611458 0.113021 0.050000 0.028125
0 0.821875 0.956771 0.039583 0.034375
0 0.361458 0.739583 0.035417 0.022917
0 0.165625 0.229687 0.037500 0.044792
0 0.631250 0.875521 0.039583 0.030208
0 0.514583 0.378646 0.054167 0.044792
0 0.614062 0.592187 0.034375 0.053125
0 0.759375 0.098437 0.031250 0.044792
0 0.147917 0.910417 0.035417 0.043750
0 0.124479 0.441667 0.046875 0.029167
0 0.530208 0.288542 0.047917 0.041667
0 0.451042 0.093229 0.039583 0.048958
0 0.719792 0.592187 0.054167 0.038542
0 0.439063 0.368229 0.053125 0.034375
0 0.910417 0.541146 0.022917 0.038542
0 0.611458 0.228646 0.050000 0.034375
0 0.896354 0.176563 0.040625 0.032292
0 0.291667 0.586458 0.039583 0.047917
0 0.438021 0.585417 0.026042 0.045833
0 0.156250 0.243229 0.045833 0.048958
0 0.211458 0.519271 0.050000 0.034375
0 0.177604 0.423438 0.026042 0.040625
0 0.755729 0.364063 0.046875 0.032292
0 0.735417 0.240625 0.041667 0.039583
0 0.795312 0.259375 0.044792 0.047917
0 0.861458 0.620313 0.022917 0.038542
0 0.768750 0.344792 0.041667 0.052083
0 0.506250 0.113021 0.031250 0.040625
0 0.184375 0.567708 0.043750 0.035417
0 0.926562 0.181771 0.030208 0.053125
0 0.482292 0.293750 0.041667 0.052083
0 0.764583 0.318229 0.050000 0.028125
0 0.201042 0.541667 0.035417 0.037500
0 0.926562 0.870833 0.044792 0.035417
0 0.772917 0.836458 0.035417 0.037500
0 0.873958 0.125521 0.043750 0.028125
0 0.890625 0.919792 0.045833 0.045833
0 0.559375 0.795833 0.020833 0.035417
0 0.395833 0.766667 0.043750 0.031250
0 0.591667 0.867708 0.037500 0.025000
0 0.446354 0.946354 0.053125 0.034375
0 0.885938 0.312500 0.034375 0.043750
0 0.816667 0.761979 0.045833 0.048958
0 0.440104 0.388021 0.032292 0.053125
0 0.900521 0.724479 0.048958 0.046875
0 0.359375 0.244271 0.050000 0.053125
0 0.577604 0.572917 0.051042 0.029167
0 0.681771 0.571354 0.038542 0.046875
0 0.167187 0.179688 0.038542 0.046875
0 0.744792 0.283333 0.045833 0.043750
0 0.918750 0.316146 0.039583 0.030208
0 0.202604 0.482292 0.046875 0.031250
0 0.945312 0.658333 0.036458 0.018750
0 0.782813 0.830729 0.040625 0.032292
0 0.553125 0.420833 0.041667 0.029167
0 0.753646 0.615104 0.032292 0.048958
0 0.881250 0.711458 0.043750 0.052083
0 0.357292 0.926562 0.043750 0.042708
0 0.361979 0.474479 0.040625 0.034375
0 0.918750 0.135937 0.039583 0.038542
0 0.194792 0.891146 0.039583 0.053125
0 0.192708 0.540104 0.043750 0.042708
0 0.072396 0.610417 0.036458 0.020833
0 0.667708 0.554688 0.043750 0.042708
0 0.925000 0.613542 0.035417 0.037500
0 0.813542 0.580208 0.029167 0.045833
0 0.949479 0.072396 0.021875 0.038542
0 0.776563 0.482812 0.051042 0.038542
0 0.690625 0.805208 0.033333 0.050000
0 0.265625 0.285938 0.047917 0.046875
0 0.352604 0.107292 0.036458 0.043750
0 0.879687 0.091146 0.044792 0.051042
0 0.460938 0.385937 0.038542 0.019792
0 0.086979 0.586979 0.051042 0.026042
0 0.273958 0.867708 0.035417 0.020833
0 0.918229 0.722917 0.042708 0.031250
0 0.636979 0.162500 0.042708 0.047917
0 0.838542 0.662500 0.041667 0.025000
0 0.460938 0.504687 0.028125 0.048958
0 0.412500 0.867708 0.045833 0.043750
0 0.232813 0.329167 0.034375 0.047917
0 0.111458 0.725000 0.031250 0.037500
0 0.855208 0.853646 0.035417 0.040625
0 0.496354 0.333333 0.042708 0.037500
0 0.890104 0.540104 0.044792 0.030208
0 0.166146 0.797917 0.042708 0.039583
0 0.919271 0.463021 0.042708 0.044792
0 0.264062 0.881771 0.055208 0.042708
0 0.637500 0.390625 0.025000 0.043750
0 0.726562 0.744271 0.046875 0.038542
0 0.090625 0.678646 0.022917 0.038542
0 0.183333 0.241146 0.039583 0.053125
0 0.377604 0.175521 0.044792 0.055208
0 0.610417 0.256771 0.039583 0.026042
0 0.520833 0.532292 0.043750 0.033333
0 0.363542 0.916146 0.047917 0.046875
0 0.909896 0.136979 0.034375 0.040625
0 0.466146 0.378646 0.053125 0.053125
0 0.727604 0.150521 0.030208 0.040625
0 0.464583 0.556771 0.045833 0.036458
0 0.714063 0.717708 0.053125 0.043750
0 0.926562 0.302083 0.040625 0.020833
0 0.234896 0.298438 0.044792 0.040625
0 0.404167 0.700521 0.039583 0.036458
0 0.586979 0.693229 0.051042 0.026042
0 0.384375 0.482812 0.025000 0.046875
0 0.181250 0.434896 0.018750 0.036458
0 0.795312 0.766667 0.030208 0.039583
0 0.715625 0.265625 0.025000 0.037500
0 0.207813 0.174479 0.034375 0.040625
0 0.630208 0.712500 0.027083 0.047917
0 0.134375 0.290625 0.031250 0.045833
0 0.823438 0.618229 0.028125 0.048958
0 0.731250 0.205729 0.041667 0.055208
0 0.197396 0.100000 0.051042 0.050000
0 0.526563 0.540625 0.048958 0.039583
0 0.454167 0.504687 0.041667 0.055208
0 0.721875 0.566667 0.029167 0.041667
0 0.276042 0.247917 0.035417 0.037500
0 0.765625 0.207813 0.037500 0.040625
0 0.711458 0.935417 0.037500 0.029167
0 0.543229 0.233854 0.028125 0.044792
0 0.141146 0.216146 0.040625 0.044792
0 0.246354 0.165625 0.036458 0.037500
0 0.744792 0.478125 0.052083 0.039583
0 0.929688 0.788021 0.040625 0.046875
0 0.078646 0.241146 0.044792 0.030208
0 0.274479 0.792708 0.051042 0.050000
0 0.750000 0.798958 0.025000 0.037500
0 0.393229 0.102604 0.040625 0.019792
0 0.266146 0.625521 0.046875 0.055208
0 0.408854 0.679167 0.021875 0.039583
0 0.260937 0.820833 0.030208 0.039583
0 0.633333 0.815625 0.035417 0.043750