0 0.928125 0.508333 0.050000 0.033333
0 0.138021 0.467708 0.019792 0.039583
0 0.210938 0.838542 0.034375 0.052083
0 0.361979 0.138542 0.042708 0.039583
0 0.550521 0.471354 0.053125 0.030208
0 0.744792 0.621875 0.031250 0.037500
0 0.940104 0.880729 0.040625 0.019792
0 0.680208 0.183854 0.039583 0.036458
0 0.734375 0.647396 0.043750 0.030208
0 0.341667 0.678646 0.035417 0.040625
0 0.220833 0.456771 0.029167 0.048958
0 0.478646 0.517188 0.040625 0.032292
0 0.302083 0.420833 0.047917 0.035417
0 0.750000 0.890625 0.031250 0.043750
0 0.956771 0.795312 0.038542 0.040625
0 0.529687 0.540104 0.042708 0.044792
0 0.923438 0.100521 0.034375 0.051042
0 0.125000 0.572396 0.043750 0.042708
0 0.204167 0.585938 0.041667 0.023958
0 0.134375 0.387500 0.035417 0.035417
0 0.242708 0.194792 0.052083 0.045833
0 0.644792 0.317708 0.027083 0.037500
0 0.456250 0.496875 0.037500 0.031250
0 0.858333 0.880729 0.033333 0.044792
0 0.878125 0.745833 0.033333 0.047917
0 0.526042 0.705729 0.045833 0.055208
0 0.512500 0.702083 0.041667 0.027083
0 0.093229 0.761458 0.046875 0.052083
0 0.867708 0.942187 0.050000 0.036458
0 0.083854 0.666667 0.042708 0.054167
0 0.196354 0.638542 0.042708 0.033333
0 0.376042 0.410417 0.020833 0.041667
0 0.182292 0.391667 0.029167 0.045833
0 0.684375 0.717708 0.027083 0.041667
0 0.586979 0.256250 0.051042 0.050000
0 0.105729 0.741667 0.046875 0.029167
0 0.151042 0.115625 0.039583 0.047917
0 0.958333 0.374479 0.033333 0.044792
0 0.227083 0.205208 0.037500 0.043750
0 0.646875 0.551562 0.050000 0.036458
0 0.841667 0.670833 0.035417 0.022917
0 0.903646 0.183854 0.038542 0.055208
0 0.544792 0.949479 0.039583 0.034375
0 0.089063 0.311979 0.040625 0.032292
0 0.243750 0.247917 0.035417 0.022917
0 0.913542 0.168750 0.033333 0.037500
0 0.327604 0.153125 0.028125 0.050000
0 0.597917 0.592187 0.047917 0.032292
0 0.897396 0.141146 0.048958 0.055208
0 0.446875 0.599479 0.052083 0.034375
0 0.454167 0.264062 0.039583 0.032292
0 0.385417 0.498958 0.039583 0.047917
0 0.372917 0.196875 0.037500 0.035417
0 0.413542 0.650000 0.037500 0.031250
0 0.515104 0.397396 0.051042 0.038542
0 0.702083 0.188021 0.052083 0.030208
0 0.958854 0.475521 0.028125 0.048958
0 0.257812 0.309375 0.048958 0.027083
0 0.271875 0.825000 0.050000 0.050000
0 0.421875 0.754167 0.037500 0.029167
0 0.371354 0.444792 0.026042 0.041667
0 0.293750 0.111458 0.052083 0.045833
0 0.221875 0.114583 0.047917 0.050000
0 0.696875 0.482292 0.035417 0.020833
0 0.779167 0.685417 0.022917 0.043750
0 0.475000 0.923958 0.043750 0.033333
0 0.582812 0.366667 0.042708 0.037500
0 0.816146 0.496875 0.044792 0.033333
0 0.772396 0.701562 0.042708 0.044792
0 0.753646 0.184896 0.038542 0.055208
0 0.444271 0.374479 0.038542 0.051042
0 0.823438 0.321354 0.040625 0.030208
0 0.163021 0.243750 0.036458 0.020833
0 0.797917 0.793750 0.050000 0.033333
0 0.797917 0.693229 0.045833 0.036458
0 0.319271 0.592187 0.032292 0.040625
0 0.161979 0.802604 0.021875 0.038542
0 0.643750 0.080208 0.043750 0.052083
0 0.459375 0.880729 0.033333 0.044792
0 0.471875 0.476562 0.027083 0.046875
0 0.317708 0.239583 0.045833 0.043750
0 0.443229 0.667708 0.028125 0.045833
0 0.626563 0.140104 0.032292 0.053125
0 0.485417 0.352083 0.037500 0.033333
0 0.123958 0.394792 0.052083 0.039583
0 0.463021 0.141667 0.040625 0.041667
0 0.354687 0.880208 0.023958 0.045833
0 0.330208 0.496875 0.041667 0.039583
0 0.266667 0.513542 0.041667 0.029167
0 0.671354 0.912500 0.048958 0.027083
0 0.819792 0.477604 0.043750 0.042708
0 0.514062 0.490104 0.028125 0.048958
0 0.345833 0.091667 0.052083 0.039583
0 0.388021 0.663542 0.048958 0.035417
0 0.410938 0.560417 0.048958 0.052083
0 0.860417 0.730208 0.027083 0.037500
0 0.578646 0.685417 0.046875 0.045833
0 0.464062 0.563542 0.044792 0.054167
0 0.657813 0.374479 0.044792 0.040625
0 0.921875 0.569271 0.039583 0.048958
0 0.393229 0.665104 0.053125 0.034375
0 0.881771 0.836458 0.026042 0.041667
0 0.344271 0.890104 0.044792 0.040625
0 0.507292 0.775000 0.047917 0.039583
0 0.586979 0.144792 0.036458 0.037500
0 0.530208 0.227083 0.037500 0.027083
0 0.151042 0.658854 0.047917 0.046875
0 0.373437 0.861979 0.030208 0.040625
0 0.938021 0.240104 0.040625 0.030208
0 0.510417 0.352604 0.025000 0.044792
0 0.361979 0.605208 0.040625 0.047917
0 0.201042 0.363542 0.035417 0.052083
0 0.101562 0.582812 0.023958 0.042708
0 0.667708 0.461458 0.037500 0.035417
0 0.523438 0.612500 0.038542 0.025000
0 0.642188 0.960417 0.053125 0.047917
0 0.199479 0.858333 0.053125 0.039583
0 0.621354 0.968750 0.040625 0.047917
0 0.662500 0.392188 0.045833 0.036458
0 0.907292 0.876563 0.050000 0.038542
0 0.680729 0.203125 0.038542 0.035417
0 0.750521 0.799479 0.055208 0.042708
0 0.277604 0.633333 0.053125 0.045833
0 0.096875 0.265625 0.020833 0.035417
0 0.871875 0.590104 0.045833 0.048958
0 0.529687 0.808333 0.042708 0.037500
0 0.958333 0.651042 0.035417 0.037500
0 0.618750 0.682292 0.052083 0.037500
0 0.576562 0.290104 0.040625 0.023958
0 0.563542 0.739583 0.035417 0.037500
0 0.729688 0.483333 0.038542 0.047917
0 0.099479 0.679688 0.046875 0.036458
0 0.551042 0.195833 0.052083 0.047917
0 0.794271 0.638542 0.044792 0.047917
0 0.431250 0.430208 0.041667 0.047917
0 0.757812 0.938021 0.038542 0.055208
0 0.221875 0.130729 0.047917 0.046875
0 0.509375 0.404687 0.039583 0.036458
0 0.288542 0.662500 0.035417 0.037500
0 0.554688 0.766146 0.048958 0.055208
0 0.906250 0.180208 0.037500 0.027083
0 0.609896 0.335417 0.028125 0.043750
0 0.577604 0.139583 0.034375 0.052083
0 0.572917 0.513542 0.041667 0.031250
0 0.126562 0.329167 0.038542 0.047917
0 0.485417 0.255729 0.025000 0.038542
0 0.509375 0.210938 0.029167 0.051042
0 0.372396 0.419792 0.034375 0.039583
0 0.148958 0.330208 0.031250 0.037500
0 0.467187 0.879167 0.036458 0.018750
0 0.068229 0.625000 0.030208 0.039583
0 0.842708 0.878125 0.041667 0.025000
0 0.331771 0.644792 0.048958 0.027083
0 0.779167 0.961458 0.027083 0.047917
0 0.943229 0.375521 0.026042 0.044792
0 0.841667 0.951042 0.045833 0.022917
0 0.903125 0.804167 0.039583 0.020833
0 0.200000 0.830208 0.041667 0.039583
0 0.468229 0.515104 0.038542 0.023958
0 0.920312 0.607292 0.028125 0.039583
0 0.575000 0.445833 0.037500 0.052083
0 0.239583 0.918229 0.047917 0.032292
0 0.583854 0.515625 0.028125 0.039583
0 0.127083 0.271354 0.047917 0.028125
0 0.831771 0.664583 0.048958 0.052083
0 0.269271 0.345313 0.046875 0.048958
0 0.310417 0.398958 0.027083 0.047917
0 0.769792 0.219792 0.022917 0.037500
0 0.780208 0.172396 0.035417 0.053125
0 0.428646 0.630729 0.042708 0.021875
0 0.754167 0.493750 0.041667 0.037500
0 0.856771 0.650521 0.036458 0.040625
0 0.870313 0.352083 0.038542 0.031250
0 0.405208 0.554167 0.037500 0.025000
0 0.649479 0.455208 0.036458 0.047917
0 0.076042 0.650000 0.041667 0.037500
0 0.622396 0.850521 0.038542 0.040625
0 0.922917 0.303125 0.029167 0.037500
0 0.741667 0.795833 0.016667 0.033333
0 0.316667 0.457292 0.037500 0.035417
0 0.925000 0.824479 0.054167 0.040625
0 0.086979 0.102604 0.032292 0.046875
0 0.494271 0.662500 0.038542 0.033333
0 0.416146 0.188021 0.040625 0.032292
0 0.288021 0.088542 0.038542 0.029167
0 0.882292 0.926042 0.052083 0.047917
0 0.289583 0.843229 0.045833 0.055208
0 0.096354 0.106771 0.030208 0.044792
0 0.744792 0.245312 0.037500 0.044792
0 0.121875 0.794271 0.054167 0.038542
0 0.445312 0.784896 0.040625 0.044792
0 0.854688 0.579167 0.040625 0.043750
0 0.632812 0.485938 0.044792 0.040625
0 0.938021 0.398438 0.034375 0.053125
0 0.170313 0.678125 0.046875 0.043750
0 0.680208 0.208854 0.029167 0.046875
0 0.259896 0.152083 0.044792 0.045833
0 0.286458 0.664583 0.041667 0.047917
0 0.152604 0.107813 0.023958 0.046875
0 0.687500 0.416667 0.027083 0.043750
0 0.392188 0.461458 0.032292 0.052083
0 0.640104 0.717187 0.046875 0.032292
0 0.106250 0.441667 0.035417 0.043750
0 0.758854 0.114583 0.040625 0.047917
0 0.845833 0.930208 0.052083 0.039583
0 0.910937 0.482812 0.048958 0.032292
0 0.088542 0.429688 0.039583 0.038542
0 0.257292 0.423438 0.045833 0.036458
0 0.430729 0.233333 0.030208 0.039583
0 0.255208 0.438542 0.052083 0.047917
0 0.571875 0.398958 0.039583 0.047917
0 0.172396 0.073958 0.034375 0.039583
0 0.350000 0.698438 0.037500 0.019792
0 0.129688 0.621354 0.046875 0.036458
0 0.567187 0.696354 0.048958 0.030208
0 0.815625 0.956250 0.037500 0.041667
0 0.230729 0.600000 0.040625 0.041667
0 0.904687 0.673958 0.046875 0.043750
0 0.760938 0.513542 0.053125 0.039583
0 0.956771 0.944271 0.046875 0.048958
0 0.515625 0.659375 0.037500 0.027083
0 0.804167 0.680208 0.025000 0.041667
0 0.898438 0.814063 0.044792 0.040625
0 0.158333 0.403125 0.037500 0.035417
0 0.134375 0.833854 0.054167 0.036458
0 0.258854 0.158333 0.046875 0.043750
0 0.250521 0.133333 0.040625 0.020833
0 0.966667 0.742188 0.045833 0.034375
0 0.132812 0.382292 0.048958 0.027083
0 0.741667 0.112500 0.045833 0.043750
0 0.648438 0.628125 0.040625 0.041667
0 0.699479 0.608333 0.038542 0.031250
0 0.611979 0.305729 0.040625 0.023958
0 0.458333 0.616146 0.047917 0.032292
0 0.130208 0.876563 0.031250 0.044792
0 0.844792 0.860938 0.054167 0.048958
0 0.251042 0.637500 0.037500 0.025000
0 0.452604 0.421354 0.048958 0.046875
0 0.215104 0.236979 0.042708 0.044792
0 0.545312 0.866146 0.051042 0.044792
0 0.211979 0.621354 0.051042 0.040625
0 0.409375 0.496875 0.052083 0.041667
0 0.140625 0.885938 0.027083 0.040625
0 0.700521 0.544792 0.023958 0.043750
0 0.608854 0.269792 0.044792 0.035417
0 0.404687 0.821354 0.040625 0.044792
0 0.362500 0.265104 0.027083 0.042708
0 0.139063 0.635417 0.019792 0.039583
0 0.714583 0.284375 0.039583 0.020833
0 0.735417 0.363021 0.037500 0.038542
0 0.246875 0.537500 0.039583 0.041667
0 0.497396 0.511458 0.028125 0.045833
0 0.275000 0.490104 0.043750 0.040625
0 0.595313 0.317708 0.048958 0.037500
0 0.768229 0.551042 0.017708 0.035417
0 0.777604 0.880208 0.042708 0.037500
0 0.661979 0.607292 0.032292 0.043750
0 0.148958 0.336458 0.047917 0.025000
0 0.352604 0.852083 0.048958 0.041667
0 0.250000 0.250521 0.045833 0.026042
0 0.673958 0.348958 0.043750 0.033333
0 0.287500 0.890104 0.039583 0.028125
0 0.497917 0.471354 0.045833 0.040625
0 0.855729 0.166146 0.042708 0.044792
0 0.181771 0.686979 0.028125 0.040625
0 0.786458 0.759375 0.031250 0.037500
0 0.902604 0.515625 0.032292 0.052083
0 0.196875 0.952604 0.054167 0.044792
0 0.950000 0.903646 0.039583 0.038542
0 0.181250 0.628125 0.033333 0.043750
0 0.524479 0.773438 0.048958 0.046875
0 0.778646 0.244271 0.040625 0.038542
0 0.612500 0.739062 0.045833 0.038542
0 0.775521 0.662500 0.038542 0.025000
0 0.598958 0.753125 0.047917 0.027083
0 0.282292 0.074479 0.039583 0.038542
0 0.830729 0.690625 0.036458 0.052083
0 0.211979 0.394792 0.030208 0.047917
0 0.309375 0.322396 0.047917 0.023958
0 0.161458 0.233333 0.043750 0.025000
0 0.512500 0.598958 0.052083 0.039583
0 0.687500 0.214583 0.045833 0.031250
0 0.451562 0.410417 0.036458 0.047917
0 0.325521 0.342187 0.044792 0.051042
0 0.338542 0.116667 0.047917 0.033333
0 0.591146 0.910417 0.044792 0.054167
0 0.147396 0.410938 0.034375 0.046875
0 0.460417 0.924479 0.043750 0.026042
0 0.689063 0.168229 0.040625 0.030208
0 0.492708 0.127604 0.050000 0.038542
0 0.284896 0.872396 0.048958 0.046875
0 0.530208 0.500521 0.050000 0.036458
0 0.813542 0.378646 0.052083 0.051042
0 0.898958 0.869271 0.039583 0.036458
0 0.795312 0.256250 0.021875 0.041667
0 0.509375 0.084896 0.029167 0.044792
0 0.972396 0.826042 0.048958 0.041667
0 0.786458 0.728646 0.052083 0.034375
0 0.513021 0.382812 0.030208 0.044792
0 0.419271 0.902604 0.048958 0.046875
0 0.648958 0.118750 0.039583 0.041667
0 0.567708 0.378125 0.037500 0.033333
0 0.649479 0.636458 0.051042 0.033333
0 0.801042 0.960417 0.041667 0.047917
0 0.227083 0.155208 0.047917 0.037500
0 0.648958 0.571354 0.043750 0.040625
0 0.380208 0.954167 0.045833 0.043750
0 0.307292 0.732812 0.043750 0.055208
0 0.259375 0.728646 0.047917 0.044792
0 0.598958 0.835938 0.047917 0.023958
0 0.243750 0.242708 0.041667 0.047917
0 0.408854 0.256771 0.038542 0.019792
0 0.733333 0.704688 0.037500 0.038542
0 0.316146 0.297396 0.034375 0.040625
0 0.865104 0.214062 0.044792 0.028125
0 0.200000 0.796354 0.043750 0.030208
0 0.429688 0.484896 0.046875 0.032292
0 0.966146 0.930729 0.046875 0.036458
0 0.359375 0.703646 0.027083 0.042708
0 0.095312 0.906771 0.046875 0.048958
0 0.561458 0.754167 0.041667 0.047917
0 0.086979 0.880208 0.042708 0.054167
0 0.208854 0.894792 0.026042 0.047917
0 0.196354 0.123958 0.030208 0.047917
0 0.154688 0.215625 0.023958 0.037500
0 0.260937 0.347396 0.038542 0.021875
0 0.282292 0.830729 0.033333 0.044792
0 0.678125 0.563542 0.039583 0.025000
0 0.455729 0.801562 0.036458 0.055208
0 0.236458 0.100521 0.025000 0.042708
0 0.919792 0.543229 0.025000 0.042708
0 0.671875 0.857812 0.054167 0.048958
0 0.296875 0.819792 0.035417 0.052083
0 0.572917 0.236458 0.020833 0.039583
0 0.466667 0.515104 0.047917 0.032292
0 0.833333 0.416146 0.029167 0.051042
0 0.530208 0.846875 0.025000 0.041667
0 0.556250 0.115625 0.027083 0.041667
0 0.875521 0.405729 0.055208 0.042708
0 0.601042 0.470313 0.039583 0.048958
0 0.796875 0.294271 0.054167 0.042708
0 0.240625 0.877604 0.020833 0.036458
0 0.962500 0.232292 0.037500 0.025000
0 0.137500 0.120833 0.050000 0.029167
0 0.586458 0.671354 0.043750 0.030208
0 0.335938 0.276042 0.048958 0.041667
0 0.455208 0.652083 0.035417 0.037500
0 0.418750 0.710938 0.031250 0.048958
0 0.956250 0.444792 0.050000 0.050000
0 0.827604 0.640104 0.044792 0.042708
0 0.499479 0.586979 0.034375 0.046875
0 0.891146 0.606771 0.034375 0.046875
0 0.732812 0.909375 0.036458 0.043750
0 0.670833 0.577604 0.035417 0.044792
0 0.282292 0.830208 0.052083 0.045833
0 0.611979 0.144271 0.048958 0.055208
0 0.292708 0.413542 0.045833 0.052083
0 0.270833 0.781250 0.035417 0.020833
0 0.386458 0.686458 0.031250 0.037500
0 0.919271 0.769271 0.026042 0.044792
0 0.511458 0.951042 0.052083 0.037500
0 0.701042 0.595833 0.039583 0.025000
0 0.629167 0.285938 0.050000 0.038542
0 0.869271 0.728646 0.046875 0.048958
0 0.236979 0.830729 0.038542 0.019792
0 0.953125 0.086458 0.037500 0.027083
0 0.781250 0.145313 0.043750 0.040625
0 0.162500 0.175521 0.045833 0.028125
0 0.606250 0.811979 0.039583 0.036458
0 0.648958 0.848437 0.037500 0.019792
0 0.323437 0.913021 0.036458 0.040625
0 0.965625 0.476562 0.047917 0.032292
0 0.932292 0.698438 0.041667 0.042708
0 0.276562 0.329688 0.051042 0.036458
0 0.498437 0.122917 0.038542 0.052083
0 0.794271 0.778125 0.023958 0.037500
0 0.960417 0.490625 0.047917 0.052083
0 0.370312 0.617188 0.040625 0.026042
0 0.573958 0.452604 0.047917 0.046875
0 0.952083 0.879687 0.029167 0.048958
0 0.674479 0.883854 0.038542 0.021875
0 0.890104 0.603125 0.021875 0.041667
0 0.481771 0.919792 0.026042 0.041667
0 0.646875 0.236458 0.035417 0.020833
0 0.657292 0.275000 0.029167 0.037500
0 0.284896 0.682813 0.051042 0.038542
0 0.084375 0.852604 0.054167 0.042708
0 0.830729 0.799479 0.038542 0.040625
0 0.802604 0.740104 0.040625 0.028125
0 0.801562 0.806771 0.044792 0.030208
0 0.117708 0.281250 0.033333 0.043750
0 0.697396 0.725000 0.032292 0.047917
0 0.776563 0.090104 0.038542 0.038542
0 0.299479 0.369271 0.034375 0.040625
0 0.511458 0.154688 0.041667 0.032292
0 0.640625 0.938021 0.050000 0.034375
0 0.769792 0.384896 0.045833 0.048958
0 0.134896 0.325000 0.044792 0.052083
0 0.270833 0.209375 0.020833 0.039583
0 0.944271 0.390625 0.038542 0.052083
0 0.561979 0.293229 0.055208 0.038542
0 0.085938 0.680208 0.032292 0.039583
0 0.807292 0.091667 0.035417 0.043750
0 0.809896 0.616146 0.046875 0.034375
0 0.198437 0.183854 0.032292 0.053125
0 0.682813 0.955729 0.051042 0.038542
0 0.213542 0.779687 0.033333 0.040625
0 0.426042 0.288542 0.035417 0.018750
0 0.236979 0.681250 0.044792 0.052083
0 0.954688 0.725000 0.021875 0.039583
0 0.192708 0.683854 0.050000 0.040625
0 0.732812 0.348958 0.023958 0.043750
0 0.681250 0.661458 0.018750 0.037500
0 0.925521 0.765104 0.030208 0.040625
0 0.890625 0.736979 0.047917 0.044792
0 0.222917 0.612500 0.037500 0.029167
0 0.845313 0.197917 0.038542 0.037500
0 0.088542 0.088542 0.050000 0.047917
0 0.884375 0.771875 0.047917 0.037500
0 0.229167 0.916146 0.045833 0.048958
0 0.350521 0.656771 0.046875 0.023958
0 0.301563 0.373437 0.023958 0.048958
0 0.197396 0.447917 0.038542 0.033333
0 0.280729 0.579167 0.032292 0.043750
0 0.180208 0.821354 0.031250 0.044792
0 0.128646 0.638542 0.040625 0.020833
0 0.466667 0.431771 0.047917 0.032292
0 0.690104 0.457292 0.051042 0.033333
0 0.406771 0.411979 0.048958 0.030208
0 0.696354 0.419792 0.048958 0.050000
0 0.845833 0.600000 0.041667 0.037500
0 0.832812 0.732292 0.053125 0.045833
0 0.430208 0.278125 0.029167 0.037500
0 0.851562 0.288542 0.036458 0.043750
0 0.757292 0.497396 0.054167 0.036458
0 0.800000 0.452604 0.047917 0.046875
0 0.603125 0.068229 0.047917 0.030208
0 0.450521 0.670312 0.032292 0.053125
0 0.857292 0.920833 0.031250 0.041667
0 0.817187 0.757812 0.046875 0.032292
0 0.513021 0.199479 0.038542 0.046875
0 0.773958 0.494792 0.043750 0.045833
0 0.729167 0.071354 0.025000 0.038542
0 0.766146 0.288021 0.036458 0.040625
0 0.193750 0.902604 0.041667 0.055208
0 0.831250 0.557813 0.020833 0.042708
0 0.457813 0.778646 0.023958 0.038542
0 0.144792 0.228646 0.045833 0.034375
0 0.443229 0.449479 0.044792 0.028125
0 0.128646 0.223958 0.026042 0.041667
0 0.245833 0.903646 0.041667 0.042708
0 0.606771 0.552604 0.032292 0.040625
0 0.693229 0.929167 0.042708 0.029167
0 0.405729 0.468229 0.046875 0.036458
0 0.536979 0.883333 0.042708 0.029167
0 0.103646 0.866146 0.051042 0.038542
0 0.867708 0.360417 0.043750 0.045833
0 0.729688 0.761458 0.026042 0.037500
0 0.476562 0.532813 0.028125 0.046875
0 0.422917 0.226562 0.054167 0.042708
0 0.207292 0.279167 0.035417 0.052083
0 0.222396 0.081250 0.038542 0.052083
0 0.617708 0.481771 0.045833 0.036458
0 0.619792 0.721354 0.050000 0.053125
0 0.595313 0.892708 0.028125 0.039583
0 0.828646 0.557292 0.046875 0.043750
0 0.703125 0.715104 0.054167 0.051042
0 0.222917 0.263542 0.041667 0.025000
0 0.227083 0.267188 0.052083 0.032292
0 0.437500 0.230208 0.050000 0.031250
0 0.474479 0.362500 0.048958 0.052083
0 0.114062 0.867188 0.051042 0.042708
0 0.937500 0.527083 0.033333 0.037500
0 0.829167 0.365625 0.037500 0.027083
0 0.718750 0.706771 0.035417 0.053125
0 0.460417 0.561458 0.050000 0.031250
0 0.756771 0.541146 0.028125 0.040625
0 0.610938 0.383333 0.028125 0.041667
0 0.928646 0.396875 0.042708 0.031250
0 0.688021 0.081250 0.034375 0.052083
0 0.533854 0.821354 0.046875 0.048958
0 0.333333 0.846875 0.035417 0.035417
0 0.117188 0.331771 0.048958 0.028125
0 0.675521 0.401562 0.040625 0.036458
0 0.314583 0.552083 0.018750 0.035417
0 0.759896 0.598437 0.048958 0.055208
0 0.869271 0.348438 0.040625 0.030208
0 0.065625 0.248438 0.020833 0.036458
0 0.410938 0.413021 0.021875 0.042708
0 0.901042 0.824479 0.050000 0.040625
0 0.593750 0.181771 0.041667 0.042708
0 0.528125 0.167187 0.035417 0.048958
0 0.102604 0.918229 0.055208 0.040625
0 0.151562 0.557292 0.051042 0.050000
0 0.595833 0.441146 0.052083 0.051042
0 0.592708 0.941667 0.020833 0.039583
0 0.109896 0.127083 0.040625 0.020833
0 0.928646 0.251563 0.032292 0.048958
0 0.775000 0.751563 0.054167 0.046875
0 0.140625 0.900521 0.054167 0.046875
0 0.537500 0.496875 0.037500 0.052083
0 0.198958 0.141146 0.039583 0.053125
0 0.629687 0.172396 0.038542 0.051042
0 0.329167 0.805208 0.041667 0.039583
0 0.771354 0.543750 0.051042 0.050000
0 0.184375 0.596875 0.043750 0.025000
0 0.629167 0.237500 0.050000 0.033333
0 0.204167 0.555208 0.022917 0.039583
0 0.134896 0.355729 0.023958 0.042708
0 0.413021 0.418229 0.048958 0.046875
0 0.649479 0.925521 0.046875 0.048958
0 0.350521 0.188542 0.032292 0.039583
0 0.273438 0.901563 0.028125 0.051042
0 0.565104 0.550000 0.030208 0.043750
0 0.497396 0.737500 0.023958 0.047917
0 0.495312 0.107813 0.030208 0.040625
0 0.455208 0.383333 0.027083 0.047917
0 0.750521 0.290625 0.026042 0.037500
0 0.723958 0.434375 0.037500 0.047917
0 0.472917 0.379688 0.039583 0.032292
0 0.600521 0.937500 0.040625 0.043750
0 0.091667 0.193229 0.043750 0.030208
0 0.219792 0.820312 0.045833 0.034375
0 0.808854 0.156250 0.038542 0.033333
0 0.718229 0.491146 0.042708 0.021875
0 0.627083 0.382292 0.052083 0.045833
0 0.547917 0.275000 0.039583 0.022917
0 0.552604 0.100000 0.036458 0.020833
0 0.502604 0.804167 0.048958 0.037500
0 0.762500 0.159375 0.043750 0.035417
0 0.910937 0.383854 0.032292 0.040625
0 0.922396 0.232292 0.038542 0.043750
0 0.145833 0.671875 0.037500 0.041667
0 0.069271 0.467187 0.028125 0.040625
0 0.921354 0.633333 0.034375 0.037500
0 0.454688 0.665625 0.053125 0.041667
0 0.490104 0.348438 0.048958 0.048958