0 0.230208 0.937500 0.047917 0.025000
0 0.575000 0.372917 0.045833 0.027083
0 0.204167 0.813542 0.052083 0.037500
0 0.114583 0.135417 0.037500 0.041667
0 0.392188 0.727604 0.032292 0.040625
0 0.604167 0.605208 0.027083 0.047917
0 0.081250 0.935937 0.025000 0.046875
0 0.782813 0.652604 0.044792 0.055208
0 0.907813 0.302083 0.042708 0.037500
0 0.793750 0.792708 0.031250 0.045833
0 0.634375 0.646875 0.045833 0.043750
0 0.412500 0.351042 0.031250 0.050000
0 0.452604 0.427083 0.023958 0.041667
0 0.674479 0.935417 0.044792 0.033333
0 0.400000 0.508333 0.045833 0.029167
0 0.117188 0.075000 0.038542 0.027083
0 0.121354 0.616667 0.044792 0.022917
0 0.137500 0.715625 0.031250 0.041667
0 0.469792 0.098958 0.052083 0.039583
0 0.701042 0.470313 0.022917 0.044792
0 0.730208 0.625521 0.039583 0.048958
0 0.273958 0.958333 0.029167 0.045833
0 0.931250 0.263542 0.052083 0.035417
0 0.279687 0.682292 0.042708 0.037500
0 0.165104 0.495312 0.040625 0.026042
0 0.386979 0.835417 0.046875 0.052083
0 0.778125 0.504167 0.039583 0.047917
0 0.401562 0.893750 0.034375 0.043750
0 0.855729 0.489063 0.034375 0.040625
0 0.553646 0.314063 0.046875 0.048958
0 0.953646 0.934896 0.042708 0.055208
0 0.944271 0.506771 0.023958 0.046875
0 0.265104 0.104167 0.023958 0.043750
0 0.415104 0.201563 0.021875 0.044792
0 0.330208 0.103125 0.037500 0.033333
0 0.560937 0.541667 0.046875 0.043750
0 0.373958 0.329167 0.033333 0.037500
0 0.518750 0.468229 0.039583 0.026042
0 0.816667 0.880208 0.047917 0.037500
0 0.479167 0.818229 0.029167 0.044792
0 0.796354 0.415625 0.032292 0.039583
0 0.881250 0.163542 0.035417 0.047917
0 0.934375 0.635938 0.041667 0.048958
0 0.902604 0.654687 0.044792 0.028125
0 0.449479 0.907292 0.028125 0.039583
0 0.293229 0.889583 0.023958 0.037500
0 0.425000 0.127604 0.029167 0.044792
0 0.911979 0.436979 0.040625 0.032292
0 0.538021 0.390104 0.051042 0.040625
0 0.402604 0.858333 0.051042 0.050000
0 0.386458 0.231771 0.054167 0.046875
0 0.615625 0.626042 0.045833 0.045833
0 0.689063 0.919792 0.038542 0.025000
0 0.890104 0.239063 0.044792 0.044792
0 0.735417 0.643229 0.029167 0.046875
0 0.405729 0.327604 0.040625 0.034375
0 0.370833 0.820312 0.029167 0.040625
0 0.805729 0.670312 0.046875 0.036458
0 0.547917 0.607292 0.020833 0.035417
0 0.237500 0.108333 0.041667 0.031250
0 0.581250 0.572396 0.054167 0.042708
0 0.435937 0.626042 0.048958 0.039583
0 0.960417 0.138021 0.047917 0.046875
0 0.752604 0.469792 0.038542 0.043750
0 0.206250 0.186979 0.037500 0.021875
0 0.601562 0.257812 0.040625 0.055208
0 0.852604 0.303125 0.053125 0.045833
0 0.415625 0.742708 0.037500 0.031250
0 0.280729 0.091667 0.048958 0.041667
0 0.932292 0.158854 0.041667 0.021875
0 0.308854 0.751563 0.048958 0.055208
0 0.415104 0.473438 0.040625 0.028125
0 0.868229 0.233854 0.036458 0.055208
0 0.936458 0.089063 0.052083 0.051042
0 0.516667 0.671354 0.045833 0.055208
0 0.941146 0.908854 0.028125 0.040625
0 0.682813 0.454167 0.048958 0.052083
0 0.453125 0.310937 0.039583 0.030208
0 0.791667 0.867708 0.050000 0.050000
0 0.740104 0.569792 0.030208 0.047917
0 0.452604 0.416667 0.044792 0.047917
0 0.635938 0.110937 0.040625 0.028125
0 0.830208 0.784896 0.037500 0.040625
0 0.687500 0.748437 0.037500 0.053125
0 0.903125 0.154167 0.043750 0.031250
0 0.364063 0.241667 0.048958 0.041667
0 0.852083 0.496875 0.018750 0.035417
0 0.681250 0.681771 0.039583 0.023958
0 0.108333 0.877604 0.045833 0.034375
0 0.186458 0.305208 0.041667 0.029167
0 0.802604 0.216667 0.044792 0.033333
0 0.964063 0.398438 0.046875 0.034375
0 0.253125 0.268750 0.037500 0.025000
0 0.926042 0.125521 0.054167 0.042708
0 0.329688 0.324479 0.040625 0.036458
0 0.416667 0.960417 0.037500 0.035417
0 0.446354 0.092708 0.042708 0.031250
0 0.938542 0.639062 0.037500 0.053125
0 0.367188 0.132292 0.028125 0.050000
0 0.177604 0.395833 0.053125 0.047917
0 0.606771 0.715625 0.028125 0.043750
0 0.347396 0.880208 0.042708 0.031250
0 0.160938 0.256250 0.038542 0.033333
0 0.684896 0.529167 0.046875 0.043750
0 0.319271 0.251042 0.042708 0.027083
0 0.797396 0.248958 0.044792 0.035417
0 0.429688 0.579688 0.042708 0.051042
0 0.943229 0.404167 0.042708 0.029167
0 0.396875 0.221875 0.043750 0.025000
0 0.544271 0.158333 0.030208 0.039583
0 0.540625 0.327083 0.039583 0.022917
0 0.417187 0.622917 0.046875 0.029167
0 0.700000 0.201042 0.050000 0.050000
0 0.738021 0.261979 0.053125 0.051042
0 0.104688 0.892188 0.046875 0.055208
0 0.938021 0.942187 0.046875 0.048958
0 0.789062 0.813021 0.030208 0.048958
0 0.906771 0.109896 0.055208 0.040625
0 0.340104 0.325521 0.036458 0.046875
0 0.897396 0.151042 0.040625 0.020833
0 0.143229 0.323958 0.028125 0.043750
0 0.264062 0.435417 0.030208 0.039583
0 0.929167 0.933854 0.039583 0.048958
0 0.691146 0.875521 0.044792 0.055208
0 0.441667 0.802604 0.039583 0.044792
0 0.748437 0.804688 0.032292 0.040625
0 0.895312 0.151562 0.032292 0.048958
0 0.245312 0.408854 0.044792 0.051042
0 0.945833 0.486458 0.052083 0.037500
0 0.208333 0.932292 0.035417 0.020833
0 0.725521 0.385937 0.051042 0.036458
0 0.340625 0.149479 0.033333 0.044792
0 0.710938 0.127604 0.040625 0.036458
0 0.877083 0.359896 0.043750 0.055208
0 0.841667 0.377083 0.039583 0.020833
0 0.476042 0.355729 0.039583 0.019792
0 0.310417 0.958333 0.039583 0.052083
0 0.934896 0.790625 0.030208 0.047917
0 0.271875 0.324479 0.047917 0.030208
0 0.883854 0.243750 0.026042 0.037500
0 0.164062 0.961979 0.032292 0.044792
0 0.522396 0.303125 0.042708 0.039583
0 0.764062 0.479167 0.053125 0.043750
0 0.578125 0.103125 0.029167 0.041667
0 0.793750 0.163021 0.041667 0.048958
0 0.381250 0.249479 0.047917 0.046875
0 0.945833 0.968750 0.033333 0.043750
0 0.856250 0.301042 0.037500 0.047917
0 0.481250 0.441667 0.045833 0.052083
0 0.166146 0.291667 0.040625 0.054167
0 0.178646 0.870313 0.036458 0.040625
0 0.714583 0.482812 0.037500 0.023958
0 0.355729 0.428125 0.030208 0.050000
0 0.951562 0.793750 0.038542 0.035417
0 0.750000 0.523958 0.041667 0.039583
0 0.355729 0.253646 0.034375 0.040625
0 0.440104 0.325521 0.051042 0.044792
0 0.276042 0.353125 0.039583 0.041667
0 0.200521 0.803646 0.044792 0.040625
0 0.627604 0.671875 0.044792 0.022917
0 0.181250 0.606771 0.043750 0.055208
0 0.651563 0.265625 0.048958 0.033333
0 0.871875 0.958854 0.039583 0.034375
0 0.942187 0.668750 0.038542 0.035417
0 0.123958 0.136979 0.033333 0.040625
0 0.955729 0.769792 0.038542 0.018750
0 0.284896 0.450521 0.034375 0.046875
0 0.823958 0.443750 0.039583 0.047917
0 0.546354 0.134375 0.019792 0.037500
0 0.551042 0.297396 0.054167 0.036458
0 0.398438 0.267188 0.048958 0.046875
0 0.279687 0.843229 0.038542 0.019792
0 0.862500 0.803646 0.047917 0.032292
0 0.448437 0.787500 0.048958 0.041667
0 0.469792 0.938021 0.045833 0.036458
0 0.906771 0.317708 0.032292 0.052083
0 0.677604 0.890625 0.048958 0.050000
0 0.407813 0.836979 0.038542 0.021875
0 0.443750 0.148438 0.039583 0.036458
0 0.819271 0.707292 0.026042 0.041667
0 0.392708 0.549479 0.037500 0.048958
0 0.120313 0.759896 0.046875 0.048958
0 0.310417 0.939063 0.022917 0.040625
0 0.839583 0.554167 0.052083 0.043750
0 0.615104 0.812500 0.044792 0.047917
0 0.932292 0.553125 0.047917 0.033333
0 0.487500 0.157292 0.022917 0.039583
0 0.614583 0.138542 0.031250 0.050000
0 0.235937 0.725521 0.040625 0.034375
0 0.285417 0.238542 0.052083 0.035417
0 0.962500 0.607812 0.037500 0.044792
0 0.502604 0.439063 0.044792 0.021875
0 0.814063 0.406250 0.032292 0.039583
0 0.693750 0.665625 0.035417 0.020833
0 0.183333 0.869271 0.035417 0.053125
0 0.423438 0.338542 0.034375 0.039583
0 0.937500 0.205208 0.037500 0.035417
0 0.378646 0.366146 0.048958 0.023958
0 0.934375 0.475521 0.052083 0.032292
0 0.925000 0.294792 0.045833 0.029167
0 0.449479 0.212500 0.053125 0.047917
0 0.950521 0.253125 0.038542 0.035417
0 0.800521 0.679688 0.048958 0.046875
0 0.497396 0.171875 0.038542 0.022917
0 0.550521 0.853646 0.046875 0.036458
0 0.302083 0.147917 0.031250 0.045833
0 0.689583 0.669271 0.043750 0.028125
0 0.654167 0.495312 0.035417 0.048958
0 0.904167 0.960938 0.039583 0.026042
0 0.197917 0.280208 0.043750 0.025000
0 0.234375 0.729688 0.039583 0.030208
0 0.689063 0.673958 0.034375 0.039583
0 0.162500 0.954688 0.041667 0.055208
0 0.686458 0.290625 0.039583 0.041667
0 0.617188 0.407292 0.021875 0.039583
0 0.412500 0.259896 0.052083 0.051042
0 0.744792 0.122396 0.039583 0.038542
0 0.876563 0.336979 0.051042 0.042708
0 0.420312 0.386979 0.055208 0.036458
0 0.363021 0.455729 0.046875 0.038542
0 0.141667 0.652604 0.027083 0.040625
0 0.744792 0.639583 0.029167 0.050000
0 0.849479 0.161979 0.055208 0.048958
0 0.377083 0.644271 0.037500 0.038542
0 0.442708 0.335417 0.045833 0.029167
0 0.896354 0.790104 0.042708 0.044792
0 0.836458 0.921354 0.045833 0.038542
0 0.783854 0.863542 0.038542 0.025000
0 0.470313 0.531771 0.038542 0.038542
0 0.576562 0.713542 0.030208 0.050000
0 0.136979 0.876042 0.034375 0.039583
0 0.634896 0.898438 0.038542 0.040625
0 0.892708 0.184896 0.041667 0.042708
0 0.133854 0.677604 0.046875 0.023958
0 0.354167 0.217708 0.041667 0.029167
0 0.840625 0.359375 0.020833 0.039583
0 0.720833 0.848437 0.029167 0.051042
0 0.145313 0.144271 0.034375 0.040625
0 0.213021 0.647917 0.036458 0.037500
0 0.611979 0.324479 0.046875 0.036458
0 0.853125 0.412500 0.039583 0.052083
0 0.758854 0.627083 0.040625 0.041667
0 0.227604 0.765104 0.040625 0.051042
0 0.369792 0.128646 0.031250 0.053125
0 0.818750 0.407292 0.043750 0.035417
0 0.586458 0.384896 0.050000 0.026042
0 0.378646 0.772917 0.053125 0.039583
0 0.895312 0.518750 0.030208 0.039583
0 0.560937 0.334375 0.053125 0.047917
0 0.758854 0.896354 0.023958 0.046875
0 0.691146 0.885938 0.040625 0.026042
0 0.353125 0.465104 0.027083 0.046875
0 0.683333 0.839583 0.043750 0.033333
0 0.696875 0.651042 0.047917 0.050000
0 0.798958 0.354687 0.045833 0.048958
0 0.754167 0.505208 0.035417 0.052083
0 0.403125 0.717187 0.045833 0.036458
0 0.374479 0.077083 0.051042 0.029167
0 0.766146 0.370833 0.036458 0.037500
0 0.904687 0.318229 0.055208 0.042708
0 0.490104 0.205208 0.044792 0.022917
0 0.270833 0.568750 0.033333 0.043750
0 0.210417 0.955208 0.041667 0.029167
0 0.189583 0.658854 0.050000 0.042708
0 0.859375 0.956250 0.050000 0.047917
0 0.732292 0.786979 0.035417 0.040625
0 0.554688 0.170833 0.036458 0.037500
0 0.707292 0.470833 0.031250 0.041667
0 0.846875 0.212500 0.045833 0.033333
0 0.881771 0.257812 0.048958 0.046875
0 0.491667 0.710417 0.037500 0.041667
0 0.633854 0.642188 0.038542 0.023958
0 0.830208 0.107292 0.022917 0.037500
0 0.175000 0.147396 0.037500 0.021875
0 0.811458 0.188021 0.045833 0.055208
0 0.887500 0.734896 0.029167 0.046875
0 0.485417 0.514062 0.033333 0.040625
0 0.193229 0.894271 0.038542 0.040625
0 0.642708 0.266667 0.052083 0.039583
0 0.659375 0.348958 0.035417 0.037500
0 0.515625 0.495312 0.045833 0.048958
0 0.297917 0.577604 0.047917 0.032292
0 0.363021 0.504687 0.053125 0.034375
0 0.240625 0.334375 0.022917 0.039583
0 0.870313 0.708854 0.055208 0.048958
0 0.929167 0.508854 0.031250 0.048958
0 0.818229 0.647917 0.048958 0.041667
0 0.461458 0.357812 0.047917 0.030208
0 0.095312 0.880208 0.053125 0.047917
0 0.926042 0.783854 0.047917 0.030208
0 0.779687 0.967187 0.038542 0.040625
0 0.115104 0.954688 0.042708 0.055208
0 0.823438 0.603125 0.038542 0.035417
0 0.366146 0.122396 0.051042 0.042708
0 0.889062 0.196354 0.023958 0.042708
0 0.796354 0.844792 0.036458 0.037500
0 0.798958 0.317188 0.037500 0.048958
0 0.473958 0.926562 0.050000 0.053125
0 0.743750 0.961979 0.047917 0.028125
0 0.320833 0.185938 0.022917 0.042708
0 0.352083 0.347917 0.037500 0.029167
0 0.838021 0.452083 0.032292 0.047917
0 0.907292 0.413542 0.037500 0.033333
0 0.414062 0.875521 0.036458 0.051042
0 0.905208 0.854167 0.020833 0.035417
0 0.085417 0.392188 0.045833 0.032292
0 0.965104 0.348958 0.042708 0.037500
0 0.650000 0.235417 0.031250 0.045833
0 0.498958 0.376042 0.027083 0.047917
0 0.805729 0.434375 0.036458 0.047917
0 0.831250 0.282292 0.037500 0.029167
0 0.325521 0.433854 0.042708 0.044792
0 0.638021 0.397917 0.048958 0.027083
0 0.418750 0.143229 0.041667 0.032292
0 0.177083 0.661979 0.047917 0.053125
0 0.529167 0.813542 0.033333 0.047917
0 0.621354 0.781250 0.030208 0.050000
0 0.472917 0.655208 0.029167 0.037500
0 0.288542 0.952604 0.031250 0.040625
0 0.366146 0.642708 0.026042 0.039583
0 0.513021 0.463542 0.048958 0.041667
0 0.154167 0.403125 0.045833 0.043750
0 0.739583 0.836979 0.050000 0.040625
0 0.353646 0.316667 0.051042 0.031250
0 0.797396 0.383333 0.044792 0.045833
0 0.607292 0.430208 0.050000 0.033333
0 0.125000 0.572917 0.052083 0.047917
0 0.206771 0.199479 0.048958 0.030208
0 0.802604 0.623437 0.026042 0.044792
0 0.230208 0.828646 0.043750 0.030208
0 0.368750 0.526563 0.047917 0.055208
0 0.344271 0.296354 0.055208 0.038542
0 0.421354 0.621875 0.030208 0.043750
0 0.587500 0.747917 0.043750 0.035417
0 0.755729 0.519792 0.038542 0.035417
0 0.525000 0.172396 0.033333 0.053125
0 0.395833 0.543229 0.039583 0.036458
0 0.225000 0.143750 0.045833 0.022917
0 0.077083 0.633854 0.033333 0.044792
0 0.468750 0.388542 0.025000 0.041667
0 0.530729 0.367188 0.053125 0.032292
0 0.122396 0.261458 0.051042 0.029167
0 0.675521 0.854167 0.040625 0.054167
0 0.110417 0.903125 0.025000 0.043750
0 0.443750 0.123958 0.018750 0.037500
0 0.160417 0.463021 0.050000 0.034375
0 0.855729 0.750000 0.042708 0.025000
0 0.313021 0.415625 0.053125 0.039583
0 0.211979 0.851042 0.044792 0.054167
0 0.315625 0.497917 0.027083 0.037500
0 0.292187 0.250521 0.038542 0.019792
0 0.461458 0.941146 0.047917 0.030208
0 0.912500 0.497917 0.035417 0.047917
0 0.804688 0.851042 0.051042 0.050000
0 0.899479 0.835938 0.021875 0.038542
0 0.151562 0.921875 0.032292 0.052083
0 0.172917 0.345833 0.020833 0.039583
0 0.078646 0.610417 0.051042 0.047917
0 0.114062 0.459375 0.021875 0.037500
0 0.297396 0.891146 0.046875 0.034375
0 0.474479 0.277083 0.040625 0.022917
0 0.109896 0.206771 0.038542 0.021875
0 0.754687 0.638542 0.048958 0.027083
0 0.902083 0.782292 0.031250 0.037500
0 0.283854 0.959896 0.040625 0.044792
0 0.121354 0.435937 0.040625 0.036458
0 0.308854 0.079167 0.053125 0.041667
0 0.613021 0.601042 0.036458 0.018750
0 0.773438 0.349479 0.028125 0.040625
0 0.175521 0.763021 0.019792 0.038542
0 0.477604 0.220312 0.048958 0.030208
0 0.722917 0.506771 0.039583 0.019792
0 0.782813 0.191667 0.036458 0.020833
0 0.832292 0.408854 0.054167 0.044792
0 0.876042 0.572917 0.037500 0.035417
0 0.425000 0.539583 0.041667 0.047917
0 0.948438 0.111458 0.021875 0.039583
0 0.583333 0.721354 0.045833 0.048958
0 0.262500 0.421875 0.052083 0.039583
0 0.640104 0.468229 0.040625 0.030208
0 0.617188 0.145833 0.040625 0.054167
0 0.948958 0.922917 0.029167 0.045833
0 0.491667 0.438542 0.039583 0.025000
0 0.923958 0.635938 0.052083 0.051042
0 0.106250 0.450000 0.031250 0.037500
0 0.671875 0.727604 0.039583 0.026042
0 0.427604 0.295312 0.036458 0.046875
0 0.533854 0.265625 0.046875 0.029167
0 0.624479 0.118229 0.030208 0.053125
0 0.451042 0.484375 0.016667 0.033333
0 0.258854 0.965104 0.030208 0.048958
0 0.131771 0.764062 0.051042 0.028125
0 0.905729 0.915625 0.034375 0.016667
0 0.777083 0.554688 0.039583 0.034375
0 0.326042 0.335417 0.031250 0.037500
0 0.329167 0.112500 0.043750 0.045833
0 0.245312 0.515625 0.038542 0.035417
0 0.513542 0.182292 0.031250 0.037500
0 0.813021 0.787500 0.046875 0.022917
0 0.765104 0.692708 0.048958 0.041667
0 0.939063 0.723958 0.030208 0.043750
0 0.960417 0.348958 0.035417 0.020833
0 0.281250 0.909896 0.025000 0.038542
0 0.351562 0.958333 0.040625 0.041667
0 0.277083 0.293229 0.031250 0.051042
0 0.603646 0.325521 0.040625 0.030208
0 0.533333 0.236458 0.035417 0.052083
0 0.144792 0.453646 0.054167 0.044792
0 0.147917 0.193229 0.039583 0.023958
0 0.248958 0.786458 0.037500 0.031250
0 0.761979 0.356250 0.048958 0.025000
0 0.766146 0.716146 0.040625 0.038542
0 0.841146 0.494271 0.036458 0.017708
0 0.083333 0.248438 0.039583 0.036458
0 0.278125 0.836458 0.037500 0.041667
0 0.715625 0.188021 0.039583 0.036458
0 0.873958 0.439583 0.050000 0.029167
0 0.457813 0.308854 0.032292 0.053125
0 0.953646 0.666667 0.042708 0.054167
0 0.085417 0.404687 0.018750 0.036458
0 0.106250 0.792708 0.043750 0.025000
0 0.898958 0.343229 0.050000 0.040625
0 0.144792 0.477604 0.041667 0.021875
0 0.779687 0.868750 0.026042 0.039583
0 0.278646 0.317708 0.040625 0.052083
0 0.925000 0.738542 0.043750 0.045833
0 0.593750 0.209896 0.054167 0.048958
0 0.477604 0.513021 0.046875 0.023958
0 0.958333 0.933854 0.031250 0.040625
0 0.341667 0.605208 0.050000 0.050000
0 0.272917 0.276562 0.054167 0.040625
0 0.804688 0.661458 0.053125 0.035417
0 0.868750 0.635417 0.045833 0.043750
0 0.945312 0.164583 0.019792 0.039583
0 0.916146 0.070833 0.038542 0.027083
0 0.508854 0.777083 0.034375 0.039583
0 0.382292 0.901042 0.035417 0.043750
0 0.540625 0.296354 0.050000 0.034375
0 0.891667 0.965625 0.037500 0.047917
0 0.534896 0.908854 0.038542 0.046875
0 0.233854 0.580729 0.038542 0.040625
0 0.441667 0.952083 0.037500 0.031250
0 0.396875 0.952604 0.029167 0.051042
0 0.580208 0.168750 0.045833 0.027083
0 0.215104 0.739062 0.032292 0.053125
0 0.872917 0.122917 0.035417 0.037500
0 0.814063 0.933333 0.044792 0.054167
0 0.149479 0.931771 0.044792 0.048958
0 0.504687 0.094792 0.042708 0.047917
0 0.830729 0.338021 0.053125 0.034375
0 0.197917 0.692708 0.050000 0.031250
0 0.258854 0.868750 0.053125 0.047917
0 0.575521 0.666146 0.034375 0.053125
0 0.366146 0.515104 0.053125 0.032292
0 0.242188 0.691667 0.026042 0.041667
0 0.515625 0.316667 0.033333 0.043750
0 0.623958 0.142187 0.043750 0.028125
0 0.446354 0.618229 0.038542 0.055208
0 0.848958 0.497396 0.037500 0.019792
0 0.160417 0.729167 0.037500 0.052083
0 0.284896 0.089063 0.026042 0.046875
0 0.637500 0.186979 0.045833 0.036458
0 0.463021 0.104688 0.053125 0.032292
0 0.215625 0.857292 0.045833 0.045833
0 0.793229 0.531250 0.051042 0.029167
0 0.356771 0.309896 0.042708 0.051042
0 0.357292 0.179167 0.045833 0.045833
0 0.550521 0.843229 0.042708 0.023958
0 0.221354 0.701562 0.032292 0.048958
0 0.271354 0.910937 0.019792 0.038542
0 0.275000 0.779687 0.043750 0.040625
0 0.368229 0.965625 0.030208 0.039583
0 0.256250 0.642708 0.037500 0.035417
0 0.354167 0.846354 0.039583 0.028125
0 0.861458 0.292187 0.037500 0.044792
0 0.458854 0.435937 0.053125 0.034375
0 0.277604 0.391146 0.044792 0.030208
0 0.438021 0.771875 0.048958 0.035417
0 0.496875 0.558333 0.043750 0.025000
0 0.831771 0.920833 0.038542 0.043750
0 0.957812 0.216667 0.032292 0.043750
0 0.909896 0.865625 0.053125 0.039583
0 0.701562 0.375000 0.028125 0.039583
0 0.819792 0.925000 0.043750 0.022917
0 0.287500 0.869792 0.052083 0.041667
0 0.485417 0.398958 0.047917 0.039583
0 0.731250 0.270833 0.033333 0.037500
0 0.132812 0.317708 0.040625 0.054167
0 0.679688 0.607812 0.051042 0.044792
0 0.420312 0.334896 0.051042 0.038542
0 0.859896 0.429688 0.055208 0.044792
0 0.543229 0.911458 0.051042 0.033333
0 0.731250 0.679167 0.035417 0.037500
0 0.544271 0.290104 0.044792 0.042708
0 0.430729 0.852083 0.021875 0.043750
0 0.578646 0.499479 0.055208 0.040625
0 0.811979 0.795312 0.055208 0.036458
0 0.717708 0.354687 0.037500 0.053125
0 0.896875 0.355208 0.035417 0.020833
0 0.531250 0.491667 0.043750 0.035417
0 0.616146 0.872917 0.048958 0.039583
0 0.284375 0.158333 0.020833 0.035417
0 0.963021 0.109896 0.051042 0.053125
0 0.498437 0.115104 0.048958 0.028125
0 0.316667 0.726562 0.047917 0.046875
0 0.220312 0.816146 0.040625 0.036458
0 0.716667 0.292708 0.022917 0.043750
0 0.372917 0.154688 0.033333 0.040625
0 0.478646 0.273438 0.055208 0.051042
0 0.641146 0.714063 0.051042 0.040625
0 0.816146 0.710417 0.028125 0.050000
0 0.223438 0.677083 0.038542 0.029167
0 0.344792 0.951042 0.027083 0.047917
0 0.085417 0.245833 0.027083 0.047917
0 0.178646 0.125000 0.046875 0.031250
0 0.121354 0.811458 0.044792 0.033333
0 0.918229 0.392188 0.032292 0.040625
0 0.103646 0.194271 0.044792 0.055208
0 0.560937 0.306771 0.040625 0.026042
0 0.733854 0.863542 0.046875 0.052083
0 0.576562 0.298958 0.036458 0.047917
0 0.969271 0.916667 0.046875 0.045833
0 0.162500 0.174479 0.041667 0.032292
0 0.457813 0.767708 0.053125 0.039583
0 0.407813 0.912500 0.032292 0.043750
0 0.484375 0.932292 0.045833 0.029167
0 0.385417 0.654167 0.033333 0.037500
0 0.898958 0.847917 0.052083 0.041667
0 0.573958 0.144271 0.033333 0.040625
0 0.593750 0.911979 0.045833 0.038542
0 0.538542 0.076563 0.043750 0.026042
0 0.407292 0.495833 0.041667 0.029167
0 0.155729 0.959896 0.048958 0.044792
0 0.333854 0.513021 0.046875 0.038542
0 0.083854 0.166146 0.036458 0.040625
0 0.266146 0.654167 0.042708 0.037500
0 0.566667 0.627083 0.047917 0.050000
0 0.166667 0.405208 0.047917 0.037500
0 0.369792 0.929167 0.039583 0.047917
0 0.968229 0.757812 0.040625 0.038542
0 0.188542 0.888542 0.037500 0.022917
0 0.873958 0.477083 0.027083 0.041667
0 0.514062 0.150521 0.032292 0.044792
0 0.310937 0.580208 0.026042 0.041667
0 0.520312 0.085938 0.028125 0.040625
0 0.365625 0.469792 0.041667 0.037500
0 0.547396 0.812500 0.044792 0.022917
0 0.804688 0.635938 0.040625 0.030208
0 0.154167 0.120313 0.052083 0.053125
0 0.643750 0.582812 0.039583 0.044792
0 0.360417 0.741146 0.052083 0.034375
0 0.473958 0.791146 0.039583 0.034375
0 0.808333 0.821354 0.031250 0.051042
0 0.153125 0.215625 0.031250 0.037500
0 0.938021 0.336979 0.028125 0.040625
0 0.476562 0.486979 0.042708 0.055208