0 0.702083 0.646354 0.043750 0.042708
0 0.809375 0.510417 0.035417 0.047917
0 0.618750 0.816146 0.050000 0.044792
0 0.514583 0.233333 0.041667 0.052083
0 0.413542 0.772396 0.039583 0.030208
0 0.598437 0.921354 0.048958 0.046875
0 0.958854 0.550000 0.048958 0.035417
0 0.576562 0.180729 0.040625 0.023958
0 0.227604 0.235937 0.048958 0.046875
0 0.947396 0.758333 0.051042 0.047917
0 0.346354 0.104688 0.048958 0.046875
0 0.745313 0.719792 0.019792 0.035417
0 0.579167 0.261458 0.031250 0.041667
0 0.435417 0.160938 0.041667 0.042708
0 0.289062 0.685937 0.038542 0.040625
0 0.223958 0.752083 0.045833 0.027083
0 0.198958 0.677604 0.025000 0.044792
0 0.376563 0.357812 0.040625 0.034375
0 0.800521 0.654687 0.034375 0.040625
0 0.782292 0.874479 0.037500 0.019792
0 0.890625 0.363021 0.054167 0.040625
0 0.656250 0.820312 0.050000 0.042708
0 0.457813 0.855208 0.038542 0.029167
0 0.280729 0.423438 0.046875 0.038542
0 0.938542 0.488021 0.045833 0.032292
0 0.635417 0.196354 0.031250 0.051042
0 0.332292 0.694792 0.052083 0.039583
0 0.939063 0.415625 0.030208 0.039583
0 0.151042 0.423958 0.039583 0.041667
0 0.571354 0.378646 0.046875 0.038542
0 0.550000 0.595833 0.043750 0.052083
0 0.910417 0.177604 0.054167 0.042708
0 0.814063 0.593750 0.053125 0.039583
0 0.333854 0.382292 0.048958 0.037500
0 0.432812 0.349479 0.042708 0.023958
0 0.851562 0.209896 0.044792 0.040625
0 0.081771 0.966146 0.034375 0.040625
0 0.729167 0.101562 0.031250 0.040625
0 0.749479 0.615104 0.030208 0.048958
0 0.752083 0.470313 0.029167 0.046875
0 0.953125 0.117188 0.045833 0.032292
0 0.089583 0.198958 0.047917 0.035417
0 0.406250 0.680729 0.047917 0.032292
0 0.754167 0.748958 0.029167 0.037500
0 0.157292 0.457292 0.052083 0.043750
0 0.490625 0.084375 0.052083 0.043750
0 0.815625 0.140625 0.052083 0.047917
0 0.423958 0.717708 0.039583 0.041667
0 0.660417 0.252083 0.041667 0.027083
0 0.322396 0.961979 0.040625 0.046875
0 0.532292 0.402083 0.047917 0.041667
0 0.252083 0.483854 0.039583 0.032292
0 0.264062 0.531771 0.040625 0.032292
0 0.622396 0.419271 0.044792 0.042708
0 0.496354 0.667188 0.040625 0.036458
0 0.223958 0.645312 0.050000 0.034375
0 0.779167 0.939583 0.041667 0.039583
0 0.780729 0.455208 0.028125 0.045833
0 0.920833 0.229167 0.035417 0.022917
0 0.461979 0.404687 0.042708 0.044792
0 0.354167 0.477083 0.052083 0.035417
0 0.928646 0.258854 0.032292 0.048958
0 0.736979 0.572917 0.053125 0.045833
0 0.478646 0.107813 0.034375 0.040625
0 0.921354 0.931771 0.051042 0.038542
0 0.468750 0.222396 0.050000 0.053125
0 0.430729 0.511458 0.036458 0.043750
0 0.890104 0.638542 0.053125 0.037500
0 0.173958 0.911458 0.045833 0.031250
0 0.918750 0.686458 0.041667 0.047917
0 0.558333 0.695833 0.043750 0.033333
0 0.229167 0.856771 0.022917 0.038542
0 0.300000 0.466667 0.035417 0.043750
0 0.357812 0.482812 0.055208 0.046875
0 0.580208 0.137500 0.035417 0.037500
0 0.117708 0.678646 0.039583 0.030208
0 0.866667 0.746875 0.031250 0.041667
0 0.910417 0.816146 0.050000 0.034375
0 0.876042 0.481250 0.043750 0.035417
0 0.558854 0.865104 0.023958 0.040625
0 0.346875 0.764062 0.054167 0.046875
0 0.209375 0.290104 0.033333 0.053125
0 0.638021 0.853125 0.048958 0.052083
0 0.819271 0.417708 0.021875 0.039583
0 0.745313 0.657292 0.046875 0.029167
0 0.352083 0.584375 0.045833 0.043750
0 0.143750 0.230208 0.052083 0.039583
0 0.540625 0.438542 0.052083 0.035417
0 0.605208 0.485938 0.054167 0.048958
0 0.542188 0.877083 0.048958 0.035417
0 0.107813 0.754687 0.032292 0.046875
0 0.900000 0.936979 0.047917 0.028125
0 0.815104 0.656771 0.036458 0.046875
0 0.321354 0.870313 0.046875 0.023958
0 0.219271 0.640104 0.046875 0.036458
0 0.405208 0.716146 0.045833 0.034375
0 0.804167 0.423958 0.052083 0.043750
0 0.408333 0.415625 0.037500 0.025000
0 0.822917 0.602083 0.037500 0.035417
0 0.819271 0.160417 0.036458 0.037500
0 0.552083 0.163021 0.033333 0.040625
0 0.194271 0.373437 0.046875 0.038542
0 0.169792 0.747396 0.043750 0.042708
0 0.227083 0.206771 0.043750 0.040625
0 0.586458 0.597917 0.043750 0.022917
0 0.679167 0.882812 0.052083 0.051042
0 0.763021 0.214062 0.034375 0.040625
0 0.926562 0.171875 0.036458 0.052083
0 0.268750 0.814583 0.047917 0.033333
0 0.296875 0.590625 0.037500 0.031250
0 0.230729 0.521875 0.044792 0.025000
0 0.663021 0.459375 0.048958 0.035417
0 0.430729 0.233854 0.028125 0.044792
0 0.410938 0.472917 0.051042 0.033333
0 0.456771 0.350000 0.048958 0.052083
0 0.171875 0.243229 0.050000 0.044792
0 0.848437 0.272396 0.040625 0.036458
0 0.302604 0.342708 0.042708 0.039583
0 0.598437 0.822917 0.028125 0.039583
0 0.129167 0.563021 0.041667 0.032292
0 0.103646 0.720833 0.042708 0.054167
0 0.701562 0.555729 0.044792 0.048958
0 0.476562 0.472917 0.038542 0.043750
0 0.777083 0.373437 0.047917 0.046875
0 0.224479 0.933333 0.038542 0.025000
0 0.254688 0.942187 0.048958 0.030208
0 0.962500 0.422917 0.041667 0.039583
0 0.136458 0.498958 0.047917 0.039583
0 0.901563 0.486458 0.030208 0.050000
0 0.147917 0.284896 0.020833 0.042708
0 0.496354 0.201563 0.042708 0.055208
0 0.074479 0.239063 0.036458 0.040625
0 0.766667 0.768229 0.050000 0.028125
0 0.424479 0.600000 0.044792 0.047917
0 0.342187 0.827083 0.040625 0.054167
0 0.508854 0.659375 0.044792 0.025000
0 0.724479 0.513542 0.021875 0.037500
0 0.132292 0.939583 0.045833 0.029167
0 0.631771 0.463542 0.030208 0.050000
0 0.254167 0.232292 0.029167 0.050000
0 0.206771 0.608854 0.051042 0.042708
0 0.606250 0.223438 0.031250 0.044792
0 0.622917 0.904687 0.029167 0.046875
0 0.465625 0.798958 0.035417 0.043750
0 0.447917 0.378646 0.027083 0.040625
0 0.639062 0.680729 0.048958 0.028125
0 0.228125 0.167708 0.022917 0.039583
0 0.937500 0.690104 0.043750 0.040625
0 0.265104 0.550521 0.028125 0.044792
0 0.892188 0.406250 0.040625 0.047917
0 0.613021 0.912500 0.021875 0.037500
0 0.727083 0.306771 0.052083 0.034375
0 0.839063 0.511458 0.028125 0.043750
0 0.845833 0.418750 0.027083 0.037500
0 0.891667 0.485417 0.045833 0.043750
0 0.645312 0.354687 0.048958 0.055208
0 0.812500 0.537500 0.035417 0.022917
0 0.834896 0.490625 0.046875 0.043750
0 0.503125 0.778125 0.043750 0.025000
0 0.773438 0.477604 0.040625 0.028125
0 0.775000 0.690104 0.039583 0.044792
0 0.665625 0.593229 0.027083 0.040625
0 0.078125 0.175521 0.029167 0.040625
0 0.403125 0.661979 0.035417 0.040625
0 0.076042 0.857812 0.047917 0.030208
0 0.802083 0.165104 0.043750 0.021875
0 0.708333 0.457292 0.035417 0.037500
0 0.521875 0.755729 0.045833 0.028125
0 0.688021 0.939583 0.042708 0.027083
0 0.094792 0.459375 0.050000 0.047917
0 0.682292 0.968750 0.041667 0.047917
0 0.289062 0.465625 0.040625 0.041667
0 0.792188 0.756771 0.044792 0.048958
0 0.077604 0.095312 0.048958 0.028125
0 0.888542 0.472396 0.039583 0.048958
0 0.447917 0.277604 0.039583 0.036458
0 0.219271 0.654167 0.023958 0.047917
0 0.740104 0.894271 0.028125 0.040625
0 0.616667 0.256250 0.029167 0.045833
0 0.917188 0.466667 0.028125 0.050000
0 0.097396 0.556771 0.040625 0.030208
0 0.265625 0.685417 0.047917 0.039583
0 0.614062 0.780729 0.040625 0.051042
0 0.746354 0.091667 0.036458 0.052083
0 0.283333 0.334375 0.016667 0.033333
0 0.369271 0.867188 0.028125 0.051042
0 0.459896 0.586458 0.032292 0.043750
0 0.167708 0.267708 0.052083 0.035417
0 0.530729 0.304167 0.051042 0.050000
0 0.593229 0.729688 0.046875 0.034375
0 0.173437 0.391146 0.042708 0.023958
0 0.897917 0.705208 0.037500 0.022917
0 0.934896 0.219792 0.053125 0.045833
0 0.645312 0.756771 0.046875 0.036458
0 0.682813 0.645312 0.034375 0.051042
0 0.079687 0.422917 0.040625 0.022917
0 0.721875 0.396875 0.039583 0.047917
0 0.967708 0.743229 0.050000 0.034375
0 0.408854 0.560937 0.051042 0.053125
0 0.443750 0.866146 0.041667 0.032292
0 0.585417 0.361979 0.039583 0.030208
0 0.692708 0.731771 0.054167 0.044792
0 0.635417 0.253125 0.035417 0.037500
0 0.185938 0.406250 0.044792 0.047917
0 0.411458 0.920312 0.050000 0.042708
0 0.851562 0.120833 0.048958 0.039583
0 0.228125 0.788021 0.022917 0.044792
0 0.610417 0.243750 0.045833 0.043750
0 0.255208 0.081250 0.047917 0.033333
0 0.302083 0.202083 0.027083 0.037500
0 0.714583 0.423438 0.039583 0.030208
0 0.419271 0.239583 0.028125 0.045833
0 0.929167 0.089063 0.052083 0.032292
0 0.834896 0.471875 0.030208 0.043750
0 0.871875 0.151042 0.041667 0.037500
0 0.772917 0.855729 0.050000 0.028125
0 0.136979 0.734896 0.038542 0.055208
0 0.093229 0.951562 0.046875 0.048958
0 0.738542 0.317188 0.041667 0.055208
0 0.488542 0.853646 0.043750 0.032292
0 0.160417 0.248958 0.052083 0.033333
0 0.854688 0.361979 0.044792 0.028125
0 0.459375 0.291667 0.045833 0.031250
0 0.793229 0.608854 0.032292 0.040625
0 0.544792 0.515625 0.039583 0.020833
0 0.608854 0.861458 0.046875 0.031250
0 0.800000 0.457292 0.039583 0.041667
0 0.659375 0.721354 0.050000 0.042708
0 0.142708 0.940104 0.039583 0.048958
0 0.417187 0.820833 0.023958 0.041667
0 0.436979 0.872396 0.044792 0.028125
0 0.735938 0.551042 0.044792 0.035417
0 0.542188 0.171354 0.040625 0.055208
0 0.366667 0.402083 0.037500 0.018750
0 0.496875 0.220312 0.043750 0.021875
0 0.955208 0.766146 0.027083 0.046875
0 0.551042 0.917188 0.039583 0.053125
0 0.931771 0.144271 0.048958 0.030208
0 0.818229 0.508333 0.042708 0.047917
0 0.389062 0.130729 0.044792 0.040625
0 0.828646 0.725000 0.044792 0.047917
0 0.307292 0.098437 0.047917 0.046875
0 0.745313 0.857292 0.036458 0.043750
0 0.231250 0.101562 0.039583 0.036458
0 0.810417 0.800000 0.041667 0.025000
0 0.807292 0.389062 0.045833 0.032292
0 0.758333 0.615625 0.025000 0.041667
0 0.244271 0.727604 0.055208 0.038542
0 0.285417 0.580208 0.052083 0.045833
0 0.722917 0.265104 0.052083 0.032292
0 0.411458 0.617708 0.022917 0.039583
0 0.650000 0.859896 0.052083 0.032292
0 0.603646 0.822396 0.048958 0.030208
0 0.409375 0.658854 0.039583 0.023958
0 0.746875 0.242708 0.041667 0.029167
0 0.926562 0.751563 0.040625 0.036458