0 0.532292 0.594271 0.045833 0.055208
0 0.444271 0.199479 0.028125 0.040625
0 0.514062 0.794792 0.044792 0.022917
0 0.252604 0.529167 0.030208 0.039583
0 0.892188 0.341146 0.036458 0.055208
0 0.210938 0.669792 0.042708 0.041667
0 0.956250 0.930208 0.045833 0.043750
0 0.175000 0.905729 0.025000 0.038542
0 0.608854 0.452604 0.028125 0.044792
0 0.898438 0.714583 0.038542 0.029167
0 0.083854 0.402083 0.042708 0.029167
0 0.827604 0.150000 0.053125 0.041667
0 0.815625 0.574479 0.047917 0.032292
0 0.540625 0.863021 0.027083 0.046875
0 0.319792 0.659896 0.039583 0.044792
0 0.889583 0.241146 0.047917 0.053125
0 0.346354 0.463021 0.026042 0.046875
0 0.600000 0.113542 0.052083 0.043750
0 0.159375 0.246875 0.045833 0.043750
0 0.267708 0.715104 0.035417 0.040625
0 0.337500 0.272396 0.050000 0.038542
0 0.814583 0.722396 0.039583 0.038542
0 0.641146 0.656771 0.042708 0.051042
0 0.902604 0.659375 0.038542 0.031250
0 0.754167 0.593229 0.039583 0.026042
0 0.194792 0.632292 0.037500 0.029167
0 0.860938 0.363542 0.051042 0.033333
0 0.628646 0.745833 0.038542 0.025000
0 0.953125 0.162500 0.043750 0.052083
0 0.533333 0.531250 0.052083 0.043750
0 0.090625 0.161458 0.033333 0.047917
0 0.300521 0.652083 0.053125 0.035417
0 0.404687 0.599479 0.040625 0.028125
0 0.930729 0.302083 0.042708 0.039583
0 0.368229 0.798438 0.038542 0.046875
0 0.367708 0.610417 0.035417 0.043750
0 0.571875 0.209896 0.045833 0.023958
0 0.899479 0.377604 0.026042 0.051042
0 0.288021 0.246354 0.038542 0.046875
0 0.528125 0.241146 0.039583 0.030208
0 0.294271 0.122917 0.051042 0.035417
0 0.256250 0.178125 0.052083 0.035417
0 0.619792 0.618750 0.037500 0.035417
0 0.753646 0.513542 0.034375 0.047917
0 0.454167 0.419271 0.054167 0.038542
0 0.512500 0.933854 0.039583 0.036458
0 0.679688 0.700521 0.053125 0.034375
0 0.948958 0.502083 0.039583 0.022917
0 0.729688 0.095312 0.040625 0.055208
0 0.770312 0.891146 0.040625 0.038542
0 0.949479 0.196354 0.046875 0.038542
0 0.633333 0.819271 0.027083 0.042708
0 0.496354 0.579688 0.038542 0.023958
0 0.852083 0.947396 0.039583 0.044792
0 0.744792 0.383854 0.037500 0.019792
0 0.195833 0.275521 0.054167 0.042708
0 0.400000 0.446875 0.033333 0.047917
0 0.537500 0.326562 0.050000 0.034375
0 0.936979 0.690104 0.055208 0.048958
0 0.173437 0.639583 0.053125 0.047917
0 0.238021 0.721875 0.030208 0.039583
0 0.530729 0.732292 0.017708 0.035417
0 0.307292 0.434896 0.050000 0.044792
0 0.275000 0.922396 0.047917 0.046875
0 0.544271 0.344792 0.040625 0.020833
0 0.338021 0.773438 0.044792 0.048958
0 0.124479 0.336979 0.036458 0.046875
0 0.326042 0.703646 0.052083 0.030208
0 0.499479 0.491146 0.036458 0.040625
0 0.240625 0.453125 0.025000 0.047917
0 0.480208 0.507812 0.027083 0.042708
0 0.351562 0.133333 0.053125 0.041667
0 0.142187 0.423438 0.048958 0.046875
0 0.340104 0.569792 0.040625 0.041667
0 0.512500 0.963021 0.050000 0.042708
0 0.223438 0.515625 0.042708 0.054167
0 0.282813 0.944792 0.048958 0.039583
0 0.509375 0.202604 0.031250 0.048958
0 0.151562 0.730208 0.053125 0.041667
0 0.219792 0.764062 0.043750 0.028125
0 0.340625 0.207813 0.031250 0.044792
0 0.578125 0.946354 0.052083 0.030208
0 0.770833 0.104167 0.039583 0.041667
0 0.534896 0.715104 0.040625 0.023958
0 0.526042 0.734375 0.045833 0.043750
0 0.545312 0.425000 0.051042 0.050000
0 0.323437 0.119792 0.044792 0.035417
0 0.884375 0.582812 0.054167 0.036458
0 0.220312 0.418750 0.038542 0.029167
0 0.276562 0.625000 0.030208 0.047917
0 0.373437 0.426563 0.053125 0.030208
0 0.106250 0.856771 0.031250 0.040625
0 0.396875 0.783854 0.033333 0.048958
0 0.842708 0.278646 0.041667 0.023958
0 0.482292 0.651042 0.052083 0.041667
0 0.385937 0.693229 0.038542 0.040625
0 0.600521 0.825521 0.046875 0.038542
0 0.836979 0.831771 0.044792 0.026042
0 0.755208 0.541146 0.033333 0.040625
0 0.577083 0.502604 0.031250 0.040625
0 0.275000 0.459375 0.025000 0.041667
0 0.677604 0.438542 0.036458 0.018750
0 0.639583 0.690104 0.037500 0.021875
0 0.265104 0.261458 0.036458 0.043750
0 0.216667 0.380729 0.031250 0.040625
0 0.447917 0.453125 0.035417 0.018750
0 0.116667 0.669792 0.047917 0.041667
0 0.651563 0.083333 0.046875 0.052083
0 0.550521 0.200521 0.051042 0.042708
0 0.286979 0.415104 0.046875 0.038542
0 0.349479 0.120313 0.048958 0.028125
0 0.909896 0.675521 0.053125 0.032292
0 0.777604 0.104167 0.026042 0.037500
0 0.190104 0.601042 0.042708 0.039583
0 0.430729 0.496354 0.036458 0.040625
0 0.521354 0.895833 0.038542 0.027083
0 0.957812 0.771875 0.051042 0.050000
0 0.166667 0.224479 0.039583 0.030208
0 0.543229 0.693750 0.051042 0.029167
0 0.356771 0.218750 0.034375 0.039583
0 0.821354 0.831250 0.038542 0.027083
0 0.736979 0.565104 0.040625 0.030208
0 0.501042 0.199479 0.027083 0.042708
0 0.633854 0.879167 0.044792 0.022917
0 0.253125 0.928125 0.022917 0.039583
0 0.481250 0.582292 0.037500 0.031250
0 0.132292 0.707812 0.025000 0.046875
0 0.082812 0.546354 0.042708 0.055208
0 0.884375 0.643229 0.043750 0.030208
0 0.711979 0.808333 0.042708 0.029167
0 0.664583 0.510417 0.037500 0.047917
0 0.253646 0.913021 0.051042 0.030208
0 0.304688 0.445833 0.038542 0.029167
0 0.255208 0.256250 0.043750 0.033333
0 0.202604 0.863021 0.051042 0.034375
0 0.927604 0.951562 0.044792 0.032292
0 0.777083 0.138021 0.037500 0.038542
0 0.526042 0.820833 0.047917 0.033333
0 0.619792 0.153646 0.029167 0.051042
0 0.125000 0.234375 0.043750 0.027083
0 0.309896 0.194271 0.026042 0.046875
0 0.451562 0.495833 0.048958 0.052083
0 0.650521 0.328125 0.048958 0.050000
0 0.224479 0.651563 0.042708 0.023958
0 0.479687 0.441667 0.032292 0.052083
0 0.097917 0.908854 0.031250 0.051042
0 0.445833 0.120313 0.050000 0.042708
0 0.114062 0.672396 0.044792 0.055208
0 0.350000 0.262500 0.047917 0.052083
0 0.636458 0.495312 0.052083 0.051042
0 0.671354 0.578125 0.051042 0.035417
0 0.938542 0.483854 0.054167 0.048958
0 0.751042 0.734375 0.047917 0.033333
0 0.440104 0.405729 0.046875 0.055208
0 0.316667 0.843229 0.041667 0.021875
0 0.272917 0.160938 0.050000 0.053125
0 0.525521 0.913021 0.038542 0.051042
0 0.916667 0.573438 0.050000 0.053125
0 0.780729 0.475000 0.038542 0.043750
0 0.151042 0.855208 0.039583 0.041667
0 0.133854 0.348438 0.046875 0.036458
0 0.556771 0.722396 0.040625 0.038542
0 0.171354 0.888542 0.030208 0.039583
0 0.400521 0.491667 0.034375 0.047917
0 0.796354 0.739062 0.055208 0.046875
0 0.546875 0.903646 0.052083 0.032292
0 0.839063 0.255208 0.044792 0.035417
0 0.128125 0.872396 0.039583 0.038542
0 0.243750 0.966146 0.029167 0.046875
0 0.544271 0.101562 0.023958 0.042708
0 0.958854 0.604167 0.048958 0.052083
0 0.315104 0.815625 0.042708 0.054167
0 0.564583 0.171875 0.033333 0.037500
0 0.424479 0.964063 0.051042 0.034375
0 0.690104 0.913542 0.032292 0.043750
0 0.932813 0.880208 0.034375 0.043750
0 0.764062 0.481771 0.046875 0.055208
0 0.836979 0.141667 0.036458 0.037500
0 0.859375 0.317188 0.037500 0.048958
0 0.483333 0.679688 0.050000 0.038542
0 0.166667 0.291667 0.027083 0.041667
0 0.946875 0.900000 0.018750 0.035417
0 0.632812 0.664062 0.046875 0.036458
0 0.769271 0.720833 0.044792 0.033333
0 0.080729 0.311979 0.038542 0.046875
0 0.511979 0.370833 0.032292 0.047917
0 0.447917 0.129167 0.037500 0.033333
0 0.518750 0.678125 0.039583 0.041667
0 0.409375 0.748437 0.050000 0.042708
0 0.191146 0.144271 0.036458 0.051042
0 0.682292 0.634375 0.022917 0.045833
0 0.669271 0.598437 0.021875 0.042708
0 0.614583 0.170313 0.037500 0.038542
0 0.958854 0.366146 0.040625 0.038542
0 0.797917 0.722396 0.041667 0.032292
0 0.246354 0.337500 0.036458 0.047917
0 0.744271 0.454167 0.026042 0.045833
0 0.151562 0.369271 0.051042 0.042708
0 0.843750 0.925521 0.039583 0.048958
0 0.557292 0.659896 0.033333 0.048958
0 0.214062 0.147917 0.026042 0.037500
0 0.192188 0.268229 0.034375 0.040625
0 0.692187 0.496354 0.040625 0.044792
0 0.230729 0.177083 0.053125 0.045833
0 0.824479 0.853125 0.040625 0.041667
0 0.869792 0.899479 0.050000 0.040625
0 0.393229 0.798958 0.034375 0.039583
0 0.401042 0.630729 0.029167 0.051042
0 0.754167 0.148438 0.045833 0.048958
0 0.319792 0.338021 0.045833 0.023958
0 0.812500 0.778646 0.033333 0.040625
0 0.572396 0.159896 0.040625 0.026042
0 0.404687 0.373958 0.028125 0.043750
0 0.311458 0.810417 0.041667 0.031250
0 0.747917 0.697917 0.037500 0.047917
0 0.150521 0.756250 0.048958 0.025000
0 0.280729 0.669792 0.038542 0.025000
0 0.355729 0.697917 0.038542 0.027083
0 0.914062 0.271354 0.036458 0.046875
0 0.892188 0.109896 0.040625 0.044792
0 0.820833 0.782292 0.045833 0.029167
0 0.230729 0.540625 0.038542 0.031250
0 0.697917 0.729688 0.043750 0.048958
0 0.344271 0.303646 0.028125 0.040625
0 0.665104 0.457292 0.034375 0.043750
0 0.420312 0.514583 0.036458 0.052083
0 0.240104 0.819271 0.023958 0.042708
0 0.300521 0.336979 0.030208 0.044792
0 0.116146 0.531250 0.042708 0.041667
0 0.235937 0.598437 0.032292 0.040625
0 0.728646 0.223958 0.048958 0.037500
0 0.148958 0.156250 0.037500 0.022917
0 0.662500 0.357812 0.050000 0.042708
0 0.561458 0.441146 0.045833 0.032292
0 0.846875 0.529687 0.039583 0.044792
0 0.626042 0.560417 0.031250 0.037500
0 0.707292 0.852604 0.047917 0.053125
0 0.844792 0.118229 0.043750 0.028125
0 0.589063 0.485938 0.023958 0.042708
0 0.397917 0.117708 0.033333 0.043750
0 0.775521 0.490104 0.034375 0.046875
0 0.775000 0.946875 0.037500 0.022917
0 0.792708 0.151562 0.054167 0.038542
0 0.265625 0.677083 0.020833 0.039583
0 0.739062 0.087500 0.023958 0.041667
0 0.629167 0.331771 0.052083 0.034375
0 0.343229 0.855208 0.036458 0.020833
0 0.582292 0.744792 0.052083 0.043750
0 0.731250 0.285938 0.039583 0.044792
0 0.621354 0.374479 0.051042 0.040625
0 0.529687 0.091146 0.028125 0.040625
0 0.481250 0.183854 0.035417 0.040625
0 0.671875 0.576042 0.027083 0.037500
0 0.090625 0.542708 0.037500 0.022917
0 0.396354 0.847396 0.055208 0.046875
0 0.357812 0.609896 0.051042 0.055208
0 0.872917 0.370833 0.039583 0.020833
0 0.773438 0.636458 0.036458 0.043750
0 0.067187 0.270833 0.023958 0.047917
0 0.485938 0.298958 0.046875 0.029167
0 0.248438 0.435417 0.034375 0.016667
0 0.877604 0.808854 0.042708 0.055208
0 0.659375 0.298958 0.041667 0.025000
0 0.380208 0.791146 0.037500 0.019792
0 0.605729 0.573958 0.038542 0.033333
0 0.203646 0.131250 0.032292 0.039583
0 0.433854 0.108854 0.046875 0.038542
0 0.391146 0.198958 0.051042 0.050000
0 0.551042 0.614583 0.029167 0.037500
0 0.791667 0.484375 0.050000 0.047917
0 0.220312 0.267188 0.034375 0.040625
0 0.129167 0.906771 0.047917 0.032292
0 0.792708 0.230208 0.052083 0.047917
0 0.722917 0.648438 0.052083 0.053125
0 0.232292 0.181771 0.039583 0.036458
0 0.792708 0.382292 0.029167 0.050000
0 0.645833 0.669271 0.045833 0.032292
0 0.360417 0.924479 0.052083 0.032292
0 0.124479 0.732292 0.034375 0.039583
0 0.727083 0.592187 0.050000 0.044792
0 0.722396 0.137500 0.046875 0.031250
0 0.465625 0.614062 0.045833 0.040625
0 0.670312 0.698438 0.048958 0.028125
0 0.261458 0.739583 0.022917 0.037500
0 0.145313 0.243229 0.055208 0.048958
0 0.757292 0.422396 0.045833 0.038542
0 0.379688 0.229167 0.036458 0.020833
0 0.779167 0.742708 0.029167 0.050000
0 0.428125 0.220312 0.039583 0.026042
0 0.789062 0.908854 0.051042 0.044792
0 0.240625 0.359375 0.041667 0.052083
0 0.482292 0.336979 0.035417 0.040625
0 0.880208 0.548438 0.041667 0.048958
0 0.239063 0.644792 0.040625 0.047917
0 0.498437 0.913542 0.036458 0.043750
0 0.333854 0.285417 0.046875 0.052083
0 0.947396 0.773438 0.030208 0.040625
0 0.332292 0.333333 0.031250 0.041667
0 0.295833 0.827604 0.043750 0.028125
0 0.811979 0.228125 0.038542 0.035417
0 0.841667 0.548438 0.041667 0.032292
0 0.853646 0.316146 0.046875 0.036458
0 0.816667 0.933333 0.045833 0.052083