0 0.163021 0.361458 0.044792 0.033333
0 0.510417 0.224479 0.025000 0.044792
0 0.850000 0.155208 0.031250 0.041667
0 0.440104 0.967187 0.021875 0.038542
0 0.822917 0.146875 0.035417 0.037500
0 0.825000 0.617188 0.045833 0.038542
0 0.820833 0.078646 0.045833 0.040625
0 0.265104 0.429688 0.042708 0.023958
0 0.317708 0.114062 0.039583 0.034375
0 0.466146 0.416667 0.040625 0.022917
0 0.441146 0.486458 0.042708 0.027083
0 0.734896 0.698958 0.028125 0.039583
0 0.613542 0.753646 0.031250 0.044792
0 0.679167 0.532292 0.047917 0.037500
0 0.720313 0.209375 0.038542 0.027083
0 0.744792 0.425000 0.037500 0.047917
0 0.189062 0.321354 0.026042 0.040625
0 0.376563 0.633854 0.048958 0.046875
0 0.588542 0.328646 0.031250 0.044792
0 0.712500 0.255208 0.027083 0.043750
0 0.248438 0.175521 0.048958 0.034375
0 0.254688 0.822917 0.046875 0.045833
0 0.423958 0.186979 0.037500 0.038542
0 0.863542 0.426563 0.020833 0.036458
0 0.438542 0.625521 0.022917 0.040625
0 0.704688 0.357292 0.044792 0.025000
0 0.496875 0.582292 0.037500 0.022917
0 0.551562 0.408854 0.042708 0.023958
0 0.643750 0.237500 0.047917 0.035417
0 0.873958 0.162500 0.037500 0.031250
0 0.195833 0.748958 0.043750 0.033333
0 0.523438 0.229167 0.028125 0.050000
0 0.202604 0.492708 0.042708 0.025000
0 0.551042 0.480208 0.025000 0.047917
0 0.529687 0.210417 0.038542 0.047917
0 0.665104 0.445833 0.038542 0.025000
0 0.278125 0.367188 0.050000 0.042708
0 0.731771 0.458333 0.040625 0.041667
0 0.592708 0.893750 0.052083 0.037500
0 0.375521 0.865104 0.036458 0.046875
0 0.559375 0.066146 0.037500 0.019792
0 0.854167 0.773958 0.037500 0.033333
0 0.229167 0.931250 0.037500 0.035417
0 0.321354 0.128125 0.046875 0.045833
0 0.563021 0.376042 0.036458 0.037500
0 0.820833 0.222396 0.050000 0.042708
0 0.501042 0.355208 0.039583 0.047917
0 0.443750 0.736458 0.033333 0.037500
0 0.509375 0.790625 0.025000 0.043750
0 0.287500 0.521875 0.045833 0.022917
0 0.272917 0.783333 0.037500 0.052083
0 0.819271 0.512500 0.038542 0.031250
0 0.641667 0.688542 0.047917 0.033333
0 0.543229 0.284375 0.046875 0.031250
0 0.799479 0.087500 0.044792 0.035417
0 0.313542 0.871354 0.025000 0.042708
0 0.762500 0.769792 0.047917 0.052083
0 0.239063 0.744271 0.038542 0.040625
0 0.264062 0.378646 0.032292 0.044792
0 0.883333 0.120833 0.035417 0.020833
0 0.254167 0.453646 0.031250 0.051042
0 0.857812 0.326562 0.036458 0.055208
0 0.851042 0.205729 0.022917 0.040625
0 0.600000 0.606771 0.037500 0.053125
0 0.356250 0.922917 0.047917 0.041667
0 0.841146 0.714063 0.051042 0.030208
0 0.539062 0.317188 0.028125 0.051042
0 0.848958 0.853125 0.039583 0.041667
0 0.219792 0.943750 0.045833 0.029167
0 0.165104 0.173958 0.048958 0.039583
0 0.135937 0.744271 0.051042 0.044792
0 0.817708 0.139583 0.043750 0.045833
0 0.305208 0.854167 0.052083 0.043750
0 0.839583 0.433854 0.045833 0.038542
0 0.348958 0.357292 0.025000 0.037500
0 0.736979 0.638542 0.021875 0.037500
0 0.589063 0.265625 0.038542 0.052083
0 0.245312 0.509375 0.028125 0.043750
0 0.364063 0.673958 0.044792 0.035417
0 0.092188 0.431771 0.055208 0.048958
0 0.632812 0.101562 0.046875 0.034375
0 0.873958 0.241146 0.045833 0.048958
0 0.192188 0.306250 0.053125 0.045833
0 0.561458 0.715625 0.037500 0.027083
0 0.834896 0.179167 0.053125 0.039583
0 0.487500 0.818229 0.029167 0.040625
0 0.414583 0.739062 0.037500 0.048958
0 0.200000 0.231250 0.037500 0.047917
0 0.682292 0.497396 0.037500 0.019792
0 0.528125 0.277604 0.041667 0.032292
0 0.573958 0.629687 0.054167 0.046875
0 0.341667 0.788542 0.025000 0.043750
0 0.577604 0.566146 0.038542 0.055208
0 0.378125 0.885417 0.052083 0.047917
0 0.122917 0.878125 0.047917 0.039583
0 0.344271 0.539583 0.034375 0.039583
0 0.284375 0.522917 0.037500 0.027083
0 0.317188 0.097396 0.040625 0.023958
0 0.463542 0.340104 0.029167 0.044792
0 0.241146 0.368229 0.055208 0.044792
0 0.950521 0.634375 0.048958 0.033333
0 0.197917 0.491667 0.025000 0.037500
0 0.084375 0.276562 0.027083 0.040625
0 0.376563 0.339062 0.032292 0.040625
0 0.910937 0.416146 0.048958 0.034375
0 0.948958 0.914583 0.041667 0.029167
0 0.154167 0.149479 0.022917 0.038542
0 0.090104 0.405208 0.034375 0.039583
0 0.243229 0.665625 0.034375 0.039583
0 0.917708 0.925000 0.037500 0.041667
0 0.700521 0.318229 0.032292 0.048958
0 0.402083 0.446354 0.037500 0.040625
0 0.119792 0.594271 0.050000 0.040625
0 0.414062 0.364583 0.028125 0.050000
0 0.711458 0.735938 0.041667 0.055208
0 0.307292 0.717708 0.035417 0.018750
0 0.924479 0.359896 0.053125 0.053125
0 0.106771 0.896354 0.053125 0.032292
0 0.290625 0.181250 0.052083 0.039583
0 0.371875 0.868229 0.039583 0.036458
0 0.108854 0.229687 0.040625 0.055208
0 0.536458 0.231771 0.039583 0.055208
0 0.750521 0.247396 0.030208 0.048958
0 0.303646 0.627083 0.036458 0.018750
0 0.116667 0.504687 0.031250 0.044792
0 0.496875 0.488542 0.027083 0.037500
0 0.720833 0.409896 0.041667 0.044792
0 0.879687 0.648958 0.034375 0.039583
0 0.656250 0.190625 0.041667 0.047917
0 0.790625 0.636979 0.035417 0.017708
0 0.207292 0.855729 0.027083 0.042708
0 0.473958 0.952083 0.035417 0.047917
0 0.947396 0.734896 0.044792 0.040625
0 0.080729 0.443750 0.044792 0.035417
0 0.188021 0.745313 0.044792 0.040625
0 0.218229 0.305208 0.038542 0.031250
0 0.442708 0.423958 0.050000 0.029167
0 0.950521 0.135937 0.046875 0.048958
0 0.450000 0.879687 0.037500 0.021875
0 0.755208 0.922917 0.035417 0.037500
0 0.716667 0.806250 0.050000 0.031250
0 0.097396 0.117708 0.032292 0.047917
0 0.117708 0.355208 0.043750 0.045833
0 0.834896 0.486979 0.023958 0.046875
0 0.386979 0.429688 0.040625 0.036458
0 0.607292 0.391146 0.047917 0.046875
0 0.228125 0.350521 0.045833 0.048958
0 0.776563 0.948438 0.051042 0.034375
0 0.305729 0.484896 0.048958 0.048958
0 0.593229 0.304688 0.040625 0.032292
0 0.486979 0.655208 0.040625 0.054167
0 0.925521 0.086458 0.042708 0.027083
0 0.468229 0.561979 0.030208 0.040625
0 0.432812 0.925000 0.044792 0.025000
0 0.127604 0.727083 0.030208 0.039583
0 0.583333 0.538542 0.041667 0.025000
0 0.413542 0.573438 0.039583 0.026042
0 0.776563 0.753646 0.051042 0.038542
0 0.950000 0.745313 0.039583 0.036458
0 0.747917 0.531771 0.054167 0.036458
0 0.417708 0.734375 0.035417 0.037500
0 0.471875 0.338021 0.039583 0.048958
0 0.566667 0.439583 0.047917 0.052083
0 0.497396 0.799479 0.021875 0.042708
0 0.225000 0.221354 0.020833 0.036458
0 0.095833 0.852604 0.045833 0.023958
0 0.378646 0.222396 0.055208 0.040625
0 0.125000 0.157292 0.039583 0.052083
0 0.719792 0.700521 0.041667 0.021875
0 0.261458 0.526563 0.039583 0.028125
0 0.280208 0.309375 0.033333 0.037500
0 0.843229 0.342187 0.055208 0.038542
0 0.857292 0.666146 0.050000 0.036458
0 0.464583 0.809896 0.043750 0.028125
0 0.686979 0.323958 0.030208 0.050000
0 0.736458 0.476042 0.027083 0.037500
0 0.581250 0.704167 0.031250 0.045833
0 0.497917 0.231250 0.043750 0.025000
0 0.333854 0.121354 0.044792 0.026042
0 0.224479 0.501042 0.034375 0.039583
0 0.823438 0.422917 0.034375 0.039583
0 0.915104 0.860417 0.036458 0.022917
0 0.741146 0.375000 0.053125 0.047917
0 0.376042 0.299479 0.043750 0.026042
0 0.485417 0.150000 0.043750 0.052083
0 0.900000 0.851562 0.037500 0.023958
0 0.431771 0.321875 0.030208 0.039583
0 0.127083 0.340625 0.037500 0.027083
0 0.961458 0.958854 0.054167 0.038542
0 0.914583 0.210417 0.041667 0.052083
0 0.606250 0.132812 0.045833 0.036458
0 0.715625 0.529167 0.041667 0.029167
0 0.371875 0.546875 0.052083 0.037500
0 0.240104 0.952083 0.042708 0.027083
0 0.180729 0.779687 0.034375 0.040625
0 0.896354 0.555208 0.051042 0.050000
0 0.139063 0.449479 0.034375 0.040625
0 0.148438 0.334375 0.042708 0.029167
0 0.180729 0.333854 0.046875 0.048958
0 0.821875 0.516667 0.039583 0.022917
0 0.144271 0.565104 0.044792 0.028125
0 0.085417 0.580729 0.043750 0.026042
0 0.533854 0.687500 0.046875 0.031250
0 0.148438 0.673438 0.040625 0.038542
0 0.395313 0.172396 0.042708 0.044792
0 0.472917 0.158854 0.033333 0.053125
0 0.794271 0.285938 0.053125 0.034375
0 0.202604 0.501563 0.051042 0.044792
0 0.250000 0.568229 0.029167 0.046875
0 0.543750 0.667188 0.027083 0.042708
0 0.402083 0.198958 0.025000 0.037500
0 0.661458 0.647396 0.047917 0.028125
0 0.206250 0.715625 0.041667 0.027083
0 0.521354 0.407813 0.038542 0.040625
0 0.957292 0.540104 0.043750 0.048958
0 0.279167 0.230208 0.047917 0.037500
0 0.536979 0.689583 0.036458 0.020833
0 0.956250 0.334896 0.022917 0.040625
0 0.532813 0.856250 0.038542 0.018750
0 0.230208 0.307812 0.037500 0.040625
0 0.393229 0.683854 0.055208 0.046875
0 0.620313 0.594271 0.042708 0.023958
0 0.863542 0.653646 0.043750 0.030208
0 0.411458 0.367708 0.037500 0.022917
0 0.232813 0.071875 0.034375 0.039583
0 0.909375 0.386979 0.029167 0.051042
0 0.548958 0.479687 0.041667 0.048958
0 0.432812 0.832292 0.023958 0.045833
0 0.890104 0.458854 0.046875 0.038542
0 0.076042 0.290625 0.041667 0.037500
0 0.594271 0.895833 0.044792 0.035417
0 0.329688 0.558333 0.028125 0.039583
0 0.379167 0.535937 0.054167 0.040625
0 0.683333 0.597396 0.029167 0.051042
0 0.426563 0.747917 0.048958 0.027083
0 0.344271 0.105729 0.046875 0.038542
0 0.847917 0.885938 0.035417 0.040625
0 0.729167 0.486979 0.050000 0.040625
0 0.474479 0.775000 0.053125 0.043750
0 0.927083 0.691667 0.020833 0.039583
0 0.955729 0.642188 0.044792 0.026042
0 0.730729 0.294271 0.051042 0.030208
0 0.900000 0.357292 0.039583 0.052083
0 0.542188 0.726562 0.040625 0.044792
0 0.951042 0.965625 0.045833 0.043750
0 0.291667 0.639062 0.033333 0.044792
0 0.342708 0.781771 0.041667 0.032292
0 0.224479 0.302604 0.028125 0.048958
0 0.734375 0.216667 0.035417 0.037500
0 0.455729 0.726042 0.038542 0.047917
0 0.100000 0.082292 0.037500 0.041667
0 0.853646 0.265625 0.032292 0.047917
0 0.390625 0.198958 0.043750 0.025000
0 0.782813 0.589063 0.046875 0.055208
0 0.808333 0.516146 0.025000 0.038542
0 0.600521 0.943750 0.026042 0.047917
0 0.408854 0.584375 0.021875 0.043750
0 0.274479 0.448437 0.034375 0.040625
0 0.354687 0.488542 0.046875 0.029167
0 0.648438 0.290104 0.032292 0.053125
0 0.678125 0.869792 0.037500 0.052083
0 0.595313 0.755208 0.030208 0.050000
0 0.267188 0.113021 0.044792 0.048958
0 0.820312 0.876563 0.030208 0.044792
0 0.159375 0.204687 0.047917 0.046875
0 0.085417 0.239583 0.045833 0.052083
0 0.930729 0.627604 0.038542 0.038542
0 0.428646 0.914062 0.023958 0.046875
0 0.623437 0.137500 0.038542 0.022917
0 0.253646 0.793229 0.044792 0.051042
0 0.938542 0.332292 0.041667 0.047917
0 0.679167 0.191146 0.033333 0.040625
0 0.306250 0.459375 0.027083 0.043750
0 0.469271 0.834896 0.026042 0.040625
0 0.410938 0.929167 0.053125 0.043750
0 0.267188 0.375000 0.044792 0.047917
0 0.317708 0.442708 0.039583 0.041667
0 0.965625 0.858854 0.043750 0.026042
0 0.420833 0.191146 0.047917 0.048958
0 0.691667 0.861458 0.043750 0.025000
0 0.696354 0.439063 0.044792 0.051042
0 0.914062 0.383854 0.044792 0.051042
0 0.434896 0.597396 0.046875 0.038542
0 0.549479 0.746354 0.053125 0.032292
0 0.723958 0.931250 0.047917 0.052083
0 0.828125 0.901563 0.039583 0.048958
0 0.921354 0.686979 0.032292 0.040625
0 0.261458 0.923958 0.027083 0.045833
0 0.938542 0.268750 0.025000 0.043750
0 0.301042 0.710417 0.039583 0.041667
0 0.643750 0.314583 0.041667 0.039583
0 0.593750 0.573958 0.033333 0.043750
0 0.730729 0.418229 0.040625 0.032292
0 0.672917 0.380729 0.039583 0.026042
0 0.506771 0.926042 0.023958 0.041667
0 0.435937 0.433854 0.038542 0.038542
0 0.563542 0.664062 0.045833 0.023958
0 0.924479 0.916667 0.038542 0.025000
0 0.730729 0.471875 0.044792 0.035417
0 0.546354 0.819271 0.040625 0.032292
0 0.771354 0.969271 0.053125 0.051042
0 0.406771 0.707292 0.036458 0.052083
0 0.894792 0.428646 0.037500 0.021875
0 0.234896 0.352604 0.051042 0.028125
0 0.204167 0.605729 0.035417 0.017708
0 0.903125 0.256250 0.050000 0.050000
0 0.813542 0.707292 0.035417 0.037500
0 0.333333 0.133333 0.047917 0.027083
0 0.327083 0.917708 0.037500 0.035417
0 0.104688 0.115625 0.040625 0.025000
0 0.336979 0.411458 0.048958 0.039583
0 0.769271 0.955208 0.030208 0.039583
0 0.777604 0.559375 0.028125 0.041667
0 0.182812 0.285417 0.044792 0.052083
0 0.246875 0.900000 0.043750 0.033333
0 0.770312 0.418750 0.040625 0.054167
0 0.871875 0.072396 0.054167 0.040625
0 0.682813 0.308854 0.042708 0.051042
0 0.782813 0.786458 0.038542 0.043750
0 0.646875 0.510938 0.050000 0.036458
0 0.403125 0.084896 0.041667 0.044792
0 0.627083 0.380729 0.033333 0.048958
0 0.548958 0.938021 0.050000 0.036458
0 0.596875 0.819792 0.037500 0.033333
0 0.855208 0.961979 0.027083 0.042708
0 0.954167 0.241667 0.041667 0.020833
0 0.078646 0.948958 0.046875 0.029167
0 0.617708 0.565104 0.043750 0.040625
0 0.773438 0.573438 0.044792 0.042708
0 0.923958 0.628646 0.052083 0.032292
0 0.876042 0.713021 0.054167 0.038542
0 0.072396 0.820312 0.019792 0.038542
0 0.376042 0.199479 0.045833 0.048958
0 0.331250 0.651042 0.041667 0.052083
0 0.120833 0.195312 0.043750 0.040625
0 0.742188 0.884375 0.044792 0.052083
0 0.431771 0.664062 0.055208 0.051042
0 0.431771 0.855208 0.036458 0.052083
0 0.226042 0.704167 0.037500 0.035417
0 0.070833 0.291667 0.029167 0.041667
0 0.690625 0.558854 0.033333 0.053125
0 0.630208 0.925000 0.050000 0.050000
0 0.530729 0.203125 0.048958 0.027083
0 0.551562 0.624479 0.019792 0.038542
0 0.352083 0.314583 0.047917 0.033333
0 0.328646 0.528646 0.051042 0.034375
0 0.826562 0.800521 0.046875 0.055208
0 0.430729 0.266667 0.034375 0.043750
0 0.357812 0.793229 0.046875 0.023958
0 0.729167 0.224479 0.047917 0.030208
0 0.094792 0.640625 0.050000 0.050000
0 0.911979 0.582812 0.046875 0.034375
0 0.591667 0.397917 0.041667 0.031250
0 0.255208 0.194271 0.043750 0.055208
0 0.591667 0.828125 0.047917 0.035417
0 0.754687 0.285417 0.038542 0.043750
0 0.271875 0.538021 0.037500 0.053125
0 0.257292 0.526563 0.045833 0.055208
0 0.226562 0.344792 0.046875 0.033333
0 0.763021 0.791146 0.032292 0.048958
0 0.832812 0.509896 0.034375 0.046875
0 0.751042 0.561979 0.027083 0.046875
0 0.723437 0.782813 0.038542 0.023958
0 0.263542 0.533333 0.039583 0.047917
0 0.173437 0.484375 0.028125 0.039583
0 0.642708 0.306250 0.052083 0.037500
0 0.811979 0.525521 0.051042 0.038542
0 0.649479 0.781771 0.034375 0.048958
0 0.166146 0.532813 0.048958 0.046875
0 0.656771 0.668750 0.042708 0.054167
0 0.539583 0.657813 0.039583 0.036458
0 0.764583 0.246875 0.037500 0.029167
0 0.278125 0.696354 0.033333 0.048958
0 0.751563 0.633854 0.030208 0.044792
0 0.853125 0.729688 0.039583 0.036458
0 0.126562 0.627604 0.040625 0.032292
0 0.545833 0.506771 0.043750 0.021875
0 0.482292 0.335938 0.054167 0.048958
0 0.375521 0.238542 0.051042 0.029167
0 0.705208 0.314063 0.050000 0.038542
0 0.957812 0.430208 0.040625 0.041667
0 0.166667 0.841667 0.045833 0.031250
0 0.315625 0.676042 0.035417 0.020833
0 0.394271 0.517708 0.021875 0.039583
0 0.535417 0.622917 0.035417 0.018750
0 0.084375 0.208333 0.018750 0.037500
0 0.175000 0.201563 0.041667 0.055208
0 0.545312 0.368750 0.042708 0.054167
0 0.910417 0.357812 0.045833 0.034375
0 0.167708 0.656250 0.050000 0.047917
0 0.778646 0.424479 0.055208 0.036458
0 0.654167 0.862500 0.041667 0.039583
0 0.626563 0.589583 0.044792 0.022917
0 0.459375 0.074479 0.039583 0.044792
0 0.499479 0.390104 0.051042 0.042708
0 0.885938 0.705208 0.048958 0.041667
0 0.433333 0.355208 0.047917 0.033333
0 0.350000 0.738021 0.039583 0.028125
0 0.843229 0.545833 0.034375 0.043750
0 0.755729 0.101562 0.040625 0.026042
0 0.583333 0.592187 0.031250 0.044792
0 0.632292 0.084896 0.054167 0.048958
0 0.740625 0.122396 0.027083 0.040625
0 0.647396 0.860417 0.036458 0.022917
0 0.803125 0.602604 0.025000 0.038542
0 0.534896 0.484375 0.030208 0.047917
0 0.652083 0.316146 0.033333 0.048958
0 0.765104 0.402604 0.055208 0.038542
0 0.605208 0.279687 0.043750 0.040625
0 0.716146 0.409896 0.042708 0.055208
0 0.250000 0.538542 0.052083 0.037500
0 0.360417 0.226562 0.045833 0.034375
0 0.926562 0.519271 0.048958 0.055208
0 0.255208 0.730208 0.050000 0.050000
0 0.411979 0.354167 0.046875 0.052083
0 0.896875 0.430208 0.033333 0.043750
0 0.330729 0.807292 0.038542 0.031250
0 0.352604 0.801562 0.040625 0.032292
0 0.887500 0.262500 0.052083 0.039583
0 0.673438 0.856250 0.040625 0.022917
0 0.166667 0.448437 0.039583 0.036458
0 0.187500 0.831250 0.027083 0.037500
0 0.135937 0.719271 0.046875 0.038542
0 0.577083 0.379688 0.037500 0.040625
0 0.413542 0.438021 0.039583 0.026042
0 0.419792 0.600521 0.027083 0.042708
0 0.408333 0.952604 0.027083 0.040625
0 0.554688 0.621354 0.044792 0.042708
0 0.652083 0.452083 0.039583 0.052083
0 0.814063 0.851042 0.036458 0.043750
0 0.793750 0.390104 0.047917 0.053125
0 0.804167 0.694792 0.039583 0.047917
0 0.527604 0.384375 0.038542 0.029167
0 0.878125 0.788542 0.047917 0.033333
0 0.918750 0.660417 0.045833 0.052083
0 0.706771 0.815625 0.040625 0.041667
0 0.394792 0.502083 0.035417 0.037500
0 0.288021 0.492708 0.038542 0.033333
0 0.123438 0.453125 0.053125 0.043750
0 0.829688 0.684896 0.038542 0.038542
0 0.789062 0.127604 0.055208 0.046875
0 0.142708 0.382292 0.047917 0.035417
0 0.909375 0.204167 0.029167 0.041667
0 0.697917 0.959896 0.027083 0.038542
0 0.566667 0.336458 0.041667 0.037500
0 0.814063 0.125521 0.053125 0.034375
0 0.080208 0.830208 0.035417 0.043750
0 0.599479 0.555729 0.032292 0.040625
0 0.358333 0.649479 0.050000 0.040625
0 0.639583 0.225000 0.045833 0.045833
0 0.742188 0.252604 0.051042 0.053125
0 0.567187 0.672396 0.046875 0.048958
0 0.811458 0.229167 0.039583 0.041667
0 0.722396 0.313542 0.032292 0.043750
0 0.702083 0.958333 0.035417 0.037500
0 0.233333 0.353125 0.041667 0.047917
0 0.346354 0.907813 0.053125 0.034375
0 0.772917 0.314063 0.043750 0.048958
0 0.869792 0.670833 0.033333 0.047917
0 0.405729 0.171875 0.021875 0.037500
0 0.644792 0.141667 0.047917 0.035417
0 0.139583 0.506771 0.031250 0.040625
0 0.680729 0.264062 0.040625 0.046875
0 0.134375 0.479687 0.020833 0.040625
0 0.271875 0.896875 0.025000 0.043750
0 0.951562 0.767188 0.023958 0.046875
0 0.864062 0.819271 0.040625 0.026042
0 0.219792 0.944271 0.050000 0.038542
0 0.532292 0.874479 0.050000 0.034375
0 0.854167 0.284896 0.045833 0.026042
0 0.658333 0.739583 0.043750 0.025000
0 0.748437 0.091146 0.028125 0.044792
0 0.190625 0.269792 0.039583 0.041667
0 0.280208 0.298958 0.047917 0.039583
0 0.726042 0.897396 0.039583 0.023958
0 0.335938 0.516667 0.019792 0.035417
0 0.765625 0.647917 0.037500 0.041667
0 0.399479 0.934375 0.032292 0.039583
0 0.255208 0.211979 0.033333 0.040625
0 0.121875 0.760417 0.037500 0.035417
0 0.224479 0.183333 0.023958 0.037500
0 0.300521 0.342708 0.036458 0.020833
0 0.528646 0.810937 0.030208 0.040625
0 0.942187 0.297917 0.021875 0.039583
0 0.761458 0.145833 0.050000 0.033333
0 0.832812 0.322396 0.040625 0.023958
0 0.679688 0.207292 0.048958 0.037500
0 0.422396 0.521875 0.036458 0.052083
0 0.348438 0.259375 0.038542 0.035417
0 0.295312 0.709896 0.044792 0.040625
0 0.905208 0.619271 0.054167 0.048958
0 0.181250 0.086458 0.037500 0.035417
0 0.877604 0.565104 0.044792 0.032292
0 0.880208 0.503646 0.054167 0.040625
0 0.485938 0.723958 0.026042 0.039583
0 0.817708 0.448437 0.050000 0.034375
0 0.321875 0.407292 0.052083 0.041667
0 0.676562 0.958333 0.042708 0.037500
0 0.477604 0.863021 0.040625 0.028125
0 0.416667 0.215104 0.031250 0.040625
0 0.279167 0.444271 0.035417 0.040625
0 0.174479 0.776563 0.044792 0.026042
0 0.726562 0.493229 0.040625 0.034375
0 0.647917 0.371875 0.035417 0.052083
0 0.780729 0.856771 0.046875 0.036458
0 0.081250 0.110417 0.043750 0.045833
0 0.780729 0.664062 0.023958 0.042708
0 0.307812 0.376042 0.028125 0.039583
0 0.880729 0.109375 0.051042 0.031250
0 0.937500 0.514583 0.045833 0.052083
0 0.545312 0.904687 0.048958 0.046875
0 0.324479 0.786979 0.051042 0.053125
0 0.892708 0.875000 0.037500 0.047917
0 0.617708 0.310417 0.029167 0.037500
0 0.425521 0.603125 0.044792 0.047917
0 0.930208 0.482812 0.027083 0.040625
0 0.310417 0.962500 0.035417 0.037500
0 0.287500 0.896354 0.033333 0.044792
0 0.629687 0.380729 0.038542 0.021875
0 0.321875 0.352083 0.020833 0.035417
0 0.201563 0.386458 0.028125 0.050000
0 0.079687 0.664583 0.044792 0.045833
0 0.300521 0.384896 0.026042 0.046875
0 0.503646 0.579167 0.036458 0.043750
0 0.717187 0.316667 0.040625 0.043750
0 0.439583 0.482292 0.050000 0.050000
0 0.519271 0.263021 0.026042 0.040625
0 0.858333 0.891146 0.054167 0.048958
0 0.171875 0.500521 0.054167 0.048958
0 0.653125 0.443229 0.022917 0.042708
0 0.878646 0.231250 0.048958 0.037500
0 0.452604 0.340625 0.042708 0.031250
0 0.495833 0.339062 0.037500 0.019792
0 0.601562 0.528125 0.044792 0.047917
0 0.153646 0.189583 0.042708 0.027083
0 0.966667 0.145313 0.047917 0.028125
0 0.214062 0.898958 0.023958 0.041667
0 0.484375 0.372396 0.054167 0.042708
0 0.488542 0.601042 0.037500 0.052083
0 0.801562 0.858333 0.038542 0.025000
0 0.377604 0.651563 0.046875 0.034375
0 0.870313 0.890104 0.042708 0.051042
0 0.451562 0.789062 0.038542 0.051042
0 0.224479 0.395833 0.051042 0.047917
0 0.531250 0.578125 0.029167 0.050000
0 0.165625 0.752604 0.027083 0.042708
0 0.600521 0.680729 0.036458 0.046875
0 0.166146 0.298438 0.042708 0.044792
0 0.290104 0.746354 0.055208 0.044792
0 0.552083 0.513542 0.033333 0.047917
0 0.917188 0.958333 0.034375 0.047917
0 0.477604 0.080208 0.034375 0.043750
0 0.126562 0.129167 0.038542 0.018750
0 0.431250 0.164583 0.047917 0.050000
0 0.701562 0.458333 0.026042 0.039583
0 0.141146 0.771875 0.023958 0.043750
0 0.358854 0.626042 0.026042 0.037500
0 0.535937 0.160938 0.038542 0.021875
0 0.308854 0.857292 0.042708 0.047917
0 0.133333 0.680208 0.041667 0.039583
0 0.962500 0.657813 0.037500 0.048958
0 0.885417 0.682292 0.035417 0.037500
0 0.610417 0.082292 0.033333 0.050000
0 0.569271 0.675000 0.036458 0.047917
0 0.279167 0.237500 0.045833 0.031250
0 0.200521 0.439063 0.055208 0.048958
0 0.191667 0.181771 0.041667 0.032292
0 0.430729 0.866667 0.030208 0.039583
0 0.527083 0.785937 0.047917 0.055208
0 0.219792 0.846875 0.033333 0.037500
0 0.271354 0.374479 0.040625 0.044792
0 0.883333 0.893229 0.039583 0.038542
0 0.130729 0.538542 0.040625 0.022917
0 0.372917 0.283333 0.027083 0.041667
0 0.530208 0.703646 0.045833 0.032292
0 0.848958 0.289062 0.045833 0.038542
0 0.305729 0.796354 0.048958 0.032292
0 0.885417 0.225521 0.039583 0.036458
0 0.592708 0.970833 0.037500 0.052083
0 0.800000 0.959896 0.045833 0.034375
0 0.453646 0.805208 0.046875 0.045833
0 0.358333 0.341667 0.043750 0.052083
0 0.633333 0.429167 0.029167 0.045833
0 0.268750 0.901563 0.043750 0.048958
0 0.844792 0.582292 0.031250 0.043750
0 0.960417 0.392708 0.045833 0.031250
0 0.703125 0.101562 0.041667 0.042708
0 0.505729 0.192188 0.046875 0.055208
0 0.343750 0.179167 0.050000 0.029167
0 0.159896 0.235937 0.026042 0.044792
0 0.775521 0.305208 0.042708 0.041667
0 0.800521 0.691667 0.042708 0.039583
0 0.646354 0.330208 0.036458 0.018750
0 0.618229 0.458333 0.040625 0.047917
0 0.648438 0.525000 0.023958 0.047917
0 0.585417 0.147917 0.052083 0.041667
0 0.528646 0.313542 0.023958 0.043750
0 0.691146 0.627604 0.042708 0.044792
0 0.427083 0.832812 0.025000 0.048958
0 0.327604 0.959375 0.040625 0.025000
0 0.593229 0.802604 0.040625 0.028125
0 0.485417 0.602083 0.047917 0.050000
0 0.867188 0.700000 0.048958 0.037500
0 0.422396 0.641146 0.046875 0.036458
0 0.896875 0.330208 0.043750 0.045833
0 0.404687 0.578646 0.046875 0.048958
0 0.594271 0.483333 0.038542 0.031250
0 0.201563 0.480729 0.044792 0.055208
0 0.549479 0.765625 0.036458 0.047917
0 0.746354 0.511458 0.028125 0.045833
0 0.492708 0.338542 0.047917 0.052083
0 0.126042 0.646875 0.041667 0.039583
0 0.956250 0.084896 0.054167 0.038542
0 0.685937 0.412500 0.048958 0.039583
0 0.902604 0.928125 0.028125 0.043750
0 0.431771 0.607812 0.044792 0.030208
0 0.123958 0.820312 0.043750 0.040625
0 0.640104 0.384896 0.044792 0.055208
0 0.689583 0.304167 0.045833 0.033333
0 0.812500 0.617708 0.029167 0.050000
0 0.675521 0.903646 0.038542 0.046875
0 0.699479 0.108854 0.044792 0.042708
0 0.893750 0.426563 0.031250 0.044792
0 0.114583 0.640104 0.043750 0.042708
0 0.335417 0.694271 0.039583 0.044792
0 0.087500 0.814583 0.037500 0.025000
0 0.694792 0.878125 0.052083 0.041667
0 0.452083 0.117708 0.047917 0.052083
0 0.556250 0.290625 0.033333 0.052083
0 0.518229 0.131771 0.028125 0.040625
0 0.894271 0.520833 0.023958 0.041667
0 0.544271 0.860417 0.044792 0.052083
0 0.393750 0.472396 0.043750 0.042708
0 0.275521 0.589063 0.038542 0.040625
0 0.158854 0.293750 0.034375 0.043750
0 0.721875 0.241146 0.043750 0.055208
0 0.090625 0.746354 0.039583 0.026042
0 0.252083 0.609896 0.047917 0.030208
0 0.552083 0.376563 0.043750 0.042708
0 0.856771 0.768750 0.036458 0.022917
0 0.933854 0.633333 0.040625 0.043750
0 0.625521 0.205208 0.038542 0.043750
0 0.268750 0.380729 0.039583 0.044792
0 0.829688 0.165625 0.046875 0.043750
0 0.459896 0.261979 0.044792 0.028125
0 0.756250 0.378125 0.041667 0.025000
0 0.507292 0.270833 0.039583 0.052083
0 0.296354 0.789583 0.053125 0.045833
0 0.350000 0.756250 0.035417 0.018750
0 0.176042 0.172396 0.041667 0.021875
0 0.684896 0.635938 0.048958 0.046875
0 0.656771 0.943750 0.042708 0.041667
0 0.676562 0.331771 0.044792 0.030208
0 0.695312 0.184896 0.040625 0.028125
0 0.166667 0.873958 0.033333 0.043750
0 0.869271 0.477604 0.038542 0.051042
0 0.196875 0.187500 0.033333 0.037500
0 0.547396 0.340104 0.040625 0.032292
0 0.850521 0.078125 0.044792 0.037500
0 0.850521 0.853646 0.040625 0.023958
0 0.916667 0.865104 0.037500 0.048958
0 0.616146 0.752604 0.034375 0.051042
0 0.893750 0.091146 0.037500 0.021875
0 0.945833 0.103125 0.029167 0.041667
0 0.134896 0.793750 0.042708 0.037500
0 0.779687 0.953125 0.028125 0.050000
0 0.429167 0.748958 0.020833 0.035417
0 0.378125 0.097917 0.039583 0.041667
0 0.069792 0.827604 0.033333 0.048958
0 0.256771 0.886979 0.019792 0.038542
0 0.767708 0.717708 0.035417 0.047917
0 0.809896 0.534375 0.032292 0.039583
0 0.487500 0.751563 0.027083 0.048958
0 0.712500 0.495833 0.047917 0.037500
0 0.212500 0.867188 0.033333 0.040625
0 0.573438 0.432812 0.055208 0.046875
0 0.153125 0.515625 0.041667 0.052083
0 0.420312 0.645312 0.055208 0.040625
0 0.930208 0.904167 0.050000 0.050000
0 0.408333 0.919271 0.041667 0.044792
0 0.245312 0.692187 0.055208 0.038542
0 0.533333 0.481250 0.043750 0.052083
0 0.601562 0.693750 0.028125 0.045833
0 0.943229 0.083333 0.019792 0.035417
0 0.550521 0.164583 0.040625 0.052083
0 0.778125 0.575521 0.047917 0.046875
0 0.931250 0.186458 0.047917 0.041667
0 0.121354 0.201563 0.046875 0.055208
0 0.830729 0.504167 0.034375 0.039583
0 0.902604 0.433333 0.038542 0.047917
0 0.095833 0.932292 0.043750 0.033333
0 0.666146 0.234375 0.044792 0.052083
0 0.345833 0.360938 0.035417 0.040625
0 0.380729 0.719792 0.053125 0.043750
0 0.082292 0.406250 0.029167 0.045833
0 0.078125 0.125521 0.045833 0.023958
0 0.961979 0.561458 0.030208 0.043750
0 0.671354 0.520833 0.042708 0.037500
0 0.434896 0.195833 0.038542 0.031250
0 0.663021 0.183333 0.046875 0.031250
0 0.704688 0.596354 0.030208 0.040625
0 0.860938 0.634375 0.026042 0.039583
0 0.076042 0.901563 0.039583 0.023958
0 0.801562 0.693229 0.036458 0.040625
0 0.692708 0.524479 0.054167 0.040625
0 0.418229 0.914062 0.036458 0.046875
0 0.148958 0.639583 0.037500 0.035417
0 0.267188 0.341667 0.042708 0.037500
0 0.726042 0.360938 0.054167 0.038542
0 0.522396 0.175000 0.051042 0.050000
0 0.523958 0.593229 0.039583 0.036458
0 0.476042 0.345313 0.054167 0.042708
0 0.197917 0.699479 0.050000 0.036458
0 0.079687 0.878646 0.053125 0.032292
0 0.230729 0.803125 0.051042 0.050000
0 0.117708 0.525521 0.029167 0.040625
0 0.498958 0.509375 0.047917 0.041667
0 0.391146 0.680208 0.038542 0.035417
0 0.388021 0.247917 0.044792 0.027083
0 0.674479 0.569792 0.026042 0.047917