0 0.429167 0.090104 0.039583 0.023958
0 0.629687 0.595313 0.040625 0.034375
0 0.411458 0.766667 0.043750 0.045833
0 0.936458 0.141146 0.054167 0.046875
0 0.386979 0.295312 0.044792 0.042708
0 0.326562 0.263021 0.038542 0.023958
0 0.162500 0.923438 0.035417 0.048958
0 0.710938 0.395313 0.032292 0.044792
0 0.195833 0.207292 0.043750 0.035417
0 0.443750 0.339062 0.041667 0.044792
0 0.794271 0.819792 0.051042 0.050000
0 0.773958 0.130208 0.047917 0.041667
0 0.736979 0.247917 0.053125 0.043750
0 0.522917 0.730729 0.054167 0.040625
0 0.389062 0.538021 0.044792 0.030208
0 0.359896 0.101562 0.030208 0.040625
0 0.088542 0.189062 0.031250 0.053125
0 0.752083 0.429688 0.041667 0.048958
0 0.945312 0.879687 0.028125 0.051042
0 0.215625 0.906771 0.045833 0.026042
0 0.766667 0.220312 0.054167 0.048958
0 0.961458 0.175521 0.039583 0.032292
0 0.883333 0.771875 0.041667 0.037500
0 0.125521 0.664062 0.032292 0.040625
0 0.298438 0.636979 0.051042 0.038542
0 0.109896 0.770833 0.053125 0.039583
0 0.148438 0.906771 0.044792 0.040625
0 0.673958 0.721875 0.045833 0.031250
0 0.667188 0.854688 0.036458 0.040625
0 0.595313 0.240104 0.040625 0.051042
0 0.446875 0.398958 0.047917 0.052083
0 0.373437 0.191667 0.026042 0.041667
0 0.701562 0.413542 0.040625 0.041667
0 0.182292 0.567187 0.027083 0.042708
0 0.148438 0.886458 0.023958 0.041667
0 0.408333 0.725521 0.027083 0.042708
0 0.926042 0.577604 0.045833 0.038542
0 0.548438 0.632812 0.046875 0.055208
0 0.918229 0.513021 0.040625 0.044792
0 0.082812 0.393750 0.046875 0.043750
0 0.876563 0.468229 0.032292 0.053125
0 0.639583 0.758854 0.039583 0.044792
0 0.455208 0.856250 0.029167 0.045833
0 0.954167 0.448437 0.043750 0.026042
0 0.534375 0.910937 0.039583 0.019792
0 0.866146 0.188542 0.034375 0.043750
0 0.299479 0.594792 0.048958 0.027083
0 0.639583 0.141667 0.052083 0.035417
0 0.177083 0.949479 0.027083 0.042708
0 0.964583 0.111458 0.041667 0.027083
0 0.730208 0.315625 0.037500 0.025000
0 0.276042 0.234375 0.043750 0.052083
0 0.541146 0.391667 0.046875 0.027083
0 0.356250 0.765625 0.022917 0.043750
0 0.897396 0.553125 0.032292 0.043750
0 0.592708 0.868750 0.025000 0.037500
0 0.459375 0.546354 0.047917 0.046875
0 0.091667 0.685937 0.039583 0.030208
0 0.711979 0.349479 0.051042 0.040625
0 0.139583 0.261458 0.039583 0.025000
0 0.470313 0.959896 0.040625 0.030208
0 0.914583 0.796354 0.045833 0.055208
0 0.076042 0.196354 0.027083 0.046875
0 0.489063 0.875000 0.042708 0.037500
0 0.813021 0.278125 0.046875 0.043750
0 0.168750 0.270313 0.031250 0.040625
0 0.922917 0.142708 0.041667 0.027083
0 0.587500 0.408854 0.054167 0.042708
0 0.703125 0.809375 0.047917 0.041667
0 0.111458 0.443229 0.054167 0.048958
0 0.160938 0.150521 0.055208 0.044792
0 0.452604 0.562500 0.030208 0.050000
0 0.830208 0.885938 0.039583 0.032292
0 0.557813 0.835417 0.021875 0.037500
0 0.609896 0.871875 0.038542 0.035417
0 0.929167 0.789062 0.054167 0.048958
0 0.831771 0.404687 0.044792 0.055208
0 0.554688 0.478125 0.034375 0.043750
0 0.169271 0.116667 0.038542 0.029167
0 0.780208 0.906771 0.052083 0.032292
0 0.317708 0.927604 0.039583 0.044792
0 0.666667 0.685417 0.041667 0.031250
0 0.872396 0.192188 0.021875 0.038542
0 0.148958 0.745833 0.050000 0.047917
0 0.686458 0.928646 0.045833 0.036458
0 0.134375 0.601562 0.041667 0.021875
0 0.533333 0.668229 0.037500 0.053125
0 0.600000 0.736979 0.043750 0.042708
0 0.203125 0.681771 0.037500 0.040625
0 0.863542 0.643229 0.037500 0.038542
0 0.497917 0.073438 0.037500 0.040625
0 0.562500 0.886458 0.041667 0.031250
0 0.923438 0.700521 0.048958 0.046875
0 0.882292 0.318750 0.039583 0.041667
0 0.940104 0.288021 0.040625 0.055208
0 0.469792 0.842708 0.029167 0.041667
0 0.322917 0.181771 0.045833 0.055208
0 0.880729 0.137500 0.036458 0.052083
0 0.584896 0.391667 0.038542 0.035417
0 0.864583 0.745313 0.043750 0.026042
0 0.348958 0.775000 0.037500 0.033333
0 0.700521 0.232292 0.032292 0.043750
0 0.193229 0.156250 0.046875 0.045833
0 0.960417 0.733854 0.039583 0.028125
0 0.233854 0.723958 0.046875 0.045833
0 0.407292 0.567187 0.035417 0.053125
0 0.778125 0.360938 0.054167 0.042708
0 0.476562 0.704688 0.019792 0.038542
0 0.225521 0.378646 0.051042 0.053125
0 0.352604 0.214062 0.046875 0.055208
0 0.871354 0.645312 0.051042 0.055208
0 0.365625 0.557292 0.037500 0.035417
0 0.847917 0.332292 0.041667 0.047917
0 0.334375 0.448437 0.047917 0.032292
0 0.236458 0.616667 0.043750 0.035417
0 0.089583 0.170313 0.035417 0.044792
0 0.130729 0.521354 0.055208 0.038542
0 0.173437 0.383854 0.053125 0.034375
0 0.526042 0.443750 0.016667 0.033333
0 0.458854 0.546354 0.032292 0.040625
0 0.894792 0.106771 0.025000 0.042708
0 0.123438 0.188021 0.051042 0.042708
0 0.190104 0.456771 0.051042 0.042708
0 0.482812 0.824479 0.040625 0.019792
0 0.906771 0.615104 0.034375 0.048958
0 0.764062 0.702083 0.036458 0.043750
0 0.737500 0.948958 0.031250 0.041667
0 0.252604 0.660417 0.030208 0.043750
0 0.920833 0.846354 0.029167 0.040625
0 0.436979 0.382292 0.044792 0.047917
0 0.843750 0.588021 0.045833 0.034375
0 0.423958 0.701042 0.037500 0.041667
0 0.419271 0.125521 0.055208 0.044792
0 0.820833 0.734896 0.054167 0.036458
0 0.634375 0.748958 0.031250 0.050000
0 0.939583 0.950521 0.025000 0.046875
0 0.250521 0.711458 0.053125 0.043750
0 0.302083 0.853125 0.039583 0.041667
0 0.201042 0.348438 0.025000 0.042708
0 0.344792 0.301563 0.029167 0.046875
0 0.093229 0.354687 0.046875 0.055208
0 0.408333 0.658333 0.052083 0.045833
0 0.493750 0.595833 0.047917 0.037500
0 0.170313 0.559896 0.040625 0.046875
0 0.815104 0.428646 0.040625 0.055208
0 0.130208 0.803125 0.037500 0.031250
0 0.874479 0.690625 0.053125 0.037500
0 0.176042 0.694271 0.037500 0.053125
0 0.586979 0.092188 0.040625 0.036458
0 0.150000 0.866667 0.020833 0.035417
0 0.803125 0.961458 0.052083 0.043750
0 0.258333 0.232813 0.043750 0.032292
0 0.538021 0.257812 0.051042 0.042708
0 0.455729 0.166667 0.042708 0.041667
0 0.505729 0.864062 0.046875 0.034375
0 0.477604 0.409896 0.032292 0.048958
0 0.377083 0.178125 0.047917 0.037500
0 0.514583 0.599479 0.041667 0.021875
0 0.552604 0.710938 0.040625 0.051042
0 0.114062 0.895833 0.030208 0.039583
0 0.605208 0.640625 0.052083 0.045833
0 0.552604 0.200000 0.036458 0.047917
0 0.178125 0.128125 0.037500 0.041667
0 0.818229 0.546354 0.051042 0.053125
0 0.321354 0.928125 0.028125 0.050000
0 0.416667 0.906250 0.041667 0.027083
0 0.721875 0.450521 0.045833 0.055208
0 0.592187 0.100521 0.048958 0.028125
0 0.456771 0.633333 0.032292 0.047917
0 0.764583 0.548438 0.050000 0.044792
0 0.761979 0.973958 0.032292 0.052083
0 0.126042 0.846354 0.035417 0.040625
0 0.597917 0.878125 0.045833 0.029167
0 0.711979 0.158854 0.040625 0.051042
0 0.469792 0.820312 0.041667 0.023958
0 0.352604 0.616667 0.046875 0.031250
0 0.592708 0.802083 0.037500 0.033333
0 0.936979 0.851042 0.030208 0.039583
0 0.872396 0.876042 0.032292 0.052083
0 0.970833 0.767708 0.050000 0.033333
0 0.832812 0.429167 0.036458 0.020833
0 0.605208 0.567187 0.031250 0.053125
0 0.201563 0.839583 0.038542 0.018750
0 0.800000 0.447396 0.025000 0.046875
0 0.459896 0.306250 0.048958 0.052083
0 0.095312 0.228125 0.042708 0.031250
0 0.805729 0.352083 0.036458 0.037500
0 0.300521 0.306250 0.036458 0.037500
0 0.824479 0.629687 0.023958 0.048958
0 0.472917 0.576042 0.035417 0.052083
0 0.801562 0.597917 0.048958 0.052083
0 0.088021 0.088542 0.042708 0.054167
0 0.838021 0.866667 0.032292 0.047917
0 0.310417 0.575521 0.039583 0.036458
0 0.467708 0.153646 0.035417 0.040625
0 0.385937 0.153646 0.051042 0.042708
0 0.190625 0.471354 0.054167 0.046875
0 0.270313 0.513021 0.051042 0.053125
0 0.942187 0.771875 0.046875 0.031250
0 0.743750 0.841146 0.029167 0.046875
0 0.417708 0.798958 0.037500 0.031250
0 0.458854 0.315625 0.048958 0.041667
0 0.185417 0.839063 0.041667 0.032292
0 0.108333 0.202083 0.033333 0.037500
0 0.189062 0.928646 0.032292 0.044792
0 0.095833 0.236979 0.041667 0.032292
0 0.209896 0.401562 0.036458 0.040625
0 0.903125 0.465104 0.039583 0.038542
0 0.439063 0.213021 0.055208 0.044792
0 0.335417 0.602604 0.041667 0.044792
0 0.705729 0.470313 0.051042 0.034375
0 0.734375 0.382292 0.043750 0.035417
0 0.677604 0.754687 0.030208 0.040625
0 0.279167 0.721875 0.041667 0.037500
0 0.170313 0.912500 0.042708 0.025000
0 0.489583 0.880729 0.045833 0.055208
0 0.565625 0.946354 0.043750 0.055208
0 0.779167 0.195833 0.041667 0.039583
0 0.415104 0.225521 0.046875 0.048958
0 0.182292 0.307812 0.043750 0.032292
0 0.318229 0.458333 0.051042 0.029167
0 0.078646 0.527083 0.042708 0.037500
0 0.520312 0.585938 0.021875 0.042708
0 0.596354 0.948438 0.026042 0.046875
0 0.902083 0.069271 0.039583 0.034375
0 0.593229 0.155729 0.034375 0.040625
0 0.624479 0.314063 0.040625 0.036458
0 0.340104 0.765104 0.030208 0.053125
0 0.397396 0.658854 0.048958 0.046875
0 0.738542 0.935937 0.041667 0.055208
0 0.647396 0.399479 0.034375 0.040625
0 0.673958 0.447396 0.035417 0.053125
0 0.277604 0.773958 0.036458 0.052083
0 0.091146 0.526042 0.040625 0.022917
0 0.214583 0.341146 0.037500 0.019792
0 0.753646 0.135937 0.048958 0.055208
0 0.727083 0.135417 0.052083 0.039583
0 0.309375 0.370312 0.039583 0.026042
0 0.721354 0.198437 0.040625 0.030208
0 0.730729 0.849479 0.040625 0.038542
0 0.935937 0.325000 0.042708 0.039583
0 0.298438 0.476042 0.044792 0.027083
0 0.109896 0.310417 0.044792 0.045833
0 0.701562 0.643229 0.042708 0.044792
0 0.933854 0.896875 0.038542 0.043750
0 0.132292 0.803125 0.025000 0.039583
0 0.203646 0.482812 0.026042 0.044792
0 0.628125 0.212500 0.041667 0.039583
0 0.155729 0.602083 0.038542 0.033333
0 0.640625 0.400521 0.037500 0.038542
0 0.813021 0.842708 0.053125 0.039583
0 0.910937 0.347917 0.051042 0.050000
0 0.544271 0.419271 0.040625 0.034375
0 0.598958 0.924479 0.047917 0.032292
0 0.876042 0.628646 0.018750 0.038542
0 0.601042 0.248438 0.025000 0.046875
0 0.323958 0.261458 0.039583 0.052083
0 0.877604 0.342187 0.048958 0.046875
0 0.711979 0.259896 0.051042 0.026042
0 0.591146 0.230208 0.032292 0.047917
0 0.566667 0.659375 0.045833 0.029167
0 0.861458 0.426042 0.043750 0.033333
0 0.885417 0.936458 0.029167 0.045833
0 0.681771 0.541146 0.053125 0.032292
0 0.166667 0.242708 0.037500 0.035417
0 0.398958 0.807292 0.035417 0.037500
0 0.799479 0.569271 0.046875 0.026042
0 0.329167 0.377604 0.050000 0.038542
0 0.742188 0.413021 0.028125 0.051042
0 0.272917 0.438542 0.039583 0.052083
0 0.899479 0.677604 0.038542 0.021875
0 0.884375 0.591667 0.043750 0.027083
0 0.417187 0.727083 0.038542 0.031250
0 0.195312 0.814583 0.040625 0.022917
0 0.296875 0.274479 0.033333 0.048958
0 0.886979 0.198437 0.032292 0.048958
0 0.699479 0.489063 0.028125 0.048958
0 0.813542 0.307812 0.035417 0.048958
0 0.282292 0.607292 0.025000 0.047917
0 0.114583 0.308854 0.031250 0.053125
0 0.681771 0.585938 0.028125 0.051042
0 0.193750 0.723958 0.025000 0.037500
0 0.467708 0.691667 0.035417 0.037500
0 0.275000 0.378125 0.043750 0.033333
0 0.822917 0.521354 0.037500 0.040625
0 0.260417 0.256250 0.050000 0.047917
0 0.415625 0.758333 0.047917 0.027083
0 0.260937 0.456771 0.051042 0.040625
0 0.255208 0.603125 0.027083 0.047917
0 0.820312 0.240104 0.053125 0.034375
0 0.788542 0.145313 0.031250 0.040625
0 0.656771 0.711458 0.021875 0.039583
0 0.209896 0.185938 0.053125 0.053125
0 0.956771 0.709896 0.040625 0.034375
0 0.527604 0.294792 0.051042 0.031250
0 0.750000 0.537500 0.041667 0.029167
0 0.878646 0.673438 0.055208 0.051042
0 0.377604 0.303125 0.042708 0.031250
0 0.777604 0.647917 0.042708 0.054167
0 0.460938 0.571354 0.048958 0.048958
0 0.091667 0.965625 0.033333 0.037500
0 0.091667 0.332813 0.033333 0.053125
0 0.653125 0.227604 0.037500 0.040625
0 0.462500 0.945312 0.043750 0.042708
0 0.451042 0.140104 0.052083 0.032292
0 0.227604 0.625000 0.044792 0.047917
0 0.902083 0.941667 0.052083 0.045833
0 0.114583 0.392708 0.027083 0.047917
0 0.263021 0.879687 0.048958 0.044792
0 0.179167 0.371875 0.027083 0.037500
0 0.270833 0.450000 0.027083 0.037500
0 0.680208 0.378646 0.037500 0.021875
0 0.100000 0.516667 0.020833 0.035417
0 0.576562 0.217708 0.038542 0.035417
0 0.216146 0.410417 0.042708 0.039583
0 0.089583 0.933333 0.052083 0.043750
0 0.607812 0.435417 0.023958 0.047917
0 0.133333 0.486458 0.025000 0.043750
0 0.666146 0.525521 0.048958 0.046875
0 0.479687 0.865104 0.046875 0.032292
0 0.637500 0.591146 0.043750 0.042708
0 0.083854 0.698438 0.023958 0.040625
0 0.692187 0.355729 0.044792 0.026042
0 0.788542 0.438021 0.045833 0.026042
0 0.216146 0.174479 0.048958 0.032292
0 0.070833 0.702083 0.033333 0.043750
0 0.540104 0.201042 0.040625 0.041667
0 0.707812 0.590104 0.044792 0.021875
0 0.238542 0.227083 0.052083 0.039583
0 0.873437 0.347396 0.051042 0.036458
0 0.101562 0.795833 0.046875 0.029167
0 0.586979 0.160938 0.019792 0.038542
0 0.148958 0.415104 0.039583 0.048958
0 0.297917 0.883854 0.039583 0.044792
0 0.433333 0.748958 0.033333 0.047917
0 0.703646 0.467187 0.048958 0.046875
0 0.335938 0.661979 0.042708 0.021875
0 0.839583 0.729688 0.039583 0.036458
0 0.935937 0.255729 0.040625 0.036458
0 0.367708 0.638021 0.041667 0.021875
0 0.758333 0.253125 0.033333 0.043750
0 0.751563 0.860938 0.034375 0.040625
0 0.634896 0.722917 0.034375 0.047917
0 0.511458 0.579167 0.043750 0.022917
0 0.730208 0.473438 0.020833 0.038542
0 0.616667 0.923958 0.047917 0.041667
0 0.230729 0.656250 0.042708 0.025000
0 0.773958 0.551562 0.043750 0.048958
0 0.834896 0.607292 0.042708 0.039583
0 0.102604 0.628646 0.030208 0.044792
0 0.846875 0.818229 0.027083 0.040625
0 0.841146 0.911458 0.040625 0.025000
0 0.584375 0.952604 0.047917 0.032292
0 0.569271 0.394271 0.044792 0.028125
0 0.247396 0.306771 0.051042 0.028125
0 0.119271 0.603125 0.023958 0.043750
0 0.741667 0.938021 0.025000 0.042708
0 0.377083 0.633333 0.029167 0.045833
0 0.916146 0.226042 0.040625 0.022917
0 0.067708 0.682292 0.031250 0.037500
0 0.604167 0.671354 0.027083 0.042708
0 0.162500 0.240625 0.022917 0.039583
0 0.710417 0.530208 0.037500 0.047917
0 0.165104 0.467708 0.036458 0.037500
0 0.363021 0.414583 0.038542 0.035417
0 0.657813 0.196875 0.046875 0.045833
0 0.726042 0.929167 0.035417 0.018750
0 0.460417 0.367708 0.043750 0.045833
0 0.450521 0.118229 0.030208 0.048958
0 0.408333 0.887500 0.022917 0.043750
0 0.884896 0.509896 0.021875 0.038542
0 0.556771 0.922917 0.034375 0.047917
0 0.179688 0.137500 0.048958 0.035417
0 0.495833 0.930729 0.043750 0.032292
0 0.405208 0.840104 0.020833 0.040625
0 0.545833 0.101562 0.041667 0.055208
0 0.126562 0.215625 0.048958 0.052083
0 0.758854 0.461979 0.053125 0.032292
0 0.103125 0.892708 0.039583 0.047917
0 0.457292 0.803125 0.035417 0.037500
0 0.601562 0.345313 0.036458 0.040625
0 0.318229 0.414583 0.036458 0.020833
0 0.078125 0.926042 0.029167 0.050000
0 0.486458 0.392188 0.029167 0.048958
0 0.286979 0.410417 0.034375 0.039583
0 0.755729 0.570833 0.042708 0.025000
0 0.634896 0.341146 0.038542 0.038542
0 0.140104 0.328646 0.046875 0.028125
0 0.246875 0.248958 0.025000 0.043750
0 0.300521 0.608333 0.040625 0.052083
0 0.467187 0.708854 0.051042 0.040625
0 0.133854 0.183854 0.036458 0.040625
0 0.252083 0.532813 0.054167 0.042708
0 0.916146 0.302083 0.034375 0.037500
0 0.653125 0.925521 0.037500 0.038542
0 0.615625 0.292708 0.018750 0.037500
0 0.848437 0.567187 0.030208 0.044792
0 0.586979 0.251563 0.044792 0.030208
0 0.959375 0.175521 0.050000 0.034375
0 0.644792 0.878125 0.045833 0.052083
0 0.197396 0.668229 0.044792 0.028125
0 0.943750 0.152604 0.035417 0.053125
0 0.223438 0.951042 0.032292 0.047917
0 0.342708 0.469792 0.050000 0.033333
0 0.469271 0.757292 0.028125 0.043750
0 0.426563 0.843229 0.040625 0.032292
0 0.816667 0.143229 0.037500 0.044792
0 0.632292 0.904167 0.031250 0.045833
0 0.315625 0.485417 0.027083 0.047917
0 0.094792 0.611458 0.029167 0.050000
0 0.926562 0.253646 0.046875 0.048958
0 0.779167 0.876042 0.039583 0.020833
0 0.648438 0.523438 0.051042 0.030208
0 0.926042 0.263542 0.050000 0.047917
0 0.518229 0.834896 0.055208 0.048958
0 0.770312 0.288542 0.042708 0.027083
0 0.357812 0.946354 0.053125 0.030208
0 0.445833 0.197396 0.043750 0.042708
0 0.543750 0.359375 0.047917 0.039583
0 0.380729 0.382292 0.021875 0.037500
0 0.730208 0.941667 0.039583 0.052083
0 0.512500 0.277604 0.047917 0.046875
0 0.361458 0.202604 0.039583 0.048958
0 0.520833 0.932813 0.025000 0.048958
0 0.353125 0.288021 0.054167 0.046875
0 0.130729 0.321875 0.044792 0.052083
0 0.203646 0.540104 0.038542 0.046875
0 0.781250 0.436458 0.050000 0.050000
0 0.825000 0.574479 0.043750 0.028125
0 0.324479 0.709896 0.040625 0.030208
0 0.238021 0.901563 0.051042 0.034375
0 0.100521 0.605729 0.034375 0.053125
0 0.286458 0.440625 0.037500 0.035417
0 0.344792 0.756250 0.037500 0.029167
0 0.617188 0.554688 0.036458 0.040625
0 0.669792 0.376563 0.025000 0.042708
0 0.559375 0.800521 0.039583 0.044792
0 0.583854 0.349479 0.046875 0.040625
0 0.912500 0.429167 0.043750 0.035417
0 0.121875 0.802604 0.052083 0.030208
0 0.180729 0.344271 0.051042 0.040625
0 0.200521 0.436458 0.048958 0.052083
0 0.546354 0.755208 0.019792 0.035417
0 0.701562 0.815625 0.036458 0.037500
0 0.555208 0.661979 0.045833 0.040625
0 0.563021 0.300521 0.055208 0.040625
0 0.197396 0.790625 0.023958 0.043750
0 0.659896 0.669271 0.040625 0.055208
0 0.084896 0.393750 0.051042 0.035417
0 0.098437 0.780208 0.036458 0.018750
0 0.532813 0.591667 0.023958 0.045833
0 0.752604 0.634375 0.048958 0.033333
0 0.926042 0.201563 0.029167 0.044792
0 0.080729 0.308854 0.055208 0.046875
0 0.166146 0.660417 0.040625 0.047917
0 0.417187 0.953125 0.053125 0.037500
0 0.416667 0.409896 0.047917 0.048958
0 0.202083 0.106771 0.020833 0.038542
0 0.097396 0.148958 0.038542 0.043750
0 0.254688 0.258854 0.046875 0.038542
0 0.938542 0.637500 0.052083 0.047917
0 0.621354 0.377083 0.038542 0.047917
0 0.439063 0.486979 0.038542 0.046875
0 0.773438 0.200000 0.046875 0.031250
0 0.202083 0.149479 0.045833 0.038542
0 0.943229 0.738542 0.048958 0.039583
0 0.420312 0.597396 0.030208 0.044792
0 0.414583 0.393750 0.043750 0.035417
0 0.206771 0.692708 0.042708 0.031250
0 0.559896 0.186458 0.036458 0.047917
0 0.846354 0.855208 0.042708 0.039583
0 0.691146 0.195312 0.048958 0.030208
0 0.756771 0.632292 0.040625 0.047917
0 0.259375 0.754167 0.045833 0.029167
0 0.511979 0.756771 0.051042 0.026042
0 0.618750 0.330729 0.045833 0.048958
0 0.087500 0.268750 0.045833 0.029167
0 0.509375 0.820833 0.041667 0.031250
0 0.884896 0.883333 0.048958 0.041667
0 0.250521 0.900000 0.036458 0.043750
0 0.625521 0.879687 0.055208 0.040625
0 0.943229 0.743229 0.023958 0.046875
0 0.223438 0.799479 0.053125 0.032292
0 0.956250 0.276562 0.031250 0.040625
0 0.762500 0.483854 0.033333 0.053125
0 0.517188 0.100521 0.026042 0.046875
0 0.813021 0.626563 0.026042 0.046875
0 0.494271 0.296354 0.026042 0.040625
0 0.670312 0.083854 0.030208 0.044792
0 0.442188 0.793750 0.038542 0.035417
0 0.765104 0.885417 0.053125 0.039583
0 0.938021 0.425000 0.046875 0.029167
0 0.149479 0.772396 0.044792 0.042708
0 0.549479 0.218229 0.055208 0.040625
0 0.125521 0.455208 0.038542 0.025000
0 0.445312 0.074479 0.042708 0.023958
0 0.547917 0.413542 0.047917 0.025000
0 0.208854 0.509896 0.048958 0.055208
0 0.154688 0.368229 0.046875 0.048958
0 0.658854 0.240104 0.046875 0.055208
0 0.956250 0.814583 0.047917 0.052083
0 0.605208 0.361458 0.022917 0.039583
0 0.643229 0.708854 0.055208 0.046875
0 0.297917 0.950521 0.047917 0.046875
0 0.757812 0.792188 0.042708 0.055208
0 0.546354 0.325000 0.038542 0.027083
0 0.781250 0.730729 0.033333 0.044792
0 0.559375 0.596875 0.041667 0.029167
0 0.143750 0.865104 0.045833 0.028125
0 0.185938 0.541146 0.040625 0.023958
0 0.305729 0.750521 0.040625 0.032292
0 0.343229 0.435417 0.034375 0.039583
0 0.866667 0.093750 0.035417 0.037500
0 0.477604 0.403125 0.046875 0.027083
0 0.472396 0.621875 0.042708 0.054167
0 0.163021 0.572917 0.038542 0.043750
0 0.617188 0.871875 0.048958 0.050000
0 0.316667 0.391667 0.039583 0.025000
0 0.154688 0.478125 0.042708 0.054167
0 0.260417 0.620313 0.035417 0.053125
0 0.225521 0.545833 0.044792 0.035417
0 0.453125 0.355729 0.054167 0.046875
0 0.302604 0.383333 0.053125 0.037500
0 0.757812 0.755208 0.044792 0.052083
0 0.876563 0.791146 0.028125 0.044792
0 0.313021 0.196354 0.046875 0.048958
0 0.155729 0.882812 0.055208 0.042708
0 0.601562 0.670833 0.038542 0.047917
0 0.806250 0.732292 0.031250 0.050000
0 0.813542 0.930208 0.052083 0.045833
0 0.155208 0.234896 0.047917 0.044792
0 0.589583 0.926042 0.022917 0.037500
0 0.579167 0.556771 0.027083 0.042708
0 0.604167 0.706250 0.045833 0.043750
0 0.633333 0.532292 0.043750 0.035417
0 0.510938 0.773958 0.040625 0.047917
0 0.951562 0.310937 0.034375 0.046875
0 0.452083 0.779687 0.033333 0.048958
0 0.640104 0.220312 0.051042 0.044792
0 0.068229 0.371875 0.019792 0.035417
0 0.917188 0.723437 0.028125 0.046875
0 0.883854 0.532292 0.038542 0.047917
0 0.938021 0.100000 0.038542 0.035417
0 0.149479 0.526042 0.038542 0.033333
0 0.251563 0.360417 0.048958 0.052083
0 0.802083 0.291146 0.039583 0.030208
0 0.140625 0.507292 0.031250 0.041667
0 0.216667 0.970833 0.047917 0.052083
0 0.403125 0.938021 0.025000 0.038542
0 0.403646 0.563542 0.048958 0.052083
0 0.247917 0.080729 0.029167 0.046875
0 0.452083 0.844792 0.041667 0.037500
0 0.435417 0.535417 0.035417 0.052083
0 0.902604 0.420312 0.040625 0.036458
0 0.605208 0.762500 0.037500 0.027083
0 0.404167 0.903646 0.041667 0.055208
0 0.823958 0.803125 0.041667 0.025000
0 0.513021 0.747396 0.044792 0.030208
0 0.272917 0.683854 0.050000 0.034375
0 0.211979 0.930729 0.040625 0.032292
0 0.884896 0.490625 0.042708 0.037500
0 0.251042 0.717187 0.037500 0.038542
0 0.770833 0.483333 0.047917 0.033333
0 0.563021 0.384375 0.042708 0.039583
0 0.227604 0.897396 0.040625 0.034375
0 0.146875 0.811458 0.050000 0.047917
0 0.665104 0.093750 0.036458 0.020833
0 0.164583 0.244271 0.039583 0.044792
0 0.865104 0.086979 0.044792 0.030208
0 0.795312 0.885938 0.038542 0.040625
0 0.403646 0.454167 0.044792 0.047917
0 0.429167 0.426563 0.039583 0.023958
0 0.678646 0.889062 0.048958 0.046875
0 0.315104 0.229687 0.030208 0.040625
0 0.627083 0.871875 0.035417 0.052083
0 0.757812 0.556250 0.034375 0.043750
0 0.154167 0.839583 0.037500 0.025000
0 0.944792 0.126042 0.045833 0.029167
0 0.731250 0.723437 0.050000 0.034375
0 0.152083 0.424479 0.037500 0.044792
0 0.872917 0.844271 0.039583 0.030208
0 0.930729 0.497396 0.028125 0.051042
0 0.344271 0.629687 0.055208 0.040625
0 0.908333 0.329167 0.041667 0.031250
0 0.946354 0.906771 0.038542 0.051042
0 0.387500 0.736979 0.047917 0.053125
0 0.631250 0.752604 0.041667 0.021875
0 0.275521 0.822396 0.040625 0.051042
0 0.285417 0.708854 0.041667 0.032292
0 0.878125 0.729167 0.037500 0.033333
0 0.689583 0.534896 0.043750 0.026042
0 0.290104 0.528646 0.044792 0.028125
0 0.128646 0.635417 0.046875 0.027083
0 0.233333 0.540625 0.052083 0.037500
0 0.325521 0.629167 0.034375 0.043750
0 0.110417 0.351562 0.039583 0.048958
0 0.947917 0.465625 0.047917 0.041667
0 0.221875 0.747917 0.031250 0.041667
0 0.248958 0.724479 0.050000 0.036458
0 0.258333 0.256250 0.031250 0.041667
0 0.525521 0.890625 0.048958 0.039583
0 0.909896 0.296354 0.030208 0.040625
0 0.148958 0.891667 0.037500 0.033333
0 0.409375 0.217708 0.020833 0.039583
0 0.752083 0.676562 0.037500 0.040625
0 0.313021 0.625521 0.040625 0.034375
0 0.359375 0.240625 0.037500 0.041667
0 0.896354 0.970833 0.053125 0.045833
0 0.861458 0.849479 0.029167 0.048958
0 0.463542 0.786979 0.050000 0.040625
0 0.616146 0.829688 0.048958 0.046875
0 0.119271 0.658333 0.034375 0.047917
0 0.758854 0.565625 0.036458 0.043750
0 0.918750 0.584375 0.041667 0.027083
0 0.576042 0.861458 0.029167 0.037500
0 0.871875 0.100521 0.033333 0.048958
0 0.239583 0.895312 0.043750 0.048958
0 0.120833 0.116146 0.035417 0.048958
0 0.095833 0.344792 0.035417 0.037500
0 0.576042 0.434375 0.050000 0.031250
0 0.480729 0.093229 0.042708 0.044792
0 0.263542 0.699479 0.043750 0.055208
0 0.832292 0.752604 0.037500 0.048958
0 0.285938 0.740104 0.040625 0.044792
0 0.729167 0.817708 0.037500 0.035417
0 0.744792 0.815625 0.027083 0.041667
0 0.364583 0.139063 0.050000 0.053125
0 0.794792 0.925000 0.018750 0.035417
0 0.751563 0.441146 0.040625 0.028125
0 0.569271 0.454167 0.030208 0.039583
0 0.372396 0.191146 0.038542 0.023958
0 0.202604 0.793229 0.026042 0.044792
0 0.227083 0.441667 0.037500 0.041667
0 0.813542 0.418750 0.035417 0.037500
0 0.694792 0.929688 0.041667 0.048958
0 0.104167 0.439583 0.037500 0.043750
0 0.653646 0.411458 0.034375 0.039583
0 0.486979 0.349479 0.055208 0.040625
0 0.079167 0.657813 0.027083 0.038542
0 0.955729 0.635417 0.048958 0.035417
0 0.215625 0.158854 0.043750 0.042708
0 0.564063 0.093750 0.042708 0.037500
0 0.959896 0.108854 0.036458 0.040625
0 0.781250 0.626563 0.045833 0.034375
0 0.904167 0.655208 0.027083 0.041667
0 0.678125 0.138542 0.052083 0.047917
0 0.356771 0.204167 0.030208 0.047917
0 0.940625 0.647917 0.037500 0.027083
0 0.917708 0.435417 0.029167 0.045833
0 0.645833 0.176042 0.035417 0.018750
0 0.080729 0.129167 0.051042 0.029167
0 0.655729 0.804688 0.044792 0.021875
0 0.119792 0.706771 0.022917 0.042708
0 0.442708 0.140625 0.035417 0.043750
0 0.729167 0.204167 0.047917 0.027083
0 0.478646 0.620313 0.032292 0.040625
0 0.407813 0.363021 0.055208 0.044792
0 0.419271 0.339062 0.053125 0.053125
0 0.157292 0.247396 0.029167 0.046875
0 0.321354 0.638021 0.032292 0.044792
0 0.283854 0.281771 0.048958 0.048958
0 0.945312 0.795833 0.032292 0.047917
0 0.136458 0.909896 0.031250 0.040625
0 0.666146 0.616667 0.028125 0.041667
0 0.271875 0.391146 0.037500 0.040625
0 0.813542 0.427604 0.045833 0.038542
0 0.598958 0.554688 0.027083 0.042708
0 0.439583 0.529167 0.033333 0.037500
0 0.325000 0.216667 0.041667 0.025000
0 0.836979 0.957292 0.036458 0.037500
0 0.851562 0.606250 0.053125 0.035417
0 0.792708 0.401562 0.041667 0.044792
0 0.650521 0.733854 0.048958 0.044792
0 0.245833 0.851042 0.043750 0.035417
0 0.131250 0.739583 0.027083 0.043750
0 0.169792 0.833854 0.045833 0.036458
0 0.557292 0.148438 0.047917 0.030208
0 0.182812 0.816146 0.032292 0.048958
0 0.157292 0.764583 0.047917 0.025000
0 0.168750 0.257812 0.054167 0.036458
0 0.229167 0.168750 0.039583 0.047917
0 0.338021 0.843229 0.042708 0.055208
0 0.949479 0.471354 0.044792 0.048958
0 0.429688 0.861979 0.036458 0.051042
0 0.109896 0.172917 0.048958 0.033333
0 0.732812 0.131771 0.038542 0.051042
0 0.891146 0.579688 0.028125 0.048958
0 0.246354 0.156250 0.040625 0.052083
0 0.295312 0.642708 0.040625 0.054167
0 0.738021 0.855729 0.028125 0.044792
0 0.742708 0.110417 0.037500 0.035417
0 0.131771 0.752083 0.032292 0.039583
0 0.340625 0.713021 0.039583 0.038542
0 0.581771 0.897917 0.023958 0.037500
0 0.085417 0.473958 0.045833 0.052083
0 0.121354 0.731250 0.036458 0.037500
0 0.580208 0.257812 0.050000 0.042708
0 0.486458 0.113021 0.050000 0.053125
0 0.246875 0.302083 0.052083 0.045833
0 0.371875 0.408854 0.025000 0.048958