0 0.488021 0.385937 0.053125 0.051042
0 0.464062 0.329688 0.038542 0.046875
0 0.483333 0.379167 0.047917 0.050000
0 0.733854 0.259375 0.048958 0.052083
0 0.511979 0.763021 0.044792 0.032292
0 0.921354 0.716667 0.046875 0.052083
0 0.186979 0.827083 0.048958 0.052083
0 0.879687 0.225000 0.051042 0.029167
0 0.162500 0.451562 0.039583 0.036458
0 0.530729 0.753125 0.028125 0.043750
0 0.637500 0.476042 0.052083 0.041667
0 0.318750 0.598437 0.037500 0.019792
0 0.077083 0.568229 0.045833 0.034375
0 0.887500 0.960938 0.041667 0.044792
0 0.719792 0.332813 0.052083 0.034375
0 0.298438 0.556250 0.038542 0.035417
0 0.903646 0.869792 0.036458 0.043750
0 0.733333 0.454167 0.037500 0.031250
0 0.622917 0.853646 0.037500 0.021875
0 0.786979 0.190104 0.048958 0.046875
0 0.647396 0.739583 0.036458 0.018750
0 0.410417 0.486979 0.050000 0.053125
0 0.560937 0.726042 0.038542 0.052083
0 0.757292 0.334375 0.037500 0.031250
0 0.649479 0.481771 0.030208 0.044792
0 0.480208 0.408854 0.039583 0.053125
0 0.175521 0.349479 0.038542 0.046875
0 0.850521 0.968229 0.055208 0.042708
0 0.177604 0.246354 0.036458 0.046875
0 0.534375 0.365625 0.047917 0.039583
0 0.448437 0.341146 0.026042 0.044792
0 0.330729 0.181771 0.040625 0.051042
0 0.718229 0.865104 0.040625 0.036458
0 0.593750 0.761979 0.029167 0.040625
0 0.847917 0.354167 0.050000 0.031250
0 0.693229 0.503125 0.038542 0.043750
0 0.790104 0.443229 0.046875 0.038542
0 0.948438 0.928646 0.055208 0.038542
0 0.800000 0.523438 0.054167 0.051042
0 0.419792 0.427083 0.037500 0.033333
0 0.344271 0.726562 0.026042 0.046875
0 0.253125 0.563542 0.045833 0.027083
0 0.451042 0.634375 0.043750 0.033333
0 0.308854 0.923438 0.048958 0.046875
0 0.424479 0.917188 0.028125 0.051042
0 0.555208 0.623958 0.033333 0.043750
0 0.249479 0.810937 0.048958 0.046875
0 0.277083 0.700521 0.037500 0.048958
0 0.173958 0.143750 0.037500 0.031250
0 0.697396 0.332292 0.034375 0.043750
0 0.468750 0.692708 0.037500 0.035417
0 0.862500 0.559896 0.052083 0.032292
0 0.777604 0.482812 0.042708 0.055208
0 0.346354 0.490104 0.053125 0.053125
0 0.261458 0.822396 0.047917 0.053125
0 0.285417 0.488542 0.045833 0.027083
0 0.497917 0.150000 0.047917 0.027083
0 0.331771 0.353125 0.038542 0.033333
0 0.688021 0.611979 0.044792 0.051042
0 0.573958 0.536458 0.033333 0.047917
0 0.526563 0.557292 0.030208 0.043750
0 0.771875 0.170313 0.050000 0.044792
0 0.434896 0.514062 0.055208 0.036458
0 0.259896 0.666146 0.044792 0.042708
0 0.138542 0.561458 0.047917 0.039583
0 0.245833 0.255208 0.033333 0.043750
0 0.838021 0.472396 0.032292 0.040625
0 0.386458 0.785937 0.031250 0.040625
0 0.180729 0.446354 0.040625 0.038542
0 0.451562 0.716667 0.034375 0.052083
0 0.660417 0.348958 0.037500 0.031250
0 0.462500 0.102083 0.022917 0.039583
0 0.953125 0.797396 0.050000 0.044792
0 0.820833 0.563021 0.029167 0.051042
0 0.392708 0.570833 0.033333 0.016667
0 0.380729 0.656771 0.055208 0.044792
0 0.148438 0.507812 0.040625 0.038542
0 0.841667 0.202604 0.020833 0.036458
0 0.688542 0.525000 0.041667 0.031250
0 0.592708 0.709896 0.041667 0.021875
0 0.818750 0.641667 0.039583 0.047917
0 0.316146 0.764062 0.053125 0.051042
0 0.230208 0.419792 0.037500 0.031250
0 0.642188 0.460938 0.044792 0.030208
0 0.088021 0.606250 0.040625 0.047917
0 0.215104 0.178125 0.021875 0.037500
0 0.569271 0.817708 0.038542 0.031250
0 0.431250 0.374479 0.050000 0.034375
0 0.915625 0.716667 0.037500 0.018750
0 0.332813 0.119792 0.044792 0.052083
0 0.332292 0.516667 0.043750 0.025000
0 0.090104 0.388542 0.036458 0.037500
0 0.579688 0.772917 0.028125 0.050000
0 0.316667 0.744792 0.027083 0.045833
0 0.780208 0.721354 0.039583 0.044792
0 0.246354 0.745833 0.023958 0.047917
0 0.702083 0.339583 0.045833 0.045833
0 0.464062 0.297917 0.032292 0.047917
0 0.659375 0.746354 0.027083 0.042708
0 0.704167 0.388542 0.033333 0.037500
0 0.496354 0.358333 0.040625 0.052083
0 0.105729 0.906771 0.046875 0.034375
0 0.908854 0.307292 0.040625 0.022917
0 0.405729 0.444271 0.051042 0.034375
0 0.623437 0.182812 0.040625 0.034375
0 0.775521 0.728646 0.028125 0.044792
0 0.100521 0.403125 0.048958 0.052083
0 0.387500 0.173958 0.022917 0.037500
0 0.498437 0.589583 0.023958 0.043750
0 0.101562 0.961458 0.019792 0.035417
0 0.279167 0.127604 0.043750 0.040625
0 0.457813 0.837500 0.042708 0.039583
0 0.653125 0.543229 0.041667 0.055208
0 0.639583 0.556250 0.037500 0.031250
0 0.511979 0.697396 0.036458 0.040625
0 0.844792 0.374479 0.041667 0.032292
0 0.731250 0.610417 0.037500 0.047917
0 0.819792 0.599479 0.043750 0.030208
0 0.604688 0.361979 0.036458 0.040625
0 0.183854 0.614583 0.038542 0.027083
0 0.816667 0.460938 0.054167 0.048958
0 0.706250 0.325521 0.045833 0.026042
0 0.494271 0.239063 0.026042 0.040625
0 0.808854 0.236979 0.036458 0.040625
0 0.796875 0.805729 0.052083 0.051042
0 0.960938 0.270833 0.044792 0.025000
0 0.765625 0.092708 0.043750 0.052083
0 0.365625 0.360417 0.041667 0.025000
0 0.546354 0.281771 0.048958 0.044792
0 0.842708 0.120313 0.037500 0.019792
0 0.917708 0.503646 0.041667 0.042708
0 0.196354 0.117708 0.028125 0.039583
0 0.101042 0.941667 0.031250 0.045833
0 0.178646 0.630729 0.038542 0.021875
0 0.952604 0.357292 0.046875 0.022917
0 0.634896 0.799479 0.034375 0.048958
0 0.488021 0.640625 0.042708 0.037500
0 0.461458 0.904687 0.033333 0.040625
0 0.200000 0.895312 0.054167 0.038542
0 0.853125 0.110937 0.039583 0.034375
0 0.603125 0.371354 0.043750 0.026042
0 0.845833 0.326042 0.047917 0.037500
0 0.754687 0.246354 0.044792 0.042708
0 0.946354 0.188542 0.038542 0.035417
0 0.755729 0.717708 0.040625 0.054167
0 0.080208 0.777604 0.043750 0.030208
0 0.865104 0.602083 0.038542 0.047917
0 0.290104 0.426042 0.023958 0.041667
0 0.674479 0.235937 0.021875 0.042708
0 0.583854 0.757812 0.048958 0.055208
0 0.917708 0.186979 0.052083 0.032292
0 0.651563 0.078646 0.040625 0.026042
0 0.313021 0.752604 0.038542 0.021875
0 0.765104 0.427083 0.030208 0.039583
0 0.573958 0.893229 0.039583 0.044792
0 0.317708 0.923958 0.047917 0.041667
0 0.609375 0.426563 0.039583 0.038542
0 0.474479 0.376042 0.038542 0.035417
0 0.690104 0.940625 0.034375 0.039583
0 0.431771 0.437500 0.028125 0.039583
0 0.825000 0.876563 0.037500 0.038542
0 0.858333 0.538021 0.035417 0.040625
0 0.604688 0.834896 0.026042 0.046875
0 0.912500 0.609896 0.050000 0.053125
0 0.108854 0.845313 0.044792 0.026042
0 0.673438 0.292187 0.044792 0.032292
0 0.579688 0.547917 0.017708 0.035417
0 0.419792 0.238021 0.050000 0.028125
0 0.142187 0.118750 0.044792 0.027083
0 0.462500 0.744271 0.045833 0.055208
0 0.253646 0.547917 0.053125 0.047917
0 0.282813 0.771875 0.026042 0.039583
0 0.323958 0.696354 0.037500 0.023958
0 0.137500 0.167187 0.020833 0.038542
0 0.814583 0.859896 0.050000 0.053125
0 0.330208 0.415104 0.025000 0.038542
0 0.179167 0.251042 0.029167 0.050000
0 0.690625 0.546354 0.037500 0.021875
0 0.310937 0.437500 0.046875 0.043750
0 0.435937 0.490104 0.042708 0.044792
0 0.841667 0.625521 0.039583 0.030208
0 0.112500 0.530729 0.045833 0.023958
0 0.873437 0.905208 0.048958 0.027083
0 0.866146 0.558854 0.040625 0.032292
0 0.214583 0.571354 0.037500 0.038542
0 0.213542 0.753646 0.027083 0.042708
0 0.724479 0.524479 0.040625 0.034375
0 0.336458 0.747917 0.035417 0.043750
0 0.827083 0.279167 0.033333 0.037500
0 0.653646 0.805729 0.023958 0.046875
0 0.133333 0.914583 0.043750 0.052083
0 0.972396 0.827604 0.055208 0.046875
0 0.955729 0.782813 0.051042 0.053125
0 0.883333 0.106771 0.050000 0.042708
0 0.107292 0.089063 0.035417 0.040625
0 0.744271 0.882292 0.051042 0.050000
0 0.659375 0.156771 0.025000 0.042708
0 0.268229 0.836979 0.040625 0.030208
0 0.974479 0.496875 0.053125 0.039583
0 0.382812 0.428646 0.051042 0.053125
0 0.746875 0.134896 0.043750 0.028125
0 0.632812 0.547396 0.048958 0.032292
0 0.844271 0.764583 0.053125 0.045833
0 0.565625 0.429167 0.045833 0.031250
0 0.109896 0.576562 0.023958 0.042708
0 0.250000 0.640104 0.041667 0.042708
0 0.128125 0.130208 0.033333 0.043750
0 0.773438 0.910937 0.042708 0.044792
0 0.454688 0.720313 0.044792 0.040625
0 0.335938 0.600521 0.036458 0.055208
0 0.156771 0.788021 0.032292 0.044792
0 0.549479 0.645312 0.040625 0.044792
0 0.617708 0.302604 0.020833 0.036458
0 0.371875 0.869792 0.052083 0.037500
0 0.340104 0.375521 0.040625 0.044792
0 0.842187 0.685937 0.051042 0.044792
0 0.472396 0.231771 0.040625 0.038542
0 0.526563 0.673438 0.044792 0.040625
0 0.160417 0.106250 0.047917 0.037500
0 0.572396 0.653125 0.038542 0.025000
0 0.221354 0.839583 0.044792 0.027083
0 0.359896 0.635417 0.026042 0.039583
0 0.918229 0.650000 0.038542 0.029167
0 0.496875 0.266667 0.041667 0.029167
0 0.563021 0.783854 0.038542 0.046875
0 0.137500 0.601562 0.041667 0.021875
0 0.837500 0.660937 0.045833 0.048958
0 0.936458 0.772917 0.045833 0.052083
0 0.630208 0.435417 0.039583 0.052083
0 0.320312 0.178125 0.048958 0.039583
0 0.610938 0.774479 0.032292 0.053125
0 0.914583 0.582292 0.041667 0.052083
0 0.134375 0.805208 0.041667 0.031250
0 0.207813 0.480208 0.030208 0.047917
0 0.351042 0.298438 0.050000 0.042708
0 0.963542 0.092188 0.041667 0.044792
0 0.347396 0.803646 0.036458 0.040625
0 0.133333 0.820312 0.050000 0.040625
0 0.297396 0.648438 0.051042 0.034375
0 0.630729 0.190104 0.046875 0.038542
0 0.487500 0.442188 0.022917 0.038542
0 0.164062 0.745833 0.038542 0.047917
0 0.694271 0.883333 0.051042 0.050000
0 0.353125 0.209375 0.022917 0.039583
0 0.517708 0.331771 0.033333 0.053125
0 0.686979 0.909896 0.019792 0.038542
0 0.691667 0.516146 0.054167 0.044792
0 0.426563 0.495833 0.046875 0.045833
0 0.235937 0.401042 0.028125 0.045833
0 0.296875 0.842187 0.039583 0.036458
0 0.514062 0.566667 0.038542 0.035417
0 0.438021 0.314583 0.038542 0.035417
0 0.403646 0.110937 0.038542 0.051042
0 0.710938 0.929167 0.026042 0.041667
0 0.564063 0.529167 0.034375 0.052083
0 0.079687 0.079687 0.040625 0.032292
0 0.495312 0.236979 0.032292 0.046875
0 0.858333 0.765104 0.043750 0.042708
0 0.852604 0.905729 0.040625 0.034375
0 0.316146 0.826562 0.044792 0.042708
0 0.707292 0.379167 0.045833 0.029167
0 0.141667 0.816146 0.050000 0.038542
0 0.493229 0.754687 0.055208 0.048958
0 0.168229 0.859896 0.053125 0.051042
0 0.887500 0.270833 0.029167 0.041667
0 0.838542 0.953125 0.041667 0.039583
0 0.732292 0.578125 0.037500 0.041667
0 0.694792 0.779167 0.052083 0.045833
0 0.851042 0.547917 0.033333 0.037500
0 0.755208 0.194271 0.029167 0.044792
0 0.733854 0.110937 0.051042 0.044792
0 0.092188 0.476042 0.046875 0.052083
0 0.303125 0.890625 0.029167 0.037500
0 0.730208 0.699479 0.041667 0.042708
0 0.433854 0.802604 0.048958 0.044792
0 0.640104 0.221354 0.038542 0.019792
0 0.929167 0.692187 0.045833 0.048958
0 0.530208 0.960938 0.037500 0.040625
0 0.790104 0.795312 0.023958 0.048958
0 0.786458 0.639062 0.045833 0.026042
0 0.159375 0.245312 0.031250 0.040625
0 0.791146 0.266146 0.038542 0.055208
0 0.318229 0.821354 0.038542 0.055208
0 0.870313 0.957812 0.034375 0.051042
0 0.547396 0.193750 0.021875 0.039583
0 0.193229 0.154167 0.042708 0.039583
0 0.836979 0.441146 0.040625 0.032292
0 0.290625 0.790104 0.035417 0.040625
0 0.391667 0.864062 0.050000 0.044792
0 0.667188 0.577604 0.038542 0.055208
0 0.934896 0.380729 0.051042 0.040625
0 0.081771 0.086458 0.046875 0.033333
0 0.673438 0.236458 0.021875 0.043750
0 0.232813 0.826042 0.017708 0.035417
0 0.852604 0.584896 0.048958 0.032292
0 0.680208 0.289583 0.020833 0.035417
0 0.383333 0.333333 0.031250 0.037500
0 0.183333 0.166667 0.041667 0.052083
0 0.128125 0.595833 0.037500 0.033333