0 0.783854 0.906771 0.040625 0.032292
0 0.391146 0.592187 0.042708 0.044792
0 0.844271 0.714583 0.051042 0.050000
0 0.218750 0.786979 0.045833 0.036458
0 0.652083 0.143750 0.043750 0.035417
0 0.480208 0.677604 0.050000 0.036458
0 0.235417 0.604167 0.045833 0.031250
0 0.856250 0.611979 0.031250 0.040625
0 0.833333 0.536979 0.029167 0.051042
0 0.322396 0.291146 0.046875 0.048958
0 0.363542 0.505208 0.037500 0.025000
0 0.610938 0.214062 0.032292 0.044792
0 0.090625 0.596354 0.041667 0.044792
0 0.704167 0.130729 0.047917 0.048958
0 0.540625 0.667708 0.037500 0.025000
0 0.633854 0.271875 0.038542 0.035417
0 0.431250 0.638021 0.039583 0.044792
0 0.465104 0.321354 0.040625 0.055208
0 0.344792 0.660417 0.052083 0.039583
0 0.448958 0.313542 0.041667 0.047917
0 0.483333 0.641146 0.043750 0.030208
0 0.150521 0.806250 0.053125 0.045833
0 0.749479 0.320833 0.042708 0.031250
0 0.731250 0.602083 0.043750 0.035417
0 0.621875 0.184375 0.031250 0.050000
0 0.370312 0.330208 0.030208 0.039583
0 0.800521 0.379167 0.038542 0.027083
0 0.336979 0.492188 0.046875 0.055208
0 0.725521 0.511458 0.030208 0.050000
0 0.959896 0.138542 0.051042 0.050000
0 0.481771 0.658333 0.040625 0.022917
0 0.328125 0.309896 0.045833 0.048958
0 0.106771 0.486458 0.038542 0.031250
0 0.906771 0.863542 0.030208 0.050000
0 0.563542 0.323437 0.043750 0.042708
0 0.676562 0.691146 0.044792 0.040625
0 0.720313 0.539062 0.044792 0.040625
0 0.303646 0.951042 0.021875 0.039583
0 0.579688 0.066146 0.048958 0.028125
0 0.347396 0.628125 0.034375 0.047917
0 0.130729 0.458854 0.040625 0.032292
0 0.600521 0.277604 0.040625 0.046875
0 0.347396 0.260417 0.042708 0.047917
0 0.635938 0.493229 0.038542 0.046875
0 0.661458 0.745833 0.052083 0.035417
0 0.545312 0.761458 0.030208 0.039583
0 0.665625 0.961458 0.047917 0.041667
0 0.498437 0.236979 0.051042 0.038542
0 0.735938 0.677083 0.042708 0.025000
0 0.083854 0.789583 0.026042 0.039583
0 0.330729 0.288542 0.053125 0.041667
0 0.475521 0.220833 0.030208 0.039583
0 0.129688 0.955208 0.051042 0.050000
0 0.255208 0.519271 0.043750 0.055208
0 0.830208 0.394271 0.054167 0.044792
0 0.746354 0.092188 0.044792 0.028125
0 0.717708 0.377604 0.029167 0.051042
0 0.879687 0.088542 0.034375 0.039583
0 0.619271 0.153646 0.034375 0.040625
0 0.955208 0.543750 0.045833 0.031250
0 0.869792 0.935937 0.052083 0.051042
0 0.347396 0.282813 0.040625 0.036458
0 0.862500 0.876563 0.039583 0.026042
0 0.768750 0.633854 0.050000 0.026042
0 0.204687 0.165625 0.053125 0.041667
0 0.910417 0.225521 0.035417 0.040625
0 0.126562 0.885938 0.040625 0.030208
0 0.139063 0.456250 0.053125 0.043750
0 0.214062 0.844792 0.048958 0.052083
0 0.186979 0.279687 0.053125 0.030208
0 0.551042 0.942708 0.027083 0.047917
0 0.859896 0.327083 0.044792 0.035417
0 0.343750 0.858854 0.033333 0.044792
0 0.125521 0.196875 0.053125 0.045833
0 0.590625 0.698438 0.054167 0.046875
0 0.444271 0.691146 0.040625 0.051042
0 0.395833 0.864583 0.045833 0.045833
0 0.438021 0.452083 0.053125 0.039583
0 0.341667 0.311979 0.047917 0.032292
0 0.134375 0.969792 0.033333 0.050000
0 0.615625 0.952083 0.033333 0.047917
0 0.542708 0.700000 0.043750 0.033333
0 0.677083 0.770312 0.039583 0.023958
0 0.074479 0.127083 0.028125 0.045833
0 0.761458 0.881771 0.050000 0.044792
0 0.106771 0.098958 0.040625 0.025000
0 0.935937 0.646875 0.044792 0.054167
0 0.953646 0.216667 0.019792 0.037500
0 0.149479 0.757812 0.032292 0.048958
0 0.241146 0.367708 0.051042 0.050000
0 0.643229 0.742188 0.042708 0.051042
0 0.894271 0.918229 0.026042 0.044792
0 0.569792 0.300521 0.045833 0.036458
0 0.929688 0.289062 0.032292 0.053125
0 0.104688 0.548958 0.046875 0.052083
0 0.925521 0.728125 0.040625 0.022917
0 0.536979 0.810417 0.046875 0.033333
0 0.163021 0.373437 0.030208 0.040625
0 0.680208 0.264583 0.037500 0.041667
0 0.938542 0.468750 0.033333 0.043750
0 0.364583 0.608333 0.041667 0.039583
0 0.704167 0.103646 0.033333 0.040625
0 0.466146 0.853125 0.038542 0.025000
0 0.320312 0.661458 0.053125 0.039583
0 0.322917 0.498958 0.027083 0.047917
0 0.920833 0.145313 0.054167 0.036458
0 0.445312 0.925521 0.040625 0.034375
0 0.118750 0.618750 0.045833 0.052083
0 0.749479 0.888542 0.051042 0.035417
0 0.669271 0.428125 0.042708 0.037500
0 0.964583 0.577083 0.035417 0.037500
0 0.958333 0.966667 0.022917 0.043750
0 0.701562 0.927083 0.030208 0.047917
0 0.432812 0.433333 0.021875 0.037500
0 0.306250 0.324479 0.039583 0.053125
0 0.564063 0.435417 0.034375 0.037500
0 0.213542 0.787500 0.043750 0.033333
0 0.528646 0.762500 0.038542 0.043750
0 0.572396 0.566146 0.040625 0.034375
0 0.526563 0.524479 0.038542 0.021875
0 0.805729 0.214583 0.038542 0.033333
0 0.922917 0.473438 0.050000 0.028125
0 0.447917 0.547396 0.052083 0.032292
0 0.144271 0.451562 0.055208 0.040625
0 0.613021 0.894792 0.038542 0.027083
0 0.143750 0.845313 0.041667 0.044792
0 0.820833 0.887500 0.037500 0.031250
0 0.305729 0.844271 0.040625 0.032292
0 0.945312 0.591146 0.044792 0.030208
0 0.486979 0.732812 0.040625 0.038542
0 0.093750 0.603125 0.039583 0.047917
0 0.702604 0.144271 0.042708 0.023958
0 0.577604 0.307812 0.044792 0.032292
0 0.308854 0.613021 0.055208 0.046875
0 0.489063 0.798438 0.053125 0.053125
0 0.286979 0.214062 0.034375 0.040625
0 0.847917 0.742708 0.020833 0.035417
0 0.838021 0.768750 0.023958 0.045833
0 0.958333 0.274479 0.039583 0.028125
0 0.521354 0.658854 0.048958 0.046875
0 0.301042 0.544792 0.041667 0.025000
0 0.182812 0.883333 0.038542 0.035417
0 0.674479 0.855729 0.040625 0.038542
0 0.743750 0.456250 0.047917 0.050000
0 0.282292 0.536979 0.041667 0.023958
0 0.534896 0.415625 0.023958 0.041667
0 0.864583 0.331771 0.043750 0.028125
0 0.323437 0.746354 0.040625 0.044792
0 0.177604 0.209375 0.038542 0.033333
0 0.926042 0.720313 0.037500 0.048958
0 0.085938 0.407813 0.055208 0.036458
0 0.193229 0.764583 0.026042 0.045833
0 0.370312 0.238542 0.038542 0.052083
0 0.213542 0.726042 0.052083 0.033333
0 0.336979 0.958333 0.030208 0.050000
0 0.544271 0.503125 0.044792 0.035417
0 0.114062 0.400521 0.042708 0.044792
0 0.696875 0.416667 0.018750 0.035417
0 0.268750 0.392708 0.037500 0.035417
0 0.426563 0.878125 0.042708 0.033333
0 0.676042 0.110937 0.043750 0.042708
0 0.210417 0.678646 0.041667 0.023958
0 0.079167 0.094271 0.029167 0.040625
0 0.667708 0.777604 0.041667 0.021875
0 0.129688 0.328646 0.048958 0.046875
0 0.786979 0.193229 0.038542 0.040625
0 0.417187 0.520312 0.048958 0.044792
0 0.580208 0.698438 0.037500 0.044792
0 0.084375 0.916667 0.043750 0.031250
0 0.953125 0.239063 0.039583 0.034375
0 0.073958 0.778125 0.035417 0.020833
0 0.932292 0.782292 0.043750 0.031250
0 0.224479 0.587500 0.042708 0.039583
0 0.956771 0.168750 0.048958 0.039583
0 0.434896 0.172396 0.028125 0.040625
0 0.702083 0.828646 0.029167 0.048958
0 0.853125 0.939063 0.039583 0.026042
0 0.804167 0.364063 0.039583 0.026042
0 0.441146 0.844792 0.036458 0.018750
0 0.601562 0.269792 0.028125 0.039583
0 0.689063 0.183854 0.055208 0.048958
0 0.364063 0.833333 0.038542 0.027083
0 0.411458 0.930208 0.027083 0.045833
0 0.094792 0.623437 0.037500 0.044792
0 0.257812 0.633333 0.040625 0.020833
0 0.197396 0.815625 0.030208 0.039583
0 0.901042 0.708854 0.039583 0.030208
0 0.750521 0.734375 0.053125 0.047917
0 0.706771 0.275000 0.051042 0.031250
0 0.906771 0.772396 0.021875 0.042708
0 0.765625 0.635417 0.033333 0.037500
0 0.080729 0.497396 0.051042 0.028125
0 0.507812 0.939063 0.053125 0.034375
0 0.549479 0.439063 0.036458 0.040625
0 0.414583 0.222396 0.054167 0.038542
0 0.452083 0.702604 0.035417 0.048958
0 0.606771 0.207292 0.053125 0.047917
0 0.862500 0.229687 0.039583 0.038542
0 0.352083 0.419792 0.027083 0.043750
0 0.947917 0.822917 0.037500 0.029167
0 0.742188 0.229167 0.051042 0.050000
0 0.284375 0.522917 0.033333 0.047917
0 0.257812 0.228646 0.034375 0.046875
0 0.774479 0.188021 0.042708 0.023958
0 0.940104 0.305208 0.042708 0.054167
0 0.089063 0.897917 0.026042 0.047917
0 0.258333 0.494271 0.045833 0.038542
0 0.458854 0.496354 0.038542 0.019792
0 0.629167 0.933854 0.054167 0.042708
0 0.532292 0.081250 0.027083 0.041667
0 0.928646 0.401562 0.048958 0.044792
0 0.751042 0.235417 0.047917 0.050000
0 0.553646 0.952604 0.055208 0.040625
0 0.684375 0.751563 0.041667 0.023958
0 0.257292 0.294792 0.043750 0.035417
0 0.317708 0.322396 0.029167 0.040625
0 0.326562 0.960938 0.040625 0.036458
0 0.145833 0.675000 0.037500 0.029167
0 0.682813 0.547917 0.048958 0.041667
0 0.489063 0.660417 0.046875 0.031250
0 0.153125 0.702083 0.047917 0.033333
0 0.145313 0.651563 0.051042 0.026042
0 0.477083 0.953646 0.037500 0.044792
0 0.608333 0.327083 0.029167 0.041667
0 0.635938 0.884896 0.046875 0.028125
0 0.415104 0.813542 0.019792 0.037500
0 0.230729 0.460938 0.044792 0.030208
0 0.760938 0.224479 0.038542 0.038542
0 0.778646 0.561458 0.040625 0.047917
0 0.693229 0.605729 0.038542 0.021875
0 0.157292 0.433333 0.045833 0.045833
0 0.831771 0.313021 0.040625 0.019792
0 0.126042 0.571354 0.025000 0.038542
0 0.260937 0.255208 0.044792 0.033333
0 0.428125 0.940625 0.035417 0.020833
0 0.425521 0.146875 0.048958 0.041667
0 0.343750 0.167708 0.039583 0.041667
0 0.144792 0.639583 0.033333 0.043750
0 0.349479 0.879167 0.051042 0.050000
0 0.968229 0.923958 0.040625 0.041667
0 0.117708 0.458854 0.041667 0.048958
0 0.931250 0.866667 0.047917 0.037500
0 0.107813 0.547917 0.038542 0.043750
0 0.451562 0.900521 0.044792 0.026042
0 0.376042 0.455208 0.039583 0.052083
0 0.364063 0.093229 0.023958 0.040625
0 0.170833 0.656771 0.043750 0.042708
0 0.158333 0.724479 0.035417 0.040625
0 0.507812 0.803646 0.030208 0.044792
0 0.497917 0.709375 0.029167 0.050000
0 0.887500 0.176042 0.031250 0.043750
0 0.444792 0.078125 0.035417 0.037500
0 0.125521 0.944792 0.032292 0.039583
0 0.810937 0.515625 0.038542 0.043750
0 0.740625 0.152083 0.041667 0.047917
0 0.883333 0.468750 0.039583 0.041667
0 0.588021 0.383854 0.044792 0.028125
0 0.329688 0.083333 0.051042 0.031250
0 0.786458 0.447917 0.041667 0.031250
0 0.156771 0.494792 0.036458 0.037500
0 0.092188 0.924479 0.026042 0.040625
0 0.357292 0.311979 0.025000 0.048958
0 0.304688 0.930208 0.036458 0.037500
0 0.806250 0.774479 0.037500 0.053125
0 0.733854 0.630729 0.040625 0.038542
0 0.356250 0.137500 0.039583 0.052083
0 0.482812 0.218750 0.042708 0.031250
0 0.484375 0.094271 0.031250 0.044792
0 0.472917 0.495312 0.050000 0.038542
0 0.479167 0.916667 0.045833 0.029167
0 0.617188 0.264062 0.040625 0.023958
0 0.388542 0.280208 0.041667 0.041667
0 0.193750 0.876563 0.054167 0.048958
0 0.434896 0.603646 0.046875 0.026042
0 0.758854 0.420833 0.042708 0.031250
0 0.270313 0.645833 0.048958 0.035417
0 0.606250 0.660937 0.039583 0.034375
0 0.141146 0.083854 0.055208 0.038542
0 0.844792 0.397396 0.031250 0.040625
0 0.429688 0.321875 0.030208 0.039583
0 0.524479 0.872917 0.032292 0.052083
0 0.857812 0.148958 0.042708 0.027083
0 0.396875 0.440104 0.052083 0.034375
0 0.185417 0.492188 0.037500 0.048958
0 0.716146 0.536979 0.046875 0.048958
0 0.371875 0.131250 0.033333 0.037500
0 0.673438 0.082292 0.053125 0.045833
0 0.097396 0.206771 0.055208 0.038542
0 0.766667 0.344271 0.052083 0.053125
0 0.808333 0.706771 0.043750 0.030208
0 0.818750 0.760417 0.043750 0.027083
0 0.201563 0.133333 0.040625 0.020833
0 0.216667 0.890625 0.041667 0.037500
0 0.214583 0.401042 0.020833 0.035417
0 0.501563 0.686458 0.036458 0.022917
0 0.530729 0.632292 0.042708 0.033333
0 0.608333 0.603125 0.050000 0.050000
0 0.942187 0.510938 0.044792 0.032292
0 0.429167 0.623958 0.052083 0.039583
0 0.146875 0.086979 0.041667 0.048958
0 0.632292 0.443750 0.031250 0.041667
0 0.348958 0.229687 0.047917 0.046875
0 0.248438 0.489063 0.026042 0.051042
0 0.213021 0.913021 0.051042 0.040625
0 0.927083 0.883854 0.050000 0.042708
0 0.655208 0.656771 0.041667 0.044792
0 0.402083 0.242188 0.050000 0.034375
0 0.214583 0.550000 0.047917 0.041667
0 0.111979 0.646354 0.040625 0.030208
0 0.359375 0.757292 0.041667 0.047917
0 0.118229 0.319792 0.026042 0.039583
0 0.657813 0.826562 0.032292 0.053125
0 0.675000 0.632812 0.039583 0.036458
0 0.724479 0.600000 0.038542 0.043750
0 0.875000 0.354167 0.031250 0.050000
0 0.156250 0.896354 0.039583 0.038542
0 0.362500 0.846875 0.022917 0.037500
0 0.318750 0.123438 0.050000 0.038542
0 0.500521 0.152083 0.038542 0.037500
0 0.310937 0.703125 0.038542 0.031250
0 0.524479 0.792188 0.034375 0.051042
0 0.770833 0.535417 0.052083 0.039583
0 0.323437 0.446875 0.021875 0.041667
0 0.777604 0.120833 0.038542 0.035417
0 0.264062 0.208333 0.042708 0.041667
0 0.913542 0.967708 0.033333 0.045833
0 0.181250 0.204167 0.041667 0.052083
0 0.100521 0.639062 0.046875 0.026042
0 0.523958 0.134375 0.033333 0.050000
0 0.364063 0.741146 0.040625 0.028125
0 0.839063 0.830729 0.046875 0.032292
0 0.677604 0.880729 0.040625 0.023958
0 0.804167 0.304167 0.045833 0.029167
0 0.193229 0.570833 0.046875 0.029167
0 0.824479 0.341667 0.034375 0.037500
0 0.297917 0.642188 0.054167 0.044792
0 0.782292 0.196354 0.037500 0.048958
0 0.657813 0.780729 0.055208 0.048958
0 0.786979 0.686979 0.040625 0.038542
0 0.768229 0.746354 0.044792 0.030208
0 0.567187 0.766146 0.042708 0.051042
0 0.076042 0.769792 0.037500 0.033333
0 0.123958 0.708854 0.037500 0.048958
0 0.091146 0.651042 0.053125 0.045833
0 0.944792 0.676042 0.045833 0.043750
0 0.832292 0.085417 0.033333 0.047917
0 0.199479 0.323958 0.030208 0.047917
0 0.945833 0.297917 0.020833 0.041667
0 0.648958 0.908333 0.025000 0.037500
0 0.084375 0.692187 0.050000 0.034375
0 0.496354 0.089583 0.040625 0.041667
0 0.272396 0.733333 0.038542 0.031250
0 0.115625 0.579167 0.039583 0.041667
0 0.966146 0.757292 0.042708 0.027083
0 0.757812 0.630729 0.040625 0.034375
0 0.551562 0.683333 0.042708 0.037500
0 0.288542 0.147396 0.045833 0.028125
0 0.217188 0.816146 0.055208 0.046875
0 0.373958 0.086979 0.027083 0.042708
0 0.238542 0.823438 0.050000 0.042708
0 0.698958 0.864583 0.041667 0.031250
0 0.376042 0.294271 0.054167 0.044792
0 0.261979 0.293229 0.044792 0.026042
0 0.532813 0.672917 0.042708 0.039583
0 0.754687 0.640104 0.034375 0.040625
0 0.066667 0.486979 0.020833 0.040625
0 0.910417 0.556771 0.039583 0.026042
0 0.350521 0.760938 0.044792 0.055208
0 0.758333 0.607292 0.043750 0.033333
0 0.446875 0.723437 0.041667 0.055208
0 0.118750 0.419271 0.037500 0.038542
0 0.931250 0.929167 0.052083 0.039583
0 0.403646 0.777083 0.019792 0.035417
0 0.356771 0.348438 0.046875 0.048958
0 0.880208 0.623958 0.031250 0.037500
0 0.329688 0.673958 0.046875 0.045833
0 0.822917 0.413542 0.037500 0.033333
0 0.769271 0.470313 0.042708 0.051042
0 0.956771 0.177604 0.040625 0.034375
0 0.917188 0.273438 0.055208 0.048958
0 0.558333 0.841667 0.029167 0.037500
0 0.082812 0.586458 0.042708 0.029167
0 0.790625 0.569792 0.045833 0.027083
0 0.707292 0.878646 0.039583 0.034375
0 0.751042 0.515625 0.022917 0.037500
0 0.256771 0.686979 0.046875 0.034375
0 0.561979 0.918750 0.046875 0.031250
0 0.289583 0.231771 0.054167 0.042708
0 0.098437 0.768229 0.044792 0.055208
0 0.870833 0.596354 0.045833 0.032292
0 0.685937 0.848958 0.036458 0.037500
0 0.476562 0.232813 0.038542 0.046875
0 0.729167 0.542188 0.039583 0.036458
0 0.245312 0.218229 0.040625 0.046875
0 0.500521 0.321354 0.023958 0.040625
0 0.454167 0.427604 0.052083 0.051042
0 0.390104 0.142187 0.055208 0.046875
0 0.283854 0.421875 0.053125 0.043750
0 0.589583 0.139583 0.031250 0.050000
0 0.532292 0.614583 0.045833 0.043750
0 0.900521 0.840625 0.051042 0.047917
0 0.887500 0.442188 0.039583 0.026042
0 0.219792 0.765104 0.029167 0.051042
0 0.178125 0.416667 0.039583 0.041667
0 0.923438 0.942187 0.048958 0.046875
0 0.125000 0.764062 0.039583 0.044792
0 0.284375 0.455208 0.035417 0.052083
0 0.638542 0.669271 0.025000 0.038542
0 0.643229 0.760938 0.051042 0.040625
0 0.606250 0.720833 0.039583 0.052083
0 0.275000 0.769271 0.052083 0.030208
0 0.230208 0.722917 0.041667 0.041667
0 0.478125 0.652604 0.050000 0.040625
0 0.742188 0.582292 0.038542 0.029167
0 0.541667 0.495833 0.037500 0.041667
0 0.486458 0.876042 0.043750 0.022917
0 0.485938 0.903125 0.036458 0.037500
0 0.158854 0.614062 0.023958 0.046875
0 0.540104 0.310937 0.055208 0.048958
0 0.260937 0.419271 0.030208 0.044792
0 0.283333 0.119271 0.050000 0.053125
0 0.356250 0.669792 0.039583 0.047917
0 0.311979 0.644792 0.048958 0.027083
0 0.972396 0.101562 0.053125 0.034375
0 0.829688 0.363021 0.055208 0.048958
0 0.349479 0.791146 0.032292 0.046875
0 0.594792 0.453646 0.039583 0.034375
0 0.841146 0.851042 0.038542 0.033333
0 0.593229 0.501042 0.048958 0.035417
0 0.381771 0.430729 0.046875 0.023958
0 0.660417 0.457813 0.039583 0.044792
0 0.398958 0.224479 0.027083 0.042708
0 0.204687 0.475521 0.040625 0.051042
0 0.935417 0.914583 0.045833 0.031250
0 0.710938 0.760417 0.038542 0.035417
0 0.541146 0.757812 0.030208 0.053125
0 0.193750 0.163542 0.033333 0.050000
0 0.811458 0.814063 0.035417 0.048958
0 0.400000 0.859375 0.041667 0.029167
0 0.758333 0.324479 0.052083 0.032292
0 0.225521 0.719271 0.044792 0.032292
0 0.919271 0.839063 0.021875 0.038542
0 0.492708 0.473958 0.020833 0.039583
0 0.953646 0.647917 0.051042 0.047917