0 0.105729 0.338542 0.034375 0.039583
0 0.090104 0.730208 0.028125 0.050000
0 0.810417 0.428125 0.043750 0.035417
0 0.861979 0.638542 0.051042 0.047917
0 0.723437 0.738021 0.034375 0.051042
0 0.762500 0.153125 0.045833 0.031250
0 0.664062 0.354167 0.053125 0.043750
0 0.084896 0.158333 0.038542 0.035417
0 0.211458 0.532813 0.050000 0.034375
0 0.072917 0.212500 0.041667 0.041667
0 0.168750 0.173958 0.041667 0.052083
0 0.139583 0.891667 0.035417 0.018750
0 0.095833 0.498958 0.041667 0.027083
0 0.639583 0.342187 0.047917 0.046875
0 0.171875 0.225521 0.039583 0.048958
0 0.768229 0.249479 0.048958 0.055208
0 0.467187 0.532292 0.040625 0.020833
0 0.275521 0.870833 0.053125 0.043750
0 0.627083 0.345833 0.045833 0.043750
0 0.399479 0.390104 0.048958 0.028125
0 0.629167 0.083854 0.035417 0.040625
0 0.155729 0.088542 0.053125 0.039583
0 0.559896 0.250000 0.036458 0.052083
0 0.883333 0.928125 0.052083 0.033333
0 0.806771 0.202604 0.048958 0.034375
0 0.796354 0.724479 0.042708 0.023958
0 0.946354 0.478646 0.046875 0.048958
0 0.078646 0.068750 0.038542 0.025000
0 0.861979 0.570312 0.040625 0.028125
0 0.695833 0.213021 0.027083 0.042708
0 0.112500 0.554688 0.039583 0.034375
0 0.768750 0.304688 0.054167 0.036458
0 0.776042 0.589583 0.033333 0.047917
0 0.559375 0.316667 0.031250 0.050000
0 0.893750 0.725000 0.037500 0.041667
0 0.578125 0.319792 0.043750 0.052083
0 0.906250 0.331771 0.029167 0.048958
0 0.660417 0.311979 0.054167 0.048958
0 0.386979 0.628125 0.026042 0.039583
0 0.359375 0.405208 0.020833 0.039583
0 0.460938 0.291667 0.046875 0.045833
0 0.366146 0.819792 0.028125 0.039583
0 0.149479 0.239583 0.044792 0.025000
0 0.210417 0.928646 0.025000 0.042708
0 0.635938 0.838021 0.038542 0.021875
0 0.907813 0.210417 0.048958 0.025000
0 0.273958 0.715625 0.043750 0.045833
0 0.467708 0.417708 0.043750 0.052083
0 0.402083 0.541146 0.037500 0.044792
0 0.414062 0.301042 0.038542 0.029167
0 0.159375 0.224479 0.022917 0.038542
0 0.714583 0.640625 0.041667 0.041667
0 0.476042 0.397396 0.041667 0.021875
0 0.207813 0.107292 0.036458 0.018750
0 0.673438 0.158854 0.046875 0.028125
0 0.510938 0.131250 0.048958 0.037500
0 0.152604 0.496354 0.055208 0.038542
0 0.134896 0.553125 0.044792 0.035417
0 0.629167 0.291146 0.050000 0.040625
0 0.673438 0.831771 0.034375 0.053125
0 0.204167 0.676562 0.052083 0.034375
0 0.701042 0.435417 0.039583 0.041667
0 0.185938 0.102604 0.048958 0.046875
0 0.336458 0.765625 0.022917 0.037500
0 0.893750 0.274479 0.054167 0.042708
0 0.152604 0.482292 0.038542 0.043750
0 0.270833 0.218229 0.035417 0.040625
0 0.355208 0.584896 0.033333 0.048958
0 0.949479 0.107813 0.042708 0.051042
0 0.264583 0.575521 0.047917 0.046875
0 0.888021 0.472917 0.038542 0.033333
0 0.747917 0.855729 0.039583 0.028125
0 0.360417 0.695312 0.054167 0.046875
0 0.596875 0.489063 0.033333 0.044792
0 0.491146 0.457813 0.046875 0.038542
0 0.238542 0.550521 0.054167 0.046875
0 0.620833 0.570312 0.041667 0.021875
0 0.603125 0.259896 0.043750 0.028125
0 0.872917 0.070833 0.018750 0.035417
0 0.234375 0.942187 0.039583 0.023958
0 0.840104 0.464062 0.046875 0.032292
0 0.614583 0.586979 0.052083 0.051042
0 0.157292 0.376563 0.054167 0.042708
0 0.381771 0.523958 0.026042 0.037500
0 0.403646 0.098437 0.051042 0.038542
0 0.847917 0.899479 0.050000 0.044792
0 0.490625 0.423438 0.037500 0.038542
0 0.272396 0.079167 0.030208 0.050000
0 0.754167 0.425000 0.037500 0.041667
0 0.609896 0.552604 0.040625 0.055208
0 0.748437 0.519271 0.036458 0.046875
0 0.651042 0.317708 0.025000 0.043750
0 0.083854 0.174479 0.040625 0.023958
0 0.613542 0.910937 0.043750 0.048958
0 0.831771 0.698438 0.055208 0.046875
0 0.243229 0.672917 0.048958 0.039583
0 0.529687 0.823438 0.032292 0.048958
0 0.132292 0.496875 0.041667 0.047917
0 0.692187 0.245312 0.032292 0.053125
0 0.622396 0.247396 0.048958 0.055208
0 0.085417 0.380208 0.035417 0.043750
0 0.878125 0.186458 0.045833 0.045833
0 0.810937 0.436458 0.048958 0.041667
0 0.599479 0.667708 0.032292 0.039583
0 0.360417 0.593750 0.039583 0.020833
0 0.936979 0.481771 0.034375 0.046875
0 0.700000 0.326562 0.025000 0.038542
0 0.918229 0.097396 0.038542 0.021875
0 0.110937 0.230208 0.048958 0.037500
0 0.663021 0.530729 0.040625 0.032292
0 0.211458 0.790104 0.035417 0.053125
0 0.938021 0.923958 0.038542 0.047917
0 0.169792 0.284896 0.035417 0.040625
0 0.552604 0.102083 0.038542 0.033333
0 0.594792 0.312500 0.037500 0.031250
0 0.634375 0.683333 0.045833 0.031250
0 0.260417 0.203125 0.043750 0.033333
0 0.922396 0.379688 0.044792 0.042708
0 0.964063 0.571354 0.044792 0.030208
0 0.522396 0.407292 0.038542 0.035417
0 0.703646 0.594792 0.040625 0.047917
0 0.880729 0.319271 0.042708 0.044792
0 0.314063 0.582812 0.028125 0.051042
0 0.953646 0.439583 0.038542 0.035417
0 0.405208 0.758854 0.025000 0.042708
0 0.116146 0.705208 0.053125 0.043750
0 0.857812 0.923958 0.036458 0.020833
0 0.606771 0.590625 0.051042 0.047917
0 0.408854 0.954167 0.034375 0.047917
0 0.366146 0.916146 0.053125 0.034375
0 0.558333 0.308333 0.043750 0.035417
0 0.194792 0.635938 0.050000 0.034375
0 0.598437 0.555208 0.028125 0.039583
0 0.623437 0.896354 0.044792 0.040625
0 0.905729 0.816146 0.046875 0.048958
0 0.152604 0.826562 0.055208 0.038542
0 0.396875 0.276042 0.047917 0.052083
0 0.268750 0.964583 0.031250 0.043750
0 0.943229 0.195833 0.044792 0.052083
0 0.932813 0.374479 0.040625 0.036458
0 0.388542 0.092708 0.047917 0.039583
0 0.538021 0.090104 0.044792 0.051042
0 0.717708 0.522396 0.033333 0.040625
0 0.871875 0.313021 0.050000 0.038542
0 0.495833 0.611979 0.035417 0.040625
0 0.086979 0.319792 0.034375 0.039583
0 0.682292 0.949479 0.027083 0.042708
0 0.478125 0.900521 0.041667 0.055208
0 0.267708 0.675000 0.037500 0.027083
0 0.661979 0.768750 0.046875 0.045833
0 0.396354 0.946875 0.053125 0.035417
0 0.500000 0.579167 0.041667 0.047917
0 0.782292 0.509896 0.041667 0.044792
0 0.915625 0.500000 0.039583 0.052083
0 0.257812 0.710938 0.046875 0.036458
0 0.928646 0.598437 0.051042 0.040625
0 0.131771 0.779687 0.028125 0.040625
0 0.748437 0.494792 0.038542 0.029167
0 0.185938 0.279167 0.046875 0.043750
0 0.260937 0.181771 0.040625 0.034375
0 0.566146 0.378646 0.028125 0.040625
0 0.819792 0.246875 0.018750 0.035417
0 0.102604 0.900521 0.046875 0.028125
0 0.497917 0.448958 0.033333 0.047917
0 0.471875 0.894792 0.047917 0.041667
0 0.934896 0.180729 0.034375 0.040625
0 0.725000 0.579688 0.050000 0.034375
0 0.820312 0.942708 0.034375 0.043750
0 0.665625 0.680208 0.031250 0.037500
0 0.583854 0.161458 0.023958 0.047917
0 0.459375 0.495312 0.039583 0.019792
0 0.478125 0.909375 0.031250 0.037500
0 0.291146 0.340104 0.051042 0.030208
0 0.180729 0.250000 0.048958 0.052083
0 0.830729 0.573958 0.034375 0.047917
0 0.606771 0.288542 0.053125 0.047917
0 0.505208 0.132292 0.027083 0.041667
0 0.337500 0.692187 0.037500 0.053125
0 0.711979 0.742188 0.046875 0.028125
0 0.138542 0.804167 0.050000 0.033333
0 0.229687 0.227604 0.044792 0.042708
0 0.150000 0.844792 0.043750 0.025000
0 0.604688 0.806771 0.046875 0.055208
0 0.418750 0.670833 0.041667 0.031250
0 0.364063 0.288542 0.021875 0.037500
0 0.949479 0.682813 0.048958 0.046875
0 0.404167 0.835938 0.037500 0.044792
0 0.527083 0.210938 0.033333 0.040625
0 0.452604 0.560937 0.044792 0.040625
0 0.091667 0.652083 0.047917 0.041667
0 0.518750 0.418229 0.054167 0.042708
0 0.887500 0.880729 0.043750 0.030208
0 0.095312 0.791667 0.038542 0.031250
0 0.312500 0.185417 0.050000 0.047917
0 0.169271 0.482812 0.046875 0.055208
0 0.804167 0.623437 0.025000 0.046875
0 0.255729 0.304167 0.023958 0.037500
0 0.408854 0.773958 0.042708 0.039583
0 0.366667 0.495833 0.029167 0.050000
0 0.396354 0.136458 0.038542 0.043750
0 0.190104 0.399479 0.055208 0.046875
0 0.821354 0.092188 0.055208 0.048958
0 0.462500 0.622396 0.037500 0.048958
0 0.557813 0.182292 0.034375 0.043750
0 0.352604 0.721354 0.032292 0.044792
0 0.567187 0.967187 0.051042 0.038542
0 0.275000 0.541667 0.041667 0.039583
0 0.521354 0.285417 0.046875 0.045833
0 0.818750 0.903125 0.035417 0.037500
0 0.232813 0.529687 0.038542 0.040625
0 0.272396 0.139063 0.032292 0.040625
0 0.493750 0.433333 0.045833 0.045833
0 0.268750 0.649479 0.043750 0.042708
0 0.738021 0.890625 0.042708 0.025000
0 0.267188 0.660937 0.055208 0.051042
0 0.932292 0.338021 0.037500 0.021875
0 0.355208 0.801042 0.039583 0.052083
0 0.301042 0.784375 0.037500 0.033333
0 0.092708 0.821875 0.025000 0.043750
0 0.754167 0.962500 0.050000 0.047917
0 0.759896 0.259896 0.046875 0.048958
0 0.429688 0.531771 0.038542 0.055208
0 0.831250 0.238542 0.041667 0.039583
0 0.696875 0.659896 0.047917 0.053125
0 0.644271 0.412500 0.019792 0.039583
0 0.257292 0.401042 0.037500 0.027083
0 0.467708 0.700521 0.054167 0.051042
0 0.916667 0.470833 0.047917 0.027083
0 0.148438 0.914583 0.042708 0.039583
0 0.924479 0.814583 0.046875 0.052083
0 0.705208 0.383854 0.043750 0.040625
0 0.519792 0.520312 0.027083 0.046875
0 0.544271 0.410417 0.051042 0.050000
0 0.560937 0.646875 0.034375 0.043750
0 0.283854 0.175000 0.042708 0.054167
0 0.616146 0.552083 0.040625 0.022917
0 0.515625 0.733333 0.047917 0.027083
0 0.398438 0.264583 0.032292 0.043750
0 0.298958 0.944271 0.045833 0.032292
0 0.807292 0.315104 0.039583 0.034375
0 0.208854 0.142187 0.026042 0.040625
0 0.422396 0.582292 0.042708 0.031250
0 0.723437 0.534375 0.044792 0.035417
0 0.742188 0.888021 0.021875 0.038542
0 0.883854 0.695833 0.036458 0.020833
0 0.626042 0.615104 0.025000 0.048958
0 0.810937 0.913542 0.040625 0.041667
0 0.158333 0.735417 0.031250 0.037500
0 0.916667 0.561458 0.037500 0.033333
0 0.906250 0.955729 0.039583 0.034375
0 0.567187 0.560937 0.055208 0.046875
0 0.576562 0.184375 0.053125 0.047917
0 0.352083 0.180729 0.037500 0.044792
0 0.568229 0.546875 0.036458 0.037500
0 0.547917 0.220312 0.037500 0.048958
0 0.164062 0.134375 0.038542 0.047917
0 0.199479 0.825000 0.028125 0.039583
0 0.096875 0.145833 0.029167 0.050000
0 0.157292 0.958333 0.033333 0.043750
0 0.841146 0.544271 0.051042 0.053125
0 0.364063 0.746354 0.026042 0.040625
0 0.580729 0.660937 0.040625 0.034375
0 0.719792 0.399479 0.027083 0.042708
0 0.259896 0.189583 0.048958 0.033333
0 0.623958 0.600000 0.045833 0.043750
0 0.192188 0.149479 0.021875 0.042708
0 0.910937 0.094271 0.048958 0.044792
0 0.763021 0.470833 0.042708 0.031250
0 0.941667 0.194792 0.047917 0.035417
0 0.859896 0.322396 0.042708 0.044792
0 0.652083 0.576042 0.047917 0.027083
0 0.460417 0.929167 0.043750 0.031250
0 0.802604 0.664062 0.026042 0.040625
0 0.134375 0.268750 0.052083 0.043750
0 0.158333 0.144792 0.022917 0.039583
0 0.292708 0.457292 0.052083 0.035417
0 0.271354 0.818750 0.026042 0.039583
0 0.870833 0.955729 0.031250 0.044792
0 0.885417 0.511979 0.043750 0.028125
0 0.739062 0.540625 0.042708 0.020833
0 0.553125 0.853646 0.045833 0.048958
0 0.101562 0.739062 0.046875 0.023958
0 0.139583 0.936458 0.035417 0.020833
0 0.446354 0.218750 0.051042 0.033333
0 0.710938 0.862500 0.044792 0.035417
0 0.234896 0.935937 0.044792 0.051042
0 0.374479 0.396354 0.036458 0.051042
0 0.709896 0.420312 0.048958 0.028125
0 0.266667 0.777604 0.041667 0.048958
0 0.638542 0.824479 0.031250 0.048958
0 0.332813 0.482812 0.034375 0.040625
0 0.350521 0.889583 0.051042 0.033333
0 0.181250 0.814583 0.045833 0.043750
0 0.095312 0.071354 0.040625 0.023958
0 0.935937 0.677604 0.034375 0.040625
0 0.631771 0.550000 0.034375 0.037500
0 0.667708 0.683333 0.027083 0.041667
0 0.689583 0.592708 0.050000 0.050000
0 0.122396 0.841667 0.030208 0.043750
0 0.241146 0.671354 0.051042 0.055208
0 0.558854 0.753125 0.032292 0.039583
0 0.904167 0.967708 0.039583 0.047917
0 0.405208 0.398438 0.054167 0.048958
0 0.098437 0.650521 0.053125 0.032292
0 0.282813 0.157812 0.023958 0.042708
0 0.463021 0.779167 0.048958 0.027083
0 0.327083 0.852083 0.037500 0.025000
0 0.562500 0.640625 0.047917 0.039583
0 0.483854 0.193750 0.028125 0.045833
0 0.890625 0.465625 0.027083 0.045833
0 0.321875 0.905208 0.047917 0.050000
0 0.385937 0.188542 0.042708 0.047917
0 0.109375 0.554688 0.047917 0.032292
0 0.245312 0.398958 0.042708 0.029167
0 0.873437 0.265625 0.034375 0.039583
0 0.553125 0.907813 0.025000 0.038542
0 0.713021 0.403646 0.030208 0.044792
0 0.767188 0.228646 0.051042 0.044792
0 0.417708 0.154688 0.045833 0.038542
0 0.226042 0.176042 0.031250 0.045833
0 0.476562 0.843750 0.021875 0.037500
0 0.344271 0.641146 0.046875 0.026042
0 0.778125 0.389062 0.047917 0.032292
0 0.654687 0.588542 0.040625 0.047917
0 0.519792 0.553646 0.043750 0.040625
0 0.316667 0.339583 0.043750 0.035417
0 0.252604 0.821875 0.046875 0.033333
0 0.567187 0.188021 0.034375 0.040625
0 0.446875 0.957812 0.054167 0.048958
0 0.769271 0.542708 0.034375 0.043750
0 0.455729 0.727604 0.053125 0.053125
0 0.119792 0.673438 0.022917 0.044792
0 0.334375 0.563021 0.047917 0.048958
0 0.364063 0.322396 0.044792 0.028125
0 0.418750 0.488542 0.020833 0.039583
0 0.113542 0.095312 0.052083 0.030208
0 0.120313 0.470833 0.053125 0.043750
0 0.302083 0.951042 0.043750 0.052083
0 0.234896 0.561979 0.021875 0.042708
0 0.195312 0.443229 0.046875 0.048958
0 0.457292 0.632812 0.039583 0.026042
0 0.606771 0.168229 0.034375 0.048958
0 0.097396 0.641146 0.034375 0.053125
0 0.376042 0.350521 0.045833 0.032292
0 0.598958 0.487500 0.043750 0.052083
0 0.428646 0.207292 0.048958 0.052083
0 0.875000 0.083333 0.041667 0.025000
0 0.065104 0.127083 0.021875 0.043750
0 0.460417 0.308333 0.027083 0.043750
0 0.928125 0.477604 0.047917 0.046875
0 0.700000 0.950521 0.037500 0.023958
0 0.143750 0.172396 0.047917 0.030208
0 0.627604 0.695833 0.038542 0.025000
0 0.312500 0.807292 0.047917 0.033333
0 0.928125 0.423438 0.031250 0.040625
0 0.537500 0.631771 0.020833 0.036458
0 0.749479 0.709896 0.055208 0.048958
0 0.472396 0.277083 0.038542 0.037500
0 0.800000 0.645312 0.045833 0.040625
0 0.282292 0.755729 0.052083 0.032292
0 0.464062 0.081771 0.046875 0.032292
0 0.125000 0.261458 0.037500 0.029167
0 0.332292 0.175000 0.050000 0.050000
0 0.081771 0.396354 0.046875 0.048958
0 0.640104 0.615625 0.053125 0.045833
0 0.764583 0.603125 0.033333 0.052083
0 0.464062 0.558333 0.040625 0.043750
0 0.586979 0.870833 0.036458 0.020833
0 0.369271 0.734375 0.023958 0.041667
0 0.159896 0.191146 0.040625 0.051042
0 0.765104 0.219792 0.036458 0.052083
0 0.320833 0.810417 0.033333 0.037500
0 0.800521 0.349479 0.026042 0.044792
0 0.237500 0.294792 0.016667 0.033333
0 0.731250 0.295833 0.052083 0.037500
0 0.642188 0.096354 0.055208 0.040625
0 0.694271 0.188021 0.038542 0.051042
0 0.826042 0.169792 0.031250 0.045833
0 0.449479 0.315625 0.038542 0.027083
0 0.927604 0.967187 0.046875 0.055208
0 0.713021 0.491667 0.044792 0.033333
0 0.618229 0.955208 0.026042 0.045833
0 0.860938 0.564583 0.032292 0.047917
0 0.191146 0.517188 0.034375 0.053125
0 0.467708 0.747917 0.041667 0.039583
0 0.782813 0.124479 0.044792 0.055208
0 0.885417 0.645833 0.050000 0.047917
0 0.531250 0.349479 0.054167 0.048958
0 0.124479 0.239583 0.034375 0.047917
0 0.193750 0.094792 0.050000 0.047917
0 0.283854 0.208854 0.026042 0.040625
0 0.196354 0.726042 0.028125 0.039583
0 0.803646 0.115625 0.048958 0.037500
0 0.807292 0.516146 0.027083 0.040625
0 0.460417 0.614583 0.039583 0.025000
0 0.541667 0.558333 0.045833 0.022917
0 0.128646 0.937500 0.042708 0.054167
0 0.679167 0.244271 0.039583 0.044792
0 0.481771 0.708333 0.046875 0.031250
0 0.608854 0.300521 0.044792 0.030208
0 0.295833 0.265104 0.050000 0.034375
0 0.959896 0.851042 0.042708 0.047917
0 0.477083 0.727083 0.041667 0.047917
0 0.832292 0.230208 0.045833 0.031250
0 0.630729 0.167187 0.055208 0.040625
0 0.192188 0.822396 0.048958 0.055208
0 0.236979 0.841146 0.038542 0.019792
0 0.504167 0.482812 0.050000 0.038542
0 0.779687 0.846354 0.053125 0.032292
0 0.692708 0.675521 0.033333 0.044792
0 0.782813 0.229687 0.046875 0.048958
0 0.824479 0.145313 0.051042 0.053125
0 0.539062 0.352083 0.044792 0.052083
0 0.183333 0.853125 0.039583 0.020833
0 0.930208 0.577083 0.041667 0.039583
0 0.273438 0.675521 0.053125 0.034375
0 0.125000 0.931250 0.052083 0.045833
0 0.496354 0.810417 0.038542 0.029167
0 0.870833 0.413542 0.043750 0.045833
0 0.781771 0.419792 0.036458 0.020833
0 0.147396 0.259375 0.048958 0.039583
0 0.676042 0.806250 0.047917 0.050000
0 0.541146 0.345313 0.023958 0.046875
0 0.842187 0.139583 0.051042 0.031250
0 0.257812 0.717187 0.046875 0.038542
0 0.402083 0.795833 0.043750 0.045833
0 0.509375 0.250521 0.027083 0.042708
0 0.247917 0.578125 0.045833 0.043750
0 0.910417 0.581250 0.050000 0.050000
0 0.489583 0.522917 0.052083 0.045833
0 0.485417 0.698958 0.035417 0.018750
0 0.804167 0.797917 0.033333 0.037500
0 0.694271 0.456250 0.038542 0.027083
0 0.079167 0.954688 0.039583 0.026042
0 0.422917 0.394271 0.031250 0.048958
0 0.094792 0.936458 0.047917 0.041667
0 0.696354 0.856771 0.038542 0.019792
0 0.873437 0.142187 0.044792 0.032292
0 0.179167 0.125000 0.035417 0.037500
0 0.440625 0.166146 0.050000 0.038542
0 0.391146 0.790625 0.028125 0.039583
0 0.281771 0.458333 0.051042 0.050000
0 0.712500 0.842708 0.041667 0.039583
0 0.410938 0.513021 0.028125 0.040625
0 0.553646 0.578125 0.034375 0.043750
0 0.608854 0.797396 0.038542 0.019792
0 0.454688 0.348958 0.036458 0.020833
0 0.953125 0.627604 0.022917 0.044792
0 0.676042 0.614062 0.050000 0.044792
0 0.750000 0.132292 0.022917 0.039583
0 0.546354 0.898958 0.040625 0.047917
0 0.260417 0.747917 0.045833 0.027083
0 0.094792 0.726042 0.029167 0.045833
0 0.898438 0.242188 0.042708 0.051042
0 0.948438 0.329167 0.032292 0.039583
0 0.964583 0.196354 0.033333 0.040625
0 0.527604 0.570312 0.046875 0.048958
0 0.475000 0.133854 0.052083 0.051042
0 0.865625 0.479167 0.045833 0.045833
0 0.556771 0.459896 0.026042 0.044792
0 0.236458 0.840104 0.045833 0.026042
0 0.359375 0.138021 0.054167 0.042708
0 0.452083 0.526563 0.035417 0.017708
0 0.953646 0.221875 0.021875 0.037500
0 0.640104 0.702083 0.051042 0.050000
0 0.326562 0.146875 0.044792 0.025000
0 0.119792 0.372396 0.050000 0.042708
0 0.530729 0.796354 0.051042 0.044792
0 0.843229 0.220833 0.048958 0.041667
0 0.875000 0.155729 0.052083 0.032292
0 0.767188 0.632292 0.036458 0.047917
0 0.943750 0.085417 0.031250 0.037500
0 0.321875 0.948958 0.047917 0.039583
0 0.378646 0.855208 0.040625 0.054167
0 0.647917 0.491146 0.043750 0.030208
0 0.134896 0.857292 0.026042 0.045833
0 0.173958 0.747396 0.041667 0.032292
0 0.910417 0.507812 0.054167 0.042708
0 0.600521 0.488021 0.026042 0.040625
0 0.160417 0.117188 0.054167 0.036458
0 0.316146 0.563021 0.028125 0.040625
0 0.661458 0.419792 0.037500 0.027083
0 0.726562 0.236458 0.042708 0.027083
0 0.419792 0.704688 0.054167 0.042708
0 0.473958 0.608333 0.052083 0.041667
0 0.601042 0.671875 0.052083 0.037500
0 0.320833 0.312500 0.039583 0.041667
0 0.357292 0.539583 0.043750 0.045833
0 0.300521 0.850521 0.044792 0.042708
0 0.246354 0.559896 0.034375 0.046875
0 0.817187 0.780729 0.046875 0.026042
0 0.707812 0.581250 0.028125 0.043750
0 0.559375 0.513542 0.033333 0.047917
0 0.539583 0.440625 0.045833 0.043750
0 0.625521 0.753646 0.028125 0.040625
0 0.198958 0.561979 0.022917 0.046875
0 0.854688 0.366146 0.053125 0.051042
0 0.214583 0.480729 0.031250 0.044792
0 0.668750 0.101042 0.022917 0.043750
0 0.821354 0.191667 0.023958 0.045833
0 0.209896 0.178125 0.021875 0.037500
0 0.074479 0.612500 0.042708 0.039583
0 0.258333 0.677604 0.045833 0.026042
0 0.173437 0.732812 0.019792 0.038542
0 0.590625 0.138542 0.039583 0.022917
0 0.683854 0.701562 0.046875 0.036458
0 0.337500 0.359896 0.043750 0.030208
0 0.584375 0.909896 0.039583 0.034375
0 0.772396 0.179688 0.046875 0.038542
0 0.415625 0.706250 0.050000 0.031250
0 0.927604 0.119271 0.046875 0.023958
0 0.645312 0.709375 0.021875 0.037500
0 0.945833 0.901563 0.037500 0.044792
0 0.247917 0.754687 0.039583 0.036458
0 0.414583 0.357812 0.054167 0.040625
0 0.775000 0.852604 0.039583 0.038542
0 0.408854 0.787500 0.038542 0.029167
0 0.331771 0.158854 0.023958 0.046875
0 0.917708 0.356771 0.045833 0.023958
0 0.150521 0.473958 0.032292 0.039583
0 0.786979 0.388021 0.048958 0.055208
0 0.525521 0.151042 0.042708 0.047917
0 0.363021 0.636458 0.038542 0.031250
0 0.786458 0.791146 0.054167 0.048958
0 0.149479 0.116146 0.023958 0.038542
0 0.295833 0.859896 0.050000 0.040625
0 0.860417 0.558854 0.035417 0.053125
0 0.335938 0.411458 0.040625 0.020833
0 0.782813 0.629167 0.048958 0.027083
0 0.645312 0.851042 0.044792 0.035417
0 0.570833 0.683333 0.022917 0.043750
0 0.384375 0.336458 0.050000 0.050000
0 0.399479 0.716667 0.032292 0.052083
0 0.104688 0.541667 0.042708 0.039583
0 0.809375 0.288021 0.039583 0.038542
0 0.447396 0.728125 0.026042 0.045833
0 0.556250 0.589583 0.018750 0.037500
0 0.376042 0.370312 0.045833 0.040625
0 0.676042 0.877604 0.039583 0.044792
0 0.515104 0.940104 0.038542 0.019792
0 0.900000 0.226042 0.041667 0.031250
0 0.071875 0.383854 0.039583 0.023958
0 0.902604 0.665104 0.040625 0.034375
0 0.715104 0.536979 0.051042 0.053125
0 0.541146 0.082812 0.044792 0.040625
0 0.324479 0.568750 0.038542 0.029167
0 0.696875 0.382812 0.054167 0.042708
0 0.833854 0.620833 0.030208 0.047917
0 0.267188 0.227083 0.040625 0.022917
0 0.885938 0.689063 0.051042 0.036458
0 0.629167 0.554167 0.031250 0.041667
0 0.456771 0.695833 0.032292 0.052083
0 0.702604 0.645312 0.055208 0.051042
0 0.522917 0.883854 0.035417 0.040625
0 0.303646 0.226042 0.038542 0.035417
0 0.791146 0.359375 0.046875 0.031250
0 0.232292 0.200521 0.045833 0.036458
0 0.821875 0.393229 0.041667 0.044792
0 0.824479 0.457292 0.051042 0.050000
0 0.730729 0.588542 0.048958 0.035417
0 0.822917 0.482292 0.037500 0.052083
0 0.555729 0.860417 0.038542 0.031250
0 0.122917 0.593750 0.041667 0.039583
0 0.369271 0.642708 0.038542 0.029167
0 0.275521 0.890104 0.051042 0.038542
0 0.581250 0.387500 0.043750 0.035417
0 0.462500 0.819792 0.029167 0.050000
0 0.334896 0.735938 0.055208 0.048958
0 0.163021 0.204167 0.051042 0.031250
0 0.215625 0.704167 0.047917 0.041667
0 0.457292 0.529687 0.054167 0.038542
0 0.583333 0.124479 0.043750 0.042708
0 0.595833 0.089583 0.037500 0.022917
0 0.259896 0.740104 0.046875 0.055208
0 0.356771 0.851042 0.040625 0.041667
0 0.861458 0.358333 0.025000 0.043750
0 0.616667 0.707812 0.035417 0.044792
0 0.687500 0.108854 0.022917 0.044792
0 0.697396 0.548438 0.044792 0.028125
0 0.244792 0.098958 0.052083 0.045833
0 0.888542 0.524479 0.054167 0.051042
0 0.766146 0.942708 0.040625 0.022917
0 0.297917 0.688021 0.050000 0.042708
0 0.845833 0.139583 0.025000 0.037500
0 0.558854 0.603646 0.028125 0.051042
0 0.906250 0.700521 0.041667 0.023958
0 0.439063 0.756250 0.036458 0.043750
0 0.319271 0.487500 0.017708 0.035417
0 0.507812 0.662500 0.042708 0.027083
0 0.141146 0.858854 0.055208 0.042708
0 0.573438 0.264583 0.030208 0.050000
0 0.242708 0.875000 0.020833 0.039583
0 0.427604 0.758333 0.038542 0.035417
0 0.724479 0.426563 0.030208 0.044792
0 0.297396 0.857292 0.038542 0.043750
0 0.722917 0.618750 0.035417 0.037500
0 0.371354 0.723958 0.034375 0.052083
0 0.675000 0.888542 0.045833 0.052083
0 0.447396 0.509896 0.040625 0.032292
0 0.759375 0.269792 0.035417 0.037500
0 0.813542 0.343750 0.047917 0.052083
0 0.456250 0.786979 0.037500 0.019792
0 0.798438 0.888542 0.038542 0.022917
0 0.605208 0.558333 0.027083 0.037500
0 0.150000 0.296875 0.035417 0.047917
0 0.218750 0.441667 0.047917 0.025000
0 0.602604 0.825000 0.038542 0.037500
0 0.836979 0.231250 0.028125 0.043750
0 0.701562 0.394792 0.034375 0.047917
0 0.120833 0.411458 0.037500 0.022917
0 0.836979 0.598958 0.053125 0.047917
0 0.234375 0.328646 0.052083 0.030208
0 0.346354 0.631250 0.048958 0.035417
0 0.501042 0.374479 0.045833 0.036458
0 0.279167 0.332292 0.047917 0.052083
0 0.835938 0.757292 0.036458 0.037500
0 0.810417 0.465104 0.054167 0.036458
0 0.738542 0.743229 0.047917 0.032292
0 0.569271 0.880208 0.028125 0.045833
0 0.738021 0.618229 0.044792 0.040625
0 0.210417 0.444271 0.045833 0.036458
0 0.920833 0.890625 0.050000 0.050000
0 0.510417 0.626042 0.039583 0.047917
0 0.699479 0.563542 0.048958 0.039583
0 0.782292 0.714583 0.020833 0.039583
0 0.276042 0.516146 0.039583 0.044792
0 0.103125 0.168750 0.047917 0.037500
0 0.248958 0.257812 0.029167 0.040625
0 0.625521 0.864583 0.034375 0.052083
0 0.937500 0.279687 0.045833 0.038542
0 0.496875 0.555729 0.043750 0.030208
0 0.663542 0.763021 0.043750 0.026042
0 0.650521 0.638021 0.051042 0.038542
0 0.254167 0.090625 0.039583 0.020833
0 0.696875 0.406250 0.045833 0.027083
0 0.734896 0.126562 0.019792 0.038542
0 0.811458 0.205729 0.050000 0.042708
0 0.518229 0.709896 0.038542 0.040625
0 0.291146 0.164583 0.023958 0.037500
0 0.813021 0.955208 0.046875 0.027083
0 0.450000 0.729167 0.043750 0.037500
0 0.445312 0.760938 0.044792 0.040625
0 0.726562 0.220833 0.032292 0.052083
0 0.740625 0.333333 0.047917 0.037500
0 0.440104 0.502604 0.046875 0.036458
0 0.272917 0.446875 0.041667 0.025000
0 0.390104 0.889583 0.030208 0.039583
0 0.229167 0.230729 0.020833 0.038542
0 0.645833 0.157812 0.039583 0.053125
0 0.322396 0.568750 0.021875 0.041667
0 0.535417 0.839583 0.041667 0.039583
0 0.368229 0.092188 0.040625 0.026042
0 0.825000 0.809375 0.031250 0.041667
0 0.440104 0.528125 0.040625 0.047917
0 0.914062 0.683333 0.038542 0.018750
0 0.898958 0.229687 0.039583 0.036458
0 0.552083 0.564583 0.050000 0.033333
0 0.830208 0.535417 0.020833 0.041667
0 0.117708 0.337500 0.047917 0.025000
0 0.460417 0.164583 0.050000 0.031250
0 0.252604 0.819271 0.051042 0.038542
0 0.525000 0.148958 0.037500 0.022917
0 0.185417 0.550521 0.043750 0.048958
0 0.632812 0.206250 0.030208 0.047917
0 0.364063 0.407292 0.042708 0.031250
0 0.465104 0.700521 0.046875 0.048958
0 0.705208 0.727083 0.050000 0.029167
0 0.501042 0.450521 0.043750 0.040625