0 0.152604 0.915625 0.038542 0.035417
0 0.297396 0.506771 0.042708 0.023958
0 0.392708 0.745833 0.022917 0.037500
0 0.874479 0.202604 0.044792 0.030208
0 0.433333 0.357292 0.045833 0.043750
0 0.553646 0.468750 0.032292 0.047917
0 0.278125 0.592187 0.047917 0.046875
0 0.400521 0.629687 0.034375 0.053125
0 0.365625 0.867188 0.031250 0.053125
0 0.450000 0.815104 0.035417 0.044792
0 0.534375 0.478646 0.035417 0.044792
0 0.227604 0.939063 0.046875 0.048958
0 0.594271 0.793229 0.048958 0.032292
0 0.763542 0.316146 0.039583 0.055208
0 0.642188 0.928646 0.038542 0.040625
0 0.521875 0.142708 0.025000 0.047917
0 0.889583 0.271875 0.043750 0.022917
0 0.578646 0.142187 0.040625 0.032292
0 0.736458 0.624479 0.037500 0.038542
0 0.122917 0.826042 0.047917 0.027083
0 0.359375 0.512500 0.043750 0.035417
0 0.634375 0.568750 0.037500 0.031250
0 0.817708 0.379688 0.039583 0.038542
0 0.792188 0.435937 0.044792 0.040625
0 0.721354 0.921875 0.034375 0.039583
0 0.541146 0.643750 0.032292 0.047917
0 0.696354 0.662500 0.042708 0.025000
0 0.676562 0.494271 0.055208 0.036458
0 0.887500 0.114583 0.047917 0.050000
0 0.504167 0.729167 0.045833 0.045833
0 0.245312 0.877604 0.044792 0.026042
0 0.589583 0.165104 0.045833 0.034375
0 0.638542 0.306250 0.022917 0.039583
0 0.735938 0.783333 0.053125 0.047917
0 0.614583 0.470833 0.031250 0.041667
0 0.545312 0.580208 0.038542 0.025000
0 0.454167 0.575521 0.035417 0.044792
0 0.605208 0.091667 0.027083 0.037500
0 0.556771 0.669271 0.030208 0.051042
0 0.546875 0.765625 0.047917 0.033333
0 0.268229 0.187500 0.032292 0.043750
0 0.330729 0.741667 0.042708 0.054167
0 0.705729 0.378125 0.034375 0.047917
0 0.591667 0.785417 0.037500 0.025000
0 0.268229 0.188021 0.044792 0.051042
0 0.730729 0.152604 0.044792 0.055208
0 0.155729 0.792188 0.055208 0.051042
0 0.248958 0.264583 0.047917 0.039583
0 0.436979 0.825000 0.038542 0.025000
0 0.551042 0.406771 0.045833 0.032292
0 0.257812 0.343750 0.038542 0.035417
0 0.881250 0.809375 0.047917 0.050000
0 0.467187 0.758333 0.048958 0.035417
0 0.644792 0.708333 0.043750 0.045833
0 0.479687 0.901563 0.051042 0.038542
0 0.536458 0.353125 0.029167 0.045833
0 0.190625 0.415625 0.035417 0.043750
0 0.669792 0.069271 0.043750 0.028125
0 0.848958 0.879167 0.037500 0.027083
0 0.553125 0.657813 0.054167 0.040625
0 0.795312 0.345833 0.048958 0.035417
0 0.116146 0.448437 0.026042 0.051042
0 0.109375 0.376042 0.039583 0.022917
0 0.945833 0.109375 0.027083 0.041667
0 0.687500 0.740625 0.037500 0.052083
0 0.915104 0.275521 0.053125 0.032292
0 0.436458 0.522396 0.039583 0.028125
0 0.745833 0.394792 0.047917 0.041667
0 0.908854 0.259375 0.046875 0.045833
0 0.413021 0.104167 0.044792 0.047917
0 0.771875 0.622396 0.035417 0.053125
0 0.735938 0.833854 0.026042 0.044792
0 0.731250 0.896875 0.035417 0.035417
0 0.475000 0.402604 0.045833 0.032292
0 0.724479 0.393750 0.034375 0.043750
0 0.166146 0.195833 0.053125 0.039583
0 0.335938 0.199479 0.044792 0.040625
0 0.436979 0.462500 0.051042 0.033333
0 0.114583 0.457292 0.031250 0.037500
0 0.789583 0.416667 0.029167 0.037500
0 0.254688 0.597396 0.051042 0.026042
0 0.239583 0.917188 0.027083 0.046875
0 0.606250 0.451042 0.035417 0.020833
0 0.716667 0.916667 0.020833 0.035417
0 0.649479 0.486979 0.028125 0.046875
0 0.332292 0.923438 0.022917 0.038542
0 0.423438 0.361458 0.038542 0.043750
0 0.927604 0.528646 0.051042 0.055208
0 0.175521 0.847917 0.034375 0.047917
0 0.401562 0.241667 0.036458 0.043750
0 0.428646 0.159375 0.038542 0.033333
0 0.343229 0.572917 0.036458 0.018750
0 0.309375 0.853646 0.039583 0.048958
0 0.495833 0.842708 0.035417 0.020833
0 0.781771 0.196354 0.046875 0.055208
0 0.938021 0.642188 0.034375 0.040625
0 0.122917 0.396354 0.050000 0.040625
0 0.226042 0.285938 0.045833 0.038542
0 0.837500 0.135417 0.047917 0.052083
0 0.533854 0.093229 0.051042 0.042708
0 0.788542 0.077604 0.043750 0.032292
0 0.576562 0.347396 0.040625 0.051042
0 0.932292 0.819271 0.041667 0.055208
0 0.359896 0.917188 0.055208 0.040625
0 0.604688 0.724479 0.044792 0.026042
0 0.904167 0.100521 0.043750 0.032292
0 0.739583 0.758854 0.045833 0.055208
0 0.713542 0.675521 0.039583 0.026042
0 0.939583 0.132292 0.031250 0.045833
0 0.364583 0.643229 0.037500 0.019792
0 0.186979 0.253646 0.042708 0.044792
0 0.183854 0.620313 0.046875 0.048958
0 0.280729 0.784896 0.038542 0.046875
0 0.266146 0.628125 0.051042 0.031250
0 0.556771 0.600000 0.038542 0.043750
0 0.102083 0.764583 0.031250 0.037500
0 0.386458 0.972396 0.054167 0.048958
0 0.220312 0.641667 0.038542 0.047917
0 0.285938 0.118750 0.028125 0.045833
0 0.457292 0.446354 0.039583 0.055208
0 0.834375 0.184375 0.043750 0.052083
0 0.789583 0.526563 0.050000 0.053125
0 0.115625 0.700521 0.039583 0.032292
0 0.701562 0.222917 0.026042 0.037500
0 0.323958 0.931250 0.047917 0.041667
0 0.576042 0.526042 0.043750 0.052083
0 0.717187 0.184375 0.038542 0.029167
0 0.797917 0.229167 0.027083 0.047917
0 0.541146 0.897917 0.038542 0.031250
0 0.245833 0.304688 0.039583 0.038542
0 0.451562 0.588021 0.046875 0.034375
0 0.539062 0.253125 0.038542 0.025000
0 0.773958 0.766667 0.041667 0.039583
0 0.384896 0.115625 0.038542 0.043750
0 0.344792 0.719271 0.033333 0.044792
0 0.817708 0.838021 0.054167 0.036458
0 0.578125 0.923958 0.035417 0.052083
0 0.694792 0.597396 0.045833 0.040625
0 0.760938 0.782292 0.040625 0.052083
0 0.176563 0.061979 0.038542 0.019792
0 0.870833 0.354687 0.039583 0.044792
0 0.823958 0.194792 0.027083 0.045833
0 0.806771 0.226042 0.038542 0.033333
0 0.453125 0.735417 0.033333 0.043750
0 0.113542 0.646354 0.047917 0.055208
0 0.241146 0.889583 0.048958 0.037500
0 0.348958 0.693750 0.041667 0.047917
0 0.253125 0.464583 0.041667 0.039583
0 0.308333 0.526042 0.022917 0.035417
0 0.204167 0.301042 0.045833 0.031250
0 0.195833 0.329167 0.037500 0.018750
0 0.276562 0.650521 0.034375 0.040625
0 0.394792 0.381771 0.039583 0.038542
0 0.364063 0.236458 0.053125 0.045833
0 0.162500 0.209896 0.035417 0.040625
0 0.457813 0.215625 0.036458 0.020833
0 0.216667 0.301042 0.037500 0.031250
0 0.570833 0.298438 0.041667 0.044792
0 0.957292 0.785937 0.037500 0.040625
0 0.833854 0.157292 0.046875 0.043750
0 0.581250 0.231771 0.027083 0.048958
0 0.303125 0.079167 0.041667 0.047917
0 0.289583 0.742708 0.025000 0.037500
0 0.334896 0.354687 0.028125 0.048958
0 0.530208 0.956250 0.022917 0.035417
0 0.175521 0.783854 0.040625 0.036458
0 0.317708 0.706250 0.050000 0.029167
0 0.445312 0.755208 0.023958 0.045833
0 0.413021 0.523438 0.051042 0.038542
0 0.919792 0.798958 0.037500 0.035417
0 0.856250 0.148958 0.050000 0.029167
0 0.260417 0.420833 0.022917 0.039583
0 0.948958 0.331771 0.033333 0.040625
0 0.620833 0.366667 0.052083 0.045833
0 0.765625 0.257292 0.050000 0.033333
0 0.287500 0.584375 0.041667 0.039583
0 0.333333 0.410938 0.045833 0.038542
0 0.627604 0.098437 0.036458 0.046875
0 0.841146 0.856771 0.034375 0.051042
0 0.599479 0.339583 0.051042 0.033333
0 0.721875 0.132812 0.037500 0.038542
0 0.340104 0.480729 0.040625 0.028125
0 0.209896 0.404167 0.042708 0.025000
0 0.110417 0.302604 0.050000 0.040625
0 0.894792 0.542188 0.027083 0.051042
0 0.653125 0.420833 0.031250 0.037500
0 0.413542 0.405729 0.043750 0.055208
0 0.721875 0.615104 0.029167 0.051042
0 0.287500 0.722917 0.047917 0.041667
0 0.219271 0.769271 0.053125 0.034375
0 0.825000 0.306771 0.047917 0.046875
0 0.389062 0.577083 0.046875 0.031250
0 0.414062 0.761979 0.040625 0.032292
0 0.261979 0.666667 0.030208 0.039583
0 0.200521 0.238021 0.051042 0.053125
0 0.126042 0.823438 0.041667 0.055208
0 0.387500 0.473958 0.037500 0.031250
0 0.596354 0.827604 0.053125 0.030208
0 0.615104 0.931250 0.038542 0.035417
0 0.405729 0.124479 0.023958 0.038542
0 0.111458 0.842708 0.045833 0.029167
0 0.265104 0.596875 0.036458 0.052083
0 0.546875 0.123438 0.033333 0.048958
0 0.150000 0.858333 0.037500 0.033333
0 0.796875 0.417708 0.045833 0.031250
0 0.366667 0.161979 0.029167 0.046875
0 0.720313 0.523438 0.019792 0.038542
0 0.308854 0.922396 0.048958 0.055208
0 0.800521 0.609896 0.036458 0.046875
0 0.206250 0.090625 0.025000 0.037500
0 0.076563 0.850521 0.040625 0.036458
0 0.534375 0.393750 0.045833 0.029167
0 0.406771 0.370312 0.048958 0.055208
0 0.911979 0.604688 0.042708 0.051042
0 0.721875 0.391146 0.043750 0.032292
0 0.303646 0.463542 0.042708 0.031250
0 0.952083 0.529687 0.039583 0.030208
0 0.233333 0.813021 0.043750 0.030208
0 0.588021 0.085938 0.048958 0.028125
0 0.306250 0.855208 0.050000 0.047917
0 0.389583 0.405208 0.043750 0.022917
0 0.606771 0.071354 0.051042 0.038542
0 0.151042 0.273438 0.022917 0.044792
0 0.096875 0.237500 0.037500 0.025000
0 0.777083 0.528125 0.045833 0.045833
0 0.090625 0.399479 0.037500 0.038542
0 0.407292 0.548438 0.039583 0.034375
0 0.828125 0.826042 0.052083 0.035417
0 0.429688 0.754167 0.034375 0.043750
0 0.250000 0.399479 0.039583 0.032292
0 0.597396 0.220833 0.036458 0.037500
0 0.297917 0.517188 0.037500 0.021875
0 0.754687 0.707292 0.019792 0.037500
0 0.205208 0.470313 0.041667 0.021875
0 0.191146 0.278646 0.040625 0.051042
0 0.817187 0.080208 0.053125 0.045833
0 0.252604 0.546875 0.046875 0.052083
0 0.564583 0.345313 0.054167 0.048958
0 0.411458 0.584375 0.031250 0.041667
0 0.741667 0.580208 0.050000 0.031250
0 0.636979 0.615104 0.040625 0.051042
0 0.794792 0.511458 0.043750 0.035417
0 0.440625 0.296354 0.050000 0.042708
0 0.163021 0.810417 0.042708 0.027083
0 0.573438 0.285417 0.036458 0.037500
0 0.364583 0.456250 0.033333 0.047917
0 0.794271 0.233333 0.032292 0.039583
0 0.615104 0.259896 0.048958 0.055208
0 0.900521 0.533333 0.042708 0.031250
0 0.775521 0.152604 0.019792 0.038542
0 0.343750 0.953125 0.043750 0.025000
0 0.691146 0.390104 0.040625 0.032292
0 0.618750 0.813542 0.037500 0.035417
0 0.238021 0.229167 0.046875 0.029167
0 0.128646 0.571875 0.042708 0.054167
0 0.297917 0.490625 0.039583 0.047917
0 0.419271 0.847396 0.026042 0.044792
0 0.490625 0.588021 0.033333 0.040625
0 0.768750 0.677083 0.041667 0.031250
0 0.297396 0.654167 0.030208 0.047917
0 0.185938 0.832292 0.038542 0.025000
0 0.730208 0.584375 0.031250 0.037500
0 0.496875 0.252604 0.043750 0.042708
0 0.385417 0.184375 0.039583 0.052083
0 0.560417 0.536458 0.035417 0.037500
0 0.215625 0.540625 0.052083 0.041667
0 0.629167 0.810417 0.025000 0.047917
0 0.329688 0.790625 0.038542 0.035417
0 0.494271 0.708333 0.040625 0.041667
0 0.856250 0.850000 0.047917 0.035417
0 0.546354 0.509896 0.042708 0.051042
0 0.855729 0.456250 0.042708 0.047917
0 0.573958 0.642188 0.035417 0.040625
0 0.409375 0.576042 0.052083 0.039583
0 0.419792 0.429167 0.045833 0.043750
0 0.591146 0.324479 0.042708 0.044792
0 0.814063 0.305208 0.034375 0.037500
0 0.919271 0.142187 0.042708 0.051042
0 0.917708 0.256250 0.037500 0.052083
0 0.609896 0.526042 0.036458 0.043750
0 0.641146 0.147917 0.042708 0.037500
0 0.379167 0.593229 0.041667 0.044792
0 0.684375 0.606771 0.029167 0.051042
0 0.768229 0.200000 0.044792 0.033333
0 0.608333 0.635938 0.039583 0.038542
0 0.138542 0.675000 0.037500 0.041667
0 0.829167 0.495833 0.052083 0.037500
0 0.661458 0.953125 0.031250 0.037500
0 0.414062 0.708333 0.038542 0.043750
0 0.177083 0.793750 0.035417 0.037500
0 0.119792 0.614583 0.031250 0.050000
0 0.622917 0.606771 0.050000 0.028125
0 0.590625 0.786458 0.037500 0.047917
0 0.105729 0.517188 0.038542 0.051042
0 0.199479 0.741146 0.046875 0.038542
0 0.479687 0.108333 0.042708 0.039583
0 0.243750 0.821354 0.039583 0.034375
0 0.423958 0.204687 0.043750 0.048958
0 0.537500 0.699479 0.045833 0.048958
0 0.463021 0.306771 0.055208 0.044792
0 0.938021 0.770312 0.038542 0.021875
0 0.650000 0.629167 0.022917 0.035417
0 0.869271 0.307292 0.042708 0.037500
0 0.150521 0.292187 0.042708 0.051042
0 0.658854 0.878125 0.038542 0.047917
0 0.311458 0.582292 0.037500 0.031250
0 0.896875 0.254688 0.043750 0.042708
0 0.629687 0.683333 0.023958 0.037500
0 0.530729 0.082292 0.051042 0.033333
0 0.670833 0.810937 0.037500 0.021875
0 0.409375 0.215104 0.054167 0.048958
0 0.492708 0.917708 0.045833 0.052083
0 0.833333 0.625000 0.037500 0.031250
0 0.814583 0.602604 0.043750 0.055208
0 0.831250 0.426042 0.043750 0.033333
0 0.481771 0.692187 0.048958 0.030208
0 0.355729 0.709896 0.028125 0.044792
0 0.219271 0.818750 0.048958 0.035417
0 0.183333 0.165104 0.047917 0.044792
0 0.434896 0.710938 0.034375 0.046875
0 0.182812 0.445312 0.051042 0.036458
0 0.680208 0.891146 0.045833 0.038542
0 0.093750 0.485938 0.050000 0.026042
0 0.471354 0.877604 0.038542 0.046875
0 0.209375 0.289062 0.020833 0.038542
0 0.698438 0.440625 0.046875 0.031250
0 0.860417 0.197917 0.037500 0.022917
0 0.509896 0.948438 0.032292 0.040625
0 0.215104 0.207813 0.048958 0.044792
0 0.823438 0.510938 0.042708 0.044792
0 0.866146 0.151562 0.051042 0.026042
0 0.906250 0.933333 0.047917 0.050000
0 0.598958 0.831250 0.045833 0.027083
0 0.630208 0.971354 0.027083 0.048958
0 0.777604 0.658854 0.046875 0.038542
0 0.406250 0.100521 0.043750 0.040625
0 0.650521 0.865104 0.040625 0.038542
0 0.929167 0.768750 0.037500 0.022917
0 0.595313 0.238542 0.042708 0.031250
0 0.398958 0.578125 0.031250 0.041667
0 0.330729 0.713542 0.030208 0.050000
0 0.577604 0.793750 0.042708 0.027083
0 0.404167 0.868750 0.043750 0.025000
0 0.475521 0.414062 0.055208 0.040625
0 0.657292 0.704688 0.039583 0.028125
0 0.657813 0.358333 0.042708 0.039583
0 0.651563 0.315104 0.051042 0.026042
0 0.364583 0.099479 0.054167 0.042708
0 0.127083 0.886979 0.037500 0.021875
0 0.231250 0.746875 0.041667 0.031250
0 0.417187 0.696875 0.046875 0.029167
0 0.376563 0.139063 0.046875 0.036458
0 0.810937 0.502604 0.040625 0.032292
0 0.504167 0.306771 0.050000 0.044792
0 0.296354 0.149479 0.048958 0.046875
0 0.176042 0.385937 0.033333 0.044792
0 0.829688 0.209375 0.044792 0.022917
0 0.179167 0.205208 0.029167 0.045833
0 0.226042 0.228125 0.052083 0.047917
0 0.221875 0.835938 0.025000 0.046875
0 0.844271 0.828646 0.036458 0.040625
0 0.853646 0.484375 0.040625 0.041667
0 0.330208 0.825000 0.025000 0.043750
0 0.518750 0.629167 0.043750 0.052083
0 0.783333 0.382812 0.035417 0.040625
0 0.441667 0.617708 0.045833 0.052083
0 0.503125 0.193229 0.033333 0.048958
0 0.599479 0.668750 0.038542 0.033333
0 0.375000 0.691667 0.050000 0.050000
0 0.694792 0.801562 0.022917 0.042708
0 0.225521 0.895312 0.044792 0.048958
0 0.352604 0.882292 0.051042 0.050000
0 0.094792 0.584375 0.037500 0.035417
0 0.366146 0.853125 0.040625 0.047917
0 0.469792 0.964583 0.031250 0.045833
0 0.303125 0.226562 0.041667 0.044792
0 0.129688 0.273438 0.048958 0.046875
0 0.690104 0.357812 0.038542 0.051042
0 0.672396 0.134896 0.040625 0.028125
0 0.274479 0.372917 0.042708 0.047917
0 0.230729 0.548958 0.048958 0.041667
0 0.627604 0.681771 0.038542 0.046875
0 0.259375 0.180208 0.039583 0.052083
0 0.317708 0.666667 0.043750 0.035417
0 0.509896 0.250000 0.053125 0.047917
0 0.201042 0.223438 0.043750 0.042708
0 0.914583 0.942187 0.041667 0.021875
0 0.135937 0.604167 0.044792 0.033333
0 0.851562 0.665625 0.034375 0.039583
0 0.810417 0.178646 0.054167 0.038542
0 0.530729 0.635938 0.023958 0.042708
0 0.797396 0.720833 0.053125 0.043750
0 0.524479 0.528646 0.055208 0.042708
0 0.631250 0.927604 0.031250 0.051042
0 0.773958 0.500000 0.035417 0.047917
0 0.880208 0.663542 0.039583 0.052083
0 0.441146 0.760938 0.040625 0.055208
0 0.910937 0.270313 0.032292 0.053125
0 0.443229 0.393229 0.044792 0.026042
0 0.526042 0.479167 0.035417 0.052083
0 0.677083 0.667708 0.035417 0.037500
0 0.512500 0.226042 0.052083 0.043750
0 0.704688 0.449479 0.034375 0.046875
0 0.502083 0.727604 0.031250 0.044792
0 0.249479 0.709375 0.030208 0.039583
0 0.910417 0.640625 0.052083 0.035417
0 0.156771 0.807813 0.042708 0.051042
0 0.887500 0.764062 0.037500 0.038542
0 0.596354 0.171354 0.021875 0.038542
0 0.228125 0.935417 0.033333 0.050000
0 0.121875 0.279687 0.045833 0.055208
0 0.141667 0.351562 0.031250 0.044792
0 0.314583 0.277083 0.050000 0.031250
0 0.254167 0.438542 0.039583 0.052083
0 0.869792 0.603646 0.052083 0.053125
0 0.437500 0.466667 0.047917 0.041667
0 0.548958 0.161979 0.025000 0.038542
0 0.088542 0.519792 0.052083 0.039583
0 0.863542 0.796354 0.054167 0.038542
0 0.785937 0.568229 0.044792 0.055208
0 0.443750 0.752083 0.037500 0.031250
0 0.959375 0.701562 0.027083 0.040625
0 0.282813 0.369792 0.042708 0.054167
0 0.647396 0.752604 0.040625 0.051042
0 0.924479 0.081250 0.026042 0.037500
0 0.276042 0.912500 0.037500 0.029167
0 0.760938 0.888021 0.036458 0.046875
0 0.143750 0.269792 0.052083 0.037500
0 0.353125 0.679688 0.043750 0.055208
0 0.936458 0.373958 0.037500 0.041667
0 0.531771 0.405729 0.055208 0.042708
0 0.879167 0.607812 0.039583 0.048958
0 0.605729 0.685417 0.034375 0.039583
0 0.067708 0.830208 0.025000 0.037500
0 0.847917 0.307812 0.037500 0.038542
0 0.321875 0.464583 0.047917 0.025000
0 0.157292 0.521875 0.033333 0.045833
0 0.383854 0.441667 0.030208 0.039583
0 0.387500 0.593750 0.043750 0.031250
0 0.786979 0.473438 0.030208 0.044792
0 0.431250 0.107292 0.025000 0.047917
0 0.264583 0.917708 0.047917 0.027083
0 0.720833 0.173437 0.043750 0.042708
0 0.958333 0.317708 0.047917 0.037500
0 0.314063 0.491667 0.042708 0.029167
0 0.096354 0.572917 0.032292 0.047917
0 0.154167 0.846875 0.045833 0.043750
0 0.075521 0.484375 0.044792 0.033333
0 0.122917 0.503646 0.054167 0.046875
0 0.746354 0.118229 0.042708 0.023958
0 0.695833 0.907813 0.039583 0.044792
0 0.565625 0.590104 0.041667 0.048958
0 0.455729 0.818229 0.046875 0.034375
0 0.681250 0.365104 0.054167 0.048958
0 0.878125 0.856250 0.035417 0.037500
0 0.832292 0.966667 0.050000 0.047917
0 0.236979 0.628646 0.046875 0.038542
0 0.905208 0.097396 0.033333 0.040625
0 0.309896 0.166146 0.040625 0.036458
0 0.079687 0.072396 0.038542 0.040625
0 0.426563 0.678125 0.019792 0.037500
0 0.944792 0.218229 0.045833 0.055208
0 0.670312 0.449479 0.053125 0.030208
0 0.089063 0.805208 0.032292 0.043750
0 0.620833 0.338542 0.041667 0.039583
0 0.544271 0.898958 0.040625 0.025000
0 0.302083 0.266146 0.047917 0.032292
0 0.198437 0.250000 0.048958 0.052083
0 0.658854 0.071354 0.040625 0.032292
0 0.295833 0.776042 0.039583 0.052083
0 0.285417 0.217188 0.020833 0.038542
0 0.944792 0.231771 0.050000 0.053125
0 0.133333 0.354687 0.043750 0.040625
0 0.503125 0.802083 0.039583 0.020833
0 0.392708 0.903125 0.037500 0.022917
0 0.552604 0.305729 0.042708 0.044792
0 0.565625 0.194271 0.033333 0.040625
0 0.758333 0.856250 0.047917 0.027083
0 0.571875 0.628125 0.039583 0.041667
0 0.780729 0.176563 0.036458 0.046875
0 0.884896 0.618229 0.023958 0.042708
0 0.207813 0.788021 0.046875 0.048958
0 0.833333 0.957292 0.047917 0.037500
0 0.479687 0.907292 0.044792 0.052083
0 0.418750 0.292708 0.047917 0.033333
0 0.691667 0.238021 0.031250 0.051042
0 0.546875 0.186979 0.054167 0.036458
0 0.622917 0.520312 0.050000 0.028125
0 0.954688 0.203125 0.042708 0.039583
0 0.371875 0.076563 0.043750 0.048958
0 0.271354 0.605208 0.042708 0.039583
0 0.517708 0.804167 0.041667 0.037500
0 0.856250 0.640104 0.031250 0.048958
0 0.715104 0.356771 0.044792 0.051042
0 0.851562 0.135937 0.032292 0.044792
0 0.889583 0.271875 0.037500 0.035417
0 0.117708 0.643229 0.022917 0.040625
0 0.925000 0.376563 0.054167 0.048958
0 0.460938 0.904687 0.044792 0.026042
0 0.714583 0.873958 0.027083 0.047917
0 0.779167 0.885417 0.052083 0.047917
0 0.472396 0.510938 0.053125 0.051042
0 0.964063 0.699479 0.044792 0.048958
0 0.627083 0.959896 0.045833 0.040625
0 0.477604 0.837500 0.040625 0.020833
0 0.858333 0.260417 0.043750 0.022917
0 0.592187 0.943229 0.036458 0.017708
0 0.587500 0.525521 0.043750 0.055208
0 0.748437 0.393750 0.044792 0.035417
0 0.221354 0.822396 0.055208 0.048958
0 0.114583 0.651563 0.043750 0.021875
0 0.086458 0.637500 0.037500 0.025000
0 0.154167 0.103125 0.025000 0.037500
0 0.254688 0.807292 0.036458 0.018750
0 0.388021 0.778646 0.053125 0.053125
0 0.500000 0.310417 0.041667 0.047917
0 0.686979 0.828125 0.038542 0.035417
0 0.275000 0.910417 0.043750 0.033333
0 0.112500 0.659896 0.018750 0.036458
0 0.258854 0.676562 0.040625 0.038542
0 0.823438 0.732812 0.023958 0.042708
0 0.613542 0.448958 0.029167 0.037500
0 0.816146 0.104167 0.042708 0.041667
0 0.233854 0.336979 0.032292 0.048958
0 0.486979 0.128646 0.042708 0.044792
0 0.234896 0.867188 0.055208 0.044792
0 0.936458 0.116146 0.045833 0.036458
0 0.793750 0.201042 0.052083 0.037500
0 0.156250 0.277604 0.027083 0.040625
0 0.848437 0.339583 0.028125 0.045833
0 0.332813 0.928646 0.055208 0.036458
0 0.513542 0.518750 0.052083 0.045833
0 0.635938 0.167708 0.038542 0.047917
0 0.294271 0.135417 0.046875 0.027083
0 0.519271 0.311979 0.048958 0.034375
0 0.468750 0.553125 0.035417 0.018750
0 0.730729 0.868750 0.026042 0.041667
0 0.583854 0.294271 0.044792 0.040625
0 0.567187 0.744271 0.040625 0.028125
0 0.667708 0.130729 0.029167 0.048958
0 0.563542 0.533333 0.022917 0.037500
0 0.429167 0.356771 0.035417 0.053125
0 0.693750 0.579167 0.047917 0.037500
0 0.518750 0.822396 0.029167 0.048958
0 0.367708 0.223438 0.045833 0.034375
0 0.081250 0.257812 0.047917 0.044792
0 0.383333 0.330208 0.047917 0.035417
0 0.521875 0.790625 0.050000 0.033333
0 0.633854 0.110937 0.048958 0.046875
0 0.703646 0.361458 0.040625 0.054167
0 0.495833 0.855729 0.037500 0.044792
0 0.783333 0.400000 0.041667 0.029167
0 0.084375 0.563542 0.043750 0.033333
0 0.494271 0.781771 0.036458 0.051042
0 0.269271 0.925000 0.044792 0.052083
0 0.104167 0.255729 0.043750 0.026042
0 0.437500 0.076563 0.043750 0.048958
0 0.641146 0.439583 0.048958 0.037500
0 0.106771 0.260937 0.038542 0.021875
0 0.276562 0.131250 0.034375 0.043750
0 0.845833 0.968229 0.035417 0.040625
0 0.230729 0.250521 0.048958 0.055208
0 0.179688 0.473438 0.040625 0.036458
0 0.169792 0.171354 0.054167 0.046875
0 0.475000 0.618229 0.022917 0.038542
0 0.480729 0.926042 0.053125 0.043750
0 0.425521 0.186979 0.048958 0.032292
0 0.659375 0.526563 0.047917 0.044792
0 0.727083 0.633854 0.050000 0.034375
0 0.146875 0.226042 0.033333 0.050000
0 0.292708 0.638021 0.054167 0.036458
0 0.496875 0.208854 0.039583 0.026042
0 0.800000 0.308333 0.025000 0.047917
0 0.540625 0.601562 0.054167 0.038542
0 0.407813 0.922396 0.040625 0.038542
0 0.878646 0.235937 0.053125 0.032292
0 0.481250 0.601042 0.041667 0.039583
0 0.790104 0.493750 0.038542 0.033333
0 0.206771 0.359375 0.036458 0.052083
0 0.227083 0.168750 0.039583 0.022917
0 0.963542 0.348958 0.043750 0.033333
0 0.277083 0.926562 0.041667 0.032292
0 0.103646 0.525000 0.042708 0.027083
0 0.772396 0.208333 0.021875 0.037500
0 0.870313 0.630729 0.044792 0.040625
0 0.189583 0.497396 0.031250 0.044792
0 0.213542 0.706250 0.043750 0.045833
0 0.792188 0.885938 0.032292 0.048958
0 0.622396 0.131250 0.036458 0.043750
0 0.110417 0.541667 0.043750 0.025000
0 0.381771 0.120313 0.051042 0.034375
0 0.860417 0.439063 0.054167 0.038542
0 0.487500 0.256250 0.037500 0.033333
0 0.147396 0.684896 0.051042 0.040625
0 0.656250 0.608854 0.039583 0.028125
0 0.811458 0.876563 0.039583 0.028125
0 0.267708 0.826562 0.037500 0.044792
0 0.517188 0.356250 0.036458 0.020833
0 0.404687 0.676562 0.044792 0.028125
0 0.858333 0.081771 0.039583 0.044792
0 0.099479 0.236979 0.055208 0.046875
0 0.220312 0.638021 0.036458 0.051042
0 0.746354 0.250000 0.046875 0.029167
0 0.116146 0.258854 0.046875 0.036458
0 0.830729 0.569792 0.040625 0.047917
0 0.640625 0.634375 0.035417 0.037500
0 0.605208 0.486458 0.043750 0.045833
0 0.862500 0.693229 0.043750 0.026042
0 0.409375 0.156771 0.037500 0.048958
0 0.818750 0.570833 0.027083 0.043750
0 0.952083 0.835938 0.029167 0.040625
0 0.896875 0.681250 0.043750 0.045833
0 0.135417 0.899479 0.047917 0.046875
0 0.860938 0.747396 0.040625 0.034375
0 0.089063 0.652083 0.044792 0.045833
0 0.347396 0.408854 0.032292 0.053125
0 0.149479 0.197917 0.038542 0.037500
0 0.608854 0.343229 0.026042 0.044792
0 0.613542 0.411458 0.025000 0.037500
0 0.717708 0.467708 0.033333 0.043750
0 0.515625 0.391667 0.045833 0.031250
0 0.855208 0.482812 0.037500 0.044792
0 0.703125 0.668229 0.029167 0.040625
0 0.600000 0.511979 0.054167 0.048958
0 0.468750 0.270833 0.041667 0.052083
0 0.793750 0.540625 0.033333 0.037500
0 0.786979 0.441146 0.046875 0.055208
0 0.595313 0.734375 0.028125 0.039583
0 0.765104 0.283333 0.046875 0.029167
0 0.304688 0.206250 0.040625 0.020833
0 0.372917 0.359896 0.020833 0.036458
0 0.600521 0.743750 0.053125 0.035417
0 0.532292 0.622917 0.047917 0.039583
0 0.794271 0.527604 0.044792 0.040625
0 0.505208 0.513021 0.039583 0.032292
0 0.180208 0.885938 0.052083 0.051042
0 0.379167 0.135937 0.050000 0.038542
0 0.687500 0.325521 0.020833 0.038542
0 0.942187 0.207292 0.034375 0.016667
0 0.303125 0.723958 0.037500 0.031250
0 0.615104 0.129167 0.038542 0.025000
0 0.958333 0.868229 0.045833 0.038542
0 0.915625 0.121354 0.047917 0.053125
0 0.106771 0.836458 0.048958 0.035417
0 0.153646 0.843750 0.028125 0.045833
0 0.547396 0.320833 0.034375 0.016667
0 0.506250 0.494792 0.052083 0.045833
0 0.346875 0.182812 0.029167 0.044792
0 0.183333 0.072396 0.039583 0.034375
0 0.169271 0.227083 0.053125 0.041667
0 0.469271 0.686458 0.042708 0.041667
0 0.303646 0.644792 0.026042 0.039583
0 0.395313 0.866146 0.032292 0.048958
0 0.394792 0.870313 0.027083 0.046875
0 0.675000 0.103646 0.052083 0.034375
0 0.595833 0.463542 0.052083 0.037500
0 0.959896 0.551042 0.040625 0.041667
0 0.892708 0.539062 0.052083 0.032292
0 0.358854 0.880208 0.036458 0.020833
0 0.313021 0.687500 0.034375 0.052083
0 0.320312 0.386458 0.023958 0.047917
0 0.592708 0.747917 0.043750 0.045833
0 0.872396 0.497917 0.038542 0.029167
0 0.922917 0.521354 0.039583 0.028125
0 0.559896 0.088542 0.046875 0.029167
0 0.641667 0.766667 0.037500 0.052083
0 0.142187 0.458854 0.051042 0.055208
0 0.973437 0.084896 0.053125 0.051042
0 0.517708 0.104167 0.047917 0.027083
0 0.392708 0.605729 0.020833 0.040625
0 0.467187 0.232813 0.042708 0.044792
0 0.484375 0.370312 0.022917 0.038542
0 0.710417 0.934896 0.037500 0.040625
0 0.667188 0.459375 0.044792 0.045833
0 0.188021 0.936979 0.040625 0.036458
0 0.842708 0.641667 0.025000 0.037500
0 0.818229 0.418750 0.038542 0.031250
0 0.170833 0.336979 0.047917 0.028125
0 0.882812 0.332292 0.042708 0.037500
0 0.133854 0.410417 0.034375 0.039583
0 0.505729 0.867188 0.032292 0.048958
0 0.798958 0.832812 0.043750 0.028125
0 0.146875 0.750521 0.052083 0.030208
0 0.375000 0.738542 0.037500 0.035417
0 0.211458 0.093750 0.037500 0.027083
0 0.538021 0.800521 0.036458 0.051042
0 0.586458 0.962500 0.050000 0.047917
0 0.826562 0.259896 0.030208 0.040625
0 0.922396 0.716146 0.048958 0.028125
0 0.465104 0.551042 0.042708 0.037500
0 0.733854 0.876042 0.044792 0.022917
0 0.149479 0.180208 0.032292 0.043750
0 0.192188 0.121354 0.038542 0.046875
0 0.902604 0.756250 0.038542 0.047917
0 0.608854 0.620833 0.034375 0.037500
0 0.157292 0.607812 0.050000 0.034375
0 0.800000 0.869792 0.045833 0.031250
0 0.324479 0.469792 0.036458 0.047917
0 0.838021 0.961458 0.051042 0.050000
0 0.266146 0.703125 0.038542 0.047917
0 0.604688 0.851042 0.040625 0.041667
0 0.191146 0.844792 0.036458 0.020833
0 0.194792 0.303125 0.041667 0.025000
0 0.644271 0.737500 0.034375 0.037500
0 0.470313 0.083854 0.044792 0.028125
0 0.616667 0.805729 0.050000 0.044792
0 0.765104 0.125521 0.044792 0.040625
0 0.931250 0.143750 0.037500 0.041667
0 0.442188 0.610938 0.030208 0.053125
0 0.078646 0.773958 0.044792 0.052083
0 0.153125 0.635938 0.037500 0.038542