0 0.686458 0.625000 0.052083 0.043750
0 0.642188 0.282292 0.038542 0.027083
0 0.936979 0.900521 0.028125 0.044792
0 0.745833 0.212500 0.043750 0.035417
0 0.326562 0.917188 0.030208 0.051042
0 0.588542 0.963542 0.033333 0.043750
0 0.917708 0.497917 0.052083 0.033333
0 0.590104 0.534375 0.032292 0.039583
0 0.125000 0.410938 0.027083 0.051042
0 0.504167 0.138542 0.033333 0.047917
0 0.742708 0.689063 0.031250 0.051042
0 0.769792 0.467708 0.045833 0.045833
0 0.303646 0.328125 0.038542 0.022917
0 0.569792 0.514583 0.047917 0.025000
0 0.376563 0.548958 0.028125 0.045833
0 0.535937 0.196354 0.036458 0.055208
0 0.792708 0.769792 0.035417 0.037500
0 0.075000 0.422396 0.031250 0.048958
0 0.848437 0.513542 0.048958 0.033333
0 0.675521 0.143229 0.044792 0.044792
0 0.482292 0.504167 0.039583 0.041667
0 0.946875 0.317188 0.050000 0.040625
0 0.710938 0.799479 0.044792 0.055208
0 0.939063 0.721354 0.040625 0.026042
0 0.552083 0.403646 0.035417 0.044792
0 0.818750 0.328125 0.045833 0.045833
0 0.757812 0.276562 0.021875 0.038542
0 0.446875 0.111979 0.043750 0.042708
0 0.792708 0.399479 0.043750 0.030208
0 0.505729 0.548438 0.042708 0.023958
0 0.408333 0.885417 0.037500 0.018750
0 0.285417 0.484896 0.041667 0.044792
0 0.923958 0.115625 0.047917 0.041667
0 0.541146 0.220833 0.040625 0.052083
0 0.784375 0.927083 0.047917 0.033333
0 0.284896 0.520312 0.032292 0.048958
0 0.403125 0.620833 0.052083 0.041667
0 0.609375 0.564063 0.045833 0.040625
0 0.369792 0.908854 0.043750 0.040625
0 0.765104 0.683333 0.044792 0.035417
0 0.540104 0.894792 0.042708 0.033333
0 0.777604 0.725521 0.040625 0.051042
0 0.207813 0.097396 0.044792 0.032292
0 0.596354 0.456250 0.034375 0.043750
0 0.162500 0.384375 0.035417 0.020833
0 0.471875 0.805729 0.039583 0.026042
0 0.742188 0.444271 0.032292 0.053125
0 0.664583 0.746354 0.045833 0.032292
0 0.623437 0.350521 0.051042 0.038542
0 0.622396 0.232813 0.044792 0.040625
0 0.263021 0.188542 0.036458 0.020833
0 0.768750 0.148438 0.016667 0.034375
0 0.408854 0.854167 0.051042 0.029167
0 0.089583 0.915104 0.045833 0.034375
0 0.709375 0.967708 0.033333 0.047917
0 0.727604 0.172917 0.053125 0.037500
0 0.909896 0.959896 0.023958 0.040625
0 0.319792 0.834896 0.031250 0.040625
0 0.225521 0.169792 0.036458 0.043750
0 0.190104 0.478646 0.046875 0.055208
0 0.418229 0.508333 0.036458 0.043750
0 0.137500 0.321354 0.043750 0.040625
0 0.266146 0.923958 0.046875 0.052083
0 0.761458 0.681250 0.039583 0.041667
0 0.904687 0.601562 0.046875 0.055208
0 0.661458 0.568229 0.045833 0.036458
0 0.888021 0.379688 0.040625 0.044792
0 0.460417 0.914062 0.039583 0.048958
0 0.458854 0.592708 0.034375 0.043750
0 0.835938 0.317188 0.046875 0.048958
0 0.608333 0.177604 0.039583 0.034375
0 0.518750 0.898438 0.039583 0.023958
0 0.735938 0.742188 0.036458 0.051042
0 0.667708 0.585938 0.033333 0.040625
0 0.641667 0.782813 0.047917 0.053125
0 0.793750 0.135417 0.039583 0.052083
0 0.821875 0.281250 0.043750 0.033333
0 0.813021 0.385417 0.042708 0.027083
0 0.939063 0.417708 0.046875 0.031250
0 0.207292 0.397917 0.047917 0.037500
0 0.435417 0.962500 0.050000 0.050000
0 0.480729 0.594271 0.051042 0.040625
0 0.869271 0.661979 0.051042 0.044792
0 0.193750 0.224479 0.041667 0.048958
0 0.190104 0.139063 0.042708 0.044792
0 0.180729 0.955729 0.038542 0.040625
0 0.755208 0.849479 0.052083 0.030208
0 0.586979 0.279687 0.023958 0.038542
0 0.717708 0.599479 0.039583 0.026042
0 0.545312 0.370312 0.046875 0.055208
0 0.796875 0.314583 0.033333 0.047917
0 0.371354 0.839063 0.042708 0.051042
0 0.643229 0.721875 0.048958 0.037500
0 0.457292 0.664583 0.029167 0.045833
0 0.328125 0.350000 0.022917 0.043750
0 0.221354 0.141667 0.048958 0.037500
0 0.490625 0.931771 0.043750 0.032292
0 0.849479 0.255208 0.046875 0.052083
0 0.378646 0.568750 0.042708 0.029167
0 0.332292 0.176042 0.050000 0.033333
0 0.804688 0.567187 0.051042 0.034375
0 0.564583 0.556250 0.043750 0.033333
0 0.730729 0.333333 0.034375 0.043750
0 0.241667 0.168750 0.045833 0.022917
0 0.669792 0.528646 0.045833 0.026042
0 0.464583 0.200521 0.033333 0.048958
0 0.598437 0.322396 0.055208 0.048958
0 0.544792 0.842187 0.020833 0.036458
0 0.160417 0.413542 0.041667 0.039583
0 0.446875 0.332292 0.037500 0.041667
0 0.409896 0.663021 0.030208 0.044792
0 0.569271 0.685417 0.036458 0.037500
0 0.673958 0.080729 0.045833 0.034375
0 0.614062 0.556771 0.038542 0.055208
0 0.518229 0.651563 0.044792 0.040625
0 0.526563 0.103125 0.048958 0.035417
0 0.467708 0.295312 0.035417 0.048958
0 0.902604 0.389062 0.032292 0.040625
0 0.554167 0.747917 0.033333 0.043750
0 0.672917 0.558333 0.033333 0.047917
0 0.165625 0.926042 0.043750 0.037500
0 0.455208 0.756771 0.043750 0.040625
0 0.539583 0.843229 0.031250 0.040625
0 0.469792 0.950521 0.043750 0.040625
0 0.233333 0.463542 0.045833 0.045833
0 0.109375 0.605729 0.039583 0.026042
0 0.360417 0.127083 0.043750 0.045833
0 0.586979 0.492708 0.042708 0.039583
0 0.450000 0.612500 0.027083 0.045833
0 0.672917 0.805208 0.029167 0.050000
0 0.522396 0.267708 0.046875 0.043750
0 0.235417 0.479687 0.052083 0.051042
0 0.609375 0.306250 0.039583 0.022917
0 0.816667 0.125521 0.043750 0.055208
0 0.468750 0.838542 0.027083 0.041667
0 0.529167 0.472396 0.039583 0.044792
0 0.316146 0.862500 0.044792 0.022917
0 0.394792 0.575000 0.050000 0.029167
0 0.531771 0.623437 0.021875 0.038542
0 0.661458 0.896875 0.041667 0.052083
0 0.269271 0.206250 0.038542 0.031250
0 0.876042 0.531250 0.052083 0.039583
0 0.414062 0.179688 0.046875 0.023958
0 0.758333 0.515625 0.045833 0.043750
0 0.476042 0.789062 0.045833 0.032292
0 0.216146 0.861979 0.038542 0.040625
0 0.853646 0.175000 0.042708 0.027083
0 0.652083 0.506250 0.035417 0.047917
0 0.896875 0.178125 0.045833 0.052083
0 0.323437 0.442708 0.044792 0.035417
0 0.209375 0.797917 0.052083 0.037500
0 0.322396 0.210938 0.040625 0.032292
0 0.590625 0.716667 0.033333 0.047917
0 0.503125 0.508333 0.052083 0.037500
0 0.797396 0.577083 0.053125 0.041667
0 0.616146 0.155208 0.053125 0.045833
0 0.603646 0.553125 0.048958 0.052083
0 0.183854 0.491146 0.036458 0.040625
0 0.491146 0.120313 0.040625 0.055208
0 0.793229 0.292708 0.038542 0.035417
0 0.213542 0.541146 0.047917 0.044792
0 0.254167 0.875521 0.047917 0.046875
0 0.286458 0.317188 0.054167 0.044792
0 0.769792 0.396875 0.037500 0.041667
0 0.138021 0.850000 0.034375 0.039583
0 0.392708 0.315625 0.050000 0.029167
0 0.097917 0.238542 0.039583 0.041667
0 0.123438 0.302604 0.051042 0.038542
0 0.331771 0.322917 0.019792 0.035417
0 0.489583 0.216146 0.029167 0.040625
0 0.554167 0.116667 0.029167 0.037500
0 0.294271 0.886979 0.046875 0.038542
0 0.489583 0.317708 0.052083 0.035417
0 0.667708 0.335938 0.054167 0.036458
0 0.359375 0.236458 0.052083 0.047917
0 0.170313 0.159375 0.034375 0.052083
0 0.558854 0.185417 0.044792 0.047917
0 0.504687 0.145313 0.032292 0.040625
0 0.771875 0.220833 0.052083 0.047917
0 0.149479 0.693750 0.042708 0.029167
0 0.118229 0.530729 0.053125 0.030208
0 0.623958 0.700000 0.020833 0.039583
0 0.941667 0.090625 0.041667 0.031250
0 0.818750 0.691667 0.045833 0.045833
0 0.945833 0.646354 0.031250 0.040625
0 0.813542 0.820312 0.039583 0.026042
0 0.876563 0.882292 0.042708 0.039583
0 0.648438 0.774479 0.053125 0.051042
0 0.791146 0.648438 0.021875 0.042708
0 0.368229 0.819792 0.051042 0.031250
0 0.734896 0.704167 0.053125 0.047917
0 0.837500 0.355208 0.039583 0.041667
0 0.964583 0.918750 0.047917 0.037500
0 0.229167 0.313542 0.047917 0.033333
0 0.609896 0.723437 0.046875 0.026042
0 0.480208 0.730729 0.031250 0.040625
0 0.829167 0.943229 0.039583 0.032292
0 0.461979 0.177083 0.038542 0.025000
0 0.761458 0.731771 0.041667 0.044792
0 0.402604 0.846354 0.042708 0.044792
0 0.713021 0.073438 0.046875 0.036458
0 0.179688 0.494271 0.055208 0.051042
0 0.235417 0.721875 0.047917 0.050000
0 0.235417 0.947396 0.050000 0.034375
0 0.561458 0.307812 0.039583 0.036458
0 0.739583 0.589583 0.047917 0.027083
0 0.818750 0.489063 0.045833 0.038542
0 0.080208 0.081250 0.033333 0.037500
0 0.894271 0.218229 0.038542 0.046875
0 0.125521 0.729167 0.026042 0.047917
0 0.264583 0.625521 0.037500 0.023958
0 0.404687 0.826042 0.042708 0.029167
0 0.870313 0.419271 0.036458 0.040625
0 0.478125 0.806250 0.039583 0.047917
0 0.118750 0.469271 0.043750 0.055208
0 0.879167 0.835938 0.037500 0.021875
0 0.554688 0.779687 0.034375 0.046875
0 0.155729 0.466667 0.038542 0.033333
0 0.769271 0.701042 0.023958 0.041667
0 0.124479 0.319792 0.046875 0.043750
0 0.138021 0.136979 0.048958 0.046875
0 0.423438 0.703646 0.044792 0.026042
0 0.667708 0.781771 0.037500 0.038542
0 0.876042 0.943750 0.033333 0.052083
0 0.768229 0.373958 0.042708 0.041667
0 0.606250 0.488542 0.039583 0.041667
0 0.082812 0.098958 0.051042 0.050000
0 0.168750 0.201042 0.037500 0.029167
0 0.592708 0.322917 0.045833 0.043750
0 0.822917 0.818229 0.045833 0.023958
0 0.092188 0.357292 0.042708 0.025000
0 0.874479 0.233854 0.040625 0.026042
0 0.631771 0.564063 0.046875 0.023958
0 0.962500 0.331771 0.037500 0.044792
0 0.355208 0.402604 0.037500 0.040625
0 0.850000 0.749479 0.022917 0.038542
0 0.146875 0.109375 0.035417 0.020833
0 0.260937 0.151042 0.046875 0.043750
0 0.449479 0.495312 0.040625 0.019792
0 0.231250 0.159375 0.050000 0.047917
0 0.107813 0.763021 0.046875 0.038542
0 0.162500 0.417187 0.043750 0.040625
0 0.827604 0.418750 0.044792 0.035417
0 0.243750 0.672396 0.039583 0.048958
0 0.118750 0.444271 0.027083 0.040625
0 0.270313 0.480208 0.042708 0.027083
0 0.221354 0.664583 0.042708 0.037500
0 0.831771 0.269271 0.051042 0.053125
0 0.738542 0.378646 0.045833 0.048958
0 0.567708 0.228125 0.022917 0.043750
0 0.431771 0.368750 0.048958 0.035417
0 0.264583 0.627083 0.045833 0.045833
0 0.763542 0.228646 0.033333 0.053125
0 0.072917 0.171875 0.033333 0.043750
0 0.375521 0.821354 0.023958 0.042708
0 0.850521 0.337500 0.038542 0.018750
0 0.808333 0.795312 0.054167 0.040625
0 0.404687 0.936458 0.044792 0.033333
0 0.401042 0.374479 0.054167 0.038542
0 0.834896 0.121875 0.019792 0.035417
0 0.707812 0.191667 0.053125 0.043750
0 0.867708 0.941667 0.022917 0.039583
0 0.195833 0.552604 0.029167 0.044792
0 0.290625 0.275521 0.054167 0.036458
0 0.901042 0.851562 0.047917 0.030208
0 0.184896 0.598958 0.044792 0.052083
0 0.172917 0.327083 0.039583 0.041667
0 0.560937 0.231250 0.034375 0.043750
0 0.776042 0.232292 0.029167 0.045833
0 0.243229 0.333333 0.046875 0.043750
0 0.442708 0.382812 0.045833 0.028125
0 0.122917 0.409896 0.041667 0.044792
0 0.381250 0.359896 0.020833 0.040625
0 0.868750 0.407292 0.050000 0.047917
0 0.662500 0.643229 0.043750 0.055208
0 0.488542 0.706250 0.035417 0.018750
0 0.316667 0.684375 0.027083 0.047917
0 0.851042 0.585938 0.045833 0.036458
0 0.853646 0.875521 0.055208 0.046875
0 0.428125 0.299479 0.039583 0.028125
0 0.807813 0.866667 0.042708 0.039583
0 0.205208 0.506250 0.045833 0.045833
0 0.476042 0.099479 0.035417 0.048958
0 0.371875 0.358854 0.054167 0.048958
0 0.468750 0.819271 0.029167 0.046875
0 0.829167 0.704167 0.029167 0.050000
0 0.457292 0.434896 0.054167 0.048958
0 0.391667 0.150521 0.018750 0.036458
0 0.620833 0.856250 0.043750 0.035417
0 0.563021 0.590625 0.048958 0.039583
0 0.231771 0.170313 0.038542 0.040625
0 0.554167 0.942187 0.050000 0.036458
0 0.547396 0.930208 0.053125 0.041667
0 0.278125 0.930729 0.052083 0.051042
0 0.168750 0.181771 0.054167 0.040625
0 0.618229 0.677083 0.048958 0.050000
0 0.145313 0.352604 0.040625 0.034375
0 0.513021 0.768750 0.032292 0.039583
0 0.180729 0.117188 0.019792 0.038542
0 0.804167 0.639583 0.047917 0.039583
0 0.103125 0.264062 0.039583 0.053125
0 0.777604 0.154688 0.030208 0.044792
0 0.560937 0.280208 0.048958 0.052083
0 0.124479 0.159375 0.040625 0.054167
0 0.210938 0.928646 0.044792 0.040625
0 0.473438 0.868229 0.040625 0.038542
0 0.190625 0.832812 0.043750 0.042708
0 0.121354 0.268229 0.026042 0.040625
0 0.609896 0.347396 0.048958 0.055208
0 0.520833 0.851562 0.047917 0.046875
0 0.759896 0.469271 0.044792 0.030208
0 0.700521 0.323958 0.040625 0.022917
0 0.259896 0.480208 0.040625 0.047917
0 0.885417 0.264062 0.043750 0.026042
0 0.832292 0.516667 0.033333 0.043750
0 0.565104 0.856771 0.046875 0.026042
0 0.708333 0.472396 0.047917 0.028125
0 0.213542 0.462500 0.029167 0.045833
0 0.842708 0.248438 0.033333 0.040625
0 0.331771 0.661979 0.032292 0.044792
0 0.789583 0.248438 0.054167 0.042708
0 0.826042 0.456771 0.054167 0.048958
0 0.958854 0.577604 0.044792 0.026042
0 0.381250 0.799479 0.029167 0.044792
0 0.894271 0.807292 0.040625 0.025000
0 0.156771 0.511979 0.046875 0.038542
0 0.185417 0.201042 0.037500 0.033333
0 0.085938 0.207813 0.038542 0.040625
0 0.857292 0.492188 0.041667 0.044792
0 0.280729 0.414583 0.048958 0.041667
0 0.951562 0.722917 0.019792 0.035417
0 0.637500 0.481771 0.047917 0.046875
0 0.817708 0.794792 0.043750 0.045833
0 0.131250 0.069271 0.047917 0.030208
0 0.548438 0.872917 0.038542 0.037500
0 0.584896 0.929688 0.046875 0.038542
0 0.255208 0.563542 0.039583 0.047917
0 0.309896 0.247396 0.034375 0.053125
0 0.110417 0.276042 0.045833 0.052083
0 0.826562 0.130729 0.038542 0.055208
0 0.794271 0.738542 0.038542 0.043750
0 0.864583 0.088021 0.047917 0.046875
0 0.796354 0.683854 0.044792 0.026042
0 0.609375 0.506771 0.043750 0.048958
0 0.271354 0.828125 0.030208 0.050000
0 0.610417 0.858333 0.025000 0.037500
0 0.788021 0.546875 0.038542 0.035417
0 0.333333 0.152604 0.033333 0.040625
0 0.860417 0.344792 0.047917 0.033333
0 0.352083 0.889583 0.037500 0.031250
0 0.471875 0.553125 0.043750 0.052083
0 0.803125 0.642188 0.039583 0.019792
0 0.227083 0.738021 0.054167 0.036458
0 0.657292 0.868229 0.039583 0.038542
0 0.816667 0.268750 0.035417 0.047917
0 0.703646 0.305208 0.021875 0.043750
0 0.176042 0.403646 0.041667 0.044792
0 0.545312 0.410417 0.053125 0.045833
0 0.815625 0.458854 0.039583 0.036458
0 0.821354 0.695312 0.044792 0.040625
0 0.247396 0.107813 0.042708 0.044792
0 0.225000 0.521875 0.031250 0.037500
0 0.223438 0.836458 0.026042 0.047917
0 0.113021 0.116146 0.040625 0.028125
0 0.181771 0.861458 0.040625 0.043750
0 0.235937 0.595313 0.030208 0.040625
0 0.474479 0.173958 0.038542 0.035417
0 0.216667 0.570312 0.045833 0.034375
0 0.136979 0.330208 0.046875 0.027083
0 0.394792 0.934375 0.041667 0.039583
0 0.139583 0.851042 0.045833 0.043750
0 0.902604 0.405208 0.044792 0.022917
0 0.241667 0.900521 0.039583 0.053125
0 0.364583 0.866667 0.033333 0.037500
0 0.704688 0.773438 0.046875 0.026042
0 0.142708 0.286458 0.022917 0.037500
0 0.276042 0.806771 0.031250 0.040625
0 0.558333 0.481771 0.039583 0.023958
0 0.741667 0.739062 0.054167 0.044792
0 0.672917 0.096354 0.045833 0.038542
0 0.279687 0.901563 0.048958 0.048958
0 0.497917 0.600000 0.020833 0.035417
0 0.309375 0.142708 0.052083 0.047917
0 0.191667 0.351042 0.027083 0.047917
0 0.308854 0.354687 0.044792 0.055208
0 0.751563 0.761458 0.026042 0.039583
0 0.307812 0.255208 0.028125 0.039583
0 0.205729 0.131771 0.032292 0.040625
0 0.323958 0.707812 0.050000 0.038542
0 0.906771 0.584896 0.030208 0.051042
0 0.424479 0.288021 0.036458 0.051042
0 0.798438 0.301563 0.038542 0.051042
0 0.415625 0.441146 0.025000 0.048958
0 0.149479 0.114583 0.036458 0.018750
0 0.285417 0.144792 0.052083 0.047917
0 0.510417 0.921875 0.031250 0.037500
0 0.501042 0.789062 0.043750 0.042708
0 0.693229 0.826042 0.026042 0.039583
0 0.383333 0.395313 0.039583 0.026042
0 0.094792 0.668750 0.043750 0.035417
0 0.088021 0.126562 0.046875 0.055208
0 0.928646 0.906771 0.036458 0.040625
0 0.952604 0.295833 0.048958 0.052083
0 0.725000 0.957292 0.047917 0.037500
0 0.478646 0.091146 0.030208 0.040625
0 0.236979 0.416667 0.038542 0.043750
0 0.655729 0.225000 0.046875 0.052083
0 0.347396 0.835417 0.046875 0.031250
0 0.727083 0.775521 0.047917 0.044792
0 0.721875 0.576562 0.037500 0.038542
0 0.423438 0.659375 0.040625 0.041667
0 0.398958 0.593229 0.050000 0.044792
0 0.417187 0.884896 0.028125 0.040625
0 0.447917 0.872396 0.050000 0.040625
0 0.872396 0.534896 0.051042 0.034375
0 0.302604 0.693750 0.044792 0.033333
0 0.572917 0.798438 0.054167 0.044792
0 0.346875 0.611979 0.054167 0.040625
0 0.118750 0.325000 0.052083 0.045833
0 0.274479 0.245312 0.030208 0.048958
0 0.211979 0.473958 0.048958 0.037500
0 0.376563 0.523958 0.038542 0.035417