0 0.644271 0.444792 0.026042 0.039583
0 0.343229 0.967187 0.051042 0.042708
0 0.944792 0.815104 0.018750 0.036458
0 0.711979 0.752083 0.036458 0.037500
0 0.566667 0.844792 0.052083 0.035417
0 0.460938 0.719271 0.051042 0.040625
0 0.442708 0.655729 0.050000 0.034375
0 0.790625 0.130208 0.041667 0.039583
0 0.931250 0.374479 0.052083 0.032292
0 0.258333 0.705729 0.054167 0.044792
0 0.495833 0.738021 0.047917 0.046875
0 0.783333 0.266146 0.054167 0.046875
0 0.922396 0.950000 0.023958 0.037500
0 0.105729 0.886979 0.040625 0.034375
0 0.801042 0.767708 0.041667 0.037500
0 0.652083 0.648958 0.041667 0.037500
0 0.554167 0.202083 0.029167 0.045833
0 0.604167 0.368750 0.037500 0.031250
0 0.651042 0.178646 0.045833 0.036458
0 0.444792 0.654167 0.052083 0.037500
0 0.214062 0.490104 0.040625 0.036458
0 0.766667 0.268750 0.041667 0.039583
0 0.915625 0.797917 0.041667 0.025000
0 0.563021 0.584375 0.026042 0.045833
0 0.258854 0.448958 0.028125 0.043750
0 0.114583 0.876042 0.033333 0.043750
0 0.580208 0.670312 0.043750 0.042708
0 0.335938 0.393229 0.055208 0.044792
0 0.244792 0.108333 0.033333 0.052083
0 0.708333 0.785417 0.047917 0.039583
0 0.703125 0.971354 0.031250 0.051042
0 0.786458 0.078646 0.052083 0.032292
0 0.097396 0.843750 0.034375 0.047917
0 0.477604 0.211458 0.044792 0.052083
0 0.811458 0.834375 0.041667 0.031250
0 0.777604 0.459896 0.040625 0.028125
0 0.548438 0.548958 0.051042 0.029167
0 0.523438 0.703646 0.038542 0.046875
0 0.830729 0.565625 0.051042 0.029167
0 0.177083 0.881771 0.022917 0.042708
0 0.583333 0.421354 0.054167 0.044792
0 0.256771 0.371354 0.046875 0.036458
0 0.651042 0.089583 0.022917 0.039583
0 0.117708 0.838021 0.045833 0.038542
0 0.203125 0.091146 0.045833 0.038542
0 0.350000 0.791146 0.039583 0.044792
0 0.158854 0.328646 0.040625 0.032292
0 0.631250 0.219792 0.039583 0.041667
0 0.468229 0.900000 0.053125 0.047917
0 0.323958 0.123438 0.043750 0.030208
0 0.151042 0.558854 0.018750 0.036458
0 0.573958 0.600000 0.033333 0.043750
0 0.806250 0.786458 0.052083 0.043750
0 0.472917 0.578125 0.043750 0.045833
0 0.718229 0.327604 0.051042 0.038542
0 0.843750 0.716667 0.045833 0.031250
0 0.275521 0.128646 0.055208 0.046875
0 0.958854 0.754167 0.038542 0.033333
0 0.082812 0.488021 0.036458 0.040625
0 0.875521 0.439583 0.046875 0.033333
0 0.355729 0.594271 0.040625 0.036458
0 0.368750 0.906250 0.050000 0.029167
0 0.610417 0.757812 0.045833 0.055208
0 0.230729 0.435417 0.053125 0.045833
0 0.127604 0.944792 0.030208 0.047917
0 0.333333 0.417708 0.037500 0.027083
0 0.556771 0.538542 0.042708 0.029167
0 0.504687 0.771354 0.026042 0.040625
0 0.863021 0.568229 0.055208 0.038542
0 0.354687 0.402604 0.046875 0.038542
0 0.440625 0.443750 0.022917 0.043750
0 0.379688 0.468750 0.053125 0.041667
0 0.632292 0.085938 0.045833 0.034375
0 0.873958 0.205208 0.035417 0.043750
0 0.615104 0.493750 0.028125 0.039583
0 0.229687 0.872396 0.040625 0.028125
0 0.715625 0.773958 0.035417 0.037500
0 0.951042 0.337500 0.035417 0.035417
0 0.633854 0.432812 0.042708 0.023958
0 0.712500 0.522396 0.054167 0.048958
0 0.929167 0.602083 0.043750 0.025000
0 0.764583 0.704688 0.039583 0.034375
0 0.830729 0.703646 0.046875 0.055208
0 0.245833 0.942187 0.047917 0.046875
0 0.373958 0.333333 0.027083 0.037500
0 0.928125 0.077604 0.039583 0.028125
0 0.113021 0.181771 0.048958 0.046875
0 0.563021 0.705729 0.021875 0.042708
0 0.461979 0.220833 0.026042 0.045833
0 0.556771 0.289583 0.036458 0.037500
0 0.095833 0.447917 0.033333 0.016667
0 0.554167 0.881250 0.031250 0.037500
0 0.452604 0.467708 0.023958 0.037500
0 0.082812 0.803646 0.046875 0.048958
0 0.254688 0.900000 0.051042 0.050000
0 0.283854 0.482812 0.042708 0.051042
0 0.387500 0.639583 0.050000 0.031250
0 0.466667 0.600000 0.035417 0.043750
0 0.185417 0.351042 0.031250 0.037500
0 0.538021 0.395833 0.046875 0.031250
0 0.338542 0.176563 0.039583 0.036458
0 0.575521 0.355729 0.044792 0.032292
0 0.850521 0.620313 0.038542 0.021875
0 0.699479 0.372396 0.044792 0.030208
0 0.329167 0.335938 0.035417 0.044792
0 0.552604 0.302083 0.040625 0.022917
0 0.793750 0.427083 0.033333 0.043750
0 0.613542 0.930729 0.039583 0.048958
0 0.114062 0.751563 0.040625 0.028125
0 0.745833 0.711979 0.039583 0.028125
0 0.374479 0.452083 0.042708 0.027083
0 0.181250 0.475521 0.041667 0.042708
0 0.617188 0.177604 0.055208 0.046875
0 0.484896 0.119271 0.044792 0.051042
0 0.711458 0.295312 0.045833 0.055208
0 0.665625 0.509896 0.050000 0.026042
0 0.183854 0.918750 0.026042 0.037500
0 0.872396 0.296875 0.040625 0.041667
0 0.859375 0.410938 0.022917 0.038542
0 0.416667 0.669271 0.037500 0.040625
0 0.083333 0.724479 0.031250 0.044792
0 0.305729 0.487500 0.034375 0.037500
0 0.662500 0.379167 0.033333 0.043750
0 0.723958 0.470313 0.020833 0.038542
0 0.164583 0.863021 0.050000 0.034375
0 0.490104 0.666146 0.055208 0.038542
0 0.507292 0.959375 0.029167 0.041667
0 0.785937 0.180729 0.040625 0.028125
0 0.261458 0.363542 0.037500 0.041667
0 0.178646 0.906250 0.046875 0.031250
0 0.271354 0.282813 0.032292 0.048958
0 0.489063 0.337500 0.038542 0.043750
0 0.467187 0.201042 0.036458 0.037500
0 0.188542 0.931250 0.022917 0.037500
0 0.685417 0.883333 0.043750 0.052083
0 0.793229 0.950000 0.048958 0.035417
0 0.657292 0.202604 0.043750 0.030208
0 0.961979 0.945833 0.051042 0.031250
0 0.510938 0.620833 0.030208 0.039583
0 0.271354 0.426563 0.026042 0.040625
0 0.207813 0.422917 0.042708 0.054167
0 0.296354 0.115625 0.053125 0.035417
0 0.426042 0.146875 0.035417 0.047917
0 0.923438 0.454167 0.048958 0.052083
0 0.129167 0.167187 0.031250 0.044792
0 0.182812 0.391667 0.030208 0.050000
0 0.327083 0.295312 0.050000 0.028125
0 0.652604 0.548438 0.055208 0.046875
0 0.567708 0.705729 0.054167 0.036458
0 0.696875 0.938021 0.027083 0.048958
0 0.829167 0.423438 0.039583 0.032292
0 0.118229 0.809896 0.044792 0.051042
0 0.210417 0.619792 0.037500 0.033333
0 0.161458 0.629167 0.035417 0.022917
0 0.451042 0.600000 0.045833 0.029167
0 0.485417 0.315104 0.033333 0.044792
0 0.310937 0.266146 0.044792 0.051042
0 0.464583 0.208333 0.050000 0.029167
0 0.774479 0.527083 0.021875 0.037500
0 0.778125 0.329167 0.043750 0.045833
0 0.940625 0.552083 0.047917 0.037500
0 0.418750 0.738021 0.037500 0.044792
0 0.624479 0.860417 0.032292 0.043750
0 0.198958 0.834896 0.039583 0.023958
0 0.427604 0.437500 0.034375 0.039583
0 0.530208 0.215104 0.020833 0.038542
0 0.237500 0.660937 0.047917 0.030208
0 0.557292 0.419271 0.031250 0.044792
0 0.606771 0.427604 0.051042 0.042708
0 0.176563 0.695833 0.040625 0.047917
0 0.412500 0.187500 0.050000 0.033333
0 0.179167 0.591146 0.050000 0.038542
0 0.975000 0.140104 0.054167 0.042708
0 0.207292 0.323437 0.037500 0.038542
0 0.199479 0.667708 0.034375 0.039583
0 0.794271 0.769792 0.046875 0.029167
0 0.788021 0.800000 0.038542 0.031250
0 0.809375 0.291146 0.020833 0.038542
0 0.179688 0.346875 0.046875 0.043750
0 0.675521 0.526042 0.034375 0.039583
0 0.935937 0.332813 0.032292 0.040625
0 0.850521 0.158333 0.040625 0.022917
0 0.556771 0.101042 0.053125 0.037500
0 0.647396 0.077604 0.048958 0.030208
0 0.257812 0.738542 0.038542 0.035417
0 0.880729 0.141667 0.051042 0.050000
0 0.919271 0.235417 0.042708 0.025000
0 0.073958 0.928646 0.039583 0.044792
0 0.077083 0.427083 0.047917 0.041667
0 0.645833 0.828125 0.022917 0.039583
0 0.167187 0.537500 0.053125 0.045833
0 0.209375 0.176563 0.022917 0.038542
0 0.098437 0.876563 0.044792 0.030208
0 0.787500 0.811979 0.052083 0.051042
0 0.142187 0.280729 0.040625 0.055208
0 0.578125 0.370312 0.037500 0.053125
0 0.285938 0.085417 0.051042 0.050000
0 0.955208 0.439063 0.043750 0.055208
0 0.619271 0.108333 0.034375 0.043750
0 0.687500 0.159896 0.050000 0.044792
0 0.853125 0.669271 0.037500 0.053125
0 0.827604 0.613542 0.053125 0.035417
0 0.783854 0.730729 0.044792 0.055208
0 0.592187 0.327604 0.038542 0.040625
0 0.393750 0.374479 0.029167 0.040625
0 0.621875 0.800521 0.054167 0.042708
0 0.504687 0.827083 0.026042 0.041667
0 0.178646 0.402604 0.040625 0.028125
0 0.206250 0.130729 0.031250 0.040625
0 0.878646 0.936458 0.030208 0.039583
0 0.085938 0.228125 0.038542 0.047917
0 0.404167 0.769792 0.029167 0.045833
0 0.494792 0.645312 0.052083 0.032292
0 0.880208 0.928646 0.043750 0.048958
0 0.778125 0.123438 0.050000 0.034375
0 0.805729 0.936979 0.044792 0.030208
0 0.590625 0.583333 0.043750 0.045833
0 0.772396 0.848958 0.028125 0.039583
0 0.683333 0.740104 0.035417 0.044792
0 0.842708 0.361458 0.050000 0.031250
0 0.123438 0.599479 0.051042 0.053125
0 0.088021 0.136979 0.040625 0.034375
0 0.111979 0.463542 0.030208 0.043750
0 0.777604 0.228125 0.038542 0.043750
0 0.941146 0.167187 0.036458 0.046875
0 0.355208 0.946354 0.022917 0.040625
0 0.683854 0.232813 0.019792 0.038542
0 0.935937 0.561458 0.019792 0.039583
0 0.309896 0.655729 0.042708 0.023958
0 0.093229 0.340104 0.048958 0.028125
0 0.272396 0.740104 0.046875 0.034375
0 0.581250 0.175000 0.045833 0.045833
0 0.556771 0.090625 0.042708 0.039583
0 0.341146 0.108333 0.030208 0.039583
0 0.479167 0.959896 0.027083 0.042708
0 0.148438 0.502083 0.040625 0.047917
0 0.582292 0.511458 0.018750 0.035417
0 0.213021 0.201563 0.053125 0.053125
0 0.766667 0.644271 0.047917 0.028125
0 0.203125 0.481771 0.045833 0.038542
0 0.510417 0.652604 0.039583 0.044792
0 0.782813 0.723958 0.048958 0.041667
0 0.157812 0.545833 0.048958 0.052083
0 0.827083 0.955729 0.043750 0.055208
0 0.642708 0.903646 0.031250 0.040625
0 0.124479 0.757812 0.046875 0.048958
0 0.321875 0.851042 0.039583 0.022917
0 0.655729 0.223958 0.026042 0.039583
0 0.115625 0.790104 0.045833 0.026042
0 0.421354 0.182292 0.048958 0.039583
0 0.156771 0.198958 0.034375 0.047917
0 0.733333 0.129167 0.033333 0.047917
0 0.444271 0.398438 0.046875 0.038542
0 0.769792 0.225000 0.037500 0.031250
0 0.470313 0.189062 0.040625 0.044792
0 0.101562 0.825000 0.044792 0.027083
0 0.105729 0.566146 0.046875 0.036458
0 0.667188 0.917708 0.032292 0.039583
0 0.231250 0.284896 0.052083 0.053125
0 0.079167 0.764583 0.037500 0.033333
0 0.080729 0.833333 0.036458 0.037500
0 0.525000 0.425521 0.035417 0.048958
0 0.384896 0.218750 0.038542 0.033333
0 0.463542 0.921354 0.039583 0.053125
0 0.492188 0.851042 0.026042 0.037500
0 0.727604 0.942187 0.044792 0.028125
0 0.203646 0.806771 0.053125 0.032292
0 0.310417 0.199479 0.045833 0.032292
0 0.796354 0.527083 0.023958 0.037500
0 0.660417 0.701042 0.035417 0.052083
0 0.905729 0.196354 0.046875 0.055208
0 0.477083 0.632812 0.037500 0.044792
0 0.733333 0.311458 0.039583 0.041667
0 0.270313 0.163021 0.046875 0.036458
0 0.858333 0.503646 0.039583 0.030208
0 0.411458 0.958854 0.047917 0.046875
0 0.958854 0.789062 0.036458 0.055208
0 0.903125 0.448437 0.025000 0.038542
0 0.918229 0.454167 0.023958 0.037500
0 0.515104 0.071875 0.021875 0.037500
0 0.735938 0.743229 0.042708 0.044792
0 0.727604 0.363542 0.053125 0.039583
0 0.336979 0.532292 0.048958 0.039583
0 0.555208 0.667708 0.043750 0.045833
0 0.083854 0.860938 0.044792 0.042708
0 0.749479 0.207292 0.053125 0.039583
0 0.867188 0.485417 0.038542 0.047917
0 0.924479 0.195312 0.032292 0.040625
0 0.120313 0.493229 0.044792 0.028125
0 0.956250 0.893750 0.045833 0.027083
0 0.863542 0.631771 0.041667 0.032292
0 0.218750 0.360417 0.041667 0.037500
0 0.272917 0.694792 0.039583 0.052083
0 0.705208 0.911979 0.029167 0.046875
0 0.292187 0.680208 0.048958 0.039583
0 0.514062 0.775000 0.038542 0.025000
0 0.542708 0.908854 0.027083 0.042708
0 0.713021 0.695312 0.051042 0.036458
0 0.531250 0.622917 0.025000 0.047917
0 0.876042 0.181771 0.047917 0.032292
0 0.551042 0.503646 0.054167 0.046875
0 0.603646 0.151042 0.046875 0.043750
0 0.793229 0.402083 0.021875 0.039583
0 0.236458 0.165104 0.035417 0.053125
0 0.300521 0.142708 0.038542 0.022917
0 0.101042 0.829688 0.041667 0.044792
0 0.675000 0.115104 0.041667 0.021875
0 0.818750 0.475000 0.050000 0.031250
0 0.745313 0.944271 0.046875 0.036458
0 0.209375 0.608333 0.043750 0.035417
0 0.118750 0.642708 0.035417 0.037500
0 0.255729 0.611458 0.053125 0.037500
0 0.511979 0.483854 0.034375 0.040625
0 0.794271 0.391146 0.044792 0.026042
0 0.100521 0.317188 0.046875 0.038542
0 0.593229 0.471354 0.044792 0.028125
0 0.920833 0.461458 0.022917 0.039583
0 0.352083 0.707812 0.054167 0.051042
0 0.085938 0.454688 0.055208 0.038542
0 0.345313 0.953125 0.044792 0.052083
0 0.673438 0.728125 0.028125 0.043750
0 0.701042 0.302083 0.039583 0.041667
0 0.819792 0.467708 0.037500 0.033333
0 0.360417 0.416146 0.025000 0.038542
0 0.478646 0.606250 0.053125 0.039583
0 0.773958 0.258333 0.035417 0.052083
0 0.541146 0.307812 0.051042 0.036458
0 0.656771 0.831250 0.042708 0.029167
0 0.569792 0.451562 0.039583 0.038542
0 0.407813 0.173958 0.040625 0.054167
0 0.501563 0.682292 0.042708 0.025000
0 0.278646 0.131771 0.038542 0.055208
0 0.855729 0.917708 0.026042 0.041667
0 0.177083 0.884896 0.047917 0.055208
0 0.966146 0.893229 0.048958 0.046875
0 0.876563 0.659375 0.048958 0.041667
0 0.423958 0.665625 0.035417 0.037500
0 0.790104 0.257812 0.051042 0.044792
0 0.886458 0.222917 0.027083 0.041667
0 0.342708 0.654687 0.039583 0.038542
0 0.570833 0.366667 0.047917 0.039583
0 0.942187 0.641146 0.046875 0.048958
0 0.422396 0.853646 0.026042 0.046875
0 0.789062 0.836458 0.040625 0.047917
0 0.525000 0.291146 0.043750 0.026042
0 0.149479 0.911979 0.030208 0.044792
0 0.793229 0.824479 0.036458 0.046875