0 0.723958 0.468750 0.045833 0.045833
0 0.130208 0.759896 0.039583 0.044792
0 0.178125 0.709896 0.035417 0.048958
0 0.434375 0.901042 0.045833 0.043750
0 0.125000 0.910417 0.037500 0.027083
0 0.947396 0.157812 0.048958 0.034375
0 0.715104 0.886979 0.032292 0.044792
0 0.410417 0.662500 0.035417 0.020833
0 0.567708 0.576042 0.047917 0.035417
0 0.239583 0.080729 0.045833 0.040625
0 0.638021 0.930208 0.042708 0.037500
0 0.540625 0.734375 0.043750 0.022917
0 0.459896 0.216667 0.023958 0.047917
0 0.503125 0.637500 0.045833 0.029167
0 0.261979 0.080208 0.048958 0.027083
0 0.404167 0.383854 0.045833 0.055208
0 0.834375 0.956250 0.045833 0.052083
0 0.283333 0.653125 0.022917 0.039583
0 0.277604 0.167708 0.044792 0.027083
0 0.621354 0.575000 0.038542 0.052083
0 0.617708 0.705208 0.037500 0.031250
0 0.689583 0.868229 0.022917 0.046875
0 0.385417 0.140625 0.020833 0.039583
0 0.738542 0.850000 0.039583 0.041667
0 0.213021 0.793229 0.055208 0.038542
0 0.206771 0.801042 0.032292 0.039583
0 0.965104 0.366667 0.046875 0.043750
0 0.648958 0.614583 0.037500 0.035417
0 0.517708 0.532813 0.029167 0.044792
0 0.619792 0.252083 0.039583 0.022917
0 0.421875 0.128646 0.037500 0.044792
0 0.875000 0.756771 0.027083 0.046875
0 0.473438 0.332813 0.030208 0.048958
0 0.607812 0.471875 0.030208 0.047917
0 0.465104 0.533333 0.034375 0.016667
0 0.622917 0.216667 0.043750 0.052083
0 0.440104 0.960417 0.023958 0.043750
0 0.689063 0.683854 0.038542 0.038542
0 0.269271 0.775000 0.023958 0.043750
0 0.791146 0.902083 0.021875 0.037500
0 0.537500 0.173958 0.041667 0.047917
0 0.631250 0.692187 0.041667 0.044792
0 0.557292 0.243229 0.020833 0.036458
0 0.826042 0.877083 0.033333 0.037500
0 0.180208 0.712500 0.037500 0.035417
0 0.294271 0.200521 0.046875 0.055208
0 0.115104 0.325521 0.055208 0.038542
0 0.243229 0.178646 0.040625 0.038542
0 0.636458 0.685417 0.045833 0.027083
0 0.952083 0.224479 0.050000 0.038542
0 0.814063 0.839063 0.040625 0.038542
0 0.528646 0.802604 0.046875 0.038542
0 0.244792 0.390104 0.054167 0.036458
0 0.825000 0.639583 0.027083 0.047917
0 0.913021 0.205208 0.036458 0.037500
0 0.652083 0.704167 0.018750 0.035417
0 0.136979 0.294271 0.044792 0.028125
0 0.638021 0.937500 0.026042 0.041667
0 0.703125 0.542708 0.043750 0.033333
0 0.315625 0.630208 0.035417 0.047917
0 0.835938 0.522396 0.040625 0.051042
0 0.234896 0.886458 0.023958 0.041667
0 0.297917 0.426563 0.052083 0.032292
0 0.500000 0.152083 0.031250 0.041667
0 0.515104 0.742708 0.023958 0.045833
0 0.345833 0.907292 0.031250 0.041667
0 0.086979 0.694792 0.038542 0.035417
0 0.290625 0.620833 0.037500 0.035417
0 0.129167 0.404687 0.054167 0.044792
0 0.340104 0.119792 0.032292 0.039583
0 0.731250 0.840625 0.035417 0.020833
0 0.383333 0.760938 0.050000 0.040625
0 0.847917 0.793229 0.041667 0.048958
0 0.556771 0.877083 0.042708 0.039583
0 0.353646 0.442708 0.048958 0.041667
0 0.310937 0.504167 0.053125 0.045833
0 0.255729 0.210938 0.026042 0.051042
0 0.166146 0.939063 0.051042 0.053125
0 0.859896 0.201042 0.040625 0.041667
0 0.275000 0.867708 0.037500 0.025000
0 0.139583 0.175521 0.054167 0.040625
0 0.383854 0.848437 0.042708 0.044792
0 0.275521 0.703125 0.036458 0.020833
0 0.108333 0.814063 0.025000 0.042708
0 0.378125 0.761458 0.047917 0.037500
0 0.793229 0.471354 0.026042 0.046875
0 0.265625 0.480729 0.027083 0.040625
0 0.892708 0.419792 0.047917 0.037500
0 0.819271 0.555729 0.046875 0.048958
0 0.720313 0.525521 0.051042 0.028125
0 0.207813 0.407292 0.053125 0.047917
0 0.821354 0.398958 0.023958 0.043750
0 0.364583 0.555729 0.037500 0.019792
0 0.843750 0.276042 0.039583 0.047917
0 0.272917 0.547917 0.041667 0.037500
0 0.652083 0.861979 0.045833 0.032292
0 0.588542 0.835938 0.037500 0.053125
0 0.734375 0.948438 0.031250 0.053125
0 0.609375 0.696875 0.031250 0.050000
0 0.673438 0.494271 0.051042 0.028125
0 0.936979 0.564583 0.042708 0.031250
0 0.875000 0.853646 0.033333 0.044792
0 0.792708 0.399479 0.052083 0.051042
0 0.378125 0.798958 0.043750 0.045833
0 0.726042 0.684375 0.033333 0.016667
0 0.840104 0.923438 0.040625 0.044792
0 0.428125 0.304688 0.035417 0.053125
0 0.396354 0.505208 0.051042 0.031250
0 0.118229 0.934375 0.034375 0.047917
0 0.526042 0.782292 0.022917 0.039583
0 0.681771 0.664583 0.021875 0.039583
0 0.415104 0.434375 0.048958 0.041667
0 0.385937 0.863542 0.038542 0.025000
0 0.938021 0.715625 0.048958 0.041667
0 0.470313 0.586979 0.053125 0.032292
0 0.157812 0.094792 0.044792 0.047917
0 0.345833 0.082292 0.035417 0.037500
0 0.507292 0.713021 0.037500 0.038542
0 0.765104 0.197917 0.048958 0.039583
0 0.124479 0.179167 0.053125 0.041667
0 0.777604 0.551562 0.040625 0.032292
0 0.509896 0.963542 0.036458 0.043750
0 0.297917 0.502604 0.039583 0.044792
0 0.959896 0.126042 0.048958 0.052083
0 0.238542 0.744271 0.050000 0.036458
0 0.418750 0.456250 0.039583 0.041667
0 0.640625 0.458333 0.052083 0.037500
0 0.256250 0.270833 0.045833 0.043750
0 0.318229 0.657813 0.044792 0.042708
0 0.526563 0.220833 0.036458 0.018750
0 0.184375 0.786979 0.047917 0.053125
0 0.581771 0.315625 0.023958 0.043750
0 0.264062 0.736458 0.036458 0.020833
0 0.422396 0.192708 0.032292 0.039583
0 0.682813 0.377604 0.051042 0.053125
0 0.610417 0.192708 0.035417 0.052083
0 0.904167 0.175521 0.027083 0.042708
0 0.276562 0.100000 0.026042 0.039583
0 0.275521 0.815625 0.040625 0.043750
0 0.682813 0.657292 0.042708 0.031250
0 0.486979 0.339062 0.048958 0.028125
0 0.901563 0.506250 0.044792 0.052083
0 0.325000 0.100521 0.050000 0.034375
0 0.711458 0.883854 0.043750 0.026042
0 0.360417 0.584896 0.050000 0.028125
0 0.546875 0.286458 0.033333 0.037500
0 0.822396 0.592708 0.038542 0.047917
0 0.588542 0.713021 0.050000 0.028125
0 0.643229 0.761458 0.019792 0.035417
0 0.456250 0.918229 0.027083 0.042708
0 0.863021 0.531771 0.048958 0.055208
0 0.548438 0.807813 0.046875 0.038542
0 0.335417 0.947917 0.041667 0.027083
0 0.915625 0.840104 0.050000 0.042708
0 0.793229 0.746354 0.044792 0.051042
0 0.923438 0.477083 0.036458 0.020833
0 0.418750 0.325000 0.020833 0.035417
0 0.879167 0.688542 0.035417 0.043750
0 0.608333 0.484375 0.035417 0.052083
0 0.748958 0.285938 0.050000 0.036458
0 0.951042 0.275521 0.027083 0.042708
0 0.547396 0.527083 0.048958 0.025000
0 0.484375 0.179688 0.043750 0.042708
0 0.932813 0.365625 0.040625 0.047917
0 0.085417 0.356771 0.037500 0.040625
0 0.517708 0.947917 0.052083 0.039583
0 0.932813 0.702083 0.028125 0.043750
0 0.503125 0.881771 0.033333 0.048958
0 0.457292 0.319271 0.045833 0.023958
0 0.539583 0.225521 0.037500 0.040625
0 0.301563 0.831250 0.042708 0.025000
0 0.175521 0.476562 0.044792 0.026042
0 0.376563 0.708333 0.019792 0.039583
0 0.855729 0.439583 0.038542 0.033333
0 0.531771 0.360938 0.051042 0.053125
0 0.597396 0.956250 0.046875 0.045833
0 0.171354 0.775521 0.051042 0.026042
0 0.777083 0.587500 0.045833 0.027083
0 0.765625 0.549479 0.027083 0.038542
0 0.702083 0.690104 0.045833 0.038542
0 0.835938 0.425000 0.046875 0.029167
0 0.840104 0.475521 0.051042 0.028125
0 0.885938 0.702083 0.032292 0.039583
0 0.132292 0.277604 0.047917 0.032292
0 0.095833 0.195833 0.018750 0.035417
0 0.292708 0.139063 0.052083 0.051042
0 0.370833 0.336458 0.039583 0.041667
0 0.445312 0.815104 0.026042 0.051042
0 0.229687 0.139063 0.023958 0.042708
0 0.623958 0.747917 0.037500 0.027083
0 0.959896 0.931771 0.048958 0.030208
0 0.851042 0.385417 0.031250 0.037500
0 0.786979 0.390625 0.042708 0.039583
0 0.093750 0.807292 0.031250 0.045833
0 0.717708 0.943229 0.039583 0.034375
0 0.507812 0.308333 0.048958 0.037500
0 0.104688 0.499479 0.040625 0.044792
0 0.217708 0.310417 0.037500 0.033333
0 0.811979 0.916667 0.048958 0.052083
0 0.579688 0.735417 0.046875 0.052083
0 0.740625 0.635938 0.043750 0.030208
0 0.164583 0.169271 0.050000 0.034375
0 0.308333 0.896875 0.020833 0.039583
0 0.459896 0.651563 0.046875 0.023958
0 0.669792 0.084896 0.020833 0.042708
0 0.710938 0.511979 0.048958 0.046875
0 0.636458 0.452604 0.035417 0.053125
0 0.394271 0.807813 0.051042 0.038542
0 0.721875 0.459896 0.054167 0.042708
0 0.807292 0.958333 0.031250 0.041667
0 0.827604 0.749479 0.048958 0.046875
0 0.611458 0.613542 0.031250 0.050000
0 0.247396 0.221875 0.038542 0.035417
0 0.335938 0.267708 0.051042 0.031250
0 0.437500 0.448958 0.041667 0.037500
0 0.429167 0.441146 0.043750 0.048958
0 0.190104 0.509375 0.034375 0.039583
0 0.385937 0.747396 0.044792 0.026042
0 0.434896 0.477604 0.046875 0.034375
0 0.099479 0.149479 0.055208 0.048958
0 0.647396 0.275000 0.040625 0.041667
0 0.844271 0.405729 0.030208 0.048958
0 0.116667 0.068750 0.039583 0.022917
0 0.168750 0.729688 0.043750 0.055208
0 0.359375 0.329167 0.052083 0.043750
0 0.802604 0.377604 0.048958 0.046875
0 0.377083 0.197917 0.037500 0.027083
0 0.424479 0.404167 0.053125 0.043750
0 0.673438 0.623958 0.051042 0.050000
0 0.184375 0.546875 0.043750 0.025000
0 0.551562 0.520833 0.038542 0.033333
0 0.566667 0.895833 0.043750 0.045833
0 0.182292 0.257292 0.037500 0.033333
0 0.809375 0.190625 0.039583 0.041667
0 0.446875 0.936458 0.047917 0.041667
0 0.517708 0.851562 0.037500 0.038542
0 0.565625 0.646354 0.047917 0.046875
0 0.402083 0.506771 0.054167 0.044792
0 0.729688 0.770833 0.053125 0.043750
0 0.475521 0.289062 0.021875 0.038542
0 0.838542 0.158333 0.039583 0.041667
0 0.318750 0.111979 0.033333 0.044792
0 0.273958 0.759375 0.041667 0.029167
0 0.645312 0.697396 0.021875 0.042708
0 0.141667 0.236979 0.037500 0.044792
0 0.405208 0.913542 0.037500 0.035417
0 0.120313 0.633854 0.053125 0.034375
0 0.331771 0.837500 0.051042 0.029167
0 0.277604 0.718229 0.046875 0.048958
0 0.864583 0.909375 0.039583 0.052083
0 0.557292 0.286979 0.052083 0.034375
0 0.535937 0.346354 0.051042 0.038542
0 0.497917 0.581250 0.039583 0.047917
0 0.835938 0.507292 0.036458 0.043750
0 0.869792 0.799479 0.031250 0.051042
0 0.278125 0.244792 0.050000 0.050000
0 0.132812 0.614583 0.040625 0.022917
0 0.180729 0.841146 0.046875 0.026042
0 0.354687 0.795833 0.023958 0.041667
0 0.902604 0.832812 0.055208 0.051042
0 0.386458 0.788542 0.037500 0.027083
0 0.794271 0.796875 0.036458 0.043750
0 0.292187 0.824479 0.023958 0.042708
0 0.754687 0.123438 0.038542 0.046875
0 0.134375 0.760938 0.045833 0.023958
0 0.152604 0.534896 0.051042 0.034375
0 0.910417 0.756771 0.039583 0.048958
0 0.933333 0.197917 0.031250 0.037500
0 0.140625 0.827083 0.043750 0.037500
0 0.339062 0.523438 0.040625 0.046875
0 0.507292 0.476042 0.043750 0.025000
0 0.887500 0.833333 0.043750 0.037500
0 0.651042 0.667708 0.037500 0.033333
0 0.548438 0.691667 0.053125 0.041667
0 0.624479 0.715104 0.044792 0.040625
0 0.855208 0.104167 0.052083 0.035417
0 0.079687 0.239063 0.034375 0.046875
0 0.401562 0.081250 0.036458 0.037500
0 0.261458 0.911458 0.033333 0.047917
0 0.476562 0.856771 0.053125 0.051042
0 0.165104 0.338021 0.046875 0.032292
0 0.441667 0.215625 0.047917 0.052083
0 0.213021 0.117708 0.053125 0.043750
0 0.357812 0.236458 0.034375 0.043750
0 0.287500 0.839583 0.047917 0.033333
0 0.470313 0.745833 0.036458 0.047917
0 0.360938 0.511458 0.028125 0.039583
0 0.455729 0.779167 0.032292 0.052083
0 0.876042 0.349479 0.037500 0.038542
0 0.079167 0.368229 0.041667 0.032292
0 0.241146 0.789583 0.038542 0.031250
0 0.292708 0.704167 0.035417 0.037500
0 0.517708 0.671354 0.039583 0.036458
0 0.334896 0.434896 0.055208 0.051042
0 0.526563 0.741667 0.042708 0.029167
0 0.917708 0.137500 0.045833 0.029167
0 0.908333 0.711458 0.025000 0.037500
0 0.265104 0.564583 0.036458 0.037500
0 0.865625 0.704167 0.043750 0.022917
0 0.153646 0.555208 0.042708 0.029167
0 0.618229 0.559896 0.044792 0.040625
0 0.736458 0.418229 0.043750 0.028125
0 0.733854 0.776042 0.038542 0.027083
0 0.084896 0.159375 0.053125 0.047917
0 0.754687 0.339583 0.034375 0.037500
0 0.535417 0.082812 0.029167 0.051042
0 0.509896 0.473438 0.034375 0.040625
0 0.541146 0.561458 0.040625 0.054167
0 0.226562 0.919271 0.046875 0.038542
0 0.216667 0.223958 0.052083 0.043750
0 0.454167 0.781771 0.050000 0.053125
0 0.692187 0.205208 0.044792 0.033333
0 0.348438 0.381250 0.048958 0.027083
0 0.532292 0.903125 0.047917 0.052083
0 0.340625 0.407292 0.029167 0.050000
0 0.200000 0.521875 0.045833 0.052083
0 0.410417 0.629687 0.031250 0.048958
0 0.427604 0.560937 0.048958 0.046875
0 0.820312 0.959375 0.053125 0.039583
0 0.495312 0.894792 0.042708 0.054167
0 0.957292 0.323958 0.050000 0.029167
0 0.755729 0.311458 0.038542 0.052083
0 0.919271 0.852604 0.048958 0.048958
0 0.738542 0.265625 0.035417 0.043750
0 0.608333 0.498958 0.037500 0.035417
0 0.625521 0.242708 0.028125 0.050000
0 0.719271 0.270313 0.044792 0.042708
0 0.695833 0.828646 0.041667 0.032292
0 0.500521 0.245833 0.053125 0.039583
0 0.096354 0.670312 0.023958 0.040625
0 0.100000 0.723437 0.047917 0.030208
0 0.467708 0.409375 0.037500 0.033333
0 0.477083 0.513542 0.041667 0.037500
0 0.836458 0.591146 0.043750 0.048958
0 0.778125 0.147396 0.035417 0.053125
0 0.472396 0.395313 0.042708 0.044792
0 0.182812 0.779687 0.036458 0.046875
0 0.222396 0.077604 0.038542 0.040625
0 0.376563 0.957292 0.017708 0.035417
0 0.398958 0.477083 0.027083 0.047917
0 0.779687 0.889583 0.044792 0.033333
0 0.621354 0.403646 0.036458 0.046875
0 0.719792 0.873958 0.041667 0.029167
0 0.373958 0.232813 0.041667 0.044792
0 0.122396 0.934896 0.044792 0.028125
0 0.438542 0.390625 0.027083 0.045833
0 0.361458 0.540104 0.043750 0.048958
0 0.199479 0.655729 0.040625 0.051042
0 0.852604 0.893229 0.048958 0.030208
0 0.247396 0.645833 0.046875 0.043750
0 0.301563 0.359375 0.044792 0.035417
0 0.111458 0.851562 0.052083 0.051042
0 0.150000 0.710938 0.029167 0.051042
0 0.459896 0.458333 0.051042 0.031250
0 0.701042 0.701042 0.035417 0.037500
0 0.953646 0.341667 0.053125 0.047917
0 0.257812 0.893750 0.026042 0.039583
0 0.350000 0.714063 0.039583 0.034375
0 0.936979 0.397396 0.048958 0.055208
0 0.634896 0.392188 0.036458 0.046875
0 0.198437 0.276562 0.046875 0.055208
0 0.956771 0.503646 0.051042 0.042708
0 0.173437 0.413542 0.046875 0.027083
0 0.801042 0.423438 0.050000 0.026042
0 0.530208 0.604167 0.045833 0.027083
0 0.935937 0.947396 0.026042 0.040625
0 0.398438 0.454167 0.042708 0.041667
0 0.366146 0.375000 0.048958 0.041667
0 0.632812 0.516667 0.030208 0.039583
0 0.595313 0.834896 0.046875 0.055208
0 0.148438 0.226562 0.040625 0.055208
0 0.646354 0.412500 0.053125 0.043750
0 0.736458 0.568750 0.045833 0.052083
0 0.166146 0.907292 0.030208 0.050000
0 0.901042 0.801042 0.052083 0.047917
0 0.600000 0.502604 0.050000 0.053125
0 0.182812 0.689583 0.038542 0.035417
0 0.843750 0.243750 0.037500 0.027083
0 0.334375 0.616146 0.039583 0.028125
0 0.710417 0.432812 0.031250 0.040625
0 0.352083 0.829688 0.027083 0.048958
0 0.505208 0.237500 0.039583 0.022917
0 0.299479 0.788542 0.038542 0.029167
0 0.329688 0.196354 0.051042 0.038542
0 0.832292 0.467187 0.029167 0.051042
0 0.770312 0.653646 0.042708 0.044792
0 0.950521 0.795312 0.036458 0.040625
0 0.822396 0.482292 0.046875 0.027083
0 0.124479 0.720313 0.040625 0.030208
0 0.304167 0.766667 0.018750 0.035417
0 0.834375 0.522396 0.035417 0.048958
0 0.673438 0.273438 0.028125 0.044792
0 0.391146 0.785417 0.038542 0.031250
0 0.266667 0.572396 0.025000 0.042708
0 0.488021 0.384375 0.034375 0.043750
0 0.546875 0.137500 0.050000 0.050000
0 0.192708 0.823438 0.039583 0.030208
0 0.253125 0.553646 0.054167 0.038542
0 0.929167 0.135937 0.035417 0.044792
0 0.575521 0.856771 0.030208 0.051042
0 0.443229 0.609896 0.042708 0.044792
0 0.081250 0.299479 0.052083 0.034375
0 0.217708 0.296875 0.052083 0.043750
0 0.582812 0.288021 0.051042 0.040625
0 0.878125 0.567187 0.050000 0.034375
0 0.364583 0.711458 0.037500 0.052083
0 0.763021 0.086979 0.055208 0.036458
0 0.083854 0.502083 0.044792 0.025000
0 0.645833 0.287500 0.020833 0.035417
0 0.373437 0.157812 0.044792 0.030208
0 0.537500 0.700521 0.039583 0.038542
0 0.357812 0.384375 0.046875 0.052083
0 0.527604 0.456250 0.038542 0.033333
0 0.796875 0.547396 0.039583 0.032292
0 0.213542 0.692708 0.043750 0.022917
0 0.563021 0.235417 0.030208 0.047917
0 0.128125 0.745833 0.041667 0.052083
0 0.147917 0.093229 0.045833 0.048958
0 0.798958 0.835938 0.031250 0.051042
0 0.866667 0.863542 0.045833 0.031250
0 0.379167 0.346354 0.045833 0.048958
0 0.762500 0.579167 0.043750 0.035417
0 0.577083 0.613542 0.039583 0.047917
0 0.616146 0.810417 0.038542 0.035417
0 0.087500 0.179688 0.035417 0.040625
0 0.899479 0.309896 0.046875 0.048958
0 0.664062 0.178646 0.046875 0.036458
0 0.193750 0.794792 0.037500 0.029167
0 0.408333 0.869271 0.039583 0.038542
0 0.684375 0.711458 0.027083 0.045833
0 0.638542 0.576042 0.050000 0.031250
0 0.557813 0.849479 0.046875 0.036458
0 0.550000 0.345313 0.050000 0.038542
0 0.261979 0.280208 0.048958 0.025000
0 0.178125 0.393750 0.041667 0.039583
0 0.687500 0.882812 0.052083 0.051042
0 0.677083 0.090104 0.054167 0.042708
0 0.906771 0.819792 0.023958 0.041667
0 0.915625 0.408854 0.045833 0.036458
0 0.379167 0.963021 0.054167 0.048958
0 0.358333 0.628646 0.054167 0.048958
0 0.572917 0.346354 0.041667 0.032292
0 0.284896 0.954167 0.032292 0.047917
0 0.468750 0.640625 0.033333 0.037500
0 0.784375 0.174479 0.043750 0.030208
0 0.153125 0.234896 0.043750 0.040625
0 0.182292 0.126042 0.045833 0.043750
0 0.539583 0.159896 0.039583 0.038542
0 0.768750 0.326042 0.052083 0.035417
0 0.492188 0.536979 0.023958 0.046875
0 0.591146 0.129688 0.051042 0.038542
0 0.896354 0.885938 0.053125 0.051042
0 0.539583 0.491667 0.052083 0.037500
0 0.242188 0.486458 0.038542 0.027083
0 0.440625 0.098437 0.041667 0.055208
0 0.794271 0.874479 0.042708 0.023958
0 0.623437 0.543229 0.044792 0.026042
0 0.194792 0.802083 0.039583 0.041667
0 0.852083 0.779687 0.043750 0.042708
0 0.205208 0.439063 0.050000 0.053125
0 0.452604 0.256771 0.038542 0.055208
0 0.777604 0.235417 0.044792 0.035417
0 0.558854 0.566667 0.044792 0.052083
0 0.800000 0.307812 0.043750 0.042708
0 0.427604 0.245312 0.051042 0.044792
0 0.421875 0.478125 0.027083 0.043750
0 0.609375 0.435937 0.031250 0.048958
0 0.517188 0.500521 0.040625 0.034375
0 0.348438 0.318229 0.021875 0.038542
0 0.673438 0.358333 0.038542 0.033333
0 0.686458 0.658854 0.031250 0.040625
0 0.357292 0.491146 0.027083 0.040625
0 0.817708 0.878646 0.037500 0.040625
0 0.568229 0.532813 0.034375 0.053125
0 0.504687 0.867708 0.040625 0.022917
0 0.474479 0.088021 0.055208 0.040625
0 0.940104 0.191146 0.026042 0.040625
0 0.938021 0.867188 0.051042 0.044792
0 0.806250 0.220833 0.041667 0.052083
0 0.436979 0.279167 0.021875 0.039583
0 0.893229 0.192708 0.032292 0.047917
0 0.203646 0.369271 0.051042 0.044792
0 0.268229 0.448437 0.038542 0.046875
0 0.923958 0.907813 0.043750 0.042708
0 0.242708 0.552604 0.035417 0.040625
0 0.437500 0.812500 0.045833 0.043750
0 0.857292 0.688542 0.027083 0.037500
0 0.344271 0.215625 0.021875 0.037500
0 0.340625 0.718229 0.039583 0.030208
0 0.318229 0.929167 0.042708 0.031250
0 0.467708 0.144792 0.047917 0.033333
0 0.614583 0.685417 0.047917 0.037500
0 0.760417 0.557813 0.033333 0.048958
0 0.796354 0.944792 0.034375 0.039583
0 0.391667 0.168229 0.045833 0.023958
0 0.098437 0.644271 0.048958 0.030208
0 0.656771 0.102083 0.042708 0.031250
0 0.861458 0.188542 0.039583 0.041667
0 0.711458 0.221354 0.039583 0.048958
0 0.842708 0.428646 0.037500 0.038542
0 0.226042 0.538542 0.037500 0.052083
0 0.653646 0.924479 0.028125 0.044792
0 0.776563 0.392708 0.026042 0.039583
0 0.132292 0.682292 0.031250 0.041667
0 0.414062 0.926562 0.048958 0.055208
0 0.864583 0.549479 0.050000 0.040625
0 0.898438 0.401042 0.021875 0.037500
0 0.625000 0.419792 0.050000 0.050000