0 0.770833 0.870833 0.037500 0.029167
0 0.763021 0.733854 0.028125 0.046875
0 0.275000 0.132812 0.050000 0.040625
0 0.210417 0.423438 0.027083 0.046875
0 0.627083 0.305729 0.027083 0.051042
0 0.617188 0.445833 0.038542 0.052083
0 0.454167 0.522917 0.039583 0.041667
0 0.318229 0.337500 0.042708 0.047917
0 0.966667 0.376563 0.041667 0.042708
0 0.118229 0.278646 0.053125 0.030208
0 0.165625 0.299479 0.025000 0.046875
0 0.591667 0.367188 0.027083 0.042708
0 0.293750 0.199479 0.045833 0.028125
0 0.389062 0.734375 0.040625 0.041667
0 0.793229 0.170313 0.036458 0.046875
0 0.584896 0.642708 0.023958 0.041667
0 0.781250 0.079687 0.037500 0.021875
0 0.159375 0.658854 0.039583 0.038542
0 0.565104 0.465625 0.044792 0.035417
0 0.957812 0.551562 0.030208 0.051042
0 0.586458 0.842708 0.052083 0.035417
0 0.620313 0.808854 0.030208 0.044792
0 0.379688 0.409896 0.034375 0.048958
0 0.330208 0.330729 0.045833 0.048958
0 0.561979 0.723958 0.044792 0.033333
0 0.883854 0.734375 0.048958 0.041667
0 0.236979 0.314583 0.023958 0.047917
0 0.403125 0.836458 0.041667 0.039583
0 0.265104 0.184375 0.046875 0.022917
0 0.747917 0.109375 0.045833 0.052083
0 0.148438 0.800521 0.044792 0.042708
0 0.451562 0.483854 0.044792 0.042708
0 0.442708 0.728125 0.050000 0.047917
0 0.584375 0.252604 0.054167 0.048958
0 0.152083 0.704688 0.043750 0.030208
0 0.572396 0.269792 0.042708 0.025000
0 0.303125 0.897396 0.037500 0.023958
0 0.222396 0.271875 0.034375 0.016667
0 0.744792 0.303646 0.045833 0.038542
0 0.430729 0.836458 0.030208 0.039583
0 0.091667 0.494271 0.022917 0.042708
0 0.789062 0.836458 0.032292 0.047917
0 0.908854 0.239063 0.055208 0.051042
0 0.875521 0.376563 0.040625 0.051042
0 0.784375 0.328125 0.035417 0.043750
0 0.243750 0.679167 0.050000 0.050000
0 0.305729 0.587500 0.038542 0.035417
0 0.076042 0.165104 0.045833 0.055208
0 0.485417 0.519271 0.054167 0.038542
0 0.962500 0.484375 0.037500 0.035417
0 0.776563 0.453646 0.055208 0.042708
0 0.210417 0.111458 0.043750 0.033333
0 0.579688 0.546875 0.048958 0.041667
0 0.760417 0.693750 0.039583 0.052083
0 0.265625 0.183333 0.025000 0.037500
0 0.311979 0.357812 0.042708 0.055208
0 0.593229 0.454688 0.046875 0.026042
0 0.295312 0.835938 0.053125 0.053125
0 0.773958 0.343750 0.052083 0.037500
0 0.090625 0.629167 0.027083 0.041667
0 0.671354 0.075521 0.051042 0.040625
0 0.554688 0.226562 0.046875 0.034375
0 0.085417 0.172396 0.043750 0.055208
0 0.606771 0.310937 0.048958 0.044792
0 0.112500 0.595313 0.016667 0.034375
0 0.669792 0.771875 0.037500 0.041667
0 0.598437 0.919792 0.036458 0.043750
0 0.838542 0.594792 0.043750 0.035417
0 0.358333 0.188542 0.045833 0.027083
0 0.335938 0.677083 0.042708 0.029167
0 0.559375 0.560417 0.031250 0.041667
0 0.480208 0.753125 0.041667 0.039583
0 0.613021 0.798438 0.051042 0.042708
0 0.928125 0.355208 0.033333 0.043750
0 0.845833 0.918229 0.029167 0.048958
0 0.958333 0.519792 0.043750 0.033333
0 0.406250 0.420833 0.037500 0.027083
0 0.879167 0.161979 0.039583 0.044792
0 0.391146 0.330729 0.051042 0.044792
0 0.873437 0.534375 0.044792 0.052083
0 0.130729 0.555208 0.034375 0.052083
0 0.388021 0.832812 0.053125 0.032292
0 0.428125 0.889062 0.047917 0.044792
0 0.229687 0.904687 0.038542 0.051042
0 0.478646 0.768750 0.048958 0.033333
0 0.191667 0.770833 0.037500 0.041667
0 0.455729 0.144271 0.051042 0.053125
0 0.600000 0.591667 0.033333 0.037500
0 0.719792 0.324479 0.020833 0.036458
0 0.840625 0.968229 0.039583 0.048958
0 0.240104 0.096354 0.032292 0.044792
0 0.699479 0.126562 0.051042 0.036458
0 0.241146 0.559896 0.051042 0.026042
0 0.652604 0.071875 0.019792 0.039583
0 0.831771 0.204167 0.038542 0.025000
0 0.789583 0.300521 0.045833 0.023958
0 0.105729 0.223438 0.051042 0.030208
0 0.181771 0.427083 0.048958 0.041667
0 0.285938 0.350521 0.032292 0.053125
0 0.218229 0.393750 0.038542 0.029167
0 0.435937 0.173437 0.046875 0.038542
0 0.580208 0.472396 0.043750 0.026042
0 0.532813 0.386458 0.038542 0.043750
0 0.582812 0.289583 0.053125 0.039583
0 0.371354 0.627083 0.028125 0.043750
0 0.625000 0.434375 0.031250 0.041667
0 0.342187 0.204167 0.048958 0.052083
0 0.374479 0.793229 0.021875 0.038542
0 0.371875 0.455208 0.047917 0.033333
0 0.394271 0.503646 0.040625 0.034375
0 0.966146 0.928646 0.055208 0.048958
0 0.425521 0.672917 0.036458 0.047917
0 0.126042 0.705208 0.027083 0.047917
0 0.405729 0.778125 0.032292 0.052083
0 0.466146 0.861458 0.046875 0.031250
0 0.390625 0.098437 0.045833 0.038542
0 0.335417 0.604167 0.045833 0.027083
0 0.544792 0.347917 0.045833 0.027083
0 0.521875 0.310937 0.047917 0.048958
0 0.067187 0.803646 0.028125 0.040625
0 0.701562 0.958333 0.023958 0.047917
0 0.192188 0.272917 0.036458 0.037500
0 0.838021 0.123438 0.038542 0.040625
0 0.844792 0.537500 0.029167 0.045833
0 0.593750 0.864062 0.045833 0.040625
0 0.552083 0.457292 0.043750 0.033333
0 0.750000 0.744271 0.037500 0.019792
0 0.150000 0.448437 0.045833 0.055208
0 0.671875 0.103125 0.033333 0.043750
0 0.743750 0.584375 0.025000 0.043750
0 0.395313 0.807292 0.026042 0.041667
0 0.470313 0.746354 0.046875 0.048958
0 0.328646 0.340104 0.051042 0.040625
0 0.500000 0.615104 0.027083 0.042708
0 0.684896 0.779687 0.051042 0.040625
0 0.509896 0.204167 0.026042 0.041667
0 0.554688 0.530729 0.036458 0.046875
0 0.783854 0.090625 0.040625 0.022917
0 0.803125 0.707292 0.025000 0.037500
0 0.131250 0.485417 0.035417 0.047917
0 0.153646 0.744792 0.044792 0.052083
0 0.479687 0.549479 0.055208 0.038542
0 0.775000 0.912500 0.041667 0.047917
0 0.517708 0.263021 0.033333 0.044792
0 0.929167 0.788021 0.027083 0.038542
0 0.867708 0.158854 0.041667 0.032292
0 0.400000 0.257812 0.035417 0.044792
0 0.592708 0.299479 0.045833 0.032292
0 0.110417 0.548438 0.033333 0.040625
0 0.288542 0.375000 0.052083 0.045833
0 0.192188 0.198958 0.032292 0.047917
0 0.869271 0.137500 0.040625 0.041667
0 0.140104 0.211979 0.046875 0.023958
0 0.446875 0.820833 0.045833 0.043750
0 0.353125 0.846875 0.029167 0.050000
0 0.560417 0.689063 0.047917 0.053125
0 0.095312 0.855729 0.030208 0.048958
0 0.753646 0.260417 0.048958 0.027083
0 0.850000 0.261979 0.035417 0.053125
0 0.241667 0.358854 0.045833 0.036458
0 0.835417 0.846875 0.033333 0.037500
0 0.320833 0.495833 0.033333 0.043750
0 0.186458 0.757812 0.039583 0.036458
0 0.295833 0.142187 0.027083 0.040625
0 0.696875 0.895312 0.029167 0.051042
0 0.159896 0.241667 0.038542 0.043750
0 0.596875 0.359375 0.027083 0.047917
0 0.606771 0.392188 0.040625 0.055208
0 0.275000 0.261458 0.037500 0.033333
0 0.183333 0.502083 0.037500 0.022917
0 0.691146 0.889062 0.030208 0.044792
0 0.757812 0.377083 0.046875 0.031250
0 0.205208 0.087500 0.031250 0.037500
0 0.284375 0.405208 0.033333 0.043750
0 0.177083 0.433333 0.037500 0.027083
0 0.563021 0.927604 0.053125 0.034375
0 0.735938 0.200000 0.034375 0.043750
0 0.747396 0.576042 0.021875 0.037500
0 0.231771 0.730729 0.053125 0.053125
0 0.669271 0.076563 0.051042 0.040625
0 0.495833 0.470313 0.054167 0.046875
0 0.565104 0.433854 0.023958 0.042708
0 0.521354 0.958854 0.055208 0.046875
0 0.377083 0.646354 0.031250 0.048958
0 0.713542 0.669271 0.031250 0.040625
0 0.213542 0.809375 0.047917 0.037500
0 0.726042 0.188021 0.045833 0.048958
0 0.683333 0.217708 0.035417 0.037500
0 0.455208 0.411979 0.054167 0.040625
0 0.886979 0.656250 0.046875 0.031250
0 0.340104 0.281250 0.034375 0.039583
0 0.256771 0.108333 0.034375 0.037500
0 0.959896 0.347917 0.048958 0.041667
0 0.877604 0.498437 0.053125 0.051042
0 0.430208 0.626042 0.025000 0.041667
0 0.715104 0.143750 0.040625 0.052083
0 0.085938 0.121875 0.023958 0.041667
0 0.844792 0.152083 0.022917 0.037500
0 0.078646 0.881250 0.048958 0.025000
0 0.651563 0.859896 0.044792 0.026042
0 0.704688 0.143750 0.048958 0.033333
0 0.191667 0.222917 0.047917 0.041667
0 0.312500 0.732292 0.052083 0.037500
0 0.563542 0.575521 0.045833 0.036458
0 0.216146 0.425000 0.042708 0.031250
0 0.260937 0.913542 0.053125 0.043750
0 0.177604 0.452083 0.051042 0.033333
0 0.722396 0.609375 0.026042 0.045833
0 0.894792 0.728646 0.052083 0.030208
0 0.748437 0.117188 0.051042 0.053125
0 0.777083 0.924479 0.037500 0.021875
0 0.226562 0.876042 0.053125 0.047917
0 0.860417 0.119792 0.025000 0.043750
0 0.591146 0.216146 0.019792 0.038542
0 0.692708 0.458854 0.045833 0.032292
0 0.816667 0.568229 0.027083 0.048958
0 0.206250 0.729688 0.045833 0.036458
0 0.619792 0.213542 0.047917 0.039583
0 0.426042 0.295312 0.027083 0.046875
0 0.302083 0.532292 0.020833 0.035417
0 0.810417 0.201042 0.047917 0.027083
0 0.655208 0.151042 0.025000 0.037500
0 0.247396 0.066667 0.040625 0.022917
0 0.732292 0.786979 0.033333 0.040625
0 0.245833 0.325000 0.025000 0.037500
0 0.778646 0.623437 0.044792 0.055208
0 0.611458 0.624479 0.050000 0.040625
0 0.949479 0.125521 0.055208 0.042708
0 0.673438 0.207292 0.044792 0.033333
0 0.405208 0.394792 0.052083 0.045833
0 0.954688 0.884375 0.023958 0.041667
0 0.838542 0.127083 0.031250 0.037500
0 0.849479 0.546354 0.040625 0.032292
0 0.774479 0.239063 0.055208 0.048958
0 0.904167 0.441667 0.052083 0.035417
0 0.690104 0.730208 0.023958 0.041667
0 0.681250 0.278125 0.031250 0.037500
0 0.918229 0.156250 0.038542 0.033333
0 0.719271 0.561458 0.036458 0.020833
0 0.550000 0.259896 0.039583 0.036458
0 0.556250 0.309896 0.047917 0.053125
0 0.895312 0.621875 0.034375 0.016667
0 0.840625 0.269271 0.041667 0.021875
0 0.123438 0.302604 0.044792 0.055208
0 0.105729 0.559896 0.053125 0.034375
0 0.149479 0.648438 0.051042 0.042708
0 0.396875 0.723958 0.027083 0.037500
0 0.858333 0.933333 0.031250 0.041667
0 0.218750 0.963021 0.027083 0.040625
0 0.679167 0.826042 0.041667 0.039583
0 0.280729 0.286979 0.038542 0.040625
0 0.288021 0.467187 0.051042 0.042708
0 0.268229 0.431250 0.046875 0.052083
0 0.827083 0.604167 0.052083 0.043750
0 0.493750 0.175000 0.020833 0.041667
0 0.676562 0.242708 0.030208 0.039583
0 0.730208 0.902604 0.020833 0.038542
0 0.706771 0.861979 0.055208 0.044792
0 0.419271 0.296875 0.040625 0.020833
0 0.246354 0.406771 0.032292 0.048958
0 0.542708 0.909375 0.037500 0.041667
0 0.141667 0.760938 0.045833 0.028125
0 0.922917 0.142708 0.020833 0.039583
0 0.165104 0.078125 0.046875 0.045833
0 0.394792 0.323437 0.037500 0.044792
0 0.911979 0.128125 0.038542 0.033333
0 0.163542 0.346875 0.033333 0.037500
0 0.284896 0.968750 0.036458 0.047917
0 0.185938 0.734896 0.048958 0.055208
0 0.076042 0.776563 0.045833 0.048958
0 0.819271 0.473958 0.040625 0.043750
0 0.322917 0.235417 0.037500 0.031250
0 0.397917 0.488021 0.027083 0.046875
0 0.859896 0.488542 0.051042 0.033333
0 0.536979 0.436979 0.042708 0.044792
0 0.548438 0.297396 0.023958 0.042708
0 0.792708 0.739062 0.050000 0.042708
0 0.684375 0.651042 0.037500 0.035417
0 0.684896 0.798438 0.046875 0.038542
0 0.180208 0.568750 0.043750 0.045833
0 0.686979 0.969792 0.051042 0.047917
0 0.453125 0.745313 0.043750 0.030208
0 0.234896 0.559896 0.048958 0.046875
0 0.780729 0.863021 0.034375 0.051042
0 0.286458 0.665625 0.050000 0.047917
0 0.173958 0.538021 0.045833 0.038542
0 0.407292 0.511458 0.035417 0.052083
0 0.944792 0.498958 0.041667 0.047917
0 0.610938 0.091146 0.044792 0.028125
0 0.177604 0.485417 0.034375 0.039583
0 0.536458 0.835938 0.039583 0.028125
0 0.076042 0.542708 0.025000 0.039583
0 0.391146 0.820312 0.040625 0.026042
0 0.464062 0.266146 0.023958 0.042708
0 0.118750 0.670312 0.043750 0.048958
0 0.084896 0.415104 0.044792 0.030208
0 0.661458 0.552083 0.029167 0.037500
0 0.341146 0.825000 0.030208 0.039583
0 0.906250 0.133854 0.054167 0.040625
0 0.761979 0.332292 0.028125 0.043750
0 0.663542 0.207813 0.054167 0.042708
0 0.569271 0.747396 0.048958 0.030208
0 0.783333 0.815104 0.039583 0.032292
0 0.876563 0.651563 0.040625 0.051042
0 0.743229 0.565104 0.030208 0.051042
0 0.719792 0.386458 0.045833 0.029167
0 0.967187 0.425000 0.046875 0.031250
0 0.688542 0.564063 0.020833 0.036458
0 0.561458 0.203125 0.025000 0.037500
0 0.897396 0.203646 0.034375 0.040625
0 0.459375 0.878646 0.043750 0.030208
0 0.846354 0.670312 0.034375 0.040625
0 0.590104 0.864583 0.023958 0.047917
0 0.852604 0.129688 0.042708 0.021875
0 0.959896 0.215104 0.023958 0.040625
0 0.967708 0.639062 0.045833 0.055208
0 0.815625 0.360417 0.050000 0.031250
0 0.631250 0.759896 0.043750 0.040625
0 0.690625 0.353646 0.054167 0.042708
0 0.084375 0.397396 0.039583 0.023958
0 0.615625 0.917708 0.043750 0.045833
0 0.956250 0.481771 0.037500 0.053125
0 0.714063 0.894271 0.048958 0.055208
0 0.739583 0.619271 0.039583 0.036458
0 0.233333 0.203125 0.025000 0.037500
0 0.140104 0.401562 0.044792 0.028125
0 0.706771 0.245312 0.051042 0.042708
0 0.756250 0.582292 0.041667 0.037500
0 0.156250 0.700521 0.039583 0.044792
0 0.758333 0.494271 0.047917 0.028125
0 0.273438 0.526042 0.051042 0.031250
0 0.099479 0.098958 0.034375 0.043750
0 0.707812 0.321875 0.028125 0.043750
0 0.365104 0.960417 0.042708 0.027083
0 0.516146 0.425000 0.032292 0.052083
0 0.521354 0.692187 0.040625 0.034375
0 0.512500 0.768750 0.022917 0.043750
0 0.161458 0.206771 0.033333 0.053125
0 0.525000 0.559896 0.045833 0.026042
0 0.189583 0.181250 0.037500 0.031250
0 0.405729 0.183333 0.044792 0.047917
0 0.263542 0.241667 0.052083 0.037500
0 0.828646 0.678125 0.021875 0.037500
0 0.468229 0.521875 0.053125 0.047917
0 0.225000 0.630208 0.027083 0.045833
0 0.168229 0.642708 0.026042 0.039583
0 0.476562 0.218229 0.053125 0.053125
0 0.677604 0.835938 0.044792 0.042708
0 0.685937 0.226562 0.048958 0.023958
0 0.952083 0.182812 0.047917 0.046875
0 0.419792 0.334896 0.054167 0.038542
0 0.372917 0.278646 0.054167 0.044792
0 0.145833 0.274479 0.035417 0.040625
0 0.634896 0.532292 0.042708 0.039583
0 0.810937 0.846875 0.042708 0.039583
0 0.752604 0.832292 0.048958 0.041667
0 0.166667 0.152604 0.050000 0.053125
0 0.339583 0.676042 0.018750 0.035417
0 0.746354 0.082812 0.055208 0.046875
0 0.690625 0.559375 0.025000 0.039583
0 0.515104 0.829167 0.038542 0.043750
0 0.661458 0.294792 0.037500 0.031250
0 0.642708 0.479167 0.041667 0.039583
0 0.703125 0.630208 0.027083 0.037500
0 0.187500 0.458333 0.045833 0.052083
0 0.213542 0.114062 0.039583 0.026042
0 0.400521 0.600521 0.055208 0.046875
0 0.275521 0.892708 0.053125 0.043750
0 0.881771 0.320833 0.030208 0.039583
0 0.534896 0.701562 0.040625 0.034375
0 0.870833 0.184896 0.025000 0.042708
0 0.357292 0.713021 0.033333 0.040625
0 0.235417 0.597396 0.050000 0.042708
0 0.085938 0.322396 0.055208 0.048958
0 0.208333 0.273438 0.054167 0.036458
0 0.803646 0.517708 0.026042 0.041667
0 0.154688 0.729167 0.044792 0.035417
0 0.785417 0.248958 0.037500 0.029167
0 0.761458 0.941667 0.033333 0.043750
0 0.570312 0.934896 0.032292 0.040625
0 0.375521 0.712500 0.026042 0.039583
0 0.573958 0.764583 0.025000 0.037500
0 0.852083 0.305208 0.052083 0.041667
0 0.469792 0.098437 0.037500 0.038542
0 0.276042 0.185938 0.037500 0.040625
0 0.388021 0.422917 0.048958 0.027083
0 0.580729 0.291667 0.048958 0.052083
0 0.540625 0.599479 0.035417 0.053125
0 0.679167 0.101042 0.033333 0.043750
0 0.792188 0.850521 0.030208 0.044792
0 0.938542 0.664062 0.050000 0.044792
0 0.207292 0.321354 0.022917 0.038542
0 0.818229 0.325000 0.040625 0.041667
0 0.758854 0.705729 0.040625 0.036458
0 0.756250 0.505208 0.041667 0.027083
0 0.142708 0.376563 0.016667 0.034375
0 0.907813 0.710417 0.021875 0.037500
0 0.610417 0.305208 0.039583 0.041667
0 0.325000 0.702083 0.033333 0.047917
0 0.502083 0.751042 0.039583 0.022917
0 0.458333 0.520833 0.043750 0.052083
0 0.922396 0.801042 0.044792 0.033333
0 0.636979 0.670312 0.051042 0.026042
0 0.827604 0.860938 0.038542 0.040625
0 0.901042 0.786979 0.045833 0.040625
0 0.289062 0.511979 0.044792 0.028125
0 0.200000 0.647917 0.052083 0.043750
0 0.570312 0.163542 0.046875 0.043750
0 0.710417 0.612500 0.037500 0.052083
0 0.630729 0.648438 0.023958 0.042708
0 0.486458 0.925521 0.054167 0.046875
0 0.552083 0.192188 0.037500 0.044792
0 0.525000 0.544271 0.029167 0.044792
0 0.836458 0.545312 0.039583 0.038542
0 0.825521 0.779687 0.055208 0.051042
0 0.583854 0.498958 0.044792 0.047917
0 0.402604 0.835938 0.038542 0.038542
0 0.732292 0.398438 0.029167 0.051042
0 0.943229 0.423958 0.051042 0.035417
0 0.917708 0.723958 0.025000 0.043750
0 0.317708 0.576042 0.033333 0.050000
0 0.865104 0.507292 0.036458 0.037500
0 0.300521 0.703646 0.040625 0.034375
0 0.391667 0.940104 0.039583 0.048958
0 0.215104 0.294792 0.038542 0.035417
0 0.385937 0.921354 0.051042 0.034375
0 0.752604 0.160417 0.026042 0.039583
0 0.803646 0.932292 0.021875 0.037500
0 0.104688 0.240625 0.044792 0.047917
0 0.794792 0.496354 0.039583 0.030208
0 0.439063 0.778125 0.023958 0.047917
0 0.509375 0.085938 0.045833 0.048958
0 0.893229 0.186979 0.051042 0.030208
0 0.348958 0.415104 0.037500 0.048958
0 0.217708 0.625521 0.050000 0.034375
0 0.698438 0.790625 0.046875 0.029167
0 0.508333 0.965104 0.027083 0.048958
0 0.902083 0.107292 0.041667 0.039583
0 0.687500 0.304167 0.041667 0.039583
0 0.696875 0.865104 0.039583 0.034375
0 0.561979 0.642188 0.048958 0.023958
0 0.319271 0.215104 0.026042 0.046875
0 0.817708 0.612500 0.035417 0.052083
0 0.142708 0.656250 0.052083 0.033333
0 0.451562 0.555729 0.044792 0.051042
0 0.214062 0.616146 0.036458 0.040625
0 0.083333 0.843750 0.033333 0.043750
0 0.732812 0.340625 0.046875 0.052083
0 0.375000 0.759375 0.043750 0.052083
0 0.231250 0.663542 0.033333 0.043750
0 0.641146 0.416667 0.032292 0.039583
0 0.095833 0.517708 0.031250 0.043750
0 0.933854 0.186979 0.048958 0.030208
0 0.588542 0.328646 0.045833 0.036458
0 0.320312 0.121354 0.026042 0.051042
0 0.555729 0.818229 0.023958 0.042708
0 0.925000 0.274479 0.039583 0.038542
0 0.290625 0.609375 0.052083 0.047917
0 0.870313 0.277083 0.032292 0.039583
0 0.383333 0.847917 0.037500 0.025000
0 0.786458 0.341667 0.041667 0.027083
0 0.165104 0.522396 0.046875 0.038542
0 0.344271 0.539062 0.046875 0.048958
0 0.710938 0.424479 0.038542 0.051042
0 0.539583 0.478646 0.041667 0.044792
0 0.127083 0.181250 0.050000 0.031250
0 0.956771 0.808854 0.055208 0.044792
0 0.514062 0.380729 0.032292 0.048958
0 0.464062 0.359896 0.046875 0.055208
0 0.563021 0.650000 0.048958 0.041667
0 0.456771 0.404167 0.042708 0.047917
0 0.424479 0.588542 0.038542 0.029167
0 0.896354 0.464062 0.046875 0.036458
0 0.708854 0.334896 0.051042 0.040625
0 0.345833 0.238542 0.043750 0.033333
0 0.163021 0.085938 0.038542 0.055208
0 0.644271 0.470313 0.055208 0.046875
0 0.547917 0.469271 0.054167 0.048958
0 0.150000 0.255729 0.050000 0.028125
0 0.406771 0.653646 0.048958 0.032292
0 0.373958 0.403646 0.029167 0.040625
0 0.384896 0.546354 0.032292 0.046875
0 0.759896 0.668750 0.032292 0.043750
0 0.663542 0.172396 0.045833 0.055208
0 0.342187 0.097917 0.038542 0.047917
0 0.552604 0.188542 0.028125 0.043750
0 0.192188 0.189583 0.053125 0.045833
0 0.880729 0.614583 0.026042 0.050000
0 0.844271 0.624479 0.040625 0.038542
0 0.587500 0.566667 0.050000 0.029167
0 0.268750 0.371875 0.022917 0.037500
0 0.522917 0.107813 0.054167 0.042708
0 0.601042 0.435937 0.043750 0.042708
0 0.237500 0.949479 0.050000 0.034375
0 0.536458 0.811458 0.025000 0.047917
0 0.716146 0.946875 0.032292 0.052083
0 0.226042 0.074479 0.043750 0.030208
0 0.402083 0.096354 0.039583 0.032292
0 0.760938 0.793750 0.053125 0.037500
0 0.338021 0.352604 0.048958 0.028125
0 0.579167 0.093229 0.041667 0.042708
0 0.564583 0.267188 0.022917 0.042708
0 0.868229 0.250521 0.042708 0.055208
0 0.331250 0.800000 0.035417 0.018750
0 0.307812 0.550000 0.053125 0.043750
0 0.800000 0.465104 0.039583 0.028125
0 0.304167 0.281771 0.025000 0.044792
0 0.526563 0.118750 0.048958 0.037500
0 0.616146 0.651563 0.019792 0.038542
0 0.121354 0.077083 0.034375 0.043750
0 0.203125 0.677604 0.052083 0.030208
0 0.601042 0.711979 0.050000 0.044792
0 0.542188 0.362500 0.021875 0.037500
0 0.764062 0.408333 0.036458 0.043750
0 0.671875 0.864583 0.037500 0.029167
0 0.704167 0.687500 0.047917 0.041667
0 0.450521 0.923958 0.051042 0.033333
0 0.948958 0.313542 0.043750 0.045833
0 0.679167 0.177604 0.037500 0.044792
0 0.278125 0.763542 0.039583 0.041667
0 0.491667 0.501563 0.045833 0.026042
0 0.451042 0.660417 0.043750 0.035417
0 0.483854 0.373958 0.040625 0.041667
0 0.297396 0.493229 0.055208 0.042708
0 0.310417 0.082292 0.029167 0.045833
0 0.853125 0.392708 0.047917 0.033333
0 0.691667 0.888542 0.045833 0.043750
0 0.501042 0.915625 0.025000 0.047917
0 0.774479 0.465625 0.044792 0.047917
0 0.255729 0.318750 0.032292 0.043750
0 0.152604 0.669271 0.032292 0.040625
0 0.566667 0.375000 0.035417 0.052083
0 0.605208 0.941667 0.047917 0.039583
0 0.865104 0.258333 0.038542 0.035417
0 0.079687 0.463542 0.030208 0.039583
0 0.500521 0.133854 0.040625 0.046875
0 0.576042 0.325000 0.035417 0.035417
0 0.682813 0.359896 0.028125 0.044792
0 0.398438 0.397917 0.053125 0.037500
0 0.622917 0.363021 0.050000 0.042708
0 0.647396 0.910937 0.030208 0.040625
0 0.958333 0.946354 0.039583 0.030208
0 0.789062 0.721354 0.038542 0.021875
0 0.430729 0.773958 0.032292 0.043750
0 0.496875 0.749479 0.054167 0.044792
0 0.913542 0.914583 0.052083 0.043750
0 0.913542 0.615625 0.027083 0.045833
0 0.228125 0.884896 0.037500 0.044792
0 0.692187 0.787500 0.038542 0.035417
0 0.701042 0.260417 0.043750 0.052083
0 0.394792 0.298438 0.037500 0.019792
0 0.648438 0.602604 0.040625 0.055208
0 0.326562 0.252604 0.040625 0.023958
0 0.513542 0.077604 0.037500 0.044792
0 0.094271 0.359375 0.034375 0.047917
0 0.794792 0.089063 0.043750 0.026042
0 0.809375 0.887500 0.043750 0.037500
0 0.342708 0.638021 0.041667 0.044792
0 0.519271 0.333854 0.044792 0.028125
0 0.209896 0.733333 0.026042 0.039583
0 0.764583 0.721354 0.047917 0.030208
0 0.620313 0.072917 0.040625 0.022917
0 0.598958 0.108333 0.029167 0.050000
0 0.905208 0.217708 0.031250 0.050000
0 0.945833 0.296354 0.045833 0.038542
0 0.624479 0.099479 0.055208 0.051042
0 0.853646 0.436979 0.032292 0.040625
0 0.910417 0.330208 0.045833 0.027083
0 0.198958 0.100000 0.052083 0.047917
0 0.528646 0.836979 0.053125 0.053125
0 0.664062 0.113542 0.051042 0.035417
0 0.778125 0.071875 0.037500 0.031250
0 0.131250 0.393229 0.043750 0.040625
0 0.729167 0.137500 0.047917 0.037500
0 0.540104 0.720313 0.030208 0.053125
0 0.760938 0.568229 0.040625 0.038542
0 0.953646 0.623958 0.036458 0.020833