0 0.850000 0.501042 0.047917 0.033333
0 0.930208 0.081250 0.047917 0.037500
0 0.632292 0.097396 0.045833 0.036458
0 0.257812 0.224479 0.053125 0.032292
0 0.801042 0.086458 0.037500 0.047917
0 0.283333 0.479687 0.035417 0.040625
0 0.891146 0.379688 0.040625 0.055208
0 0.497917 0.619792 0.045833 0.052083
0 0.629167 0.251042 0.018750 0.035417
0 0.924479 0.649479 0.046875 0.048958
0 0.749479 0.081771 0.055208 0.048958
0 0.244792 0.825521 0.035417 0.044792
0 0.267708 0.179688 0.039583 0.028125
0 0.722917 0.261979 0.050000 0.040625
0 0.706250 0.575521 0.043750 0.026042
0 0.289062 0.440104 0.038542 0.046875
0 0.213021 0.294792 0.038542 0.025000
0 0.667188 0.119792 0.036458 0.037500
0 0.459896 0.101042 0.023958 0.043750
0 0.696354 0.382812 0.038542 0.023958
0 0.543229 0.382292 0.044792 0.033333
0 0.769271 0.915104 0.038542 0.046875
0 0.693229 0.294271 0.026042 0.044792
0 0.955729 0.187500 0.021875 0.037500
0 0.466146 0.158854 0.048958 0.028125
0 0.211979 0.814063 0.034375 0.040625
0 0.963542 0.194271 0.043750 0.042708
0 0.882292 0.630729 0.029167 0.051042
0 0.950000 0.628125 0.043750 0.052083
0 0.203646 0.175521 0.042708 0.051042
0 0.360938 0.460938 0.032292 0.044792
0 0.503125 0.827083 0.039583 0.041667
0 0.743229 0.428646 0.030208 0.048958
0 0.174479 0.845833 0.048958 0.041667
0 0.362500 0.936979 0.043750 0.032292
0 0.203125 0.239583 0.043750 0.045833
0 0.238021 0.099479 0.040625 0.044792
0 0.688542 0.181771 0.035417 0.048958
0 0.921354 0.392708 0.038542 0.022917
0 0.150521 0.548438 0.044792 0.042708
0 0.188021 0.686458 0.034375 0.037500
0 0.793229 0.646354 0.051042 0.044792
0 0.220833 0.366146 0.035417 0.044792
0 0.467187 0.216146 0.038542 0.038542
0 0.778125 0.488542 0.041667 0.027083
0 0.775000 0.693750 0.043750 0.025000
0 0.193229 0.146354 0.042708 0.023958
0 0.284896 0.398958 0.036458 0.043750
0 0.819271 0.368229 0.053125 0.034375
0 0.819271 0.814063 0.040625 0.032292
0 0.523958 0.662500 0.035417 0.018750
0 0.324479 0.158333 0.026042 0.039583
0 0.322917 0.663021 0.039583 0.028125
0 0.278125 0.938542 0.041667 0.037500
0 0.481771 0.528125 0.038542 0.029167
0 0.497917 0.767708 0.033333 0.043750
0 0.416146 0.471354 0.034375 0.048958
0 0.402083 0.298438 0.054167 0.038542
0 0.504687 0.901042 0.044792 0.054167
0 0.088021 0.432812 0.051042 0.042708
0 0.727083 0.572917 0.037500 0.027083
0 0.252083 0.352083 0.022917 0.039583
0 0.201563 0.375000 0.036458 0.037500
0 0.950000 0.785417 0.037500 0.035417
0 0.817187 0.810937 0.019792 0.038542
0 0.950521 0.890625 0.036458 0.018750
0 0.792708 0.695833 0.037500 0.031250
0 0.407813 0.673958 0.036458 0.047917
0 0.450000 0.590104 0.041667 0.021875
0 0.902604 0.084375 0.036458 0.037500
0 0.819792 0.160417 0.025000 0.037500
0 0.660417 0.860417 0.037500 0.031250
0 0.217708 0.565104 0.050000 0.038542
0 0.515625 0.075521 0.043750 0.042708
0 0.650000 0.761458 0.052083 0.037500
0 0.645833 0.473958 0.041667 0.027083
0 0.136458 0.163021 0.039583 0.036458
0 0.228125 0.490104 0.020833 0.036458
0 0.815104 0.190104 0.036458 0.046875
0 0.311458 0.927083 0.045833 0.052083
0 0.668229 0.487500 0.053125 0.037500
0 0.367708 0.553125 0.022917 0.037500
0 0.675000 0.522917 0.041667 0.037500
0 0.447917 0.539583 0.050000 0.033333
0 0.950000 0.194271 0.045833 0.034375
0 0.298438 0.259896 0.044792 0.042708
0 0.632292 0.185938 0.050000 0.044792
0 0.571354 0.747917 0.038542 0.031250
0 0.925521 0.931771 0.040625 0.034375
0 0.776563 0.721354 0.030208 0.044792
0 0.297917 0.921875 0.041667 0.039583
0 0.353125 0.127604 0.039583 0.026042
0 0.261458 0.081771 0.045833 0.028125
0 0.788542 0.637500 0.029167 0.037500
0 0.171875 0.589063 0.047917 0.046875
0 0.473958 0.818750 0.045833 0.043750
0 0.628646 0.478125 0.034375 0.039583
0 0.271354 0.538021 0.036458 0.046875
0 0.256250 0.640625 0.035417 0.037500
0 0.218229 0.893229 0.051042 0.040625
0 0.268229 0.161979 0.044792 0.042708
0 0.336458 0.164062 0.039583 0.030208
0 0.808854 0.823958 0.036458 0.018750
0 0.193750 0.292708 0.027083 0.047917
0 0.180208 0.864062 0.045833 0.026042
0 0.368229 0.415104 0.051042 0.053125
0 0.741667 0.941667 0.047917 0.033333
0 0.431250 0.451562 0.037500 0.040625
0 0.758333 0.170833 0.047917 0.025000
0 0.607812 0.218229 0.038542 0.019792
0 0.142708 0.888542 0.033333 0.016667
0 0.523958 0.146875 0.045833 0.052083
0 0.476562 0.362500 0.044792 0.035417
0 0.931771 0.664583 0.026042 0.045833
0 0.908333 0.808333 0.037500 0.033333
0 0.538021 0.228125 0.048958 0.050000
0 0.399479 0.109896 0.038542 0.038542
0 0.271875 0.176563 0.031250 0.040625
0 0.503125 0.634375 0.041667 0.047917
0 0.575521 0.537500 0.048958 0.037500
0 0.670312 0.907292 0.042708 0.054167
0 0.291146 0.355208 0.030208 0.050000
0 0.856250 0.267708 0.037500 0.043750
0 0.122917 0.431771 0.041667 0.021875
0 0.255208 0.954688 0.022917 0.042708
0 0.095833 0.791667 0.045833 0.031250
0 0.339583 0.743750 0.041667 0.039583
0 0.652604 0.235937 0.042708 0.021875
0 0.892708 0.850000 0.050000 0.031250
0 0.573438 0.869271 0.026042 0.040625
0 0.368750 0.496354 0.045833 0.048958
0 0.539583 0.411458 0.033333 0.050000
0 0.341146 0.291146 0.019792 0.038542
0 0.656250 0.710938 0.029167 0.044792
0 0.467187 0.545833 0.032292 0.047917
0 0.877083 0.236458 0.027083 0.041667
0 0.825000 0.570312 0.052083 0.051042
0 0.768229 0.670833 0.040625 0.020833
0 0.938021 0.367708 0.044792 0.035417
0 0.841146 0.696354 0.026042 0.051042
0 0.675000 0.207813 0.029167 0.044792
0 0.578125 0.365104 0.054167 0.036458
0 0.516667 0.219271 0.037500 0.038542
0 0.941667 0.763021 0.041667 0.042708
0 0.409896 0.378646 0.040625 0.026042
0 0.765104 0.894271 0.040625 0.034375
0 0.435937 0.443229 0.055208 0.040625
0 0.907813 0.605208 0.034375 0.039583
0 0.863021 0.128125 0.042708 0.047917
0 0.666667 0.363542 0.050000 0.031250
0 0.870313 0.928125 0.032292 0.047917
0 0.538021 0.818229 0.034375 0.046875
0 0.944271 0.773438 0.038542 0.040625
0 0.171354 0.946354 0.030208 0.040625
0 0.376563 0.457813 0.026042 0.040625
0 0.590104 0.853646 0.028125 0.051042
0 0.612500 0.270313 0.039583 0.034375
0 0.554688 0.667708 0.048958 0.050000
0 0.509375 0.709896 0.043750 0.042708
0 0.169792 0.620313 0.047917 0.046875
0 0.356250 0.836458 0.029167 0.041667
0 0.545833 0.180729 0.037500 0.048958
0 0.704167 0.402604 0.052083 0.053125
0 0.571875 0.835938 0.031250 0.051042
0 0.086458 0.182292 0.035417 0.018750
0 0.472917 0.267708 0.033333 0.047917
0 0.090625 0.130208 0.052083 0.043750
0 0.571354 0.597396 0.032292 0.040625
0 0.527604 0.447396 0.044792 0.028125
0 0.651563 0.093750 0.051042 0.050000
0 0.304167 0.388021 0.033333 0.044792
0 0.372917 0.519792 0.033333 0.047917
0 0.900000 0.771875 0.052083 0.037500
0 0.279167 0.199479 0.054167 0.042708
0 0.384375 0.954167 0.031250 0.037500
0 0.891146 0.275521 0.046875 0.048958
0 0.822917 0.895312 0.029167 0.040625
0 0.519792 0.658854 0.043750 0.055208
0 0.794271 0.776042 0.053125 0.041667
0 0.879687 0.594792 0.051042 0.047917
0 0.924479 0.533333 0.019792 0.039583
0 0.968750 0.371354 0.043750 0.030208
0 0.514062 0.895833 0.042708 0.039583
0 0.668750 0.511979 0.031250 0.048958
0 0.467708 0.675000 0.033333 0.045833
0 0.275521 0.566146 0.051042 0.026042
0 0.333854 0.196875 0.042708 0.037500
0 0.228646 0.422396 0.051042 0.034375
0 0.764062 0.449479 0.046875 0.055208
0 0.565104 0.599479 0.055208 0.051042
0 0.407813 0.516667 0.044792 0.052083
0 0.739583 0.100521 0.039583 0.030208
0 0.781771 0.876563 0.042708 0.023958
0 0.880729 0.366667 0.042708 0.039583
0 0.257812 0.089063 0.026042 0.040625
0 0.934896 0.711979 0.046875 0.038542
0 0.527083 0.235937 0.031250 0.044792
0 0.753646 0.365104 0.030208 0.044792
0 0.203646 0.553646 0.046875 0.036458
0 0.332813 0.763542 0.042708 0.029167
0 0.691667 0.422917 0.035417 0.020833
0 0.182812 0.845833 0.036458 0.020833
0 0.453125 0.305208 0.022917 0.037500
0 0.520312 0.708854 0.026042 0.040625
0 0.320312 0.617708 0.053125 0.039583
0 0.328125 0.777083 0.037500 0.022917
0 0.233333 0.564063 0.041667 0.048958
0 0.555208 0.495312 0.039583 0.019792
0 0.080729 0.234896 0.038542 0.040625
0 0.266667 0.204687 0.045833 0.048958
0 0.483854 0.577604 0.048958 0.023958
0 0.182812 0.863542 0.046875 0.031250
0 0.827604 0.591667 0.021875 0.037500
0 0.597917 0.542708 0.035417 0.018750
0 0.231771 0.582812 0.046875 0.036458
0 0.792708 0.432812 0.050000 0.040625
0 0.728125 0.135937 0.031250 0.051042
0 0.429688 0.850000 0.034375 0.039583
0 0.936979 0.795312 0.044792 0.032292
0 0.150000 0.410938 0.027083 0.042708
0 0.583333 0.791667 0.037500 0.041667
0 0.114583 0.377604 0.039583 0.030208
0 0.871875 0.781771 0.043750 0.042708
0 0.158854 0.147396 0.023958 0.042708
0 0.854167 0.954167 0.043750 0.052083
0 0.635938 0.501563 0.055208 0.040625
0 0.103646 0.840104 0.051042 0.038542
0 0.429167 0.245312 0.050000 0.044792
0 0.235937 0.689583 0.023958 0.041667
0 0.643750 0.968750 0.039583 0.047917
0 0.941146 0.297917 0.044792 0.025000
0 0.431771 0.301042 0.040625 0.025000
0 0.803646 0.575000 0.038542 0.035417
0 0.149479 0.107292 0.046875 0.052083
0 0.792188 0.549479 0.038542 0.051042
0 0.832292 0.888021 0.047917 0.048958
0 0.223438 0.615625 0.036458 0.018750
0 0.339062 0.790625 0.019792 0.039583
0 0.581771 0.214583 0.026042 0.037500
0 0.729688 0.316146 0.040625 0.034375
0 0.686979 0.120313 0.036458 0.055208
0 0.878125 0.618750 0.043750 0.022917
0 0.641146 0.941667 0.030208 0.039583
0 0.464062 0.896875 0.044792 0.035417
0 0.767708 0.858854 0.037500 0.038542
0 0.443750 0.659375 0.031250 0.037500
0 0.867188 0.655208 0.034375 0.016667
0 0.768229 0.763542 0.042708 0.041667
0 0.694792 0.757812 0.043750 0.040625
0 0.872917 0.877604 0.033333 0.044792
0 0.961458 0.135417 0.047917 0.037500
0 0.376563 0.421875 0.034375 0.047917
0 0.886979 0.210417 0.032292 0.039583
0 0.387500 0.282813 0.054167 0.038542
0 0.942708 0.179167 0.041667 0.039583
0 0.178125 0.855729 0.018750 0.036458
0 0.703646 0.107292 0.042708 0.039583
0 0.229687 0.675000 0.032292 0.043750
0 0.102083 0.655729 0.033333 0.040625
0 0.733333 0.679167 0.033333 0.043750
0 0.585938 0.490104 0.040625 0.034375
0 0.788021 0.680208 0.040625 0.047917
0 0.078646 0.257812 0.051042 0.038542
0 0.208333 0.194792 0.039583 0.041667
0 0.630729 0.115625 0.023958 0.041667
0 0.686979 0.584896 0.048958 0.048958
0 0.541667 0.183333 0.027083 0.037500
0 0.604688 0.280729 0.048958 0.055208
0 0.255208 0.911979 0.054167 0.040625
0 0.704688 0.375521 0.032292 0.040625
0 0.805729 0.896354 0.055208 0.051042
0 0.572396 0.383854 0.051042 0.053125
0 0.375000 0.945833 0.047917 0.035417
0 0.701562 0.419271 0.046875 0.055208
0 0.926562 0.289062 0.051042 0.038542
0 0.085938 0.587500 0.044792 0.052083
0 0.246354 0.506250 0.026042 0.039583
0 0.714583 0.436979 0.037500 0.048958
0 0.903646 0.593229 0.055208 0.046875
0 0.785937 0.206250 0.030208 0.050000
0 0.856771 0.950000 0.044792 0.033333
0 0.516146 0.459375 0.053125 0.035417
0 0.113021 0.622396 0.040625 0.034375
0 0.122396 0.259375 0.046875 0.022917
0 0.473438 0.510417 0.042708 0.029167
0 0.314063 0.369792 0.048958 0.039583
0 0.304688 0.372396 0.053125 0.032292
0 0.707812 0.563021 0.030208 0.040625
0 0.530729 0.273958 0.042708 0.027083
0 0.444792 0.930208 0.052083 0.041667
0 0.557292 0.436458 0.037500 0.047917
0 0.819271 0.373437 0.044792 0.032292
0 0.505729 0.474479 0.046875 0.036458
0 0.413021 0.528125 0.051042 0.029167
0 0.941667 0.730208 0.041667 0.052083
0 0.483854 0.876042 0.053125 0.045833
0 0.405729 0.526563 0.046875 0.034375
0 0.820312 0.101562 0.053125 0.032292
0 0.497917 0.691146 0.027083 0.042708
0 0.901563 0.459375 0.032292 0.039583
0 0.189062 0.554688 0.055208 0.040625
0 0.221354 0.104167 0.051042 0.031250
0 0.871354 0.763542 0.048958 0.033333
0 0.918750 0.206250 0.035417 0.037500
0 0.288542 0.092188 0.039583 0.030208
0 0.551562 0.970833 0.032292 0.047917
0 0.713542 0.686458 0.039583 0.052083
0 0.257812 0.658854 0.028125 0.046875
0 0.970313 0.943229 0.048958 0.046875
0 0.452083 0.422917 0.035417 0.037500
0 0.848958 0.722396 0.047917 0.023958
0 0.195833 0.265625 0.039583 0.052083
0 0.134375 0.775000 0.029167 0.041667
0 0.272917 0.497917 0.018750 0.035417
0 0.607292 0.411458 0.041667 0.047917
0 0.876042 0.659375 0.025000 0.037500
0 0.092188 0.264583 0.034375 0.052083
0 0.889583 0.103125 0.031250 0.041667
0 0.447396 0.308854 0.040625 0.028125
0 0.523958 0.360417 0.029167 0.041667
0 0.161458 0.588542 0.043750 0.037500
0 0.135417 0.609375 0.043750 0.035417
0 0.078125 0.536458 0.043750 0.033333
0 0.761458 0.258854 0.045833 0.032292
0 0.276562 0.166146 0.036458 0.046875
0 0.647396 0.513021 0.028125 0.051042
0 0.318229 0.437500 0.021875 0.037500
0 0.404687 0.385417 0.048958 0.052083
0 0.298958 0.890104 0.050000 0.042708
0 0.732812 0.184375 0.053125 0.041667
0 0.734896 0.432812 0.053125 0.034375
0 0.756771 0.306771 0.030208 0.040625
0 0.427604 0.813542 0.038542 0.047917
0 0.811979 0.593229 0.036458 0.051042
0 0.872917 0.515104 0.047917 0.046875
0 0.869271 0.457292 0.042708 0.039583
0 0.619792 0.963542 0.027083 0.037500
0 0.793229 0.805729 0.021875 0.044792
0 0.736458 0.724479 0.031250 0.040625
0 0.891146 0.518750 0.053125 0.043750
0 0.270833 0.490104 0.054167 0.048958
0 0.239063 0.547396 0.032292 0.040625
0 0.695833 0.822917 0.031250 0.037500
0 0.741667 0.305208 0.043750 0.027083
0 0.417708 0.311979 0.050000 0.042708
0 0.428125 0.086458 0.041667 0.031250
0 0.557813 0.579688 0.053125 0.032292
0 0.427083 0.303125 0.037500 0.027083
0 0.721354 0.107292 0.028125 0.039583
0 0.072917 0.197917 0.035417 0.037500
0 0.363021 0.470313 0.030208 0.048958
0 0.080208 0.176563 0.037500 0.048958
0 0.281250 0.234375 0.043750 0.033333
0 0.894792 0.880208 0.052083 0.045833
0 0.693229 0.741146 0.034375 0.051042
0 0.308854 0.810417 0.046875 0.027083
0 0.957292 0.534896 0.052083 0.051042
0 0.090104 0.832812 0.042708 0.023958
0 0.831771 0.090104 0.040625 0.030208
0 0.083333 0.299479 0.047917 0.053125
0 0.787500 0.846354 0.041667 0.023958
0 0.824479 0.428125 0.026042 0.037500
0 0.767708 0.176042 0.045833 0.029167
0 0.115625 0.916146 0.018750 0.036458
0 0.674479 0.425000 0.034375 0.052083
0 0.828125 0.517708 0.041667 0.052083
0 0.144271 0.165104 0.032292 0.044792
0 0.747396 0.918750 0.053125 0.039583
0 0.958333 0.858333 0.029167 0.050000
0 0.110937 0.263021 0.038542 0.055208
0 0.302083 0.733333 0.031250 0.050000
0 0.554167 0.879167 0.037500 0.027083
0 0.378125 0.228646 0.037500 0.019792
0 0.313542 0.858333 0.022917 0.039583
0 0.538021 0.264583 0.048958 0.050000
0 0.259896 0.884375 0.048958 0.035417
0 0.684896 0.477604 0.040625 0.055208
0 0.754167 0.159375 0.045833 0.052083
0 0.916667 0.331250 0.041667 0.029167
0 0.102083 0.847917 0.037500 0.052083
0 0.717708 0.256771 0.041667 0.032292
0 0.196354 0.745833 0.021875 0.039583
0 0.247917 0.714583 0.035417 0.035417
0 0.215625 0.623958 0.039583 0.041667
0 0.295312 0.573438 0.051042 0.034375
0 0.765625 0.785937 0.054167 0.036458
0 0.580729 0.264583 0.048958 0.041667
0 0.945833 0.702604 0.039583 0.026042
0 0.783333 0.485938 0.039583 0.026042
0 0.804688 0.114583 0.046875 0.052083
0 0.146354 0.482812 0.046875 0.023958
0 0.657813 0.290625 0.042708 0.029167
0 0.523438 0.594792 0.038542 0.018750
0 0.169271 0.747917 0.048958 0.052083
0 0.668750 0.730729 0.045833 0.038542
0 0.493229 0.963542 0.032292 0.047917
0 0.349479 0.215104 0.046875 0.038542
0 0.961458 0.834896 0.045833 0.048958
0 0.909375 0.940104 0.035417 0.044792
0 0.390104 0.268750 0.042708 0.020833
0 0.748437 0.665104 0.055208 0.036458
0 0.346354 0.665625 0.034375 0.052083
0 0.092188 0.094271 0.038542 0.023958
0 0.075521 0.430208 0.030208 0.039583
0 0.217188 0.399479 0.051042 0.055208
0 0.124479 0.481771 0.044792 0.055208
0 0.934896 0.547917 0.034375 0.047917
0 0.730208 0.547396 0.052083 0.032292
0 0.741146 0.657813 0.051042 0.026042
0 0.742188 0.322917 0.053125 0.039583
0 0.915104 0.377604 0.028125 0.048958
0 0.708333 0.347396 0.027083 0.040625
0 0.101562 0.625521 0.032292 0.040625
0 0.231250 0.480729 0.039583 0.044792
0 0.413021 0.718229 0.040625 0.026042
0 0.232813 0.708333 0.042708 0.039583
0 0.690625 0.581771 0.039583 0.032292
0 0.485938 0.455208 0.028125 0.039583
0 0.336458 0.433854 0.039583 0.034375
0 0.784375 0.255208 0.047917 0.033333
0 0.429688 0.863542 0.042708 0.037500
0 0.532292 0.795833 0.029167 0.050000
0 0.366146 0.297396 0.048958 0.048958
0 0.425000 0.225521 0.039583 0.038542
0 0.361979 0.102604 0.032292 0.048958
0 0.420312 0.157812 0.038542 0.046875
0 0.525521 0.191146 0.046875 0.034375
0 0.215625 0.421875 0.027083 0.037500
0 0.670833 0.430729 0.039583 0.026042
0 0.666146 0.351042 0.053125 0.047917
0 0.105208 0.155208 0.043750 0.033333
0 0.542188 0.692187 0.044792 0.042708
0 0.351042 0.445312 0.039583 0.028125
0 0.636458 0.414062 0.027083 0.046875
0 0.597396 0.780729 0.028125 0.040625
0 0.458854 0.317188 0.048958 0.055208
0 0.432292 0.648958 0.047917 0.050000
0 0.187500 0.188021 0.041667 0.021875
0 0.880208 0.598958 0.037500 0.029167
0 0.554167 0.328646 0.050000 0.053125
0 0.318750 0.158333 0.052083 0.039583
0 0.460417 0.547396 0.033333 0.040625
0 0.678646 0.246875 0.044792 0.022917
0 0.748437 0.197917 0.048958 0.041667
0 0.698438 0.706250 0.038542 0.029167
0 0.385417 0.809375 0.041667 0.037500
0 0.465104 0.491146 0.048958 0.055208
0 0.133333 0.615104 0.043750 0.030208
0 0.644271 0.646875 0.048958 0.052083
0 0.954167 0.713021 0.050000 0.053125
0 0.103646 0.419271 0.055208 0.038542
0 0.275000 0.372917 0.031250 0.041667
0 0.553125 0.682813 0.054167 0.044792
0 0.527604 0.688542 0.053125 0.041667
0 0.529167 0.200521 0.037500 0.019792
0 0.673438 0.645312 0.028125 0.044792
0 0.934896 0.847917 0.038542 0.022917
0 0.207292 0.490104 0.050000 0.026042
0 0.619792 0.371354 0.039583 0.048958
0 0.836458 0.516146 0.043750 0.040625
0 0.122396 0.529687 0.040625 0.055208
0 0.353646 0.591146 0.051042 0.053125
0 0.114583 0.288542 0.035417 0.020833
0 0.216146 0.210417 0.036458 0.037500
0 0.809375 0.289062 0.035417 0.040625
0 0.492188 0.257292 0.048958 0.041667