0 0.790104 0.620833 0.034375 0.039583
0 0.813542 0.298438 0.039583 0.036458
0 0.657292 0.741667 0.020833 0.039583
0 0.427604 0.639583 0.042708 0.041667
0 0.100521 0.214062 0.044792 0.051042
0 0.476042 0.716667 0.050000 0.050000
0 0.912500 0.104167 0.037500 0.047917
0 0.381250 0.789583 0.045833 0.052083
0 0.407292 0.285417 0.045833 0.027083
0 0.576042 0.400000 0.035417 0.037500
0 0.438542 0.341146 0.052083 0.053125
0 0.430729 0.814063 0.030208 0.053125
0 0.884375 0.864062 0.039583 0.048958
0 0.635938 0.149479 0.044792 0.028125
0 0.138542 0.819271 0.020833 0.042708
0 0.728646 0.452083 0.053125 0.037500
0 0.169271 0.203646 0.028125 0.051042
0 0.092188 0.890104 0.038542 0.046875
0 0.182292 0.739062 0.022917 0.040625
0 0.176042 0.116146 0.035417 0.017708
0 0.472396 0.925000 0.038542 0.043750
0 0.625000 0.687500 0.037500 0.043750
0 0.105208 0.165625 0.047917 0.050000
0 0.565625 0.896354 0.039583 0.023958
0 0.767708 0.257812 0.050000 0.028125
0 0.345833 0.509896 0.047917 0.046875
0 0.754167 0.780208 0.039583 0.020833
0 0.700000 0.759896 0.041667 0.021875
0 0.671875 0.736979 0.045833 0.040625
0 0.873437 0.945833 0.023958 0.047917
0 0.623437 0.400521 0.051042 0.028125
0 0.797396 0.253125 0.032292 0.052083
0 0.098437 0.416146 0.044792 0.030208
0 0.912500 0.910417 0.047917 0.050000
0 0.909896 0.606771 0.046875 0.023958
0 0.161979 0.234896 0.048958 0.055208
0 0.935937 0.580729 0.046875 0.048958
0 0.295833 0.616146 0.050000 0.028125
0 0.743229 0.597396 0.051042 0.042708
0 0.794271 0.125000 0.040625 0.041667
0 0.587500 0.459896 0.039583 0.038542
0 0.156250 0.376042 0.037500 0.047917
0 0.421354 0.476562 0.042708 0.055208
0 0.502604 0.577604 0.030208 0.040625
0 0.161458 0.134896 0.045833 0.032292
0 0.108333 0.313542 0.039583 0.041667
0 0.533333 0.964583 0.031250 0.037500
0 0.843750 0.457292 0.037500 0.025000
0 0.875000 0.307812 0.054167 0.046875
0 0.090104 0.275521 0.030208 0.051042
0 0.891667 0.782292 0.039583 0.052083
0 0.645833 0.463542 0.033333 0.037500
0 0.104167 0.233333 0.047917 0.041667
0 0.769271 0.931250 0.042708 0.025000
0 0.538542 0.552604 0.054167 0.042708
0 0.492708 0.890104 0.041667 0.021875
0 0.808333 0.701562 0.031250 0.040625
0 0.494792 0.936979 0.054167 0.046875
0 0.293750 0.612500 0.027083 0.037500
0 0.200000 0.602604 0.050000 0.040625
0 0.522917 0.261458 0.025000 0.043750
0 0.739062 0.482292 0.042708 0.025000
0 0.585417 0.781771 0.037500 0.021875
0 0.926562 0.941146 0.030208 0.040625
0 0.459375 0.265625 0.050000 0.031250
0 0.603646 0.335938 0.044792 0.042708
0 0.838542 0.245312 0.031250 0.048958
0 0.839063 0.804688 0.036458 0.051042
0 0.780729 0.859896 0.040625 0.055208
0 0.834896 0.465104 0.040625 0.051042
0 0.521354 0.491667 0.042708 0.054167
0 0.322396 0.480208 0.051042 0.031250
0 0.867708 0.608333 0.027083 0.041667
0 0.418750 0.159896 0.033333 0.044792
0 0.421875 0.687500 0.043750 0.033333
0 0.344792 0.732292 0.037500 0.041667
0 0.431771 0.720833 0.048958 0.033333
0 0.163021 0.252083 0.038542 0.035417
0 0.778125 0.839583 0.047917 0.027083
0 0.899479 0.868229 0.046875 0.036458
0 0.755208 0.567187 0.039583 0.053125
0 0.890104 0.469271 0.051042 0.034375
0 0.329688 0.697917 0.038542 0.043750
0 0.608854 0.623437 0.048958 0.046875
0 0.416146 0.426563 0.046875 0.048958
0 0.586979 0.352604 0.023958 0.046875
0 0.553125 0.343750 0.035417 0.052083
0 0.567187 0.815104 0.040625 0.051042
0 0.761979 0.140104 0.046875 0.040625
0 0.117188 0.115625 0.026042 0.045833
0 0.896354 0.353646 0.040625 0.034375
0 0.528125 0.689583 0.039583 0.041667
0 0.239583 0.787500 0.043750 0.052083
0 0.437500 0.660937 0.045833 0.036458
0 0.949479 0.268229 0.044792 0.040625
0 0.245833 0.199479 0.047917 0.032292
0 0.547396 0.492188 0.032292 0.044792
0 0.456771 0.338542 0.044792 0.052083
0 0.584896 0.140104 0.040625 0.044792
0 0.893229 0.260417 0.042708 0.047917
0 0.944792 0.604167 0.045833 0.029167
0 0.355729 0.183333 0.053125 0.045833
0 0.199479 0.379688 0.053125 0.032292
0 0.692708 0.939063 0.039583 0.023958
0 0.861458 0.776042 0.045833 0.027083
0 0.801562 0.934375 0.048958 0.027083
0 0.923438 0.753125 0.030208 0.047917
0 0.801042 0.793750 0.041667 0.025000
0 0.527083 0.623958 0.022917 0.037500
0 0.761458 0.855208 0.027083 0.037500
0 0.194792 0.463542 0.041667 0.029167
0 0.526563 0.134896 0.040625 0.036458
0 0.126562 0.556771 0.036458 0.040625
0 0.372396 0.445312 0.044792 0.042708
0 0.870833 0.228646 0.031250 0.040625
0 0.156771 0.902604 0.053125 0.030208
0 0.450521 0.075521 0.042708 0.044792
0 0.299479 0.577083 0.048958 0.027083
0 0.907292 0.671875 0.039583 0.047917
0 0.459896 0.661458 0.053125 0.041667
0 0.734375 0.921354 0.045833 0.055208
0 0.848437 0.661979 0.042708 0.044792
0 0.169792 0.751563 0.043750 0.048958
0 0.248958 0.821354 0.050000 0.038542
0 0.387500 0.226562 0.033333 0.044792
0 0.232813 0.441146 0.040625 0.028125
0 0.580729 0.201563 0.038542 0.040625
0 0.818750 0.246875 0.041667 0.025000
0 0.921354 0.552083 0.021875 0.037500
0 0.655208 0.093229 0.029167 0.046875
0 0.499479 0.955208 0.023958 0.045833
0 0.453125 0.357812 0.050000 0.026042
0 0.082292 0.814063 0.043750 0.042708
0 0.176042 0.173437 0.045833 0.032292
0 0.561979 0.735938 0.040625 0.028125
0 0.114583 0.277604 0.043750 0.040625
0 0.184896 0.805729 0.046875 0.038542
0 0.881250 0.601042 0.039583 0.052083
0 0.686979 0.392708 0.040625 0.043750
0 0.129688 0.434375 0.044792 0.037500
0 0.469792 0.233333 0.045833 0.027083
0 0.845833 0.661979 0.033333 0.044792
0 0.144792 0.125521 0.050000 0.044792
0 0.179167 0.697396 0.039583 0.044792
0 0.654687 0.270833 0.019792 0.035417
0 0.321354 0.265625 0.044792 0.033333
0 0.766146 0.515104 0.046875 0.038542
0 0.103646 0.607292 0.053125 0.045833
0 0.635938 0.594792 0.044792 0.027083
0 0.304688 0.631250 0.046875 0.045833
0 0.528646 0.340625 0.038542 0.027083
0 0.682813 0.636979 0.030208 0.040625
0 0.557813 0.492188 0.019792 0.038542
0 0.870833 0.457813 0.029167 0.048958
0 0.841146 0.608333 0.040625 0.020833
0 0.475000 0.223438 0.041667 0.048958
0 0.236979 0.171354 0.036458 0.046875
0 0.873958 0.138542 0.037500 0.022917
0 0.738542 0.134375 0.039583 0.047917
0 0.400000 0.678646 0.041667 0.023958
0 0.831771 0.290625 0.040625 0.054167
0 0.555729 0.915104 0.038542 0.021875
0 0.632292 0.355208 0.039583 0.041667
0 0.380208 0.448437 0.039583 0.036458
0 0.877083 0.832292 0.047917 0.027083
0 0.143750 0.155729 0.039583 0.038542
0 0.914583 0.692708 0.052083 0.043750
0 0.516667 0.531771 0.037500 0.019792
0 0.800521 0.359375 0.038542 0.035417
0 0.764062 0.174479 0.038542 0.046875
0 0.956250 0.701042 0.050000 0.050000
0 0.196875 0.919271 0.037500 0.040625
0 0.197917 0.534375 0.045833 0.031250
0 0.651563 0.593229 0.046875 0.048958
0 0.207292 0.914583 0.045833 0.029167
0 0.078125 0.822917 0.043750 0.025000
0 0.113021 0.965104 0.026042 0.044792
0 0.766667 0.212500 0.025000 0.043750
0 0.809896 0.868229 0.036458 0.046875
0 0.194271 0.469792 0.028125 0.039583
0 0.380208 0.750521 0.050000 0.036458
0 0.701562 0.333333 0.023958 0.047917
0 0.432812 0.500000 0.026042 0.045833
0 0.329167 0.451562 0.045833 0.026042
0 0.486458 0.642708 0.027083 0.047917
0 0.613021 0.364583 0.032292 0.039583
0 0.762500 0.393229 0.047917 0.046875
0 0.295312 0.360417 0.046875 0.031250
0 0.291146 0.506771 0.040625 0.026042
0 0.754687 0.595833 0.026042 0.041667
0 0.411458 0.374479 0.027083 0.046875
0 0.957812 0.484896 0.034375 0.046875
0 0.660937 0.838542 0.036458 0.020833
0 0.822396 0.850521 0.040625 0.028125
0 0.259896 0.395313 0.028125 0.044792
0 0.100521 0.532292 0.048958 0.027083
0 0.703125 0.897396 0.031250 0.040625
0 0.666146 0.264062 0.036458 0.017708
0 0.491146 0.564063 0.026042 0.046875
0 0.556250 0.453646 0.031250 0.044792
0 0.557813 0.843750 0.046875 0.031250
0 0.503646 0.570833 0.042708 0.047917
0 0.798438 0.947396 0.055208 0.036458
0 0.742188 0.100521 0.044792 0.040625
0 0.527604 0.921875 0.053125 0.037500
0 0.769271 0.424479 0.044792 0.051042
0 0.164062 0.329167 0.042708 0.047917
0 0.137500 0.433333 0.037500 0.031250
0 0.903125 0.153125 0.052083 0.043750
0 0.111458 0.326562 0.029167 0.051042
0 0.140625 0.116667 0.050000 0.047917
0 0.204687 0.086458 0.042708 0.031250
0 0.970833 0.655729 0.054167 0.036458
0 0.603646 0.328125 0.048958 0.039583
0 0.786979 0.495312 0.048958 0.046875
0 0.490625 0.591667 0.033333 0.047917
0 0.408333 0.547917 0.043750 0.045833
0 0.515104 0.857812 0.040625 0.051042
0 0.268750 0.602083 0.037500 0.047917
0 0.078646 0.621875 0.042708 0.037500
0 0.554167 0.283333 0.045833 0.043750
0 0.116667 0.947917 0.033333 0.043750
0 0.775000 0.073438 0.039583 0.036458
0 0.150000 0.075000 0.047917 0.037500
0 0.113542 0.300000 0.052083 0.047917
0 0.659896 0.665625 0.044792 0.033333
0 0.438542 0.467187 0.043750 0.040625
0 0.503125 0.433854 0.020833 0.038542
0 0.782292 0.539062 0.043750 0.028125
0 0.861979 0.847396 0.038542 0.019792
0 0.621875 0.586979 0.029167 0.046875
0 0.399479 0.897917 0.038542 0.031250
0 0.156771 0.119792 0.046875 0.031250
0 0.294792 0.225000 0.029167 0.037500
0 0.383333 0.101042 0.022917 0.039583
0 0.572917 0.244792 0.035417 0.043750
0 0.636458 0.117708 0.027083 0.043750
0 0.156250 0.843750 0.029167 0.041667
0 0.922396 0.354167 0.051042 0.050000
0 0.608854 0.869271 0.048958 0.030208
0 0.672396 0.182812 0.021875 0.038542
0 0.965625 0.571354 0.039583 0.044792
0 0.875000 0.742708 0.033333 0.037500
0 0.442188 0.070833 0.038542 0.031250
0 0.345313 0.946354 0.017708 0.036458
0 0.927604 0.852604 0.038542 0.046875
0 0.676042 0.724479 0.037500 0.048958
0 0.969792 0.890104 0.054167 0.051042
0 0.782292 0.826042 0.029167 0.050000
0 0.536458 0.922917 0.041667 0.052083
0 0.619271 0.896354 0.055208 0.040625
0 0.922396 0.811979 0.042708 0.044792
0 0.473438 0.263542 0.048958 0.039583
0 0.384375 0.881250 0.037500 0.029167
0 0.278646 0.172917 0.034375 0.047917
0 0.906771 0.371354 0.040625 0.051042
0 0.432292 0.470313 0.054167 0.048958
0 0.443229 0.425521 0.023958 0.042708
0 0.076563 0.330208 0.023958 0.041667
0 0.868750 0.293229 0.039583 0.028125
0 0.410417 0.402604 0.037500 0.044792
0 0.520833 0.745313 0.039583 0.028125
0 0.728125 0.497396 0.039583 0.023958
0 0.593750 0.129688 0.039583 0.044792
0 0.291146 0.329688 0.040625 0.023958
0 0.798958 0.423438 0.041667 0.055208
0 0.177604 0.413021 0.023958 0.040625
0 0.436979 0.081250 0.038542 0.035417
0 0.616146 0.914583 0.053125 0.035417
0 0.085417 0.147917 0.029167 0.041667
0 0.259896 0.204687 0.040625 0.055208
0 0.752083 0.465625 0.041667 0.039583
0 0.423438 0.201042 0.040625 0.047917
0 0.358333 0.247917 0.047917 0.035417
0 0.738542 0.285938 0.041667 0.048958
0 0.879687 0.460417 0.051042 0.033333
0 0.705729 0.875521 0.034375 0.040625
0 0.537500 0.366146 0.045833 0.036458
0 0.735938 0.096354 0.046875 0.023958
0 0.757812 0.550000 0.042708 0.027083
0 0.896354 0.881771 0.048958 0.046875
0 0.738542 0.474479 0.031250 0.040625
0 0.313542 0.857812 0.039583 0.038542
0 0.312500 0.465104 0.050000 0.053125
0 0.853646 0.677083 0.038542 0.043750
0 0.776042 0.238021 0.037500 0.019792
0 0.470313 0.835417 0.048958 0.035417
0 0.536458 0.214062 0.047917 0.048958
0 0.856771 0.314583 0.032292 0.047917
0 0.481250 0.778646 0.029167 0.040625
0 0.415104 0.104167 0.053125 0.045833
0 0.378125 0.270313 0.033333 0.053125
0 0.239583 0.608333 0.041667 0.037500
0 0.201563 0.421875 0.038542 0.025000
0 0.667708 0.173437 0.039583 0.032292
0 0.871875 0.562500 0.047917 0.050000
0 0.802604 0.559375 0.051042 0.033333
0 0.654687 0.692187 0.030208 0.051042
0 0.254167 0.558333 0.043750 0.033333
0 0.717187 0.666146 0.040625 0.055208
0 0.135417 0.527604 0.043750 0.026042
0 0.366146 0.527604 0.055208 0.040625
0 0.660937 0.672917 0.042708 0.054167
0 0.555729 0.418229 0.051042 0.042708
0 0.682813 0.513542 0.034375 0.043750
0 0.856771 0.211458 0.048958 0.041667
0 0.273438 0.545833 0.038542 0.035417
0 0.710938 0.810417 0.048958 0.039583
0 0.711979 0.940104 0.051042 0.044792
0 0.748958 0.583333 0.050000 0.033333
0 0.710417 0.642708 0.037500 0.035417
0 0.890625 0.810937 0.047917 0.048958
0 0.235417 0.217188 0.041667 0.055208
0 0.177083 0.246875 0.041667 0.025000
0 0.456771 0.771875 0.032292 0.052083
0 0.344792 0.583333 0.020833 0.035417
0 0.923438 0.722396 0.034375 0.051042
0 0.820833 0.413542 0.052083 0.039583
0 0.828646 0.506771 0.044792 0.048958
0 0.768750 0.116146 0.039583 0.038542
0 0.411979 0.401042 0.038542 0.029167
0 0.783854 0.272917 0.030208 0.047917
0 0.804688 0.717708 0.038542 0.033333
0 0.355208 0.641146 0.031250 0.044792
0 0.207813 0.162500 0.051042 0.035417
0 0.920833 0.543229 0.050000 0.038542
0 0.956771 0.205729 0.046875 0.036458
0 0.760938 0.390625 0.038542 0.029167
0 0.509375 0.169792 0.037500 0.033333
0 0.829167 0.228646 0.041667 0.044792
0 0.583854 0.933333 0.023958 0.041667
0 0.846354 0.195833 0.040625 0.047917
0 0.103646 0.879687 0.038542 0.051042
0 0.721354 0.947917 0.038542 0.033333
0 0.714063 0.626042 0.044792 0.033333
0 0.940625 0.255208 0.037500 0.047917
0 0.563021 0.117708 0.038542 0.022917
0 0.858854 0.934896 0.046875 0.023958
0 0.475521 0.642708 0.046875 0.043750
0 0.668229 0.530208 0.032292 0.052083
0 0.612500 0.294792 0.047917 0.033333
0 0.713542 0.910417 0.037500 0.022917
0 0.302083 0.805729 0.033333 0.048958
0 0.436458 0.907292 0.052083 0.043750
0 0.213542 0.176042 0.052083 0.043750
0 0.892188 0.419792 0.042708 0.025000
0 0.669792 0.943750 0.041667 0.039583
0 0.556250 0.177604 0.033333 0.040625
0 0.341146 0.827083 0.021875 0.043750
0 0.455729 0.805208 0.038542 0.052083
0 0.785417 0.750521 0.050000 0.040625
0 0.134896 0.528125 0.048958 0.037500
0 0.799479 0.265104 0.051042 0.038542
0 0.205729 0.562500 0.044792 0.033333
0 0.802083 0.697396 0.047917 0.030208
0 0.953125 0.936979 0.045833 0.048958
0 0.729688 0.182812 0.040625 0.036458
0 0.414062 0.250000 0.034375 0.039583
0 0.268750 0.750521 0.043750 0.040625
0 0.860417 0.145833 0.041667 0.052083
0 0.210938 0.176563 0.042708 0.021875
0 0.785937 0.592187 0.046875 0.055208
0 0.165104 0.608333 0.042708 0.041667
0 0.194792 0.814063 0.043750 0.055208
0 0.718750 0.219271 0.045833 0.034375
0 0.925521 0.945312 0.044792 0.030208
0 0.531250 0.421875 0.033333 0.043750
0 0.580729 0.893229 0.040625 0.026042
0 0.203125 0.905729 0.043750 0.028125
0 0.435937 0.255208 0.048958 0.037500
0 0.227604 0.193229 0.048958 0.028125
0 0.894792 0.085417 0.045833 0.043750
0 0.460938 0.768229 0.046875 0.038542
0 0.095833 0.354167 0.047917 0.033333
0 0.504687 0.618229 0.051042 0.042708
0 0.716667 0.096354 0.045833 0.038542
0 0.870833 0.220833 0.047917 0.033333
0 0.317188 0.779167 0.048958 0.041667
0 0.491146 0.498437 0.038542 0.040625
0 0.351562 0.298438 0.051042 0.042708
0 0.603125 0.364583 0.050000 0.047917
0 0.804167 0.250521 0.045833 0.038542
0 0.385417 0.088021 0.027083 0.040625
0 0.207292 0.646875 0.043750 0.033333
0 0.399479 0.552604 0.040625 0.044792
0 0.597396 0.310417 0.023958 0.037500
0 0.865104 0.435417 0.034375 0.043750
0 0.743229 0.675000 0.038542 0.033333
0 0.584896 0.153125 0.042708 0.041667
0 0.232292 0.716146 0.031250 0.040625
0 0.492188 0.106771 0.038542 0.055208
0 0.469792 0.688021 0.027083 0.048958
0 0.192708 0.462500 0.035417 0.037500
0 0.280208 0.887500 0.025000 0.041667
0 0.130729 0.148958 0.032292 0.039583
0 0.792188 0.483854 0.046875 0.048958
0 0.779167 0.127083 0.035417 0.037500
0 0.390104 0.456771 0.036458 0.040625
0 0.067187 0.901042 0.030208 0.050000
0 0.260937 0.926562 0.042708 0.044792
0 0.330208 0.530729 0.039583 0.023958
0 0.314063 0.496354 0.046875 0.038542
0 0.322396 0.787500 0.030208 0.043750
0 0.410417 0.470313 0.045833 0.055208
0 0.903125 0.828125 0.050000 0.050000
0 0.386458 0.707292 0.037500 0.018750
0 0.879687 0.922917 0.048958 0.025000
0 0.269792 0.227083 0.052083 0.045833
0 0.783333 0.492708 0.037500 0.029167
0 0.205208 0.938021 0.039583 0.055208
0 0.662500 0.583854 0.043750 0.040625
0 0.727083 0.836979 0.041667 0.023958
0 0.396354 0.862500 0.042708 0.025000
0 0.808333 0.247396 0.041667 0.023958
0 0.892188 0.772396 0.030208 0.044792
0 0.777604 0.360938 0.038542 0.021875
0 0.335417 0.700521 0.043750 0.028125
0 0.938542 0.347917 0.037500 0.029167
0 0.502604 0.778646 0.042708 0.044792
0 0.127604 0.610417 0.019792 0.037500
0 0.495833 0.483333 0.037500 0.041667
0 0.541667 0.148958 0.020833 0.039583
0 0.395833 0.327083 0.037500 0.022917
0 0.748437 0.344792 0.034375 0.043750
0 0.713542 0.248958 0.037500 0.047917
0 0.214583 0.395833 0.033333 0.043750
0 0.730208 0.532813 0.047917 0.028125
0 0.515104 0.465625 0.048958 0.037500
0 0.357292 0.221354 0.041667 0.044792
0 0.322396 0.804167 0.044792 0.037500
0 0.716667 0.185417 0.020833 0.035417
0 0.660937 0.360938 0.055208 0.040625
0 0.152083 0.308854 0.043750 0.048958
0 0.676042 0.964063 0.027083 0.042708
0 0.213542 0.417708 0.043750 0.037500
0 0.146354 0.186458 0.048958 0.037500
0 0.820833 0.741667 0.050000 0.033333
0 0.253125 0.426042 0.020833 0.039583
0 0.917708 0.760417 0.041667 0.047917
0 0.878125 0.739583 0.050000 0.031250
0 0.079167 0.330729 0.045833 0.034375
0 0.340104 0.284896 0.038542 0.055208
0 0.386458 0.822396 0.045833 0.038542
0 0.586458 0.685417 0.031250 0.037500
0 0.736979 0.315104 0.046875 0.034375
0 0.103125 0.245833 0.043750 0.025000
0 0.377604 0.386979 0.048958 0.044792
0 0.564063 0.472396 0.040625 0.051042
0 0.129688 0.731771 0.030208 0.053125
0 0.203125 0.936979 0.047917 0.044792
0 0.272917 0.746875 0.037500 0.035417
0 0.426563 0.888542 0.040625 0.025000
0 0.800000 0.098958 0.050000 0.050000
0 0.311979 0.677604 0.051042 0.055208
0 0.846875 0.488542 0.035417 0.047917
0 0.785937 0.824479 0.046875 0.023958
0 0.771354 0.819792 0.030208 0.050000
0 0.955729 0.552604 0.055208 0.044792
0 0.161458 0.823438 0.039583 0.038542
0 0.840104 0.314583 0.048958 0.037500
0 0.274479 0.142708 0.042708 0.031250
0 0.260417 0.646354 0.050000 0.053125
0 0.078646 0.733333 0.040625 0.054167
0 0.447396 0.868229 0.023958 0.042708
0 0.917188 0.621354 0.042708 0.044792
0 0.880208 0.354687 0.052083 0.030208
0 0.259375 0.753125 0.043750 0.035417
0 0.686458 0.628646 0.050000 0.038542
0 0.760417 0.228125 0.043750 0.033333
0 0.577083 0.182292 0.037500 0.047917
0 0.523438 0.397396 0.040625 0.019792
0 0.905208 0.151042 0.041667 0.039583
0 0.376563 0.075000 0.044792 0.022917
0 0.268229 0.729167 0.038542 0.033333
0 0.299479 0.405729 0.034375 0.053125
0 0.863021 0.277604 0.055208 0.040625
0 0.642188 0.385937 0.044792 0.040625
0 0.831250 0.948958 0.037500 0.033333
0 0.169792 0.323958 0.045833 0.045833
0 0.132812 0.206771 0.030208 0.053125
0 0.253125 0.174479 0.037500 0.040625
0 0.773438 0.645833 0.048958 0.027083
0 0.518750 0.313542 0.018750 0.035417
0 0.513021 0.896875 0.036458 0.020833
0 0.461979 0.152083 0.038542 0.043750
0 0.238021 0.803125 0.046875 0.027083
0 0.309375 0.307812 0.043750 0.042708
0 0.367188 0.680208 0.044792 0.047917
0 0.392188 0.260417 0.048958 0.039583
0 0.862500 0.332292 0.052083 0.041667
0 0.792708 0.196354 0.031250 0.040625
0 0.403125 0.534375 0.037500 0.033333
0 0.188021 0.073438 0.053125 0.030208
0 0.252604 0.165625 0.042708 0.027083
0 0.371354 0.230729 0.040625 0.034375
0 0.206250 0.556771 0.031250 0.040625
0 0.565104 0.243750 0.019792 0.037500
0 0.200000 0.141667 0.047917 0.037500
0 0.562500 0.765104 0.027083 0.046875
0 0.931250 0.220312 0.037500 0.044792
0 0.252083 0.314583 0.041667 0.047917
0 0.664583 0.337500 0.041667 0.039583
0 0.650000 0.335938 0.035417 0.040625
0 0.906771 0.089063 0.026042 0.040625
0 0.345313 0.705729 0.028125 0.051042
0 0.565104 0.814063 0.048958 0.048958
0 0.212500 0.940625 0.037500 0.022917
0 0.968750 0.196875 0.041667 0.029167
0 0.873958 0.511979 0.041667 0.055208
0 0.438021 0.760938 0.042708 0.044792
0 0.417187 0.074479 0.051042 0.040625
0 0.754687 0.336979 0.040625 0.023958
0 0.690104 0.812500 0.053125 0.035417
0 0.730729 0.397396 0.046875 0.038542
0 0.543750 0.648438 0.031250 0.044792
0 0.157812 0.181250 0.036458 0.018750
0 0.706250 0.768229 0.033333 0.040625
0 0.277604 0.770312 0.051042 0.036458
0 0.960417 0.906250 0.041667 0.027083
0 0.734896 0.396875 0.038542 0.029167
0 0.398958 0.441146 0.050000 0.053125
0 0.766146 0.934896 0.040625 0.055208
0 0.369271 0.216146 0.028125 0.048958
0 0.760417 0.414062 0.031250 0.040625
0 0.377604 0.419271 0.053125 0.053125
0 0.918750 0.515625 0.047917 0.025000
0 0.611979 0.299479 0.042708 0.055208
0 0.917188 0.785937 0.046875 0.032292
0 0.182812 0.184375 0.042708 0.047917
0 0.180208 0.966667 0.039583 0.041667
0 0.667188 0.522917 0.019792 0.035417
0 0.550521 0.596354 0.034375 0.053125
0 0.332813 0.837500 0.044792 0.022917
0 0.738021 0.352083 0.032292 0.052083
0 0.176563 0.626563 0.038542 0.046875
0 0.369271 0.795312 0.040625 0.026042
0 0.248958 0.800000 0.022917 0.037500
0 0.638542 0.381771 0.043750 0.028125
0 0.413021 0.283333 0.040625 0.022917
0 0.141667 0.708333 0.052083 0.033333
0 0.126562 0.317188 0.046875 0.048958
0 0.611458 0.753646 0.050000 0.038542
0 0.233854 0.865104 0.026042 0.044792