0 0.924479 0.236979 0.040625 0.023958
0 0.192188 0.635938 0.048958 0.032292
0 0.142708 0.218229 0.054167 0.038542
0 0.079167 0.868229 0.031250 0.040625
0 0.291667 0.690104 0.050000 0.028125
0 0.159375 0.725521 0.039583 0.053125
0 0.528125 0.876563 0.033333 0.044792
0 0.688021 0.136458 0.036458 0.043750
0 0.169792 0.490625 0.047917 0.039583
0 0.225000 0.264062 0.035417 0.040625
0 0.221875 0.618750 0.043750 0.037500
0 0.068750 0.272396 0.025000 0.038542
0 0.625521 0.126042 0.036458 0.043750
0 0.470833 0.522396 0.054167 0.051042
0 0.872917 0.163021 0.039583 0.044792
0 0.484896 0.754687 0.055208 0.040625
0 0.380729 0.218750 0.040625 0.041667
0 0.119792 0.654687 0.033333 0.053125
0 0.615104 0.558333 0.034375 0.043750
0 0.152604 0.920833 0.034375 0.016667
0 0.620313 0.414062 0.055208 0.048958
0 0.401562 0.122396 0.023958 0.042708
0 0.609375 0.401042 0.025000 0.037500
0 0.718750 0.144792 0.043750 0.033333
0 0.415625 0.150521 0.041667 0.055208
0 0.342187 0.208333 0.036458 0.043750
0 0.491146 0.932813 0.021875 0.042708
0 0.394792 0.114062 0.041667 0.044792
0 0.265625 0.851042 0.031250 0.037500
0 0.214062 0.917708 0.034375 0.043750
0 0.157292 0.150000 0.025000 0.041667
0 0.229687 0.951042 0.048958 0.041667
0 0.790104 0.112500 0.053125 0.039583
0 0.234375 0.669271 0.037500 0.044792
0 0.506250 0.165625 0.043750 0.033333
0 0.570833 0.914583 0.039583 0.020833
0 0.740625 0.187500 0.037500 0.027083
0 0.508333 0.575521 0.039583 0.030208
0 0.245833 0.552604 0.047917 0.053125
0 0.891667 0.434896 0.029167 0.051042
0 0.592708 0.145313 0.037500 0.040625
0 0.458854 0.328646 0.048958 0.046875
0 0.111458 0.169271 0.045833 0.026042
0 0.438021 0.247917 0.051042 0.047917
0 0.869271 0.399479 0.051042 0.053125
0 0.737500 0.731250 0.043750 0.045833
0 0.148958 0.339062 0.031250 0.051042
0 0.161979 0.470833 0.042708 0.037500
0 0.770312 0.481771 0.040625 0.055208
0 0.701042 0.405729 0.037500 0.038542
0 0.454688 0.223958 0.046875 0.052083
0 0.828125 0.289062 0.039583 0.038542
0 0.178646 0.898958 0.036458 0.052083
0 0.700521 0.181250 0.023958 0.047917
0 0.695312 0.238021 0.051042 0.030208
0 0.221875 0.367188 0.050000 0.044792
0 0.560417 0.708854 0.054167 0.046875
0 0.315104 0.906771 0.034375 0.046875
0 0.341146 0.949479 0.023958 0.038542
0 0.451042 0.792708 0.039583 0.041667
0 0.613542 0.839583 0.047917 0.027083
0 0.562500 0.111979 0.037500 0.023958
0 0.796875 0.502604 0.020833 0.042708
0 0.625521 0.804167 0.038542 0.029167
0 0.847396 0.911979 0.040625 0.051042
0 0.333333 0.077604 0.037500 0.019792
0 0.934375 0.690104 0.027083 0.046875
0 0.203125 0.163542 0.041667 0.052083
0 0.744792 0.600521 0.047917 0.053125
0 0.084375 0.791146 0.054167 0.038542
0 0.451562 0.106771 0.040625 0.026042
0 0.305208 0.587500 0.047917 0.033333
0 0.954167 0.357292 0.027083 0.037500
0 0.900000 0.413021 0.045833 0.034375
0 0.366667 0.503646 0.033333 0.040625
0 0.661458 0.561979 0.045833 0.036458
0 0.913021 0.591667 0.053125 0.039583
0 0.249479 0.565625 0.028125 0.039583
0 0.825521 0.825000 0.048958 0.041667
0 0.135417 0.484375 0.037500 0.047917
0 0.323958 0.846875 0.025000 0.037500
0 0.246875 0.633333 0.047917 0.035417
0 0.596354 0.245833 0.038542 0.031250
0 0.399479 0.515625 0.038542 0.027083
0 0.453125 0.477604 0.054167 0.042708
0 0.946354 0.546354 0.046875 0.036458
0 0.336979 0.514062 0.026042 0.044792
0 0.448437 0.485938 0.034375 0.040625
0 0.620833 0.595313 0.041667 0.044792
0 0.488021 0.415104 0.036458 0.046875
0 0.442188 0.091146 0.042708 0.055208
0 0.847396 0.297396 0.034375 0.040625
0 0.526563 0.556250 0.046875 0.052083
0 0.166146 0.679167 0.044792 0.022917
0 0.712500 0.170833 0.050000 0.031250
0 0.936458 0.123958 0.029167 0.045833
0 0.185938 0.705729 0.030208 0.051042
0 0.828646 0.100521 0.038542 0.046875
0 0.954688 0.859896 0.051042 0.055208
0 0.937500 0.800521 0.029167 0.046875
0 0.873958 0.160938 0.050000 0.038542
0 0.765625 0.348438 0.037500 0.038542
0 0.100000 0.527604 0.025000 0.046875
0 0.181250 0.193229 0.045833 0.048958
0 0.291667 0.457813 0.039583 0.026042
0 0.775000 0.959375 0.035417 0.047917
0 0.458854 0.230729 0.023958 0.040625
0 0.911458 0.072396 0.045833 0.034375
0 0.785937 0.790104 0.032292 0.048958
0 0.101562 0.894271 0.038542 0.051042
0 0.466146 0.558854 0.040625 0.034375
0 0.330208 0.481250 0.047917 0.050000
0 0.428646 0.668229 0.055208 0.044792
0 0.426563 0.218229 0.046875 0.036458
0 0.432812 0.681771 0.046875 0.028125
0 0.134375 0.549479 0.035417 0.048958
0 0.628125 0.294271 0.027083 0.040625
0 0.819271 0.390625 0.051042 0.029167
0 0.396875 0.573438 0.039583 0.026042
0 0.705208 0.638542 0.050000 0.047917
0 0.703125 0.777083 0.035417 0.047917
0 0.418750 0.672917 0.041667 0.027083
0 0.880208 0.373437 0.054167 0.038542
0 0.278646 0.181250 0.040625 0.047917
0 0.479167 0.659375 0.025000 0.041667
0 0.293229 0.241667 0.030208 0.047917
0 0.930208 0.327604 0.039583 0.028125
0 0.619271 0.639583 0.038542 0.052083
0 0.888021 0.383333 0.044792 0.025000
0 0.533333 0.580208 0.029167 0.050000
0 0.533854 0.908333 0.023958 0.043750
0 0.493229 0.601042 0.023958 0.047917
0 0.090104 0.891667 0.042708 0.025000
0 0.179167 0.158854 0.031250 0.040625
0 0.230729 0.703646 0.038542 0.055208
0 0.790104 0.277083 0.048958 0.035417
0 0.411979 0.687500 0.040625 0.041667
0 0.485938 0.764062 0.044792 0.026042
0 0.473438 0.893750 0.036458 0.037500
0 0.223958 0.652604 0.039583 0.034375
0 0.127083 0.661979 0.035417 0.040625
0 0.930729 0.498437 0.040625 0.034375
0 0.358333 0.340104 0.039583 0.026042
0 0.942187 0.415104 0.036458 0.040625
0 0.961979 0.169271 0.044792 0.042708
0 0.603125 0.109896 0.022917 0.046875
0 0.506250 0.888542 0.052083 0.041667
0 0.215104 0.062500 0.040625 0.020833
0 0.381250 0.899479 0.043750 0.030208
0 0.846354 0.130208 0.048958 0.037500
0 0.498958 0.211979 0.054167 0.048958
0 0.268750 0.570312 0.054167 0.042708
0 0.431250 0.918229 0.039583 0.030208
0 0.894792 0.159896 0.041667 0.048958
0 0.322396 0.472917 0.042708 0.033333
0 0.671354 0.723437 0.032292 0.048958
0 0.466146 0.221354 0.030208 0.044792
0 0.673438 0.554688 0.040625 0.055208
0 0.674479 0.416146 0.044792 0.040625
0 0.320312 0.118750 0.044792 0.025000
0 0.650521 0.331250 0.046875 0.045833
0 0.278125 0.385937 0.054167 0.042708
0 0.465104 0.328646 0.046875 0.040625
0 0.961979 0.203646 0.055208 0.038542
0 0.328646 0.881771 0.044792 0.042708
0 0.801562 0.970313 0.055208 0.046875
0 0.344792 0.366667 0.041667 0.037500
0 0.524479 0.508854 0.046875 0.026042
0 0.118229 0.207813 0.040625 0.036458
0 0.560417 0.525000 0.045833 0.045833
0 0.368229 0.558854 0.044792 0.051042
0 0.273438 0.574479 0.040625 0.036458
0 0.820312 0.164583 0.034375 0.047917
0 0.662500 0.167187 0.031250 0.044792
0 0.540104 0.194792 0.048958 0.041667
0 0.887500 0.610938 0.033333 0.040625
0 0.917188 0.585417 0.042708 0.027083
0 0.462500 0.525521 0.035417 0.044792
0 0.603125 0.209896 0.035417 0.044792
0 0.112500 0.631250 0.039583 0.041667
0 0.142187 0.193229 0.028125 0.046875
0 0.488542 0.960938 0.045833 0.026042
0 0.134896 0.706250 0.046875 0.029167
0 0.180729 0.495833 0.042708 0.037500
0 0.106771 0.593750 0.028125 0.045833
0 0.719271 0.250521 0.042708 0.051042
0 0.219271 0.228646 0.040625 0.030208
0 0.641146 0.134896 0.051042 0.053125
0 0.882292 0.200000 0.027083 0.041667
0 0.830208 0.748958 0.027083 0.047917
0 0.367188 0.686458 0.046875 0.031250
0 0.655208 0.224479 0.031250 0.048958
0 0.385937 0.356771 0.034375 0.040625
0 0.787500 0.552604 0.031250 0.044792
0 0.413542 0.776042 0.041667 0.031250
0 0.772917 0.541146 0.031250 0.051042
0 0.654167 0.621354 0.039583 0.036458
0 0.371354 0.967187 0.036458 0.040625
0 0.793750 0.669792 0.052083 0.043750
0 0.724479 0.604688 0.053125 0.034375
0 0.526563 0.543229 0.036458 0.046875
0 0.677604 0.539583 0.021875 0.037500
0 0.765625 0.410417 0.039583 0.041667
0 0.959896 0.291667 0.038542 0.033333
0 0.095312 0.677604 0.030208 0.053125
0 0.509375 0.382292 0.037500 0.033333
0 0.071875 0.536458 0.037500 0.041667
0 0.129167 0.609896 0.039583 0.036458
0 0.485938 0.627083 0.044792 0.047917
0 0.711458 0.732292 0.043750 0.035417
0 0.879687 0.723958 0.030208 0.039583
0 0.436458 0.697917 0.047917 0.052083
0 0.308333 0.851562 0.039583 0.030208
0 0.608333 0.667708 0.033333 0.037500
0 0.379688 0.245312 0.051042 0.028125
0 0.589583 0.188542 0.052083 0.039583
0 0.183333 0.500521 0.050000 0.042708
0 0.346875 0.634896 0.045833 0.026042
0 0.598958 0.353125 0.035417 0.043750
0 0.863542 0.859896 0.050000 0.034375
0 0.610938 0.176042 0.053125 0.043750
0 0.574479 0.807813 0.028125 0.040625
0 0.561458 0.463021 0.045833 0.048958
0 0.099479 0.891667 0.038542 0.047917
0 0.691146 0.743750 0.026042 0.039583
0 0.096354 0.420833 0.021875 0.037500
0 0.534375 0.542708 0.033333 0.037500
0 0.537500 0.825000 0.050000 0.050000
0 0.358333 0.341667 0.027083 0.045833
0 0.184375 0.253646 0.039583 0.026042
0 0.649479 0.494792 0.042708 0.037500
0 0.892708 0.300000 0.037500 0.029167
0 0.785417 0.709896 0.045833 0.026042
0 0.814583 0.748958 0.045833 0.043750
0 0.097917 0.502083 0.039583 0.041667
0 0.693750 0.601042 0.033333 0.047917
0 0.223438 0.576042 0.026042 0.050000
0 0.849479 0.270833 0.032292 0.043750
0 0.453646 0.272917 0.040625 0.041667
0 0.167187 0.147917 0.038542 0.031250
0 0.602083 0.092708 0.047917 0.027083
0 0.853125 0.250000 0.047917 0.027083
0 0.564583 0.745833 0.052083 0.045833
0 0.509896 0.869792 0.048958 0.035417
0 0.836979 0.563542 0.028125 0.050000
0 0.290625 0.435937 0.047917 0.032292
0 0.684896 0.450521 0.044792 0.055208
0 0.437500 0.611979 0.027083 0.046875
0 0.661458 0.271354 0.025000 0.038542
0 0.345833 0.856250 0.047917 0.037500
0 0.433333 0.732292 0.045833 0.029167
0 0.249479 0.076563 0.051042 0.028125
0 0.106250 0.297917 0.045833 0.029167
0 0.872396 0.797917 0.019792 0.037500
0 0.150000 0.367708 0.043750 0.045833
0 0.709896 0.705729 0.051042 0.042708
0 0.086979 0.771875 0.053125 0.041667
0 0.640104 0.397396 0.048958 0.055208
0 0.926042 0.378646 0.045833 0.048958
0 0.202604 0.929167 0.044792 0.045833
0 0.432812 0.955208 0.028125 0.039583
0 0.786458 0.173437 0.045833 0.055208
0 0.548958 0.923438 0.033333 0.040625
0 0.868750 0.920312 0.050000 0.053125
0 0.951042 0.959896 0.033333 0.040625
0 0.071875 0.197396 0.031250 0.051042
0 0.092188 0.526563 0.030208 0.053125
0 0.614062 0.594271 0.040625 0.023958
0 0.825521 0.592708 0.042708 0.031250
0 0.096875 0.071354 0.054167 0.038542
0 0.488021 0.597396 0.040625 0.038542
0 0.942708 0.440104 0.039583 0.030208
0 0.716667 0.770833 0.043750 0.052083
0 0.901042 0.661458 0.031250 0.045833
0 0.361458 0.746875 0.047917 0.039583
0 0.435417 0.533854 0.035417 0.044792
0 0.165104 0.690104 0.053125 0.053125
0 0.528125 0.678125 0.025000 0.039583
0 0.471354 0.228646 0.028125 0.040625
0 0.653646 0.806250 0.026042 0.039583
0 0.707292 0.356250 0.043750 0.025000
0 0.777083 0.328125 0.035417 0.037500
0 0.758854 0.788542 0.040625 0.022917
0 0.902083 0.154688 0.035417 0.053125
0 0.514583 0.881771 0.047917 0.053125
0 0.634375 0.247917 0.052083 0.045833
0 0.227604 0.310937 0.053125 0.032292
0 0.896354 0.605729 0.040625 0.055208
0 0.449479 0.484896 0.046875 0.048958
0 0.409896 0.144271 0.053125 0.053125
0 0.445833 0.268229 0.031250 0.044792
0 0.572396 0.798438 0.040625 0.034375
0 0.760417 0.560417 0.052083 0.047917
0 0.652604 0.702083 0.051042 0.047917
0 0.401042 0.521354 0.043750 0.055208
0 0.720833 0.972917 0.029167 0.050000
0 0.302083 0.546875 0.037500 0.031250
0 0.101562 0.945833 0.048958 0.052083
0 0.824479 0.652083 0.048958 0.039583
0 0.301042 0.576042 0.037500 0.018750
0 0.125000 0.526563 0.045833 0.032292
0 0.102083 0.598958 0.047917 0.039583
0 0.490104 0.758854 0.044792 0.042708
0 0.298438 0.637500 0.038542 0.037500
0 0.848437 0.148438 0.051042 0.026042
0 0.465104 0.920833 0.038542 0.031250
0 0.438021 0.794792 0.036458 0.043750
0 0.727083 0.656250 0.031250 0.045833
0 0.098437 0.747396 0.048958 0.032292
0 0.435937 0.871354 0.034375 0.040625
0 0.876042 0.922917 0.047917 0.050000
0 0.219792 0.655208 0.052083 0.047917
0 0.790104 0.116146 0.055208 0.048958
0 0.190104 0.454167 0.044792 0.052083
0 0.850521 0.607292 0.038542 0.029167
0 0.121875 0.903646 0.025000 0.038542
0 0.216146 0.522917 0.040625 0.020833
0 0.366667 0.862500 0.033333 0.047917
0 0.644271 0.784375 0.032292 0.047917
0 0.790625 0.588021 0.039583 0.048958
0 0.294271 0.911458 0.051042 0.050000
0 0.428646 0.597917 0.034375 0.039583
0 0.626042 0.564583 0.033333 0.016667
0 0.767708 0.661979 0.027083 0.048958
0 0.967187 0.757812 0.051042 0.040625
0 0.292708 0.482292 0.045833 0.045833
0 0.888021 0.598958 0.042708 0.020833
0 0.178125 0.771875 0.052083 0.037500
0 0.502604 0.457292 0.042708 0.029167
0 0.787500 0.598437 0.027083 0.040625
0 0.580729 0.923958 0.046875 0.031250
0 0.961979 0.700521 0.036458 0.055208
0 0.732292 0.260937 0.031250 0.051042
0 0.420312 0.765104 0.040625 0.023958
0 0.809375 0.576042 0.022917 0.039583
0 0.780208 0.932292 0.037500 0.033333
0 0.944271 0.921354 0.032292 0.040625
0 0.427604 0.502083 0.048958 0.039583
0 0.756250 0.357812 0.037500 0.038542
0 0.365104 0.734896 0.034375 0.040625
0 0.766667 0.840625 0.027083 0.045833
0 0.134896 0.268750 0.044792 0.033333
0 0.826042 0.493229 0.020833 0.036458
0 0.314583 0.411458 0.043750 0.052083
0 0.382812 0.501042 0.044792 0.025000
0 0.815625 0.879167 0.045833 0.052083
0 0.572917 0.811979 0.020833 0.038542
0 0.602083 0.740104 0.043750 0.042708
0 0.698958 0.799479 0.027083 0.042708
0 0.250521 0.570833 0.042708 0.037500
0 0.482292 0.806250 0.033333 0.037500
0 0.852604 0.260937 0.051042 0.044792
0 0.701042 0.221875 0.041667 0.031250
0 0.796875 0.720833 0.041667 0.047917
0 0.308854 0.652604 0.055208 0.042708
0 0.343750 0.245312 0.052083 0.034375
0 0.710938 0.527604 0.046875 0.023958
0 0.448437 0.886458 0.036458 0.037500
0 0.651042 0.579688 0.031250 0.044792
0 0.598437 0.191667 0.030208 0.050000
0 0.734375 0.548438 0.054167 0.044792
0 0.371875 0.311979 0.031250 0.040625
0 0.314063 0.627083 0.038542 0.022917
0 0.475521 0.086979 0.055208 0.042708
0 0.089583 0.442188 0.054167 0.046875
0 0.698438 0.148958 0.038542 0.025000
0 0.669271 0.609896 0.044792 0.042708
0 0.864062 0.686458 0.030208 0.043750
0 0.235937 0.714583 0.021875 0.043750
0 0.579167 0.171875 0.033333 0.016667
0 0.236458 0.855208 0.035417 0.037500
0 0.109896 0.315104 0.023958 0.042708
0 0.244271 0.468229 0.044792 0.028125
0 0.663542 0.604167 0.022917 0.045833
0 0.586458 0.919271 0.045833 0.032292
0 0.326042 0.158333 0.025000 0.043750
0 0.807292 0.904167 0.045833 0.052083
0 0.573438 0.910937 0.036458 0.046875
0 0.108333 0.851042 0.045833 0.052083
0 0.336979 0.309896 0.044792 0.040625
0 0.851042 0.850521 0.035417 0.044792
0 0.166667 0.356771 0.050000 0.028125
0 0.487500 0.965104 0.054167 0.048958
0 0.144271 0.178646 0.046875 0.048958
0 0.103646 0.602604 0.040625 0.030208
0 0.768750 0.172917 0.045833 0.031250
0 0.601562 0.826562 0.038542 0.046875
0 0.287500 0.680208 0.037500 0.025000
0 0.348958 0.148958 0.045833 0.043750
0 0.864583 0.719792 0.037500 0.025000
0 0.889062 0.579688 0.036458 0.051042
0 0.716667 0.735938 0.035417 0.040625
0 0.569271 0.623437 0.046875 0.026042
0 0.127083 0.684375 0.037500 0.033333
0 0.489583 0.570312 0.041667 0.048958
0 0.407292 0.790104 0.025000 0.038542
0 0.904167 0.632812 0.029167 0.046875
0 0.924479 0.481771 0.046875 0.040625
0 0.678646 0.138021 0.034375 0.040625
0 0.680208 0.572396 0.041667 0.044792
0 0.557292 0.852604 0.041667 0.044792
0 0.226042 0.883854 0.025000 0.046875
0 0.197917 0.456771 0.022917 0.040625
0 0.782813 0.871875 0.042708 0.025000
0 0.606771 0.747396 0.032292 0.040625
0 0.443750 0.108333 0.035417 0.018750
0 0.440625 0.344792 0.033333 0.037500
0 0.159896 0.638542 0.023958 0.037500
0 0.480208 0.758333 0.035417 0.020833
0 0.672396 0.464583 0.034375 0.039583
0 0.800000 0.241146 0.033333 0.053125
0 0.236458 0.209896 0.033333 0.040625
0 0.436458 0.233333 0.041667 0.039583
0 0.104167 0.469792 0.043750 0.031250
0 0.815104 0.395313 0.046875 0.034375
0 0.487500 0.285417 0.035417 0.047917
0 0.320312 0.665625 0.038542 0.025000
0 0.070833 0.411458 0.037500 0.025000
0 0.950000 0.916146 0.052083 0.051042
0 0.825521 0.130729 0.040625 0.036458
0 0.251563 0.142708 0.034375 0.016667
0 0.897396 0.480208 0.042708 0.025000
0 0.613021 0.197396 0.051042 0.044792
0 0.941146 0.190625 0.038542 0.047917
0 0.645312 0.120833 0.053125 0.041667
0 0.592708 0.156771 0.022917 0.038542
0 0.808854 0.074479 0.046875 0.038542
0 0.120313 0.731250 0.030208 0.039583
0 0.552604 0.761458 0.032292 0.043750
0 0.711979 0.556771 0.034375 0.040625
0 0.415625 0.107292 0.041667 0.039583
0 0.183333 0.713542 0.031250 0.037500
0 0.863021 0.237500 0.032292 0.039583
0 0.197396 0.797396 0.053125 0.051042
0 0.595313 0.170313 0.055208 0.044792
0 0.492708 0.543229 0.054167 0.036458
0 0.348958 0.160938 0.054167 0.048958
0 0.570833 0.875000 0.031250 0.041667
0 0.463021 0.156250 0.034375 0.039583
0 0.428646 0.510417 0.030208 0.039583
0 0.104688 0.735938 0.023958 0.042708
0 0.540625 0.743750 0.039583 0.047917
0 0.334375 0.116146 0.043750 0.030208
0 0.654687 0.359375 0.038542 0.043750
0 0.853646 0.378125 0.040625 0.047917
0 0.501563 0.099479 0.032292 0.040625
0 0.645833 0.119792 0.027083 0.041667
0 0.776563 0.072917 0.038542 0.031250
0 0.335417 0.651563 0.035417 0.040625
0 0.337500 0.711979 0.054167 0.040625
0 0.244792 0.685937 0.039583 0.038542
0 0.151562 0.809375 0.030208 0.039583
0 0.297396 0.573958 0.042708 0.037500
0 0.714583 0.140625 0.035417 0.018750
0 0.398438 0.469271 0.046875 0.048958
0 0.093750 0.294271 0.039583 0.034375
0 0.113542 0.382292 0.022917 0.037500
0 0.442708 0.566667 0.052083 0.043750
0 0.609375 0.828125 0.045833 0.022917
0 0.455208 0.473958 0.037500 0.052083
0 0.592187 0.567708 0.040625 0.054167
0 0.646875 0.193750 0.050000 0.047917
0 0.828125 0.282292 0.052083 0.045833
0 0.309375 0.920833 0.031250 0.045833
0 0.194271 0.237500 0.048958 0.035417
0 0.774479 0.892188 0.034375 0.046875
0 0.631771 0.271354 0.055208 0.046875
0 0.155208 0.731771 0.045833 0.038542
0 0.304688 0.125000 0.040625 0.020833
0 0.701562 0.761979 0.051042 0.036458
0 0.423438 0.083333 0.051042 0.050000
0 0.955208 0.244792 0.039583 0.041667
0 0.739062 0.840625 0.048958 0.039583
0 0.304688 0.813542 0.046875 0.027083
0 0.341667 0.209896 0.039583 0.038542
0 0.418750 0.718750 0.039583 0.047917
0 0.457292 0.468229 0.043750 0.026042
0 0.665104 0.928125 0.046875 0.043750
0 0.937500 0.087500 0.037500 0.033333
0 0.484375 0.920833 0.050000 0.029167
0 0.286979 0.408854 0.046875 0.038542
0 0.600000 0.252083 0.043750 0.045833
0 0.393750 0.146875 0.045833 0.029167
0 0.464583 0.608854 0.029167 0.051042
0 0.567708 0.668750 0.033333 0.052083
0 0.486458 0.355729 0.045833 0.048958
0 0.618229 0.071354 0.053125 0.032292
0 0.353646 0.228646 0.048958 0.044792
0 0.556250 0.185417 0.037500 0.052083
0 0.827083 0.707292 0.037500 0.022917
0 0.482292 0.201042 0.045833 0.052083
0 0.797917 0.761458 0.052083 0.041667
0 0.373958 0.357292 0.037500 0.035417
0 0.898438 0.928646 0.046875 0.055208
0 0.376563 0.411979 0.032292 0.040625
0 0.229687 0.215625 0.038542 0.027083
0 0.892708 0.768229 0.050000 0.028125
0 0.388542 0.198437 0.029167 0.051042
0 0.958333 0.879167 0.035417 0.047917
0 0.425521 0.664062 0.046875 0.026042
0 0.506250 0.475521 0.045833 0.036458
0 0.816667 0.166667 0.029167 0.050000
0 0.440625 0.616146 0.020833 0.040625
0 0.735417 0.467187 0.045833 0.034375
0 0.521875 0.203646 0.054167 0.044792
0 0.894792 0.929688 0.045833 0.040625
0 0.277604 0.409896 0.046875 0.055208
0 0.225000 0.130729 0.050000 0.040625
0 0.686458 0.383854 0.022917 0.044792
0 0.400521 0.458854 0.044792 0.040625
0 0.360938 0.296354 0.046875 0.023958
0 0.641146 0.433333 0.038542 0.029167
0 0.090104 0.249479 0.046875 0.034375
0 0.158333 0.090625 0.020833 0.039583
0 0.794792 0.291146 0.039583 0.044792
0 0.692187 0.426563 0.051042 0.053125
0 0.816667 0.284896 0.022917 0.040625
0 0.217188 0.621354 0.038542 0.040625
0 0.093750 0.797396 0.027083 0.040625
0 0.371875 0.408854 0.054167 0.038542
0 0.141146 0.411979 0.048958 0.046875
0 0.762500 0.770833 0.043750 0.031250
0 0.422396 0.677604 0.032292 0.053125
0 0.630208 0.332813 0.020833 0.036458
0 0.474479 0.701562 0.034375 0.040625
0 0.275000 0.623958 0.037500 0.052083
0 0.399479 0.275521 0.040625 0.026042
0 0.317188 0.239583 0.038542 0.043750
0 0.214583 0.191146 0.054167 0.036458
0 0.659896 0.826562 0.040625 0.055208
0 0.627083 0.765104 0.037500 0.038542
0 0.429167 0.782813 0.033333 0.044792
0 0.183333 0.657292 0.052083 0.039583
0 0.934896 0.315104 0.046875 0.048958
0 0.491146 0.321354 0.040625 0.030208
0 0.150521 0.735938 0.044792 0.032292
0 0.489063 0.648438 0.046875 0.038542
0 0.770312 0.793750 0.038542 0.029167
0 0.275521 0.442708 0.038542 0.033333
0 0.209896 0.092188 0.032292 0.044792
0 0.677083 0.653125 0.045833 0.022917
0 0.678125 0.421875 0.037500 0.041667
0 0.951562 0.619792 0.046875 0.045833
0 0.283333 0.769271 0.027083 0.040625
0 0.316146 0.885938 0.023958 0.042708
0 0.330208 0.827604 0.039583 0.030208
0 0.845313 0.370833 0.032292 0.047917
0 0.700000 0.932292 0.037500 0.029167
0 0.631250 0.439063 0.054167 0.051042
0 0.508854 0.522396 0.042708 0.055208
0 0.085938 0.827604 0.034375 0.046875
0 0.888542 0.919271 0.045833 0.026042
0 0.809896 0.097396 0.023958 0.042708
0 0.386458 0.390625 0.039583 0.041667
0 0.719271 0.273958 0.030208 0.043750
0 0.440625 0.663542 0.039583 0.020833
0 0.589583 0.415625 0.025000 0.041667
0 0.900000 0.224479 0.031250 0.044792
0 0.188542 0.558854 0.027083 0.040625
0 0.493229 0.155208 0.042708 0.039583
0 0.678646 0.537500 0.032292 0.043750
0 0.384375 0.440625 0.037500 0.029167
0 0.655729 0.783854 0.046875 0.038542
0 0.801562 0.667708 0.053125 0.039583