0 0.338021 0.769271 0.030208 0.048958
0 0.248438 0.448437 0.048958 0.055208
0 0.814063 0.419792 0.042708 0.039583
0 0.081250 0.768229 0.025000 0.046875
0 0.527604 0.707292 0.046875 0.043750
0 0.201042 0.561458 0.037500 0.029167
0 0.116667 0.568750 0.027083 0.037500
0 0.682813 0.317188 0.038542 0.046875
0 0.431771 0.311979 0.040625 0.026042
0 0.936458 0.835938 0.031250 0.040625
0 0.488542 0.321354 0.050000 0.053125
0 0.822396 0.070312 0.042708 0.023958
0 0.526042 0.187500 0.037500 0.035417
0 0.169271 0.838542 0.040625 0.054167
0 0.294271 0.658854 0.046875 0.048958
0 0.554167 0.903646 0.043750 0.055208
0 0.882292 0.875521 0.041667 0.044792
0 0.955208 0.360938 0.043750 0.055208
0 0.723958 0.679167 0.041667 0.039583
0 0.420312 0.925000 0.023958 0.041667
0 0.468229 0.134375 0.048958 0.052083
0 0.427604 0.239063 0.055208 0.036458
0 0.532292 0.186458 0.022917 0.045833
0 0.234896 0.592187 0.034375 0.040625
0 0.249479 0.111458 0.038542 0.033333
0 0.804688 0.490625 0.026042 0.045833
0 0.598437 0.717708 0.036458 0.022917
0 0.818229 0.580729 0.044792 0.040625
0 0.503125 0.739583 0.045833 0.031250
0 0.156250 0.172917 0.033333 0.050000
0 0.498437 0.148438 0.038542 0.051042
0 0.352083 0.789583 0.047917 0.039583
0 0.399479 0.800521 0.038542 0.046875
0 0.245833 0.357292 0.052083 0.039583
0 0.073438 0.506771 0.023958 0.042708
0 0.333854 0.234896 0.021875 0.038542
0 0.291667 0.418229 0.039583 0.026042
0 0.496354 0.530729 0.044792 0.055208
0 0.352604 0.586458 0.026042 0.045833
0 0.734896 0.208333 0.044792 0.035417
0 0.746354 0.072917 0.019792 0.035417
0 0.448958 0.153125 0.039583 0.041667
0 0.210417 0.505729 0.045833 0.036458
0 0.416667 0.200000 0.041667 0.020833
0 0.776563 0.251042 0.034375 0.052083
0 0.289583 0.943229 0.047917 0.028125
0 0.089583 0.817187 0.045833 0.048958
0 0.771875 0.883333 0.041667 0.047917
0 0.454688 0.856771 0.032292 0.048958
0 0.568750 0.373958 0.025000 0.041667
0 0.578125 0.834375 0.047917 0.039583
0 0.909896 0.136979 0.028125 0.040625
0 0.828646 0.482812 0.028125 0.040625
0 0.277083 0.426042 0.041667 0.047917
0 0.332292 0.319792 0.047917 0.025000
0 0.342708 0.110417 0.031250 0.037500
0 0.509375 0.713021 0.043750 0.042708
0 0.423438 0.614062 0.051042 0.038542
0 0.348958 0.926562 0.054167 0.036458
0 0.960417 0.069271 0.045833 0.032292
0 0.361979 0.682813 0.055208 0.046875
0 0.265625 0.821354 0.027083 0.046875
0 0.580208 0.677083 0.047917 0.041667
0 0.514583 0.480208 0.037500 0.047917
0 0.742188 0.314063 0.053125 0.034375
0 0.934896 0.735938 0.028125 0.046875
0 0.899479 0.855208 0.051042 0.031250
0 0.258333 0.537500 0.052083 0.037500
0 0.659375 0.943229 0.039583 0.026042
0 0.743750 0.530729 0.031250 0.048958
0 0.736979 0.743750 0.053125 0.037500
0 0.385417 0.559896 0.039583 0.048958
0 0.296354 0.196875 0.034375 0.047917
0 0.401562 0.775000 0.038542 0.043750
0 0.916146 0.530208 0.026042 0.039583
0 0.528125 0.631250 0.045833 0.045833
0 0.595833 0.522917 0.033333 0.043750
0 0.115104 0.832292 0.034375 0.043750
0 0.147917 0.275000 0.020833 0.035417
0 0.325000 0.538542 0.035417 0.037500
0 0.126042 0.906771 0.047917 0.053125
0 0.380208 0.715625 0.037500 0.031250
0 0.670312 0.317188 0.053125 0.032292
0 0.184375 0.232292 0.041667 0.037500
0 0.703646 0.933854 0.028125 0.040625
0 0.761979 0.757812 0.044792 0.026042
0 0.497396 0.166667 0.051042 0.031250
0 0.445312 0.514062 0.046875 0.034375
0 0.468750 0.223958 0.035417 0.037500
0 0.601042 0.221875 0.041667 0.025000
0 0.467708 0.136458 0.050000 0.047917
0 0.419792 0.751563 0.037500 0.053125
0 0.723958 0.930729 0.054167 0.036458
0 0.120313 0.577604 0.053125 0.030208
0 0.429688 0.345833 0.019792 0.035417
0 0.544792 0.435417 0.025000 0.037500
0 0.379688 0.476042 0.053125 0.045833
0 0.492188 0.680729 0.044792 0.040625
0 0.576042 0.277083 0.035417 0.047917
0 0.231250 0.960938 0.039583 0.026042
0 0.752604 0.739583 0.032292 0.039583
0 0.145313 0.822396 0.040625 0.023958
0 0.445833 0.448958 0.052083 0.041667
0 0.904687 0.843229 0.042708 0.051042
0 0.244271 0.533854 0.044792 0.026042
0 0.891667 0.189062 0.047917 0.053125
0 0.311458 0.132292 0.043750 0.052083
0 0.101562 0.667188 0.055208 0.046875
0 0.586979 0.406771 0.051042 0.038542
0 0.556250 0.147396 0.031250 0.053125
0 0.420833 0.435937 0.027083 0.042708
0 0.120833 0.485938 0.041667 0.032292
0 0.316667 0.641667 0.047917 0.039583
0 0.940104 0.829167 0.053125 0.045833
0 0.588021 0.940625 0.042708 0.031250
0 0.246875 0.892708 0.041667 0.039583
0 0.546875 0.117188 0.045833 0.038542
0 0.222396 0.586458 0.034375 0.043750
0 0.115625 0.360417 0.025000 0.047917
0 0.809375 0.448958 0.045833 0.022917
0 0.134896 0.589583 0.028125 0.050000
0 0.609896 0.705208 0.034375 0.043750
0 0.217708 0.905208 0.025000 0.047917
0 0.109375 0.958854 0.029167 0.046875
0 0.253646 0.461979 0.038542 0.055208
0 0.380729 0.123438 0.042708 0.044792
0 0.588021 0.706250 0.036458 0.018750
0 0.754687 0.272917 0.048958 0.041667
0 0.920833 0.314583 0.037500 0.052083
0 0.443229 0.917708 0.046875 0.029167
0 0.099479 0.635417 0.048958 0.052083
0 0.532292 0.809896 0.050000 0.053125
0 0.289062 0.286458 0.051042 0.033333
0 0.901563 0.107292 0.046875 0.031250
0 0.343229 0.853125 0.032292 0.047917
0 0.596875 0.450000 0.037500 0.047917
0 0.375521 0.684375 0.036458 0.052083
0 0.473438 0.234375 0.048958 0.039583
0 0.726042 0.320312 0.050000 0.036458
0 0.622917 0.203646 0.025000 0.042708
0 0.434896 0.569271 0.046875 0.048958
0 0.609896 0.195833 0.036458 0.018750
0 0.651563 0.362500 0.044792 0.035417
0 0.373437 0.186458 0.042708 0.037500
0 0.870313 0.334896 0.040625 0.038542
0 0.441146 0.622917 0.038542 0.047917
0 0.763542 0.907813 0.041667 0.055208
0 0.774479 0.933854 0.044792 0.028125
0 0.188542 0.359375 0.020833 0.039583
0 0.521875 0.660937 0.043750 0.055208
0 0.883333 0.207292 0.039583 0.041667
0 0.571875 0.567708 0.050000 0.050000
0 0.331771 0.763542 0.034375 0.016667
0 0.290625 0.721354 0.037500 0.044792
0 0.083333 0.111458 0.039583 0.052083
0 0.875521 0.307812 0.044792 0.026042
0 0.163021 0.817708 0.040625 0.054167
0 0.690625 0.849479 0.035417 0.048958
0 0.538542 0.642708 0.035417 0.043750
0 0.698958 0.739583 0.039583 0.041667
0 0.414583 0.115625 0.045833 0.043750
0 0.572396 0.539062 0.034375 0.053125
0 0.251042 0.917708 0.047917 0.041667
0 0.790104 0.589583 0.048958 0.037500
0 0.317708 0.703646 0.033333 0.044792
0 0.744792 0.742188 0.027083 0.040625
0 0.584375 0.286458 0.035417 0.020833
0 0.382812 0.729167 0.053125 0.045833
0 0.617188 0.188542 0.038542 0.031250
0 0.269271 0.880208 0.038542 0.033333
0 0.346354 0.084896 0.040625 0.055208
0 0.583333 0.925000 0.029167 0.050000
0 0.809896 0.620313 0.034375 0.051042
0 0.132292 0.785417 0.037500 0.033333
0 0.489583 0.557292 0.050000 0.031250
0 0.504687 0.385937 0.023958 0.040625
0 0.277604 0.456771 0.040625 0.038542
0 0.666667 0.330208 0.041667 0.025000
0 0.265104 0.142187 0.040625 0.055208
0 0.085417 0.238542 0.041667 0.025000
0 0.545833 0.693750 0.043750 0.031250
0 0.674479 0.587500 0.032292 0.039583
0 0.582812 0.916146 0.038542 0.055208
0 0.788542 0.544271 0.027083 0.040625
0 0.848437 0.455729 0.032292 0.053125
0 0.243229 0.271875 0.038542 0.027083
0 0.355208 0.419792 0.037500 0.033333
0 0.165625 0.952604 0.035417 0.048958
0 0.284896 0.733333 0.019792 0.035417
0 0.222917 0.770312 0.050000 0.036458
0 0.532813 0.280208 0.046875 0.031250
0 0.610938 0.236458 0.046875 0.027083
0 0.545312 0.407813 0.055208 0.048958
0 0.930208 0.377604 0.043750 0.055208
0 0.293229 0.850000 0.038542 0.025000
0 0.635417 0.814063 0.039583 0.044792
0 0.186458 0.933854 0.054167 0.036458
0 0.229687 0.558854 0.040625 0.036458
0 0.278125 0.143229 0.039583 0.026042
0 0.439583 0.884375 0.031250 0.037500
0 0.227604 0.675000 0.032292 0.043750
0 0.684896 0.152083 0.038542 0.027083
0 0.582812 0.852604 0.023958 0.042708
0 0.285938 0.342187 0.040625 0.030208
0 0.652083 0.789062 0.041667 0.042708
0 0.421354 0.786458 0.038542 0.043750
0 0.357812 0.457813 0.046875 0.026042
0 0.783333 0.575521 0.043750 0.040625
0 0.373958 0.238021 0.029167 0.051042
0 0.291667 0.523958 0.041667 0.052083
0 0.359375 0.430729 0.041667 0.021875
0 0.767188 0.370312 0.040625 0.032292
0 0.833333 0.959375 0.022917 0.043750
0 0.769271 0.506250 0.038542 0.035417
0 0.634375 0.204687 0.043750 0.026042
0 0.328125 0.791667 0.047917 0.041667
0 0.367188 0.574479 0.036458 0.055208
0 0.089583 0.146354 0.041667 0.021875
0 0.735417 0.297917 0.029167 0.037500
0 0.218229 0.944271 0.048958 0.032292
0 0.153125 0.855208 0.025000 0.037500
0 0.345833 0.182812 0.025000 0.038542
0 0.635938 0.698958 0.044792 0.035417
0 0.438542 0.486979 0.039583 0.036458
0 0.226562 0.538021 0.055208 0.051042
0 0.850000 0.473958 0.043750 0.035417
0 0.500000 0.675000 0.022917 0.037500
0 0.719792 0.898438 0.029167 0.040625
0 0.916146 0.077083 0.048958 0.039583
0 0.323958 0.875521 0.022917 0.040625
0 0.520312 0.068750 0.046875 0.029167
0 0.881771 0.869271 0.042708 0.044792
0 0.741667 0.265104 0.029167 0.044792
0 0.715104 0.228646 0.028125 0.040625
0 0.504687 0.339062 0.038542 0.023958
0 0.846354 0.426563 0.046875 0.048958
0 0.794792 0.093750 0.052083 0.047917
0 0.838021 0.790625 0.023958 0.037500
0 0.730729 0.395313 0.048958 0.032292
0 0.914583 0.714063 0.027083 0.040625
0 0.702083 0.254167 0.037500 0.035417
0 0.567187 0.756250 0.048958 0.035417
0 0.406250 0.141667 0.037500 0.027083
0 0.878125 0.852604 0.027083 0.040625
0 0.581250 0.270833 0.052083 0.047917
0 0.858854 0.595833 0.038542 0.018750
0 0.689063 0.377604 0.040625 0.028125
0 0.638542 0.912500 0.043750 0.033333
0 0.925000 0.940104 0.050000 0.053125
0 0.172396 0.549479 0.048958 0.046875
0 0.587500 0.671354 0.039583 0.030208
0 0.444271 0.926042 0.026042 0.045833
0 0.337500 0.474479 0.041667 0.023958
0 0.717187 0.917708 0.023958 0.037500
0 0.525521 0.127604 0.034375 0.046875
0 0.710938 0.668229 0.032292 0.048958
0 0.574479 0.486979 0.040625 0.030208
0 0.768229 0.232292 0.030208 0.039583
0 0.857812 0.865104 0.055208 0.040625
0 0.338021 0.417187 0.042708 0.021875
0 0.245833 0.096875 0.045833 0.031250
0 0.153646 0.865104 0.055208 0.048958
0 0.503125 0.725521 0.029167 0.046875
0 0.532813 0.227083 0.044792 0.027083
0 0.473438 0.405208 0.036458 0.037500
0 0.113542 0.202083 0.047917 0.050000
0 0.319792 0.203125 0.052083 0.037500
0 0.199479 0.639062 0.036458 0.040625
0 0.922396 0.564583 0.044792 0.052083
0 0.459896 0.781771 0.053125 0.051042
0 0.278125 0.327083 0.045833 0.031250
0 0.550521 0.517708 0.040625 0.054167
0 0.668229 0.294271 0.044792 0.042708
0 0.815625 0.560417 0.043750 0.033333
0 0.572396 0.365104 0.048958 0.046875
0 0.331771 0.645833 0.026042 0.045833
0 0.860938 0.712500 0.034375 0.037500
0 0.156250 0.696875 0.039583 0.052083
0 0.597396 0.459375 0.048958 0.041667
0 0.566146 0.779167 0.042708 0.027083
0 0.905729 0.562500 0.030208 0.043750
0 0.684896 0.110417 0.036458 0.037500
0 0.858854 0.752604 0.038542 0.019792
0 0.385937 0.944271 0.042708 0.051042
0 0.914062 0.212500 0.042708 0.027083
0 0.186458 0.667708 0.047917 0.027083
0 0.540104 0.201042 0.044792 0.054167
0 0.108854 0.101562 0.053125 0.032292
0 0.207813 0.400000 0.044792 0.033333
0 0.233854 0.415625 0.042708 0.037500
0 0.525521 0.798438 0.040625 0.044792
0 0.784375 0.452083 0.033333 0.047917
0 0.611979 0.688021 0.048958 0.028125
0 0.646875 0.744271 0.043750 0.040625
0 0.195833 0.288542 0.039583 0.025000
0 0.383854 0.661458 0.019792 0.035417
0 0.478646 0.533333 0.051042 0.033333
0 0.169271 0.323437 0.040625 0.023958
0 0.639062 0.398438 0.046875 0.048958
0 0.193229 0.342187 0.046875 0.038542
0 0.288021 0.183854 0.048958 0.044792
0 0.433854 0.868750 0.038542 0.031250
0 0.821875 0.163542 0.022917 0.039583
0 0.915625 0.937500 0.022917 0.037500
0 0.240625 0.794792 0.033333 0.045833
0 0.866667 0.261979 0.041667 0.042708
0 0.568229 0.127604 0.044792 0.042708
0 0.614583 0.443229 0.020833 0.038542
0 0.673438 0.659375 0.046875 0.052083
0 0.550000 0.532813 0.039583 0.048958
0 0.719792 0.477083 0.031250 0.045833
0 0.940625 0.432812 0.052083 0.051042
0 0.194792 0.789583 0.035417 0.037500
0 0.681771 0.805729 0.036458 0.040625
0 0.523438 0.951042 0.044792 0.033333
0 0.566146 0.841667 0.040625 0.041667
0 0.886458 0.736458 0.041667 0.039583
0 0.141667 0.728125 0.018750 0.035417
0 0.820312 0.277604 0.051042 0.042708
0 0.930208 0.089583 0.031250 0.041667
0 0.944792 0.108854 0.043750 0.040625
0 0.141146 0.414062 0.040625 0.038542
0 0.882292 0.737500 0.035417 0.052083
0 0.663542 0.212500 0.029167 0.041667
0 0.128646 0.366146 0.055208 0.042708
0 0.161979 0.760417 0.040625 0.047917
0 0.619792 0.950000 0.018750 0.035417
0 0.135417 0.349479 0.039583 0.053125
0 0.508333 0.914583 0.041667 0.039583
0 0.294792 0.583854 0.045833 0.038542
0 0.899479 0.789583 0.044792 0.022917
0 0.598958 0.481250 0.045833 0.029167
0 0.353646 0.312500 0.023958 0.041667
0 0.856250 0.788021 0.027083 0.051042
0 0.483854 0.348958 0.042708 0.025000
0 0.255208 0.100000 0.047917 0.035417
0 0.600521 0.239063 0.040625 0.055208
0 0.696354 0.758333 0.038542 0.025000
0 0.090104 0.223438 0.046875 0.048958
0 0.539062 0.500000 0.038542 0.027083
0 0.958333 0.838021 0.054167 0.038542
0 0.523438 0.851042 0.038542 0.033333
0 0.533333 0.332813 0.031250 0.048958
0 0.476562 0.635938 0.051042 0.038542
0 0.159896 0.627083 0.023958 0.037500
0 0.102604 0.472917 0.042708 0.029167
0 0.182812 0.163542 0.036458 0.020833
0 0.513021 0.277083 0.042708 0.047917
0 0.664062 0.742188 0.042708 0.044792
0 0.547396 0.367708 0.053125 0.041667
0 0.068229 0.552083 0.019792 0.037500
0 0.671354 0.567187 0.044792 0.030208
0 0.134896 0.105729 0.040625 0.034375
0 0.604167 0.958854 0.022917 0.042708
0 0.435417 0.421875 0.037500 0.022917
0 0.466667 0.892708 0.045833 0.052083
0 0.853646 0.225000 0.036458 0.047917
0 0.801562 0.682813 0.044792 0.030208
0 0.953646 0.655729 0.040625 0.044792
0 0.918750 0.640625 0.037500 0.033333
0 0.397917 0.854167 0.047917 0.052083
0 0.593229 0.677604 0.034375 0.048958
0 0.648438 0.344271 0.034375 0.040625
0 0.481250 0.695833 0.037500 0.047917
0 0.375521 0.542188 0.046875 0.034375
0 0.745313 0.528125 0.048958 0.039583
0 0.809896 0.229167 0.026042 0.041667
0 0.553646 0.877083 0.021875 0.043750
0 0.689063 0.199479 0.028125 0.051042
0 0.678646 0.381250 0.048958 0.052083
0 0.188021 0.232292 0.048958 0.037500
0 0.834896 0.323437 0.051042 0.044792
0 0.348958 0.753646 0.031250 0.044792
0 0.853125 0.160417 0.047917 0.041667
0 0.544271 0.417708 0.046875 0.043750
0 0.426042 0.293750 0.039583 0.041667
0 0.912500 0.609896 0.041667 0.032292
0 0.123958 0.081250 0.039583 0.052083
0 0.081250 0.467187 0.039583 0.048958
0 0.493229 0.608333 0.048958 0.052083
0 0.158333 0.909375 0.037500 0.031250
0 0.746354 0.897396 0.048958 0.055208