0 0.733854 0.723958 0.053125 0.043750
0 0.544792 0.500000 0.039583 0.020833
0 0.449479 0.450521 0.023958 0.040625
0 0.415625 0.845833 0.035417 0.047917
0 0.755208 0.645833 0.045833 0.043750
0 0.523438 0.528125 0.044792 0.047917
0 0.258854 0.511979 0.023958 0.038542
0 0.096354 0.450521 0.044792 0.028125
0 0.869271 0.950000 0.044792 0.052083
0 0.262500 0.063542 0.039583 0.020833
0 0.601562 0.589583 0.042708 0.027083
0 0.356250 0.379167 0.033333 0.043750
0 0.177604 0.534896 0.051042 0.034375
0 0.440104 0.492708 0.030208 0.039583
0 0.382292 0.882292 0.031250 0.037500
0 0.459375 0.932292 0.039583 0.041667
0 0.808333 0.892188 0.037500 0.053125
0 0.847396 0.401042 0.044792 0.037500
0 0.175521 0.122917 0.038542 0.043750
0 0.823958 0.791667 0.033333 0.037500
0 0.324479 0.252604 0.038542 0.051042
0 0.921354 0.747396 0.044792 0.051042
0 0.616667 0.747396 0.025000 0.038542
0 0.868229 0.917188 0.023958 0.042708
0 0.623958 0.505208 0.047917 0.041667
0 0.109896 0.505729 0.044792 0.042708
0 0.879687 0.241146 0.034375 0.051042
0 0.197917 0.320312 0.041667 0.021875
0 0.523958 0.414062 0.052083 0.051042
0 0.525000 0.914583 0.037500 0.033333
0 0.930208 0.641667 0.033333 0.047917
0 0.312500 0.397917 0.043750 0.025000
0 0.952083 0.778646 0.052083 0.051042
0 0.468229 0.452083 0.038542 0.029167
0 0.139583 0.905208 0.050000 0.050000
0 0.203646 0.869792 0.030208 0.050000
0 0.571875 0.929688 0.037500 0.038542
0 0.077083 0.879687 0.035417 0.048958
0 0.321354 0.749479 0.048958 0.046875
0 0.510938 0.293229 0.055208 0.048958
0 0.109896 0.809375 0.042708 0.047917
0 0.378646 0.651042 0.048958 0.041667
0 0.090104 0.788021 0.028125 0.051042
0 0.828646 0.236458 0.030208 0.050000
0 0.593229 0.102604 0.040625 0.036458
0 0.538021 0.578125 0.026042 0.039583
0 0.606250 0.596354 0.035417 0.044792
0 0.705208 0.395313 0.041667 0.032292
0 0.128646 0.263021 0.051042 0.038542
0 0.117188 0.168229 0.023958 0.042708
0 0.159896 0.402604 0.040625 0.051042
0 0.580729 0.933333 0.038542 0.025000
0 0.326562 0.827083 0.051042 0.035417
0 0.372917 0.672396 0.047917 0.046875
0 0.425521 0.808333 0.051042 0.047917
0 0.602083 0.194271 0.052083 0.030208
0 0.717708 0.251563 0.050000 0.040625
0 0.372396 0.706771 0.042708 0.044792
0 0.611458 0.937500 0.052083 0.039583
0 0.888021 0.282292 0.030208 0.043750
0 0.600000 0.522917 0.039583 0.047917
0 0.837500 0.584896 0.043750 0.042708
0 0.534896 0.593750 0.051042 0.050000
0 0.236458 0.803646 0.033333 0.048958
0 0.570833 0.329688 0.045833 0.026042
0 0.111979 0.452083 0.053125 0.043750
0 0.936979 0.738021 0.040625 0.051042
0 0.682292 0.803125 0.037500 0.043750
0 0.336458 0.239063 0.031250 0.051042
0 0.872917 0.814063 0.045833 0.032292
0 0.452604 0.434896 0.055208 0.042708
0 0.586979 0.509375 0.048958 0.039583
0 0.355729 0.155729 0.048958 0.046875
0 0.420833 0.545312 0.041667 0.021875
0 0.914062 0.522917 0.028125 0.039583
0 0.378646 0.280729 0.051042 0.036458
0 0.147917 0.414062 0.045833 0.055208
0 0.268229 0.196875 0.030208 0.043750
0 0.232813 0.796875 0.048958 0.037500
0 0.432812 0.128646 0.048958 0.055208
0 0.731250 0.722396 0.052083 0.034375
0 0.140104 0.152083 0.053125 0.043750
0 0.618229 0.367708 0.038542 0.052083
0 0.563542 0.752604 0.041667 0.048958
0 0.730729 0.231771 0.051042 0.026042
0 0.650000 0.525000 0.052083 0.045833
0 0.645312 0.758333 0.036458 0.037500
0 0.888542 0.802083 0.037500 0.033333
0 0.794271 0.745833 0.032292 0.052083
0 0.759896 0.300521 0.055208 0.046875
0 0.127604 0.813021 0.032292 0.053125
0 0.868229 0.258854 0.042708 0.051042
0 0.113021 0.504687 0.030208 0.040625
0 0.859375 0.685937 0.047917 0.046875
0 0.447396 0.656771 0.044792 0.032292
0 0.076042 0.612500 0.039583 0.047917
0 0.416146 0.249479 0.051042 0.030208
0 0.395313 0.953125 0.023958 0.041667
0 0.203125 0.784896 0.039583 0.026042
0 0.939583 0.695312 0.039583 0.019792
0 0.377604 0.168229 0.042708 0.023958
0 0.564063 0.606771 0.044792 0.028125
0 0.884896 0.285417 0.042708 0.027083
0 0.671875 0.730208 0.050000 0.047917
0 0.070312 0.844792 0.021875 0.037500
0 0.128646 0.402083 0.048958 0.033333
0 0.131250 0.180729 0.050000 0.042708
0 0.868229 0.128125 0.019792 0.039583
0 0.485938 0.082812 0.034375 0.046875
0 0.934896 0.479167 0.040625 0.020833
0 0.789062 0.805208 0.042708 0.027083
0 0.153125 0.073958 0.043750 0.025000
0 0.612500 0.104167 0.037500 0.027083
0 0.308854 0.403646 0.046875 0.036458
0 0.794792 0.326562 0.050000 0.044792
0 0.517708 0.315625 0.047917 0.033333
0 0.516667 0.908854 0.041667 0.042708
0 0.118750 0.600000 0.031250 0.045833
0 0.108854 0.798958 0.048958 0.041667
0 0.480208 0.400000 0.020833 0.039583
0 0.352083 0.496875 0.018750 0.035417
0 0.746354 0.896875 0.038542 0.029167
0 0.282813 0.343750 0.042708 0.027083
0 0.667188 0.595833 0.044792 0.025000
0 0.562500 0.736979 0.029167 0.051042
0 0.317188 0.847917 0.048958 0.052083
0 0.731771 0.217188 0.048958 0.030208
0 0.110417 0.189062 0.039583 0.028125
0 0.108333 0.241146 0.052083 0.051042
0 0.483854 0.295833 0.042708 0.039583
0 0.610938 0.414062 0.042708 0.023958
0 0.204687 0.790625 0.044792 0.035417
0 0.371354 0.248438 0.038542 0.046875
0 0.321875 0.184896 0.047917 0.044792
0 0.628125 0.360938 0.054167 0.046875
0 0.598958 0.592708 0.031250 0.037500
0 0.296875 0.622396 0.039583 0.028125
0 0.204687 0.847917 0.048958 0.052083
0 0.654167 0.494271 0.054167 0.040625
0 0.396354 0.191146 0.046875 0.032292
0 0.963021 0.098437 0.034375 0.046875
0 0.817187 0.599479 0.051042 0.042708
0 0.559375 0.741667 0.045833 0.043750
0 0.493229 0.705729 0.044792 0.051042
0 0.088021 0.180729 0.051042 0.036458
0 0.594271 0.441146 0.040625 0.038542
0 0.509375 0.331250 0.052083 0.035417
0 0.922396 0.928646 0.026042 0.051042
0 0.946354 0.228125 0.034375 0.043750
0 0.407292 0.259896 0.037500 0.040625
0 0.433854 0.934375 0.019792 0.035417
0 0.610938 0.884375 0.038542 0.027083
0 0.469271 0.471354 0.023958 0.040625
0 0.125521 0.790104 0.048958 0.055208
0 0.084896 0.242188 0.044792 0.040625
0 0.551562 0.165625 0.042708 0.027083
0 0.657292 0.401042 0.052083 0.047917
0 0.494792 0.360938 0.050000 0.034375
0 0.493750 0.250521 0.020833 0.038542
0 0.235937 0.522917 0.053125 0.037500
0 0.198437 0.818229 0.019792 0.038542
0 0.860417 0.311458 0.047917 0.033333
0 0.261458 0.328125 0.041667 0.047917
0 0.484896 0.962500 0.048958 0.041667
0 0.716667 0.787500 0.031250 0.037500
0 0.455208 0.795312 0.027083 0.040625
0 0.250521 0.738021 0.028125 0.046875
0 0.090104 0.604167 0.042708 0.037500
0 0.766146 0.681250 0.026042 0.047917
0 0.081771 0.793229 0.044792 0.026042
0 0.255208 0.801042 0.018750 0.035417
0 0.376042 0.285417 0.031250 0.037500
0 0.335938 0.097917 0.019792 0.035417
0 0.287500 0.212500 0.039583 0.041667
0 0.908854 0.434375 0.048958 0.052083
0 0.533854 0.201563 0.048958 0.046875
0 0.440625 0.233333 0.039583 0.052083
0 0.743750 0.131250 0.047917 0.050000
0 0.745833 0.192708 0.043750 0.025000
0 0.518229 0.342187 0.042708 0.044792
0 0.108854 0.715625 0.019792 0.037500
0 0.668750 0.785417 0.052083 0.047917
0 0.241667 0.776563 0.043750 0.055208
0 0.099479 0.910417 0.030208 0.043750
0 0.776563 0.553646 0.046875 0.048958
0 0.077083 0.621354 0.039583 0.048958
0 0.227083 0.342187 0.041667 0.048958
0 0.712500 0.301042 0.045833 0.031250
0 0.877083 0.725521 0.033333 0.048958
0 0.315625 0.635417 0.035417 0.022917
0 0.761458 0.223438 0.054167 0.044792
0 0.874479 0.720833 0.042708 0.029167
0 0.820312 0.928125 0.040625 0.041667
0 0.660937 0.852604 0.030208 0.051042
0 0.403646 0.160938 0.053125 0.032292
0 0.451562 0.379688 0.051042 0.038542
0 0.205208 0.180729 0.039583 0.026042
0 0.095833 0.832812 0.022917 0.038542
0 0.683333 0.310417 0.037500 0.041667
0 0.720313 0.447917 0.038542 0.047917
0 0.793750 0.805208 0.025000 0.039583
0 0.930208 0.211979 0.027083 0.046875
0 0.216667 0.157292 0.037500 0.041667
0 0.408333 0.238021 0.039583 0.030208
0 0.729688 0.436979 0.053125 0.053125
0 0.611979 0.717708 0.021875 0.039583
0 0.175521 0.502604 0.046875 0.048958
0 0.923958 0.218229 0.050000 0.053125
0 0.245833 0.201563 0.033333 0.053125
0 0.803125 0.772917 0.052083 0.035417
0 0.846354 0.865104 0.053125 0.051042
0 0.736458 0.143229 0.020833 0.040625
0 0.236458 0.775521 0.047917 0.055208
0 0.304688 0.493750 0.046875 0.031250
0 0.551562 0.623437 0.036458 0.040625
0 0.364583 0.884375 0.035417 0.047917
0 0.534375 0.886979 0.052083 0.051042
0 0.114583 0.513542 0.047917 0.037500
0 0.305729 0.881771 0.034375 0.040625
0 0.586979 0.697396 0.053125 0.034375
0 0.900521 0.794792 0.053125 0.043750
0 0.135417 0.738542 0.033333 0.043750
0 0.583333 0.438021 0.037500 0.044792
0 0.355729 0.566667 0.038542 0.052083
0 0.654167 0.327604 0.031250 0.040625
0 0.581250 0.197396 0.043750 0.040625
0 0.229687 0.398958 0.044792 0.047917
0 0.878646 0.864583 0.044792 0.045833
0 0.094792 0.677604 0.052083 0.051042
0 0.704688 0.919271 0.023958 0.038542
0 0.188542 0.347396 0.047917 0.055208
0 0.336458 0.320833 0.041667 0.037500
0 0.744271 0.493229 0.044792 0.028125
0 0.630208 0.436458 0.037500 0.035417
0 0.758333 0.300521 0.041667 0.032292
0 0.421875 0.283333 0.050000 0.047917
0 0.598437 0.855208 0.051042 0.031250
0 0.132292 0.479167 0.041667 0.039583
0 0.317708 0.536979 0.020833 0.040625
0 0.352604 0.336979 0.042708 0.051042
0 0.204167 0.631771 0.033333 0.040625
0 0.415104 0.592187 0.051042 0.034375
0 0.520833 0.697396 0.039583 0.026042
0 0.466146 0.462500 0.038542 0.043750
0 0.690625 0.151042 0.033333 0.047917
0 0.678646 0.375000 0.038542 0.033333
0 0.357812 0.560937 0.040625 0.026042
0 0.400000 0.800000 0.041667 0.052083
0 0.947396 0.372396 0.046875 0.023958
0 0.671875 0.859375 0.039583 0.047917
0 0.509375 0.929688 0.050000 0.044792
0 0.269792 0.306771 0.047917 0.046875
0 0.804167 0.634896 0.047917 0.028125
0 0.376042 0.290104 0.025000 0.042708
0 0.657292 0.770833 0.047917 0.025000
0 0.886458 0.547917 0.037500 0.029167
0 0.882812 0.556250 0.040625 0.020833
0 0.758854 0.684896 0.048958 0.055208
0 0.959375 0.381771 0.031250 0.048958
0 0.306250 0.600521 0.027083 0.040625
0 0.478646 0.375521 0.051042 0.026042
0 0.576042 0.606250 0.035417 0.037500
0 0.764583 0.711979 0.050000 0.053125
0 0.880729 0.722396 0.040625 0.046875
0 0.770833 0.322917 0.041667 0.039583
0 0.379167 0.125000 0.037500 0.035417
0 0.535417 0.811458 0.022917 0.035417
0 0.147917 0.309375 0.041667 0.039583
0 0.313542 0.358333 0.037500 0.029167
0 0.819792 0.771354 0.050000 0.034375
0 0.759375 0.337500 0.047917 0.041667
0 0.858333 0.716146 0.043750 0.055208
0 0.380729 0.491146 0.034375 0.040625
0 0.747917 0.243229 0.041667 0.023958
0 0.377083 0.156771 0.018750 0.038542
0 0.478125 0.283333 0.031250 0.037500
0 0.684375 0.508854 0.041667 0.023958
0 0.760938 0.772917 0.038542 0.035417
0 0.238021 0.945312 0.028125 0.040625
0 0.578646 0.928125 0.030208 0.039583
0 0.638021 0.556771 0.046875 0.055208
0 0.510417 0.090104 0.039583 0.053125
0 0.690104 0.081250 0.046875 0.033333
0 0.448437 0.428646 0.042708 0.021875
0 0.914062 0.786979 0.019792 0.038542
0 0.840104 0.330208 0.040625 0.047917
0 0.334896 0.511458 0.026042 0.045833
0 0.576562 0.330729 0.040625 0.051042
0 0.947917 0.641667 0.052083 0.043750
0 0.313021 0.571354 0.042708 0.021875
0 0.085938 0.217188 0.051042 0.038542
0 0.343750 0.656771 0.039583 0.038542
0 0.530729 0.300521 0.042708 0.051042
0 0.945312 0.166667 0.036458 0.043750
0 0.447917 0.775000 0.043750 0.033333
0 0.358854 0.247917 0.042708 0.029167
0 0.190104 0.900521 0.032292 0.046875
0 0.911979 0.400000 0.053125 0.043750
0 0.822396 0.495312 0.036458 0.040625
0 0.941146 0.559375 0.044792 0.022917
0 0.313542 0.457813 0.050000 0.042708
0 0.837500 0.529687 0.045833 0.038542
0 0.869271 0.804167 0.048958 0.039583
0 0.515625 0.748437 0.043750 0.032292
0 0.932813 0.171354 0.040625 0.038542
0 0.239583 0.918229 0.022917 0.044792
0 0.613542 0.399479 0.050000 0.044792
0 0.666146 0.529167 0.032292 0.043750
0 0.883333 0.923958 0.037500 0.029167
0 0.680729 0.433333 0.046875 0.052083
0 0.813021 0.377604 0.026042 0.046875
0 0.958854 0.424479 0.040625 0.036458
0 0.226042 0.689583 0.037500 0.047917
0 0.106771 0.323437 0.034375 0.053125
0 0.448958 0.237500 0.033333 0.037500
0 0.875521 0.336979 0.046875 0.034375
0 0.192708 0.708333 0.033333 0.047917
0 0.960938 0.413542 0.053125 0.043750
0 0.509896 0.347917 0.038542 0.029167
0 0.125521 0.781771 0.055208 0.048958
0 0.208854 0.414062 0.044792 0.042708
0 0.755729 0.328646 0.055208 0.036458
0 0.117188 0.901563 0.055208 0.040625
0 0.248438 0.585417 0.036458 0.037500
0 0.668229 0.125000 0.046875 0.031250
0 0.185417 0.644271 0.031250 0.048958
0 0.803646 0.263542 0.046875 0.027083
0 0.198437 0.328125 0.042708 0.025000
0 0.809896 0.183333 0.051042 0.031250
0 0.139583 0.615625 0.035417 0.037500
0 0.880729 0.447917 0.046875 0.052083
0 0.441146 0.510417 0.046875 0.029167
0 0.489583 0.429167 0.043750 0.033333
0 0.936979 0.893750 0.032292 0.043750
0 0.651042 0.923438 0.033333 0.048958
0 0.520833 0.210417 0.047917 0.035417
0 0.366667 0.153125 0.045833 0.045833
0 0.671354 0.437500 0.053125 0.045833
0 0.831250 0.569271 0.050000 0.053125
0 0.078125 0.397396 0.045833 0.048958
0 0.098437 0.201042 0.051042 0.050000
0 0.536979 0.429167 0.042708 0.054167
0 0.745833 0.356771 0.020833 0.036458
0 0.432812 0.927083 0.034375 0.052083
0 0.514062 0.088021 0.048958 0.028125
0 0.464062 0.627083 0.044792 0.035417
0 0.219271 0.540104 0.042708 0.051042
0 0.901563 0.545833 0.040625 0.022917
0 0.250000 0.320312 0.039583 0.030208
0 0.717187 0.641667 0.044792 0.035417
0 0.261979 0.403125 0.053125 0.039583
0 0.123438 0.329167 0.044792 0.033333
0 0.961458 0.360938 0.043750 0.042708
0 0.828646 0.498437 0.030208 0.040625
0 0.563542 0.504167 0.039583 0.041667
0 0.971354 0.329688 0.051042 0.036458
0 0.508333 0.821875 0.045833 0.043750
0 0.874479 0.966667 0.044792 0.045833
0 0.315104 0.260417 0.019792 0.035417
0 0.732812 0.715625 0.053125 0.047917
0 0.950521 0.880729 0.032292 0.048958
0 0.207292 0.726042 0.022917 0.037500
0 0.871354 0.938021 0.040625 0.038542
0 0.400521 0.848437 0.032292 0.044792
0 0.551042 0.855729 0.052083 0.032292
0 0.633854 0.150521 0.023958 0.048958
0 0.525000 0.760938 0.041667 0.032292
0 0.190104 0.921875 0.026042 0.041667
0 0.151042 0.479687 0.047917 0.028125
0 0.894792 0.169792 0.045833 0.033333
0 0.148438 0.164062 0.048958 0.032292
0 0.109896 0.905208 0.036458 0.020833
0 0.369792 0.378125 0.035417 0.037500
0 0.578646 0.757812 0.053125 0.051042
0 0.689063 0.551042 0.038542 0.035417
0 0.117188 0.214583 0.053125 0.045833
0 0.514062 0.300000 0.038542 0.025000
0 0.383854 0.081771 0.042708 0.023958
0 0.750521 0.354687 0.048958 0.055208
0 0.671875 0.638542 0.031250 0.045833
0 0.859375 0.794792 0.047917 0.037500
0 0.202083 0.114583 0.035417 0.037500
0 0.446875 0.361979 0.039583 0.034375
0 0.796875 0.226042 0.039583 0.022917
0 0.960417 0.666667 0.031250 0.037500
0 0.834375 0.868229 0.050000 0.038542
0 0.121354 0.823438 0.040625 0.036458
0 0.917188 0.568750 0.051042 0.029167
0 0.321875 0.287500 0.047917 0.033333
0 0.826562 0.283854 0.036458 0.046875
0 0.969271 0.173437 0.051042 0.026042
0 0.561458 0.334375 0.039583 0.041667
0 0.181250 0.555208 0.045833 0.052083
0 0.724479 0.449479 0.048958 0.046875
0 0.276042 0.819271 0.054167 0.048958
0 0.763021 0.693229 0.051042 0.038542
0 0.586979 0.909375 0.030208 0.050000
0 0.797396 0.658333 0.048958 0.050000
0 0.793229 0.738021 0.051042 0.040625
0 0.655729 0.688542 0.048958 0.027083
0 0.309896 0.630208 0.038542 0.043750
0 0.567708 0.709375 0.039583 0.052083
0 0.934896 0.939063 0.023958 0.040625
0 0.944271 0.077604 0.040625 0.034375
0 0.650000 0.654687 0.043750 0.030208