0 0.354167 0.919271 0.050000 0.053125
0 0.484375 0.528125 0.050000 0.050000
0 0.223958 0.384896 0.027083 0.046875
0 0.699479 0.511979 0.040625 0.051042
0 0.518750 0.563542 0.045833 0.045833
0 0.212500 0.153646 0.043750 0.042708
0 0.084896 0.141667 0.048958 0.027083
0 0.450000 0.523438 0.041667 0.032292
0 0.363021 0.731771 0.048958 0.044792
0 0.589063 0.221875 0.046875 0.045833
0 0.157292 0.420833 0.035417 0.037500
0 0.506771 0.584896 0.023958 0.042708
0 0.635417 0.137500 0.035417 0.037500
0 0.723958 0.135937 0.029167 0.044792
0 0.088542 0.246875 0.033333 0.045833
0 0.383854 0.348438 0.042708 0.051042
0 0.144792 0.393229 0.043750 0.026042
0 0.870833 0.484896 0.041667 0.032292
0 0.411979 0.596354 0.055208 0.046875
0 0.730729 0.510417 0.034375 0.039583
0 0.728125 0.242188 0.039583 0.036458
0 0.904167 0.084896 0.041667 0.032292
0 0.784375 0.451042 0.027083 0.037500
0 0.176563 0.119792 0.034375 0.043750
0 0.166146 0.156771 0.034375 0.051042
0 0.657292 0.651042 0.052083 0.041667
0 0.796875 0.383854 0.045833 0.055208
0 0.582292 0.236458 0.043750 0.037500
0 0.729167 0.813021 0.031250 0.051042
0 0.606250 0.943229 0.043750 0.040625
0 0.261458 0.551562 0.029167 0.044792
0 0.472396 0.369792 0.044792 0.037500
0 0.738542 0.210938 0.050000 0.034375
0 0.582812 0.231771 0.036458 0.046875
0 0.406771 0.863542 0.030208 0.039583
0 0.769271 0.613021 0.048958 0.028125
0 0.307292 0.926562 0.039583 0.036458
0 0.649479 0.156250 0.036458 0.047917
0 0.744792 0.323958 0.043750 0.033333
0 0.928125 0.422396 0.045833 0.034375
0 0.686979 0.675521 0.051042 0.038542
0 0.461458 0.888021 0.041667 0.042708
0 0.405729 0.243229 0.046875 0.026042
0 0.615104 0.662500 0.021875 0.043750
0 0.657813 0.820312 0.048958 0.046875
0 0.493750 0.327604 0.020833 0.040625
0 0.318750 0.383854 0.041667 0.032292
0 0.555729 0.951562 0.055208 0.044792
0 0.224479 0.374479 0.040625 0.028125
0 0.581771 0.634896 0.038542 0.046875
0 0.227083 0.678125 0.027083 0.037500
0 0.325521 0.404167 0.038542 0.029167
0 0.927083 0.609896 0.043750 0.042708
0 0.192188 0.156771 0.048958 0.028125
0 0.169792 0.378646 0.041667 0.055208
0 0.871875 0.629167 0.041667 0.047917
0 0.606250 0.370312 0.025000 0.046875
0 0.085417 0.750000 0.020833 0.039583
0 0.727604 0.955729 0.046875 0.023958
0 0.080729 0.145833 0.044792 0.035417
0 0.580729 0.708854 0.040625 0.044792
0 0.346875 0.912500 0.047917 0.037500
0 0.771875 0.834375 0.039583 0.047917
0 0.852604 0.829688 0.053125 0.030208
0 0.616667 0.701562 0.031250 0.048958
0 0.508333 0.232813 0.029167 0.040625
0 0.668229 0.259375 0.030208 0.043750
0 0.744271 0.497917 0.028125 0.039583
0 0.159375 0.686458 0.041667 0.037500
0 0.698958 0.901563 0.050000 0.042708
0 0.905208 0.203646 0.039583 0.023958
0 0.314063 0.649479 0.026042 0.046875
0 0.410938 0.776042 0.053125 0.045833
0 0.213021 0.342708 0.036458 0.020833
0 0.945312 0.196875 0.040625 0.047917
0 0.196354 0.950521 0.040625 0.034375
0 0.476562 0.911979 0.036458 0.040625
0 0.617708 0.155729 0.033333 0.040625
0 0.861979 0.148958 0.026042 0.037500
0 0.570312 0.503646 0.040625 0.044792
0 0.950521 0.782813 0.032292 0.040625
0 0.268750 0.570833 0.043750 0.022917
0 0.922917 0.864062 0.050000 0.038542
0 0.609375 0.286458 0.043750 0.033333
0 0.594271 0.267708 0.051042 0.029167
0 0.691146 0.625521 0.040625 0.032292
0 0.521875 0.440104 0.031250 0.048958
0 0.956250 0.285938 0.047917 0.055208
0 0.198437 0.720313 0.053125 0.053125
0 0.880729 0.425521 0.034375 0.040625
0 0.372396 0.895312 0.040625 0.038542
0 0.448958 0.672396 0.045833 0.038542
0 0.554688 0.720313 0.032292 0.044792
0 0.376042 0.516667 0.047917 0.041667
0 0.456250 0.542188 0.039583 0.028125
0 0.598437 0.753125 0.042708 0.037500
0 0.271875 0.573958 0.029167 0.037500
0 0.586458 0.688021 0.041667 0.032292
0 0.197396 0.719271 0.038542 0.040625
0 0.672396 0.336979 0.040625 0.051042
0 0.271875 0.671875 0.037500 0.027083
0 0.841667 0.782292 0.039583 0.041667
0 0.431250 0.349479 0.039583 0.036458
0 0.516146 0.256250 0.038542 0.047917
0 0.364063 0.254688 0.046875 0.048958
0 0.145833 0.176042 0.052083 0.045833
0 0.173958 0.781250 0.027083 0.037500
0 0.659375 0.846875 0.037500 0.041667
0 0.618229 0.844271 0.048958 0.034375
0 0.168750 0.919792 0.025000 0.041667
0 0.384375 0.789062 0.039583 0.048958
0 0.153646 0.603646 0.042708 0.021875
0 0.366146 0.568750 0.032292 0.043750
0 0.612500 0.559896 0.035417 0.048958
0 0.774479 0.579688 0.055208 0.046875
0 0.628125 0.267188 0.054167 0.036458
0 0.842187 0.392708 0.038542 0.029167
0 0.481250 0.363021 0.045833 0.055208
0 0.252604 0.604688 0.055208 0.046875
0 0.588542 0.458854 0.039583 0.036458
0 0.700521 0.721354 0.048958 0.046875
0 0.265625 0.134375 0.045833 0.031250
0 0.269792 0.133854 0.043750 0.040625
0 0.191667 0.705729 0.039583 0.055208
0 0.963021 0.875521 0.034375 0.051042
0 0.518750 0.113542 0.029167 0.050000
0 0.179688 0.904167 0.051042 0.050000
0 0.643750 0.596875 0.020833 0.035417
0 0.709375 0.719271 0.039583 0.044792
0 0.757812 0.384896 0.051042 0.036458
0 0.953646 0.856771 0.040625 0.044792
0 0.575521 0.572917 0.036458 0.047917
0 0.298438 0.765625 0.048958 0.025000
0 0.471354 0.622917 0.032292 0.043750
0 0.963542 0.201563 0.035417 0.044792
0 0.900521 0.375521 0.051042 0.038542
0 0.207813 0.178646 0.034375 0.040625
0 0.579688 0.555208 0.051042 0.047917
0 0.253646 0.165104 0.038542 0.051042
0 0.276042 0.317188 0.039583 0.044792
0 0.138542 0.385417 0.037500 0.047917
0 0.645312 0.660937 0.032292 0.048958
0 0.281250 0.466667 0.041667 0.027083
0 0.206250 0.858333 0.045833 0.052083
0 0.875000 0.873958 0.047917 0.050000
0 0.553646 0.258854 0.040625 0.026042
0 0.282813 0.823958 0.034375 0.047917
0 0.529687 0.589583 0.028125 0.043750
0 0.422917 0.463542 0.041667 0.031250
0 0.806250 0.340104 0.052083 0.032292
0 0.917188 0.811458 0.032292 0.047917
0 0.241667 0.821875 0.050000 0.047917
0 0.327083 0.522917 0.047917 0.041667
0 0.875521 0.127083 0.038542 0.043750
0 0.280729 0.385937 0.042708 0.051042
0 0.246875 0.457292 0.041667 0.039583
0 0.520833 0.541146 0.047917 0.044792
0 0.929167 0.093229 0.033333 0.040625
0 0.202083 0.193750 0.031250 0.037500
0 0.796354 0.533854 0.048958 0.032292
0 0.133854 0.811458 0.026042 0.041667
0 0.398438 0.316667 0.030208 0.043750
0 0.677083 0.209896 0.031250 0.048958
0 0.938021 0.827083 0.023958 0.041667
0 0.117188 0.393229 0.044792 0.042708
0 0.315104 0.140104 0.055208 0.051042
0 0.856250 0.829167 0.039583 0.047917
0 0.233333 0.871875 0.052083 0.041667
0 0.541667 0.481250 0.027083 0.037500
0 0.209896 0.172396 0.044792 0.026042
0 0.347917 0.197396 0.039583 0.023958
0 0.393750 0.171354 0.043750 0.030208
0 0.125000 0.107813 0.039583 0.028125
0 0.264583 0.942708 0.043750 0.033333
0 0.684375 0.657813 0.039583 0.044792
0 0.094271 0.543229 0.046875 0.040625
0 0.881250 0.735938 0.052083 0.053125
0 0.292708 0.616667 0.037500 0.035417
0 0.794792 0.379167 0.031250 0.037500
0 0.504167 0.357812 0.045833 0.048958
0 0.852083 0.947917 0.047917 0.035417
0 0.076042 0.350521 0.039583 0.036458
0 0.651563 0.403125 0.036458 0.052083
0 0.522396 0.822917 0.053125 0.037500
0 0.296354 0.735417 0.023958 0.045833
0 0.757812 0.259375 0.036458 0.022917
0 0.527604 0.967708 0.046875 0.045833
0 0.481771 0.123438 0.034375 0.046875
0 0.174479 0.173958 0.044792 0.035417
0 0.441146 0.400000 0.051042 0.033333
0 0.483333 0.275000 0.052083 0.043750
0 0.190104 0.652604 0.032292 0.040625
0 0.821875 0.790625 0.025000 0.047917
0 0.669792 0.307292 0.035417 0.037500
0 0.781250 0.231250 0.035417 0.020833
0 0.316667 0.244792 0.033333 0.043750
0 0.463021 0.225521 0.044792 0.042708
0 0.826042 0.720833 0.029167 0.041667
0 0.575521 0.909896 0.044792 0.042708
0 0.481771 0.158333 0.048958 0.033333
0 0.508854 0.195312 0.034375 0.040625
0 0.867708 0.558854 0.043750 0.030208
0 0.885417 0.359375 0.027083 0.047917
0 0.719792 0.359896 0.031250 0.044792
0 0.900000 0.280729 0.039583 0.048958
0 0.555208 0.338542 0.035417 0.037500
0 0.303646 0.751042 0.044792 0.045833
0 0.527604 0.347396 0.042708 0.044792
0 0.927083 0.622396 0.035417 0.053125
0 0.393750 0.863542 0.047917 0.027083
0 0.229167 0.188542 0.027083 0.045833
0 0.886458 0.500521 0.050000 0.040625
0 0.084375 0.926042 0.052083 0.045833
0 0.135937 0.163021 0.051042 0.055208
0 0.561979 0.248438 0.048958 0.046875
0 0.223438 0.861979 0.046875 0.038542
0 0.296875 0.167708 0.029167 0.045833
0 0.338542 0.491146 0.018750 0.038542
0 0.102604 0.136979 0.023958 0.042708
0 0.732812 0.924479 0.042708 0.051042
0 0.248958 0.076042 0.041667 0.025000
0 0.914062 0.431771 0.030208 0.044792
0 0.249479 0.966667 0.030208 0.039583
0 0.691146 0.213542 0.042708 0.047917
0 0.860417 0.414062 0.039583 0.034375
0 0.184896 0.337500 0.040625 0.025000
0 0.838542 0.731250 0.050000 0.047917
0 0.554688 0.663021 0.040625 0.032292
0 0.377604 0.437500 0.036458 0.052083
0 0.351042 0.781771 0.045833 0.034375
0 0.892188 0.693750 0.030208 0.050000
0 0.088542 0.463021 0.033333 0.044792
0 0.256771 0.174479 0.032292 0.053125
0 0.104688 0.606250 0.046875 0.043750
0 0.946875 0.108333 0.025000 0.041667
0 0.090625 0.914062 0.033333 0.048958
0 0.627604 0.291146 0.023958 0.042708
0 0.514062 0.440625 0.040625 0.022917
0 0.930729 0.323958 0.053125 0.037500
0 0.073958 0.380208 0.031250 0.037500
0 0.267708 0.847396 0.025000 0.042708
0 0.138021 0.475521 0.044792 0.055208
0 0.442188 0.515625 0.028125 0.045833
0 0.175521 0.586979 0.053125 0.053125
0 0.380208 0.745833 0.031250 0.045833
0 0.712500 0.942187 0.050000 0.053125
0 0.251563 0.172917 0.051042 0.050000
0 0.948438 0.828646 0.036458 0.040625
0 0.953125 0.393750 0.029167 0.050000
0 0.734896 0.155729 0.055208 0.046875
0 0.803646 0.465625 0.038542 0.031250
0 0.820312 0.919792 0.042708 0.041667
0 0.247917 0.206771 0.054167 0.051042
0 0.133854 0.945833 0.038542 0.047917
0 0.192188 0.451042 0.038542 0.033333
0 0.850521 0.144792 0.028125 0.039583
0 0.623437 0.846875 0.046875 0.045833
0 0.858333 0.923958 0.037500 0.029167
0 0.792188 0.838542 0.042708 0.041667
0 0.286979 0.325000 0.019792 0.037500
0 0.146875 0.087500 0.041667 0.047917
0 0.834375 0.548958 0.029167 0.050000
0 0.954167 0.653646 0.050000 0.042708
0 0.704167 0.327083 0.033333 0.037500
0 0.454688 0.779167 0.044792 0.052083
0 0.172917 0.811979 0.045833 0.032292
0 0.964583 0.894271 0.039583 0.044792
0 0.338542 0.522396 0.039583 0.028125
0 0.070312 0.739583 0.028125 0.043750
0 0.744271 0.091667 0.019792 0.039583
0 0.856250 0.356771 0.047917 0.030208
0 0.711979 0.155208 0.044792 0.047917
0 0.957292 0.954688 0.037500 0.044792
0 0.213021 0.202083 0.030208 0.039583
0 0.431771 0.545312 0.038542 0.046875
0 0.857812 0.610938 0.051042 0.038542
0 0.105729 0.832292 0.044792 0.033333
0 0.165625 0.442188 0.054167 0.044792
0 0.801562 0.919271 0.048958 0.034375
0 0.938021 0.629687 0.051042 0.038542
0 0.585938 0.644792 0.030208 0.039583
0 0.086458 0.656250 0.052083 0.043750
0 0.911979 0.322917 0.028125 0.050000
0 0.377604 0.827604 0.026042 0.040625
0 0.310937 0.555208 0.038542 0.052083
0 0.389583 0.198958 0.035417 0.018750
0 0.454167 0.858333 0.025000 0.043750
0 0.401562 0.810937 0.032292 0.053125
0 0.747917 0.655208 0.035417 0.047917
0 0.274479 0.842187 0.048958 0.023958
0 0.866667 0.272396 0.031250 0.044792
0 0.849479 0.876563 0.040625 0.051042
0 0.786458 0.166146 0.020833 0.042708
0 0.952604 0.320833 0.028125 0.041667
0 0.957292 0.299479 0.050000 0.044792
0 0.293750 0.485417 0.039583 0.022917
0 0.693229 0.097396 0.038542 0.040625
0 0.457292 0.415104 0.033333 0.053125
0 0.261979 0.215104 0.032292 0.048958
0 0.366667 0.178125 0.052083 0.043750
0 0.760938 0.497917 0.046875 0.045833
0 0.688021 0.726042 0.048958 0.041667
0 0.789583 0.379167 0.043750 0.052083
0 0.581771 0.089583 0.036458 0.043750
0 0.547917 0.140104 0.029167 0.044792
0 0.880729 0.858333 0.044792 0.035417
0 0.681771 0.632292 0.034375 0.037500
0 0.867708 0.619792 0.022917 0.037500
0 0.794271 0.953646 0.042708 0.023958
0 0.375000 0.127604 0.031250 0.044792
0 0.815104 0.776042 0.038542 0.033333
0 0.501563 0.613542 0.042708 0.039583
0 0.689583 0.382812 0.035417 0.048958
0 0.323958 0.589063 0.039583 0.044792
0 0.079167 0.116667 0.035417 0.037500
0 0.223438 0.405208 0.040625 0.022917
0 0.533333 0.851042 0.035417 0.037500
0 0.588021 0.544271 0.040625 0.036458
0 0.402083 0.809375 0.025000 0.039583
0 0.262500 0.704688 0.022917 0.044792
0 0.609896 0.740104 0.040625 0.046875
0 0.482812 0.381771 0.021875 0.038542
0 0.806250 0.328646 0.047917 0.032292
0 0.217708 0.603125 0.037500 0.043750
0 0.194792 0.362500 0.043750 0.025000
0 0.275000 0.358854 0.043750 0.042708
0 0.660937 0.229167 0.053125 0.045833
0 0.648438 0.959896 0.044792 0.042708
0 0.176563 0.360417 0.048958 0.027083
0 0.645312 0.114062 0.046875 0.048958
0 0.623958 0.756771 0.045833 0.026042
0 0.566146 0.442708 0.053125 0.043750
0 0.269792 0.895833 0.043750 0.035417
0 0.278125 0.357292 0.027083 0.037500
0 0.923438 0.965625 0.040625 0.054167
0 0.962500 0.240104 0.039583 0.034375
0 0.515625 0.136979 0.050000 0.028125
0 0.688542 0.304167 0.045833 0.031250
0 0.251563 0.880729 0.028125 0.040625
0 0.798438 0.284896 0.048958 0.046875
0 0.650521 0.642708 0.040625 0.047917
0 0.867188 0.947396 0.040625 0.026042
0 0.512500 0.471354 0.031250 0.048958
0 0.820833 0.094792 0.050000 0.050000
0 0.681250 0.230208 0.025000 0.037500
0 0.425000 0.290104 0.050000 0.053125
0 0.275000 0.732812 0.039583 0.026042
0 0.128646 0.612500 0.048958 0.033333
0 0.535417 0.534375 0.041667 0.031250
0 0.244271 0.894271 0.046875 0.048958
0 0.783333 0.116146 0.039583 0.036458
0 0.729688 0.676042 0.042708 0.047917
0 0.305208 0.965625 0.035417 0.043750
0 0.860417 0.368229 0.039583 0.034375
0 0.326042 0.759896 0.039583 0.038542
0 0.941667 0.654167 0.039583 0.041667
0 0.080729 0.155208 0.040625 0.041667
0 0.727604 0.715625 0.038542 0.043750
0 0.151562 0.490625 0.021875 0.037500
0 0.740104 0.659375 0.040625 0.054167
0 0.072917 0.753125 0.037500 0.027083
0 0.510417 0.318750 0.043750 0.045833
0 0.759896 0.545833 0.044792 0.045833
0 0.172917 0.368750 0.020833 0.039583
0 0.252083 0.260937 0.039583 0.023958
0 0.322396 0.452604 0.044792 0.044792
0 0.473438 0.887500 0.036458 0.020833
0 0.422396 0.892708 0.053125 0.039583
0 0.275521 0.194792 0.053125 0.043750
0 0.706250 0.686979 0.041667 0.055208
0 0.647396 0.716667 0.028125 0.039583
0 0.691667 0.281771 0.041667 0.044792
0 0.288542 0.355729 0.039583 0.034375
0 0.746875 0.271354 0.039583 0.053125
0 0.243750 0.653125 0.043750 0.035417
0 0.579167 0.943750 0.039583 0.020833
0 0.142187 0.745833 0.048958 0.052083
0 0.783333 0.633854 0.031250 0.051042
0 0.601562 0.855208 0.036458 0.047917
0 0.390104 0.271875 0.038542 0.033333
0 0.760417 0.685417 0.033333 0.047917
0 0.226042 0.142708 0.039583 0.052083
0 0.185938 0.573958 0.032292 0.047917
0 0.113542 0.208333 0.052083 0.043750
0 0.471875 0.824479 0.050000 0.034375
0 0.927604 0.908854 0.051042 0.038542
0 0.294271 0.374479 0.046875 0.026042
0 0.261458 0.714063 0.041667 0.032292
0 0.439063 0.330729 0.055208 0.038542
0 0.769271 0.386979 0.034375 0.046875
0 0.443229 0.224479 0.040625 0.038542
0 0.394271 0.446875 0.044792 0.052083
0 0.076563 0.161458 0.034375 0.039583
0 0.636979 0.560937 0.040625 0.023958
0 0.535417 0.808854 0.045833 0.023958
0 0.131771 0.405208 0.042708 0.039583
0 0.697917 0.701042 0.033333 0.047917
0 0.554167 0.502604 0.045833 0.036458
0 0.369271 0.221354 0.048958 0.046875
0 0.512500 0.381771 0.045833 0.036458
0 0.967708 0.925521 0.043750 0.026042
0 0.094271 0.505208 0.040625 0.041667
0 0.970313 0.731771 0.044792 0.032292
0 0.155208 0.227083 0.037500 0.052083
0 0.680208 0.515104 0.045833 0.040625
0 0.225521 0.796875 0.046875 0.045833
0 0.152604 0.751042 0.038542 0.029167
0 0.739583 0.499479 0.054167 0.040625
0 0.743750 0.353646 0.037500 0.048958
0 0.439583 0.679688 0.029167 0.040625
0 0.142187 0.827604 0.021875 0.042708
0 0.240625 0.196875 0.029167 0.041667
0 0.921875 0.796354 0.039583 0.028125
0 0.825521 0.929167 0.038542 0.031250
0 0.201042 0.742708 0.033333 0.050000
0 0.847917 0.705729 0.045833 0.040625
0 0.558854 0.444271 0.023958 0.040625
0 0.587500 0.353646 0.045833 0.036458
0 0.181771 0.785937 0.040625 0.036458
0 0.351562 0.910417 0.023958 0.041667
0 0.677083 0.791146 0.039583 0.030208
0 0.172396 0.114062 0.038542 0.021875
0 0.962500 0.273958 0.037500 0.025000
0 0.726562 0.762500 0.028125 0.041667
0 0.134375 0.781771 0.045833 0.032292
0 0.481771 0.166146 0.040625 0.023958
0 0.747396 0.763542 0.021875 0.037500
0 0.660417 0.200521 0.047917 0.046875
0 0.729167 0.766667 0.037500 0.041667
0 0.758333 0.513021 0.037500 0.038542
0 0.276042 0.157812 0.054167 0.038542
0 0.949479 0.753646 0.053125 0.030208
0 0.889583 0.690104 0.047917 0.032292
0 0.755729 0.833333 0.038542 0.035417
0 0.346875 0.522917 0.037500 0.035417
0 0.895833 0.106771 0.047917 0.030208
0 0.965104 0.437500 0.048958 0.027083
0 0.915625 0.251042 0.041667 0.047917
0 0.213542 0.291667 0.052083 0.047917
0 0.600521 0.489063 0.030208 0.048958
0 0.535937 0.383333 0.038542 0.033333
0 0.340104 0.785417 0.046875 0.043750
0 0.608333 0.100000 0.050000 0.031250
0 0.933333 0.566667 0.037500 0.033333
0 0.868229 0.178125 0.046875 0.043750
0 0.940104 0.159375 0.048958 0.041667
0 0.696354 0.256250 0.053125 0.039583
0 0.926042 0.765104 0.035417 0.048958
0 0.854167 0.187500 0.025000 0.037500
0 0.513542 0.506250 0.037500 0.029167
0 0.515625 0.688021 0.037500 0.044792
0 0.334896 0.511458 0.038542 0.052083
0 0.197396 0.177604 0.023958 0.038542
0 0.802604 0.706250 0.042708 0.047917
0 0.342187 0.867188 0.038542 0.051042
0 0.396354 0.607292 0.044792 0.035417
0 0.427604 0.668750 0.042708 0.041667
0 0.686458 0.389062 0.037500 0.021875
0 0.142708 0.453646 0.039583 0.028125
0 0.284896 0.877604 0.040625 0.044792
0 0.598437 0.328125 0.019792 0.035417
0 0.717708 0.115625 0.041667 0.025000
0 0.425521 0.848437 0.051042 0.055208
0 0.154688 0.618229 0.046875 0.032292
0 0.756771 0.873958 0.036458 0.037500
0 0.683333 0.121875 0.050000 0.047917
0 0.294271 0.170313 0.034375 0.040625
0 0.425521 0.883854 0.044792 0.055208
0 0.833333 0.415104 0.039583 0.028125
0 0.899479 0.777604 0.046875 0.048958
0 0.491667 0.567708 0.031250 0.050000
0 0.956771 0.721875 0.030208 0.043750
0 0.496875 0.164062 0.020833 0.038542
0 0.942708 0.428646 0.041667 0.032292
0 0.073438 0.531250 0.042708 0.039583
0 0.120833 0.069271 0.043750 0.028125
0 0.355729 0.534375 0.038542 0.047917
0 0.096875 0.955208 0.022917 0.039583
0 0.158333 0.721875 0.035417 0.037500
0 0.088021 0.744792 0.028125 0.039583
0 0.342708 0.637500 0.039583 0.041667
0 0.363542 0.671354 0.045833 0.028125
0 0.190104 0.243750 0.034375 0.037500
0 0.462500 0.794792 0.041667 0.039583
0 0.136458 0.442708 0.027083 0.037500
0 0.611979 0.686458 0.053125 0.045833
0 0.721875 0.722396 0.027083 0.042708
0 0.661458 0.799479 0.043750 0.030208
0 0.479687 0.205729 0.028125 0.048958
0 0.588542 0.250000 0.020833 0.039583
0 0.368229 0.928646 0.026042 0.040625
0 0.750521 0.422917 0.044792 0.047917
0 0.466667 0.498958 0.029167 0.050000
0 0.577083 0.735938 0.043750 0.048958
0 0.084896 0.131250 0.038542 0.031250
0 0.556250 0.639583 0.031250 0.041667
0 0.575000 0.564063 0.045833 0.026042
0 0.971354 0.452604 0.051042 0.044792
0 0.559896 0.529687 0.044792 0.051042
0 0.847396 0.168750 0.028125 0.050000
0 0.386458 0.315625 0.041667 0.031250
0 0.916146 0.601042 0.040625 0.041667
0 0.805208 0.739062 0.054167 0.051042
0 0.474479 0.520312 0.038542 0.051042
0 0.827083 0.383854 0.039583 0.044792
0 0.860938 0.168750 0.053125 0.045833
0 0.821354 0.743229 0.051042 0.055208
0 0.725000 0.636979 0.050000 0.034375
0 0.113542 0.077083 0.045833 0.033333
0 0.936979 0.550000 0.030208 0.039583
0 0.109375 0.639062 0.054167 0.048958
0 0.077604 0.695833 0.038542 0.025000
0 0.793229 0.183854 0.021875 0.038542
0 0.632812 0.713542 0.048958 0.050000
0 0.679688 0.827083 0.051042 0.050000
0 0.517188 0.819271 0.046875 0.048958
0 0.869271 0.319271 0.044792 0.040625
0 0.296354 0.170313 0.034375 0.040625
0 0.820833 0.900521 0.050000 0.038542
0 0.903646 0.281771 0.048958 0.055208
0 0.321875 0.439063 0.033333 0.053125
0 0.302604 0.539583 0.030208 0.039583
0 0.558333 0.509896 0.039583 0.032292
0 0.400521 0.842187 0.044792 0.032292
0 0.758333 0.470833 0.033333 0.050000
0 0.286458 0.876042 0.047917 0.035417
0 0.785937 0.577604 0.036458 0.040625
0 0.574479 0.395313 0.036458 0.040625
0 0.260417 0.498958 0.043750 0.033333
0 0.544271 0.189062 0.036458 0.046875
0 0.735938 0.954688 0.038542 0.055208
0 0.639583 0.241667 0.052083 0.037500
0 0.169792 0.838021 0.043750 0.040625
0 0.385417 0.536979 0.054167 0.036458
0 0.615104 0.717708 0.032292 0.052083
0 0.508333 0.471354 0.043750 0.030208
0 0.358333 0.540625 0.037500 0.029167
0 0.181771 0.181250 0.030208 0.047917
0 0.309375 0.197396 0.027083 0.040625
0 0.879167 0.090104 0.037500 0.040625
0 0.675000 0.572396 0.027083 0.046875
0 0.716667 0.595833 0.039583 0.025000
0 0.589583 0.236458 0.027083 0.041667
0 0.710938 0.609375 0.038542 0.047917
0 0.452604 0.441146 0.030208 0.040625
0 0.731250 0.806771 0.045833 0.023958
0 0.403646 0.757292 0.040625 0.041667
0 0.720313 0.145833 0.046875 0.043750
0 0.648438 0.895833 0.040625 0.041667
0 0.373958 0.603125 0.033333 0.050000
0 0.376042 0.672396 0.022917 0.042708
0 0.392188 0.300521 0.042708 0.044792
0 0.955729 0.401042 0.042708 0.054167
0 0.282292 0.164583 0.039583 0.052083
0 0.861458 0.793750 0.050000 0.050000
0 0.964583 0.266667 0.041667 0.031250
0 0.816667 0.131771 0.041667 0.048958
0 0.684896 0.511458 0.019792 0.039583
0 0.107292 0.214583 0.045833 0.031250
0 0.516667 0.305729 0.039583 0.028125
0 0.701042 0.095312 0.033333 0.040625
0 0.531771 0.205208 0.048958 0.039583
0 0.534896 0.709896 0.036458 0.040625
0 0.845833 0.780729 0.041667 0.055208
0 0.699479 0.429688 0.051042 0.036458
0 0.571354 0.472396 0.051042 0.042708
0 0.293750 0.283333 0.047917 0.025000
0 0.809375 0.550521 0.043750 0.030208
0 0.750521 0.877604 0.053125 0.032292
0 0.714063 0.559375 0.048958 0.025000
0 0.733333 0.417187 0.039583 0.034375
0 0.439583 0.661458 0.043750 0.033333
0 0.696875 0.658333 0.037500 0.033333
0 0.307812 0.842187 0.053125 0.034375
0 0.230208 0.292187 0.029167 0.044792
0 0.294792 0.919271 0.039583 0.055208
0 0.529687 0.855729 0.019792 0.038542
0 0.650000 0.243750 0.039583 0.020833
0 0.152604 0.921354 0.040625 0.030208
0 0.147917 0.934896 0.039583 0.026042
0 0.220312 0.275521 0.055208 0.042708
0 0.897917 0.479687 0.039583 0.055208
0 0.436979 0.144792 0.036458 0.052083
0 0.933854 0.340625 0.038542 0.047917
0 0.877083 0.592187 0.039583 0.034375
0 0.572396 0.561979 0.040625 0.044792
0 0.181250 0.500521 0.050000 0.028125
0 0.177604 0.213542 0.028125 0.039583
0 0.507812 0.170313 0.042708 0.044792
0 0.403646 0.539062 0.030208 0.051042
0 0.895833 0.333854 0.045833 0.026042
0 0.649479 0.700521 0.046875 0.038542
0 0.507292 0.411979 0.045833 0.026042
0 0.616146 0.279687 0.048958 0.046875
0 0.310937 0.219271 0.055208 0.040625
0 0.464583 0.909375 0.045833 0.031250
0 0.452604 0.387500 0.038542 0.033333
0 0.722917 0.590104 0.039583 0.044792
0 0.804167 0.363021 0.043750 0.040625
0 0.327604 0.151042 0.053125 0.039583
0 0.788542 0.734375 0.033333 0.037500
0 0.154688 0.327604 0.040625 0.032292
0 0.504687 0.588542 0.053125 0.045833
0 0.472917 0.613021 0.020833 0.040625
0 0.896354 0.731250 0.042708 0.047917
0 0.175521 0.240625 0.038542 0.035417
0 0.800000 0.911979 0.037500 0.021875
0 0.896875 0.252604 0.041667 0.044792
0 0.517188 0.729688 0.038542 0.040625
0 0.805729 0.394271 0.053125 0.034375
0 0.879687 0.500000 0.021875 0.037500
0 0.809896 0.394271 0.044792 0.028125
0 0.392188 0.817708 0.021875 0.039583
0 0.071875 0.403125 0.037500 0.033333
0 0.410417 0.705208 0.018750 0.035417
0 0.246875 0.584896 0.050000 0.044792
0 0.129167 0.600521 0.031250 0.048958
0 0.582812 0.271354 0.046875 0.048958
0 0.310937 0.766667 0.036458 0.020833
0 0.430729 0.927083 0.040625 0.022917
0 0.952604 0.099479 0.044792 0.040625
0 0.332292 0.546354 0.033333 0.048958
0 0.713542 0.605729 0.035417 0.017708