0 0.766667 0.814063 0.045833 0.040625
0 0.934375 0.821875 0.037500 0.031250
0 0.493229 0.651563 0.055208 0.040625
0 0.554688 0.101042 0.028125 0.043750
0 0.127604 0.225521 0.051042 0.026042
0 0.134896 0.383854 0.028125 0.051042
0 0.310417 0.523438 0.050000 0.040625
0 0.346875 0.418229 0.039583 0.036458
0 0.609896 0.141667 0.038542 0.025000
0 0.296875 0.538021 0.052083 0.032292
0 0.570312 0.486979 0.038542 0.038542
0 0.344271 0.612500 0.042708 0.037500
0 0.764583 0.072917 0.043750 0.025000
0 0.335938 0.604167 0.038542 0.033333
0 0.728125 0.118750 0.041667 0.047917
0 0.848437 0.879687 0.053125 0.034375
0 0.422396 0.486458 0.034375 0.039583
0 0.953646 0.785417 0.026042 0.050000
0 0.414583 0.616146 0.039583 0.038542
0 0.638021 0.568750 0.046875 0.045833
0 0.613021 0.107292 0.053125 0.043750
0 0.689583 0.241667 0.035417 0.043750
0 0.204687 0.419792 0.034375 0.047917
0 0.493750 0.843750 0.031250 0.050000
0 0.475521 0.386458 0.042708 0.047917
0 0.735417 0.108854 0.037500 0.040625
0 0.615104 0.420833 0.042708 0.041667
0 0.086979 0.839583 0.040625 0.020833
0 0.706771 0.260417 0.038542 0.035417
0 0.221875 0.839063 0.022917 0.040625
0 0.122396 0.072396 0.046875 0.040625
0 0.105729 0.411979 0.044792 0.051042
0 0.246354 0.517188 0.026042 0.040625
0 0.602083 0.915625 0.043750 0.045833
0 0.780208 0.677604 0.018750 0.036458
0 0.579688 0.636458 0.023958 0.037500
0 0.200521 0.281250 0.044792 0.045833
0 0.441146 0.210938 0.046875 0.038542
0 0.422396 0.143750 0.023958 0.041667
0 0.303646 0.822917 0.032292 0.039583
0 0.613021 0.334375 0.038542 0.033333
0 0.467187 0.584375 0.048958 0.052083
0 0.896875 0.136979 0.039583 0.028125
0 0.469792 0.319792 0.039583 0.047917
0 0.477083 0.345313 0.037500 0.040625
0 0.600000 0.418229 0.045833 0.036458
0 0.585938 0.715625 0.042708 0.039583
0 0.761458 0.161979 0.031250 0.040625
0 0.870313 0.170833 0.034375 0.047917
0 0.789062 0.703646 0.048958 0.046875
0 0.400000 0.128125 0.035417 0.037500
0 0.545833 0.638542 0.041667 0.039583
0 0.187500 0.565104 0.037500 0.038542
0 0.773958 0.698958 0.041667 0.031250
0 0.943229 0.074479 0.055208 0.044792
0 0.755729 0.630208 0.044792 0.035417
0 0.831250 0.910417 0.047917 0.037500
0 0.678646 0.914583 0.036458 0.047917
0 0.221354 0.304688 0.055208 0.051042
0 0.325521 0.218229 0.053125 0.034375
0 0.335938 0.898438 0.055208 0.036458
0 0.191667 0.873958 0.020833 0.039583
0 0.250000 0.644271 0.054167 0.048958
0 0.083854 0.309375 0.028125 0.045833
0 0.827604 0.929167 0.042708 0.047917
0 0.661979 0.510417 0.044792 0.033333
0 0.717708 0.676562 0.029167 0.048958
0 0.850000 0.366146 0.039583 0.032292
0 0.945833 0.132292 0.025000 0.043750
0 0.901042 0.822396 0.043750 0.048958
0 0.426563 0.871354 0.040625 0.028125
0 0.725000 0.373958 0.039583 0.020833
0 0.211458 0.489063 0.033333 0.053125
0 0.530208 0.496354 0.027083 0.046875
0 0.179688 0.382812 0.034375 0.048958
0 0.259896 0.560937 0.051042 0.042708
0 0.573958 0.803125 0.047917 0.035417
0 0.407292 0.585938 0.025000 0.042708
0 0.707292 0.761979 0.035417 0.044792
0 0.596354 0.381250 0.048958 0.027083
0 0.438021 0.726562 0.032292 0.044792
0 0.735938 0.822917 0.032292 0.047917
0 0.861458 0.623437 0.029167 0.051042
0 0.316146 0.695833 0.038542 0.035417
0 0.305208 0.908854 0.037500 0.048958
0 0.830208 0.804167 0.045833 0.043750
0 0.446354 0.323437 0.048958 0.044792
0 0.885938 0.320312 0.046875 0.048958
0 0.326562 0.280729 0.023958 0.040625
0 0.288542 0.893229 0.041667 0.048958
0 0.167187 0.960938 0.051042 0.044792
0 0.934375 0.688542 0.035417 0.037500
0 0.573958 0.677083 0.029167 0.045833
0 0.082812 0.526563 0.055208 0.048958
0 0.356771 0.734375 0.046875 0.043750
0 0.672396 0.412500 0.048958 0.025000
0 0.303646 0.671354 0.046875 0.026042
0 0.726562 0.467708 0.038542 0.035417
0 0.692187 0.199479 0.055208 0.044792
0 0.621875 0.496875 0.031250 0.037500
0 0.421875 0.356771 0.035417 0.048958
0 0.400521 0.935937 0.021875 0.044792
0 0.311979 0.242708 0.053125 0.035417
0 0.849479 0.915104 0.055208 0.040625
0 0.123438 0.548438 0.040625 0.051042
0 0.750000 0.733333 0.045833 0.027083
0 0.719271 0.146354 0.055208 0.038542
0 0.868229 0.200521 0.042708 0.023958
0 0.784375 0.693229 0.045833 0.040625
0 0.894271 0.385937 0.042708 0.044792
0 0.868750 0.386979 0.050000 0.026042
0 0.182812 0.613021 0.028125 0.040625
0 0.195312 0.313542 0.038542 0.047917
0 0.673958 0.763021 0.043750 0.048958
0 0.617188 0.285938 0.055208 0.046875
0 0.768750 0.656771 0.041667 0.048958
0 0.627083 0.453646 0.047917 0.023958
0 0.207292 0.159375 0.039583 0.041667
0 0.626042 0.917708 0.047917 0.050000
0 0.856771 0.646354 0.040625 0.026042
0 0.743229 0.247917 0.048958 0.037500
0 0.682292 0.584375 0.033333 0.047917
0 0.751563 0.628125 0.042708 0.047917
0 0.682813 0.175521 0.044792 0.040625
0 0.755729 0.943229 0.042708 0.055208
0 0.314583 0.911979 0.029167 0.040625
0 0.418229 0.764062 0.051042 0.042708
0 0.900521 0.825521 0.040625 0.032292
0 0.261979 0.318229 0.040625 0.028125
0 0.916667 0.533333 0.041667 0.037500
0 0.205729 0.786979 0.021875 0.042708
0 0.826562 0.394271 0.051042 0.055208
0 0.075000 0.479167 0.043750 0.033333
0 0.798438 0.966146 0.046875 0.048958
0 0.440625 0.326562 0.041667 0.021875
0 0.584896 0.610417 0.021875 0.039583
0 0.918229 0.528646 0.044792 0.030208
0 0.764062 0.639583 0.038542 0.033333
0 0.182292 0.956771 0.054167 0.046875
0 0.496875 0.946875 0.027083 0.041667
0 0.541146 0.084896 0.051042 0.026042
0 0.795833 0.221354 0.041667 0.044792
0 0.925521 0.931250 0.046875 0.052083
0 0.230729 0.629167 0.032292 0.039583
0 0.470833 0.209375 0.025000 0.037500
0 0.449479 0.580208 0.042708 0.039583
0 0.118229 0.715104 0.044792 0.030208
0 0.920833 0.166146 0.043750 0.040625
0 0.686458 0.658854 0.037500 0.040625
0 0.100000 0.229167 0.041667 0.047917
0 0.836979 0.628646 0.040625 0.030208
0 0.694271 0.208854 0.046875 0.048958
0 0.510938 0.467187 0.046875 0.034375
0 0.672396 0.822917 0.038542 0.033333
0 0.849479 0.941146 0.028125 0.044792
0 0.778646 0.546354 0.046875 0.048958
0 0.359375 0.367188 0.039583 0.034375
0 0.147917 0.913542 0.022917 0.035417
0 0.913542 0.225000 0.045833 0.022917
0 0.278125 0.727083 0.033333 0.037500
0 0.165104 0.101042 0.021875 0.043750
0 0.848437 0.240625 0.051042 0.031250
0 0.116667 0.506250 0.041667 0.039583
0 0.755729 0.827604 0.051042 0.038542
0 0.882292 0.474479 0.045833 0.034375
0 0.606771 0.931771 0.040625 0.038542
0 0.379167 0.378646 0.039583 0.036458
0 0.397917 0.526563 0.050000 0.040625
0 0.401042 0.335417 0.043750 0.052083
0 0.406250 0.488021 0.045833 0.055208
0 0.288021 0.591667 0.053125 0.043750
0 0.260417 0.568750 0.043750 0.022917
0 0.581250 0.402604 0.020833 0.036458
0 0.290625 0.119271 0.033333 0.044792
0 0.669271 0.405208 0.023958 0.037500
0 0.450521 0.896354 0.023958 0.038542
0 0.625521 0.942708 0.028125 0.050000
0 0.765625 0.823438 0.052083 0.051042
0 0.916146 0.614583 0.019792 0.037500
0 0.808854 0.658333 0.048958 0.052083
0 0.676562 0.464062 0.023958 0.048958
0 0.525000 0.478646 0.045833 0.055208
0 0.343750 0.501563 0.037500 0.053125
0 0.442708 0.492188 0.050000 0.026042
0 0.848437 0.273958 0.053125 0.039583
0 0.517708 0.591667 0.033333 0.045833
0 0.097917 0.351562 0.018750 0.038542
0 0.422917 0.323437 0.043750 0.048958
0 0.311458 0.617708 0.043750 0.033333
0 0.411458 0.357292 0.045833 0.052083
0 0.633333 0.746875 0.037500 0.035417
0 0.532292 0.786979 0.045833 0.055208
0 0.544792 0.515625 0.045833 0.022917
0 0.300000 0.844792 0.031250 0.037500
0 0.756250 0.705729 0.039583 0.034375
0 0.279687 0.629687 0.044792 0.026042
0 0.901042 0.669792 0.020833 0.039583
0 0.308333 0.144792 0.031250 0.045833
0 0.583333 0.448958 0.052083 0.041667
0 0.577083 0.302604 0.039583 0.030208
0 0.929167 0.545833 0.041667 0.025000
0 0.426563 0.785417 0.046875 0.027083
0 0.967187 0.227604 0.046875 0.028125
0 0.590625 0.939063 0.020833 0.042708
0 0.400000 0.402604 0.050000 0.040625
0 0.387500 0.289062 0.050000 0.042708
0 0.787500 0.504687 0.029167 0.046875
0 0.418229 0.580208 0.036458 0.043750
0 0.340104 0.083854 0.040625 0.036458
0 0.930729 0.675000 0.040625 0.052083
0 0.654687 0.352083 0.038542 0.035417
0 0.301042 0.785937 0.022917 0.040625
0 0.903125 0.559375 0.037500 0.025000
0 0.317708 0.954688 0.039583 0.026042
0 0.716146 0.433333 0.017708 0.035417
0 0.443750 0.101562 0.041667 0.042708
0 0.945312 0.207292 0.040625 0.022917
0 0.953125 0.206771 0.039583 0.032292
0 0.187500 0.524479 0.050000 0.044792
0 0.678125 0.614062 0.031250 0.044792
0 0.472396 0.168750 0.023958 0.037500
0 0.167187 0.270313 0.021875 0.044792
0 0.418229 0.181771 0.034375 0.040625
0 0.455208 0.702604 0.031250 0.040625
0 0.378646 0.942187 0.030208 0.048958
0 0.485938 0.095312 0.053125 0.032292
0 0.421354 0.356771 0.040625 0.026042
0 0.418750 0.687500 0.037500 0.029167
0 0.257292 0.205208 0.052083 0.039583
0 0.782292 0.262500 0.035417 0.043750
0 0.284896 0.579688 0.038542 0.040625
0 0.679688 0.733854 0.028125 0.044792
0 0.458854 0.485417 0.042708 0.031250
0 0.203646 0.943750 0.026042 0.050000
0 0.488542 0.333333 0.029167 0.041667
0 0.124479 0.346875 0.038542 0.052083
0 0.866667 0.598437 0.033333 0.044792
0 0.441667 0.463021 0.045833 0.036458
0 0.422917 0.624479 0.039583 0.034375
0 0.664583 0.182292 0.018750 0.035417
0 0.660937 0.826562 0.034375 0.040625
0 0.376563 0.545833 0.053125 0.047917
0 0.122396 0.143750 0.044792 0.035417
0 0.480208 0.635417 0.037500 0.027083
0 0.365625 0.157812 0.054167 0.044792
0 0.917708 0.797917 0.041667 0.039583
0 0.403125 0.721354 0.039583 0.034375
0 0.731250 0.267188 0.043750 0.042708
0 0.306771 0.848958 0.038542 0.052083
0 0.390104 0.324479 0.040625 0.034375
0 0.084375 0.742708 0.035417 0.043750
0 0.507292 0.910937 0.031250 0.044792
0 0.528646 0.335417 0.034375 0.037500
0 0.286458 0.201563 0.043750 0.055208
0 0.571875 0.224479 0.043750 0.048958
0 0.755729 0.942708 0.048958 0.035417
0 0.671875 0.631250 0.045833 0.031250
0 0.871354 0.906771 0.028125 0.048958
0 0.625000 0.835938 0.054167 0.036458
0 0.143229 0.625000 0.042708 0.029167
0 0.908333 0.862500 0.052083 0.043750
0 0.875521 0.824479 0.034375 0.053125
0 0.957292 0.183854 0.022917 0.040625
0 0.182292 0.767708 0.022917 0.037500
0 0.609375 0.107813 0.027083 0.048958
0 0.694792 0.225521 0.045833 0.034375
0 0.304167 0.332813 0.037500 0.021875
0 0.636458 0.689063 0.033333 0.048958
0 0.481250 0.386979 0.050000 0.034375
0 0.209375 0.544792 0.033333 0.037500
0 0.852604 0.448958 0.030208 0.039583
0 0.558333 0.615104 0.052083 0.053125
0 0.142187 0.720313 0.040625 0.038542
0 0.403646 0.839583 0.048958 0.027083
0 0.493750 0.545833 0.035417 0.052083
0 0.760417 0.640625 0.047917 0.025000
0 0.675000 0.559896 0.050000 0.038542
0 0.690104 0.844792 0.046875 0.031250
0 0.889062 0.343229 0.038542 0.051042
0 0.224479 0.856250 0.036458 0.037500
0 0.501042 0.947917 0.045833 0.043750
0 0.105729 0.802083 0.051042 0.031250
0 0.803125 0.476042 0.025000 0.041667
0 0.623437 0.409375 0.044792 0.052083
0 0.918229 0.442188 0.034375 0.040625
0 0.432292 0.948958 0.045833 0.029167
0 0.484896 0.753125 0.042708 0.054167
0 0.906771 0.693750 0.021875 0.037500
0 0.200521 0.309375 0.023958 0.047917
0 0.735417 0.627083 0.043750 0.027083
0 0.583333 0.856250 0.039583 0.052083
0 0.253125 0.881771 0.035417 0.044792
0 0.892708 0.429688 0.035417 0.044792
0 0.408333 0.186458 0.043750 0.045833
0 0.236979 0.733854 0.048958 0.030208
0 0.556771 0.296354 0.044792 0.028125
0 0.304167 0.628125 0.050000 0.050000
0 0.620833 0.208854 0.037500 0.053125
0 0.235417 0.166667 0.041667 0.020833
0 0.280729 0.841146 0.032292 0.053125
0 0.445312 0.209375 0.044792 0.025000
0 0.756771 0.315104 0.044792 0.030208
0 0.738542 0.306250 0.052083 0.041667
0 0.460417 0.536458 0.045833 0.043750
0 0.288542 0.535417 0.037500 0.031250
0 0.334375 0.483854 0.050000 0.040625
0 0.166667 0.684896 0.039583 0.028125
0 0.178125 0.532813 0.054167 0.040625
0 0.600521 0.205208 0.038542 0.027083
0 0.532292 0.601042 0.029167 0.045833
0 0.471875 0.568229 0.039583 0.034375
0 0.903646 0.823958 0.042708 0.039583
0 0.602083 0.759375 0.052083 0.035417
0 0.496875 0.884375 0.052083 0.043750
0 0.443229 0.559896 0.026042 0.040625
0 0.353646 0.740104 0.038542 0.046875
0 0.186458 0.956250 0.047917 0.035417
0 0.242708 0.674479 0.037500 0.040625
0 0.404167 0.829167 0.020833 0.039583
0 0.942187 0.369792 0.044792 0.047917
0 0.841146 0.928125 0.053125 0.043750
0 0.295312 0.085938 0.038542 0.038542
0 0.775000 0.376042 0.035417 0.037500
0 0.211458 0.255729 0.027083 0.048958
0 0.648958 0.322917 0.041667 0.039583
0 0.927604 0.434375 0.032292 0.047917
0 0.194271 0.826042 0.051042 0.050000
0 0.864062 0.541146 0.051042 0.042708
0 0.300000 0.825000 0.045833 0.022917
0 0.539062 0.313542 0.053125 0.037500
0 0.087500 0.950521 0.045833 0.023958
0 0.813021 0.371875 0.038542 0.025000
0 0.928125 0.550521 0.052083 0.053125
0 0.148438 0.661979 0.026042 0.044792
0 0.868750 0.312500 0.043750 0.052083
0 0.355729 0.941146 0.051042 0.044792
0 0.327083 0.781771 0.054167 0.046875
0 0.458333 0.590625 0.052083 0.033333
0 0.156250 0.404687 0.047917 0.032292
0 0.395833 0.694792 0.047917 0.052083
0 0.822396 0.221354 0.026042 0.040625
0 0.311979 0.487500 0.032292 0.043750
0 0.613021 0.794271 0.044792 0.032292
0 0.084896 0.607292 0.046875 0.043750
0 0.903125 0.170833 0.037500 0.025000
0 0.086458 0.365625 0.039583 0.052083
0 0.197917 0.600521 0.037500 0.048958
0 0.401562 0.901042 0.051042 0.029167
0 0.196875 0.554688 0.050000 0.034375
0 0.885938 0.493229 0.042708 0.044792
0 0.101042 0.596354 0.043750 0.042708
0 0.177604 0.661458 0.046875 0.045833
0 0.734896 0.879167 0.034375 0.043750
0 0.917708 0.699479 0.039583 0.044792
0 0.333333 0.676042 0.022917 0.037500
0 0.261458 0.301042 0.045833 0.045833
0 0.811458 0.531771 0.045833 0.038542
0 0.903646 0.690104 0.034375 0.046875
0 0.772917 0.476042 0.041667 0.039583
0 0.438542 0.111458 0.039583 0.047917
0 0.230208 0.275521 0.039583 0.030208
0 0.840625 0.440625 0.037500 0.035417
0 0.623958 0.556771 0.039583 0.036458
0 0.173958 0.616146 0.054167 0.046875
0 0.081250 0.316146 0.054167 0.046875
0 0.235417 0.657292 0.037500 0.033333
0 0.564583 0.285417 0.035417 0.043750
0 0.418229 0.753125 0.038542 0.027083
0 0.810937 0.275000 0.036458 0.020833
0 0.634896 0.401562 0.048958 0.055208
0 0.912500 0.641146 0.027083 0.042708
0 0.891667 0.541146 0.033333 0.053125
0 0.218750 0.101042 0.037500 0.043750
0 0.884896 0.744271 0.048958 0.032292
0 0.386458 0.737500 0.052083 0.035417
0 0.091667 0.349479 0.043750 0.055208
0 0.401562 0.369792 0.023958 0.045833
0 0.772917 0.377083 0.052083 0.039583
0 0.636979 0.445312 0.038542 0.038542
0 0.663021 0.497917 0.046875 0.045833
0 0.863542 0.757812 0.027083 0.042708
0 0.666667 0.708854 0.043750 0.055208
0 0.968229 0.779687 0.040625 0.036458
0 0.658333 0.692187 0.041667 0.032292
0 0.735938 0.451562 0.040625 0.044792
0 0.379167 0.257812 0.045833 0.040625
0 0.953125 0.120833 0.029167 0.037500
0 0.723437 0.431771 0.026042 0.051042
0 0.159375 0.669792 0.047917 0.039583
0 0.631250 0.636979 0.045833 0.038542
0 0.427083 0.401562 0.041667 0.042708
0 0.909375 0.422917 0.020833 0.035417
0 0.665104 0.456250 0.042708 0.039583
0 0.503646 0.339583 0.030208 0.043750
0 0.245312 0.215625 0.028125 0.043750
0 0.384375 0.366146 0.045833 0.032292
0 0.778125 0.429688 0.047917 0.023958
0 0.254167 0.219271 0.047917 0.046875
0 0.950000 0.728125 0.037500 0.022917
0 0.770312 0.276042 0.021875 0.041667
0 0.416146 0.191667 0.038542 0.052083
0 0.616667 0.203646 0.043750 0.026042
0 0.357812 0.486979 0.046875 0.026042
0 0.767188 0.339583 0.036458 0.047917
0 0.190625 0.595313 0.054167 0.042708
0 0.113542 0.883333 0.039583 0.041667
0 0.412500 0.658333 0.039583 0.052083
0 0.873437 0.544271 0.055208 0.044792
0 0.622917 0.173958 0.035417 0.043750
0 0.218750 0.790625 0.037500 0.041667
0 0.174479 0.901042 0.030208 0.043750
0 0.789062 0.166667 0.036458 0.047917
0 0.891667 0.610938 0.031250 0.040625
0 0.112500 0.845833 0.043750 0.025000
0 0.607292 0.864062 0.054167 0.036458
0 0.474479 0.354687 0.042708 0.055208
0 0.173958 0.579688 0.035417 0.048958
0 0.479687 0.888542 0.032292 0.052083
0 0.680729 0.233333 0.036458 0.043750
0 0.242708 0.703125 0.050000 0.047917
0 0.243750 0.834896 0.054167 0.042708
0 0.625521 0.892188 0.028125 0.044792
0 0.750521 0.828125 0.044792 0.035417
0 0.158854 0.883854 0.044792 0.026042
0 0.087500 0.893750 0.035417 0.037500
0 0.406250 0.276042 0.052083 0.045833
0 0.636458 0.088021 0.054167 0.048958
0 0.103646 0.696354 0.055208 0.038542
0 0.296354 0.752083 0.026042 0.039583
0 0.198437 0.788542 0.038542 0.033333
0 0.193750 0.711458 0.041667 0.039583
0 0.700000 0.326042 0.025000 0.037500
0 0.410938 0.419792 0.036458 0.043750
0 0.824479 0.519271 0.051042 0.053125
0 0.917708 0.672917 0.041667 0.039583
0 0.415104 0.896354 0.038542 0.019792
0 0.926562 0.503646 0.038542 0.046875
0 0.140625 0.552604 0.045833 0.028125
0 0.113021 0.803646 0.036458 0.046875
0 0.548958 0.576042 0.043750 0.035417
0 0.786979 0.147396 0.040625 0.028125
0 0.193229 0.563021 0.040625 0.030208
0 0.234375 0.395833 0.037500 0.027083
0 0.914062 0.597396 0.023958 0.042708
0 0.352604 0.198437 0.036458 0.040625
0 0.653125 0.186458 0.052083 0.045833
0 0.396354 0.846875 0.044792 0.052083
0 0.285938 0.592708 0.046875 0.052083
0 0.166667 0.442708 0.029167 0.045833
0 0.198958 0.830208 0.037500 0.047917
0 0.742708 0.227604 0.025000 0.046875
0 0.803125 0.364063 0.054167 0.048958
0 0.775000 0.270833 0.041667 0.052083
0 0.784375 0.644271 0.045833 0.034375
0 0.751563 0.842187 0.051042 0.044792
0 0.317708 0.256771 0.027083 0.048958
0 0.557813 0.911979 0.040625 0.044792
0 0.632292 0.644271 0.033333 0.044792
0 0.485938 0.392188 0.040625 0.034375
0 0.439063 0.870313 0.046875 0.048958
0 0.524479 0.647917 0.038542 0.035417
0 0.732812 0.280208 0.032292 0.039583
0 0.532292 0.595833 0.043750 0.027083
0 0.684896 0.861458 0.053125 0.035417
0 0.928646 0.551042 0.053125 0.041667
0 0.345313 0.370312 0.046875 0.038542
0 0.951042 0.717708 0.022917 0.039583
0 0.286458 0.111458 0.041667 0.047917
0 0.632292 0.709375 0.043750 0.037500
0 0.116146 0.350521 0.030208 0.044792
0 0.927083 0.309896 0.050000 0.026042
0 0.826042 0.861979 0.054167 0.051042
0 0.864062 0.788542 0.030208 0.039583
0 0.140625 0.414583 0.041667 0.052083
0 0.848958 0.741667 0.033333 0.043750
0 0.802083 0.680208 0.041667 0.039583
0 0.691146 0.461458 0.053125 0.045833
0 0.089583 0.393750 0.052083 0.045833
0 0.479167 0.654687 0.052083 0.032292
0 0.811458 0.641667 0.043750 0.031250
0 0.665104 0.654167 0.036458 0.052083
0 0.375521 0.100521 0.042708 0.051042
0 0.287500 0.367188 0.022917 0.042708
0 0.790104 0.745313 0.051042 0.044792
0 0.642708 0.840104 0.047917 0.028125
0 0.899479 0.449479 0.040625 0.030208
0 0.445312 0.363021 0.044792 0.051042
0 0.596354 0.466146 0.042708 0.044792
0 0.915104 0.438542 0.048958 0.039583
0 0.677604 0.114062 0.053125 0.030208
0 0.253646 0.404687 0.023958 0.046875
0 0.609375 0.432292 0.039583 0.025000
0 0.766667 0.900000 0.031250 0.045833
0 0.531771 0.833333 0.028125 0.045833
0 0.662500 0.532292 0.045833 0.027083
0 0.506250 0.838021 0.025000 0.046875
0 0.625000 0.796875 0.052083 0.043750
0 0.569792 0.785417 0.037500 0.047917
0 0.622917 0.077604 0.054167 0.036458
0 0.781250 0.351562 0.027083 0.040625
0 0.216146 0.307292 0.028125 0.043750
0 0.297917 0.391667 0.035417 0.037500
0 0.671354 0.426042 0.048958 0.037500
0 0.508333 0.665625 0.020833 0.039583
0 0.858854 0.121354 0.030208 0.051042
0 0.422917 0.305208 0.020833 0.039583
0 0.271354 0.292187 0.038542 0.040625
0 0.354167 0.216667 0.025000 0.037500
0 0.689063 0.620833 0.021875 0.041667
0 0.196354 0.348438 0.055208 0.048958
0 0.863542 0.388542 0.047917 0.033333
0 0.457292 0.076042 0.033333 0.047917
0 0.755208 0.415104 0.045833 0.032292
0 0.656250 0.121875 0.043750 0.035417
0 0.547917 0.228125 0.037500 0.031250
0 0.580729 0.901042 0.038542 0.031250
0 0.908854 0.970313 0.030208 0.044792
0 0.780208 0.080729 0.033333 0.044792
0 0.249479 0.725000 0.048958 0.033333
0 0.240104 0.947917 0.036458 0.018750
0 0.118750 0.879687 0.029167 0.048958
0 0.925521 0.359375 0.046875 0.043750
0 0.542188 0.341667 0.053125 0.045833
0 0.320312 0.293750 0.053125 0.041667
0 0.938542 0.764062 0.054167 0.044792
0 0.386458 0.385417 0.037500 0.035417
0 0.775521 0.135937 0.019792 0.038542
0 0.145313 0.310937 0.023958 0.046875
0 0.102083 0.497917 0.047917 0.052083
0 0.646875 0.505208 0.033333 0.037500
0 0.292187 0.507812 0.044792 0.048958
0 0.228646 0.436458 0.038542 0.035417
0 0.478646 0.151562 0.040625 0.055208
0 0.788021 0.282292 0.048958 0.041667
0 0.445312 0.956771 0.040625 0.038542
0 0.238542 0.834896 0.035417 0.044792
0 0.861979 0.910417 0.042708 0.054167
0 0.660937 0.107292 0.032292 0.052083
0 0.493229 0.292708 0.028125 0.050000
0 0.777604 0.441667 0.048958 0.027083
0 0.600000 0.727083 0.020833 0.035417
0 0.509896 0.529687 0.038542 0.051042
0 0.408854 0.232813 0.040625 0.028125
0 0.281250 0.079687 0.050000 0.028125
0 0.379688 0.255208 0.032292 0.052083
0 0.622396 0.881250 0.044792 0.025000
0 0.919792 0.727083 0.043750 0.052083
0 0.553646 0.429167 0.030208 0.047917
0 0.610938 0.671875 0.040625 0.041667
0 0.548438 0.465104 0.051042 0.034375
0 0.800000 0.306250 0.037500 0.025000
0 0.599479 0.680729 0.038542 0.055208
0 0.590104 0.415104 0.048958 0.046875
0 0.920312 0.104167 0.034375 0.043750
0 0.843229 0.125521 0.028125 0.044792
0 0.820312 0.814583 0.040625 0.022917
0 0.641146 0.936458 0.048958 0.025000
0 0.319271 0.492708 0.051042 0.035417
0 0.872396 0.175521 0.051042 0.038542
0 0.773438 0.764062 0.046875 0.026042
0 0.661979 0.792708 0.040625 0.041667
0 0.154688 0.613542 0.046875 0.045833
0 0.368229 0.580729 0.036458 0.055208
0 0.689063 0.734896 0.042708 0.055208
0 0.525521 0.482292 0.028125 0.039583
0 0.575521 0.859896 0.051042 0.034375
0 0.856771 0.733333 0.048958 0.035417
0 0.430729 0.877604 0.046875 0.023958
0 0.882292 0.893750 0.047917 0.041667
0 0.885938 0.681250 0.042708 0.031250
0 0.449479 0.939063 0.046875 0.038542
0 0.957812 0.138021 0.023958 0.042708
0 0.869271 0.707292 0.053125 0.047917
0 0.704167 0.079167 0.041667 0.041667
0 0.161458 0.582292 0.041667 0.029167
0 0.181250 0.329688 0.029167 0.046875
0 0.782292 0.827604 0.052083 0.032292
0 0.660417 0.277604 0.045833 0.023958
0 0.517708 0.756771 0.041667 0.044792
0 0.695312 0.359375 0.048958 0.027083
0 0.388542 0.093229 0.033333 0.044792
0 0.427604 0.327083 0.034375 0.047917
0 0.482292 0.231250 0.047917 0.052083
0 0.953646 0.938542 0.032292 0.047917
0 0.175000 0.531771 0.037500 0.044792
0 0.884896 0.296875 0.053125 0.043750
0 0.745313 0.553646 0.048958 0.032292
0 0.642188 0.786458 0.053125 0.045833
0 0.197917 0.573438 0.039583 0.030208
0 0.643750 0.368750 0.025000 0.037500
0 0.645833 0.554167 0.045833 0.033333
0 0.202083 0.534375 0.045833 0.029167
0 0.780208 0.380208 0.047917 0.035417
0 0.774479 0.950521 0.040625 0.032292
0 0.852083 0.491667 0.041667 0.025000
0 0.747917 0.094792 0.027083 0.041667
0 0.633333 0.082812 0.045833 0.040625
0 0.735417 0.811979 0.022917 0.040625
0 0.114583 0.400000 0.043750 0.037500
0 0.838021 0.731771 0.038542 0.021875
0 0.128646 0.514583 0.038542 0.033333
0 0.643229 0.444271 0.036458 0.046875
0 0.481250 0.677083 0.052083 0.043750
0 0.377083 0.878125 0.037500 0.029167
0 0.938542 0.471354 0.043750 0.042708
0 0.806250 0.745313 0.047917 0.023958
0 0.713542 0.328125 0.047917 0.050000
0 0.422917 0.078646 0.037500 0.021875
0 0.252604 0.493750 0.017708 0.035417
0 0.730208 0.458854 0.039583 0.026042
0 0.217188 0.076042 0.051042 0.047917
0 0.068229 0.418750 0.032292 0.039583
0 0.215104 0.232292 0.034375 0.052083
0 0.486979 0.933854 0.040625 0.036458
0 0.228646 0.874479 0.023958 0.042708
0 0.320833 0.283333 0.037500 0.052083
0 0.715104 0.350521 0.051042 0.040625
0 0.753125 0.868229 0.031250 0.040625
0 0.813542 0.117708 0.020833 0.035417
0 0.945833 0.447396 0.054167 0.044792
0 0.738542 0.318229 0.035417 0.053125
0 0.455729 0.946875 0.019792 0.035417
0 0.840104 0.901563 0.034375 0.046875
0 0.888021 0.115625 0.042708 0.037500
0 0.154167 0.964583 0.047917 0.052083
0 0.300000 0.256771 0.037500 0.019792
0 0.559375 0.747396 0.052083 0.051042
0 0.875521 0.910937 0.044792 0.032292
0 0.154688 0.228646 0.046875 0.038542
0 0.629687 0.617188 0.028125 0.040625
0 0.575000 0.162500 0.043750 0.045833
0 0.730729 0.326042 0.053125 0.037500
0 0.903646 0.263021 0.036458 0.040625
0 0.178125 0.581250 0.052083 0.035417
0 0.241667 0.450000 0.052083 0.039583
0 0.766667 0.524479 0.047917 0.046875
0 0.757292 0.414062 0.025000 0.042708
0 0.464583 0.229167 0.029167 0.045833
0 0.599479 0.869792 0.048958 0.039583
0 0.934375 0.704688 0.052083 0.051042
0 0.331771 0.836458 0.053125 0.037500
0 0.377604 0.671875 0.036458 0.018750
0 0.087500 0.177604 0.041667 0.044792
0 0.894271 0.912500 0.042708 0.039583
0 0.463021 0.680208 0.036458 0.047917
0 0.318750 0.596354 0.035417 0.044792
0 0.883333 0.963542 0.027083 0.047917
0 0.498958 0.935417 0.037500 0.027083
0 0.588021 0.972396 0.042708 0.055208
0 0.197917 0.413021 0.035417 0.040625
0 0.565104 0.605729 0.055208 0.040625
0 0.414583 0.809375 0.039583 0.025000
0 0.342708 0.278646 0.052083 0.034375
0 0.442188 0.460417 0.023958 0.041667
0 0.948438 0.354167 0.038542 0.031250
0 0.603125 0.193229 0.054167 0.040625
0 0.772917 0.622917 0.039583 0.047917
0 0.583333 0.672917 0.041667 0.047917
0 0.897396 0.685937 0.034375 0.053125
0 0.576042 0.306250 0.031250 0.041667
0 0.957292 0.756250 0.035417 0.018750
0 0.128125 0.844271 0.043750 0.055208
0 0.306250 0.602083 0.037500 0.035417
0 0.118750 0.501563 0.050000 0.038542
0 0.744792 0.877083 0.052083 0.037500
0 0.860938 0.631250 0.030208 0.039583
0 0.931771 0.559896 0.046875 0.038542
0 0.095833 0.256250 0.045833 0.043750
0 0.118750 0.821354 0.027083 0.046875
0 0.082292 0.350000 0.031250 0.041667
0 0.806771 0.548438 0.040625 0.044792
0 0.400521 0.365104 0.055208 0.036458
0 0.263021 0.240104 0.028125 0.040625
0 0.197917 0.778125 0.039583 0.047917
0 0.349479 0.176563 0.034375 0.051042
0 0.400000 0.107292 0.035417 0.043750
0 0.346875 0.433854 0.045833 0.036458
0 0.707812 0.504687 0.034375 0.053125
0 0.908333 0.218229 0.045833 0.048958
0 0.625521 0.660417 0.038542 0.027083
0 0.834896 0.419271 0.028125 0.044792
0 0.171875 0.559375 0.037500 0.033333
0 0.177083 0.243229 0.045833 0.048958
0 0.496875 0.610417 0.047917 0.037500
0 0.513021 0.882292 0.028125 0.043750
0 0.703646 0.628646 0.048958 0.028125
0 0.842708 0.734375 0.029167 0.037500
0 0.833854 0.896354 0.042708 0.023958
0 0.278125 0.730729 0.050000 0.053125
0 0.216146 0.464062 0.044792 0.042708
0 0.592187 0.794271 0.044792 0.040625
0 0.951042 0.954167 0.031250 0.050000
0 0.794271 0.382292 0.026042 0.045833
0 0.115625 0.891146 0.043750 0.048958
0 0.275000 0.696354 0.047917 0.046875
0 0.593750 0.109375 0.047917 0.033333
0 0.303125 0.291146 0.050000 0.044792
0 0.643229 0.541146 0.030208 0.044792
0 0.789583 0.818750 0.035417 0.052083
0 0.127604 0.690104 0.034375 0.046875
0 0.667708 0.131250 0.041667 0.039583
0 0.304167 0.324479 0.045833 0.023958
0 0.200521 0.304688 0.028125 0.040625
0 0.516667 0.472396 0.041667 0.048958
0 0.219271 0.636458 0.048958 0.035417
0 0.495833 0.241146 0.054167 0.042708
0 0.621354 0.129167 0.040625 0.052083
0 0.254688 0.848958 0.051042 0.050000
0 0.644271 0.846354 0.023958 0.040625
0 0.833333 0.081771 0.041667 0.048958
0 0.468750 0.882292 0.045833 0.029167
0 0.898958 0.839583 0.052083 0.043750
0 0.265625 0.520833 0.041667 0.047917
0 0.520312 0.565104 0.055208 0.038542
0 0.595313 0.319792 0.030208 0.043750
0 0.726562 0.150521 0.038542 0.019792
0 0.845313 0.176563 0.038542 0.038542
0 0.535937 0.936458 0.038542 0.047917
0 0.170833 0.682292 0.037500 0.041667
0 0.443229 0.957812 0.053125 0.034375
0 0.812500 0.578646 0.035417 0.040625
0 0.278125 0.732292 0.039583 0.041667
0 0.110937 0.633854 0.040625 0.032292
0 0.586979 0.719271 0.048958 0.044792
0 0.171354 0.185417 0.051042 0.031250
0 0.241667 0.508333 0.031250 0.037500
0 0.219792 0.439063 0.050000 0.053125
0 0.093750 0.389583 0.050000 0.050000
0 0.934896 0.796875 0.042708 0.037500
0 0.965625 0.283854 0.054167 0.042708
0 0.935417 0.542708 0.052083 0.041667
0 0.817708 0.956250 0.037500 0.035417
0 0.408333 0.789062 0.041667 0.023958
0 0.932813 0.480208 0.053125 0.041667
0 0.840104 0.826562 0.040625 0.051042
0 0.696875 0.338021 0.047917 0.044792
0 0.483854 0.369271 0.053125 0.030208
0 0.635417 0.395833 0.052083 0.037500