0 0.257292 0.899479 0.029167 0.048958
0 0.486979 0.116667 0.053125 0.035417
0 0.627083 0.293750 0.022917 0.043750
0 0.584375 0.640104 0.050000 0.028125
0 0.278646 0.581771 0.040625 0.055208
0 0.150521 0.504167 0.040625 0.047917
0 0.834375 0.563542 0.050000 0.050000
0 0.641146 0.678646 0.046875 0.036458
0 0.308333 0.259375 0.027083 0.037500
0 0.736458 0.503646 0.029167 0.044792
0 0.747917 0.858854 0.039583 0.036458
0 0.144271 0.634375 0.038542 0.035417
0 0.250000 0.661458 0.047917 0.037500
0 0.678125 0.314063 0.039583 0.026042
0 0.923958 0.168750 0.039583 0.041667
0 0.241146 0.295312 0.053125 0.032292
0 0.438021 0.172917 0.042708 0.039583
0 0.465104 0.113542 0.040625 0.020833
0 0.419792 0.758333 0.050000 0.031250
0 0.557813 0.687500 0.026042 0.039583
0 0.204687 0.350521 0.051042 0.055208
0 0.901563 0.763021 0.040625 0.030208
0 0.108333 0.715104 0.050000 0.042708
0 0.482812 0.184896 0.051042 0.030208
0 0.958333 0.435417 0.037500 0.047917
0 0.557813 0.387500 0.053125 0.035417
0 0.166146 0.873437 0.034375 0.040625
0 0.458854 0.578125 0.044792 0.045833
0 0.660417 0.493229 0.039583 0.053125
0 0.173437 0.389062 0.044792 0.028125
0 0.411979 0.292187 0.046875 0.055208
0 0.420833 0.476562 0.027083 0.040625
0 0.387500 0.927083 0.033333 0.043750
0 0.240104 0.673438 0.046875 0.036458
0 0.693229 0.210938 0.036458 0.040625
0 0.869792 0.304688 0.043750 0.048958
0 0.616146 0.068229 0.046875 0.026042
0 0.705729 0.163021 0.036458 0.046875
0 0.563542 0.640625 0.027083 0.043750
0 0.302604 0.311979 0.042708 0.051042
0 0.835417 0.359896 0.039583 0.044792
0 0.955208 0.178646 0.035417 0.044792
0 0.598437 0.894271 0.032292 0.048958
0 0.815625 0.459896 0.039583 0.048958
0 0.673438 0.454167 0.042708 0.039583
0 0.759896 0.821875 0.028125 0.039583
0 0.806250 0.671875 0.037500 0.033333
0 0.617708 0.734375 0.035417 0.037500
0 0.587500 0.388542 0.037500 0.031250
0 0.920312 0.933333 0.042708 0.047917
0 0.326562 0.371354 0.038542 0.040625
0 0.331771 0.152083 0.044792 0.045833
0 0.492708 0.179688 0.027083 0.051042
0 0.447396 0.418750 0.036458 0.018750
0 0.844792 0.449479 0.029167 0.044792
0 0.957292 0.865104 0.039583 0.026042
0 0.192188 0.297396 0.034375 0.040625
0 0.775000 0.246354 0.022917 0.040625
0 0.248958 0.709896 0.037500 0.048958
0 0.309375 0.171875 0.039583 0.041667
0 0.200521 0.308333 0.032292 0.052083
0 0.619792 0.134375 0.035417 0.020833
0 0.190625 0.693229 0.050000 0.036458
0 0.168750 0.901042 0.022917 0.043750
0 0.251042 0.874479 0.039583 0.030208
0 0.470313 0.485417 0.019792 0.037500
0 0.181771 0.405208 0.038542 0.027083
0 0.549479 0.799479 0.046875 0.038542
0 0.165625 0.948438 0.033333 0.040625
0 0.716667 0.954688 0.020833 0.038542
0 0.893750 0.745313 0.037500 0.038542
0 0.800000 0.669271 0.045833 0.034375
0 0.825521 0.743229 0.038542 0.021875
0 0.820833 0.489583 0.043750 0.045833
0 0.586979 0.766667 0.038542 0.029167
0 0.716667 0.182292 0.039583 0.041667
0 0.151042 0.562500 0.052083 0.041667
0 0.512500 0.856250 0.047917 0.041667
0 0.480208 0.428646 0.039583 0.030208
0 0.341146 0.247396 0.030208 0.040625
0 0.531771 0.937500 0.044792 0.025000
0 0.351562 0.521875 0.036458 0.047917
0 0.151042 0.372917 0.041667 0.029167
0 0.501042 0.364583 0.020833 0.039583
0 0.877083 0.660937 0.047917 0.030208
0 0.095312 0.944792 0.019792 0.035417
0 0.523958 0.546875 0.027083 0.037500
0 0.831250 0.898438 0.045833 0.034375
0 0.959896 0.815625 0.053125 0.039583
0 0.937500 0.549479 0.043750 0.021875
0 0.568750 0.678646 0.045833 0.038542
0 0.335938 0.170833 0.038542 0.043750
0 0.237500 0.152604 0.039583 0.038542
0 0.104167 0.811979 0.050000 0.036458
0 0.093229 0.230208 0.038542 0.033333
0 0.279687 0.647917 0.032292 0.043750
0 0.760938 0.713542 0.038542 0.035417
0 0.354167 0.407813 0.031250 0.044792
0 0.896354 0.074479 0.051042 0.038542
0 0.582812 0.945312 0.055208 0.036458
0 0.135417 0.909375 0.052083 0.041667
0 0.268750 0.670833 0.033333 0.037500
0 0.510938 0.523958 0.042708 0.025000
0 0.688542 0.593750 0.033333 0.043750
0 0.792708 0.390625 0.041667 0.027083
0 0.806771 0.361979 0.055208 0.048958
0 0.895312 0.918750 0.053125 0.039583
0 0.508854 0.638021 0.048958 0.032292
0 0.230208 0.841146 0.035417 0.040625
0 0.831250 0.695312 0.050000 0.034375
0 0.122396 0.346875 0.053125 0.045833
0 0.111979 0.270833 0.053125 0.043750
0 0.302083 0.230208 0.043750 0.025000
0 0.318750 0.797396 0.039583 0.036458
0 0.376563 0.214062 0.044792 0.030208
0 0.223438 0.295833 0.053125 0.039583
0 0.196354 0.959896 0.032292 0.048958
0 0.573958 0.401042 0.037500 0.041667
0 0.672396 0.558333 0.023958 0.037500
0 0.836979 0.269271 0.019792 0.038542
0 0.511979 0.660417 0.038542 0.025000
0 0.359896 0.854167 0.044792 0.047917
0 0.911979 0.417708 0.046875 0.052083
0 0.280729 0.148438 0.028125 0.048958
0 0.369792 0.896875 0.035417 0.043750
0 0.634375 0.847917 0.027083 0.045833
0 0.421354 0.952083 0.046875 0.045833
0 0.801042 0.883854 0.033333 0.053125
0 0.438542 0.501042 0.041667 0.027083
0 0.736979 0.570833 0.046875 0.027083
0 0.897396 0.910417 0.036458 0.043750
0 0.705729 0.855729 0.051042 0.034375
0 0.346875 0.844271 0.037500 0.019792
0 0.332292 0.323958 0.041667 0.031250
0 0.864062 0.864583 0.042708 0.041667
0 0.184375 0.506250 0.027083 0.047917
0 0.100000 0.425000 0.020833 0.039583
0 0.461979 0.176042 0.032292 0.047917
0 0.896875 0.806250 0.037500 0.041667
0 0.113542 0.096875 0.020833 0.039583
0 0.596354 0.346875 0.048958 0.052083
0 0.823958 0.873437 0.054167 0.046875
0 0.328646 0.697917 0.034375 0.039583
0 0.681250 0.418229 0.054167 0.048958
0 0.451042 0.491146 0.054167 0.036458
0 0.603646 0.541667 0.030208 0.039583
0 0.350000 0.359896 0.020833 0.038542
0 0.813021 0.802604 0.055208 0.048958
0 0.113542 0.541146 0.047917 0.044792
0 0.642708 0.717708 0.025000 0.043750
0 0.608854 0.438542 0.048958 0.025000
0 0.642708 0.275000 0.027083 0.041667
0 0.544792 0.314583 0.031250 0.037500
0 0.788021 0.872917 0.040625 0.052083
0 0.619792 0.089583 0.025000 0.043750
0 0.209375 0.163021 0.047917 0.053125
0 0.769792 0.478646 0.054167 0.042708
0 0.736979 0.505729 0.032292 0.053125
0 0.577083 0.757812 0.041667 0.023958
0 0.095833 0.739062 0.039583 0.036458
0 0.865625 0.380208 0.031250 0.050000
0 0.855729 0.139583 0.032292 0.039583
0 0.339583 0.106771 0.050000 0.026042
0 0.661458 0.802604 0.054167 0.046875
0 0.497917 0.474479 0.039583 0.023958
0 0.718750 0.328646 0.020833 0.038542
0 0.185938 0.236979 0.023958 0.038542
0 0.648438 0.341146 0.055208 0.036458
0 0.470833 0.247917 0.029167 0.041667
0 0.741146 0.206771 0.053125 0.051042
0 0.471875 0.531250 0.047917 0.037500
0 0.307812 0.946354 0.055208 0.042708
0 0.447917 0.838021 0.050000 0.044792
0 0.640104 0.293229 0.038542 0.040625
0 0.407292 0.953125 0.031250 0.041667
0 0.823958 0.839063 0.043750 0.028125
0 0.641146 0.597917 0.053125 0.047917
0 0.596354 0.353125 0.021875 0.041667
0 0.727604 0.621875 0.032292 0.039583
0 0.072917 0.102604 0.033333 0.044792
0 0.476042 0.363542 0.052083 0.039583
0 0.359896 0.667188 0.046875 0.036458
0 0.842708 0.955729 0.047917 0.030208
0 0.094792 0.474479 0.047917 0.048958
0 0.773958 0.117708 0.052083 0.045833
0 0.338542 0.632292 0.043750 0.035417
0 0.205208 0.802083 0.039583 0.041667
0 0.895833 0.718750 0.020833 0.035417
0 0.372396 0.266146 0.036458 0.046875
0 0.746354 0.968229 0.032292 0.048958
0 0.547396 0.548958 0.026042 0.039583
0 0.825521 0.576562 0.028125 0.040625
0 0.555208 0.413021 0.039583 0.055208
0 0.587500 0.229167 0.033333 0.043750
0 0.661458 0.194271 0.033333 0.040625
0 0.872917 0.296354 0.047917 0.030208
0 0.663021 0.418229 0.044792 0.040625
0 0.834896 0.591667 0.038542 0.025000
0 0.788021 0.632812 0.040625 0.028125
0 0.521875 0.105208 0.043750 0.033333
0 0.732812 0.629687 0.026042 0.044792
0 0.710938 0.308854 0.038542 0.055208
0 0.482292 0.192708 0.031250 0.037500
0 0.442708 0.937500 0.027083 0.045833
0 0.865625 0.366667 0.045833 0.027083
0 0.707292 0.126562 0.037500 0.044792
0 0.295312 0.678646 0.032292 0.048958
0 0.436458 0.085417 0.052083 0.047917
0 0.471354 0.868229 0.044792 0.042708
0 0.813021 0.967187 0.044792 0.042708
0 0.547396 0.259896 0.055208 0.040625
0 0.491667 0.334896 0.037500 0.021875
0 0.345833 0.792708 0.037500 0.041667
0 0.783333 0.175521 0.052083 0.051042
0 0.768750 0.245833 0.052083 0.039583
0 0.312500 0.756250 0.050000 0.050000
0 0.305729 0.438021 0.030208 0.053125
0 0.277083 0.699479 0.039583 0.053125
0 0.156771 0.853646 0.044792 0.042708
0 0.955208 0.716146 0.037500 0.019792
0 0.308333 0.863021 0.054167 0.048958
0 0.825000 0.882292 0.035417 0.037500
0 0.264062 0.268750 0.046875 0.031250
0 0.163021 0.172396 0.055208 0.044792
0 0.305729 0.341667 0.021875 0.037500
0 0.373437 0.772917 0.040625 0.047917
0 0.832292 0.525521 0.054167 0.042708
0 0.786979 0.397917 0.042708 0.039583
0 0.428125 0.609375 0.022917 0.039583
0 0.105208 0.815625 0.047917 0.033333
0 0.858854 0.816667 0.040625 0.041667
0 0.284896 0.458333 0.044792 0.025000
0 0.396354 0.207292 0.030208 0.039583
0 0.423438 0.646875 0.036458 0.037500
0 0.488542 0.796354 0.037500 0.053125
0 0.430208 0.613542 0.041667 0.031250
0 0.658854 0.577604 0.036458 0.046875
0 0.716146 0.507812 0.040625 0.026042
0 0.900521 0.417187 0.040625 0.032292
0 0.962500 0.840625 0.039583 0.047917
0 0.121354 0.373958 0.021875 0.037500
0 0.680729 0.205729 0.019792 0.038542
0 0.611458 0.354167 0.037500 0.043750
0 0.427604 0.372396 0.032292 0.040625
0 0.828646 0.528125 0.053125 0.037500
0 0.223438 0.658333 0.021875 0.041667
0 0.403646 0.773958 0.046875 0.045833
0 0.515625 0.810417 0.035417 0.047917
0 0.689063 0.929167 0.038542 0.035417
0 0.602604 0.455729 0.040625 0.036458
0 0.807813 0.703646 0.055208 0.046875
0 0.831250 0.854167 0.041667 0.039583
0 0.311979 0.418750 0.036458 0.037500
0 0.834375 0.303646 0.039583 0.032292
0 0.280208 0.755729 0.025000 0.048958