0 0.383333 0.316667 0.047917 0.052083
0 0.226042 0.521354 0.029167 0.048958
0 0.467708 0.937500 0.029167 0.045833
0 0.656771 0.625000 0.053125 0.039583
0 0.349479 0.068750 0.038542 0.027083
0 0.800521 0.745313 0.038542 0.055208
0 0.370312 0.759375 0.023958 0.041667
0 0.296875 0.246875 0.020833 0.035417
0 0.397396 0.852604 0.040625 0.038542
0 0.806771 0.250521 0.026042 0.051042
0 0.323958 0.088021 0.027083 0.040625
0 0.645833 0.404167 0.043750 0.025000
0 0.640104 0.102604 0.040625 0.036458
0 0.676562 0.142187 0.040625 0.034375
0 0.432292 0.201042 0.041667 0.025000
0 0.148958 0.645312 0.027083 0.040625
0 0.695312 0.280729 0.040625 0.038542
0 0.428125 0.333854 0.052083 0.032292
0 0.294271 0.850521 0.042708 0.021875
0 0.397917 0.599479 0.054167 0.040625
0 0.463542 0.465104 0.035417 0.040625
0 0.469792 0.900521 0.043750 0.055208
0 0.757812 0.496875 0.021875 0.037500
0 0.822396 0.586458 0.040625 0.020833
0 0.761458 0.904687 0.018750 0.038542
0 0.465625 0.623437 0.054167 0.048958
0 0.863021 0.776563 0.034375 0.053125
0 0.141146 0.363542 0.023958 0.041667
0 0.832292 0.884896 0.047917 0.030208
0 0.943750 0.677604 0.043750 0.040625
0 0.282292 0.598437 0.054167 0.044792
0 0.945833 0.552083 0.050000 0.050000
0 0.111979 0.850521 0.040625 0.036458
0 0.756250 0.861979 0.035417 0.044792
0 0.453646 0.757292 0.038542 0.029167
0 0.614062 0.531771 0.030208 0.040625
0 0.673958 0.632812 0.037500 0.019792
0 0.543229 0.772396 0.036458 0.040625
0 0.351562 0.660937 0.044792 0.051042
0 0.305729 0.790625 0.028125 0.041667
0 0.974479 0.849479 0.055208 0.048958
0 0.816146 0.758333 0.042708 0.041667
0 0.877604 0.571875 0.051042 0.047917
0 0.892188 0.684375 0.053125 0.045833
0 0.263021 0.951042 0.044792 0.052083
0 0.471354 0.773958 0.017708 0.035417
0 0.817708 0.212500 0.041667 0.039583
0 0.843750 0.909375 0.031250 0.041667
0 0.910417 0.775521 0.043750 0.030208
0 0.068750 0.879167 0.031250 0.045833
0 0.080208 0.282292 0.037500 0.027083
0 0.100000 0.154688 0.031250 0.051042
0 0.630729 0.126562 0.023958 0.042708
0 0.843229 0.272396 0.040625 0.036458
0 0.290104 0.908333 0.048958 0.035417
0 0.355208 0.782813 0.047917 0.046875
0 0.343750 0.633333 0.027083 0.047917
0 0.240104 0.589583 0.023958 0.037500
0 0.267708 0.130729 0.025000 0.038542
0 0.773958 0.852604 0.029167 0.051042
0 0.296875 0.233854 0.037500 0.021875
0 0.933333 0.580208 0.020833 0.035417
0 0.398958 0.930208 0.027083 0.037500
0 0.756250 0.358854 0.037500 0.038542
0 0.833333 0.828125 0.025000 0.047917
0 0.718750 0.781771 0.029167 0.044792
0 0.682813 0.105208 0.044792 0.033333
0 0.828646 0.917708 0.046875 0.052083
0 0.152604 0.708333 0.042708 0.054167
0 0.572396 0.148958 0.048958 0.052083
0 0.565625 0.852604 0.039583 0.055208
0 0.092708 0.214583 0.041667 0.029167
0 0.288542 0.469792 0.035417 0.035417
0 0.125000 0.766146 0.054167 0.038542
0 0.669271 0.159375 0.028125 0.039583
0 0.318229 0.805208 0.044792 0.025000
0 0.414062 0.579167 0.048958 0.035417
0 0.825000 0.703646 0.045833 0.048958
0 0.234896 0.541667 0.044792 0.045833
0 0.410417 0.597396 0.054167 0.044792
0 0.667708 0.671875 0.033333 0.043750
0 0.712500 0.163542 0.031250 0.045833
0 0.732292 0.181250 0.022917 0.039583
0 0.426563 0.758333 0.030208 0.050000
0 0.552604 0.325000 0.036458 0.020833
0 0.917188 0.161979 0.040625 0.034375
0 0.487500 0.341146 0.022917 0.046875
0 0.950000 0.280729 0.054167 0.044792
0 0.816667 0.800521 0.050000 0.038542
0 0.396875 0.352083 0.047917 0.033333
0 0.094792 0.300000 0.031250 0.050000
0 0.117708 0.473438 0.045833 0.032292
0 0.175000 0.568750 0.025000 0.039583
0 0.852604 0.167708 0.042708 0.047917
0 0.863542 0.176042 0.031250 0.045833
0 0.468229 0.930729 0.026042 0.040625
0 0.409896 0.735417 0.040625 0.041667
0 0.144792 0.798438 0.020833 0.038542
0 0.552604 0.360417 0.048958 0.041667
0 0.310417 0.417708 0.041667 0.039583
0 0.429688 0.351042 0.048958 0.035417
0 0.661979 0.860417 0.048958 0.039583
0 0.957812 0.901563 0.051042 0.036458
0 0.851562 0.650521 0.034375 0.040625
0 0.733854 0.719792 0.028125 0.045833
0 0.901563 0.107292 0.034375 0.047917
0 0.281250 0.079687 0.047917 0.028125
0 0.577083 0.285938 0.029167 0.051042
0 0.646875 0.944792 0.039583 0.041667
0 0.622917 0.577604 0.052083 0.030208
0 0.338021 0.089583 0.017708 0.035417
0 0.587500 0.259896 0.033333 0.048958
0 0.226562 0.887500 0.042708 0.027083
0 0.671875 0.435417 0.037500 0.041667
0 0.380208 0.705729 0.045833 0.055208
0 0.574479 0.133854 0.042708 0.044792
0 0.667708 0.701562 0.041667 0.055208
0 0.526042 0.496875 0.050000 0.047917
0 0.794271 0.817187 0.042708 0.055208
0 0.556250 0.200521 0.035417 0.048958
0 0.550000 0.563021 0.052083 0.034375
0 0.643229 0.195833 0.040625 0.041667
0 0.742708 0.792708 0.045833 0.043750
0 0.755208 0.561458 0.033333 0.047917
0 0.530729 0.178646 0.036458 0.046875
0 0.715104 0.074479 0.023958 0.040625
0 0.165104 0.180208 0.053125 0.047917
0 0.750521 0.914062 0.048958 0.028125
0 0.875000 0.504167 0.025000 0.037500
0 0.501042 0.713021 0.050000 0.038542
0 0.765104 0.660937 0.028125 0.048958
0 0.087500 0.580208 0.043750 0.027083
0 0.115104 0.583854 0.042708 0.021875
0 0.790104 0.345313 0.051042 0.040625
0 0.100521 0.276562 0.030208 0.053125
0 0.267708 0.361979 0.039583 0.036458
0 0.333854 0.908854 0.034375 0.040625
0 0.793229 0.820312 0.032292 0.046875
0 0.233854 0.964583 0.038542 0.035417
0 0.859375 0.309375 0.043750 0.033333
0 0.208333 0.174479 0.039583 0.036458
0 0.517708 0.695312 0.039583 0.044792
0 0.451562 0.127604 0.046875 0.040625
0 0.176563 0.953646 0.055208 0.048958
0 0.864062 0.265625 0.034375 0.047917
0 0.207292 0.717708 0.037500 0.047917
0 0.752604 0.254688 0.034375 0.046875
0 0.351562 0.611979 0.023958 0.040625
0 0.135417 0.069792 0.037500 0.027083
0 0.821354 0.650521 0.042708 0.021875
0 0.505208 0.303125 0.022917 0.037500
0 0.178646 0.417187 0.044792 0.030208
0 0.729167 0.370312 0.047917 0.032292
0 0.728125 0.627604 0.054167 0.046875
0 0.438542 0.739583 0.047917 0.037500
0 0.568750 0.892708 0.041667 0.039583
0 0.488021 0.755729 0.044792 0.051042
0 0.126562 0.436979 0.046875 0.036458
0 0.829167 0.658854 0.037500 0.019792
0 0.747917 0.505208 0.052083 0.039583
0 0.177604 0.704688 0.046875 0.040625
0 0.364063 0.918229 0.051042 0.044792
0 0.221875 0.903646 0.045833 0.023958
0 0.256771 0.220833 0.051042 0.050000
0 0.542708 0.385417 0.043750 0.022917
0 0.093229 0.075521 0.053125 0.032292
0 0.473438 0.315625 0.044792 0.025000
0 0.585938 0.704167 0.048958 0.035417
0 0.250000 0.744271 0.035417 0.040625
0 0.394792 0.378125 0.033333 0.043750
0 0.463021 0.731771 0.040625 0.030208
0 0.455729 0.881250 0.046875 0.043750
0 0.931250 0.527604 0.047917 0.032292
0 0.409896 0.442708 0.019792 0.035417
0 0.703646 0.180208 0.028125 0.041667
0 0.140625 0.698438 0.054167 0.040625
0 0.397917 0.321875 0.039583 0.041667
0 0.282292 0.655208 0.043750 0.045833
0 0.561458 0.645833 0.037500 0.033333
0 0.177083 0.625000 0.025000 0.047917
0 0.729167 0.301563 0.043750 0.055208
0 0.791146 0.820833 0.044792 0.025000
0 0.193229 0.252604 0.034375 0.040625
0 0.471875 0.876563 0.039583 0.048958
0 0.592708 0.838021 0.037500 0.044792
0 0.332813 0.462500 0.053125 0.047917
0 0.365104 0.656771 0.053125 0.053125
0 0.574479 0.673958 0.048958 0.050000
0 0.236458 0.112500 0.037500 0.029167
0 0.906250 0.404687 0.041667 0.044792
0 0.650521 0.782813 0.040625 0.030208
0 0.527083 0.824479 0.054167 0.038542
0 0.821875 0.571875 0.045833 0.029167
0 0.682813 0.427083 0.053125 0.047917
0 0.486979 0.299479 0.040625 0.023958
0 0.544271 0.534375 0.038542 0.035417
0 0.265104 0.535417 0.034375 0.039583
0 0.502604 0.442188 0.038542 0.040625
0 0.898958 0.585938 0.054167 0.046875
0 0.234375 0.117708 0.041667 0.039583
0 0.396875 0.680208 0.025000 0.041667
0 0.548958 0.911979 0.029167 0.040625
0 0.429167 0.851042 0.047917 0.037500
0 0.391146 0.106250 0.036458 0.052083
0 0.645833 0.226562 0.037500 0.044792
0 0.951042 0.515625 0.047917 0.027083
0 0.889583 0.130729 0.039583 0.026042
0 0.465104 0.892708 0.046875 0.045833
0 0.203646 0.546875 0.038542 0.027083
0 0.885938 0.480208 0.038542 0.047917
0 0.897917 0.309375 0.037500 0.027083
0 0.776563 0.945312 0.055208 0.048958
0 0.153646 0.495312 0.038542 0.051042
0 0.467187 0.556771 0.026042 0.040625
0 0.726562 0.275521 0.048958 0.032292
0 0.360417 0.685417 0.027083 0.045833
0 0.802604 0.688021 0.044792 0.040625
0 0.292187 0.389062 0.042708 0.044792
0 0.207292 0.499479 0.039583 0.038542
0 0.388021 0.628125 0.030208 0.039583
0 0.886458 0.806771 0.043750 0.030208
0 0.804167 0.090104 0.041667 0.044792
0 0.096875 0.461458 0.045833 0.027083
0 0.742188 0.926562 0.046875 0.036458
0 0.176042 0.175521 0.027083 0.051042
0 0.897917 0.561979 0.037500 0.048958
0 0.927604 0.826562 0.040625 0.030208
0 0.839063 0.132292 0.030208 0.047917
0 0.339583 0.140104 0.031250 0.040625
0 0.871875 0.266667 0.047917 0.039583
0 0.518750 0.331771 0.054167 0.044792
0 0.411458 0.229167 0.029167 0.045833
0 0.837500 0.485417 0.031250 0.043750
0 0.350521 0.676042 0.053125 0.039583
0 0.864583 0.251563 0.045833 0.040625
0 0.618750 0.642708 0.022917 0.043750
0 0.825000 0.464062 0.047917 0.055208
0 0.155208 0.957812 0.054167 0.038542
0 0.153125 0.331250 0.052083 0.043750
0 0.838542 0.814583 0.031250 0.045833
0 0.084896 0.223438 0.046875 0.040625
0 0.652083 0.500521 0.050000 0.038542
0 0.833333 0.416146 0.037500 0.053125
0 0.138021 0.275521 0.040625 0.038542
0 0.920833 0.727604 0.039583 0.028125
0 0.870833 0.511979 0.020833 0.040625
0 0.116667 0.588542 0.050000 0.029167
0 0.733854 0.872396 0.040625 0.023958
0 0.727083 0.480208 0.029167 0.045833
0 0.409375 0.285417 0.035417 0.037500
0 0.586458 0.436979 0.035417 0.044792
0 0.140625 0.961458 0.052083 0.043750
0 0.179167 0.773438 0.052083 0.034375
0 0.233854 0.406771 0.040625 0.038542
0 0.089583 0.195312 0.047917 0.046875
0 0.942708 0.089063 0.039583 0.034375
0 0.373437 0.547396 0.055208 0.038542
0 0.143229 0.093229 0.051042 0.038542
0 0.650000 0.936458 0.031250 0.041667
0 0.918750 0.685937 0.050000 0.034375
0 0.725521 0.876563 0.040625 0.055208
0 0.434896 0.334375 0.019792 0.037500
0 0.510938 0.214062 0.044792 0.030208
0 0.621354 0.935417 0.053125 0.043750
0 0.414062 0.233333 0.034375 0.039583
0 0.677604 0.702083 0.028125 0.043750
0 0.284375 0.210938 0.047917 0.048958
0 0.755208 0.216667 0.045833 0.033333
0 0.432292 0.261979 0.031250 0.051042
0 0.358333 0.656771 0.050000 0.036458
0 0.176563 0.913542 0.046875 0.031250
0 0.101042 0.243750 0.029167 0.041667
0 0.233333 0.144271 0.041667 0.021875
0 0.176042 0.485417 0.041667 0.027083
0 0.310937 0.295833 0.042708 0.041667
0 0.275000 0.140625 0.039583 0.020833
0 0.160417 0.702083 0.052083 0.037500
0 0.663021 0.900000 0.048958 0.027083
0 0.704688 0.168229 0.034375 0.040625
0 0.225521 0.539583 0.048958 0.033333
0 0.075521 0.600521 0.036458 0.017708
0 0.095833 0.940104 0.037500 0.044792
0 0.139063 0.252083 0.046875 0.045833
0 0.335938 0.370833 0.040625 0.041667
0 0.654687 0.180208 0.051042 0.047917
0 0.297396 0.758854 0.028125 0.040625
0 0.114583 0.673438 0.037500 0.019792
0 0.715625 0.274479 0.033333 0.044792
0 0.654687 0.233333 0.042708 0.039583
0 0.944792 0.097917 0.029167 0.041667
0 0.389062 0.586458 0.044792 0.054167
0 0.321875 0.123958 0.041667 0.031250
0 0.100521 0.683333 0.044792 0.022917
0 0.243750 0.155729 0.045833 0.036458
0 0.491146 0.736458 0.030208 0.043750
0 0.719792 0.845313 0.054167 0.042708
0 0.385417 0.117708 0.035417 0.052083
0 0.801562 0.663542 0.028125 0.039583
0 0.069271 0.439583 0.030208 0.039583
0 0.717187 0.093750 0.026042 0.039583
0 0.452083 0.497396 0.041667 0.048958
0 0.697396 0.775000 0.038542 0.052083
0 0.148438 0.442708 0.044792 0.022917
0 0.692187 0.863542 0.048958 0.027083
0 0.938021 0.228125 0.053125 0.037500
0 0.831250 0.105208 0.027083 0.041667
0 0.388542 0.260937 0.043750 0.055208
0 0.695312 0.198437 0.051042 0.044792
0 0.305208 0.964063 0.037500 0.040625
0 0.514583 0.861458 0.018750 0.035417
0 0.955729 0.097917 0.053125 0.043750
0 0.596875 0.535417 0.041667 0.047917
0 0.559896 0.268750 0.028125 0.050000
0 0.401562 0.764062 0.055208 0.038542
0 0.447396 0.614062 0.055208 0.042708
0 0.170313 0.944792 0.038542 0.033333
0 0.426042 0.495312 0.045833 0.055208
0 0.748958 0.475000 0.022917 0.039583
0 0.188021 0.500000 0.044792 0.035417
0 0.589063 0.467187 0.044792 0.032292
0 0.459896 0.863021 0.038542 0.051042
0 0.438542 0.483854 0.045833 0.034375
0 0.150521 0.068750 0.042708 0.029167
0 0.356250 0.486458 0.047917 0.052083
0 0.564583 0.391667 0.033333 0.043750
0 0.269792 0.581250 0.020833 0.035417
0 0.318229 0.730729 0.055208 0.044792
0 0.282813 0.402083 0.040625 0.041667
0 0.521354 0.256771 0.055208 0.051042
0 0.646875 0.465104 0.043750 0.026042
0 0.104688 0.182812 0.028125 0.040625
0 0.477604 0.519271 0.040625 0.055208
0 0.229167 0.580208 0.029167 0.037500
0 0.943750 0.505208 0.041667 0.037500
0 0.140104 0.852083 0.040625 0.047917
0 0.558333 0.725000 0.037500 0.025000
0 0.616667 0.804688 0.052083 0.034375
0 0.438021 0.845833 0.044792 0.027083
0 0.568229 0.905729 0.019792 0.038542
0 0.190104 0.592187 0.030208 0.053125
0 0.154167 0.663542 0.031250 0.050000
0 0.512500 0.666667 0.029167 0.037500
0 0.812500 0.951042 0.022917 0.039583
0 0.886979 0.556771 0.044792 0.030208
0 0.738021 0.918229 0.040625 0.026042
0 0.147917 0.238542 0.039583 0.052083
0 0.898438 0.793750 0.038542 0.052083
0 0.928646 0.118750 0.038542 0.031250
0 0.109896 0.710417 0.046875 0.043750
0 0.941146 0.271875 0.048958 0.027083
0 0.535937 0.558854 0.034375 0.046875
0 0.126042 0.578646 0.050000 0.053125
0 0.490104 0.393750 0.034375 0.047917
0 0.826042 0.637500 0.052083 0.047917
0 0.435417 0.565625 0.033333 0.037500
0 0.225000 0.919271 0.043750 0.042708
0 0.229687 0.203646 0.032292 0.053125
0 0.286458 0.679688 0.033333 0.048958
0 0.735417 0.471875 0.047917 0.041667
0 0.382812 0.360938 0.038542 0.051042
0 0.257812 0.101562 0.030208 0.048958
0 0.881771 0.843229 0.053125 0.030208
0 0.685937 0.267188 0.038542 0.040625
0 0.672917 0.509375 0.043750 0.052083
0 0.296875 0.886979 0.020833 0.036458
0 0.194271 0.963021 0.055208 0.051042
0 0.430729 0.826042 0.023958 0.043750
0 0.619271 0.578646 0.051042 0.040625
0 0.361979 0.806771 0.053125 0.053125
0 0.694271 0.590625 0.048958 0.039583
0 0.160417 0.590625 0.043750 0.035417
0 0.168229 0.446354 0.042708 0.023958
0 0.425000 0.300521 0.029167 0.046875
0 0.832812 0.875521 0.044792 0.030208
0 0.815625 0.455208 0.020833 0.039583
0 0.119271 0.323437 0.030208 0.048958
0 0.519792 0.763542 0.052083 0.037500
0 0.129167 0.127083 0.039583 0.052083
0 0.255208 0.285938 0.039583 0.038542
0 0.759375 0.789583 0.037500 0.033333
0 0.533854 0.701042 0.040625 0.020833
0 0.209375 0.836458 0.045833 0.027083
0 0.431771 0.292708 0.046875 0.027083
0 0.764062 0.596354 0.040625 0.044792
0 0.519792 0.209375 0.050000 0.050000
0 0.915104 0.559896 0.040625 0.026042
0 0.560417 0.263542 0.027083 0.037500
0 0.527604 0.305208 0.030208 0.050000
0 0.178125 0.819271 0.043750 0.042708
0 0.340625 0.080208 0.039583 0.022917
0 0.167708 0.509896 0.022917 0.042708
0 0.828125 0.556250 0.041667 0.047917
0 0.166667 0.227083 0.041667 0.031250
0 0.394271 0.081771 0.040625 0.026042
0 0.233333 0.945312 0.039583 0.030208
0 0.903125 0.883854 0.047917 0.053125
0 0.185417 0.412500 0.025000 0.043750
0 0.909896 0.581250 0.042708 0.037500
0 0.456771 0.084896 0.048958 0.028125
0 0.307812 0.615104 0.044792 0.040625
0 0.781771 0.567187 0.034375 0.051042
0 0.916667 0.513021 0.039583 0.048958
0 0.531771 0.373437 0.051042 0.042708
0 0.344271 0.633854 0.040625 0.026042
0 0.668750 0.609375 0.052083 0.041667
0 0.689063 0.130208 0.036458 0.043750
0 0.891667 0.869271 0.022917 0.046875
0 0.287500 0.674479 0.043750 0.048958
0 0.614062 0.857812 0.044792 0.042708
0 0.939063 0.350521 0.053125 0.051042
0 0.126042 0.911979 0.039583 0.036458
0 0.310937 0.376042 0.044792 0.047917
0 0.482812 0.891146 0.028125 0.040625
0 0.697396 0.811979 0.040625 0.044792
0 0.850521 0.265104 0.042708 0.051042
0 0.280729 0.545833 0.044792 0.025000
0 0.848437 0.310937 0.040625 0.023958
0 0.203125 0.707292 0.037500 0.031250
0 0.897396 0.523958 0.044792 0.047917
0 0.497396 0.534375 0.038542 0.047917
0 0.396354 0.601562 0.048958 0.028125
0 0.219271 0.926562 0.021875 0.038542
0 0.786979 0.929688 0.040625 0.051042
0 0.806250 0.230208 0.047917 0.039583
0 0.323958 0.944792 0.050000 0.050000
0 0.306250 0.916667 0.045833 0.029167
0 0.257812 0.150521 0.046875 0.036458
0 0.149479 0.434896 0.044792 0.051042
0 0.128125 0.965104 0.022917 0.040625
0 0.906771 0.427083 0.023958 0.047917
0 0.292708 0.857812 0.037500 0.048958
0 0.332813 0.919271 0.036458 0.046875
0 0.864583 0.713021 0.054167 0.046875
0 0.790625 0.706771 0.041667 0.021875
0 0.936979 0.925000 0.028125 0.039583
0 0.420833 0.896354 0.054167 0.048958
0 0.859896 0.302604 0.032292 0.044792
0 0.474479 0.721875 0.038542 0.031250
0 0.233854 0.660417 0.038542 0.043750
0 0.156250 0.930729 0.050000 0.026042
0 0.264583 0.097917 0.043750 0.045833
0 0.785417 0.703646 0.035417 0.044792
0 0.790625 0.760417 0.039583 0.041667
0 0.277604 0.357812 0.042708 0.021875
0 0.399479 0.764583 0.044792 0.025000
0 0.467708 0.136458 0.047917 0.037500
0 0.179688 0.129688 0.042708 0.044792
0 0.629167 0.364063 0.027083 0.046875
0 0.748958 0.151562 0.031250 0.040625
0 0.422396 0.180208 0.028125 0.039583
0 0.168229 0.350000 0.034375 0.043750
0 0.396875 0.687500 0.041667 0.025000
0 0.633854 0.494271 0.030208 0.044792
0 0.406771 0.610938 0.038542 0.040625
0 0.387500 0.111979 0.054167 0.046875
0 0.458854 0.607812 0.044792 0.042708
0 0.401562 0.135937 0.044792 0.028125
0 0.453125 0.579167 0.052083 0.043750
0 0.198437 0.916146 0.030208 0.053125
0 0.459896 0.243229 0.023958 0.040625
0 0.309896 0.682292 0.042708 0.031250
0 0.871875 0.243750 0.047917 0.050000
0 0.500000 0.564063 0.025000 0.044792
0 0.389062 0.479167 0.034375 0.037500
0 0.840104 0.766667 0.030208 0.047917
0 0.450521 0.755208 0.044792 0.045833
0 0.138542 0.585417 0.029167 0.045833
0 0.760417 0.407813 0.043750 0.055208
0 0.777083 0.793750 0.039583 0.052083
0 0.252083 0.537500 0.020833 0.039583
0 0.539583 0.660417 0.045833 0.045833
0 0.079687 0.408854 0.055208 0.040625
0 0.192708 0.297917 0.027083 0.045833
0 0.148958 0.237500 0.037500 0.035417
0 0.556771 0.385417 0.038542 0.027083
0 0.384896 0.222396 0.038542 0.051042