0 0.738542 0.459896 0.037500 0.048958
0 0.377083 0.112500 0.043750 0.035417
0 0.431250 0.876563 0.033333 0.048958
0 0.617188 0.237500 0.028125 0.045833
0 0.931250 0.541146 0.050000 0.044792
0 0.633333 0.563542 0.041667 0.039583
0 0.519271 0.502604 0.055208 0.051042
0 0.578125 0.291667 0.052083 0.035417
0 0.845833 0.683333 0.047917 0.039583
0 0.659375 0.889062 0.031250 0.040625
0 0.086458 0.895833 0.037500 0.047917
0 0.555208 0.354167 0.018750 0.035417
0 0.241667 0.416146 0.043750 0.055208
0 0.157292 0.173437 0.050000 0.042708
0 0.961458 0.442188 0.037500 0.040625
0 0.663542 0.272917 0.050000 0.047917
0 0.499479 0.589063 0.048958 0.030208
0 0.423438 0.187500 0.044792 0.052083
0 0.857292 0.283854 0.039583 0.044792
0 0.080729 0.113542 0.044792 0.033333
0 0.274479 0.827604 0.044792 0.032292
0 0.288542 0.952083 0.033333 0.037500
0 0.820833 0.552083 0.043750 0.035417
0 0.460938 0.510417 0.048958 0.037500
0 0.806250 0.784375 0.037500 0.052083
0 0.743229 0.599479 0.040625 0.034375
0 0.408854 0.078646 0.026042 0.040625
0 0.309375 0.472917 0.035417 0.037500
0 0.796875 0.696354 0.043750 0.048958
0 0.958854 0.490625 0.028125 0.041667
0 0.757812 0.340625 0.042708 0.025000
0 0.513542 0.248438 0.047917 0.046875
0 0.116146 0.384375 0.028125 0.045833
0 0.911979 0.245833 0.042708 0.041667
0 0.110417 0.465625 0.037500 0.035417
0 0.095312 0.620833 0.032292 0.043750
0 0.811979 0.081771 0.040625 0.030208
0 0.635938 0.179688 0.046875 0.023958
0 0.364063 0.594792 0.036458 0.047917
0 0.202083 0.685937 0.052083 0.053125
0 0.866667 0.162500 0.041667 0.039583
0 0.746354 0.457813 0.030208 0.040625
0 0.103125 0.360938 0.016667 0.034375
0 0.242708 0.138542 0.041667 0.027083
0 0.400521 0.556771 0.023958 0.046875
0 0.371875 0.362500 0.020833 0.035417
0 0.446875 0.697396 0.045833 0.038542
0 0.516146 0.261458 0.048958 0.035417
0 0.264062 0.685417 0.036458 0.043750
0 0.223438 0.778125 0.030208 0.043750
0 0.883333 0.870833 0.031250 0.050000
0 0.617708 0.250521 0.045833 0.034375
0 0.515625 0.225521 0.037500 0.019792
0 0.859375 0.143229 0.050000 0.034375
0 0.353125 0.247396 0.037500 0.044792
0 0.666667 0.970833 0.035417 0.052083
0 0.597396 0.647396 0.048958 0.032292
0 0.732292 0.117188 0.050000 0.028125
0 0.301563 0.829167 0.040625 0.025000
0 0.951042 0.156250 0.041667 0.031250
0 0.084896 0.262500 0.030208 0.043750
0 0.064583 0.458333 0.022917 0.037500
0 0.366667 0.132292 0.050000 0.029167
0 0.695312 0.708333 0.044792 0.035417
0 0.213542 0.616667 0.029167 0.041667
0 0.765104 0.293229 0.036458 0.040625
0 0.579167 0.604688 0.041667 0.023958
0 0.755208 0.878125 0.029167 0.037500
0 0.301563 0.410938 0.055208 0.046875
0 0.657292 0.438021 0.037500 0.053125
0 0.486979 0.845313 0.048958 0.046875
0 0.321875 0.573958 0.045833 0.031250
0 0.808854 0.522917 0.038542 0.025000
0 0.211458 0.691667 0.047917 0.041667
0 0.302604 0.213021 0.026042 0.040625
0 0.752604 0.631250 0.038542 0.018750
0 0.228125 0.851042 0.045833 0.033333
0 0.765104 0.632812 0.042708 0.023958
0 0.467708 0.844792 0.035417 0.020833
0 0.818750 0.130729 0.025000 0.038542
0 0.884896 0.526042 0.034375 0.039583
0 0.273958 0.953646 0.054167 0.044792
0 0.379688 0.397917 0.046875 0.031250
0 0.179688 0.675000 0.038542 0.037500
0 0.192188 0.175521 0.028125 0.048958
0 0.511458 0.300000 0.043750 0.035417
0 0.129167 0.736979 0.050000 0.042708
0 0.534896 0.497917 0.040625 0.047917
0 0.363021 0.841667 0.036458 0.043750
0 0.319271 0.214583 0.036458 0.037500
0 0.300000 0.925521 0.037500 0.044792
0 0.821354 0.616146 0.046875 0.048958
0 0.494792 0.215104 0.041667 0.044792
0 0.195833 0.727083 0.033333 0.050000
0 0.153646 0.140104 0.034375 0.051042
0 0.463021 0.619792 0.030208 0.043750
0 0.516146 0.730729 0.046875 0.038542
0 0.468750 0.758854 0.043750 0.042708
0 0.532292 0.528646 0.039583 0.036458
0 0.965625 0.614583 0.041667 0.029167
0 0.814063 0.429167 0.048958 0.039583
0 0.322917 0.202604 0.035417 0.053125
0 0.243229 0.293229 0.040625 0.028125
0 0.909896 0.958854 0.051042 0.036458
0 0.272917 0.298438 0.050000 0.053125
0 0.091146 0.516667 0.042708 0.037500
0 0.898438 0.851042 0.023958 0.047917
0 0.405729 0.404167 0.036458 0.037500
0 0.605208 0.761979 0.025000 0.042708
0 0.797917 0.864062 0.043750 0.048958
0 0.638021 0.667708 0.048958 0.041667
0 0.422396 0.878125 0.038542 0.025000
0 0.248438 0.281250 0.053125 0.037500
0 0.295312 0.876042 0.026042 0.047917
0 0.745313 0.784896 0.040625 0.028125
0 0.164062 0.935937 0.053125 0.032292
0 0.672396 0.197917 0.038542 0.031250
0 0.831771 0.258333 0.046875 0.052083
0 0.390104 0.820833 0.053125 0.039583
0 0.484375 0.178646 0.045833 0.036458
0 0.619792 0.243750 0.043750 0.027083
0 0.146875 0.617708 0.035417 0.037500
0 0.536979 0.455208 0.034375 0.039583
0 0.498437 0.764062 0.038542 0.023958
0 0.397396 0.541667 0.026042 0.039583
0 0.416146 0.282292 0.032292 0.047917
0 0.922917 0.381771 0.033333 0.048958
0 0.940625 0.260937 0.039583 0.036458
0 0.496354 0.229167 0.040625 0.041667
0 0.160938 0.879687 0.046875 0.048958
0 0.475000 0.728646 0.037500 0.044792
0 0.707292 0.276562 0.050000 0.053125
0 0.815104 0.888021 0.034375 0.046875
0 0.148438 0.267708 0.048958 0.037500
0 0.215625 0.494792 0.047917 0.041667
0 0.388542 0.306250 0.022917 0.037500
0 0.577604 0.290625 0.038542 0.033333
0 0.621875 0.149479 0.041667 0.032292
0 0.238021 0.112500 0.040625 0.025000
0 0.423958 0.869792 0.043750 0.045833
0 0.431250 0.869792 0.033333 0.050000
0 0.467187 0.277083 0.051042 0.029167
0 0.119792 0.637500 0.029167 0.041667
0 0.759896 0.493750 0.042708 0.029167
0 0.500521 0.418229 0.055208 0.040625
0 0.209375 0.202083 0.022917 0.037500
0 0.082292 0.536458 0.047917 0.052083
0 0.943750 0.634896 0.035417 0.044792
0 0.269271 0.690625 0.038542 0.022917
0 0.231771 0.204167 0.040625 0.041667
0 0.157812 0.261979 0.051042 0.036458
0 0.091146 0.435937 0.023958 0.048958
0 0.326042 0.967187 0.031250 0.051042
0 0.175000 0.858854 0.052083 0.051042
0 0.433854 0.833854 0.038542 0.040625
0 0.405208 0.495312 0.054167 0.048958
0 0.547917 0.535937 0.039583 0.044792
0 0.344792 0.473438 0.045833 0.023958
0 0.352604 0.532813 0.048958 0.055208
0 0.283333 0.405729 0.050000 0.042708
0 0.566667 0.457292 0.035417 0.043750
0 0.345833 0.643229 0.045833 0.026042
0 0.495833 0.830208 0.041667 0.039583
0 0.428125 0.083854 0.050000 0.034375
0 0.281250 0.292708 0.047917 0.035417
0 0.298438 0.822917 0.034375 0.039583
0 0.184896 0.819271 0.044792 0.030208
0 0.725521 0.746875 0.042708 0.029167
0 0.570312 0.160417 0.044792 0.033333
0 0.964583 0.240625 0.047917 0.039583
0 0.373958 0.962500 0.043750 0.045833
0 0.096875 0.580729 0.041667 0.048958
0 0.485938 0.181250 0.036458 0.043750
0 0.450521 0.886458 0.032292 0.043750
0 0.117708 0.121354 0.052083 0.034375
0 0.439063 0.457813 0.044792 0.030208
0 0.739062 0.080729 0.044792 0.032292
0 0.579688 0.557813 0.040625 0.038542
0 0.491146 0.669271 0.023958 0.042708
0 0.245312 0.206771 0.034375 0.046875
0 0.656250 0.316667 0.035417 0.052083
0 0.388542 0.884375 0.020833 0.035417
0 0.815104 0.889062 0.044792 0.051042
0 0.480729 0.217188 0.048958 0.032292
0 0.435937 0.914062 0.053125 0.051042
0 0.573438 0.479687 0.053125 0.053125
0 0.271354 0.623437 0.046875 0.028125
0 0.470833 0.700521 0.047917 0.046875
0 0.863542 0.259896 0.039583 0.034375
0 0.387500 0.629167 0.052083 0.047917
0 0.871354 0.646875 0.042708 0.047917
0 0.268750 0.256771 0.039583 0.023958
0 0.935937 0.417187 0.051042 0.053125
0 0.660937 0.633333 0.048958 0.041667
0 0.115625 0.784375 0.025000 0.043750
0 0.548958 0.245833 0.041667 0.047917
0 0.920312 0.271875 0.048958 0.041667
0 0.968750 0.614062 0.052083 0.051042
0 0.496354 0.769792 0.053125 0.045833
0 0.400000 0.268229 0.039583 0.044792
0 0.589063 0.377604 0.034375 0.040625
0 0.506250 0.780208 0.031250 0.037500
0 0.503646 0.454167 0.044792 0.052083
0 0.484375 0.865625 0.033333 0.052083
0 0.351562 0.477604 0.017708 0.036458
0 0.510938 0.422917 0.023958 0.047917
0 0.366667 0.462500 0.043750 0.025000
0 0.933333 0.105208 0.041667 0.039583
0 0.427083 0.429167 0.052083 0.035417
0 0.368750 0.487500 0.041667 0.031250
0 0.953125 0.443229 0.020833 0.036458
0 0.939583 0.617708 0.043750 0.045833
0 0.791667 0.754687 0.047917 0.046875
0 0.913542 0.260937 0.054167 0.038542
0 0.827604 0.886458 0.042708 0.037500
0 0.328125 0.676042 0.043750 0.025000
0 0.436979 0.527083 0.032292 0.039583
0 0.542188 0.178125 0.048958 0.039583
0 0.236979 0.679688 0.051042 0.040625
0 0.593750 0.955729 0.025000 0.048958
0 0.598958 0.628646 0.037500 0.048958
0 0.116667 0.836458 0.037500 0.035417
0 0.242708 0.348958 0.050000 0.029167
0 0.720313 0.879687 0.036458 0.055208
0 0.514583 0.498958 0.043750 0.033333
0 0.438021 0.907813 0.046875 0.036458
0 0.794271 0.907292 0.032292 0.039583
0 0.715104 0.383854 0.038542 0.019792
0 0.188542 0.475521 0.039583 0.034375
0 0.828125 0.238021 0.041667 0.055208
0 0.739062 0.103646 0.032292 0.053125
0 0.529687 0.918229 0.046875 0.048958
0 0.867708 0.668750 0.047917 0.050000
0 0.080208 0.882812 0.043750 0.040625
0 0.778646 0.450000 0.051042 0.035417
0 0.345833 0.703125 0.039583 0.047917
0 0.104688 0.135937 0.023958 0.040625
0 0.675000 0.803125 0.037500 0.035417
0 0.720833 0.435417 0.052083 0.037500
0 0.944271 0.368229 0.038542 0.051042
0 0.695833 0.887500 0.039583 0.047917
0 0.790104 0.394271 0.038542 0.046875
0 0.575000 0.129167 0.037500 0.025000
0 0.876042 0.196354 0.039583 0.044792
0 0.633333 0.438542 0.037500 0.041667
0 0.117708 0.260937 0.025000 0.046875
0 0.086458 0.799479 0.031250 0.051042
0 0.361979 0.586979 0.046875 0.055208
0 0.359375 0.793229 0.027083 0.042708
0 0.946875 0.104167 0.045833 0.033333
0 0.518750 0.684896 0.031250 0.048958
0 0.699479 0.972396 0.040625 0.051042
0 0.869792 0.461458 0.027083 0.037500
0 0.670312 0.557813 0.055208 0.048958
0 0.400000 0.205729 0.018750 0.036458
0 0.131771 0.807292 0.023958 0.037500
0 0.167708 0.856771 0.045833 0.026042
0 0.573438 0.268750 0.028125 0.039583
0 0.147917 0.334375 0.037500 0.035417
0 0.884375 0.184896 0.035417 0.053125
0 0.321354 0.608333 0.044792 0.045833
0 0.147917 0.085938 0.043750 0.055208
0 0.780208 0.898958 0.031250 0.050000
0 0.236458 0.572396 0.027083 0.042708
0 0.529167 0.683854 0.037500 0.021875
0 0.697917 0.499479 0.039583 0.048958
0 0.643750 0.386458 0.052083 0.045833
0 0.730208 0.440104 0.054167 0.038542
0 0.745313 0.469271 0.042708 0.055208
0 0.394792 0.854688 0.047917 0.053125
0 0.855208 0.559375 0.043750 0.052083
0 0.900521 0.581771 0.044792 0.040625
0 0.409375 0.613542 0.047917 0.033333
0 0.759375 0.590625 0.037500 0.033333
0 0.163021 0.066667 0.048958 0.027083
0 0.684375 0.547917 0.050000 0.050000
0 0.688542 0.789062 0.043750 0.055208
0 0.198958 0.623958 0.029167 0.050000
0 0.416667 0.880729 0.054167 0.046875
0 0.256250 0.487500 0.022917 0.035417
0 0.305208 0.298958 0.045833 0.052083
0 0.090104 0.348958 0.046875 0.043750
0 0.648958 0.163021 0.047917 0.046875
0 0.383854 0.692187 0.053125 0.032292
0 0.844271 0.598437 0.048958 0.046875
0 0.443229 0.943750 0.036458 0.047917
0 0.528646 0.423438 0.030208 0.051042
0 0.909896 0.735938 0.046875 0.048958
0 0.303646 0.953646 0.040625 0.036458
0 0.432812 0.775000 0.034375 0.047917
0 0.336458 0.075521 0.054167 0.036458
0 0.620313 0.317188 0.051042 0.040625
0 0.155729 0.171354 0.032292 0.046875
0 0.737500 0.366146 0.043750 0.040625
0 0.782292 0.632812 0.052083 0.053125
0 0.625521 0.801562 0.038542 0.019792
0 0.641667 0.133333 0.041667 0.027083
0 0.207813 0.592708 0.040625 0.052083
0 0.465104 0.891667 0.053125 0.047917
0 0.378646 0.188021 0.048958 0.034375
0 0.680208 0.658854 0.043750 0.028125
0 0.277604 0.844792 0.040625 0.020833
0 0.127604 0.371354 0.053125 0.053125
0 0.527083 0.277604 0.047917 0.028125
0 0.891146 0.769792 0.023958 0.041667
0 0.688542 0.948958 0.035417 0.037500
0 0.279167 0.170313 0.035417 0.048958
0 0.648958 0.741146 0.047917 0.053125
0 0.702604 0.650521 0.053125 0.053125
0 0.479167 0.893750 0.033333 0.043750
0 0.863542 0.809375 0.035417 0.018750
0 0.147396 0.918750 0.034375 0.039583
0 0.728125 0.212500 0.043750 0.022917
0 0.967187 0.243229 0.040625 0.036458
0 0.727083 0.903646 0.054167 0.042708
0 0.288542 0.198958 0.045833 0.045833
0 0.193229 0.772396 0.038542 0.040625
0 0.604167 0.906771 0.027083 0.051042
0 0.477083 0.757812 0.043750 0.030208
0 0.472396 0.755729 0.038542 0.046875
0 0.159375 0.892708 0.035417 0.018750
0 0.721354 0.951562 0.026042 0.046875
0 0.734375 0.768750 0.037500 0.025000
0 0.124479 0.102604 0.023958 0.038542
0 0.209896 0.344792 0.036458 0.047917
0 0.378646 0.752083 0.046875 0.052083
0 0.745833 0.201563 0.025000 0.038542
0 0.432292 0.254688 0.041667 0.044792
0 0.111979 0.691146 0.051042 0.044792
0 0.446875 0.752083 0.037500 0.041667
0 0.432292 0.490625 0.043750 0.022917
0 0.633854 0.738021 0.028125 0.040625
0 0.893229 0.234375 0.040625 0.041667
0 0.201042 0.609375 0.045833 0.029167
0 0.752604 0.746354 0.044792 0.026042
0 0.604167 0.103646 0.027083 0.038542
0 0.454688 0.477083 0.021875 0.043750
0 0.335938 0.177604 0.046875 0.034375
0 0.658854 0.250000 0.038542 0.027083
0 0.767708 0.084375 0.037500 0.047917
0 0.494271 0.851562 0.023958 0.042708
0 0.652604 0.491146 0.038542 0.023958
0 0.761979 0.312500 0.042708 0.029167
0 0.434375 0.142187 0.050000 0.040625
0 0.931771 0.145313 0.026042 0.040625
0 0.315625 0.391146 0.054167 0.048958
0 0.589063 0.670833 0.042708 0.041667
0 0.872396 0.091146 0.046875 0.038542
0 0.217188 0.631771 0.042708 0.055208
0 0.369271 0.116667 0.042708 0.037500
0 0.661458 0.178646 0.033333 0.044792
0 0.185417 0.331771 0.041667 0.021875
0 0.927083 0.324479 0.027083 0.046875
0 0.878125 0.793750 0.045833 0.052083
0 0.226562 0.897917 0.036458 0.047917
0 0.747396 0.304167 0.051042 0.050000
0 0.517188 0.737500 0.021875 0.043750
0 0.493750 0.958854 0.039583 0.038542
0 0.108854 0.072917 0.040625 0.020833
0 0.221354 0.632292 0.042708 0.037500
0 0.545833 0.728125 0.043750 0.035417
0 0.802083 0.778646 0.039583 0.044792
0 0.488021 0.378646 0.038542 0.019792
0 0.333854 0.565625 0.042708 0.054167
0 0.846875 0.844792 0.037500 0.031250
0 0.253125 0.275521 0.039583 0.026042
0 0.574479 0.612500 0.034375 0.039583
0 0.853646 0.861979 0.051042 0.042708
0 0.322917 0.166667 0.035417 0.037500
0 0.943229 0.562500 0.028125 0.050000
0 0.658854 0.925521 0.038542 0.040625
0 0.919271 0.928125 0.042708 0.027083
0 0.947917 0.128125 0.020833 0.041667
0 0.917708 0.103646 0.041667 0.048958
0 0.080208 0.281771 0.035417 0.040625
0 0.249479 0.389583 0.038542 0.025000
0 0.330208 0.427083 0.037500 0.025000
0 0.745833 0.243229 0.041667 0.055208
0 0.298438 0.459375 0.038542 0.035417
0 0.885417 0.231771 0.035417 0.017708
0 0.554688 0.303646 0.042708 0.044792
0 0.814063 0.292187 0.034375 0.053125
0 0.411458 0.460417 0.039583 0.041667
0 0.150521 0.233854 0.042708 0.051042
0 0.621875 0.328646 0.047917 0.044792
0 0.435417 0.166146 0.047917 0.048958
0 0.735938 0.861979 0.036458 0.055208
0 0.512500 0.854688 0.037500 0.021875
0 0.403125 0.249479 0.041667 0.042708
0 0.210417 0.700521 0.035417 0.040625
0 0.837500 0.701562 0.052083 0.051042
0 0.768750 0.385937 0.022917 0.040625
0 0.884375 0.841146 0.037500 0.038542
0 0.098437 0.469792 0.038542 0.037500
0 0.552083 0.616667 0.037500 0.025000
0 0.631250 0.698438 0.039583 0.026042
0 0.918229 0.350000 0.034375 0.039583
0 0.157292 0.772917 0.045833 0.045833
0 0.171875 0.794792 0.033333 0.037500
0 0.782292 0.660417 0.050000 0.047917
0 0.579167 0.950521 0.035417 0.040625
0 0.194271 0.547917 0.044792 0.045833
0 0.187500 0.766146 0.039583 0.036458
0 0.809896 0.142187 0.030208 0.040625
0 0.435937 0.224479 0.042708 0.055208
0 0.509896 0.863021 0.040625 0.055208
0 0.504167 0.257812 0.043750 0.040625
0 0.508854 0.904167 0.038542 0.025000
0 0.307812 0.646354 0.051042 0.036458
0 0.344271 0.970833 0.036458 0.047917
0 0.409375 0.783333 0.043750 0.033333
0 0.243750 0.573438 0.041667 0.023958
0 0.585938 0.199479 0.048958 0.055208
0 0.387500 0.347917 0.037500 0.031250
0 0.693750 0.405729 0.039583 0.038542
0 0.509896 0.687500 0.048958 0.041667
0 0.871875 0.645833 0.025000 0.037500
0 0.680208 0.205208 0.039583 0.047917
0 0.719271 0.305208 0.038542 0.027083
0 0.619271 0.306250 0.038542 0.031250
0 0.432812 0.706771 0.055208 0.040625
0 0.919271 0.620833 0.032292 0.043750
0 0.948438 0.427083 0.044792 0.052083
0 0.122917 0.824479 0.054167 0.044792
0 0.732292 0.700000 0.025000 0.041667
0 0.552604 0.859375 0.046875 0.029167
0 0.581250 0.933854 0.047917 0.032292
0 0.712500 0.619792 0.025000 0.047917
0 0.518750 0.803646 0.035417 0.053125
0 0.547917 0.529687 0.047917 0.030208
0 0.418750 0.583333 0.050000 0.031250
0 0.261458 0.088542 0.027083 0.037500
0 0.088021 0.933854 0.046875 0.026042
0 0.125521 0.113021 0.036458 0.040625
0 0.767708 0.926562 0.039583 0.030208
0 0.267188 0.965104 0.034375 0.046875
0 0.260937 0.436979 0.046875 0.038542
0 0.167708 0.183854 0.050000 0.040625
0 0.769271 0.274479 0.051042 0.055208
0 0.610417 0.728646 0.052083 0.034375
0 0.600000 0.315625 0.039583 0.041667
0 0.377083 0.581771 0.047917 0.046875
0 0.820833 0.643229 0.041667 0.032292
0 0.223958 0.709896 0.054167 0.036458
0 0.082292 0.644271 0.050000 0.036458
0 0.936458 0.914583 0.027083 0.037500
0 0.089583 0.091667 0.052083 0.037500
0 0.473958 0.653646 0.039583 0.028125
0 0.783333 0.214583 0.041667 0.031250
0 0.541667 0.475521 0.022917 0.038542
0 0.945833 0.165625 0.043750 0.045833
0 0.210938 0.468750 0.036458 0.020833
0 0.256771 0.702604 0.023958 0.040625
0 0.076042 0.546875 0.037500 0.035417
0 0.808854 0.152604 0.042708 0.044792
0 0.458333 0.136458 0.037500 0.031250
0 0.356250 0.668229 0.045833 0.055208
0 0.568229 0.654167 0.040625 0.047917
0 0.646354 0.907292 0.040625 0.054167
0 0.073438 0.286979 0.040625 0.026042
0 0.953646 0.419792 0.038542 0.025000
0 0.206250 0.917708 0.022917 0.045833
0 0.721354 0.869271 0.046875 0.048958
0 0.508333 0.148958 0.043750 0.031250
0 0.495312 0.441146 0.023958 0.048958
0 0.807813 0.252604 0.044792 0.040625
0 0.229687 0.226562 0.044792 0.021875
0 0.153646 0.086458 0.051042 0.033333
0 0.592708 0.632292 0.043750 0.033333
0 0.779167 0.595313 0.054167 0.040625
0 0.268750 0.548438 0.047917 0.032292
0 0.728125 0.882292 0.035417 0.043750
0 0.657292 0.254167 0.052083 0.039583
0 0.917188 0.944792 0.048958 0.033333
0 0.180208 0.633333 0.027083 0.037500
0 0.588542 0.842187 0.029167 0.048958
0 0.558854 0.293750 0.038542 0.043750
0 0.384375 0.575521 0.047917 0.030208
0 0.763542 0.170313 0.045833 0.038542
0 0.934375 0.385417 0.029167 0.037500
0 0.418229 0.271875 0.046875 0.027083
0 0.925000 0.958854 0.050000 0.053125
0 0.571875 0.364583 0.043750 0.045833
0 0.739583 0.190625 0.043750 0.045833
0 0.879167 0.166667 0.031250 0.045833
0 0.654167 0.784896 0.047917 0.046875
0 0.174479 0.810937 0.053125 0.034375
0 0.306771 0.118229 0.034375 0.046875
0 0.837500 0.723437 0.045833 0.048958
0 0.105208 0.777083 0.045833 0.043750
0 0.309375 0.515625 0.045833 0.027083
0 0.383854 0.255208 0.040625 0.041667
0 0.086979 0.768750 0.042708 0.039583
0 0.235417 0.121875 0.037500 0.035417
0 0.716146 0.765625 0.042708 0.033333
0 0.697396 0.607292 0.042708 0.039583
0 0.228125 0.539062 0.041667 0.032292
0 0.296354 0.869792 0.038542 0.029167
0 0.494271 0.856771 0.032292 0.044792
0 0.858854 0.250000 0.036458 0.020833
0 0.660937 0.099479 0.046875 0.026042
0 0.456771 0.765625 0.046875 0.052083
0 0.513021 0.190104 0.030208 0.040625
0 0.078646 0.527604 0.032292 0.048958
0 0.722396 0.951562 0.046875 0.026042
0 0.517188 0.968750 0.040625 0.041667
0 0.919792 0.755208 0.045833 0.052083
0 0.846354 0.271354 0.053125 0.051042
0 0.446354 0.522396 0.023958 0.042708
0 0.233854 0.881250 0.030208 0.039583
0 0.489583 0.956771 0.041667 0.048958
0 0.921354 0.521875 0.053125 0.037500
0 0.716146 0.496875 0.040625 0.047917
0 0.937500 0.469271 0.050000 0.026042
0 0.884896 0.771875 0.038542 0.033333
0 0.522396 0.446875 0.032292 0.052083
0 0.477083 0.196354 0.037500 0.019792
0 0.769271 0.409896 0.051042 0.053125
0 0.934896 0.686458 0.038542 0.033333
0 0.502083 0.395833 0.052083 0.041667
0 0.943750 0.442188 0.033333 0.040625
0 0.158333 0.942708 0.052083 0.039583
0 0.639062 0.566667 0.034375 0.037500
0 0.910417 0.502083 0.035417 0.043750
0 0.231771 0.339583 0.021875 0.037500
0 0.202083 0.346354 0.050000 0.042708
0 0.210417 0.540625 0.039583 0.022917
0 0.097917 0.392708 0.035417 0.037500
0 0.772917 0.300000 0.037500 0.029167
0 0.463021 0.297917 0.036458 0.052083
0 0.508333 0.328646 0.047917 0.053125
0 0.143750 0.787500 0.039583 0.047917
0 0.813542 0.390104 0.054167 0.042708
0 0.174479 0.366146 0.046875 0.028125
0 0.658333 0.433854 0.031250 0.044792
0 0.961458 0.401562 0.050000 0.044792
0 0.943229 0.358333 0.044792 0.047917
0 0.840104 0.440625 0.034375 0.043750
0 0.343229 0.560937 0.021875 0.042708
0 0.235937 0.195833 0.030208 0.050000
0 0.136979 0.400521 0.042708 0.044792
0 0.644271 0.175521 0.044792 0.042708
0 0.600000 0.744271 0.041667 0.021875
0 0.670833 0.598958 0.037500 0.031250
0 0.227604 0.770312 0.040625 0.051042
0 0.726562 0.909896 0.044792 0.028125
0 0.625000 0.504687 0.043750 0.042708
0 0.249479 0.518229 0.053125 0.053125
0 0.552083 0.952083 0.037500 0.027083
0 0.755729 0.441146 0.038542 0.046875
0 0.773438 0.679167 0.051042 0.050000
0 0.081771 0.856250 0.030208 0.047917
0 0.640625 0.850521 0.039583 0.034375
0 0.262500 0.723437 0.022917 0.040625
0 0.935937 0.515625 0.032292 0.052083
0 0.955729 0.491146 0.032292 0.044792
0 0.473438 0.325521 0.040625 0.051042
0 0.135417 0.376042 0.027083 0.047917
0 0.242188 0.376563 0.040625 0.036458
0 0.289062 0.619792 0.030208 0.047917
0 0.530729 0.789062 0.038542 0.051042
0 0.527083 0.517188 0.047917 0.053125
0 0.496354 0.966667 0.036458 0.037500
0 0.621875 0.671875 0.052083 0.043750
0 0.730729 0.640625 0.048958 0.052083
0 0.241146 0.483854 0.040625 0.019792