0 0.939063 0.192708 0.021875 0.043750
0 0.830729 0.671354 0.042708 0.051042
0 0.894271 0.218229 0.044792 0.040625
0 0.098437 0.600521 0.046875 0.038542
0 0.409896 0.780729 0.040625 0.036458
0 0.939583 0.839063 0.045833 0.036458
0 0.756771 0.783854 0.048958 0.028125
0 0.158854 0.759375 0.046875 0.043750
0 0.865625 0.459375 0.031250 0.045833
0 0.267188 0.577604 0.040625 0.046875
0 0.600000 0.518750 0.037500 0.041667
0 0.825000 0.936979 0.031250 0.048958
0 0.763542 0.111458 0.037500 0.033333
0 0.445833 0.619271 0.045833 0.038542
0 0.377604 0.564583 0.042708 0.041667
0 0.945312 0.477083 0.038542 0.029167
0 0.247917 0.233333 0.035417 0.047917
0 0.696354 0.519792 0.042708 0.020833
0 0.116146 0.122396 0.051042 0.040625
0 0.158333 0.816667 0.039583 0.047917
0 0.382812 0.306250 0.023958 0.041667
0 0.494792 0.691667 0.027083 0.037500
0 0.374479 0.363542 0.036458 0.020833
0 0.447917 0.866146 0.050000 0.053125
0 0.343229 0.444271 0.038542 0.046875
0 0.293750 0.335938 0.039583 0.053125
0 0.611458 0.936458 0.041667 0.037500
0 0.226562 0.149479 0.042708 0.023958
0 0.439063 0.459896 0.026042 0.040625
0 0.544271 0.800521 0.026042 0.044792
0 0.328646 0.489583 0.038542 0.031250
0 0.287500 0.741146 0.033333 0.044792
0 0.722917 0.310417 0.027083 0.045833
0 0.722917 0.479167 0.020833 0.035417
0 0.603125 0.083333 0.039583 0.041667
0 0.258333 0.298958 0.052083 0.037500
0 0.704167 0.358854 0.050000 0.044792
0 0.418750 0.520312 0.027083 0.048958
0 0.788542 0.919271 0.050000 0.040625
0 0.584375 0.702604 0.027083 0.046875
0 0.570312 0.555729 0.051042 0.036458
0 0.384375 0.450000 0.025000 0.039583
0 0.635938 0.164062 0.044792 0.055208
0 0.924479 0.846875 0.042708 0.047917
0 0.379688 0.762500 0.051042 0.047917
0 0.890625 0.334375 0.037500 0.035417
0 0.143229 0.319271 0.044792 0.032292
0 0.466667 0.945312 0.037500 0.019792
0 0.954167 0.193229 0.054167 0.044792
0 0.945312 0.515625 0.032292 0.047917
0 0.872917 0.435937 0.025000 0.046875
0 0.693750 0.751563 0.039583 0.038542
0 0.785417 0.659375 0.033333 0.052083
0 0.523958 0.128125 0.027083 0.041667
0 0.780729 0.512500 0.021875 0.043750
0 0.485938 0.093229 0.055208 0.048958
0 0.720833 0.516667 0.050000 0.031250
0 0.725000 0.871875 0.027083 0.047917
0 0.360938 0.515104 0.026042 0.046875
0 0.225521 0.106250 0.038542 0.043750
0 0.671354 0.237500 0.038542 0.029167
0 0.344792 0.356771 0.045833 0.036458
0 0.750521 0.362500 0.053125 0.043750
0 0.470313 0.643750 0.023958 0.041667
0 0.584896 0.266146 0.023958 0.042708
0 0.271354 0.956250 0.048958 0.035417
0 0.917708 0.634896 0.045833 0.038542
0 0.919792 0.397396 0.031250 0.044792
0 0.444792 0.893229 0.039583 0.034375
0 0.606250 0.175521 0.043750 0.026042
0 0.453125 0.870313 0.039583 0.036458
0 0.605729 0.844792 0.038542 0.035417
0 0.403646 0.213542 0.040625 0.022917
0 0.137500 0.292187 0.037500 0.053125
0 0.634896 0.170313 0.038542 0.040625
0 0.200000 0.794271 0.029167 0.048958
0 0.756771 0.118750 0.038542 0.018750
0 0.537500 0.656771 0.020833 0.036458
0 0.525521 0.897917 0.030208 0.039583
0 0.270833 0.254167 0.035417 0.035417
0 0.725521 0.088021 0.036458 0.046875
0 0.271354 0.142708 0.044792 0.047917
0 0.581771 0.915104 0.040625 0.032292
0 0.229167 0.830208 0.045833 0.045833
0 0.708854 0.575000 0.038542 0.031250
0 0.868750 0.583333 0.029167 0.045833
0 0.439583 0.371875 0.039583 0.041667
0 0.235417 0.197396 0.039583 0.036458
0 0.140625 0.625521 0.020833 0.042708
0 0.385417 0.616146 0.041667 0.032292
0 0.353646 0.619271 0.042708 0.051042
0 0.240625 0.890625 0.047917 0.037500
0 0.617708 0.170833 0.052083 0.037500
0 0.283854 0.215104 0.046875 0.040625
0 0.472396 0.099479 0.048958 0.046875
0 0.432292 0.731250 0.035417 0.020833
0 0.729167 0.538542 0.045833 0.043750
0 0.817708 0.263542 0.043750 0.045833
0 0.552083 0.620833 0.039583 0.052083
0 0.670312 0.909375 0.042708 0.039583
0 0.197917 0.084375 0.031250 0.037500
0 0.744792 0.664583 0.041667 0.052083
0 0.200521 0.243750 0.026042 0.047917
0 0.716146 0.164062 0.036458 0.040625
0 0.254167 0.278125 0.050000 0.047917
0 0.782292 0.867708 0.041667 0.047917
0 0.450000 0.556250 0.043750 0.045833
0 0.083854 0.650521 0.048958 0.044792
0 0.679688 0.781250 0.048958 0.037500
0 0.541146 0.709375 0.051042 0.050000
0 0.086458 0.108854 0.050000 0.036458
0 0.266146 0.520312 0.044792 0.021875
0 0.966667 0.760938 0.054167 0.038542
0 0.324479 0.861458 0.028125 0.043750
0 0.310417 0.570833 0.041667 0.031250
0 0.718750 0.134375 0.027083 0.047917
0 0.816146 0.676042 0.046875 0.029167
0 0.571875 0.299479 0.054167 0.038542
0 0.465625 0.898438 0.050000 0.036458
0 0.360938 0.545312 0.046875 0.038542
0 0.295312 0.344271 0.055208 0.042708
0 0.257812 0.297917 0.019792 0.035417
0 0.165104 0.092188 0.042708 0.044792
0 0.288021 0.455208 0.038542 0.027083
0 0.090625 0.106771 0.022917 0.044792
0 0.346875 0.430729 0.043750 0.048958
0 0.542708 0.267188 0.043750 0.040625
0 0.748958 0.597396 0.039583 0.026042
0 0.625521 0.614062 0.048958 0.055208
0 0.297396 0.886458 0.028125 0.039583
0 0.360938 0.578125 0.036458 0.020833
0 0.344792 0.690625 0.052083 0.039583
0 0.342187 0.643229 0.040625 0.036458
0 0.454688 0.948438 0.044792 0.042708
0 0.257812 0.352083 0.038542 0.052083
0 0.769271 0.852604 0.053125 0.034375
0 0.464583 0.086979 0.029167 0.040625
0 0.496875 0.764062 0.031250 0.040625
0 0.595833 0.456771 0.050000 0.034375
0 0.697396 0.836979 0.040625 0.032292
0 0.539062 0.594792 0.040625 0.020833
0 0.891667 0.158333 0.035417 0.037500
0 0.643229 0.694271 0.030208 0.053125
0 0.942708 0.965104 0.033333 0.040625
0 0.203646 0.232292 0.048958 0.052083
0 0.758333 0.419792 0.039583 0.041667
0 0.186458 0.445312 0.031250 0.040625
0 0.706250 0.123438 0.029167 0.044792
0 0.259375 0.660417 0.037500 0.027083
0 0.234375 0.349479 0.041667 0.023958
0 0.871875 0.579167 0.043750 0.025000
0 0.533333 0.309375 0.045833 0.045833
0 0.367188 0.263542 0.042708 0.029167
0 0.154688 0.970833 0.028125 0.050000
0 0.687500 0.923958 0.037500 0.041667
0 0.836979 0.177083 0.034375 0.052083
0 0.803646 0.690104 0.055208 0.046875
0 0.748437 0.466667 0.038542 0.047917
0 0.636458 0.869792 0.050000 0.031250
0 0.726042 0.729167 0.045833 0.043750
0 0.436458 0.585417 0.047917 0.027083
0 0.867188 0.854167 0.038542 0.033333
0 0.745833 0.079167 0.041667 0.041667
0 0.493750 0.077604 0.039583 0.038542
0 0.551042 0.882292 0.037500 0.025000
0 0.234896 0.320833 0.034375 0.039583
0 0.094271 0.912500 0.036458 0.043750
0 0.418750 0.411979 0.039583 0.055208
0 0.283333 0.881771 0.029167 0.040625
0 0.309375 0.414062 0.050000 0.034375
0 0.713021 0.788021 0.051042 0.040625
0 0.499479 0.454167 0.038542 0.031250
0 0.165104 0.288021 0.042708 0.023958
0 0.375521 0.885417 0.040625 0.047917
0 0.318229 0.590625 0.023958 0.037500
0 0.853125 0.633854 0.043750 0.040625
0 0.738021 0.508333 0.028125 0.039583
0 0.753646 0.856771 0.040625 0.034375
0 0.132812 0.654687 0.044792 0.042708
0 0.908333 0.519792 0.047917 0.052083
0 0.452083 0.201042 0.047917 0.037500
0 0.745833 0.859375 0.045833 0.052083
0 0.568229 0.416146 0.046875 0.048958
0 0.630729 0.663021 0.040625 0.032292
0 0.435417 0.916667 0.041667 0.039583
0 0.066667 0.544271 0.027083 0.040625
0 0.079167 0.871354 0.025000 0.044792
0 0.742188 0.783854 0.028125 0.051042
0 0.522396 0.940625 0.036458 0.020833
0 0.617708 0.441667 0.039583 0.052083
0 0.344792 0.795833 0.041667 0.047917
0 0.346354 0.869271 0.040625 0.028125
0 0.691146 0.593750 0.034375 0.043750
0 0.072396 0.783333 0.034375 0.043750
0 0.649479 0.084896 0.048958 0.046875
0 0.298438 0.811979 0.038542 0.038542
0 0.932813 0.793750 0.042708 0.041667
0 0.132292 0.770833 0.037500 0.029167
0 0.151042 0.759896 0.043750 0.048958
0 0.542188 0.455208 0.030208 0.050000
0 0.705208 0.364583 0.035417 0.020833
0 0.096354 0.805729 0.040625 0.038542
0 0.098437 0.631250 0.044792 0.052083
0 0.894271 0.927083 0.021875 0.037500
0 0.727604 0.219271 0.026042 0.051042
0 0.406250 0.308333 0.037500 0.031250
0 0.483854 0.213021 0.040625 0.036458
0 0.149479 0.720833 0.048958 0.037500
0 0.150000 0.513021 0.018750 0.036458
0 0.312500 0.843750 0.027083 0.037500
0 0.173958 0.321354 0.050000 0.036458
0 0.911458 0.832812 0.037500 0.048958
0 0.279167 0.584896 0.045833 0.032292
0 0.301042 0.726042 0.035417 0.043750
0 0.132812 0.923438 0.046875 0.055208
0 0.957292 0.440104 0.033333 0.048958
0 0.367188 0.809896 0.055208 0.048958
0 0.428646 0.708854 0.040625 0.028125
0 0.696875 0.388542 0.041667 0.037500
0 0.602083 0.214062 0.037500 0.038542
0 0.859375 0.112500 0.037500 0.035417
0 0.958333 0.564583 0.047917 0.027083
0 0.694271 0.824479 0.040625 0.036458
0 0.516146 0.894792 0.036458 0.020833
0 0.515104 0.677083 0.044792 0.045833
0 0.685937 0.489063 0.036458 0.040625
0 0.180208 0.184375 0.047917 0.041667
0 0.423438 0.755208 0.042708 0.027083
0 0.192188 0.239583 0.038542 0.029167
0 0.131250 0.530208 0.045833 0.052083
0 0.919792 0.558333 0.031250 0.050000
0 0.607812 0.281771 0.038542 0.046875
0 0.417708 0.880208 0.043750 0.022917
0 0.826042 0.106771 0.054167 0.048958
0 0.521354 0.478646 0.040625 0.055208
0 0.507292 0.883333 0.052083 0.047917
0 0.955729 0.514062 0.038542 0.051042
0 0.089063 0.843229 0.048958 0.046875
0 0.256250 0.782813 0.037500 0.053125
0 0.793229 0.294271 0.028125 0.051042
0 0.810417 0.382292 0.033333 0.043750
0 0.866667 0.135417 0.047917 0.037500
0 0.274479 0.650000 0.042708 0.037500
0 0.827083 0.460938 0.047917 0.046875
0 0.921354 0.570312 0.026042 0.040625
0 0.297917 0.525000 0.047917 0.037500
0 0.375521 0.404687 0.026042 0.040625
0 0.251042 0.951042 0.050000 0.031250
0 0.491146 0.937500 0.017708 0.035417
0 0.925521 0.704688 0.038542 0.046875
0 0.145313 0.460417 0.038542 0.027083
0 0.628646 0.145313 0.040625 0.026042
0 0.973437 0.239063 0.055208 0.051042
0 0.844271 0.551042 0.051042 0.050000
0 0.804167 0.468229 0.039583 0.034375
0 0.648958 0.887500 0.020833 0.041667
0 0.640104 0.396875 0.036458 0.047917
0 0.836979 0.833333 0.036458 0.022917
0 0.406250 0.435417 0.045833 0.045833
0 0.710417 0.390625 0.037500 0.047917
0 0.298438 0.489063 0.038542 0.055208
0 0.511979 0.238542 0.042708 0.027083
0 0.682292 0.616667 0.031250 0.045833
0 0.749479 0.188542 0.053125 0.041667
0 0.560937 0.532292 0.044792 0.052083
0 0.537500 0.546354 0.052083 0.030208
0 0.923958 0.799479 0.039583 0.034375
0 0.362500 0.683854 0.047917 0.044792
0 0.734375 0.581771 0.039583 0.030208
0 0.495833 0.114062 0.039583 0.044792
0 0.917188 0.247917 0.030208 0.047917
0 0.819792 0.114583 0.025000 0.047917
0 0.741667 0.269792 0.025000 0.041667
0 0.081250 0.659896 0.029167 0.051042
0 0.599479 0.728125 0.038542 0.047917
0 0.129167 0.090625 0.047917 0.039583
0 0.646875 0.715625 0.045833 0.045833
0 0.423438 0.172917 0.040625 0.047917
0 0.775000 0.845313 0.043750 0.028125
0 0.094792 0.904167 0.018750 0.035417
0 0.957812 0.271354 0.026042 0.046875
0 0.513542 0.122396 0.037500 0.021875
0 0.415104 0.375521 0.051042 0.034375
0 0.944792 0.754687 0.050000 0.053125
0 0.127604 0.687500 0.034375 0.039583
0 0.789583 0.884896 0.027083 0.046875
0 0.228646 0.312500 0.038542 0.031250
0 0.544271 0.952604 0.038542 0.046875
0 0.584375 0.643229 0.037500 0.019792
0 0.232292 0.651042 0.039583 0.020833
0 0.334375 0.445833 0.043750 0.035417
0 0.835938 0.149479 0.030208 0.044792
0 0.628646 0.162500 0.053125 0.039583
0 0.915625 0.460417 0.033333 0.043750
0 0.931771 0.952083 0.023958 0.047917
0 0.190625 0.963021 0.035417 0.040625
0 0.701562 0.213021 0.053125 0.034375
0 0.408333 0.261979 0.022917 0.040625
0 0.210938 0.110417 0.032292 0.039583
0 0.147917 0.210417 0.039583 0.020833
0 0.851562 0.749479 0.038542 0.023958
0 0.371354 0.401042 0.038542 0.031250
0 0.660937 0.535937 0.038542 0.055208
0 0.177604 0.111979 0.044792 0.030208
0 0.158854 0.774479 0.042708 0.023958
0 0.813542 0.452604 0.041667 0.021875
0 0.496875 0.226562 0.039583 0.053125
0 0.918750 0.873958 0.020833 0.039583
0 0.931771 0.380208 0.038542 0.047917
0 0.539583 0.115625 0.037500 0.047917
0 0.088542 0.590104 0.039583 0.026042
0 0.628125 0.511979 0.045833 0.048958
0 0.170313 0.231771 0.042708 0.023958
0 0.310937 0.482812 0.040625 0.038542
0 0.485938 0.632812 0.055208 0.040625
0 0.402083 0.517188 0.039583 0.044792
0 0.417187 0.650521 0.040625 0.055208
0 0.747917 0.469271 0.037500 0.053125
0 0.303125 0.525000 0.037500 0.047917
0 0.841146 0.692187 0.055208 0.046875
0 0.319792 0.600521 0.031250 0.051042
0 0.833854 0.670312 0.055208 0.040625
0 0.848437 0.788542 0.048958 0.027083
0 0.481250 0.568750 0.031250 0.037500
0 0.227083 0.720313 0.025000 0.038542
0 0.088021 0.229687 0.030208 0.040625
0 0.293229 0.844792 0.021875 0.043750
0 0.484896 0.093750 0.032292 0.047917
0 0.289062 0.197396 0.038542 0.019792
0 0.320833 0.378125 0.037500 0.025000
0 0.542188 0.083333 0.036458 0.022917
0 0.934896 0.571875 0.026042 0.041667
0 0.592187 0.104688 0.048958 0.055208
0 0.739062 0.542188 0.042708 0.051042
0 0.765104 0.463021 0.038542 0.046875
0 0.848958 0.102083 0.031250 0.037500
0 0.635938 0.379688 0.040625 0.030208
0 0.643750 0.191146 0.033333 0.040625
0 0.475521 0.794271 0.019792 0.038542
0 0.388542 0.323437 0.037500 0.019792
0 0.120313 0.446354 0.051042 0.042708
0 0.957812 0.531771 0.032292 0.044792
0 0.942187 0.392188 0.040625 0.044792
0 0.595313 0.896354 0.036458 0.040625
0 0.329167 0.112500 0.047917 0.025000
0 0.294792 0.314583 0.039583 0.041667
0 0.397917 0.739062 0.027083 0.042708
0 0.843229 0.848958 0.048958 0.025000
0 0.788021 0.431250 0.038542 0.035417
0 0.344792 0.297396 0.037500 0.053125
0 0.853646 0.227604 0.053125 0.030208
0 0.609375 0.805729 0.025000 0.042708
0 0.634375 0.593229 0.031250 0.051042
0 0.510938 0.207292 0.046875 0.029167
0 0.931771 0.901042 0.042708 0.027083
0 0.623958 0.333854 0.025000 0.042708
0 0.764062 0.194271 0.040625 0.051042
0 0.727604 0.095312 0.040625 0.051042
0 0.713542 0.615104 0.039583 0.034375
0 0.338542 0.783854 0.033333 0.053125
0 0.552083 0.165625 0.043750 0.045833
0 0.928125 0.908333 0.047917 0.037500
0 0.585938 0.788021 0.046875 0.028125
0 0.722396 0.122917 0.040625 0.054167
0 0.796354 0.634375 0.038542 0.035417
0 0.200000 0.436458 0.020833 0.035417
0 0.926042 0.555208 0.047917 0.052083
0 0.245833 0.419792 0.027083 0.041667
0 0.689063 0.810417 0.042708 0.047917
0 0.642708 0.173958 0.041667 0.039583
0 0.644271 0.876042 0.028125 0.043750
0 0.535417 0.929167 0.022917 0.043750
0 0.101562 0.648958 0.044792 0.054167
0 0.148958 0.672917 0.018750 0.035417
0 0.370833 0.543750 0.041667 0.029167
0 0.295312 0.083854 0.051042 0.036458
0 0.877083 0.948438 0.039583 0.044792
0 0.373958 0.078125 0.050000 0.050000
0 0.846354 0.071354 0.053125 0.034375
0 0.088542 0.102604 0.025000 0.038542
0 0.278646 0.632812 0.046875 0.023958
0 0.122396 0.917188 0.040625 0.028125
0 0.703646 0.826042 0.053125 0.045833
0 0.847396 0.528646 0.034375 0.040625
0 0.510417 0.919792 0.041667 0.025000
0 0.190625 0.843750 0.031250 0.045833
0 0.294271 0.696354 0.032292 0.053125
0 0.579688 0.638021 0.044792 0.028125
0 0.691667 0.528646 0.041667 0.023958
0 0.114062 0.142708 0.021875 0.037500
0 0.786458 0.469792 0.020833 0.035417
0 0.924479 0.815104 0.046875 0.034375
0 0.240104 0.139063 0.046875 0.028125
0 0.496354 0.139583 0.019792 0.035417
0 0.360417 0.111979 0.037500 0.021875
0 0.352604 0.186979 0.042708 0.051042
0 0.120313 0.681250 0.021875 0.039583
0 0.615104 0.223958 0.034375 0.052083
0 0.475521 0.404167 0.040625 0.020833
0 0.318750 0.345833 0.039583 0.047917
0 0.524479 0.629167 0.048958 0.033333
0 0.536979 0.678646 0.044792 0.021875
0 0.951562 0.671354 0.046875 0.055208
0 0.947396 0.526042 0.036458 0.052083
0 0.686979 0.898958 0.053125 0.039583
0 0.397396 0.821875 0.036458 0.037500
0 0.397396 0.316146 0.028125 0.051042
0 0.306771 0.300521 0.055208 0.051042
0 0.914062 0.433333 0.040625 0.047917
0 0.909896 0.615104 0.048958 0.034375
0 0.794792 0.505208 0.022917 0.039583
0 0.916146 0.319792 0.048958 0.037500
0 0.303646 0.114583 0.051042 0.050000
0 0.444271 0.688021 0.040625 0.036458
0 0.541146 0.102604 0.055208 0.038542
0 0.570833 0.600521 0.050000 0.042708
0 0.905729 0.572917 0.034375 0.043750
0 0.290625 0.693750 0.045833 0.052083
0 0.434896 0.696354 0.040625 0.026042
0 0.798438 0.354167 0.026042 0.039583
0 0.822917 0.527083 0.029167 0.037500
0 0.565104 0.877083 0.048958 0.025000
0 0.608333 0.422917 0.047917 0.052083
0 0.761979 0.114583 0.038542 0.047917
0 0.609896 0.408854 0.040625 0.026042
0 0.180729 0.455729 0.040625 0.036458
0 0.821875 0.658854 0.039583 0.044792
0 0.778125 0.109896 0.027083 0.046875
0 0.769792 0.697917 0.047917 0.027083
0 0.450000 0.790625 0.035417 0.020833
0 0.643229 0.752604 0.044792 0.051042
0 0.124479 0.156771 0.040625 0.028125
0 0.445833 0.427083 0.045833 0.031250
0 0.926042 0.773958 0.035417 0.047917
0 0.077604 0.259375 0.030208 0.039583
0 0.531771 0.785937 0.030208 0.040625
0 0.844271 0.808333 0.034375 0.043750
0 0.135937 0.411458 0.032292 0.047917
0 0.841667 0.231771 0.037500 0.044792
0 0.844792 0.157292 0.027083 0.041667
0 0.753646 0.084375 0.030208 0.039583
0 0.141667 0.566667 0.025000 0.039583
0 0.745313 0.769792 0.036458 0.052083
0 0.315625 0.194271 0.035417 0.040625
0 0.760417 0.895312 0.045833 0.055208
0 0.201563 0.592708 0.028125 0.041667
0 0.648958 0.765625 0.041667 0.039583
0 0.339062 0.836979 0.021875 0.038542
0 0.294271 0.718229 0.055208 0.046875
0 0.889583 0.541667 0.033333 0.037500
0 0.244792 0.184375 0.050000 0.031250
0 0.174479 0.509375 0.036458 0.037500
0 0.467708 0.242708 0.052083 0.041667
0 0.834896 0.832292 0.046875 0.029167
0 0.830729 0.650000 0.053125 0.039583
0 0.864062 0.228125 0.030208 0.047917
0 0.330729 0.566667 0.036458 0.047917
0 0.510417 0.536458 0.033333 0.050000
0 0.154167 0.600000 0.039583 0.022917
0 0.792188 0.145833 0.042708 0.025000
0 0.413542 0.154688 0.047917 0.055208
0 0.351042 0.464062 0.037500 0.044792
0 0.375000 0.581250 0.043750 0.052083
0 0.477083 0.234375 0.018750 0.035417
0 0.796354 0.415104 0.053125 0.032292
0 0.627083 0.685417 0.052083 0.041667
0 0.256771 0.617188 0.053125 0.051042
0 0.301563 0.480208 0.038542 0.033333
0 0.657813 0.631250 0.032292 0.052083
0 0.477083 0.612500 0.029167 0.050000
0 0.834375 0.959896 0.022917 0.038542
0 0.784375 0.695312 0.041667 0.048958
0 0.155729 0.317188 0.019792 0.040625
0 0.487500 0.841146 0.045833 0.032292
0 0.424479 0.585938 0.040625 0.044792
0 0.685417 0.402604 0.039583 0.026042
0 0.492188 0.846354 0.051042 0.036458
0 0.076042 0.305208 0.029167 0.037500
0 0.959896 0.809896 0.051042 0.036458
0 0.649479 0.484375 0.023958 0.047917
0 0.334896 0.538021 0.026042 0.040625
0 0.270313 0.235937 0.032292 0.048958
0 0.574479 0.442708 0.042708 0.037500
0 0.643229 0.342187 0.038542 0.046875
0 0.308333 0.378125 0.039583 0.052083
0 0.211458 0.698958 0.033333 0.043750
0 0.780208 0.733333 0.041667 0.037500
0 0.114062 0.963021 0.048958 0.046875
0 0.364583 0.211458 0.029167 0.037500
0 0.566146 0.909375 0.023958 0.043750
0 0.302604 0.321354 0.038542 0.040625
0 0.265104 0.231250 0.032292 0.043750
0 0.109896 0.682292 0.044792 0.033333
0 0.318229 0.360938 0.055208 0.040625
0 0.934375 0.092188 0.045833 0.038542
0 0.648958 0.302083 0.022917 0.037500
0 0.625000 0.840625 0.018750 0.037500
0 0.956771 0.700521 0.046875 0.038542
0 0.688542 0.206250 0.043750 0.033333
0 0.126042 0.611458 0.037500 0.052083
0 0.300000 0.079687 0.039583 0.023958
0 0.482292 0.371875 0.043750 0.035417
0 0.912500 0.941146 0.037500 0.019792
0 0.328125 0.300521 0.052083 0.032292
0 0.753125 0.746875 0.041667 0.039583
0 0.527604 0.918750 0.042708 0.027083
0 0.863542 0.326562 0.039583 0.036458
0 0.423958 0.219271 0.029167 0.046875
0 0.217708 0.135417 0.025000 0.043750
0 0.929688 0.711979 0.019792 0.038542
0 0.501042 0.576042 0.045833 0.043750
0 0.868229 0.577604 0.044792 0.028125
0 0.539062 0.780208 0.044792 0.033333
0 0.353125 0.344271 0.022917 0.040625
0 0.643229 0.910937 0.038542 0.046875
0 0.787500 0.551562 0.047917 0.028125
0 0.687500 0.864062 0.050000 0.034375
0 0.960938 0.239063 0.028125 0.046875
0 0.273438 0.838542 0.028125 0.045833
0 0.607292 0.236979 0.050000 0.028125
0 0.498958 0.808333 0.035417 0.047917
0 0.382812 0.232813 0.044792 0.040625
0 0.245833 0.483333 0.037500 0.033333
0 0.650000 0.402083 0.037500 0.033333