0 0.859896 0.418229 0.028125 0.048958
0 0.514062 0.949479 0.051042 0.034375
0 0.292187 0.137500 0.023958 0.037500
0 0.538542 0.345313 0.025000 0.038542
0 0.577604 0.342708 0.048958 0.052083
0 0.601042 0.469271 0.050000 0.036458
0 0.386458 0.164583 0.047917 0.027083
0 0.772396 0.155208 0.042708 0.054167
0 0.429688 0.895833 0.038542 0.035417
0 0.426042 0.607292 0.031250 0.037500
0 0.610417 0.264062 0.041667 0.044792
0 0.944792 0.250521 0.045833 0.038542
0 0.184896 0.765104 0.044792 0.032292
0 0.892188 0.545312 0.051042 0.055208
0 0.143750 0.695833 0.029167 0.045833
0 0.882292 0.784896 0.037500 0.019792
0 0.496354 0.457813 0.021875 0.044792
0 0.946354 0.690104 0.053125 0.032292
0 0.392708 0.916667 0.031250 0.050000
0 0.845313 0.133854 0.053125 0.053125
0 0.577604 0.269271 0.051042 0.055208
0 0.811458 0.891146 0.016667 0.034375
0 0.936458 0.358333 0.047917 0.027083
0 0.436979 0.106250 0.038542 0.035417
0 0.793229 0.246354 0.040625 0.046875
0 0.887500 0.191146 0.041667 0.055208
0 0.836979 0.818229 0.051042 0.044792
0 0.578125 0.376042 0.050000 0.047917
0 0.883333 0.664062 0.045833 0.034375
0 0.935937 0.213542 0.044792 0.027083
0 0.294271 0.152604 0.040625 0.051042
0 0.453646 0.757812 0.040625 0.030208
0 0.894792 0.403646 0.031250 0.040625
0 0.676562 0.970313 0.044792 0.051042
0 0.431250 0.422396 0.033333 0.044792
0 0.443750 0.508854 0.054167 0.046875
0 0.884896 0.763542 0.036458 0.037500
0 0.531250 0.864583 0.045833 0.045833
0 0.641667 0.435417 0.037500 0.033333
0 0.326562 0.760938 0.053125 0.034375
0 0.897917 0.968750 0.033333 0.047917
0 0.107813 0.449479 0.026042 0.044792
0 0.262500 0.425521 0.031250 0.040625
0 0.840104 0.506771 0.040625 0.034375
0 0.421875 0.579688 0.054167 0.042708
0 0.784896 0.931250 0.038542 0.027083
0 0.574479 0.320833 0.036458 0.047917
0 0.789062 0.784896 0.046875 0.038542
0 0.746354 0.340104 0.019792 0.038542
0 0.731771 0.858333 0.034375 0.037500
0 0.483854 0.806250 0.030208 0.039583
0 0.756250 0.492708 0.045833 0.052083
0 0.868750 0.344792 0.029167 0.037500
0 0.076042 0.261458 0.035417 0.043750
0 0.799479 0.295312 0.044792 0.030208
0 0.524479 0.170833 0.030208 0.050000
0 0.505208 0.386458 0.052083 0.047917
0 0.289062 0.827604 0.038542 0.051042
0 0.419792 0.205729 0.027083 0.038542
0 0.679688 0.850521 0.053125 0.053125
0 0.768229 0.645312 0.042708 0.055208
0 0.254688 0.611458 0.048958 0.052083
0 0.835938 0.672917 0.048958 0.050000
0 0.347917 0.400000 0.043750 0.045833
0 0.340625 0.176042 0.029167 0.050000
0 0.784896 0.945833 0.044792 0.052083
0 0.213542 0.459896 0.054167 0.042708
0 0.552604 0.613021 0.040625 0.030208
0 0.569271 0.656771 0.046875 0.048958
0 0.169271 0.569271 0.040625 0.034375
0 0.431771 0.751563 0.048958 0.028125
0 0.126042 0.382812 0.050000 0.034375
0 0.363021 0.346354 0.032292 0.040625
0 0.593750 0.447917 0.037500 0.027083
0 0.753646 0.895833 0.044792 0.037500
0 0.655208 0.291146 0.033333 0.048958
0 0.583854 0.532292 0.046875 0.052083
0 0.939583 0.938542 0.050000 0.031250
0 0.269792 0.175000 0.041667 0.041667
0 0.285938 0.433333 0.048958 0.041667
0 0.693750 0.534896 0.050000 0.042708
0 0.162500 0.227604 0.025000 0.048958
0 0.091146 0.503125 0.038542 0.035417
0 0.610938 0.203125 0.042708 0.031250
0 0.272396 0.880729 0.040625 0.044792
0 0.796354 0.196354 0.019792 0.038542
0 0.456250 0.140625 0.029167 0.037500
0 0.245833 0.297917 0.031250 0.045833
0 0.736458 0.223958 0.035417 0.037500
0 0.379688 0.889583 0.019792 0.035417
0 0.547917 0.918229 0.031250 0.044792
0 0.914062 0.587500 0.038542 0.031250
0 0.580729 0.290104 0.023958 0.042708
0 0.104167 0.125521 0.041667 0.044792
0 0.371354 0.518750 0.028125 0.041667
0 0.800521 0.634375 0.019792 0.035417
0 0.781250 0.517188 0.050000 0.038542
0 0.461979 0.588542 0.038542 0.031250
0 0.407813 0.172917 0.046875 0.052083
0 0.750521 0.733333 0.042708 0.033333
0 0.634375 0.390625 0.043750 0.025000
0 0.510417 0.780729 0.039583 0.034375
0 0.099479 0.437500 0.044792 0.033333
0 0.175521 0.685937 0.051042 0.034375
0 0.406250 0.245833 0.035417 0.018750
0 0.223438 0.403125 0.034375 0.043750
0 0.550000 0.124479 0.035417 0.040625
0 0.842708 0.289583 0.037500 0.031250
0 0.247396 0.313021 0.038542 0.051042
0 0.701042 0.363542 0.037500 0.035417
0 0.513542 0.951042 0.045833 0.022917
0 0.540104 0.716146 0.044792 0.040625
0 0.231250 0.369271 0.050000 0.040625
0 0.870313 0.759375 0.048958 0.027083
0 0.153125 0.471354 0.047917 0.046875
0 0.468229 0.236979 0.055208 0.040625
0 0.185417 0.378646 0.045833 0.032292
0 0.321354 0.687500 0.048958 0.035417
0 0.720833 0.647396 0.039583 0.036458
0 0.594792 0.685417 0.025000 0.037500
0 0.077083 0.253125 0.047917 0.052083
0 0.821875 0.475000 0.033333 0.043750
0 0.418750 0.443229 0.022917 0.044792
0 0.175521 0.432812 0.040625 0.055208
0 0.325000 0.521875 0.043750 0.022917
0 0.677083 0.246354 0.039583 0.048958
0 0.845313 0.510417 0.038542 0.031250
0 0.466667 0.082812 0.033333 0.040625
0 0.395313 0.709896 0.055208 0.048958
0 0.702604 0.945312 0.042708 0.021875
0 0.628125 0.155208 0.047917 0.027083
0 0.097917 0.344792 0.047917 0.033333
0 0.105729 0.908854 0.030208 0.044792
0 0.698958 0.658333 0.045833 0.029167
0 0.255729 0.490625 0.048958 0.037500
0 0.632292 0.570312 0.043750 0.055208
0 0.916146 0.125000 0.021875 0.043750
0 0.633333 0.270313 0.050000 0.034375
0 0.535417 0.182292 0.039583 0.047917
0 0.918229 0.828646 0.051042 0.042708
0 0.936979 0.517708 0.048958 0.052083
0 0.883333 0.262500 0.035417 0.052083
0 0.695833 0.736979 0.033333 0.053125
0 0.130729 0.603125 0.028125 0.050000
0 0.801042 0.652083 0.037500 0.052083
0 0.138542 0.196354 0.045833 0.036458
0 0.930208 0.610938 0.029167 0.051042
0 0.507292 0.453646 0.029167 0.040625
0 0.354167 0.140104 0.043750 0.040625
0 0.158333 0.619792 0.050000 0.033333
0 0.284896 0.921354 0.023958 0.040625
0 0.339583 0.263542 0.037500 0.047917
0 0.379688 0.504687 0.042708 0.044792
0 0.860938 0.333333 0.019792 0.035417
0 0.548438 0.554167 0.036458 0.020833
0 0.795312 0.373958 0.038542 0.052083
0 0.665104 0.213542 0.036458 0.018750
0 0.353125 0.603646 0.052083 0.051042
0 0.465625 0.944792 0.031250 0.041667
0 0.941146 0.941667 0.026042 0.045833
0 0.225000 0.507292 0.037500 0.027083
0 0.425000 0.915625 0.052083 0.047917
0 0.591146 0.098437 0.053125 0.032292
0 0.848437 0.910417 0.028125 0.050000
0 0.505729 0.082292 0.023958 0.037500
0 0.623437 0.173437 0.051042 0.053125
0 0.208333 0.379688 0.020833 0.038542
0 0.457813 0.505729 0.034375 0.046875
0 0.805729 0.468229 0.051042 0.044792
0 0.452604 0.830729 0.034375 0.040625
0 0.776563 0.574479 0.040625 0.036458
0 0.473958 0.782292 0.039583 0.022917
0 0.323437 0.949479 0.053125 0.051042
0 0.939583 0.948438 0.043750 0.040625
0 0.888021 0.229687 0.051042 0.038542
0 0.939063 0.251563 0.046875 0.048958
0 0.303125 0.642188 0.045833 0.048958
0 0.779687 0.391146 0.032292 0.040625
0 0.379688 0.597917 0.053125 0.039583
0 0.788021 0.278646 0.051042 0.044792
0 0.600000 0.567187 0.050000 0.040625
0 0.406250 0.947917 0.047917 0.027083
0 0.586979 0.844271 0.040625 0.026042
0 0.922917 0.882812 0.020833 0.036458
0 0.314063 0.685937 0.046875 0.055208
0 0.082812 0.090625 0.048958 0.041667
0 0.135417 0.536458 0.052083 0.033333
0 0.561458 0.627604 0.027083 0.042708
0 0.101562 0.496875 0.046875 0.045833
0 0.099479 0.569792 0.036458 0.043750
0 0.802083 0.172396 0.047917 0.046875
0 0.285938 0.715625 0.053125 0.041667
0 0.760417 0.347917 0.052083 0.039583
0 0.813542 0.228646 0.043750 0.040625
0 0.448437 0.135937 0.044792 0.026042
0 0.958854 0.783854 0.042708 0.044792
0 0.519271 0.469792 0.048958 0.037500
0 0.735938 0.886979 0.048958 0.030208
0 0.853125 0.165104 0.050000 0.038542
0 0.421354 0.170313 0.048958 0.044792
0 0.119792 0.500000 0.037500 0.022917
0 0.107813 0.831250 0.053125 0.035417
0 0.365104 0.350000 0.028125 0.039583
0 0.828125 0.474479 0.043750 0.055208
0 0.232813 0.927083 0.038542 0.047917
0 0.588021 0.572396 0.030208 0.040625
0 0.344792 0.706771 0.029167 0.051042
0 0.114583 0.691146 0.041667 0.032292
0 0.809896 0.310417 0.036458 0.037500
0 0.543229 0.867188 0.048958 0.044792
0 0.963542 0.868229 0.052083 0.034375
0 0.850000 0.484896 0.043750 0.030208
0 0.492188 0.444271 0.053125 0.030208
0 0.851562 0.113542 0.040625 0.054167
0 0.881250 0.960938 0.027083 0.046875
0 0.491146 0.371875 0.038542 0.052083
0 0.666146 0.632292 0.048958 0.037500
0 0.375000 0.633854 0.050000 0.040625
0 0.939063 0.932292 0.038542 0.025000
0 0.369792 0.518750 0.020833 0.035417
0 0.777083 0.830729 0.052083 0.051042
0 0.400521 0.355208 0.046875 0.031250
0 0.420833 0.951042 0.039583 0.047917
0 0.405729 0.708333 0.042708 0.037500
0 0.739583 0.438542 0.041667 0.047917
0 0.607292 0.619271 0.027083 0.046875
0 0.737500 0.389062 0.045833 0.055208
0 0.931771 0.703646 0.030208 0.044792
0 0.641667 0.538021 0.018750 0.038542
0 0.563542 0.541667 0.052083 0.047917
0 0.756771 0.100000 0.026042 0.037500
0 0.498437 0.218750 0.021875 0.039583
0 0.442708 0.289583 0.037500 0.041667
0 0.768229 0.417187 0.036458 0.046875
0 0.395313 0.373958 0.034375 0.047917
0 0.619792 0.259896 0.043750 0.040625
0 0.439063 0.807292 0.048958 0.041667
0 0.397917 0.160938 0.054167 0.042708
0 0.590104 0.797396 0.048958 0.046875
0 0.857292 0.166667 0.045833 0.052083
0 0.512500 0.236979 0.043750 0.055208
0 0.542188 0.564583 0.046875 0.031250
0 0.473438 0.106771 0.051042 0.036458
0 0.292187 0.788542 0.028125 0.039583
0 0.685937 0.933333 0.048958 0.052083
0 0.374479 0.338021 0.046875 0.036458
0 0.078125 0.573438 0.025000 0.038542
0 0.837500 0.458333 0.039583 0.022917
0 0.811458 0.088021 0.035417 0.053125
0 0.795312 0.555208 0.051042 0.050000
0 0.642708 0.181771 0.050000 0.034375
0 0.104688 0.319271 0.038542 0.019792
0 0.821875 0.945312 0.018750 0.038542
0 0.893229 0.404687 0.051042 0.040625
0 0.875521 0.883333 0.036458 0.018750
0 0.284375 0.889062 0.047917 0.046875
0 0.699479 0.151562 0.023958 0.042708
0 0.827083 0.086458 0.043750 0.045833
0 0.930729 0.298438 0.040625 0.030208
0 0.363542 0.503646 0.043750 0.040625
0 0.586979 0.592187 0.038542 0.051042
0 0.905208 0.225521 0.052083 0.051042
0 0.323437 0.855208 0.036458 0.037500
0 0.371875 0.724479 0.052083 0.051042
0 0.135937 0.450000 0.051042 0.050000
0 0.594271 0.818750 0.042708 0.041667
0 0.622396 0.272396 0.032292 0.040625
0 0.177604 0.832292 0.030208 0.043750
0 0.360938 0.788021 0.042708 0.044792
0 0.424479 0.189583 0.053125 0.043750
0 0.718229 0.705729 0.026042 0.044792
0 0.936979 0.296875 0.053125 0.043750
0 0.187500 0.691146 0.039583 0.028125
0 0.916667 0.091667 0.027083 0.037500
0 0.432812 0.284896 0.036458 0.051042
0 0.473438 0.364063 0.055208 0.048958
0 0.229167 0.714063 0.043750 0.030208
0 0.339583 0.880729 0.039583 0.023958
0 0.076042 0.427083 0.033333 0.037500
0 0.246875 0.143229 0.031250 0.048958
0 0.317188 0.295833 0.048958 0.052083
0 0.828646 0.483854 0.051042 0.034375
0 0.146875 0.646354 0.039583 0.044792
0 0.862500 0.154688 0.041667 0.048958
0 0.450521 0.405208 0.038542 0.047917
0 0.200521 0.319271 0.044792 0.051042
0 0.170313 0.790104 0.051042 0.026042
0 0.420312 0.273958 0.053125 0.041667
0 0.193750 0.081771 0.041667 0.055208
0 0.200000 0.596875 0.037500 0.025000
0 0.640104 0.638021 0.040625 0.028125
0 0.814063 0.395313 0.040625 0.034375
0 0.843229 0.172917 0.051042 0.047917
0 0.399479 0.304688 0.026042 0.046875
0 0.609375 0.207813 0.035417 0.053125
0 0.398958 0.827604 0.047917 0.030208
0 0.385417 0.786979 0.043750 0.048958
0 0.672917 0.789062 0.027083 0.042708
0 0.132292 0.403125 0.031250 0.050000
0 0.500000 0.627604 0.050000 0.036458
0 0.800000 0.409375 0.041667 0.037500
0 0.576042 0.461979 0.037500 0.044792
0 0.350000 0.793229 0.041667 0.048958
0 0.858854 0.657813 0.040625 0.032292
0 0.771875 0.241667 0.052083 0.039583
0 0.873958 0.588542 0.037500 0.047917
0 0.807292 0.814583 0.020833 0.039583
0 0.440104 0.888542 0.051042 0.050000
0 0.502083 0.625521 0.039583 0.026042
0 0.521354 0.710417 0.040625 0.041667
0 0.169792 0.483333 0.045833 0.043750
0 0.688542 0.792188 0.045833 0.055208
0 0.805208 0.685417 0.047917 0.027083
0 0.361458 0.356250 0.041667 0.027083
0 0.538542 0.481250 0.020833 0.035417
0 0.094271 0.703125 0.042708 0.027083
0 0.643750 0.327604 0.050000 0.053125
0 0.733333 0.093750 0.041667 0.047917
0 0.367188 0.629687 0.034375 0.046875
0 0.092188 0.188021 0.038542 0.046875
0 0.645833 0.688021 0.031250 0.040625
0 0.879687 0.185938 0.036458 0.051042
0 0.124479 0.900000 0.048958 0.035417
0 0.545833 0.421354 0.043750 0.030208
0 0.715104 0.467708 0.048958 0.037500
0 0.683854 0.238021 0.040625 0.026042
0 0.696875 0.165625 0.037500 0.035417
0 0.250521 0.461458 0.036458 0.037500
0 0.478125 0.488542 0.033333 0.050000
0 0.455729 0.652083 0.036458 0.037500
0 0.213542 0.072917 0.037500 0.022917
0 0.134896 0.205729 0.040625 0.038542
0 0.215104 0.365625 0.044792 0.035417
0 0.263021 0.574479 0.046875 0.032292
0 0.635938 0.846875 0.048958 0.027083
0 0.267708 0.915104 0.050000 0.042708
0 0.234375 0.889062 0.033333 0.040625
0 0.669271 0.907813 0.028125 0.051042
0 0.098958 0.623437 0.031250 0.048958
0 0.193750 0.819792 0.037500 0.029167
0 0.610938 0.268750 0.019792 0.037500
0 0.548958 0.850521 0.035417 0.048958
0 0.417187 0.656771 0.048958 0.046875
0 0.548438 0.119792 0.053125 0.045833
0 0.747917 0.493750 0.022917 0.037500
0 0.342187 0.471354 0.048958 0.055208
0 0.621354 0.772396 0.051042 0.053125
0 0.929688 0.215625 0.051042 0.033333
0 0.201563 0.454688 0.051042 0.040625
0 0.476562 0.731771 0.053125 0.032292
0 0.401042 0.676562 0.043750 0.028125
0 0.935417 0.559375 0.022917 0.035417
0 0.357292 0.791146 0.035417 0.040625
0 0.591667 0.090104 0.039583 0.023958
0 0.416146 0.597917 0.042708 0.029167
0 0.128646 0.468229 0.036458 0.046875
0 0.202604 0.740625 0.046875 0.033333
0 0.574479 0.664583 0.023958 0.041667
0 0.815625 0.506771 0.047917 0.030208
0 0.351042 0.148958 0.043750 0.033333
0 0.572917 0.626042 0.052083 0.047917
0 0.225521 0.192188 0.048958 0.055208
0 0.613021 0.602083 0.040625 0.052083
0 0.209896 0.198958 0.038542 0.031250
0 0.496875 0.731771 0.047917 0.053125
0 0.195833 0.146875 0.041667 0.029167
0 0.120833 0.958333 0.039583 0.047917
0 0.809896 0.724479 0.034375 0.051042
0 0.870313 0.634375 0.042708 0.047917
0 0.697917 0.884896 0.025000 0.046875
0 0.428125 0.121875 0.050000 0.050000
0 0.221875 0.627083 0.045833 0.031250
0 0.745313 0.603125 0.038542 0.031250
0 0.341667 0.660417 0.025000 0.037500
0 0.867708 0.376042 0.045833 0.052083
0 0.753125 0.769792 0.045833 0.045833
0 0.409896 0.236979 0.026042 0.040625
0 0.688021 0.937500 0.028125 0.045833
0 0.573438 0.885417 0.030208 0.043750
0 0.101042 0.828646 0.043750 0.048958
0 0.205208 0.415104 0.037500 0.038542
0 0.784896 0.940104 0.055208 0.036458
0 0.254688 0.587500 0.038542 0.029167
0 0.417708 0.072917 0.039583 0.041667
0 0.414583 0.315625 0.041667 0.039583
0 0.405208 0.333333 0.045833 0.045833
0 0.946875 0.192188 0.050000 0.038542
0 0.336458 0.792188 0.043750 0.040625
0 0.154688 0.876563 0.034375 0.053125
0 0.346875 0.920312 0.037500 0.021875
0 0.305729 0.459375 0.051042 0.047917
0 0.830729 0.802604 0.053125 0.051042
0 0.178125 0.945833 0.047917 0.039583
0 0.683333 0.945312 0.033333 0.040625
0 0.400000 0.642188 0.041667 0.032292
0 0.888021 0.623437 0.044792 0.032292
0 0.889583 0.340625 0.033333 0.050000
0 0.188021 0.293750 0.051042 0.047917
0 0.393750 0.956250 0.047917 0.035417
0 0.189062 0.577604 0.040625 0.023958
0 0.544792 0.634896 0.037500 0.053125
0 0.763021 0.128125 0.046875 0.029167
0 0.289583 0.852604 0.052083 0.051042
0 0.568229 0.172917 0.048958 0.052083
0 0.289062 0.467708 0.053125 0.041667
0 0.092708 0.644792 0.029167 0.037500
0 0.953125 0.355729 0.025000 0.038542
0 0.514583 0.237500 0.047917 0.041667
0 0.354687 0.913021 0.040625 0.032292
0 0.141667 0.816146 0.035417 0.053125
0 0.480208 0.437500 0.033333 0.043750
0 0.188021 0.313542 0.044792 0.054167
0 0.330208 0.547396 0.035417 0.040625
0 0.635417 0.110417 0.027083 0.037500
0 0.156250 0.261458 0.050000 0.031250
0 0.891667 0.535937 0.045833 0.055208
0 0.335417 0.206771 0.054167 0.038542
0 0.194792 0.659896 0.022917 0.046875
0 0.500521 0.533333 0.048958 0.035417
0 0.280208 0.822396 0.041667 0.048958
0 0.333854 0.085938 0.038542 0.040625
0 0.656250 0.142708 0.041667 0.037500
0 0.067708 0.757812 0.031250 0.048958
0 0.909896 0.507812 0.030208 0.044792
0 0.694792 0.827083 0.029167 0.041667
0 0.676562 0.650521 0.021875 0.042708
0 0.955208 0.785417 0.037500 0.035417
0 0.904167 0.286979 0.050000 0.038542
0 0.221354 0.905208 0.044792 0.033333
0 0.119792 0.102604 0.037500 0.038542
0 0.605208 0.891146 0.033333 0.044792
0 0.827083 0.251042 0.039583 0.022917
0 0.838542 0.114583 0.033333 0.043750
0 0.338542 0.691146 0.037500 0.021875
0 0.921354 0.843229 0.038542 0.055208
0 0.653125 0.602083 0.047917 0.039583
0 0.145313 0.908854 0.051042 0.042708
0 0.172917 0.573958 0.052083 0.033333
0 0.496875 0.667188 0.047917 0.053125
0 0.843229 0.323437 0.038542 0.040625
0 0.912500 0.727083 0.033333 0.050000
0 0.374479 0.256250 0.053125 0.043750
0 0.125521 0.867708 0.053125 0.035417
0 0.676562 0.431250 0.048958 0.041667
0 0.524479 0.216146 0.053125 0.034375
0 0.717708 0.125000 0.050000 0.050000
0 0.963021 0.764062 0.040625 0.055208
0 0.885938 0.502083 0.048958 0.039583
0 0.923958 0.517188 0.020833 0.036458
0 0.803125 0.879167 0.035417 0.037500
0 0.276562 0.079167 0.036458 0.018750
0 0.535417 0.320833 0.035417 0.018750
0 0.089583 0.276562 0.043750 0.048958
0 0.135417 0.280208 0.047917 0.033333
0 0.919271 0.608854 0.032292 0.040625
0 0.834896 0.928125 0.048958 0.050000
0 0.247396 0.862500 0.038542 0.018750
0 0.326562 0.940625 0.026042 0.039583
0 0.524479 0.645312 0.051042 0.028125
0 0.272396 0.070833 0.044792 0.035417
0 0.248958 0.298438 0.039583 0.055208
0 0.833333 0.811458 0.020833 0.035417
0 0.465104 0.094792 0.030208 0.047917
0 0.787500 0.354687 0.037500 0.021875
0 0.368229 0.075000 0.044792 0.045833
0 0.409375 0.190104 0.039583 0.044792
0 0.307812 0.850521 0.051042 0.028125
0 0.515625 0.357292 0.037500 0.025000
0 0.664583 0.333333 0.035417 0.020833
0 0.329688 0.071875 0.042708 0.025000
0 0.328125 0.679688 0.039583 0.034375
0 0.964583 0.106250 0.035417 0.043750
0 0.636458 0.083333 0.037500 0.025000
0 0.752083 0.871875 0.037500 0.035417
0 0.785417 0.957812 0.043750 0.040625
0 0.104167 0.410417 0.043750 0.033333
0 0.410417 0.389583 0.037500 0.035417
0 0.651042 0.181250 0.050000 0.033333
0 0.859896 0.247396 0.028125 0.040625
0 0.510938 0.419271 0.040625 0.051042
0 0.898958 0.677604 0.050000 0.036458
0 0.291667 0.769792 0.037500 0.035417
0 0.798958 0.426563 0.041667 0.055208
0 0.291146 0.605208 0.040625 0.022917
0 0.944271 0.861979 0.026042 0.040625
0 0.452083 0.430208 0.033333 0.052083
0 0.380729 0.854688 0.042708 0.023958
0 0.145833 0.225521 0.022917 0.038542
0 0.329167 0.672917 0.047917 0.025000
0 0.556250 0.090625 0.035417 0.018750
0 0.120833 0.515625 0.035417 0.037500
0 0.076042 0.155208 0.033333 0.037500
0 0.915104 0.801562 0.046875 0.048958
0 0.826562 0.397396 0.026042 0.044792
0 0.934375 0.927604 0.039583 0.032292
0 0.663542 0.083854 0.031250 0.040625
0 0.212500 0.889062 0.022917 0.044792
0 0.551042 0.880208 0.022917 0.039583
0 0.366667 0.943750 0.035417 0.018750
0 0.906771 0.639062 0.042708 0.023958
0 0.360938 0.283333 0.028125 0.043750
0 0.286979 0.668229 0.040625 0.034375
0 0.331771 0.171875 0.028125 0.050000
0 0.657813 0.919271 0.042708 0.021875
0 0.702083 0.556771 0.043750 0.030208
0 0.757812 0.801562 0.036458 0.040625
0 0.841146 0.146875 0.053125 0.043750
0 0.218229 0.415104 0.026042 0.040625
0 0.670833 0.531250 0.041667 0.052083
0 0.780208 0.373958 0.029167 0.037500
0 0.880208 0.748958 0.037500 0.025000
0 0.844271 0.646875 0.051042 0.050000
0 0.779167 0.139583 0.037500 0.047917
0 0.235937 0.832812 0.032292 0.040625
0 0.777083 0.744271 0.045833 0.048958
0 0.345833 0.592187 0.050000 0.044792
0 0.261979 0.551562 0.048958 0.055208
0 0.431250 0.090625 0.035417 0.037500
0 0.327604 0.901563 0.053125 0.032292
0 0.695833 0.833333 0.031250 0.050000
0 0.290104 0.726562 0.044792 0.028125
0 0.526042 0.395833 0.043750 0.022917
0 0.293750 0.144792 0.047917 0.037500
0 0.830208 0.096875 0.029167 0.041667
0 0.910937 0.449479 0.046875 0.036458
0 0.416667 0.328646 0.052083 0.034375
0 0.863542 0.890104 0.033333 0.053125
0 0.184375 0.207813 0.022917 0.038542
0 0.563542 0.918750 0.031250 0.041667
0 0.188542 0.606771 0.050000 0.028125
0 0.594792 0.140625 0.035417 0.047917
0 0.412500 0.541146 0.020833 0.038542
0 0.736458 0.696875 0.052083 0.045833
0 0.395833 0.186458 0.033333 0.037500
0 0.522917 0.431771 0.022917 0.038542
0 0.730208 0.488021 0.045833 0.034375
0 0.941667 0.339062 0.045833 0.036458
0 0.770833 0.237500 0.041667 0.052083
0 0.286979 0.792708 0.051042 0.050000
0 0.115104 0.235417 0.021875 0.037500
0 0.443229 0.386979 0.046875 0.055208
0 0.678125 0.599479 0.031250 0.051042
0 0.728646 0.322396 0.055208 0.042708
0 0.785937 0.857812 0.038542 0.055208
0 0.323437 0.817187 0.044792 0.044792
0 0.582812 0.318229 0.040625 0.051042
0 0.676562 0.156250 0.032292 0.052083
0 0.292187 0.940104 0.055208 0.046875
0 0.219792 0.193229 0.039583 0.044792
0 0.631250 0.293750 0.047917 0.035417
0 0.697917 0.229687 0.050000 0.053125
0 0.206771 0.915104 0.028125 0.048958
0 0.847917 0.213542 0.052083 0.047917
0 0.831771 0.406771 0.021875 0.044792
0 0.761458 0.197917 0.035417 0.037500
0 0.706250 0.725000 0.025000 0.043750
0 0.928125 0.915625 0.037500 0.025000
0 0.568750 0.091667 0.052083 0.045833
0 0.652604 0.949479 0.044792 0.026042
0 0.371875 0.407292 0.033333 0.037500
0 0.630729 0.529687 0.044792 0.030208
0 0.729688 0.167187 0.044792 0.026042
0 0.572396 0.714583 0.038542 0.029167
0 0.515625 0.569271 0.052083 0.051042
0 0.810937 0.448958 0.044792 0.033333
0 0.888021 0.107813 0.021875 0.042708
0 0.431771 0.463021 0.038542 0.055208
0 0.804167 0.960938 0.029167 0.044792
0 0.215104 0.715104 0.046875 0.038542
0 0.952604 0.216146 0.026042 0.040625
0 0.372396 0.583333 0.034375 0.039583
0 0.569271 0.482812 0.042708 0.044792
0 0.886458 0.377604 0.039583 0.044792
0 0.803646 0.507292 0.038542 0.027083
0 0.511979 0.644271 0.028125 0.048958
0 0.586458 0.293229 0.054167 0.044792
0 0.370312 0.307812 0.040625 0.055208
0 0.575521 0.197396 0.030208 0.044792
0 0.700000 0.276042 0.027083 0.043750
0 0.421875 0.740625 0.047917 0.052083
0 0.504687 0.634375 0.026042 0.039583
0 0.516146 0.773438 0.055208 0.046875
0 0.287500 0.927604 0.027083 0.040625
0 0.091146 0.305208 0.051042 0.050000
0 0.836458 0.961458 0.033333 0.037500
0 0.269271 0.321354 0.055208 0.044792
0 0.090625 0.439583 0.052083 0.035417
0 0.090104 0.160417 0.032292 0.047917
0 0.110937 0.499479 0.038542 0.019792
0 0.146875 0.289062 0.025000 0.046875
0 0.497396 0.491667 0.030208 0.039583
0 0.804688 0.582812 0.026042 0.044792
0 0.843229 0.653125 0.034375 0.043750
0 0.569792 0.110417 0.041667 0.037500
0 0.383854 0.747917 0.034375 0.043750
0 0.253646 0.811458 0.038542 0.027083
0 0.593750 0.524479 0.037500 0.048958
0 0.356250 0.493750 0.047917 0.027083
0 0.936979 0.298958 0.046875 0.031250
0 0.532813 0.378646 0.034375 0.048958
0 0.411979 0.651563 0.053125 0.034375
0 0.119271 0.297396 0.021875 0.038542
0 0.495312 0.794792 0.032292 0.047917
0 0.537500 0.697396 0.035417 0.044792
0 0.735417 0.190104 0.047917 0.048958
0 0.388021 0.641667 0.034375 0.039583
0 0.863542 0.245312 0.029167 0.040625
0 0.369271 0.366667 0.048958 0.037500
0 0.241667 0.226562 0.050000 0.040625
0 0.160938 0.390625 0.040625 0.041667
0 0.335938 0.845833 0.042708 0.031250
0 0.870833 0.864583 0.041667 0.039583
0 0.172917 0.120833 0.037500 0.025000
0 0.842187 0.122917 0.046875 0.043750
0 0.882292 0.944271 0.029167 0.040625
0 0.670833 0.067708 0.041667 0.025000
0 0.542188 0.445833 0.028125 0.043750
0 0.334896 0.612500 0.019792 0.037500
0 0.614583 0.160938 0.039583 0.036458
0 0.444792 0.288021 0.039583 0.036458
0 0.632812 0.192188 0.053125 0.034375
0 0.725521 0.694271 0.042708 0.044792
0 0.465625 0.485938 0.045833 0.023958
0 0.628125 0.790625 0.052083 0.037500
0 0.267188 0.316667 0.036458 0.037500
0 0.359375 0.314583 0.041667 0.037500
0 0.654167 0.684375 0.052083 0.043750
0 0.359896 0.334896 0.040625 0.034375
0 0.795833 0.202604 0.052083 0.032292
0 0.439063 0.328646 0.055208 0.046875
0 0.108854 0.294792 0.019792 0.039583
0 0.195312 0.573438 0.044792 0.030208
0 0.400521 0.606771 0.040625 0.034375
0 0.085938 0.354687 0.026042 0.040625