0 0.774479 0.142187 0.034375 0.051042
0 0.964063 0.690625 0.048958 0.041667
0 0.517708 0.956250 0.025000 0.047917
0 0.744271 0.919271 0.038542 0.040625
0 0.889583 0.520312 0.041667 0.048958
0 0.817187 0.606250 0.051042 0.050000
0 0.898438 0.258854 0.055208 0.040625
0 0.461458 0.432812 0.037500 0.044792
0 0.396875 0.382812 0.047917 0.053125
0 0.092188 0.100000 0.044792 0.035417
0 0.170833 0.680208 0.039583 0.020833
0 0.343229 0.959375 0.042708 0.029167
0 0.514062 0.422917 0.042708 0.054167
0 0.563021 0.885417 0.038542 0.027083
0 0.812500 0.135417 0.041667 0.031250
0 0.582812 0.760938 0.048958 0.032292
0 0.820312 0.832812 0.051042 0.044792
0 0.325521 0.527083 0.053125 0.039583
0 0.111458 0.284375 0.037500 0.052083
0 0.207813 0.874479 0.051042 0.026042
0 0.645312 0.269271 0.055208 0.036458
0 0.466667 0.420833 0.037500 0.035417
0 0.133333 0.647396 0.050000 0.053125
0 0.833333 0.861979 0.018750 0.036458
0 0.644271 0.589583 0.040625 0.020833
0 0.193229 0.828125 0.051042 0.029167
0 0.531771 0.904687 0.044792 0.042708
0 0.387500 0.745833 0.041667 0.031250
0 0.894271 0.836979 0.040625 0.034375
0 0.507292 0.444271 0.043750 0.055208
0 0.852604 0.164062 0.048958 0.034375
0 0.311458 0.392708 0.027083 0.037500
0 0.750521 0.470313 0.044792 0.021875
0 0.493229 0.446354 0.040625 0.038542
0 0.481771 0.454688 0.023958 0.046875
0 0.830208 0.268229 0.041667 0.044792
0 0.916667 0.780729 0.047917 0.044792
0 0.673958 0.146354 0.047917 0.030208
0 0.781771 0.780729 0.046875 0.038542
0 0.226042 0.286979 0.029167 0.048958
0 0.464062 0.547917 0.046875 0.029167
0 0.318750 0.789583 0.043750 0.027083
0 0.531771 0.533333 0.040625 0.022917
0 0.766667 0.813021 0.050000 0.053125
0 0.488021 0.324479 0.040625 0.038542
0 0.139583 0.448437 0.031250 0.051042
0 0.673438 0.964583 0.042708 0.054167
0 0.674479 0.529167 0.051042 0.033333
0 0.086458 0.229687 0.054167 0.038542
0 0.472396 0.762500 0.044792 0.025000
0 0.569271 0.600521 0.034375 0.040625
0 0.413021 0.800000 0.038542 0.037500
0 0.523438 0.963021 0.044792 0.032292
0 0.941667 0.968750 0.031250 0.043750
0 0.273958 0.888542 0.037500 0.041667
0 0.897396 0.285417 0.028125 0.050000
0 0.841667 0.466667 0.047917 0.035417
0 0.654687 0.310937 0.046875 0.048958
0 0.835938 0.953125 0.038542 0.027083
0 0.083333 0.134896 0.027083 0.040625
0 0.099479 0.313021 0.040625 0.038542
0 0.519271 0.808333 0.038542 0.033333
0 0.158333 0.616146 0.035417 0.044792
0 0.320833 0.323437 0.031250 0.048958
0 0.933854 0.828646 0.046875 0.048958
0 0.864062 0.290104 0.034375 0.040625
0 0.367188 0.276562 0.046875 0.048958
0 0.421354 0.276562 0.046875 0.055208
0 0.271875 0.328125 0.047917 0.050000
0 0.800521 0.554688 0.038542 0.040625
0 0.956771 0.250000 0.034375 0.052083
0 0.185938 0.903125 0.042708 0.039583
0 0.176042 0.165104 0.050000 0.028125
0 0.931250 0.872917 0.029167 0.037500
0 0.334896 0.378646 0.053125 0.034375
0 0.487500 0.718750 0.045833 0.043750
0 0.468229 0.576042 0.042708 0.041667
0 0.845313 0.492708 0.030208 0.039583
0 0.667188 0.541667 0.036458 0.020833
0 0.444271 0.937500 0.032292 0.039583
0 0.403646 0.205729 0.055208 0.040625
0 0.844792 0.660937 0.045833 0.055208
0 0.716146 0.228125 0.046875 0.043750
0 0.653125 0.669271 0.043750 0.055208
0 0.935937 0.588542 0.030208 0.039583
0 0.743750 0.380729 0.041667 0.048958
0 0.153646 0.961979 0.055208 0.042708
0 0.291146 0.118229 0.042708 0.023958
0 0.504167 0.546354 0.039583 0.053125
0 0.357292 0.927083 0.047917 0.025000
0 0.731250 0.613021 0.050000 0.028125
0 0.098437 0.509375 0.042708 0.027083
0 0.949479 0.420312 0.038542 0.040625
0 0.325521 0.904167 0.048958 0.039583
0 0.720833 0.078646 0.043750 0.040625
0 0.289583 0.875000 0.037500 0.033333
0 0.563542 0.318750 0.035417 0.043750
0 0.638021 0.251563 0.038542 0.046875
0 0.397396 0.773958 0.034375 0.016667
0 0.671875 0.269271 0.045833 0.023958
0 0.379688 0.410417 0.040625 0.022917
0 0.468750 0.563542 0.039583 0.022917
0 0.144792 0.395833 0.047917 0.025000
0 0.310417 0.779167 0.022917 0.037500
0 0.454167 0.485938 0.039583 0.026042
0 0.891146 0.452083 0.028125 0.039583
0 0.466667 0.740104 0.035417 0.048958
0 0.716146 0.593750 0.032292 0.052083
0 0.160417 0.947917 0.052083 0.043750
0 0.714063 0.763542 0.030208 0.050000
0 0.803646 0.380208 0.038542 0.043750
0 0.071875 0.604167 0.039583 0.041667
0 0.420833 0.960417 0.033333 0.043750
0 0.882292 0.132812 0.041667 0.048958
0 0.209375 0.829167 0.031250 0.050000
0 0.500521 0.178646 0.046875 0.034375
0 0.819792 0.237500 0.045833 0.029167
0 0.101042 0.721875 0.031250 0.050000
0 0.273958 0.615625 0.043750 0.022917
0 0.213021 0.394271 0.044792 0.026042
0 0.568750 0.084375 0.018750 0.035417
0 0.881771 0.739062 0.034375 0.040625
0 0.241146 0.950521 0.044792 0.051042
0 0.101562 0.404687 0.021875 0.038542
0 0.420833 0.810417 0.029167 0.037500
0 0.811458 0.655729 0.052083 0.051042
0 0.640104 0.686458 0.051042 0.031250
0 0.441667 0.250000 0.052083 0.043750
0 0.598437 0.470313 0.040625 0.034375
0 0.088021 0.191146 0.051042 0.053125
0 0.839063 0.101042 0.042708 0.037500
0 0.331250 0.637500 0.050000 0.050000
0 0.362500 0.548438 0.043750 0.055208
0 0.088021 0.171875 0.042708 0.054167
0 0.212500 0.940625 0.047917 0.052083
0 0.740625 0.663542 0.022917 0.039583
0 0.296354 0.663542 0.042708 0.020833
0 0.243229 0.872396 0.040625 0.028125
0 0.355208 0.539583 0.037500 0.041667
0 0.973437 0.615104 0.053125 0.051042
0 0.403646 0.802083 0.044792 0.054167
0 0.201042 0.469792 0.043750 0.025000
0 0.353646 0.691667 0.048958 0.035417
0 0.775521 0.811458 0.048958 0.041667
0 0.828125 0.457292 0.035417 0.047917
0 0.893229 0.447917 0.048958 0.037500
0 0.150521 0.278646 0.046875 0.040625
0 0.084896 0.323958 0.044792 0.047917
0 0.560937 0.450521 0.042708 0.055208
0 0.150521 0.960417 0.053125 0.039583
0 0.206250 0.218750 0.045833 0.031250
0 0.522917 0.243750 0.029167 0.037500
0 0.560937 0.950521 0.030208 0.053125
0 0.596875 0.632292 0.033333 0.016667
0 0.902083 0.571875 0.041667 0.039583
0 0.759375 0.394792 0.033333 0.047917
0 0.257812 0.768750 0.038542 0.027083
0 0.753646 0.231250 0.040625 0.025000
0 0.752604 0.117708 0.038542 0.047917
0 0.098958 0.325521 0.039583 0.028125
0 0.191667 0.190104 0.052083 0.051042
0 0.140625 0.491667 0.047917 0.041667
0 0.077604 0.206771 0.042708 0.023958
0 0.182812 0.867708 0.038542 0.031250
0 0.922396 0.551042 0.032292 0.043750
0 0.561979 0.903125 0.051042 0.031250
0 0.626042 0.769271 0.035417 0.053125
0 0.327083 0.594792 0.027083 0.047917
0 0.605729 0.268229 0.038542 0.046875
0 0.466667 0.498437 0.054167 0.048958
0 0.813021 0.494792 0.030208 0.043750
0 0.386458 0.210417 0.029167 0.045833
0 0.572396 0.901563 0.055208 0.044792
0 0.460938 0.711458 0.053125 0.043750
0 0.688542 0.124479 0.054167 0.042708
0 0.789062 0.208333 0.036458 0.052083
0 0.477083 0.173958 0.037500 0.027083
0 0.496354 0.615104 0.028125 0.040625
0 0.664062 0.092708 0.032292 0.047917
0 0.598958 0.709896 0.047917 0.048958
0 0.143229 0.812500 0.044792 0.054167
0 0.138542 0.776563 0.041667 0.048958
0 0.428125 0.843229 0.054167 0.044792
0 0.822396 0.733333 0.053125 0.043750
0 0.230208 0.138542 0.025000 0.043750
0 0.369792 0.770312 0.045833 0.034375
0 0.903646 0.180729 0.019792 0.038542
0 0.720313 0.519792 0.034375 0.043750
0 0.932292 0.222917 0.041667 0.037500
0 0.159375 0.407813 0.033333 0.040625
0 0.298958 0.164062 0.039583 0.048958
0 0.401042 0.233854 0.022917 0.044792
0 0.354687 0.222396 0.044792 0.042708
0 0.356771 0.442708 0.038542 0.047917
0 0.332813 0.778125 0.032292 0.052083
0 0.400000 0.420312 0.031250 0.044792
0 0.900521 0.627083 0.021875 0.037500
0 0.836979 0.260417 0.046875 0.043750
0 0.672917 0.785937 0.050000 0.038542
0 0.203125 0.227604 0.035417 0.040625
0 0.213021 0.957812 0.055208 0.048958
0 0.344792 0.538021 0.043750 0.055208
0 0.433854 0.128125 0.038542 0.029167
0 0.788542 0.313542 0.043750 0.025000
0 0.096875 0.268750 0.033333 0.037500
0 0.277604 0.520312 0.040625 0.044792
0 0.509375 0.132292 0.033333 0.043750
0 0.590104 0.839063 0.051042 0.038542
0 0.450000 0.396354 0.054167 0.044792
0 0.128646 0.967187 0.051042 0.044792
0 0.929688 0.792708 0.038542 0.031250
0 0.219792 0.670312 0.045833 0.038542
0 0.565625 0.779687 0.041667 0.044792
0 0.189062 0.425000 0.034375 0.039583
0 0.158854 0.266146 0.017708 0.036458
0 0.780729 0.307812 0.055208 0.040625
0 0.955729 0.839063 0.023958 0.048958
0 0.835938 0.734896 0.026042 0.046875
0 0.898958 0.270833 0.041667 0.039583
0 0.354167 0.606250 0.029167 0.045833
0 0.406771 0.132292 0.048958 0.052083
0 0.558854 0.933854 0.040625 0.034375
0 0.676042 0.708854 0.035417 0.048958
0 0.335938 0.175000 0.044792 0.054167
0 0.878646 0.153125 0.053125 0.039583
0 0.107813 0.288542 0.030208 0.050000
0 0.715104 0.458333 0.040625 0.022917
0 0.635938 0.553125 0.053125 0.037500
0 0.510938 0.878125 0.040625 0.022917
0 0.119271 0.291667 0.030208 0.050000
0 0.577604 0.744792 0.048958 0.025000
0 0.444271 0.485417 0.048958 0.050000
0 0.622396 0.693750 0.030208 0.043750
0 0.363542 0.834375 0.041667 0.039583
0 0.968229 0.191146 0.048958 0.028125
0 0.189583 0.157292 0.037500 0.035417
0 0.230729 0.122396 0.046875 0.048958
0 0.439063 0.359896 0.026042 0.040625
0 0.580208 0.089063 0.052083 0.030208
0 0.564063 0.706771 0.040625 0.028125
0 0.284896 0.521875 0.023958 0.041667
0 0.410417 0.953125 0.047917 0.041667
0 0.098437 0.733854 0.051042 0.053125
0 0.210938 0.795833 0.042708 0.047917
0 0.086979 0.455208 0.046875 0.045833
0 0.954167 0.843750 0.050000 0.050000
0 0.384896 0.280208 0.034375 0.043750
0 0.815104 0.239063 0.044792 0.026042
0 0.807292 0.446354 0.035417 0.040625
0 0.825521 0.572917 0.034375 0.043750
0 0.377083 0.097396 0.045833 0.028125
0 0.125521 0.392708 0.044792 0.025000
0 0.950521 0.815625 0.038542 0.052083
0 0.158854 0.226042 0.032292 0.043750
0 0.876563 0.390104 0.019792 0.038542
0 0.658854 0.128646 0.030208 0.040625
0 0.569271 0.924479 0.032292 0.048958
0 0.254167 0.720833 0.022917 0.035417
0 0.911458 0.833333 0.041667 0.052083
0 0.380729 0.245312 0.040625 0.032292
0 0.170313 0.525521 0.044792 0.030208
0 0.081771 0.381250 0.051042 0.029167
0 0.870833 0.841667 0.041667 0.047917
0 0.359375 0.867708 0.045833 0.027083
0 0.724479 0.608854 0.040625 0.044792
0 0.940104 0.940104 0.042708 0.055208
0 0.533333 0.479687 0.043750 0.028125
0 0.398958 0.748958 0.043750 0.035417
0 0.725521 0.661458 0.030208 0.047917
0 0.641146 0.951042 0.042708 0.041667
0 0.851042 0.528646 0.039583 0.034375
0 0.802604 0.814583 0.038542 0.031250
0 0.914062 0.080729 0.038542 0.021875
0 0.829167 0.330208 0.035417 0.052083
0 0.759375 0.683854 0.037500 0.048958
0 0.397917 0.581250 0.031250 0.041667
0 0.953646 0.909896 0.051042 0.040625
0 0.747396 0.845313 0.036458 0.051042
0 0.858854 0.618229 0.023958 0.042708
0 0.373958 0.279167 0.033333 0.037500
0 0.169792 0.598958 0.035417 0.037500
0 0.253646 0.628125 0.051042 0.050000
0 0.152083 0.541667 0.037500 0.022917
0 0.126562 0.836979 0.021875 0.042708
0 0.829167 0.390104 0.039583 0.036458
0 0.517188 0.385937 0.055208 0.038542
0 0.576042 0.555208 0.047917 0.025000
0 0.123958 0.389583 0.047917 0.033333
0 0.455208 0.328646 0.052083 0.030208
0 0.885417 0.485417 0.022917 0.043750
0 0.145833 0.194271 0.039583 0.028125
0 0.605729 0.334375 0.038542 0.047917
0 0.275000 0.436458 0.035417 0.037500
0 0.754167 0.773438 0.050000 0.028125
0 0.804167 0.179688 0.041667 0.023958
0 0.350521 0.266146 0.034375 0.053125
0 0.579167 0.537500 0.052083 0.039583
0 0.894792 0.485938 0.043750 0.048958
0 0.396354 0.344271 0.051042 0.042708
0 0.866146 0.455208 0.048958 0.033333
0 0.719792 0.651563 0.047917 0.053125
0 0.463021 0.358854 0.034375 0.040625
0 0.117188 0.523958 0.038542 0.043750
0 0.511979 0.518750 0.038542 0.043750
0 0.795833 0.131250 0.035417 0.037500
0 0.319271 0.195833 0.053125 0.045833
0 0.159375 0.361979 0.045833 0.038542
0 0.701562 0.163021 0.048958 0.055208
0 0.700521 0.258333 0.042708 0.054167
0 0.490625 0.827604 0.027083 0.046875
0 0.935417 0.861458 0.037500 0.031250
0 0.865625 0.658854 0.031250 0.048958
0 0.778125 0.898438 0.031250 0.040625
0 0.693750 0.215104 0.045833 0.038542
0 0.908333 0.571875 0.027083 0.045833
0 0.832292 0.277083 0.029167 0.045833
0 0.733854 0.249479 0.030208 0.053125
0 0.837500 0.234375 0.022917 0.043750
0 0.961458 0.696354 0.043750 0.040625
0 0.467187 0.841146 0.046875 0.048958
0 0.262500 0.664583 0.047917 0.050000
0 0.821875 0.591146 0.047917 0.046875
0 0.201563 0.641667 0.038542 0.043750
0 0.310417 0.891146 0.039583 0.038542
0 0.388021 0.209896 0.028125 0.044792
0 0.281771 0.212500 0.044792 0.047917
0 0.730208 0.376042 0.050000 0.050000
0 0.556771 0.923958 0.036458 0.047917
0 0.278125 0.447396 0.039583 0.036458
0 0.946875 0.160938 0.031250 0.040625
0 0.777604 0.467187 0.046875 0.026042
0 0.341667 0.365625 0.045833 0.045833
0 0.467708 0.143750 0.037500 0.025000
0 0.960938 0.957292 0.038542 0.047917
0 0.733854 0.761458 0.038542 0.035417
0 0.748958 0.677083 0.037500 0.029167
0 0.477083 0.361979 0.020833 0.036458
0 0.796354 0.146875 0.048958 0.027083
0 0.408333 0.705208 0.041667 0.037500
0 0.889062 0.382812 0.028125 0.040625
0 0.132292 0.073438 0.054167 0.042708
0 0.136979 0.182812 0.040625 0.044792
0 0.890625 0.960938 0.047917 0.030208
0 0.160417 0.958333 0.037500 0.033333
0 0.097396 0.920833 0.021875 0.039583
0 0.376042 0.924479 0.020833 0.040625
0 0.494271 0.461458 0.021875 0.037500
0 0.650521 0.420312 0.053125 0.032292
0 0.465625 0.121875 0.037500 0.031250
0 0.839583 0.468229 0.047917 0.046875
0 0.507812 0.850000 0.042708 0.027083
0 0.325521 0.415625 0.046875 0.043750
0 0.778646 0.942708 0.036458 0.018750
0 0.435417 0.653646 0.039583 0.036458
0 0.236979 0.730208 0.017708 0.035417
0 0.470833 0.527604 0.052083 0.051042
0 0.678125 0.907813 0.039583 0.034375
0 0.855208 0.729167 0.047917 0.041667
0 0.660937 0.907292 0.044792 0.052083
0 0.803125 0.742708 0.027083 0.045833
0 0.692708 0.767188 0.029167 0.044792
0 0.267708 0.714063 0.033333 0.040625
0 0.808854 0.716146 0.048958 0.046875
0 0.160938 0.585417 0.034375 0.052083
0 0.076563 0.644792 0.048958 0.039583
0 0.077083 0.753125 0.047917 0.039583
0 0.350521 0.464583 0.038542 0.035417
0 0.861458 0.951562 0.050000 0.026042
0 0.457813 0.128646 0.051042 0.038542
0 0.417708 0.939583 0.039583 0.047917
0 0.714583 0.962500 0.041667 0.052083
0 0.905729 0.662500 0.053125 0.039583
0 0.073958 0.160417 0.043750 0.022917
0 0.905208 0.542188 0.037500 0.038542
0 0.498437 0.366667 0.051042 0.031250
0 0.856771 0.203125 0.048958 0.037500
0 0.279167 0.140104 0.025000 0.038542
0 0.419792 0.346354 0.025000 0.038542
0 0.447917 0.673438 0.029167 0.044792
0 0.936979 0.219792 0.046875 0.043750
0 0.735938 0.296354 0.053125 0.053125
0 0.901563 0.718229 0.055208 0.044792
0 0.895312 0.583333 0.046875 0.043750
0 0.440104 0.736458 0.026042 0.041667
0 0.307292 0.956250 0.035417 0.018750
0 0.528646 0.873437 0.032292 0.044792
0 0.476562 0.257812 0.030208 0.048958
0 0.336979 0.580208 0.051042 0.033333
0 0.098437 0.881250 0.048958 0.033333
0 0.177604 0.222396 0.023958 0.040625
0 0.515104 0.422396 0.044792 0.040625
0 0.546875 0.179167 0.037500 0.025000
0 0.959375 0.253646 0.037500 0.038542
0 0.834896 0.399479 0.048958 0.046875
0 0.900521 0.760417 0.051042 0.029167
0 0.697917 0.854688 0.047917 0.030208
0 0.813542 0.666146 0.054167 0.040625
0 0.357292 0.307292 0.043750 0.035417
0 0.858333 0.321354 0.050000 0.034375
0 0.095833 0.886458 0.037500 0.031250
0 0.852604 0.368229 0.036458 0.051042
0 0.415625 0.303125 0.029167 0.037500
0 0.112500 0.429688 0.037500 0.038542
0 0.685937 0.918229 0.034375 0.051042
0 0.655208 0.824479 0.043750 0.040625
0 0.257292 0.148438 0.041667 0.055208
0 0.922396 0.392708 0.042708 0.047917
0 0.498958 0.778646 0.027083 0.042708
0 0.450521 0.705729 0.038542 0.040625
0 0.170833 0.207292 0.043750 0.045833
0 0.750000 0.931771 0.020833 0.036458
0 0.403125 0.071354 0.052083 0.034375
0 0.410938 0.501563 0.051042 0.042708
0 0.477604 0.693229 0.048958 0.032292
0 0.336458 0.384375 0.043750 0.033333
0 0.907813 0.134375 0.046875 0.043750
0 0.337500 0.280208 0.037500 0.025000
0 0.721875 0.590625 0.039583 0.052083
0 0.697917 0.386458 0.039583 0.052083
0 0.695833 0.843750 0.033333 0.052083
0 0.568229 0.147396 0.046875 0.055208
0 0.284896 0.847917 0.040625 0.020833
0 0.702083 0.631250 0.029167 0.041667
0 0.491146 0.661979 0.038542 0.040625
0 0.953125 0.718750 0.052083 0.039583
0 0.786979 0.853125 0.053125 0.045833
0 0.937500 0.829688 0.029167 0.040625
0 0.251042 0.625521 0.047917 0.046875
0 0.889062 0.527604 0.053125 0.053125
0 0.479687 0.441667 0.038542 0.031250
0 0.818229 0.440104 0.055208 0.048958
0 0.621875 0.159896 0.043750 0.055208
0 0.196354 0.828646 0.055208 0.038542
0 0.923438 0.442188 0.040625 0.044792
0 0.083854 0.727604 0.046875 0.048958
0 0.306250 0.583333 0.043750 0.052083
0 0.354687 0.094271 0.040625 0.030208
0 0.762500 0.718229 0.045833 0.048958
0 0.609375 0.491667 0.052083 0.047917
0 0.501042 0.163021 0.039583 0.026042
0 0.804167 0.147917 0.041667 0.029167
0 0.205208 0.264062 0.039583 0.055208
0 0.139063 0.557813 0.036458 0.017708
0 0.659375 0.806250 0.018750 0.035417
0 0.412500 0.808333 0.020833 0.039583
0 0.520312 0.884375 0.038542 0.035417
0 0.768750 0.295833 0.047917 0.052083
0 0.968229 0.090104 0.053125 0.034375
0 0.574479 0.490104 0.026042 0.044792
0 0.295833 0.314063 0.035417 0.040625
0 0.523438 0.098958 0.038542 0.043750
0 0.145833 0.634896 0.047917 0.032292
0 0.851562 0.852604 0.044792 0.026042
0 0.708854 0.313021 0.042708 0.044792
0 0.473958 0.670833 0.047917 0.037500
0 0.589063 0.502604 0.055208 0.040625
0 0.783333 0.311458 0.043750 0.035417
0 0.897917 0.203125 0.052083 0.037500
0 0.292187 0.832292 0.053125 0.045833
0 0.477604 0.579167 0.032292 0.039583
0 0.713021 0.125521 0.044792 0.040625
0 0.871875 0.471354 0.045833 0.036458
0 0.364063 0.197917 0.032292 0.039583
0 0.598437 0.693750 0.044792 0.033333
0 0.751042 0.635417 0.022917 0.039583
0 0.797917 0.481250 0.020833 0.039583
0 0.111979 0.184896 0.055208 0.040625
0 0.635417 0.606771 0.052083 0.051042
0 0.071354 0.459896 0.038542 0.046875
0 0.880208 0.671354 0.033333 0.044792
0 0.339583 0.079167 0.041667 0.020833
0 0.340625 0.082292 0.041667 0.039583
0 0.275521 0.650000 0.034375 0.052083
0 0.720833 0.075000 0.025000 0.037500
0 0.667188 0.150521 0.051042 0.030208
0 0.579688 0.142187 0.042708 0.023958
0 0.276562 0.382812 0.040625 0.055208
0 0.659375 0.412500 0.037500 0.022917
0 0.721875 0.352604 0.043750 0.030208
0 0.966667 0.823958 0.037500 0.033333
0 0.340104 0.902083 0.051042 0.033333
0 0.743750 0.283854 0.050000 0.053125
0 0.550521 0.701562 0.038542 0.051042
0 0.265104 0.720313 0.055208 0.048958
0 0.608854 0.754687 0.055208 0.046875
0 0.204167 0.945312 0.054167 0.051042
0 0.212500 0.277083 0.037500 0.041667
0 0.557292 0.853125 0.037500 0.047917
0 0.753125 0.219792 0.033333 0.043750
0 0.225521 0.397917 0.048958 0.052083
0 0.558333 0.609375 0.031250 0.037500
0 0.782292 0.168229 0.050000 0.053125
0 0.233854 0.552083 0.023958 0.037500
0 0.102083 0.211979 0.020833 0.036458
0 0.584375 0.913542 0.052083 0.047917
0 0.252604 0.383333 0.030208 0.039583
0 0.483333 0.572917 0.039583 0.041667
0 0.291667 0.176042 0.027083 0.041667
0 0.167708 0.166146 0.035417 0.044792
0 0.377604 0.426042 0.038542 0.029167
0 0.928125 0.948438 0.047917 0.046875
0 0.449479 0.423958 0.036458 0.037500
0 0.318229 0.536458 0.044792 0.035417
0 0.490104 0.879687 0.030208 0.040625
0 0.151042 0.430208 0.050000 0.033333
0 0.089063 0.153125 0.036458 0.037500
0 0.708854 0.620313 0.038542 0.040625
0 0.339583 0.365625 0.041667 0.029167
0 0.735417 0.756771 0.052083 0.051042
0 0.289062 0.709375 0.044792 0.035417
0 0.645312 0.270833 0.053125 0.039583
0 0.690625 0.818750 0.031250 0.037500
0 0.650521 0.775521 0.034375 0.051042
0 0.507292 0.615104 0.050000 0.044792
0 0.820312 0.085938 0.040625 0.032292
0 0.479167 0.506250 0.043750 0.052083
0 0.461979 0.922396 0.028125 0.048958
0 0.481771 0.915625 0.034375 0.047917
0 0.465625 0.097396 0.035417 0.053125
0 0.663021 0.628125 0.053125 0.043750
0 0.943750 0.752083 0.031250 0.045833
0 0.486979 0.448958 0.038542 0.025000
0 0.677604 0.730729 0.048958 0.032292
0 0.911979 0.150521 0.055208 0.046875
0 0.814583 0.204167 0.045833 0.043750
0 0.471875 0.469792 0.039583 0.020833
0 0.347396 0.499479 0.036458 0.017708
0 0.383333 0.897917 0.047917 0.037500
0 0.582292 0.301042 0.037500 0.035417
0 0.495833 0.436979 0.052083 0.051042
0 0.415625 0.956250 0.052083 0.037500
0 0.665625 0.243750 0.047917 0.037500
0 0.134896 0.082812 0.038542 0.051042
0 0.641146 0.869792 0.038542 0.033333
0 0.876042 0.792188 0.039583 0.036458
0 0.382812 0.332813 0.048958 0.034375
0 0.859375 0.746354 0.041667 0.023958
0 0.154688 0.793229 0.044792 0.044792
0 0.666146 0.147396 0.055208 0.046875
0 0.222396 0.460417 0.053125 0.039583
0 0.411458 0.952083 0.037500 0.035417
0 0.262500 0.547917 0.037500 0.033333
0 0.697396 0.941667 0.034375 0.043750
0 0.826042 0.758333 0.031250 0.041667
0 0.289062 0.569271 0.051042 0.042708
0 0.918229 0.784896 0.040625 0.051042
0 0.597396 0.963021 0.036458 0.051042
0 0.672917 0.792708 0.033333 0.037500
0 0.102604 0.188542 0.040625 0.054167
0 0.935417 0.715104 0.035417 0.044792
0 0.155729 0.691667 0.044792 0.025000
0 0.616667 0.793229 0.035417 0.044792
0 0.952604 0.556250 0.036458 0.047917
0 0.398438 0.259896 0.040625 0.036458
0 0.471354 0.903646 0.042708 0.044792
0 0.670312 0.308854 0.028125 0.048958
0 0.718750 0.493750 0.039583 0.041667
0 0.527083 0.945312 0.050000 0.053125
0 0.563542 0.176563 0.041667 0.023958
0 0.311458 0.101042 0.025000 0.041667
0 0.114062 0.334896 0.036458 0.040625
0 0.608854 0.314583 0.032292 0.039583
0 0.685937 0.408333 0.044792 0.045833
0 0.409375 0.844271 0.035417 0.044792
0 0.789062 0.139063 0.032292 0.044792
0 0.879167 0.308333 0.037500 0.031250
0 0.332813 0.184896 0.048958 0.032292
0 0.929688 0.167187 0.028125 0.044792
0 0.537500 0.336458 0.050000 0.029167
0 0.954167 0.756250 0.037500 0.041667
0 0.688542 0.125000 0.035417 0.020833
0 0.147917 0.866146 0.037500 0.038542
0 0.505729 0.951562 0.046875 0.048958
0 0.831250 0.686979 0.037500 0.019792
0 0.605208 0.903125 0.041667 0.052083
0 0.639583 0.357292 0.047917 0.035417