0 0.718229 0.525521 0.055208 0.036458
0 0.206250 0.317708 0.052083 0.043750
0 0.922396 0.558854 0.048958 0.046875
0 0.103646 0.489583 0.034375 0.016667
0 0.401042 0.438542 0.039583 0.022917
0 0.426042 0.766146 0.047917 0.053125
0 0.868229 0.657813 0.026042 0.044792
0 0.228646 0.171875 0.026042 0.045833
0 0.501563 0.604688 0.040625 0.030208
0 0.823438 0.195312 0.042708 0.055208
0 0.461458 0.169271 0.025000 0.044792
0 0.247396 0.417187 0.046875 0.038542
0 0.889583 0.161458 0.045833 0.029167
0 0.566146 0.959896 0.023958 0.042708
0 0.555208 0.921354 0.022917 0.046875
0 0.204687 0.395313 0.026042 0.051042
0 0.856250 0.608333 0.037500 0.031250
0 0.620313 0.097917 0.026042 0.041667
0 0.900000 0.449479 0.027083 0.051042
0 0.875000 0.113542 0.039583 0.025000
0 0.916146 0.941667 0.032292 0.043750
0 0.838021 0.620833 0.042708 0.039583
0 0.852083 0.632292 0.052083 0.045833
0 0.958854 0.157292 0.034375 0.016667
0 0.515625 0.721875 0.037500 0.033333
0 0.079167 0.251042 0.027083 0.037500
0 0.451562 0.351042 0.046875 0.029167
0 0.202083 0.366667 0.047917 0.041667
0 0.118229 0.840625 0.042708 0.041667
0 0.089583 0.770833 0.041667 0.039583
0 0.511979 0.343750 0.038542 0.027083
0 0.378646 0.916146 0.044792 0.026042
0 0.188021 0.251042 0.051042 0.031250
0 0.895833 0.896875 0.031250 0.045833
0 0.677083 0.333333 0.047917 0.037500
0 0.322917 0.635938 0.022917 0.042708
0 0.258854 0.813021 0.023958 0.042708
0 0.963542 0.270833 0.037500 0.029167
0 0.656771 0.889583 0.046875 0.052083
0 0.251042 0.514583 0.039583 0.047917
0 0.878646 0.506250 0.044792 0.047917
0 0.484896 0.844792 0.051042 0.050000
0 0.607292 0.485938 0.043750 0.040625
0 0.082812 0.757812 0.053125 0.030208
0 0.097917 0.460938 0.022917 0.046875
0 0.673438 0.096354 0.048958 0.046875
0 0.665625 0.419792 0.020833 0.039583
0 0.495833 0.579167 0.035417 0.047917
0 0.222917 0.369792 0.052083 0.047917
0 0.947396 0.139063 0.021875 0.042708
0 0.560417 0.113021 0.039583 0.038542
0 0.097396 0.572396 0.055208 0.046875
0 0.201042 0.476562 0.050000 0.040625
0 0.934375 0.872917 0.029167 0.037500
0 0.571354 0.360417 0.046875 0.043750
0 0.400000 0.754687 0.052083 0.051042
0 0.847917 0.368750 0.045833 0.029167
0 0.552083 0.636979 0.037500 0.044792
0 0.463542 0.166667 0.052083 0.045833
0 0.572396 0.637500 0.048958 0.037500
0 0.886458 0.305208 0.037500 0.043750
0 0.771354 0.346354 0.051042 0.053125
0 0.521875 0.720833 0.033333 0.043750
0 0.197917 0.550000 0.037500 0.041667
0 0.280729 0.583333 0.051042 0.033333
0 0.637500 0.746875 0.022917 0.043750
0 0.833333 0.577083 0.043750 0.035417
0 0.097396 0.526563 0.044792 0.040625
0 0.272917 0.268750 0.037500 0.025000
0 0.133854 0.778646 0.019792 0.038542
0 0.828646 0.465104 0.038542 0.023958
0 0.331250 0.734896 0.037500 0.048958
0 0.785937 0.117708 0.038542 0.037500
0 0.459375 0.355208 0.045833 0.031250
0 0.633333 0.422396 0.039583 0.028125
0 0.281250 0.285417 0.027083 0.045833
0 0.764062 0.179688 0.055208 0.040625
0 0.077604 0.202083 0.038542 0.047917
0 0.640625 0.494792 0.033333 0.047917
0 0.760417 0.745833 0.025000 0.039583
0 0.546875 0.956771 0.027083 0.046875
0 0.855729 0.222917 0.036458 0.043750
0 0.142708 0.366667 0.043750 0.035417
0 0.100000 0.645833 0.047917 0.027083
0 0.866667 0.845833 0.047917 0.050000
0 0.938542 0.746354 0.022917 0.038542
0 0.485938 0.879167 0.044792 0.047917
0 0.873437 0.543229 0.040625 0.055208
0 0.756250 0.903125 0.039583 0.022917
0 0.394271 0.159896 0.053125 0.032292
0 0.450000 0.521354 0.045833 0.026042
0 0.359375 0.560417 0.052083 0.043750
0 0.216146 0.724479 0.048958 0.046875
0 0.599479 0.082292 0.044792 0.052083
0 0.801562 0.669792 0.048958 0.027083
0 0.696354 0.566146 0.040625 0.026042
0 0.380208 0.507292 0.050000 0.029167
0 0.745313 0.901042 0.032292 0.052083
0 0.080208 0.578646 0.029167 0.040625
0 0.637500 0.470313 0.031250 0.044792
0 0.705729 0.242188 0.051042 0.044792
0 0.350000 0.615104 0.045833 0.023958
0 0.498958 0.736979 0.035417 0.044792
0 0.695312 0.464583 0.051042 0.050000
0 0.191667 0.132812 0.031250 0.044792
0 0.962500 0.710938 0.045833 0.048958
0 0.230729 0.358854 0.038542 0.021875
0 0.926562 0.685417 0.036458 0.037500
0 0.443229 0.916146 0.044792 0.028125
0 0.458854 0.648438 0.042708 0.023958
0 0.814063 0.540104 0.046875 0.036458
0 0.723958 0.167708 0.039583 0.047917
0 0.629167 0.413021 0.039583 0.038542
0 0.404687 0.211458 0.046875 0.033333
0 0.202604 0.215625 0.051042 0.050000
0 0.213542 0.088021 0.039583 0.038542
0 0.160938 0.506771 0.046875 0.036458
0 0.876563 0.857292 0.034375 0.043750
0 0.820312 0.101042 0.044792 0.033333
0 0.111979 0.188542 0.032292 0.039583
0 0.178646 0.426042 0.026042 0.039583
0 0.931250 0.714583 0.029167 0.041667
0 0.072917 0.886458 0.035417 0.037500
0 0.417708 0.276042 0.037500 0.035417
0 0.286979 0.836979 0.044792 0.040625
0 0.404167 0.859896 0.031250 0.048958
0 0.767708 0.559375 0.029167 0.041667
0 0.120833 0.757292 0.043750 0.035417
0 0.239583 0.563021 0.037500 0.021875
0 0.318750 0.580208 0.027083 0.041667
0 0.632812 0.231250 0.038542 0.052083
0 0.347917 0.645312 0.033333 0.044792
0 0.139063 0.137500 0.026042 0.041667
0 0.090625 0.081250 0.035417 0.037500
0 0.956250 0.083333 0.041667 0.027083
0 0.890625 0.915625 0.035417 0.047917
0 0.878646 0.522396 0.040625 0.036458
0 0.467708 0.523958 0.045833 0.027083
0 0.135937 0.556771 0.055208 0.044792
0 0.811979 0.553646 0.028125 0.048958
0 0.833854 0.936458 0.032292 0.052083
0 0.877604 0.576042 0.048958 0.041667
0 0.894271 0.647917 0.046875 0.052083
0 0.835938 0.458333 0.026042 0.041667
0 0.919271 0.086979 0.021875 0.038542
0 0.431771 0.549479 0.034375 0.053125
0 0.266146 0.345833 0.032292 0.043750
0 0.605729 0.166146 0.051042 0.028125
0 0.401042 0.577083 0.020833 0.035417
0 0.485938 0.580729 0.046875 0.038542
0 0.588021 0.135937 0.038542 0.021875
0 0.684896 0.909375 0.032292 0.047917
0 0.893229 0.673958 0.023958 0.041667
0 0.861979 0.683854 0.034375 0.051042
0 0.155208 0.938542 0.031250 0.050000
0 0.778125 0.735938 0.037500 0.038542
0 0.775521 0.598958 0.048958 0.039583
0 0.840625 0.455729 0.027083 0.038542
0 0.098437 0.585417 0.038542 0.035417
0 0.939583 0.473438 0.039583 0.019792
0 0.632292 0.196354 0.045833 0.026042
0 0.691667 0.574479 0.039583 0.030208
0 0.885938 0.284375 0.028125 0.045833
0 0.592708 0.176563 0.043750 0.026042
0 0.639583 0.811979 0.050000 0.040625
0 0.884896 0.703125 0.053125 0.047917
0 0.493229 0.439583 0.023958 0.043750
0 0.613021 0.904687 0.048958 0.030208
0 0.139583 0.533333 0.041667 0.031250
0 0.868229 0.253125 0.048958 0.052083
0 0.835417 0.819271 0.039583 0.032292
0 0.157292 0.131250 0.018750 0.035417
0 0.800000 0.743750 0.047917 0.052083
0 0.465625 0.850521 0.039583 0.036458
0 0.601562 0.241146 0.051042 0.036458
0 0.916667 0.325000 0.029167 0.041667
0 0.338542 0.352604 0.033333 0.044792
0 0.891667 0.484375 0.043750 0.025000
0 0.578125 0.703125 0.043750 0.037500
0 0.346875 0.945833 0.052083 0.041667
0 0.635417 0.083333 0.041667 0.025000
0 0.500000 0.911458 0.041667 0.031250
0 0.289062 0.848437 0.051042 0.042708
0 0.173958 0.793750 0.025000 0.037500
0 0.942187 0.738542 0.053125 0.041667
0 0.841146 0.164583 0.030208 0.039583
0 0.359375 0.360938 0.045833 0.032292
0 0.136979 0.204167 0.040625 0.041667
0 0.628125 0.131771 0.039583 0.028125
0 0.481771 0.796875 0.036458 0.020833
0 0.642708 0.617188 0.039583 0.019792
0 0.422917 0.546875 0.047917 0.025000
0 0.665625 0.471354 0.037500 0.021875
0 0.251042 0.961458 0.031250 0.041667
0 0.310417 0.761458 0.037500 0.033333
0 0.819271 0.145313 0.044792 0.040625
0 0.643750 0.245312 0.050000 0.053125
0 0.141667 0.099479 0.047917 0.053125
0 0.570312 0.146354 0.028125 0.044792
0 0.553646 0.850521 0.038542 0.040625
0 0.810937 0.394792 0.042708 0.054167
0 0.358854 0.247396 0.044792 0.026042
0 0.835417 0.505729 0.039583 0.055208
0 0.776563 0.540104 0.042708 0.021875
0 0.259896 0.842708 0.036458 0.047917
0 0.326562 0.265625 0.040625 0.047917
0 0.170313 0.310937 0.053125 0.032292
0 0.357812 0.816667 0.048958 0.025000
0 0.779167 0.130729 0.043750 0.055208
0 0.887500 0.403125 0.018750 0.035417
0 0.504687 0.454167 0.053125 0.039583
0 0.281250 0.428646 0.054167 0.044792
0 0.654167 0.817708 0.022917 0.043750
0 0.749479 0.801562 0.038542 0.021875
0 0.259896 0.881250 0.046875 0.031250
0 0.077083 0.845313 0.045833 0.036458
0 0.260937 0.192188 0.036458 0.046875
0 0.801042 0.281250 0.033333 0.043750
0 0.647396 0.082292 0.048958 0.037500
0 0.258333 0.158333 0.041667 0.029167
0 0.869792 0.925000 0.033333 0.037500
0 0.326042 0.485417 0.037500 0.022917
0 0.874479 0.304167 0.038542 0.033333
0 0.203125 0.375521 0.045833 0.055208
0 0.823438 0.716146 0.028125 0.046875
0 0.392188 0.548438 0.034375 0.046875
0 0.140104 0.497396 0.046875 0.026042
0 0.201563 0.497917 0.042708 0.047917
0 0.515104 0.324479 0.046875 0.026042
0 0.115104 0.688021 0.038542 0.019792
0 0.923958 0.480208 0.039583 0.047917
0 0.749479 0.167708 0.034375 0.039583
0 0.271354 0.713542 0.036458 0.047917
0 0.184375 0.831771 0.039583 0.036458
0 0.297917 0.703646 0.033333 0.044792
0 0.745833 0.790625 0.052083 0.045833
0 0.538021 0.644271 0.042708 0.044792
0 0.217708 0.425521 0.033333 0.053125
0 0.206250 0.106250 0.041667 0.052083
0 0.482812 0.820312 0.053125 0.032292
0 0.883854 0.080729 0.036458 0.051042
0 0.269792 0.233854 0.047917 0.053125
0 0.754687 0.286979 0.048958 0.046875
0 0.884375 0.405729 0.041667 0.048958
0 0.343750 0.933333 0.037500 0.029167
0 0.554167 0.414062 0.050000 0.042708
0 0.920312 0.758333 0.051042 0.050000
0 0.871354 0.393229 0.046875 0.055208
0 0.744271 0.288021 0.040625 0.044792
0 0.648958 0.575521 0.031250 0.040625
0 0.208854 0.446875 0.026042 0.041667
0 0.852604 0.218750 0.021875 0.039583
0 0.288021 0.563021 0.040625 0.019792
0 0.864583 0.453125 0.033333 0.050000
0 0.314063 0.798438 0.034375 0.040625
0 0.830729 0.069792 0.046875 0.029167
0 0.101562 0.451562 0.048958 0.046875
0 0.448958 0.707292 0.052083 0.045833
0 0.575000 0.494271 0.027083 0.042708
0 0.176042 0.496354 0.047917 0.046875
0 0.239063 0.711458 0.044792 0.035417
0 0.486979 0.963021 0.034375 0.053125
0 0.931250 0.522396 0.054167 0.046875
0 0.521354 0.197396 0.051042 0.053125
0 0.425000 0.581771 0.047917 0.048958
0 0.582292 0.631250 0.037500 0.035417
0 0.963021 0.322396 0.042708 0.023958
0 0.126042 0.139583 0.031250 0.037500
0 0.161979 0.574479 0.048958 0.046875
0 0.748437 0.245833 0.036458 0.047917
0 0.900521 0.150000 0.032292 0.052083
0 0.360417 0.819271 0.022917 0.040625
0 0.251563 0.509896 0.028125 0.051042
0 0.549479 0.822917 0.040625 0.047917
0 0.280729 0.940625 0.028125 0.045833
0 0.444792 0.238542 0.052083 0.043750
0 0.102604 0.420833 0.042708 0.025000
0 0.395313 0.448958 0.036458 0.037500
0 0.772396 0.396354 0.040625 0.051042
0 0.130729 0.877083 0.021875 0.039583
0 0.697396 0.516146 0.032292 0.040625
0 0.947917 0.264583 0.020833 0.039583
0 0.143750 0.507812 0.027083 0.038542
0 0.247917 0.221354 0.041667 0.044792
0 0.835938 0.209375 0.040625 0.054167
0 0.788021 0.335417 0.042708 0.047917
0 0.656771 0.405729 0.046875 0.034375
0 0.713542 0.890104 0.043750 0.040625
0 0.804167 0.373958 0.020833 0.041667
0 0.627604 0.346354 0.048958 0.030208
0 0.643229 0.567187 0.032292 0.053125
0 0.283854 0.855208 0.038542 0.047917
0 0.943229 0.621875 0.048958 0.052083
0 0.097917 0.270313 0.047917 0.055208
0 0.646354 0.379688 0.053125 0.051042
0 0.882812 0.354687 0.055208 0.051042
0 0.616667 0.776042 0.025000 0.043750
0 0.478125 0.302604 0.031250 0.044792
0 0.101042 0.688542 0.043750 0.033333
0 0.955208 0.782813 0.029167 0.040625
0 0.097917 0.230208 0.052083 0.045833
0 0.846875 0.630729 0.031250 0.048958
0 0.746875 0.129167 0.039583 0.020833
0 0.265625 0.786458 0.031250 0.045833
0 0.102604 0.252604 0.036458 0.055208
0 0.957292 0.145313 0.041667 0.042708
0 0.434375 0.595833 0.052083 0.039583
0 0.945312 0.501042 0.042708 0.039583
0 0.521875 0.541146 0.035417 0.044792
0 0.307812 0.077604 0.023958 0.038542
0 0.831250 0.791667 0.043750 0.025000
0 0.779687 0.315625 0.042708 0.047917
0 0.613542 0.495833 0.039583 0.041667
0 0.936979 0.778125 0.038542 0.047917
0 0.879687 0.236458 0.046875 0.043750
0 0.677083 0.102083 0.041667 0.039583
0 0.933333 0.854167 0.033333 0.043750
0 0.223958 0.969271 0.052083 0.051042
0 0.498437 0.152604 0.038542 0.019792
0 0.106250 0.440104 0.043750 0.030208
0 0.840625 0.300000 0.052083 0.039583
0 0.569792 0.495833 0.035417 0.043750
0 0.683854 0.760938 0.030208 0.040625
0 0.520312 0.821354 0.021875 0.042708
0 0.472396 0.070312 0.046875 0.036458
0 0.228125 0.814063 0.039583 0.026042
0 0.343229 0.656250 0.026042 0.039583
0 0.963021 0.140625 0.048958 0.041667
0 0.798438 0.600521 0.038542 0.038542
0 0.960417 0.863021 0.027083 0.042708
0 0.511458 0.775000 0.052083 0.039583
0 0.638021 0.690625 0.046875 0.045833
0 0.310937 0.545833 0.032292 0.047917
0 0.405729 0.179688 0.044792 0.051042
0 0.744792 0.802083 0.039583 0.041667
0 0.458333 0.814063 0.025000 0.038542
0 0.398958 0.146354 0.039583 0.036458
0 0.742708 0.755208 0.037500 0.033333
0 0.175000 0.258854 0.022917 0.038542
0 0.530208 0.744792 0.047917 0.035417
0 0.255729 0.135937 0.038542 0.051042
0 0.653646 0.502604 0.030208 0.048958
0 0.435937 0.759896 0.051042 0.036458
0 0.748958 0.935417 0.027083 0.037500
0 0.753646 0.911458 0.023958 0.041667
0 0.179688 0.389583 0.053125 0.039583
0 0.808854 0.308333 0.044792 0.045833
0 0.738542 0.788021 0.045833 0.038542
0 0.531250 0.470833 0.029167 0.045833
0 0.769792 0.257812 0.054167 0.048958
0 0.636979 0.762500 0.034375 0.039583
0 0.748958 0.391146 0.037500 0.044792
0 0.202083 0.482292 0.022917 0.039583
0 0.575521 0.196875 0.053125 0.043750
0 0.798438 0.287500 0.038542 0.027083
0 0.608333 0.691667 0.029167 0.050000
0 0.913542 0.459375 0.029167 0.050000
0 0.839583 0.504687 0.039583 0.036458
0 0.640104 0.076563 0.040625 0.019792
0 0.093229 0.948958 0.032292 0.052083
0 0.782813 0.891146 0.026042 0.040625
0 0.960938 0.668229 0.040625 0.051042
0 0.646875 0.540104 0.039583 0.019792
0 0.260417 0.668229 0.031250 0.040625
0 0.518229 0.501563 0.044792 0.040625
0 0.146875 0.205729 0.022917 0.042708
0 0.640104 0.239583 0.053125 0.039583
0 0.548438 0.486979 0.055208 0.044792
0 0.926562 0.135937 0.051042 0.040625
0 0.070312 0.196875 0.030208 0.050000
0 0.601042 0.071875 0.045833 0.031250
0 0.568750 0.928125 0.035417 0.047917
0 0.541667 0.886458 0.027083 0.037500
0 0.926562 0.222396 0.036458 0.046875
0 0.212500 0.939063 0.045833 0.040625
0 0.498437 0.433333 0.053125 0.043750
0 0.691146 0.854688 0.051042 0.040625
0 0.447396 0.569271 0.048958 0.030208
0 0.230208 0.239063 0.035417 0.053125
0 0.719271 0.398958 0.042708 0.041667
0 0.691146 0.086979 0.040625 0.038542
0 0.075521 0.119271 0.040625 0.044792
0 0.331771 0.085417 0.046875 0.031250
0 0.716146 0.386458 0.036458 0.043750
0 0.471875 0.371875 0.041667 0.031250
0 0.501563 0.366146 0.046875 0.038542
0 0.290104 0.348958 0.034375 0.039583
0 0.683333 0.195312 0.031250 0.051042
0 0.172396 0.581250 0.038542 0.029167
0 0.487500 0.146875 0.041667 0.027083
0 0.758333 0.814583 0.027083 0.037500
0 0.765625 0.149479 0.035417 0.053125
0 0.501563 0.265104 0.044792 0.051042
0 0.782292 0.779167 0.043750 0.025000
0 0.108333 0.834896 0.043750 0.048958
0 0.938542 0.477083 0.047917 0.052083
0 0.878125 0.895833 0.037500 0.041667
0 0.363021 0.695312 0.042708 0.051042
0 0.540625 0.928646 0.047917 0.032292
0 0.784375 0.775000 0.041667 0.037500
0 0.453125 0.629167 0.039583 0.022917
0 0.205208 0.458333 0.022917 0.037500
0 0.822396 0.913542 0.048958 0.041667
0 0.923958 0.831250 0.031250 0.043750
0 0.961979 0.836979 0.044792 0.028125
0 0.242188 0.251563 0.044792 0.040625
0 0.784896 0.572917 0.038542 0.029167
0 0.586979 0.804167 0.038542 0.027083
0 0.873958 0.146875 0.052083 0.039583
0 0.823438 0.261979 0.044792 0.055208
0 0.224479 0.400521 0.040625 0.038542
0 0.719271 0.784375 0.048958 0.039583
0 0.458854 0.547396 0.040625 0.044792
0 0.165625 0.183333 0.035417 0.037500
0 0.746875 0.594792 0.025000 0.037500
0 0.831771 0.095833 0.051042 0.050000
0 0.789062 0.203125 0.034375 0.043750
0 0.902604 0.715625 0.028125 0.045833
0 0.505208 0.605729 0.050000 0.053125
0 0.368229 0.900521 0.046875 0.034375
0 0.170313 0.918229 0.030208 0.040625
0 0.441667 0.318750 0.029167 0.041667
0 0.521354 0.493229 0.034375 0.046875
0 0.153125 0.795312 0.025000 0.046875
0 0.170833 0.545833 0.043750 0.052083
0 0.698438 0.925521 0.040625 0.036458
0 0.538542 0.721875 0.025000 0.037500
0 0.901563 0.750000 0.030208 0.047917
0 0.845313 0.207292 0.048958 0.052083
0 0.768229 0.525000 0.034375 0.039583
0 0.436458 0.406771 0.054167 0.038542
0 0.576042 0.648438 0.031250 0.051042
0 0.585938 0.068750 0.044792 0.025000
0 0.623437 0.583854 0.021875 0.038542
0 0.918750 0.388021 0.039583 0.038542
0 0.272917 0.634896 0.043750 0.030208
0 0.865625 0.956771 0.033333 0.040625
0 0.784375 0.707292 0.031250 0.043750
0 0.612500 0.111979 0.033333 0.048958
0 0.180208 0.297917 0.041667 0.027083
0 0.808333 0.401562 0.043750 0.042708
0 0.241667 0.369271 0.045833 0.055208
0 0.083333 0.788021 0.045833 0.055208
0 0.419271 0.877604 0.040625 0.055208
0 0.220833 0.602083 0.035417 0.043750
0 0.444792 0.621354 0.039583 0.026042
0 0.879687 0.096875 0.034375 0.043750
0 0.302604 0.363021 0.053125 0.051042
0 0.697396 0.478646 0.040625 0.028125
0 0.333333 0.340625 0.020833 0.041667
0 0.958854 0.705729 0.040625 0.055208
0 0.271354 0.351042 0.053125 0.037500
0 0.431771 0.433333 0.038542 0.022917
0 0.220833 0.860938 0.025000 0.038542
0 0.558333 0.619792 0.022917 0.039583
0 0.498437 0.570312 0.038542 0.055208
0 0.507292 0.591146 0.035417 0.048958
0 0.109896 0.298958 0.038542 0.037500
0 0.294792 0.886979 0.050000 0.040625
0 0.132812 0.559896 0.036458 0.055208
0 0.131250 0.720313 0.031250 0.044792
0 0.086458 0.875521 0.045833 0.032292
0 0.485938 0.149479 0.055208 0.038542
0 0.755208 0.792188 0.045833 0.023958
0 0.748437 0.370833 0.046875 0.043750
0 0.957812 0.321354 0.055208 0.044792
0 0.612500 0.183333 0.041667 0.027083
0 0.927083 0.309375 0.035417 0.047917
0 0.171875 0.788021 0.025000 0.038542
0 0.847917 0.095833 0.039583 0.047917
0 0.846875 0.421875 0.037500 0.041667
0 0.440104 0.325000 0.042708 0.039583
0 0.414583 0.244271 0.054167 0.044792
0 0.279687 0.608333 0.036458 0.037500
0 0.839583 0.489063 0.037500 0.048958
0 0.889062 0.376563 0.046875 0.026042
0 0.243229 0.950000 0.028125 0.045833
0 0.935937 0.573958 0.040625 0.020833
0 0.292708 0.711979 0.027083 0.048958
0 0.210417 0.763542 0.045833 0.045833
0 0.563021 0.212500 0.030208 0.039583
0 0.908854 0.454167 0.038542 0.035417
0 0.635938 0.890104 0.040625 0.032292
0 0.439063 0.333854 0.036458 0.051042
0 0.493229 0.348958 0.038542 0.043750
0 0.544271 0.192188 0.026042 0.051042
0 0.897396 0.547917 0.051042 0.031250
0 0.842708 0.396875 0.029167 0.045833
0 0.171875 0.116667 0.031250 0.045833
0 0.839583 0.316146 0.029167 0.051042
0 0.916146 0.355208 0.042708 0.041667
0 0.326042 0.302604 0.039583 0.034375
0 0.375000 0.258333 0.047917 0.050000
0 0.839583 0.404167 0.039583 0.025000
0 0.868229 0.454688 0.053125 0.034375
0 0.401562 0.708854 0.021875 0.038542
0 0.913021 0.935417 0.048958 0.033333
0 0.365625 0.904167 0.041667 0.039583
0 0.701562 0.313542 0.040625 0.052083
0 0.948438 0.135937 0.048958 0.023958
0 0.733333 0.358333 0.029167 0.037500
0 0.178125 0.875521 0.045833 0.040625
0 0.516667 0.830208 0.027083 0.037500
0 0.495833 0.188542 0.039583 0.041667
0 0.842187 0.868750 0.036458 0.018750
0 0.536979 0.326562 0.023958 0.046875
0 0.648438 0.774479 0.023958 0.042708
0 0.458854 0.871875 0.038542 0.027083
0 0.502083 0.567708 0.027083 0.041667
0 0.517708 0.940625 0.047917 0.025000
0 0.661458 0.319271 0.029167 0.048958
0 0.140104 0.231250 0.021875 0.039583
0 0.177083 0.335938 0.050000 0.044792
0 0.549479 0.309375 0.038542 0.047917
0 0.811458 0.771354 0.041667 0.048958
0 0.186979 0.630208 0.032292 0.052083
0 0.102083 0.956771 0.054167 0.044792
0 0.759896 0.789583 0.044792 0.052083
0 0.642708 0.119792 0.037500 0.052083
0 0.149479 0.929688 0.044792 0.040625
0 0.292187 0.704167 0.032292 0.039583
0 0.289062 0.477083 0.048958 0.025000
0 0.094271 0.348438 0.040625 0.023958
0 0.288542 0.833333 0.037500 0.029167
0 0.292187 0.166667 0.042708 0.027083
0 0.190104 0.637500 0.038542 0.035417
0 0.080729 0.755208 0.028125 0.050000
0 0.579688 0.202083 0.036458 0.020833
0 0.478125 0.131771 0.052083 0.034375
0 0.963021 0.402604 0.042708 0.055208