0 0.110417 0.392708 0.035417 0.043750
0 0.497917 0.669271 0.050000 0.053125
0 0.672396 0.443750 0.046875 0.031250
0 0.655729 0.306250 0.028125 0.045833
0 0.832292 0.068750 0.041667 0.027083
0 0.283333 0.263542 0.050000 0.047917
0 0.158854 0.196354 0.051042 0.034375
0 0.854688 0.503125 0.021875 0.043750
0 0.382292 0.898958 0.037500 0.033333
0 0.878125 0.548438 0.043750 0.048958
0 0.711979 0.804167 0.036458 0.037500
0 0.122396 0.684375 0.040625 0.054167
0 0.933854 0.926562 0.040625 0.028125
0 0.341667 0.872917 0.039583 0.020833
0 0.636979 0.771354 0.053125 0.032292
0 0.528125 0.439583 0.039583 0.020833
0 0.432812 0.945312 0.040625 0.028125
0 0.245312 0.387500 0.051042 0.050000
0 0.885938 0.492708 0.023958 0.037500
0 0.902083 0.514062 0.039583 0.036458
0 0.352083 0.592708 0.039583 0.047917
0 0.606771 0.915625 0.053125 0.045833
0 0.227604 0.101562 0.048958 0.034375
0 0.403646 0.115625 0.046875 0.052083
0 0.949479 0.282292 0.038542 0.029167
0 0.743229 0.737500 0.021875 0.039583
0 0.693229 0.174479 0.055208 0.042708
0 0.498437 0.225000 0.048958 0.041667
0 0.202083 0.170313 0.043750 0.055208
0 0.382292 0.559896 0.020833 0.042708
0 0.454688 0.264583 0.021875 0.039583
0 0.886979 0.411458 0.042708 0.029167
0 0.219792 0.354687 0.041667 0.032292
0 0.695833 0.717708 0.025000 0.039583
0 0.515104 0.892188 0.040625 0.034375
0 0.773438 0.789062 0.040625 0.030208
0 0.514062 0.202604 0.051042 0.028125
0 0.398958 0.090625 0.043750 0.033333
0 0.687500 0.653646 0.039583 0.038542
0 0.856250 0.154688 0.029167 0.048958
0 0.681250 0.798958 0.022917 0.037500
0 0.539062 0.192188 0.044792 0.051042
0 0.737500 0.195312 0.041667 0.044792
0 0.340625 0.789583 0.052083 0.045833
0 0.873437 0.113021 0.046875 0.055208
0 0.302083 0.180208 0.037500 0.031250
0 0.743750 0.577083 0.039583 0.052083
0 0.520833 0.552083 0.035417 0.022917
0 0.218229 0.278125 0.038542 0.043750
0 0.176563 0.801562 0.044792 0.032292
0 0.621354 0.741146 0.038542 0.019792
0 0.651563 0.080208 0.044792 0.025000
0 0.828646 0.411979 0.038542 0.040625
0 0.302604 0.738021 0.055208 0.042708
0 0.789062 0.090625 0.036458 0.043750
0 0.243229 0.671354 0.040625 0.034375
0 0.301042 0.493229 0.027083 0.051042
0 0.769792 0.949479 0.039583 0.028125
0 0.177604 0.077604 0.042708 0.051042
0 0.157812 0.514062 0.040625 0.028125
0 0.908854 0.714063 0.040625 0.023958
0 0.947396 0.155208 0.040625 0.047917
0 0.907813 0.520312 0.040625 0.032292
0 0.807292 0.769271 0.022917 0.038542
0 0.878125 0.163542 0.035417 0.037500
0 0.238542 0.214062 0.050000 0.036458
0 0.800521 0.155729 0.044792 0.030208
0 0.615625 0.784896 0.043750 0.030208
0 0.194271 0.825000 0.036458 0.018750
0 0.411458 0.164062 0.027083 0.040625
0 0.867188 0.361458 0.042708 0.054167
0 0.075521 0.123958 0.023958 0.047917
0 0.604688 0.363021 0.051042 0.044792
0 0.514583 0.798438 0.037500 0.040625
0 0.617708 0.947396 0.043750 0.030208
0 0.235937 0.323958 0.038542 0.043750
0 0.766146 0.791667 0.051042 0.029167
0 0.288542 0.788021 0.054167 0.044792
0 0.287500 0.343229 0.037500 0.040625
0 0.538542 0.517188 0.029167 0.044792
0 0.533854 0.143229 0.051042 0.026042
0 0.585938 0.632812 0.051042 0.053125
0 0.567187 0.177604 0.032292 0.040625
0 0.656771 0.400000 0.036458 0.022917
0 0.805208 0.726562 0.039583 0.034375
0 0.363542 0.394792 0.050000 0.047917
0 0.346875 0.864062 0.020833 0.038542
0 0.667708 0.739062 0.035417 0.040625
0 0.830729 0.643750 0.026042 0.037500
0 0.195312 0.914062 0.046875 0.048958
0 0.546875 0.098437 0.039583 0.028125
0 0.281771 0.803646 0.053125 0.053125
0 0.781771 0.141667 0.046875 0.045833
0 0.335417 0.207292 0.037500 0.018750
0 0.080729 0.240104 0.040625 0.036458
0 0.959896 0.702083 0.046875 0.052083
0 0.433854 0.788542 0.053125 0.043750
0 0.086979 0.719271 0.038542 0.019792
0 0.763021 0.659896 0.048958 0.028125
0 0.715625 0.398438 0.047917 0.030208
0 0.863542 0.152083 0.052083 0.047917
0 0.214583 0.163021 0.045833 0.055208
0 0.098437 0.790104 0.036458 0.040625
0 0.840625 0.280729 0.037500 0.019792
0 0.860938 0.322396 0.046875 0.038542
0 0.228125 0.897396 0.039583 0.036458
0 0.132812 0.304688 0.019792 0.038542
0 0.504167 0.967187 0.025000 0.042708
0 0.910937 0.390104 0.048958 0.028125
0 0.749479 0.559896 0.019792 0.040625
0 0.600521 0.217708 0.040625 0.022917
0 0.308333 0.404167 0.043750 0.022917
0 0.292187 0.707812 0.044792 0.040625
0 0.703646 0.119271 0.038542 0.019792
0 0.151042 0.434375 0.052083 0.043750
0 0.622396 0.119792 0.040625 0.047917
0 0.149479 0.319792 0.038542 0.031250
0 0.209896 0.957812 0.040625 0.044792
0 0.197396 0.129167 0.034375 0.043750
0 0.280729 0.771354 0.055208 0.044792
0 0.507292 0.676042 0.041667 0.041667
0 0.276562 0.932292 0.023958 0.041667
0 0.142708 0.847917 0.047917 0.037500
0 0.223438 0.882292 0.042708 0.029167
0 0.316146 0.479687 0.051042 0.038542
0 0.834896 0.680208 0.048958 0.052083
0 0.716146 0.677604 0.044792 0.040625
0 0.872917 0.202604 0.033333 0.044792
0 0.598437 0.165625 0.053125 0.037500
0 0.337500 0.514062 0.045833 0.036458
0 0.206771 0.092708 0.046875 0.031250
0 0.444271 0.881250 0.048958 0.052083
0 0.401042 0.615625 0.033333 0.043750
0 0.419792 0.699479 0.039583 0.030208
0 0.823438 0.340104 0.038542 0.046875
0 0.667188 0.404687 0.046875 0.048958
0 0.810937 0.829688 0.048958 0.055208
0 0.585417 0.078646 0.031250 0.040625
0 0.392708 0.146354 0.018750 0.038542
0 0.080208 0.808854 0.043750 0.021875
0 0.615625 0.793229 0.050000 0.053125
0 0.703646 0.361979 0.053125 0.032292
0 0.593750 0.883854 0.047917 0.053125
0 0.217708 0.475521 0.039583 0.044792
0 0.789583 0.901563 0.045833 0.048958
0 0.322396 0.166667 0.036458 0.037500
0 0.634375 0.755729 0.029167 0.040625
0 0.229687 0.628646 0.055208 0.038542
0 0.749479 0.652604 0.051042 0.053125
0 0.654167 0.309375 0.035417 0.018750
0 0.144792 0.778646 0.045833 0.026042
0 0.559375 0.469792 0.035417 0.043750
0 0.824479 0.901563 0.046875 0.038542
0 0.584896 0.969792 0.053125 0.045833
0 0.212500 0.166667 0.047917 0.025000
0 0.382812 0.904167 0.046875 0.045833
0 0.775000 0.189062 0.043750 0.042708
0 0.691146 0.376563 0.044792 0.048958
0 0.341667 0.389062 0.033333 0.053125
0 0.357812 0.309896 0.038542 0.051042
0 0.147396 0.413021 0.053125 0.034375
0 0.745313 0.863542 0.051042 0.035417
0 0.696875 0.211979 0.035417 0.048958
0 0.813021 0.890104 0.053125 0.032292
0 0.918750 0.850000 0.039583 0.022917
0 0.191146 0.827083 0.048958 0.037500
0 0.877083 0.102604 0.035417 0.044792
0 0.746354 0.075521 0.032292 0.040625
0 0.445833 0.376042 0.045833 0.052083
0 0.536979 0.096875 0.044792 0.052083
0 0.536979 0.480729 0.051042 0.036458
0 0.458333 0.878125 0.037500 0.035417
0 0.920833 0.535417 0.043750 0.027083
0 0.946354 0.323437 0.046875 0.048958
0 0.483854 0.784896 0.051042 0.034375
0 0.658854 0.238021 0.046875 0.023958
0 0.697396 0.510417 0.051042 0.050000
0 0.580729 0.866146 0.051042 0.038542
0 0.689583 0.560417 0.050000 0.050000
0 0.477604 0.315104 0.048958 0.030208
0 0.506250 0.085417 0.037500 0.031250
0 0.947917 0.334375 0.050000 0.047917
0 0.939063 0.121875 0.042708 0.027083
0 0.452083 0.658333 0.039583 0.022917
0 0.897917 0.633854 0.043750 0.048958
0 0.360417 0.325521 0.045833 0.036458
0 0.517188 0.505729 0.032292 0.044792
0 0.908333 0.489583 0.027083 0.037500
0 0.507292 0.330729 0.043750 0.055208
0 0.536458 0.765104 0.045833 0.032292
0 0.339583 0.409375 0.045833 0.045833
0 0.927604 0.375000 0.040625 0.025000
0 0.181771 0.216146 0.034375 0.046875
0 0.165104 0.359375 0.053125 0.043750
0 0.832812 0.612500 0.038542 0.047917
0 0.779687 0.831250 0.053125 0.039583
0 0.183333 0.596875 0.027083 0.045833
0 0.464583 0.634375 0.027083 0.047917
0 0.134375 0.456771 0.043750 0.048958
0 0.361458 0.896354 0.045833 0.032292
0 0.755208 0.465104 0.031250 0.044792
0 0.135937 0.785937 0.034375 0.040625
0 0.622917 0.512500 0.050000 0.050000
0 0.443229 0.143229 0.042708 0.044792
0 0.270313 0.596354 0.040625 0.023958
0 0.760417 0.259896 0.035417 0.044792
0 0.497917 0.450521 0.039583 0.023958
0 0.778125 0.229167 0.043750 0.045833
0 0.865625 0.298958 0.041667 0.025000
0 0.794792 0.487500 0.039583 0.020833
0 0.087500 0.488021 0.039583 0.026042
0 0.854167 0.508333 0.037500 0.027083
0 0.329167 0.689063 0.050000 0.028125
0 0.233333 0.106250 0.043750 0.045833
0 0.799479 0.728125 0.046875 0.029167
0 0.120833 0.128646 0.025000 0.038542
0 0.350000 0.334896 0.029167 0.040625
0 0.076042 0.595833 0.041667 0.047917
0 0.662500 0.551562 0.022917 0.044792
0 0.548958 0.173958 0.052083 0.037500
0 0.275521 0.752604 0.038542 0.046875
0 0.650000 0.877604 0.033333 0.048958
0 0.939063 0.308854 0.038542 0.038542
0 0.472396 0.470833 0.042708 0.037500
0 0.220312 0.232813 0.040625 0.034375
0 0.840625 0.943750 0.041667 0.031250
0 0.331250 0.728125 0.025000 0.039583
0 0.547917 0.852083 0.039583 0.041667
0 0.467187 0.789062 0.055208 0.040625
0 0.788542 0.448437 0.043750 0.042708
0 0.475000 0.589583 0.035417 0.020833
0 0.281250 0.751563 0.039583 0.055208
0 0.593750 0.933854 0.031250 0.044792
0 0.239583 0.273438 0.052083 0.030208
0 0.524479 0.656250 0.048958 0.039583
0 0.308854 0.494271 0.038542 0.019792
0 0.477083 0.791146 0.047917 0.030208
0 0.867708 0.658333 0.035417 0.037500
0 0.447396 0.536458 0.036458 0.047917
0 0.475000 0.632812 0.035417 0.048958
0 0.172917 0.525521 0.047917 0.046875
0 0.739062 0.506771 0.051042 0.028125
0 0.610938 0.229687 0.046875 0.038542
0 0.704688 0.839063 0.048958 0.032292
0 0.614062 0.955729 0.032292 0.048958
0 0.501042 0.746354 0.043750 0.040625
0 0.467187 0.759375 0.044792 0.033333
0 0.927604 0.905729 0.040625 0.036458
0 0.419271 0.226042 0.038542 0.047917
0 0.588542 0.084375 0.035417 0.052083
0 0.882292 0.182812 0.039583 0.048958
0 0.927604 0.402083 0.028125 0.039583
0 0.748958 0.370833 0.033333 0.047917
0 0.215104 0.666146 0.046875 0.038542
0 0.236458 0.541146 0.045833 0.036458
0 0.388021 0.789583 0.036458 0.037500
0 0.297396 0.190625 0.021875 0.039583
0 0.788542 0.820833 0.041667 0.027083
0 0.503646 0.182812 0.055208 0.051042
0 0.710417 0.621875 0.035417 0.020833
0 0.224479 0.218229 0.026042 0.044792
0 0.590625 0.075521 0.022917 0.038542
0 0.545833 0.366146 0.039583 0.044792
0 0.939063 0.945833 0.048958 0.035417
0 0.271354 0.175000 0.046875 0.031250
0 0.459375 0.871875 0.047917 0.041667
0 0.242708 0.573438 0.045833 0.032292
0 0.819792 0.512500 0.043750 0.031250
0 0.276562 0.660417 0.044792 0.045833
0 0.569271 0.713542 0.044792 0.052083
0 0.754167 0.615625 0.039583 0.041667
0 0.395833 0.665104 0.035417 0.017708
0 0.148438 0.833333 0.053125 0.047917
0 0.100000 0.860938 0.045833 0.038542
0 0.515625 0.715625 0.035417 0.018750
0 0.758333 0.083854 0.050000 0.036458
0 0.385417 0.199479 0.047917 0.053125
0 0.289062 0.589583 0.044792 0.035417
0 0.220833 0.555208 0.037500 0.027083
0 0.767708 0.128125 0.045833 0.043750
0 0.340625 0.674479 0.045833 0.023958
0 0.103125 0.855729 0.043750 0.040625
0 0.579167 0.920312 0.035417 0.040625
0 0.276042 0.354167 0.033333 0.043750
0 0.510417 0.136458 0.027083 0.037500
0 0.949479 0.841146 0.053125 0.034375
0 0.447396 0.221354 0.042708 0.023958
0 0.942187 0.511979 0.042708 0.044792
0 0.849479 0.718229 0.055208 0.044792
0 0.131250 0.123438 0.025000 0.042708
0 0.967187 0.897396 0.055208 0.042708
0 0.893750 0.491667 0.052083 0.037500
0 0.518229 0.220833 0.028125 0.041667
0 0.754167 0.210417 0.037500 0.031250
0 0.142187 0.521354 0.053125 0.034375
0 0.160417 0.522917 0.027083 0.041667
0 0.952083 0.207813 0.039583 0.026042
0 0.441146 0.179688 0.051042 0.036458
0 0.098958 0.239583 0.037500 0.035417
0 0.739583 0.316667 0.037500 0.031250
0 0.346875 0.718229 0.054167 0.040625
0 0.219271 0.397917 0.036458 0.020833
0 0.470313 0.173958 0.053125 0.037500
0 0.696875 0.486979 0.039583 0.036458
0 0.858333 0.282292 0.037500 0.047917
0 0.436458 0.111458 0.037500 0.025000
0 0.771875 0.156771 0.029167 0.044792
0 0.091667 0.483333 0.050000 0.031250
0 0.256771 0.911979 0.055208 0.046875
0 0.288021 0.282813 0.040625 0.026042
0 0.603646 0.202604 0.044792 0.026042
0 0.654167 0.527083 0.033333 0.047917
0 0.159896 0.244792 0.038542 0.029167
0 0.639583 0.656250 0.027083 0.043750
0 0.348958 0.506250 0.025000 0.043750
0 0.590104 0.507292 0.051042 0.050000
0 0.627604 0.783854 0.040625 0.055208
0 0.721875 0.513542 0.041667 0.039583
0 0.373958 0.691146 0.037500 0.044792
0 0.967187 0.226042 0.044792 0.047917
0 0.534375 0.941146 0.035417 0.040625
0 0.928125 0.235417 0.027083 0.041667
0 0.928646 0.808854 0.040625 0.044792
0 0.648958 0.292708 0.022917 0.039583
0 0.609896 0.478646 0.051042 0.026042
0 0.832812 0.720833 0.040625 0.020833
0 0.585938 0.422917 0.046875 0.031250
0 0.744271 0.122917 0.036458 0.018750
0 0.469271 0.513021 0.048958 0.030208
0 0.889062 0.619792 0.023958 0.043750
0 0.846354 0.875000 0.026042 0.045833
0 0.890625 0.498958 0.039583 0.047917
0 0.638021 0.268229 0.051042 0.042708
0 0.942187 0.213542 0.038542 0.035417
0 0.086458 0.769792 0.043750 0.035417
0 0.505729 0.729688 0.048958 0.055208
0 0.546875 0.644271 0.050000 0.034375
0 0.388542 0.285417 0.043750 0.052083
0 0.219792 0.893750 0.037500 0.029167
0 0.571875 0.445312 0.050000 0.034375
0 0.554167 0.804688 0.050000 0.042708
0 0.754687 0.958854 0.038542 0.040625
0 0.151042 0.191146 0.039583 0.026042
0 0.084375 0.397396 0.027083 0.046875
0 0.516667 0.480208 0.031250 0.045833
0 0.495833 0.323958 0.039583 0.041667
0 0.533854 0.594271 0.038542 0.051042
0 0.232292 0.123958 0.052083 0.047917
0 0.451562 0.215625 0.036458 0.047917
0 0.609896 0.727083 0.042708 0.037500
0 0.547396 0.592187 0.028125 0.051042
0 0.585938 0.596354 0.032292 0.053125
0 0.742708 0.084375 0.047917 0.025000
0 0.594271 0.758333 0.026042 0.039583
0 0.684896 0.640625 0.051042 0.029167
0 0.634896 0.779167 0.030208 0.039583
0 0.336979 0.225521 0.028125 0.040625
0 0.785937 0.412500 0.042708 0.037500
0 0.404687 0.446354 0.055208 0.046875
0 0.280729 0.672917 0.021875 0.037500
0 0.367188 0.510938 0.030208 0.040625
0 0.104167 0.251563 0.039583 0.053125
0 0.701562 0.868750 0.044792 0.022917
0 0.717187 0.308333 0.030208 0.047917
0 0.558854 0.506250 0.038542 0.018750
0 0.908854 0.909896 0.055208 0.048958
0 0.394792 0.685417 0.050000 0.029167
0 0.584375 0.125521 0.043750 0.028125
0 0.715625 0.206250 0.027083 0.045833
0 0.157292 0.719271 0.050000 0.034375
0 0.393229 0.592187 0.040625 0.032292
0 0.232813 0.560937 0.040625 0.026042
0 0.767708 0.631771 0.041667 0.021875
0 0.298438 0.598437 0.040625 0.028125
0 0.817187 0.085417 0.038542 0.018750
0 0.251042 0.351562 0.052083 0.032292
0 0.083333 0.479167 0.037500 0.035417
0 0.161458 0.356771 0.039583 0.036458
0 0.177604 0.158854 0.032292 0.040625
0 0.423958 0.695833 0.052083 0.039583
0 0.786979 0.654167 0.053125 0.043750
0 0.605208 0.244271 0.041667 0.055208
0 0.167708 0.207813 0.037500 0.040625
0 0.908854 0.791667 0.036458 0.037500
0 0.168750 0.754687 0.031250 0.048958
0 0.247396 0.139063 0.034375 0.046875
0 0.350521 0.345833 0.038542 0.052083
0 0.339583 0.386458 0.041667 0.039583
0 0.581771 0.167187 0.040625 0.028125
0 0.267188 0.177083 0.046875 0.045833
0 0.500000 0.820833 0.045833 0.045833
0 0.592187 0.584896 0.034375 0.046875
0 0.833854 0.929167 0.028125 0.043750
0 0.767188 0.305208 0.048958 0.035417
0 0.862500 0.578646 0.043750 0.032292
0 0.341667 0.206250 0.037500 0.035417
0 0.076042 0.582292 0.043750 0.025000
0 0.375521 0.527083 0.034375 0.043750
0 0.558333 0.494792 0.043750 0.033333
0 0.621354 0.839063 0.040625 0.055208
0 0.943750 0.650000 0.020833 0.039583
0 0.806771 0.493750 0.038542 0.031250
0 0.923958 0.854167 0.041667 0.039583
0 0.376563 0.152604 0.040625 0.026042
0 0.833854 0.193750 0.034375 0.047917
0 0.721354 0.661458 0.038542 0.025000
0 0.423438 0.396875 0.028125 0.045833
0 0.316667 0.525000 0.033333 0.043750
0 0.883333 0.594792 0.045833 0.043750
0 0.230729 0.783854 0.055208 0.046875
0 0.107292 0.431771 0.041667 0.023958
0 0.925521 0.207292 0.042708 0.039583
0 0.796354 0.473438 0.051042 0.038542
0 0.597917 0.702604 0.041667 0.044792
0 0.155208 0.942708 0.043750 0.052083
0 0.544792 0.359375 0.043750 0.045833
0 0.429167 0.319271 0.039583 0.023958
0 0.967708 0.748437 0.047917 0.046875
0 0.310937 0.905208 0.053125 0.039583
0 0.113542 0.411979 0.045833 0.055208
0 0.790625 0.343750 0.020833 0.039583
0 0.813021 0.266667 0.048958 0.027083
0 0.832292 0.490625 0.035417 0.037500
0 0.369271 0.804167 0.034375 0.047917
0 0.219271 0.805729 0.053125 0.034375