0 0.743229 0.526042 0.034375 0.047917
0 0.566667 0.145833 0.043750 0.045833
0 0.730729 0.079687 0.036458 0.040625
0 0.113542 0.824479 0.039583 0.028125
0 0.408854 0.400000 0.032292 0.039583
0 0.133333 0.120833 0.039583 0.047917
0 0.751042 0.870313 0.043750 0.032292
0 0.210938 0.326042 0.038542 0.031250
0 0.782813 0.645833 0.048958 0.041667
0 0.703125 0.797396 0.027083 0.040625
0 0.103646 0.554167 0.032292 0.039583
0 0.211979 0.607812 0.055208 0.038542
0 0.502083 0.092188 0.037500 0.038542
0 0.094792 0.400521 0.035417 0.053125
0 0.946875 0.244271 0.039583 0.032292
0 0.537500 0.114583 0.052083 0.035417
0 0.384896 0.223438 0.055208 0.040625
0 0.346875 0.615625 0.043750 0.052083
0 0.808333 0.566667 0.052083 0.039583
0 0.928125 0.667708 0.025000 0.047917
0 0.648958 0.941667 0.043750 0.037500
0 0.208333 0.572917 0.043750 0.035417
0 0.148958 0.378125 0.037500 0.031250
0 0.680208 0.083333 0.039583 0.052083
0 0.495833 0.670312 0.037500 0.048958
0 0.813021 0.088542 0.048958 0.041667
0 0.498958 0.475000 0.045833 0.043750
0 0.197917 0.506771 0.043750 0.028125
0 0.380208 0.439063 0.050000 0.040625
0 0.157812 0.261979 0.023958 0.042708
0 0.185417 0.624479 0.050000 0.053125
0 0.269792 0.174479 0.039583 0.053125
0 0.487500 0.357292 0.020833 0.035417
0 0.616146 0.428125 0.034375 0.016667
0 0.577083 0.735938 0.043750 0.026042
0 0.328125 0.918750 0.041667 0.031250
0 0.872396 0.793750 0.038542 0.022917
0 0.378646 0.220833 0.026042 0.037500
0 0.657292 0.868229 0.045833 0.032292
0 0.227083 0.908854 0.035417 0.053125
0 0.493229 0.331771 0.023958 0.046875
0 0.151042 0.848958 0.041667 0.039583
0 0.945833 0.567708 0.041667 0.025000
0 0.903125 0.402604 0.037500 0.040625
0 0.786458 0.442708 0.045833 0.043750
0 0.147917 0.947396 0.050000 0.044792
0 0.421875 0.327083 0.022917 0.039583
0 0.238021 0.436458 0.038542 0.031250
0 0.633333 0.847917 0.035417 0.022917
0 0.734375 0.084375 0.027083 0.041667
0 0.945833 0.751563 0.045833 0.026042
0 0.569271 0.770833 0.019792 0.035417
0 0.886458 0.925000 0.041667 0.039583
0 0.966146 0.369271 0.046875 0.048958
0 0.521875 0.769792 0.022917 0.037500
0 0.803646 0.464583 0.026042 0.045833
0 0.193750 0.566146 0.054167 0.044792
0 0.522396 0.559896 0.038542 0.055208
0 0.114062 0.403646 0.028125 0.044792
0 0.952604 0.398438 0.042708 0.044792
0 0.160938 0.379167 0.036458 0.037500
0 0.339062 0.235937 0.048958 0.028125
0 0.664062 0.849479 0.046875 0.048958
0 0.540104 0.807292 0.038542 0.043750
0 0.367188 0.519271 0.034375 0.040625
0 0.663021 0.350000 0.046875 0.045833
0 0.806250 0.111458 0.037500 0.041667
0 0.373437 0.836979 0.044792 0.030208
0 0.753125 0.618750 0.043750 0.052083
0 0.611979 0.178646 0.028125 0.040625
0 0.241667 0.518750 0.035417 0.047917
0 0.412500 0.231250 0.039583 0.041667
0 0.563021 0.960938 0.053125 0.030208
0 0.150000 0.327604 0.027083 0.048958
0 0.619792 0.691146 0.041667 0.032292
0 0.262500 0.834375 0.033333 0.047917
0 0.666146 0.566146 0.030208 0.051042
0 0.872396 0.866146 0.040625 0.026042
0 0.916667 0.499479 0.041667 0.044792
0 0.379167 0.868229 0.031250 0.051042
0 0.342708 0.589063 0.054167 0.044792
0 0.870313 0.698438 0.055208 0.038542
0 0.720313 0.890625 0.044792 0.035417
0 0.268750 0.593229 0.050000 0.042708
0 0.256771 0.206771 0.040625 0.036458
0 0.372396 0.703125 0.042708 0.054167
0 0.193229 0.413542 0.051042 0.033333
0 0.150521 0.443229 0.021875 0.042708
0 0.123958 0.317188 0.043750 0.040625
0 0.903646 0.438542 0.038542 0.043750
0 0.498958 0.898958 0.027083 0.045833
0 0.556250 0.895833 0.047917 0.041667
0 0.642188 0.244792 0.030208 0.043750
0 0.905729 0.082812 0.044792 0.044792
0 0.329688 0.342708 0.038542 0.027083
0 0.921875 0.503646 0.047917 0.028125
0 0.893229 0.830729 0.028125 0.051042
0 0.715625 0.195312 0.039583 0.036458
0 0.951042 0.394271 0.029167 0.046875
0 0.910417 0.663542 0.039583 0.041667
0 0.337500 0.371875 0.043750 0.052083
0 0.834375 0.730729 0.029167 0.044792
0 0.555729 0.777604 0.040625 0.030208
0 0.432292 0.435417 0.041667 0.039583
0 0.353125 0.973437 0.031250 0.051042
0 0.437500 0.762500 0.043750 0.022917
0 0.127083 0.421875 0.052083 0.039583
0 0.390625 0.690104 0.041667 0.032292
0 0.796354 0.200000 0.044792 0.035417
0 0.606250 0.922917 0.041667 0.039583
0 0.629167 0.713542 0.039583 0.041667
0 0.418229 0.461979 0.055208 0.040625
0 0.091667 0.328646 0.033333 0.048958
0 0.329688 0.328646 0.023958 0.042708
0 0.376563 0.973437 0.053125 0.053125
0 0.451562 0.794792 0.038542 0.027083
0 0.656250 0.432812 0.022917 0.042708
0 0.582812 0.163542 0.053125 0.041667
0 0.544271 0.300000 0.038542 0.031250
0 0.752604 0.512500 0.040625 0.020833
0 0.459896 0.744792 0.038542 0.031250
0 0.213021 0.131250 0.017708 0.035417
0 0.661979 0.880729 0.023958 0.038542
0 0.268750 0.281250 0.043750 0.052083
0 0.890104 0.892188 0.021875 0.038542
0 0.314063 0.742708 0.026042 0.045833
0 0.657813 0.621354 0.044792 0.040625
0 0.673438 0.278125 0.028125 0.045833
0 0.764583 0.167187 0.035417 0.053125
0 0.448437 0.593750 0.038542 0.031250
0 0.913021 0.657813 0.030208 0.040625
0 0.381250 0.458854 0.047917 0.048958
0 0.859375 0.257292 0.052083 0.045833
0 0.335417 0.748958 0.041667 0.025000
0 0.206771 0.697917 0.038542 0.043750
0 0.280208 0.389062 0.039583 0.034375
0 0.608854 0.093229 0.055208 0.044792
0 0.911458 0.337500 0.020833 0.039583
0 0.411979 0.572396 0.046875 0.036458
0 0.897917 0.065104 0.039583 0.026042
0 0.180208 0.088021 0.050000 0.028125
0 0.772396 0.881250 0.028125 0.043750
0 0.763542 0.786979 0.047917 0.028125
0 0.768750 0.150000 0.039583 0.041667
0 0.789583 0.111979 0.031250 0.048958
0 0.749479 0.947396 0.030208 0.053125
0 0.689063 0.936979 0.046875 0.036458
0 0.571354 0.518229 0.019792 0.038542
0 0.835417 0.636458 0.039583 0.047917
0 0.575000 0.856250 0.045833 0.027083
0 0.353646 0.797917 0.028125 0.050000
0 0.253125 0.927083 0.045833 0.045833
0 0.196354 0.221354 0.048958 0.030208
0 0.463021 0.634896 0.046875 0.023958
0 0.396875 0.825521 0.043750 0.030208
0 0.854688 0.817708 0.042708 0.039583
0 0.905208 0.788021 0.043750 0.048958
0 0.421875 0.411458 0.045833 0.045833
0 0.165104 0.214583 0.042708 0.039583
0 0.456250 0.448437 0.045833 0.026042
0 0.934375 0.860417 0.052083 0.039583
0 0.186979 0.650521 0.044792 0.055208
0 0.881771 0.486458 0.021875 0.039583
0 0.490625 0.210417 0.029167 0.037500
0 0.930208 0.892708 0.041667 0.039583
0 0.719271 0.455208 0.042708 0.041667
0 0.681250 0.581771 0.050000 0.038542
0 0.867188 0.552604 0.040625 0.026042
0 0.210417 0.115625 0.043750 0.027083
0 0.607292 0.420312 0.031250 0.044792
0 0.103125 0.706250 0.052083 0.043750
0 0.660417 0.858333 0.052083 0.035417
0 0.375000 0.815625 0.027083 0.041667
0 0.192708 0.522396 0.045833 0.040625
0 0.964063 0.724479 0.048958 0.046875
0 0.265625 0.328125 0.041667 0.047917
0 0.274479 0.823958 0.040625 0.043750
0 0.450521 0.739583 0.032292 0.043750
0 0.785417 0.383854 0.035417 0.044792
0 0.460417 0.815625 0.025000 0.037500
0 0.153646 0.903646 0.055208 0.048958
0 0.894271 0.934375 0.030208 0.050000
0 0.892188 0.077604 0.046875 0.040625
0 0.323958 0.694271 0.039583 0.030208
0 0.759896 0.451562 0.040625 0.051042
0 0.314063 0.588542 0.044792 0.035417
0 0.401042 0.482812 0.025000 0.046875
0 0.777604 0.935937 0.046875 0.036458
0 0.542188 0.941667 0.042708 0.031250
0 0.692708 0.177083 0.050000 0.033333
0 0.216667 0.328646 0.043750 0.040625
0 0.556771 0.865625 0.038542 0.035417
0 0.930208 0.140104 0.035417 0.040625
0 0.644271 0.353646 0.046875 0.055208
0 0.437500 0.860938 0.041667 0.032292
0 0.875000 0.425521 0.045833 0.048958
0 0.365104 0.874479 0.036458 0.017708
0 0.657813 0.507812 0.026042 0.046875
0 0.729688 0.532292 0.036458 0.022917
0 0.871875 0.818750 0.047917 0.035417
0 0.570312 0.102604 0.040625 0.034375
0 0.366667 0.129688 0.031250 0.040625
0 0.260937 0.745833 0.053125 0.037500
0 0.490625 0.742708 0.020833 0.039583
0 0.511979 0.546875 0.036458 0.018750
0 0.361979 0.218750 0.048958 0.025000
0 0.806250 0.434896 0.039583 0.038542
0 0.764583 0.918229 0.031250 0.040625
0 0.310937 0.730729 0.032292 0.040625
0 0.319792 0.327604 0.050000 0.038542
0 0.425000 0.193750 0.031250 0.045833
0 0.780729 0.766667 0.053125 0.043750
0 0.259896 0.192188 0.046875 0.055208
0 0.613542 0.568229 0.029167 0.044792
0 0.110937 0.744792 0.042708 0.029167
0 0.206250 0.763542 0.041667 0.039583
0 0.210938 0.102604 0.026042 0.040625
0 0.593750 0.228646 0.047917 0.030208
0 0.796354 0.123958 0.040625 0.022917
0 0.743229 0.506771 0.046875 0.023958
0 0.832812 0.714583 0.048958 0.041667
0 0.609375 0.210417 0.027083 0.037500
0 0.915625 0.169792 0.052083 0.045833
0 0.526563 0.159375 0.032292 0.043750
0 0.639583 0.575521 0.037500 0.053125
0 0.816146 0.289062 0.040625 0.034375
0 0.078646 0.892708 0.053125 0.037500
0 0.901563 0.627604 0.055208 0.042708
0 0.614062 0.558854 0.053125 0.053125
0 0.850521 0.180729 0.044792 0.028125
0 0.546354 0.371875 0.038542 0.031250
0 0.784896 0.614583 0.036458 0.037500
0 0.157292 0.671354 0.043750 0.048958
0 0.902604 0.505729 0.023958 0.042708
0 0.622396 0.730208 0.038542 0.035417
0 0.700521 0.513542 0.044792 0.033333
0 0.561979 0.504167 0.040625 0.041667
0 0.509896 0.698438 0.023958 0.042708
0 0.698438 0.108854 0.028125 0.046875
0 0.441667 0.500521 0.031250 0.051042
0 0.842708 0.450000 0.037500 0.027083
0 0.440625 0.843229 0.054167 0.042708
0 0.368229 0.157292 0.042708 0.039583
0 0.277083 0.244271 0.033333 0.044792
0 0.263021 0.538021 0.040625 0.055208
0 0.339583 0.245312 0.045833 0.055208
0 0.220833 0.576042 0.022917 0.039583
0 0.772917 0.926042 0.039583 0.020833
0 0.279687 0.204687 0.038542 0.019792
0 0.197396 0.464062 0.028125 0.040625
0 0.168750 0.485417 0.052083 0.039583
0 0.557813 0.576042 0.040625 0.047917
0 0.709896 0.526563 0.055208 0.040625
0 0.100521 0.320312 0.034375 0.053125
0 0.205208 0.333854 0.033333 0.048958
0 0.561979 0.117708 0.046875 0.043750
0 0.803125 0.553125 0.029167 0.045833
0 0.590625 0.839063 0.043750 0.021875
0 0.510417 0.642708 0.047917 0.027083
0 0.800521 0.480208 0.042708 0.027083
0 0.266146 0.932292 0.032292 0.047917
0 0.630729 0.321354 0.036458 0.040625
0 0.084375 0.954167 0.027083 0.045833
0 0.623437 0.184375 0.051042 0.047917
0 0.594792 0.111979 0.027083 0.040625
0 0.785417 0.553125 0.041667 0.039583
0 0.622917 0.075521 0.031250 0.040625
0 0.403646 0.863021 0.044792 0.040625
0 0.897917 0.301563 0.052083 0.053125
0 0.477083 0.746354 0.050000 0.042708
0 0.870313 0.713021 0.040625 0.044792
0 0.067708 0.451562 0.020833 0.038542
0 0.206771 0.541667 0.038542 0.022917
0 0.091667 0.313542 0.043750 0.052083
0 0.633854 0.155729 0.042708 0.055208
0 0.777604 0.310937 0.051042 0.034375
0 0.441667 0.565104 0.054167 0.036458
0 0.862500 0.839063 0.041667 0.023958
0 0.584375 0.499479 0.035417 0.040625
0 0.360938 0.939063 0.042708 0.044792
0 0.890625 0.535937 0.054167 0.040625
0 0.521875 0.605208 0.033333 0.045833
0 0.927604 0.399479 0.046875 0.028125
0 0.338021 0.085938 0.048958 0.032292
0 0.895312 0.919271 0.040625 0.026042
0 0.749479 0.562500 0.046875 0.043750
0 0.426563 0.503125 0.028125 0.050000
0 0.240625 0.566667 0.033333 0.043750
0 0.348958 0.802604 0.047917 0.046875
0 0.678125 0.709896 0.047917 0.048958
0 0.115625 0.092708 0.037500 0.029167
0 0.765625 0.282813 0.029167 0.051042
0 0.271354 0.424479 0.051042 0.053125
0 0.772396 0.738021 0.046875 0.048958
0 0.864583 0.295312 0.033333 0.040625
0 0.319792 0.519792 0.035417 0.035417
0 0.448437 0.914583 0.036458 0.052083
0 0.704167 0.094271 0.052083 0.034375
0 0.456250 0.466667 0.037500 0.052083
0 0.962500 0.507812 0.037500 0.038542
0 0.278125 0.587500 0.041667 0.029167
0 0.531250 0.717187 0.033333 0.044792
0 0.398958 0.662500 0.043750 0.022917
0 0.841146 0.686458 0.046875 0.027083
0 0.673958 0.254167 0.037500 0.027083
0 0.402604 0.656250 0.042708 0.039583
0 0.444792 0.481250 0.035417 0.037500
0 0.707812 0.677083 0.023958 0.037500
0 0.107813 0.736979 0.038542 0.051042
0 0.555729 0.850521 0.053125 0.032292
0 0.558854 0.752604 0.051042 0.044792
0 0.150521 0.130208 0.042708 0.031250
0 0.317708 0.497917 0.047917 0.033333
0 0.834896 0.254167 0.036458 0.020833
0 0.604167 0.790625 0.045833 0.029167
0 0.593750 0.345833 0.029167 0.050000
0 0.282813 0.665625 0.048958 0.041667
0 0.815104 0.289583 0.051042 0.033333
0 0.318229 0.772396 0.036458 0.040625
0 0.192188 0.957812 0.034375 0.040625
0 0.184896 0.822396 0.055208 0.046875
0 0.663021 0.298438 0.048958 0.028125
0 0.534375 0.560417 0.052083 0.035417
0 0.490104 0.732812 0.048958 0.028125
0 0.236979 0.879687 0.034375 0.048958
0 0.531250 0.681250 0.033333 0.037500
0 0.390104 0.928646 0.019792 0.038542
0 0.890625 0.271354 0.043750 0.028125
0 0.094271 0.823958 0.042708 0.025000
0 0.752604 0.705208 0.042708 0.027083
0 0.517188 0.344792 0.036458 0.043750
0 0.191667 0.953646 0.050000 0.044792
0 0.523438 0.879687 0.055208 0.038542
0 0.884375 0.226562 0.041667 0.021875
0 0.636979 0.628125 0.036458 0.037500
0 0.671875 0.361458 0.025000 0.039583
0 0.301042 0.281250 0.037500 0.031250
0 0.422396 0.366146 0.038542 0.021875
0 0.899479 0.767708 0.036458 0.037500
0 0.361458 0.625000 0.027083 0.043750
0 0.746354 0.724479 0.040625 0.038542
0 0.825000 0.487500 0.039583 0.041667
0 0.814063 0.255729 0.034375 0.046875
0 0.751042 0.249479 0.041667 0.055208
0 0.171354 0.210417 0.044792 0.035417
0 0.502604 0.098958 0.038542 0.033333
0 0.272396 0.804167 0.021875 0.041667
0 0.142708 0.824479 0.041667 0.023958
0 0.275521 0.653125 0.019792 0.037500
0 0.764583 0.682292 0.050000 0.031250
0 0.206250 0.568229 0.039583 0.026042
0 0.430729 0.808854 0.032292 0.044792
0 0.378646 0.712500 0.042708 0.047917
0 0.718750 0.629167 0.037500 0.052083
0 0.556250 0.082292 0.031250 0.037500
0 0.498958 0.124479 0.039583 0.053125
0 0.609896 0.626563 0.042708 0.051042
0 0.905729 0.835938 0.046875 0.038542
0 0.721875 0.528125 0.031250 0.050000
0 0.697396 0.360417 0.023958 0.037500
0 0.848958 0.326562 0.047917 0.044792
0 0.852083 0.774479 0.033333 0.040625
0 0.313021 0.956771 0.048958 0.055208
0 0.273438 0.687500 0.036458 0.020833
0 0.880729 0.546875 0.032292 0.047917
0 0.512500 0.376563 0.050000 0.044792
0 0.559375 0.882812 0.041667 0.021875
0 0.411458 0.860417 0.047917 0.041667
0 0.089583 0.741146 0.039583 0.034375
0 0.648958 0.394792 0.037500 0.043750
0 0.393229 0.800521 0.055208 0.046875
0 0.829167 0.096354 0.045833 0.055208
0 0.384375 0.963542 0.047917 0.033333
0 0.613021 0.540104 0.042708 0.051042
0 0.900000 0.904687 0.054167 0.044792
0 0.361458 0.159375 0.041667 0.039583
0 0.724479 0.127083 0.021875 0.041667
0 0.179167 0.701042 0.039583 0.041667
0 0.419271 0.355208 0.053125 0.039583
0 0.447917 0.378646 0.050000 0.042708
0 0.349479 0.068229 0.040625 0.030208
0 0.186979 0.730208 0.040625 0.041667
0 0.659896 0.892188 0.040625 0.028125
0 0.940104 0.868229 0.040625 0.032292
0 0.554688 0.293229 0.044792 0.040625
0 0.469271 0.072396 0.051042 0.034375
0 0.806250 0.103125 0.037500 0.031250
0 0.357292 0.539062 0.047917 0.032292
0 0.170313 0.172396 0.030208 0.048958
0 0.343229 0.617708 0.042708 0.041667
0 0.125000 0.290104 0.043750 0.040625
0 0.143750 0.129167 0.041667 0.025000
0 0.160938 0.811458 0.038542 0.037500
0 0.204687 0.879687 0.034375 0.051042
0 0.076042 0.368229 0.035417 0.053125
0 0.541667 0.891146 0.043750 0.040625
0 0.558854 0.945312 0.044792 0.055208
0 0.169271 0.771875 0.038542 0.033333
0 0.347396 0.204167 0.032292 0.039583
0 0.605208 0.086979 0.035417 0.017708
0 0.697396 0.269271 0.046875 0.048958
0 0.777604 0.621354 0.040625 0.032292
0 0.672917 0.807292 0.022917 0.043750
0 0.131250 0.225521 0.050000 0.038542
0 0.932813 0.736458 0.019792 0.039583
0 0.779687 0.511979 0.053125 0.051042
0 0.526042 0.162500 0.025000 0.047917
0 0.418750 0.304167 0.047917 0.039583
0 0.200521 0.682292 0.042708 0.029167
0 0.306250 0.433333 0.033333 0.050000
0 0.227083 0.351562 0.037500 0.021875
0 0.508854 0.154167 0.048958 0.050000
0 0.126042 0.836458 0.020833 0.035417
0 0.948958 0.642708 0.039583 0.047917
0 0.566146 0.930208 0.051042 0.033333
0 0.277604 0.351562 0.032292 0.040625
0 0.900000 0.599479 0.022917 0.040625
0 0.783333 0.609896 0.050000 0.042708
0 0.282292 0.278125 0.043750 0.033333
0 0.852083 0.515625 0.033333 0.037500
0 0.673438 0.169271 0.040625 0.026042
0 0.844271 0.106771 0.051042 0.030208
0 0.117708 0.548438 0.037500 0.021875
0 0.766146 0.119271 0.055208 0.040625
0 0.795312 0.923438 0.042708 0.044792
0 0.504167 0.575000 0.047917 0.041667
0 0.112500 0.081771 0.039583 0.030208
0 0.098958 0.659896 0.043750 0.042708
0 0.285938 0.075000 0.019792 0.037500
0 0.105729 0.632812 0.051042 0.038542
0 0.124479 0.735417 0.028125 0.050000
0 0.345313 0.956771 0.040625 0.036458
0 0.192188 0.735417 0.044792 0.035417
0 0.917188 0.198958 0.036458 0.043750
0 0.510938 0.892188 0.042708 0.044792
0 0.164583 0.708333 0.039583 0.041667
0 0.928125 0.656250 0.045833 0.027083
0 0.380729 0.944271 0.032292 0.044792
0 0.257292 0.665104 0.050000 0.042708
0 0.747396 0.600521 0.040625 0.051042
0 0.789583 0.458333 0.037500 0.025000
0 0.601562 0.274479 0.032292 0.053125
0 0.932813 0.695312 0.032292 0.053125