0 0.595313 0.102604 0.038542 0.038542
0 0.603646 0.365625 0.051042 0.050000
0 0.935937 0.410938 0.030208 0.040625
0 0.727604 0.661979 0.048958 0.046875
0 0.252604 0.850000 0.038542 0.037500
0 0.396354 0.907813 0.040625 0.026042
0 0.693229 0.077604 0.030208 0.040625
0 0.297917 0.413021 0.050000 0.028125
0 0.834375 0.760938 0.050000 0.042708
0 0.772917 0.902604 0.039583 0.030208
0 0.943750 0.134375 0.037500 0.052083
0 0.703125 0.650521 0.029167 0.044792
0 0.348958 0.416667 0.031250 0.037500
0 0.965625 0.402604 0.043750 0.048958
0 0.655208 0.089063 0.039583 0.026042
0 0.086979 0.178646 0.055208 0.042708
0 0.768750 0.769271 0.039583 0.028125
0 0.141667 0.217708 0.037500 0.052083
0 0.899479 0.226562 0.032292 0.048958
0 0.225000 0.721875 0.033333 0.043750
0 0.746354 0.351562 0.040625 0.036458
0 0.708333 0.227604 0.050000 0.053125
0 0.231250 0.414583 0.050000 0.050000
0 0.915104 0.827604 0.034375 0.053125
0 0.368750 0.404687 0.031250 0.040625
0 0.791146 0.148438 0.036458 0.046875
0 0.652604 0.357812 0.019792 0.038542
0 0.189583 0.507292 0.050000 0.050000
0 0.276562 0.440104 0.040625 0.036458
0 0.111458 0.173437 0.045833 0.038542
0 0.930208 0.686458 0.025000 0.041667
0 0.130208 0.626563 0.035417 0.048958
0 0.353646 0.390104 0.019792 0.038542
0 0.404687 0.228125 0.038542 0.029167
0 0.880729 0.470833 0.026042 0.045833
0 0.178125 0.944792 0.037500 0.018750
0 0.321875 0.628125 0.039583 0.047917
0 0.670833 0.201563 0.045833 0.048958
0 0.907813 0.096875 0.036458 0.052083
0 0.447917 0.848437 0.035417 0.053125
0 0.842187 0.474479 0.028125 0.051042
0 0.485417 0.218750 0.033333 0.045833
0 0.693750 0.858333 0.050000 0.050000
0 0.235417 0.675521 0.035417 0.048958
0 0.088542 0.541667 0.052083 0.041667
0 0.640625 0.177083 0.029167 0.045833
0 0.653125 0.333854 0.035417 0.040625
0 0.726562 0.726042 0.026042 0.041667
0 0.168229 0.960417 0.046875 0.027083
0 0.952604 0.591667 0.026042 0.037500
0 0.733854 0.249479 0.051042 0.055208
0 0.701042 0.818229 0.029167 0.040625
0 0.509375 0.214583 0.037500 0.029167
0 0.497917 0.189062 0.037500 0.021875
0 0.281771 0.281250 0.042708 0.025000
0 0.726562 0.717187 0.030208 0.051042
0 0.514583 0.944271 0.031250 0.048958
0 0.635417 0.604688 0.039583 0.034375
0 0.073438 0.450000 0.019792 0.039583
0 0.357292 0.878125 0.027083 0.037500
0 0.966146 0.166667 0.038542 0.035417
0 0.109896 0.298438 0.040625 0.026042
0 0.888542 0.491146 0.052083 0.053125
0 0.622396 0.793750 0.046875 0.027083
0 0.471354 0.360417 0.032292 0.043750
0 0.884375 0.398958 0.052083 0.047917
0 0.756250 0.918750 0.041667 0.031250
0 0.196875 0.560417 0.041667 0.052083
0 0.560417 0.877604 0.054167 0.040625
0 0.267708 0.711979 0.033333 0.053125
0 0.945833 0.303125 0.037500 0.025000
0 0.962500 0.195833 0.047917 0.052083
0 0.153646 0.382292 0.044792 0.025000
0 0.352083 0.919792 0.047917 0.037500
0 0.118750 0.848958 0.031250 0.037500
0 0.774479 0.884896 0.042708 0.021875
0 0.091146 0.132812 0.053125 0.053125
0 0.304167 0.313542 0.018750 0.035417
0 0.846875 0.170833 0.033333 0.050000
0 0.225000 0.108333 0.018750 0.035417
0 0.746875 0.359375 0.043750 0.035417
0 0.486458 0.654167 0.041667 0.039583
0 0.830208 0.381771 0.045833 0.048958
0 0.143750 0.930729 0.037500 0.044792
0 0.690104 0.951562 0.038542 0.046875
0 0.385937 0.518750 0.038542 0.031250
0 0.199479 0.945312 0.046875 0.055208
0 0.617188 0.404687 0.053125 0.053125
0 0.270833 0.734375 0.022917 0.039583
0 0.643229 0.455729 0.028125 0.046875
0 0.121875 0.155208 0.045833 0.031250
0 0.601042 0.714063 0.047917 0.046875
0 0.834896 0.684896 0.026042 0.051042
0 0.828125 0.731250 0.041667 0.031250
0 0.908854 0.429688 0.038542 0.040625
0 0.786979 0.539062 0.042708 0.021875
0 0.152604 0.435417 0.044792 0.052083
0 0.200000 0.473958 0.052083 0.039583
0 0.766667 0.131771 0.054167 0.048958
0 0.418229 0.754167 0.023958 0.037500
0 0.316667 0.277083 0.045833 0.029167
0 0.487500 0.615104 0.037500 0.038542
0 0.378646 0.378646 0.028125 0.040625
0 0.693229 0.510417 0.030208 0.043750
0 0.850000 0.671354 0.054167 0.038542
0 0.919792 0.951562 0.050000 0.038542
0 0.614062 0.339062 0.032292 0.053125
0 0.105208 0.439063 0.035417 0.040625
0 0.576042 0.382292 0.035417 0.037500
0 0.147917 0.321875 0.047917 0.041667
0 0.763021 0.918750 0.030208 0.043750
0 0.172917 0.103646 0.041667 0.032292
0 0.626563 0.601562 0.021875 0.042708
0 0.247396 0.237500 0.038542 0.047917
0 0.773438 0.180208 0.044792 0.033333
0 0.625521 0.156771 0.040625 0.032292
0 0.809375 0.239583 0.045833 0.043750
0 0.845833 0.220312 0.020833 0.040625
0 0.668229 0.933333 0.036458 0.018750
0 0.266667 0.472917 0.035417 0.052083
0 0.187500 0.266667 0.037500 0.047917
0 0.895312 0.833333 0.042708 0.047917
0 0.892188 0.466667 0.046875 0.029167
0 0.661979 0.868750 0.040625 0.041667
0 0.160938 0.944271 0.053125 0.030208
0 0.276042 0.390104 0.043750 0.042708
0 0.268229 0.223958 0.051042 0.050000
0 0.479167 0.794271 0.041667 0.044792
0 0.906771 0.208854 0.028125 0.040625
0 0.355729 0.469271 0.030208 0.044792
0 0.830729 0.461458 0.032292 0.039583
0 0.085938 0.915625 0.036458 0.020833
0 0.407813 0.654687 0.044792 0.042708
0 0.415104 0.139583 0.032292 0.039583
0 0.335938 0.193750 0.036458 0.037500
0 0.854688 0.803125 0.019792 0.039583
0 0.662500 0.897917 0.031250 0.045833
0 0.248438 0.117188 0.042708 0.051042
0 0.567187 0.507812 0.030208 0.051042
0 0.288542 0.672396 0.033333 0.053125
0 0.178125 0.158333 0.035417 0.018750
0 0.108333 0.667708 0.022917 0.037500
0 0.684896 0.672917 0.053125 0.043750
0 0.854688 0.475000 0.034375 0.043750
0 0.849479 0.843229 0.034375 0.051042
0 0.633333 0.811979 0.050000 0.042708
0 0.614583 0.428125 0.033333 0.037500
0 0.353646 0.100000 0.040625 0.025000
0 0.309375 0.734896 0.047917 0.023958
0 0.409896 0.570833 0.028125 0.050000
0 0.394271 0.554167 0.046875 0.045833
0 0.165625 0.239583 0.033333 0.050000
0 0.961979 0.845313 0.044792 0.042708
0 0.725000 0.561458 0.035417 0.047917
0 0.756250 0.465104 0.054167 0.036458
0 0.497917 0.726042 0.033333 0.047917
0 0.898438 0.136979 0.051042 0.038542
0 0.469792 0.436979 0.050000 0.053125
0 0.634375 0.677083 0.047917 0.039583
0 0.574479 0.440104 0.038542 0.055208
0 0.564583 0.121875 0.031250 0.045833
0 0.856771 0.904687 0.051042 0.038542
0 0.469792 0.410938 0.047917 0.028125
0 0.439583 0.574479 0.043750 0.048958
0 0.166146 0.161458 0.028125 0.050000
0 0.353125 0.316667 0.025000 0.037500
0 0.465104 0.271875 0.048958 0.035417
0 0.333333 0.320312 0.031250 0.048958
0 0.336979 0.332813 0.030208 0.040625
0 0.831250 0.427604 0.037500 0.048958
0 0.409375 0.305208 0.031250 0.037500
0 0.925521 0.777083 0.038542 0.029167
0 0.207813 0.272396 0.044792 0.026042
0 0.438021 0.498437 0.053125 0.053125
0 0.611979 0.321875 0.051042 0.031250
0 0.613542 0.895312 0.027083 0.042708
0 0.879687 0.972917 0.040625 0.052083
0 0.828646 0.877604 0.044792 0.032292
0 0.477604 0.836979 0.036458 0.040625
0 0.848958 0.801042 0.045833 0.033333
0 0.934896 0.378125 0.036458 0.020833
0 0.102083 0.629687 0.045833 0.036458
0 0.688542 0.495833 0.022917 0.037500
0 0.159896 0.743229 0.038542 0.023958
0 0.567187 0.601562 0.046875 0.038542
0 0.573958 0.913021 0.031250 0.044792
0 0.118750 0.179688 0.022917 0.046875
0 0.278125 0.318229 0.043750 0.026042
0 0.697917 0.819271 0.045833 0.032292
0 0.667188 0.515625 0.038542 0.025000
0 0.239583 0.382292 0.039583 0.052083
0 0.741667 0.580208 0.043750 0.035417
0 0.091146 0.432292 0.040625 0.047917
0 0.826042 0.725521 0.029167 0.044792
0 0.223958 0.726562 0.054167 0.042708
0 0.392188 0.476562 0.038542 0.021875
0 0.967187 0.382812 0.040625 0.019792
0 0.087500 0.745313 0.045833 0.040625
0 0.206250 0.547917 0.035417 0.037500
0 0.960417 0.941667 0.043750 0.052083
0 0.096354 0.935417 0.026042 0.039583
0 0.588542 0.451042 0.043750 0.045833
0 0.585938 0.241667 0.034375 0.039583
0 0.405208 0.921354 0.043750 0.040625
0 0.942187 0.341146 0.036458 0.040625
0 0.785937 0.566667 0.042708 0.039583
0 0.348958 0.514583 0.043750 0.025000
0 0.771354 0.685417 0.048958 0.052083
0 0.095312 0.874479 0.051042 0.042708
0 0.486979 0.720833 0.021875 0.037500
0 0.964583 0.717187 0.045833 0.048958
0 0.745833 0.496354 0.037500 0.040625
0 0.921875 0.240104 0.041667 0.023958
0 0.932813 0.839063 0.055208 0.044792
0 0.935937 0.106250 0.038542 0.035417
0 0.897917 0.840625 0.020833 0.035417
0 0.614062 0.847396 0.040625 0.026042
0 0.485417 0.217188 0.037500 0.038542
0 0.704688 0.311979 0.046875 0.034375
0 0.483854 0.397917 0.036458 0.018750
0 0.257812 0.379688 0.042708 0.051042
0 0.911979 0.619271 0.055208 0.040625
0 0.816667 0.313021 0.045833 0.034375
0 0.351562 0.134896 0.044792 0.042708
0 0.743229 0.108854 0.048958 0.046875
0 0.120833 0.603125 0.033333 0.050000
0 0.517708 0.747917 0.050000 0.047917
0 0.540104 0.154167 0.053125 0.041667
0 0.558333 0.132292 0.047917 0.041667
0 0.102083 0.390625 0.035417 0.037500
0 0.576562 0.107292 0.046875 0.027083
0 0.838021 0.475000 0.046875 0.043750
0 0.201563 0.956771 0.038542 0.046875
0 0.380208 0.793750 0.037500 0.047917
0 0.503125 0.421875 0.037500 0.029167
0 0.955729 0.940625 0.042708 0.047917
0 0.683333 0.700521 0.047917 0.046875
0 0.287500 0.968229 0.050000 0.042708
0 0.921875 0.271875 0.020833 0.035417
0 0.729167 0.889583 0.033333 0.052083
0 0.879167 0.083333 0.041667 0.029167
0 0.804688 0.522917 0.046875 0.052083
0 0.823958 0.649479 0.045833 0.036458
0 0.180208 0.739583 0.041667 0.029167
0 0.166667 0.543229 0.039583 0.028125
0 0.485938 0.212500 0.044792 0.033333
0 0.861458 0.623958 0.047917 0.027083
0 0.827604 0.905208 0.032292 0.039583
0 0.732812 0.491146 0.042708 0.044792
0 0.833854 0.361458 0.017708 0.035417
0 0.834375 0.837500 0.039583 0.041667
0 0.384896 0.271875 0.036458 0.018750
0 0.109896 0.340104 0.048958 0.055208
0 0.534375 0.772396 0.043750 0.042708
0 0.490625 0.687500 0.025000 0.039583
0 0.353125 0.185938 0.043750 0.055208
0 0.814583 0.106250 0.020833 0.039583
0 0.342187 0.078646 0.046875 0.048958
0 0.149479 0.794271 0.044792 0.055208
0 0.474479 0.811979 0.048958 0.055208
0 0.263021 0.845313 0.048958 0.028125
0 0.324479 0.425000 0.051042 0.031250
0 0.491146 0.192708 0.040625 0.041667
0 0.498437 0.646354 0.044792 0.042708
0 0.321354 0.713021 0.032292 0.053125
0 0.949479 0.080208 0.038542 0.043750
0 0.696354 0.304167 0.051042 0.029167
0 0.085417 0.715104 0.035417 0.040625
0 0.747917 0.816667 0.025000 0.037500
0 0.123958 0.469271 0.039583 0.048958
0 0.442708 0.578646 0.047917 0.028125
0 0.398958 0.557292 0.035417 0.020833
0 0.519271 0.078125 0.034375 0.047917
0 0.187500 0.088542 0.035417 0.035417
0 0.893229 0.531250 0.019792 0.039583
0 0.447396 0.334896 0.040625 0.026042
0 0.666667 0.465625 0.022917 0.037500
0 0.619271 0.775521 0.040625 0.036458
0 0.470313 0.366667 0.038542 0.035417
0 0.265104 0.914583 0.036458 0.020833
0 0.843229 0.830208 0.034375 0.039583
0 0.803646 0.939063 0.046875 0.036458
0 0.608333 0.127083 0.039583 0.041667
0 0.366146 0.839063 0.048958 0.046875
0 0.361458 0.868750 0.025000 0.043750
0 0.843229 0.403646 0.036458 0.055208
0 0.478646 0.880208 0.048958 0.035417
0 0.280208 0.107813 0.035417 0.017708
0 0.429167 0.379688 0.041667 0.023958
0 0.572396 0.139583 0.038542 0.052083
0 0.720313 0.337500 0.042708 0.027083
0 0.132292 0.333854 0.033333 0.040625
0 0.705208 0.526042 0.035417 0.047917
0 0.200000 0.186979 0.039583 0.048958
0 0.905729 0.565625 0.051042 0.050000
0 0.248958 0.321875 0.041667 0.031250
0 0.406250 0.606250 0.041667 0.039583
0 0.639583 0.377604 0.039583 0.044792
0 0.596354 0.264062 0.019792 0.038542
0 0.281250 0.326562 0.022917 0.038542
0 0.600521 0.911979 0.040625 0.038542
0 0.788542 0.239583 0.047917 0.035417
0 0.828125 0.082292 0.039583 0.041667
0 0.376563 0.361458 0.044792 0.035417
0 0.883854 0.203646 0.042708 0.021875
0 0.099479 0.430729 0.040625 0.055208
0 0.179688 0.485417 0.048958 0.041667
0 0.380729 0.662500 0.026042 0.037500
0 0.720833 0.415104 0.037500 0.040625
0 0.173437 0.621354 0.055208 0.044792
0 0.396875 0.915104 0.054167 0.042708
0 0.406250 0.686979 0.022917 0.040625
0 0.289062 0.667188 0.046875 0.048958
0 0.271354 0.124479 0.032292 0.040625
0 0.101042 0.811979 0.035417 0.040625
0 0.622917 0.876563 0.050000 0.038542
0 0.193229 0.276562 0.032292 0.044792
0 0.496354 0.858333 0.038542 0.025000
0 0.681250 0.401562 0.050000 0.028125
0 0.960417 0.855729 0.045833 0.038542
0 0.334896 0.128646 0.046875 0.055208
0 0.258333 0.164062 0.037500 0.048958
0 0.422917 0.214583 0.033333 0.050000
0 0.903125 0.545312 0.050000 0.040625
0 0.931250 0.110937 0.050000 0.034375
0 0.750521 0.634896 0.046875 0.048958
0 0.628125 0.150000 0.047917 0.037500
0 0.125521 0.721875 0.021875 0.037500
0 0.166667 0.709896 0.018750 0.036458
0 0.555208 0.587500 0.043750 0.035417
0 0.777083 0.539583 0.047917 0.027083
0 0.197917 0.818750 0.043750 0.033333
0 0.729167 0.092708 0.050000 0.033333
0 0.135417 0.805208 0.037500 0.033333
0 0.816146 0.470313 0.053125 0.034375
0 0.489583 0.435417 0.039583 0.052083
0 0.775521 0.803646 0.038542 0.021875
0 0.236458 0.433854 0.045833 0.038542
0 0.088021 0.739062 0.030208 0.040625
0 0.862500 0.335938 0.029167 0.051042
0 0.585938 0.835417 0.036458 0.047917
0 0.398958 0.640625 0.041667 0.052083
0 0.228646 0.853125 0.036458 0.037500
0 0.441146 0.704688 0.042708 0.021875
0 0.170313 0.772917 0.038542 0.031250
0 0.219271 0.335938 0.026042 0.044792
0 0.330729 0.643750 0.038542 0.033333
0 0.763542 0.931771 0.037500 0.040625
0 0.945312 0.873437 0.040625 0.038542
0 0.957292 0.910937 0.029167 0.040625
0 0.962500 0.165625 0.035417 0.037500
0 0.138021 0.892188 0.021875 0.044792
0 0.571875 0.384375 0.052083 0.039583
0 0.594792 0.185417 0.025000 0.037500
0 0.159896 0.277083 0.042708 0.027083
0 0.182292 0.122396 0.043750 0.055208
0 0.310937 0.659896 0.038542 0.040625
0 0.301042 0.428646 0.037500 0.044792
0 0.577604 0.758854 0.030208 0.051042
0 0.763021 0.557813 0.040625 0.030208
0 0.650521 0.866667 0.042708 0.027083
0 0.653125 0.426563 0.050000 0.042708
0 0.223958 0.947917 0.037500 0.041667
0 0.115104 0.297917 0.048958 0.052083
0 0.096875 0.882812 0.033333 0.040625
0 0.943229 0.657813 0.040625 0.030208
0 0.956250 0.435937 0.039583 0.038542
0 0.407292 0.700000 0.033333 0.037500
0 0.959896 0.260937 0.026042 0.046875
0 0.806771 0.781771 0.044792 0.040625
0 0.284896 0.944792 0.044792 0.052083
0 0.242708 0.519792 0.039583 0.025000
0 0.892708 0.727604 0.027083 0.040625
0 0.480729 0.744271 0.048958 0.055208
0 0.596354 0.522917 0.053125 0.037500
0 0.432292 0.795833 0.029167 0.050000
0 0.461979 0.954688 0.034375 0.053125
0 0.359896 0.134896 0.036458 0.040625
0 0.629687 0.706771 0.046875 0.032292
0 0.083854 0.621354 0.034375 0.051042
0 0.527604 0.636458 0.019792 0.035417
0 0.415625 0.903125 0.041667 0.037500
0 0.728125 0.778646 0.041667 0.023958
0 0.435937 0.895312 0.044792 0.032292
0 0.634375 0.513542 0.047917 0.050000
0 0.383333 0.433854 0.047917 0.046875
0 0.583854 0.554688 0.040625 0.038542
0 0.932292 0.322396 0.037500 0.019792
0 0.633854 0.507812 0.040625 0.038542
0 0.214583 0.308854 0.045833 0.048958
0 0.208854 0.682813 0.055208 0.048958
0 0.752604 0.934375 0.042708 0.039583
0 0.331771 0.823958 0.042708 0.041667
0 0.306771 0.730729 0.028125 0.040625
0 0.119792 0.541146 0.050000 0.028125
0 0.932292 0.454167 0.041667 0.039583
0 0.081250 0.450521 0.029167 0.051042
0 0.167187 0.384896 0.038542 0.040625
0 0.941667 0.684896 0.050000 0.044792
0 0.600000 0.570833 0.047917 0.025000
0 0.465625 0.760417 0.047917 0.033333
0 0.864583 0.169271 0.045833 0.023958
0 0.201563 0.953646 0.032292 0.053125
0 0.549479 0.488542 0.032292 0.043750
0 0.920312 0.845313 0.019792 0.038542
0 0.351042 0.448958 0.043750 0.025000
0 0.517708 0.864062 0.043750 0.040625
0 0.839063 0.635938 0.023958 0.042708
0 0.255208 0.918229 0.045833 0.048958
0 0.246354 0.768750 0.021875 0.037500
0 0.670312 0.720833 0.053125 0.045833
0 0.806250 0.163021 0.050000 0.034375
0 0.947917 0.621875 0.039583 0.052083
0 0.748958 0.243229 0.031250 0.048958
0 0.790104 0.188021 0.044792 0.040625
0 0.435937 0.742708 0.038542 0.035417
0 0.312500 0.334375 0.043750 0.045833
0 0.677604 0.147917 0.044792 0.027083
0 0.400521 0.481771 0.040625 0.019792
0 0.427604 0.933333 0.040625 0.022917
0 0.330208 0.633333 0.033333 0.052083
0 0.965625 0.138542 0.037500 0.025000
0 0.233333 0.875521 0.029167 0.044792
0 0.639062 0.229167 0.042708 0.047917
0 0.584896 0.640104 0.055208 0.042708
0 0.854167 0.108854 0.025000 0.048958
0 0.949479 0.147396 0.051042 0.042708
0 0.085938 0.432292 0.023958 0.047917
0 0.791667 0.268750 0.045833 0.052083
0 0.571875 0.636458 0.022917 0.037500
0 0.291146 0.756771 0.034375 0.040625
0 0.921354 0.714583 0.040625 0.047917
0 0.453125 0.493229 0.043750 0.026042
0 0.702604 0.899479 0.042708 0.055208
0 0.667188 0.529167 0.051042 0.050000
0 0.740104 0.198437 0.036458 0.055208