0 0.538542 0.448437 0.029167 0.051042
0 0.945312 0.343750 0.040625 0.047917
0 0.179167 0.234375 0.047917 0.035417
0 0.565625 0.071354 0.045833 0.032292
0 0.840625 0.606771 0.045833 0.036458
0 0.742188 0.545833 0.040625 0.025000
0 0.171875 0.778646 0.031250 0.040625
0 0.809375 0.777083 0.037500 0.041667
0 0.858333 0.946354 0.037500 0.044792
0 0.260417 0.901042 0.043750 0.052083
0 0.323437 0.173958 0.038542 0.025000
0 0.824479 0.539062 0.032292 0.040625
0 0.196875 0.892188 0.045833 0.036458
0 0.495312 0.552604 0.044792 0.042708
0 0.163021 0.918229 0.042708 0.051042
0 0.902604 0.803125 0.038542 0.047917
0 0.296875 0.468750 0.052083 0.045833
0 0.084375 0.822396 0.035417 0.044792
0 0.462500 0.209896 0.039583 0.036458
0 0.459375 0.263021 0.031250 0.048958
0 0.484375 0.893229 0.043750 0.040625
0 0.520312 0.360938 0.040625 0.044792
0 0.348958 0.208333 0.035417 0.018750
0 0.195833 0.392708 0.035417 0.047917
0 0.726562 0.666667 0.046875 0.027083
0 0.633333 0.096354 0.025000 0.042708
0 0.892708 0.744792 0.033333 0.050000
0 0.818750 0.259896 0.052083 0.034375
0 0.742188 0.526563 0.051042 0.026042
0 0.743750 0.402083 0.029167 0.041667
0 0.559896 0.399479 0.036458 0.040625
0 0.855729 0.188542 0.038542 0.025000
0 0.648438 0.736979 0.026042 0.044792
0 0.957292 0.749479 0.054167 0.048958
0 0.915625 0.759896 0.039583 0.036458
0 0.709896 0.358854 0.036458 0.046875
0 0.074479 0.441146 0.026042 0.046875
0 0.932292 0.358854 0.031250 0.044792
0 0.283854 0.554688 0.046875 0.034375
0 0.951562 0.606250 0.038542 0.033333
0 0.465625 0.263021 0.045833 0.036458
0 0.902083 0.403125 0.039583 0.052083
0 0.407813 0.910417 0.038542 0.035417
0 0.791146 0.898958 0.028125 0.039583
0 0.850521 0.806250 0.038542 0.043750
0 0.384896 0.588542 0.034375 0.037500
0 0.588542 0.256771 0.039583 0.028125
0 0.659375 0.480208 0.045833 0.029167
0 0.088542 0.663021 0.027083 0.046875
0 0.176563 0.320833 0.030208 0.047917
0 0.755729 0.528125 0.053125 0.045833
0 0.380729 0.537500 0.053125 0.037500
0 0.519271 0.679688 0.040625 0.034375
0 0.436979 0.176042 0.051042 0.033333
0 0.639062 0.182292 0.034375 0.043750
0 0.558854 0.755208 0.034375 0.047917
0 0.441667 0.792188 0.045833 0.036458
0 0.639062 0.227604 0.040625 0.026042
0 0.661979 0.904167 0.042708 0.039583
0 0.457813 0.667188 0.040625 0.038542
0 0.750521 0.936458 0.051042 0.050000
0 0.561979 0.496354 0.023958 0.046875
0 0.346875 0.391667 0.041667 0.039583
0 0.683333 0.504687 0.041667 0.023958
0 0.381250 0.755729 0.045833 0.055208
0 0.518750 0.300521 0.027083 0.046875
0 0.840625 0.166146 0.025000 0.044792
0 0.800000 0.365625 0.043750 0.045833
0 0.559375 0.816146 0.047917 0.053125
0 0.829688 0.627083 0.046875 0.043750
0 0.377604 0.361458 0.038542 0.033333
0 0.795833 0.768750 0.041667 0.039583
0 0.767708 0.448958 0.052083 0.035417
0 0.445833 0.916146 0.054167 0.048958
0 0.101042 0.709375 0.039583 0.052083
0 0.725521 0.475000 0.021875 0.041667
0 0.263542 0.345313 0.045833 0.048958
0 0.922917 0.460938 0.039583 0.048958
0 0.353125 0.578125 0.045833 0.043750
0 0.387500 0.801562 0.043750 0.042708
0 0.639062 0.085417 0.042708 0.027083
0 0.426042 0.490625 0.047917 0.025000
0 0.472917 0.417187 0.045833 0.036458
0 0.843229 0.426042 0.048958 0.050000
0 0.648958 0.552604 0.043750 0.055208
0 0.557813 0.495312 0.048958 0.030208
0 0.133854 0.872396 0.040625 0.023958
0 0.683854 0.301563 0.046875 0.036458
0 0.279687 0.619271 0.044792 0.026042
0 0.488542 0.086458 0.020833 0.035417
0 0.516667 0.422917 0.047917 0.052083
0 0.523438 0.211979 0.023958 0.048958
0 0.285938 0.891146 0.051042 0.055208
0 0.588021 0.536458 0.030208 0.039583
0 0.855208 0.545833 0.047917 0.050000
0 0.864583 0.616146 0.039583 0.036458
0 0.469792 0.545833 0.043750 0.033333
0 0.777604 0.162500 0.036458 0.037500
0 0.401562 0.514062 0.040625 0.044792
0 0.390104 0.210938 0.053125 0.030208
0 0.877604 0.472917 0.053125 0.035417
0 0.311979 0.933333 0.038542 0.027083
0 0.707292 0.927604 0.045833 0.034375
0 0.176563 0.197917 0.042708 0.041667
0 0.415104 0.954688 0.051042 0.053125
0 0.591667 0.957292 0.029167 0.050000
0 0.079687 0.907813 0.055208 0.040625
0 0.245312 0.313021 0.034375 0.040625
0 0.717187 0.234896 0.021875 0.044792
0 0.293229 0.763021 0.048958 0.046875
0 0.269271 0.341667 0.017708 0.035417
0 0.632292 0.459896 0.047917 0.032292
0 0.745833 0.216667 0.041667 0.047917
0 0.448437 0.414062 0.036458 0.046875
0 0.673958 0.151562 0.018750 0.036458
0 0.506250 0.947917 0.047917 0.041667
0 0.814063 0.526042 0.053125 0.045833
0 0.115104 0.651563 0.034375 0.040625
0 0.570312 0.920833 0.044792 0.045833
0 0.371875 0.334896 0.043750 0.026042
0 0.128125 0.833854 0.020833 0.036458
0 0.600000 0.773958 0.045833 0.045833
0 0.294271 0.420312 0.051042 0.034375
0 0.725521 0.521875 0.046875 0.031250
0 0.691146 0.839063 0.051042 0.053125
0 0.460938 0.497917 0.038542 0.035417
0 0.552083 0.819271 0.045833 0.032292
0 0.785417 0.608333 0.043750 0.033333
0 0.611458 0.846875 0.045833 0.052083
0 0.619792 0.185417 0.043750 0.052083
0 0.928646 0.261979 0.036458 0.055208
0 0.186458 0.623958 0.035417 0.018750
0 0.658333 0.831771 0.037500 0.040625
0 0.621354 0.656250 0.038542 0.025000
0 0.542188 0.604688 0.040625 0.030208
0 0.219792 0.457292 0.031250 0.041667
0 0.923958 0.922396 0.050000 0.036458
0 0.154688 0.337500 0.034375 0.039583
0 0.461458 0.413542 0.037500 0.025000
0 0.355729 0.381250 0.034375 0.047917
0 0.538542 0.337500 0.043750 0.045833
0 0.632812 0.515625 0.053125 0.047917
0 0.264062 0.183854 0.044792 0.030208
0 0.667188 0.296875 0.028125 0.050000
0 0.185417 0.702604 0.039583 0.034375
0 0.758333 0.641146 0.043750 0.028125
0 0.706771 0.111979 0.040625 0.036458
0 0.685937 0.756250 0.044792 0.045833
0 0.138542 0.372917 0.050000 0.031250
0 0.723437 0.281771 0.032292 0.048958
0 0.743750 0.860938 0.029167 0.040625
0 0.818750 0.863542 0.035417 0.020833
0 0.592187 0.390104 0.051042 0.053125
0 0.292708 0.651563 0.039583 0.053125
0 0.702604 0.954167 0.032292 0.052083
0 0.680729 0.536458 0.038542 0.031250
0 0.083854 0.828125 0.044792 0.027083
0 0.631250 0.573438 0.041667 0.055208
0 0.417187 0.288542 0.042708 0.039583
0 0.122917 0.192708 0.033333 0.047917
0 0.652604 0.670312 0.040625 0.051042
0 0.910937 0.122396 0.040625 0.055208
0 0.607292 0.965625 0.020833 0.035417
0 0.717187 0.597917 0.044792 0.035417
0 0.667188 0.709375 0.038542 0.047917
0 0.676042 0.925000 0.041667 0.047917
0 0.310937 0.909375 0.038542 0.043750
0 0.434375 0.375521 0.050000 0.053125
0 0.143229 0.472917 0.036458 0.043750
0 0.279167 0.321875 0.035417 0.037500
0 0.408333 0.463542 0.037500 0.025000
0 0.499479 0.444792 0.051042 0.033333
0 0.192708 0.962500 0.047917 0.050000
0 0.706771 0.902604 0.048958 0.044792
0 0.695312 0.746875 0.038542 0.029167
0 0.966667 0.876042 0.047917 0.039583
0 0.615625 0.631250 0.041667 0.039583
0 0.578125 0.192188 0.043750 0.048958
0 0.302604 0.326562 0.040625 0.034375
0 0.827604 0.285417 0.046875 0.045833
0 0.502604 0.088021 0.040625 0.030208
0 0.694271 0.125000 0.038542 0.027083
0 0.564583 0.572396 0.054167 0.036458
0 0.109896 0.705729 0.038542 0.046875
0 0.740625 0.835417 0.027083 0.041667
0 0.485417 0.390104 0.047917 0.028125
0 0.538021 0.682813 0.046875 0.040625
0 0.546354 0.358854 0.055208 0.036458
0 0.419271 0.752083 0.023958 0.041667
0 0.514583 0.505729 0.052083 0.034375
0 0.362500 0.786979 0.020833 0.036458
0 0.342187 0.656771 0.040625 0.036458
0 0.274479 0.206250 0.051042 0.031250
0 0.767708 0.634896 0.054167 0.048958
0 0.332813 0.233854 0.038542 0.051042
0 0.450000 0.761979 0.045833 0.038542
0 0.339062 0.269271 0.044792 0.040625
0 0.514583 0.255729 0.025000 0.042708
0 0.152083 0.571354 0.047917 0.046875
0 0.372917 0.923958 0.052083 0.043750
0 0.348958 0.161979 0.043750 0.040625
0 0.693229 0.668750 0.048958 0.027083
0 0.394792 0.703646 0.039583 0.038542
0 0.646354 0.242188 0.044792 0.028125
0 0.633333 0.106771 0.054167 0.048958
0 0.958333 0.833854 0.052083 0.032292
0 0.244271 0.477083 0.030208 0.050000
0 0.370833 0.889062 0.039583 0.023958
0 0.635417 0.773438 0.050000 0.028125
0 0.082292 0.666667 0.018750 0.035417
0 0.100521 0.197917 0.032292 0.043750
0 0.176042 0.434375 0.018750 0.035417
0 0.628125 0.366146 0.037500 0.048958
0 0.858333 0.950521 0.031250 0.040625
0 0.341667 0.719271 0.050000 0.028125
0 0.137500 0.915104 0.022917 0.038542
0 0.275000 0.930208 0.035417 0.020833
0 0.093750 0.187500 0.041667 0.039583
0 0.759375 0.461979 0.037500 0.038542
0 0.928125 0.780208 0.035417 0.043750
0 0.854688 0.932813 0.051042 0.030208
0 0.166146 0.862500 0.044792 0.052083
0 0.315625 0.954688 0.041667 0.044792
0 0.810937 0.329688 0.046875 0.034375
0 0.568750 0.594792 0.037500 0.025000
0 0.542708 0.707812 0.039583 0.028125
0 0.525000 0.791667 0.047917 0.050000
0 0.089583 0.648958 0.039583 0.020833
0 0.641667 0.515625 0.022917 0.035417
0 0.815104 0.081771 0.040625 0.028125
0 0.131771 0.108854 0.055208 0.051042
0 0.887500 0.689583 0.020833 0.035417
0 0.349479 0.818229 0.034375 0.046875
0 0.828125 0.461458 0.027083 0.037500
0 0.796875 0.113542 0.041667 0.052083
0 0.540104 0.193229 0.021875 0.038542
0 0.822917 0.621354 0.039583 0.048958
0 0.744271 0.218750 0.042708 0.029167
0 0.484896 0.694792 0.040625 0.041667
0 0.361458 0.325521 0.045833 0.048958
0 0.740625 0.960938 0.043750 0.048958
0 0.511979 0.282813 0.038542 0.023958
0 0.510417 0.129688 0.052083 0.030208
0 0.153125 0.403125 0.035417 0.035417
0 0.536979 0.297917 0.038542 0.025000
0 0.844792 0.247917 0.033333 0.043750
0 0.920833 0.292187 0.043750 0.055208
0 0.360938 0.190104 0.044792 0.051042
0 0.711979 0.938021 0.040625 0.051042
0 0.116146 0.272396 0.030208 0.040625
0 0.819792 0.948438 0.045833 0.032292
0 0.701562 0.789062 0.044792 0.028125
0 0.842187 0.346875 0.053125 0.037500
0 0.711979 0.680729 0.038542 0.040625
0 0.558854 0.589583 0.026042 0.045833
0 0.568229 0.158333 0.042708 0.020833
0 0.809375 0.683333 0.047917 0.041667
0 0.411979 0.775521 0.040625 0.038542
0 0.779687 0.527604 0.032292 0.048958
0 0.177083 0.461458 0.047917 0.052083
0 0.629687 0.919792 0.023958 0.045833
0 0.648958 0.384896 0.047917 0.030208
0 0.194271 0.628125 0.023958 0.037500
0 0.503125 0.223438 0.050000 0.053125
0 0.307292 0.650000 0.041667 0.052083
0 0.165104 0.607292 0.036458 0.043750
0 0.706250 0.378125 0.045833 0.043750
0 0.450521 0.929688 0.040625 0.026042
0 0.286458 0.813021 0.043750 0.040625
0 0.859896 0.622396 0.034375 0.053125
0 0.138021 0.605208 0.038542 0.043750
0 0.403646 0.811458 0.023958 0.041667
0 0.776042 0.407813 0.054167 0.036458
0 0.308333 0.508333 0.045833 0.022917
0 0.219271 0.754687 0.046875 0.055208
0 0.895312 0.731250 0.034375 0.052083
0 0.582812 0.415625 0.032292 0.043750
0 0.231771 0.083333 0.036458 0.037500
0 0.628125 0.317708 0.033333 0.043750
0 0.934896 0.922396 0.055208 0.040625
0 0.184375 0.615625 0.035417 0.018750
0 0.772396 0.211979 0.053125 0.051042
0 0.473958 0.115625 0.041667 0.047917
0 0.218229 0.803646 0.051042 0.040625
0 0.350521 0.686458 0.036458 0.043750
0 0.397917 0.172396 0.025000 0.038542
0 0.607292 0.555208 0.039583 0.041667
0 0.397396 0.732292 0.048958 0.035417
0 0.116146 0.436458 0.030208 0.043750
0 0.615625 0.650000 0.047917 0.037500
0 0.336458 0.728125 0.043750 0.045833
0 0.136979 0.252604 0.051042 0.044792
0 0.512500 0.738021 0.025000 0.046875
0 0.410938 0.761458 0.051042 0.050000
0 0.836458 0.264062 0.037500 0.021875
0 0.132812 0.889062 0.044792 0.030208
0 0.257292 0.422917 0.043750 0.037500
0 0.608333 0.706771 0.035417 0.053125
0 0.485417 0.288542 0.037500 0.029167
0 0.220833 0.718750 0.037500 0.035417
0 0.607812 0.726562 0.040625 0.036458
0 0.175521 0.666667 0.038542 0.025000
0 0.340104 0.701042 0.038542 0.043750
0 0.767708 0.649479 0.050000 0.044792
0 0.676042 0.095833 0.035417 0.037500
0 0.564583 0.629167 0.025000 0.047917
0 0.613542 0.265625 0.022917 0.039583
0 0.740625 0.345833 0.031250 0.041667
0 0.074479 0.608854 0.032292 0.040625
0 0.167708 0.085938 0.025000 0.046875
0 0.476562 0.602604 0.051042 0.053125
0 0.758854 0.495833 0.038542 0.027083
0 0.387500 0.645833 0.047917 0.037500
0 0.178646 0.951562 0.038542 0.038542
0 0.498958 0.076563 0.033333 0.040625
0 0.283333 0.641667 0.037500 0.047917
0 0.341146 0.477083 0.028125 0.050000
0 0.184375 0.214583 0.052083 0.043750
0 0.529687 0.222396 0.032292 0.040625
0 0.464062 0.099479 0.028125 0.044792
0 0.073958 0.835938 0.020833 0.040625
0 0.598437 0.497396 0.032292 0.040625
0 0.728646 0.949479 0.040625 0.044792
0 0.161458 0.298958 0.050000 0.047917
0 0.296354 0.134375 0.040625 0.041667
0 0.340625 0.161979 0.039583 0.036458
0 0.552083 0.157812 0.043750 0.026042
0 0.822396 0.813542 0.046875 0.043750
0 0.766146 0.475521 0.051042 0.038542
0 0.383854 0.182292 0.026042 0.039583
0 0.389062 0.876042 0.051042 0.050000
0 0.398438 0.655729 0.044792 0.030208
0 0.677083 0.580729 0.047917 0.048958
0 0.650521 0.501563 0.051042 0.040625
0 0.599479 0.894271 0.044792 0.028125
0 0.718229 0.464583 0.046875 0.043750
0 0.848958 0.231250 0.052083 0.039583
0 0.135417 0.821875 0.039583 0.025000
0 0.329167 0.803125 0.047917 0.037500
0 0.148958 0.613021 0.029167 0.040625
0 0.447917 0.446354 0.037500 0.019792
0 0.610417 0.344271 0.045833 0.048958
0 0.498958 0.245312 0.039583 0.044792
0 0.581771 0.716146 0.032292 0.048958
0 0.344271 0.138542 0.042708 0.047917
0 0.282813 0.251563 0.044792 0.055208
0 0.400000 0.713021 0.043750 0.042708
0 0.615625 0.815104 0.054167 0.048958
0 0.822917 0.536979 0.052083 0.051042
0 0.791146 0.478646 0.040625 0.028125
0 0.217708 0.439063 0.037500 0.019792
0 0.373437 0.226562 0.051042 0.040625
0 0.265104 0.810417 0.051042 0.047917
0 0.616667 0.566146 0.050000 0.038542
0 0.726562 0.692187 0.055208 0.042708
0 0.455729 0.345833 0.046875 0.031250
0 0.251563 0.609896 0.044792 0.042708
0 0.397396 0.184896 0.053125 0.053125
0 0.070312 0.520833 0.032292 0.043750
0 0.558854 0.920833 0.023958 0.037500
0 0.090625 0.948438 0.025000 0.038542
0 0.503125 0.836979 0.047917 0.046875
0 0.215625 0.909375 0.047917 0.041667
0 0.080208 0.195833 0.025000 0.037500
0 0.607812 0.337500 0.036458 0.018750
0 0.443229 0.206250 0.042708 0.047917
0 0.133333 0.572917 0.035417 0.020833
0 0.691146 0.514583 0.032292 0.052083
0 0.691146 0.469271 0.026042 0.046875
0 0.466667 0.932813 0.054167 0.048958
0 0.355208 0.665104 0.050000 0.053125
0 0.738021 0.877083 0.042708 0.025000
0 0.467708 0.346354 0.054167 0.044792
0 0.856250 0.358854 0.022917 0.038542
0 0.552604 0.076042 0.040625 0.022917
0 0.643229 0.617708 0.032292 0.047917
0 0.300000 0.894792 0.035417 0.037500
0 0.354167 0.900000 0.045833 0.043750
0 0.555208 0.195312 0.043750 0.048958
0 0.489063 0.618229 0.055208 0.051042
0 0.608854 0.491667 0.046875 0.043750
0 0.760417 0.367708 0.041667 0.047917
0 0.922396 0.079167 0.040625 0.041667
0 0.660937 0.308333 0.051042 0.031250
0 0.838021 0.614062 0.051042 0.030208
0 0.688542 0.501042 0.018750 0.035417
0 0.193750 0.948958 0.031250 0.043750
0 0.279687 0.284896 0.053125 0.053125
0 0.918750 0.886979 0.039583 0.044792
0 0.114583 0.248438 0.050000 0.040625
0 0.276562 0.131771 0.053125 0.030208
0 0.695833 0.091146 0.043750 0.026042
0 0.852604 0.527604 0.030208 0.053125
0 0.131250 0.638542 0.045833 0.029167
0 0.771875 0.936458 0.039583 0.022917
0 0.448958 0.838021 0.025000 0.038542
0 0.368229 0.159375 0.034375 0.043750
0 0.763542 0.632812 0.052083 0.034375
0 0.808333 0.461979 0.054167 0.044792
0 0.132812 0.169271 0.044792 0.042708
0 0.229167 0.092708 0.045833 0.031250
0 0.310417 0.741146 0.025000 0.048958
0 0.486979 0.192188 0.046875 0.034375
0 0.085417 0.331250 0.043750 0.035417
0 0.094271 0.226042 0.046875 0.029167
0 0.160938 0.326562 0.055208 0.040625
0 0.315625 0.953125 0.035417 0.018750
0 0.479167 0.718750 0.043750 0.033333
0 0.813021 0.665104 0.019792 0.038542
0 0.593229 0.561458 0.048958 0.041667
0 0.821875 0.150521 0.050000 0.053125
0 0.430729 0.701042 0.017708 0.035417
0 0.839063 0.897917 0.040625 0.022917
0 0.614583 0.366146 0.035417 0.017708
0 0.845833 0.604688 0.039583 0.034375
0 0.709896 0.345833 0.036458 0.020833
0 0.235417 0.293229 0.045833 0.026042
0 0.839583 0.644271 0.043750 0.028125
0 0.149479 0.799479 0.036458 0.040625
0 0.805729 0.508854 0.048958 0.055208
0 0.447396 0.752083 0.053125 0.037500