0 0.454167 0.737500 0.037500 0.047917
0 0.188542 0.256250 0.047917 0.041667
0 0.600000 0.907813 0.025000 0.042708
0 0.583854 0.484896 0.032292 0.046875
0 0.471354 0.167187 0.040625 0.044792
0 0.190625 0.638021 0.052083 0.051042
0 0.438021 0.833333 0.048958 0.050000
0 0.467187 0.456250 0.028125 0.039583
0 0.263021 0.486979 0.046875 0.055208
0 0.134896 0.672396 0.040625 0.055208
0 0.400521 0.784375 0.030208 0.039583
0 0.972917 0.597396 0.054167 0.038542
0 0.761458 0.575000 0.039583 0.020833
0 0.506250 0.088021 0.041667 0.021875
0 0.760938 0.368229 0.048958 0.028125
0 0.080208 0.394792 0.041667 0.031250
0 0.135417 0.900521 0.043750 0.040625
0 0.085417 0.766146 0.050000 0.053125
0 0.866146 0.513542 0.028125 0.045833
0 0.494792 0.560937 0.031250 0.051042
0 0.883854 0.959375 0.046875 0.033333
0 0.541667 0.183333 0.037500 0.033333
0 0.914062 0.233333 0.038542 0.047917
0 0.082292 0.569792 0.037500 0.041667
0 0.693229 0.906250 0.038542 0.052083
0 0.856250 0.784896 0.025000 0.038542
0 0.821354 0.333854 0.032292 0.046875
0 0.580729 0.184375 0.038542 0.043750
0 0.957812 0.935417 0.042708 0.039583
0 0.588021 0.514583 0.051042 0.033333
0 0.608854 0.886979 0.042708 0.044792
0 0.885417 0.756250 0.039583 0.041667
0 0.424479 0.503646 0.030208 0.040625
0 0.879167 0.889583 0.025000 0.037500
0 0.639583 0.171354 0.037500 0.048958
0 0.378646 0.964063 0.021875 0.044792
0 0.746354 0.352604 0.036458 0.040625
0 0.698438 0.319271 0.036458 0.040625
0 0.233854 0.855729 0.040625 0.051042
0 0.800521 0.455208 0.036458 0.020833
0 0.715625 0.186979 0.043750 0.030208
0 0.518750 0.582292 0.027083 0.041667
0 0.268229 0.119792 0.036458 0.037500
0 0.144271 0.260417 0.046875 0.031250
0 0.570833 0.699479 0.033333 0.053125
0 0.648958 0.488542 0.047917 0.037500
0 0.551042 0.117188 0.045833 0.034375
0 0.317708 0.715625 0.039583 0.041667
0 0.630208 0.182812 0.043750 0.042708
0 0.793750 0.335938 0.029167 0.040625
0 0.618750 0.879167 0.035417 0.043750
0 0.862500 0.351042 0.025000 0.047917
0 0.305729 0.143750 0.021875 0.043750
0 0.289583 0.531250 0.047917 0.033333
0 0.461979 0.335938 0.030208 0.048958
0 0.203125 0.696354 0.025000 0.048958
0 0.334375 0.803125 0.037500 0.035417
0 0.780208 0.741146 0.041667 0.044792
0 0.746354 0.202604 0.055208 0.038542
0 0.938021 0.640625 0.053125 0.037500
0 0.375521 0.969271 0.038542 0.046875
0 0.875521 0.461979 0.048958 0.028125
0 0.901042 0.211979 0.054167 0.040625
0 0.254688 0.363021 0.023958 0.040625
0 0.468229 0.492708 0.042708 0.037500
0 0.719792 0.815104 0.022917 0.038542
0 0.224479 0.544792 0.044792 0.025000
0 0.906250 0.187500 0.045833 0.045833
0 0.968229 0.510938 0.046875 0.034375
0 0.204687 0.671354 0.055208 0.046875
0 0.379688 0.703646 0.036458 0.040625
0 0.672396 0.558333 0.051042 0.029167
0 0.642188 0.847396 0.042708 0.023958
0 0.777083 0.731250 0.045833 0.052083
0 0.652604 0.298438 0.048958 0.046875
0 0.675000 0.900521 0.054167 0.044792
0 0.704688 0.673438 0.032292 0.044792
0 0.409375 0.437500 0.037500 0.047917
0 0.697917 0.332813 0.047917 0.053125
0 0.823438 0.163021 0.051042 0.038542
0 0.950000 0.593750 0.035417 0.043750
0 0.288542 0.221354 0.045833 0.048958
0 0.207813 0.331771 0.042708 0.044792
0 0.147396 0.769271 0.046875 0.048958
0 0.292187 0.726042 0.042708 0.037500
0 0.356771 0.145313 0.034375 0.040625
0 0.657292 0.716146 0.050000 0.053125
0 0.787500 0.864583 0.025000 0.043750
0 0.127083 0.502083 0.035417 0.018750
0 0.076042 0.949479 0.043750 0.030208
0 0.317708 0.263542 0.037500 0.043750
0 0.223438 0.765104 0.032292 0.048958
0 0.371875 0.087500 0.043750 0.025000
0 0.397396 0.270833 0.044792 0.033333
0 0.428646 0.804688 0.053125 0.051042
0 0.725000 0.956250 0.052083 0.045833
0 0.370833 0.843750 0.037500 0.025000
0 0.201563 0.579688 0.055208 0.040625
0 0.479687 0.518750 0.034375 0.039583
0 0.086458 0.238021 0.031250 0.044792
0 0.276042 0.925521 0.043750 0.055208
0 0.531250 0.525000 0.020833 0.035417
0 0.305729 0.752083 0.026042 0.037500
0 0.581250 0.827604 0.050000 0.034375
0 0.483854 0.487500 0.044792 0.037500
0 0.366146 0.792708 0.046875 0.052083
0 0.520312 0.821875 0.032292 0.039583
0 0.481250 0.300521 0.050000 0.040625
0 0.249479 0.738542 0.044792 0.047917
0 0.636979 0.528125 0.042708 0.027083
0 0.327604 0.342187 0.051042 0.053125
0 0.448437 0.864583 0.042708 0.029167
0 0.916667 0.926562 0.041667 0.048958
0 0.790104 0.161979 0.036458 0.040625
0 0.459375 0.561458 0.043750 0.033333
0 0.279167 0.902604 0.050000 0.034375
0 0.952083 0.469271 0.054167 0.048958
0 0.497917 0.081250 0.029167 0.037500
0 0.527083 0.106771 0.027083 0.038542
0 0.527083 0.138021 0.045833 0.038542
0 0.811458 0.837500 0.045833 0.029167
0 0.334896 0.368229 0.048958 0.032292
0 0.273958 0.869792 0.039583 0.022917
0 0.680208 0.148438 0.054167 0.046875
0 0.209896 0.308854 0.053125 0.051042
0 0.440104 0.755208 0.038542 0.052083
0 0.969792 0.308854 0.043750 0.030208
0 0.751042 0.565625 0.033333 0.037500
0 0.644271 0.920312 0.051042 0.038542
0 0.831250 0.904167 0.029167 0.037500
0 0.571875 0.538542 0.045833 0.029167
0 0.282813 0.672917 0.034375 0.043750
0 0.639583 0.445312 0.054167 0.048958
0 0.753125 0.843750 0.052083 0.039583
0 0.486458 0.249479 0.025000 0.046875
0 0.347396 0.168750 0.048958 0.037500
0 0.077083 0.401562 0.043750 0.026042
0 0.895833 0.131250 0.037500 0.031250
0 0.195833 0.715104 0.054167 0.051042
0 0.222396 0.091667 0.046875 0.045833
0 0.846354 0.893750 0.038542 0.052083
0 0.202083 0.179688 0.050000 0.053125
0 0.859375 0.680729 0.045833 0.048958
0 0.868750 0.817708 0.052083 0.047917
0 0.488021 0.579167 0.026042 0.045833
0 0.781771 0.604688 0.051042 0.038542
0 0.881771 0.260937 0.053125 0.032292
0 0.484375 0.157292 0.047917 0.033333
0 0.230729 0.809896 0.034375 0.046875
0 0.778125 0.629687 0.050000 0.053125
0 0.075000 0.719271 0.043750 0.030208
0 0.565625 0.138542 0.018750 0.035417
0 0.710938 0.618750 0.036458 0.043750
0 0.308333 0.120833 0.022917 0.039583
0 0.148438 0.822917 0.040625 0.041667
0 0.815625 0.142708 0.031250 0.037500
0 0.223438 0.890104 0.034375 0.040625
0 0.857812 0.507292 0.038542 0.033333
0 0.889583 0.919792 0.052083 0.033333
0 0.797917 0.228646 0.020833 0.038542
0 0.375000 0.407292 0.035417 0.018750
0 0.283854 0.194271 0.046875 0.023958
0 0.727083 0.885938 0.025000 0.042708
0 0.847396 0.072396 0.019792 0.038542
0 0.363542 0.502604 0.039583 0.036458
0 0.600521 0.465104 0.040625 0.023958
0 0.153646 0.241146 0.051042 0.044792
0 0.723437 0.294271 0.046875 0.028125
0 0.677604 0.486979 0.048958 0.030208
0 0.751042 0.771354 0.039583 0.044792
0 0.590104 0.741667 0.034375 0.043750
0 0.827604 0.931771 0.032292 0.046875
0 0.130208 0.812500 0.050000 0.047917
0 0.179167 0.841146 0.039583 0.044792
0 0.186979 0.326562 0.026042 0.044792
0 0.163542 0.465625 0.033333 0.037500
0 0.836458 0.614062 0.045833 0.048958
0 0.902604 0.557292 0.046875 0.045833
0 0.217188 0.933854 0.034375 0.040625
0 0.228646 0.710417 0.026042 0.037500
0 0.858854 0.147917 0.042708 0.029167
0 0.423438 0.947917 0.044792 0.035417
0 0.189583 0.120313 0.045833 0.038542
0 0.745833 0.872917 0.022917 0.035417
0 0.441146 0.714063 0.040625 0.030208
0 0.289062 0.273438 0.053125 0.051042
0 0.600521 0.233854 0.051042 0.044792
0 0.885417 0.889062 0.025000 0.038542
0 0.350000 0.102604 0.050000 0.034375
0 0.841146 0.093229 0.032292 0.053125
0 0.382292 0.833854 0.033333 0.044792
0 0.339062 0.519271 0.036458 0.040625
0 0.653646 0.241146 0.040625 0.026042
0 0.297396 0.886458 0.034375 0.037500
0 0.090625 0.502083 0.031250 0.041667
0 0.396354 0.368750 0.040625 0.022917
0 0.951562 0.297917 0.036458 0.052083
0 0.713542 0.452604 0.050000 0.036458
0 0.556250 0.380729 0.039583 0.038542
0 0.286979 0.861458 0.023958 0.037500
0 0.290625 0.622917 0.037500 0.047917
0 0.470313 0.560937 0.040625 0.019792
0 0.927604 0.934375 0.034375 0.043750
0 0.573958 0.674479 0.043750 0.028125
0 0.320833 0.915625 0.020833 0.039583
0 0.269271 0.636979 0.040625 0.044792
0 0.764583 0.591146 0.039583 0.038542
0 0.206771 0.225000 0.042708 0.031250
0 0.833333 0.531250 0.041667 0.031250
0 0.220312 0.245312 0.034375 0.040625
0 0.529687 0.328646 0.042708 0.055208
0 0.103646 0.368750 0.042708 0.027083
0 0.405208 0.722396 0.045833 0.038542
0 0.963542 0.559375 0.037500 0.031250
0 0.191146 0.957292 0.030208 0.039583
0 0.281771 0.804688 0.051042 0.040625
0 0.682292 0.804688 0.027083 0.051042
0 0.471875 0.745833 0.027083 0.045833
0 0.849479 0.941146 0.048958 0.032292
0 0.428646 0.621875 0.053125 0.045833
0 0.182292 0.195833 0.041667 0.047917
0 0.489583 0.085938 0.050000 0.044792
0 0.398438 0.770833 0.038542 0.031250
0 0.434375 0.129688 0.054167 0.042708
0 0.119271 0.355729 0.046875 0.036458
0 0.287500 0.717187 0.050000 0.028125
0 0.563021 0.558333 0.036458 0.037500
0 0.935417 0.486979 0.035417 0.053125
0 0.692708 0.713021 0.037500 0.053125
0 0.599479 0.851562 0.040625 0.034375
0 0.687500 0.148438 0.039583 0.038542
0 0.610417 0.831250 0.027083 0.043750
0 0.488542 0.159375 0.050000 0.033333
0 0.502083 0.649479 0.047917 0.028125
0 0.580208 0.163542 0.035417 0.018750
0 0.822917 0.580208 0.041667 0.047917
0 0.444792 0.107813 0.045833 0.048958
0 0.518229 0.486979 0.034375 0.053125
0 0.378125 0.585938 0.054167 0.048958
0 0.820312 0.770312 0.040625 0.019792
0 0.129688 0.413021 0.055208 0.040625
0 0.186458 0.457292 0.029167 0.050000
0 0.873958 0.370833 0.043750 0.033333
0 0.150000 0.854688 0.050000 0.036458
0 0.076563 0.691667 0.046875 0.043750
0 0.220312 0.146875 0.028125 0.045833
0 0.701042 0.506250 0.052083 0.047917
0 0.556250 0.543229 0.047917 0.028125
0 0.707292 0.710417 0.027083 0.043750
0 0.301042 0.417708 0.020833 0.035417
0 0.440104 0.672917 0.036458 0.047917
0 0.068750 0.909896 0.025000 0.044792
0 0.209896 0.595833 0.044792 0.022917
0 0.175521 0.827083 0.053125 0.043750
0 0.953125 0.234896 0.052083 0.030208
0 0.888021 0.245833 0.036458 0.047917
0 0.351562 0.426042 0.038542 0.052083
0 0.470313 0.504167 0.042708 0.027083
0 0.596354 0.850000 0.051042 0.047917
0 0.582292 0.733333 0.029167 0.050000
0 0.858333 0.459375 0.050000 0.031250
0 0.641146 0.698958 0.044792 0.025000
0 0.484375 0.743229 0.052083 0.034375
0 0.472396 0.673438 0.044792 0.042708
0 0.085938 0.695312 0.030208 0.044792
0 0.316667 0.776563 0.045833 0.034375
0 0.732812 0.791667 0.044792 0.025000
0 0.504167 0.456250 0.020833 0.035417
0 0.327083 0.336979 0.022917 0.044792
0 0.608854 0.585938 0.046875 0.034375
0 0.809375 0.373437 0.037500 0.044792
0 0.857812 0.099479 0.055208 0.048958
0 0.951562 0.263542 0.036458 0.020833
0 0.453646 0.894271 0.044792 0.028125
0 0.734375 0.117708 0.037500 0.035417
0 0.196875 0.149479 0.050000 0.034375
0 0.756771 0.346875 0.023958 0.041667
0 0.921354 0.235417 0.036458 0.018750
0 0.541146 0.746875 0.044792 0.045833
0 0.906250 0.916146 0.033333 0.040625
0 0.791146 0.846875 0.028125 0.039583
0 0.669271 0.404167 0.038542 0.025000
0 0.453646 0.349479 0.044792 0.026042
0 0.283333 0.466667 0.039583 0.052083
0 0.460417 0.738021 0.050000 0.040625
0 0.486458 0.511979 0.045833 0.048958
0 0.930729 0.473438 0.040625 0.028125
0 0.644271 0.625000 0.053125 0.047917
0 0.492708 0.507292 0.047917 0.041667
0 0.300000 0.310417 0.045833 0.031250
0 0.903125 0.304167 0.037500 0.035417
0 0.598958 0.730208 0.052083 0.043750
0 0.602083 0.919271 0.027083 0.042708
0 0.919792 0.492188 0.045833 0.048958
0 0.239063 0.798438 0.040625 0.036458
0 0.370312 0.384896 0.046875 0.048958
0 0.488021 0.895312 0.030208 0.051042
0 0.089583 0.880729 0.039583 0.036458
0 0.919792 0.166667 0.035417 0.020833
0 0.623437 0.316667 0.021875 0.043750
0 0.472917 0.197396 0.054167 0.036458
0 0.879167 0.170313 0.035417 0.053125
0 0.273958 0.590104 0.037500 0.021875
0 0.616146 0.886979 0.051042 0.026042
0 0.135937 0.104688 0.040625 0.044792
0 0.932292 0.816667 0.027083 0.037500
0 0.193229 0.223438 0.036458 0.046875
0 0.896354 0.343229 0.040625 0.036458
0 0.645312 0.284896 0.036458 0.051042
0 0.943750 0.576562 0.050000 0.040625
0 0.569271 0.293229 0.030208 0.040625
0 0.109375 0.726562 0.039583 0.038542
0 0.587500 0.851042 0.039583 0.041667
0 0.439063 0.658854 0.036458 0.040625
0 0.224479 0.743750 0.026042 0.047917
0 0.774479 0.122396 0.044792 0.040625
0 0.671354 0.147396 0.055208 0.036458
0 0.948958 0.702083 0.041667 0.031250
0 0.243229 0.899479 0.040625 0.023958
0 0.485938 0.632812 0.051042 0.036458
0 0.102604 0.373958 0.048958 0.039583
0 0.319792 0.328646 0.027083 0.040625
0 0.713542 0.113021 0.041667 0.044792
0 0.120833 0.166146 0.029167 0.051042
0 0.407813 0.112500 0.040625 0.022917
0 0.506250 0.843750 0.025000 0.043750
0 0.108854 0.139583 0.044792 0.037500
0 0.421875 0.128646 0.054167 0.038542
0 0.448437 0.579167 0.019792 0.035417
0 0.595833 0.251563 0.031250 0.053125
0 0.678125 0.888021 0.039583 0.036458
0 0.897917 0.156250 0.041667 0.020833
0 0.528125 0.314063 0.029167 0.051042
0 0.269271 0.675000 0.030208 0.050000
0 0.270313 0.883333 0.042708 0.031250
0 0.192188 0.444271 0.040625 0.038542
0 0.520312 0.860417 0.048958 0.035417
0 0.751042 0.438021 0.037500 0.040625
0 0.558333 0.602083 0.029167 0.037500
0 0.218229 0.140625 0.036458 0.047917
0 0.743750 0.375000 0.041667 0.031250
0 0.131771 0.414062 0.055208 0.046875
0 0.386458 0.290625 0.041667 0.039583
0 0.183854 0.276042 0.030208 0.047917
0 0.921354 0.688021 0.051042 0.042708
0 0.091667 0.840625 0.035417 0.035417
0 0.527083 0.877604 0.037500 0.044792
0 0.553646 0.663542 0.017708 0.035417
0 0.284896 0.897917 0.048958 0.037500
0 0.177604 0.229167 0.034375 0.047917
0 0.418750 0.893750 0.043750 0.045833
0 0.622396 0.521354 0.042708 0.051042
0 0.773958 0.478125 0.037500 0.018750
0 0.758854 0.508333 0.042708 0.033333
0 0.230729 0.503125 0.046875 0.033333
0 0.939063 0.330729 0.030208 0.040625
0 0.539583 0.778125 0.052083 0.045833
0 0.863021 0.753646 0.040625 0.028125
0 0.184375 0.269792 0.039583 0.041667
0 0.221875 0.909375 0.047917 0.052083
0 0.368229 0.541667 0.048958 0.039583
0 0.491146 0.730208 0.038542 0.047917
0 0.703125 0.826042 0.037500 0.022917
0 0.219792 0.373437 0.035417 0.048958
0 0.879167 0.391667 0.050000 0.050000
0 0.335938 0.184896 0.034375 0.046875
0 0.896875 0.411458 0.041667 0.041667
0 0.365104 0.533333 0.042708 0.039583
0 0.276562 0.721354 0.019792 0.038542
0 0.486458 0.720313 0.039583 0.048958
0 0.656771 0.253125 0.036458 0.047917
0 0.267708 0.918750 0.043750 0.045833
0 0.194271 0.172396 0.048958 0.034375
0 0.761458 0.119271 0.039583 0.036458
0 0.156771 0.487500 0.042708 0.029167
0 0.269271 0.087500 0.036458 0.020833
0 0.825521 0.600000 0.053125 0.039583
0 0.761458 0.861979 0.027083 0.042708
0 0.540625 0.186979 0.037500 0.038542
0 0.247917 0.567708 0.041667 0.031250
0 0.477083 0.368750 0.031250 0.045833
0 0.428646 0.571354 0.048958 0.055208
0 0.375000 0.228125 0.047917 0.052083
0 0.297917 0.529167 0.047917 0.050000
0 0.315104 0.073438 0.053125 0.034375
0 0.679167 0.195312 0.039583 0.028125
0 0.158854 0.619271 0.023958 0.040625
0 0.699479 0.526042 0.038542 0.043750
0 0.400000 0.500521 0.054167 0.048958
0 0.635938 0.570312 0.030208 0.048958
0 0.425000 0.201563 0.020833 0.042708
0 0.335938 0.855729 0.046875 0.038542
0 0.278125 0.784896 0.047917 0.046875
0 0.801562 0.342187 0.055208 0.036458
0 0.483333 0.762500 0.041667 0.047917
0 0.165104 0.632812 0.026042 0.046875
0 0.560937 0.188542 0.053125 0.045833
0 0.828125 0.323958 0.037500 0.029167
0 0.458333 0.558854 0.037500 0.044792
0 0.484896 0.943750 0.040625 0.054167
0 0.376042 0.301563 0.050000 0.034375
0 0.246875 0.496354 0.037500 0.038542
0 0.139583 0.394792 0.050000 0.050000
0 0.313021 0.184375 0.044792 0.045833
0 0.532813 0.351562 0.051042 0.053125
0 0.416667 0.770312 0.037500 0.048958
0 0.908854 0.259896 0.042708 0.044792
0 0.411458 0.425000 0.035417 0.037500
0 0.793750 0.943229 0.047917 0.044792
0 0.100521 0.149479 0.055208 0.040625
0 0.914062 0.888021 0.040625 0.055208
0 0.157292 0.797917 0.047917 0.035417
0 0.536458 0.582292 0.037500 0.041667
0 0.733854 0.483333 0.042708 0.039583
0 0.744271 0.577083 0.051042 0.050000
0 0.830729 0.093229 0.046875 0.038542
0 0.597396 0.944271 0.032292 0.040625
0 0.891667 0.457292 0.029167 0.041667
0 0.953646 0.303646 0.036458 0.046875
0 0.742708 0.396354 0.025000 0.042708
0 0.934375 0.208333 0.037500 0.029167
0 0.540104 0.139063 0.051042 0.036458
0 0.266146 0.357812 0.038542 0.040625
0 0.267188 0.250521 0.051042 0.040625
0 0.308854 0.093750 0.038542 0.022917
0 0.902604 0.185417 0.038542 0.037500
0 0.600521 0.077604 0.044792 0.042708
0 0.820312 0.510938 0.040625 0.026042
0 0.871354 0.116667 0.048958 0.033333
0 0.104167 0.516146 0.050000 0.040625
0 0.363542 0.605729 0.035417 0.044792
0 0.855729 0.777083 0.042708 0.039583
0 0.630208 0.625521 0.050000 0.044792
0 0.470833 0.566667 0.037500 0.031250
0 0.215104 0.386458 0.048958 0.037500
0 0.418750 0.072917 0.035417 0.037500
0 0.258333 0.313021 0.045833 0.036458
0 0.583854 0.582812 0.028125 0.046875
0 0.370833 0.285417 0.043750 0.025000
0 0.576562 0.500521 0.044792 0.051042
0 0.731771 0.588021 0.023958 0.040625
0 0.224479 0.291146 0.051042 0.053125
0 0.657292 0.789062 0.037500 0.021875
0 0.842187 0.558333 0.048958 0.027083
0 0.258854 0.207813 0.044792 0.042708
0 0.235417 0.617708 0.050000 0.031250
0 0.155208 0.339062 0.039583 0.023958
0 0.665104 0.550521 0.026042 0.040625
0 0.938021 0.140104 0.044792 0.032292
0 0.463542 0.664583 0.041667 0.039583
0 0.128125 0.691667 0.045833 0.029167
0 0.205729 0.641667 0.028125 0.041667
0 0.609375 0.798438 0.037500 0.044792
0 0.295312 0.719792 0.046875 0.027083
0 0.815104 0.860417 0.053125 0.039583
0 0.874479 0.200000 0.021875 0.037500
0 0.211979 0.656250 0.017708 0.035417
0 0.765104 0.494792 0.021875 0.043750
0 0.139063 0.087500 0.030208 0.039583
0 0.519792 0.889583 0.025000 0.043750
0 0.198437 0.505208 0.040625 0.041667
0 0.745313 0.643750 0.042708 0.047917
0 0.349479 0.400521 0.051042 0.044792
0 0.125521 0.376563 0.038542 0.040625
0 0.161458 0.180729 0.037500 0.048958
0 0.411979 0.726562 0.055208 0.038542
0 0.709896 0.100000 0.048958 0.052083
0 0.907813 0.462500 0.044792 0.054167
0 0.850000 0.372917 0.035417 0.037500
0 0.410938 0.345313 0.055208 0.046875
0 0.665625 0.278646 0.039583 0.048958
0 0.195312 0.748958 0.042708 0.027083
0 0.103646 0.715625 0.053125 0.037500
0 0.156771 0.327604 0.038542 0.046875
0 0.385937 0.134896 0.034375 0.053125
0 0.122396 0.638542 0.053125 0.043750
0 0.939063 0.579688 0.044792 0.040625
0 0.914583 0.719271 0.050000 0.036458
0 0.926042 0.220312 0.037500 0.019792
0 0.691667 0.732292 0.052083 0.043750
0 0.903646 0.154167 0.036458 0.047917
0 0.727604 0.263021 0.038542 0.038542
0 0.303646 0.468750 0.042708 0.029167
0 0.448958 0.943229 0.052083 0.034375
0 0.846875 0.642188 0.027083 0.048958
0 0.719271 0.950000 0.053125 0.041667
0 0.107292 0.757812 0.052083 0.051042
0 0.508333 0.100521 0.043750 0.048958
0 0.189583 0.454167 0.039583 0.041667
0 0.810937 0.553125 0.048958 0.041667
0 0.273958 0.262500 0.043750 0.045833
0 0.531250 0.185938 0.050000 0.038542
0 0.925000 0.649479 0.025000 0.038542
0 0.521354 0.636458 0.028125 0.050000
0 0.951562 0.748437 0.028125 0.040625
0 0.935937 0.367708 0.044792 0.022917
0 0.279687 0.860938 0.040625 0.034375
0 0.276042 0.543229 0.045833 0.036458
0 0.888021 0.365104 0.036458 0.055208
0 0.826562 0.348438 0.030208 0.051042
0 0.349479 0.087500 0.038542 0.027083
0 0.692187 0.357292 0.028125 0.045833
0 0.261979 0.402083 0.038542 0.035417
0 0.109375 0.578646 0.035417 0.053125
0 0.433854 0.804167 0.028125 0.045833
0 0.167708 0.866667 0.052083 0.043750
0 0.847396 0.463021 0.055208 0.044792
0 0.391146 0.226562 0.040625 0.051042
0 0.742188 0.796875 0.030208 0.039583
0 0.769792 0.206250 0.035417 0.047917
0 0.728646 0.164062 0.038542 0.021875
0 0.913542 0.656250 0.041667 0.039583
0 0.300521 0.691146 0.046875 0.038542
0 0.170833 0.261979 0.054167 0.048958
0 0.685417 0.442708 0.045833 0.045833
0 0.520833 0.590104 0.041667 0.042708
0 0.845833 0.573438 0.039583 0.036458
0 0.213021 0.729688 0.019792 0.040625
0 0.253125 0.432812 0.054167 0.044792
0 0.805208 0.606250 0.041667 0.031250
0 0.935417 0.150000 0.025000 0.041667
0 0.200521 0.384375 0.048958 0.041667
0 0.733333 0.678125 0.045833 0.043750
0 0.623437 0.916146 0.053125 0.030208
0 0.389062 0.744792 0.048958 0.039583
0 0.600521 0.434896 0.051042 0.038542
0 0.640104 0.122917 0.053125 0.041667
0 0.461458 0.725000 0.043750 0.033333
0 0.758333 0.380729 0.043750 0.042708
0 0.239583 0.883333 0.052083 0.037500
0 0.356771 0.077604 0.028125 0.048958
0 0.426563 0.625000 0.048958 0.041667
0 0.957812 0.098437 0.053125 0.053125
0 0.621875 0.787500 0.037500 0.027083
0 0.418229 0.527083 0.032292 0.043750
0 0.656771 0.525000 0.038542 0.035417
0 0.644792 0.869271 0.037500 0.053125
0 0.902083 0.191667 0.025000 0.047917
0 0.367708 0.080729 0.033333 0.040625
0 0.222917 0.091146 0.054167 0.042708
0 0.565625 0.358854 0.041667 0.023958
0 0.562500 0.367708 0.037500 0.033333
0 0.532292 0.244792 0.025000 0.037500
0 0.393229 0.287500 0.030208 0.050000
0 0.624479 0.111458 0.028125 0.045833
0 0.127604 0.861979 0.038542 0.040625
0 0.358333 0.093750 0.043750 0.035417
0 0.164583 0.750521 0.054167 0.036458
0 0.717187 0.157292 0.048958 0.052083
0 0.900000 0.349479 0.039583 0.030208
0 0.249479 0.528125 0.036458 0.047917
0 0.688021 0.559375 0.021875 0.037500
0 0.506250 0.769271 0.043750 0.040625
0 0.414583 0.256771 0.043750 0.028125
0 0.099479 0.391667 0.028125 0.043750
0 0.565625 0.828125 0.052083 0.039583
0 0.162500 0.489063 0.039583 0.028125