0 0.526042 0.860417 0.043750 0.052083
0 0.308854 0.769271 0.038542 0.040625
0 0.321875 0.328646 0.045833 0.034375
0 0.132292 0.707812 0.045833 0.032292
0 0.104688 0.722396 0.055208 0.046875
0 0.900000 0.361458 0.020833 0.039583
0 0.661458 0.285938 0.050000 0.034375
0 0.740625 0.286458 0.035417 0.043750
0 0.767188 0.294792 0.034375 0.037500
0 0.098437 0.818750 0.051042 0.050000
0 0.159375 0.400000 0.039583 0.022917
0 0.508333 0.361979 0.033333 0.040625
0 0.201563 0.331771 0.051042 0.044792
0 0.867188 0.839583 0.023958 0.041667
0 0.883854 0.096354 0.040625 0.032292
0 0.086458 0.919792 0.039583 0.052083
0 0.325000 0.818229 0.045833 0.048958
0 0.758333 0.353125 0.033333 0.050000
0 0.448437 0.416146 0.046875 0.055208
0 0.066146 0.635417 0.023958 0.041667
0 0.262500 0.187500 0.025000 0.043750
0 0.295833 0.846875 0.039583 0.022917
0 0.289583 0.354687 0.045833 0.038542
0 0.854688 0.510417 0.036458 0.022917
0 0.638021 0.934375 0.028125 0.039583
0 0.414062 0.380729 0.055208 0.038542
0 0.948958 0.155208 0.050000 0.047917
0 0.462500 0.954167 0.037500 0.035417
0 0.776563 0.233854 0.051042 0.044792
0 0.616146 0.895312 0.053125 0.032292
0 0.539062 0.419271 0.048958 0.055208
0 0.309375 0.737500 0.045833 0.031250
0 0.101562 0.955729 0.040625 0.028125
0 0.860938 0.756771 0.038542 0.038542
0 0.252604 0.765625 0.019792 0.035417
0 0.931250 0.861458 0.039583 0.041667
0 0.842708 0.079687 0.033333 0.048958
0 0.428646 0.457813 0.036458 0.055208
0 0.726562 0.310937 0.048958 0.034375
0 0.161458 0.738542 0.047917 0.050000
0 0.196354 0.116146 0.048958 0.046875
0 0.941667 0.631771 0.054167 0.038542
0 0.347917 0.790625 0.033333 0.043750
0 0.769271 0.119271 0.040625 0.051042
0 0.748437 0.826562 0.040625 0.036458
0 0.891667 0.681771 0.043750 0.030208
0 0.651042 0.655208 0.037500 0.031250
0 0.900000 0.714063 0.054167 0.046875
0 0.791146 0.425521 0.046875 0.028125
0 0.247917 0.290104 0.041667 0.021875
0 0.872917 0.707292 0.022917 0.043750
0 0.275521 0.427604 0.040625 0.044792
0 0.632812 0.243229 0.040625 0.028125
0 0.926042 0.342708 0.025000 0.043750
0 0.940104 0.917708 0.038542 0.043750
0 0.403125 0.263021 0.041667 0.023958
0 0.191667 0.890625 0.041667 0.029167
0 0.844271 0.365625 0.040625 0.041667
0 0.232292 0.588542 0.020833 0.035417
0 0.299479 0.119271 0.046875 0.023958
0 0.461458 0.955729 0.033333 0.044792
0 0.730729 0.933854 0.046875 0.055208
0 0.390625 0.707812 0.039583 0.036458
0 0.573958 0.782813 0.050000 0.034375
0 0.211458 0.288542 0.037500 0.025000
0 0.509375 0.192188 0.039583 0.023958
0 0.530729 0.110417 0.040625 0.025000
0 0.634896 0.335938 0.048958 0.055208
0 0.926562 0.369271 0.055208 0.040625
0 0.598437 0.098437 0.044792 0.051042
0 0.565104 0.612500 0.036458 0.037500
0 0.400521 0.680729 0.048958 0.046875
0 0.276042 0.510417 0.041667 0.025000
0 0.815104 0.479167 0.046875 0.031250
0 0.270313 0.845833 0.053125 0.047917
0 0.867188 0.805208 0.053125 0.041667
0 0.109896 0.804688 0.026042 0.040625
0 0.156250 0.359896 0.052083 0.030208
0 0.085417 0.768229 0.035417 0.040625
0 0.463021 0.675000 0.046875 0.029167
0 0.420833 0.889062 0.027083 0.046875
0 0.338021 0.176042 0.021875 0.043750
0 0.732292 0.115104 0.039583 0.028125
0 0.750000 0.528125 0.041667 0.027083
0 0.346875 0.654167 0.052083 0.045833
0 0.540625 0.321354 0.039583 0.034375
0 0.306250 0.245833 0.018750 0.035417
0 0.853125 0.853646 0.045833 0.026042
0 0.381250 0.343750 0.043750 0.045833
0 0.705729 0.125521 0.044792 0.028125
0 0.302604 0.770312 0.046875 0.038542
0 0.364063 0.377604 0.042708 0.044792
0 0.869792 0.392188 0.033333 0.044792
0 0.328125 0.483854 0.041667 0.042708
0 0.586458 0.430729 0.052083 0.053125
0 0.350000 0.683854 0.039583 0.026042
0 0.386458 0.769271 0.045833 0.048958
0 0.231771 0.114583 0.034375 0.043750
0 0.613542 0.512500 0.050000 0.033333
0 0.073958 0.065104 0.041667 0.021875
0 0.623958 0.377604 0.035417 0.044792
0 0.809375 0.435937 0.054167 0.044792
0 0.555208 0.327083 0.029167 0.045833
0 0.708854 0.380208 0.046875 0.029167
0 0.222396 0.927083 0.042708 0.039583
0 0.326042 0.354687 0.054167 0.044792
0 0.171354 0.642708 0.030208 0.047917
0 0.142708 0.790104 0.043750 0.032292
0 0.757292 0.681250 0.037500 0.033333
0 0.551562 0.883333 0.038542 0.043750
0 0.136458 0.215625 0.052083 0.047917
0 0.653646 0.147917 0.036458 0.037500
0 0.324479 0.658333 0.044792 0.027083
0 0.728646 0.801562 0.044792 0.055208
0 0.298958 0.340104 0.035417 0.048958
0 0.376563 0.160938 0.026042 0.044792
0 0.129167 0.517188 0.045833 0.034375
0 0.550521 0.361458 0.042708 0.025000
0 0.854167 0.348438 0.050000 0.042708
0 0.112500 0.410417 0.033333 0.047917
0 0.855729 0.813021 0.046875 0.048958
0 0.785937 0.091146 0.038542 0.055208
0 0.509375 0.090104 0.027083 0.048958
0 0.799479 0.170313 0.034375 0.040625
0 0.324479 0.858333 0.048958 0.039583
0 0.296354 0.164062 0.053125 0.030208
0 0.954688 0.564063 0.044792 0.051042
0 0.394271 0.621354 0.040625 0.046875
0 0.861458 0.353125 0.037500 0.029167
0 0.260417 0.963021 0.039583 0.055208
0 0.834896 0.668750 0.048958 0.027083
0 0.555208 0.720833 0.050000 0.047917
0 0.284896 0.590104 0.051042 0.055208
0 0.741667 0.683333 0.052083 0.041667
0 0.641667 0.454167 0.029167 0.045833
0 0.725000 0.344271 0.041667 0.044792
0 0.120833 0.099479 0.033333 0.053125
0 0.628125 0.506250 0.050000 0.047917
0 0.916146 0.759896 0.038542 0.040625
0 0.692708 0.965625 0.018750 0.035417
0 0.085938 0.460417 0.034375 0.043750
0 0.093750 0.863021 0.027083 0.046875
0 0.134896 0.341667 0.042708 0.047917
0 0.413021 0.352083 0.038542 0.052083
0 0.873958 0.414583 0.039583 0.047917
0 0.163542 0.588542 0.043750 0.022917
0 0.332292 0.711458 0.041667 0.047917
0 0.520833 0.288542 0.033333 0.050000
0 0.384375 0.183333 0.050000 0.029167
0 0.471354 0.448958 0.044792 0.025000
0 0.373437 0.966667 0.042708 0.039583
0 0.503125 0.621354 0.039583 0.034375
0 0.817708 0.484896 0.039583 0.028125
0 0.109375 0.228125 0.035417 0.020833
0 0.490625 0.067708 0.037500 0.031250
0 0.420312 0.231771 0.055208 0.044792
0 0.513021 0.871354 0.053125 0.053125
0 0.293750 0.724479 0.025000 0.044792
0 0.123438 0.424479 0.040625 0.034375
0 0.249479 0.894792 0.036458 0.052083
0 0.596875 0.107813 0.043750 0.021875
0 0.292187 0.563542 0.021875 0.037500
0 0.272917 0.821354 0.054167 0.036458
0 0.219271 0.376042 0.044792 0.047917
0 0.850000 0.182812 0.047917 0.032292
0 0.251563 0.223438 0.055208 0.048958
0 0.568229 0.927083 0.048958 0.041667
0 0.741146 0.836458 0.044792 0.045833
0 0.112500 0.389583 0.039583 0.052083
0 0.384375 0.543229 0.045833 0.034375
0 0.775000 0.231771 0.039583 0.048958
0 0.804688 0.542188 0.051042 0.038542
0 0.767188 0.804167 0.046875 0.043750
0 0.263542 0.346354 0.050000 0.034375
0 0.640104 0.326562 0.040625 0.026042
0 0.686458 0.518229 0.039583 0.044792
0 0.863021 0.919792 0.040625 0.020833
0 0.179167 0.773958 0.035417 0.035417
0 0.440625 0.752083 0.022917 0.043750
0 0.601042 0.184896 0.027083 0.046875
0 0.299479 0.498958 0.053125 0.037500
0 0.214583 0.594271 0.039583 0.044792
0 0.097917 0.717708 0.043750 0.035417
0 0.466146 0.289583 0.048958 0.052083
0 0.550521 0.535417 0.038542 0.035417
0 0.233854 0.610938 0.038542 0.019792
0 0.707292 0.552604 0.043750 0.028125
0 0.465104 0.886458 0.042708 0.031250
0 0.495833 0.704688 0.054167 0.046875
0 0.470313 0.620833 0.038542 0.035417
0 0.307812 0.231771 0.038542 0.046875
0 0.894271 0.288021 0.026042 0.046875
0 0.260417 0.812500 0.033333 0.037500
0 0.707292 0.381771 0.043750 0.055208
0 0.371354 0.618229 0.042708 0.044792
0 0.691667 0.457813 0.041667 0.048958
0 0.948958 0.439583 0.029167 0.045833
0 0.750000 0.849479 0.035417 0.040625
0 0.082292 0.572396 0.039583 0.023958
0 0.198958 0.418750 0.035417 0.035417
0 0.541146 0.606250 0.038542 0.029167
0 0.961979 0.509896 0.040625 0.036458
0 0.367708 0.944271 0.052083 0.051042
0 0.158854 0.372396 0.026042 0.046875
0 0.891667 0.193229 0.045833 0.048958
0 0.783333 0.835938 0.043750 0.040625
0 0.767188 0.368229 0.038542 0.019792
0 0.308854 0.336979 0.023958 0.040625
0 0.561979 0.440104 0.032292 0.048958
0 0.441146 0.252083 0.038542 0.035417
0 0.629687 0.692187 0.055208 0.036458
0 0.847396 0.540104 0.030208 0.040625
0 0.423958 0.940104 0.047917 0.053125
0 0.571875 0.221875 0.037500 0.033333
0 0.956771 0.170833 0.046875 0.043750
0 0.670312 0.480208 0.038542 0.025000
0 0.708854 0.124479 0.040625 0.036458
0 0.762500 0.879167 0.041667 0.047917
0 0.940625 0.431250 0.022917 0.037500
0 0.732812 0.146875 0.042708 0.027083
0 0.253646 0.736979 0.042708 0.044792
0 0.259375 0.722396 0.039583 0.034375
0 0.149479 0.380208 0.040625 0.041667
0 0.303125 0.372396 0.043750 0.040625
0 0.085938 0.453646 0.036458 0.055208
0 0.176042 0.783854 0.039583 0.038542
0 0.454167 0.577604 0.022917 0.046875
0 0.892708 0.419271 0.037500 0.021875
0 0.469271 0.690104 0.040625 0.036458
0 0.447396 0.544792 0.023958 0.041667
0 0.697396 0.630729 0.042708 0.044792
0 0.746875 0.505729 0.043750 0.048958
0 0.875521 0.793229 0.028125 0.051042
0 0.256771 0.858854 0.021875 0.038542
0 0.290625 0.470313 0.052083 0.051042
0 0.269792 0.888542 0.039583 0.041667
0 0.368750 0.146354 0.020833 0.038542
0 0.123438 0.612500 0.038542 0.037500
0 0.440625 0.660937 0.054167 0.046875
0 0.801042 0.399479 0.045833 0.038542
0 0.366146 0.250000 0.048958 0.041667
0 0.852604 0.653125 0.048958 0.025000
0 0.348958 0.308333 0.037500 0.033333
0 0.293750 0.075000 0.043750 0.035417
0 0.796354 0.295833 0.036458 0.018750
0 0.895833 0.782292 0.037500 0.029167
0 0.704167 0.174479 0.043750 0.048958
0 0.788542 0.658333 0.035417 0.020833
0 0.855208 0.597396 0.050000 0.042708
0 0.482292 0.559375 0.029167 0.050000
0 0.487500 0.379688 0.039583 0.038542
0 0.402083 0.670312 0.031250 0.044792
0 0.567708 0.144271 0.043750 0.040625
0 0.117708 0.502604 0.045833 0.026042
0 0.498437 0.887500 0.038542 0.025000
0 0.475521 0.451042 0.036458 0.020833
0 0.461979 0.451562 0.034375 0.040625
0 0.598958 0.629687 0.039583 0.038542
0 0.909896 0.073438 0.051042 0.042708
0 0.122396 0.712500 0.048958 0.039583
0 0.767708 0.782292 0.045833 0.043750
0 0.409896 0.342708 0.032292 0.047917
0 0.259375 0.901042 0.045833 0.052083
0 0.065625 0.185417 0.027083 0.037500
0 0.212500 0.736458 0.031250 0.045833
0 0.170313 0.471354 0.030208 0.048958
0 0.157292 0.401562 0.047917 0.046875
0 0.105208 0.663021 0.041667 0.048958
0 0.405729 0.906250 0.030208 0.039583
0 0.779687 0.187500 0.030208 0.039583
0 0.094271 0.390625 0.053125 0.035417
0 0.126562 0.192188 0.046875 0.028125
0 0.550000 0.402083 0.029167 0.037500
0 0.960938 0.568229 0.042708 0.051042
0 0.891667 0.914583 0.027083 0.047917
0 0.213542 0.491146 0.025000 0.038542
0 0.952083 0.385417 0.035417 0.022917
0 0.644792 0.078125 0.047917 0.027083
0 0.319792 0.332813 0.045833 0.038542
0 0.383854 0.665625 0.046875 0.031250
0 0.812500 0.559896 0.031250 0.044792
0 0.679167 0.548958 0.047917 0.041667
0 0.948958 0.174479 0.045833 0.034375
0 0.457813 0.671354 0.038542 0.040625
0 0.864583 0.483333 0.045833 0.029167
0 0.108854 0.154167 0.036458 0.018750
0 0.683854 0.890104 0.040625 0.038542
0 0.578646 0.222396 0.040625 0.036458
0 0.754687 0.697917 0.048958 0.025000
0 0.700521 0.200521 0.044792 0.042708
0 0.957292 0.309375 0.018750 0.035417
0 0.438021 0.647396 0.055208 0.040625
0 0.743229 0.492708 0.034375 0.052083
0 0.921875 0.360938 0.035417 0.040625
0 0.618750 0.435417 0.031250 0.045833
0 0.251563 0.178646 0.032292 0.046875
0 0.436979 0.247396 0.051042 0.053125
0 0.476042 0.138542 0.041667 0.029167
0 0.686458 0.495833 0.037500 0.031250
0 0.498437 0.506771 0.044792 0.042708
0 0.440625 0.781250 0.035417 0.047917
0 0.401562 0.728646 0.048958 0.030208
0 0.451562 0.463021 0.034375 0.051042
0 0.432812 0.923438 0.040625 0.046875
0 0.111979 0.542188 0.038542 0.040625
0 0.539583 0.453646 0.022917 0.040625
0 0.681771 0.953125 0.038542 0.035417
0 0.550521 0.122917 0.038542 0.029167
0 0.348958 0.781771 0.054167 0.040625