0 0.866146 0.536458 0.046875 0.052083
0 0.943229 0.422917 0.032292 0.039583
0 0.104688 0.093750 0.051042 0.050000
0 0.874479 0.216146 0.038542 0.021875
0 0.654167 0.287500 0.052083 0.041667
0 0.834375 0.857292 0.018750 0.035417
0 0.940104 0.275000 0.053125 0.045833
0 0.522917 0.585938 0.039583 0.026042
0 0.195312 0.078646 0.055208 0.048958
0 0.830208 0.719792 0.043750 0.025000
0 0.261458 0.556250 0.037500 0.022917
0 0.259375 0.718750 0.037500 0.029167
0 0.507292 0.561458 0.035417 0.018750
0 0.813021 0.639583 0.053125 0.039583
0 0.787500 0.266146 0.043750 0.055208
0 0.314583 0.398438 0.039583 0.036458
0 0.418750 0.256250 0.035417 0.020833
0 0.757292 0.417187 0.039583 0.038542
0 0.255208 0.931250 0.052083 0.045833
0 0.130729 0.653125 0.036458 0.043750
0 0.817187 0.731250 0.042708 0.041667
0 0.435417 0.836979 0.045833 0.038542
0 0.795833 0.683333 0.025000 0.041667
0 0.114062 0.398438 0.051042 0.036458
0 0.432292 0.488542 0.045833 0.029167
0 0.545312 0.717708 0.036458 0.020833
0 0.655729 0.935937 0.048958 0.030208
0 0.838021 0.676042 0.032292 0.039583
0 0.643229 0.969271 0.038542 0.051042
0 0.095312 0.661458 0.048958 0.037500
0 0.229687 0.689583 0.038542 0.033333
0 0.159896 0.436458 0.048958 0.035417
0 0.454167 0.934896 0.041667 0.044792
0 0.594792 0.658854 0.031250 0.044792
0 0.350000 0.805208 0.043750 0.033333
0 0.546875 0.524479 0.043750 0.055208
0 0.496354 0.753125 0.048958 0.037500
0 0.477083 0.889062 0.045833 0.028125
0 0.374479 0.663021 0.046875 0.055208
0 0.540625 0.762500 0.052083 0.045833
0 0.586458 0.925000 0.043750 0.033333
0 0.156771 0.451562 0.032292 0.048958
0 0.196875 0.818229 0.054167 0.044792
0 0.352083 0.565104 0.022917 0.040625
0 0.110937 0.209896 0.048958 0.046875
0 0.710938 0.272917 0.038542 0.033333
0 0.905208 0.805729 0.050000 0.026042
0 0.175521 0.270833 0.038542 0.037500
0 0.727083 0.895833 0.041667 0.025000
0 0.142708 0.209896 0.033333 0.044792
0 0.495833 0.112500 0.043750 0.045833
0 0.570833 0.598958 0.045833 0.043750
0 0.784375 0.817187 0.035417 0.053125
0 0.561458 0.222917 0.045833 0.052083
0 0.185417 0.141667 0.037500 0.035417
0 0.812500 0.640104 0.045833 0.055208
0 0.187500 0.357812 0.054167 0.042708
0 0.163021 0.146354 0.048958 0.046875
0 0.932813 0.440625 0.042708 0.037500
0 0.176042 0.874479 0.054167 0.046875
0 0.320312 0.331771 0.051042 0.030208
0 0.834375 0.106771 0.039583 0.023958
0 0.583333 0.548958 0.043750 0.052083
0 0.397917 0.113021 0.045833 0.048958
0 0.291146 0.721354 0.042708 0.021875
0 0.508333 0.690104 0.039583 0.019792
0 0.593750 0.714583 0.037500 0.031250
0 0.299479 0.261458 0.034375 0.039583
0 0.295833 0.246875 0.031250 0.037500
0 0.257292 0.855729 0.050000 0.042708
0 0.954167 0.552604 0.054167 0.036458
0 0.701562 0.284375 0.030208 0.047917
0 0.314063 0.084896 0.023958 0.042708
0 0.106771 0.522917 0.038542 0.047917
0 0.240625 0.705729 0.041667 0.044792
0 0.857812 0.206250 0.032292 0.052083
0 0.115104 0.631771 0.038542 0.040625
0 0.415104 0.864062 0.044792 0.040625
0 0.546875 0.812500 0.052083 0.043750
0 0.914583 0.565104 0.029167 0.044792
0 0.209896 0.820833 0.038542 0.025000
0 0.432812 0.161979 0.053125 0.034375
0 0.180729 0.762500 0.044792 0.047917
0 0.392188 0.765625 0.023958 0.041667
0 0.575521 0.613021 0.023958 0.042708
0 0.641146 0.243750 0.032292 0.043750
0 0.443229 0.567187 0.048958 0.044792
0 0.946875 0.785417 0.037500 0.035417
0 0.463542 0.641146 0.031250 0.040625
0 0.558854 0.291146 0.042708 0.044792
0 0.647917 0.284896 0.039583 0.019792
0 0.134896 0.650521 0.048958 0.034375
0 0.327604 0.299479 0.040625 0.019792
0 0.387500 0.410938 0.054167 0.046875
0 0.261979 0.644271 0.040625 0.026042
0 0.085938 0.500521 0.023958 0.040625
0 0.616667 0.834375 0.041667 0.039583
0 0.082812 0.806771 0.032292 0.048958
0 0.664583 0.159375 0.047917 0.037500
0 0.706771 0.355208 0.048958 0.039583
0 0.850521 0.835938 0.034375 0.053125
0 0.272917 0.170833 0.037500 0.029167
0 0.801042 0.438021 0.052083 0.051042
0 0.564063 0.152604 0.038542 0.038542
0 0.081771 0.383854 0.042708 0.023958
0 0.683854 0.751042 0.044792 0.035417
0 0.642188 0.315104 0.053125 0.034375
0 0.422396 0.929688 0.040625 0.028125
0 0.775521 0.544271 0.030208 0.053125
0 0.586458 0.901042 0.039583 0.041667
0 0.533854 0.402083 0.034375 0.047917
0 0.103125 0.534896 0.054167 0.036458
0 0.523958 0.330208 0.033333 0.050000
0 0.108333 0.142708 0.045833 0.052083
0 0.677604 0.609896 0.023958 0.042708
0 0.229687 0.709896 0.040625 0.036458
0 0.418229 0.316146 0.053125 0.030208
0 0.776563 0.235937 0.030208 0.044792
0 0.167708 0.964583 0.045833 0.043750
0 0.542708 0.880729 0.022917 0.038542
0 0.135417 0.673438 0.035417 0.040625
0 0.867188 0.354687 0.038542 0.055208
0 0.256771 0.449479 0.028125 0.051042
0 0.915625 0.229167 0.039583 0.047917
0 0.633854 0.907813 0.055208 0.040625
0 0.787500 0.834896 0.039583 0.048958
0 0.932813 0.134896 0.048958 0.032292
0 0.634375 0.514583 0.033333 0.037500
0 0.919271 0.744792 0.034375 0.052083
0 0.115104 0.064062 0.038542 0.019792
0 0.624479 0.947917 0.053125 0.037500
0 0.661458 0.396875 0.027083 0.047917
0 0.385937 0.407813 0.028125 0.048958
0 0.313542 0.643229 0.027083 0.042708
0 0.797396 0.696875 0.034375 0.043750
0 0.106250 0.808333 0.047917 0.050000
0 0.143229 0.606250 0.042708 0.025000
0 0.165104 0.956250 0.021875 0.039583
0 0.124479 0.397396 0.028125 0.040625
0 0.131771 0.931771 0.048958 0.046875
0 0.880208 0.331250 0.033333 0.045833
0 0.397917 0.520833 0.025000 0.039583
0 0.393750 0.166667 0.043750 0.035417
0 0.156771 0.720313 0.046875 0.048958
0 0.305729 0.878646 0.040625 0.026042
0 0.101562 0.132812 0.030208 0.051042
0 0.704167 0.211458 0.039583 0.041667
0 0.072396 0.113542 0.040625 0.041667
0 0.578125 0.393750 0.047917 0.052083
0 0.776042 0.285938 0.047917 0.044792
0 0.539583 0.850521 0.052083 0.053125
0 0.679167 0.878646 0.035417 0.053125
0 0.621875 0.276042 0.035417 0.018750
0 0.286979 0.950000 0.030208 0.043750
0 0.601042 0.664062 0.039583 0.036458
0 0.424479 0.305729 0.040625 0.036458
0 0.260417 0.940104 0.054167 0.048958
0 0.810937 0.433854 0.051042 0.036458
0 0.096875 0.412500 0.043750 0.033333
0 0.942708 0.548438 0.039583 0.044792
0 0.278646 0.430729 0.044792 0.055208
0 0.372917 0.357812 0.054167 0.048958
0 0.666667 0.806771 0.027083 0.042708
0 0.600000 0.463542 0.052083 0.039583
0 0.517708 0.530208 0.037500 0.031250
0 0.396875 0.217188 0.052083 0.051042
0 0.646354 0.546875 0.028125 0.039583
0 0.211458 0.345833 0.043750 0.022917
0 0.648958 0.803125 0.043750 0.033333
0 0.299479 0.236458 0.034375 0.037500
0 0.115104 0.755729 0.051042 0.044792
0 0.708854 0.450521 0.055208 0.046875
0 0.596875 0.381250 0.045833 0.027083
0 0.271354 0.197396 0.042708 0.051042
0 0.489583 0.893750 0.035417 0.043750
0 0.761979 0.798958 0.034375 0.039583
0 0.389583 0.833333 0.035417 0.018750
0 0.400521 0.501563 0.032292 0.053125
0 0.603125 0.338542 0.045833 0.052083
0 0.534896 0.070312 0.048958 0.023958
0 0.375521 0.856771 0.048958 0.046875
0 0.497917 0.536458 0.029167 0.037500
0 0.937500 0.240104 0.054167 0.036458
0 0.905729 0.727604 0.055208 0.051042
0 0.858333 0.611979 0.054167 0.048958
0 0.454167 0.840104 0.039583 0.026042
0 0.806771 0.955729 0.040625 0.044792
0 0.621875 0.622917 0.037500 0.022917
0 0.254167 0.749479 0.043750 0.048958
0 0.606250 0.908854 0.025000 0.042708
0 0.632292 0.525000 0.029167 0.041667
0 0.712500 0.947396 0.043750 0.040625
0 0.561458 0.643750 0.037500 0.035417
0 0.355208 0.880729 0.025000 0.038542
0 0.389583 0.619271 0.025000 0.042708
0 0.888542 0.529687 0.025000 0.044792
0 0.636979 0.681250 0.051042 0.031250
0 0.732812 0.656250 0.032292 0.039583
0 0.894271 0.933854 0.055208 0.042708
0 0.736979 0.306771 0.036458 0.055208
0 0.423438 0.682292 0.038542 0.029167
0 0.583333 0.942187 0.039583 0.044792
0 0.217188 0.108854 0.040625 0.044792
0 0.766146 0.944271 0.026042 0.040625
0 0.214583 0.837500 0.033333 0.045833
0 0.153125 0.461458 0.022917 0.039583
0 0.287500 0.498958 0.041667 0.039583
0 0.891146 0.827083 0.030208 0.050000
0 0.456250 0.447917 0.035417 0.037500
0 0.711979 0.223438 0.048958 0.046875
0 0.921354 0.843229 0.051042 0.053125
0 0.586979 0.190104 0.040625 0.055208
0 0.576042 0.279167 0.052083 0.047917
0 0.143229 0.482292 0.048958 0.039583
0 0.516146 0.321354 0.030208 0.048958
0 0.858333 0.549479 0.043750 0.042708
0 0.120313 0.897396 0.040625 0.036458
0 0.714583 0.268229 0.039583 0.048958
0 0.405729 0.608333 0.051042 0.050000
0 0.282292 0.647917 0.033333 0.043750
0 0.232813 0.129167 0.042708 0.029167
0 0.967708 0.851042 0.052083 0.045833
0 0.585417 0.517708 0.037500 0.047917
0 0.330208 0.330729 0.054167 0.044792
0 0.756250 0.363021 0.050000 0.028125
0 0.408333 0.758333 0.031250 0.050000
0 0.506250 0.257292 0.052083 0.041667
0 0.544271 0.417187 0.046875 0.034375
0 0.533333 0.411458 0.031250 0.037500
0 0.187500 0.221875 0.027083 0.037500
0 0.711979 0.361979 0.026042 0.040625
0 0.384896 0.396354 0.051042 0.053125
0 0.598958 0.181771 0.039583 0.048958
0 0.174479 0.451042 0.028125 0.039583
0 0.258854 0.127083 0.040625 0.020833
0 0.508854 0.254688 0.023958 0.046875
0 0.611979 0.775000 0.036458 0.037500
0 0.114062 0.697917 0.034375 0.047917
0 0.800000 0.102604 0.045833 0.048958
0 0.967187 0.477604 0.051042 0.038542
0 0.581250 0.941146 0.050000 0.053125
0 0.398958 0.918229 0.043750 0.055208
0 0.817708 0.850521 0.045833 0.034375
0 0.253646 0.725521 0.028125 0.048958
0 0.650000 0.124479 0.039583 0.055208
0 0.805208 0.461458 0.022917 0.035417
0 0.346354 0.239583 0.036458 0.037500
0 0.288542 0.649479 0.045833 0.026042
0 0.176042 0.463021 0.039583 0.028125
0 0.953125 0.625000 0.043750 0.035417
0 0.784896 0.420833 0.048958 0.035417
0 0.555729 0.161458 0.040625 0.041667
0 0.570312 0.847396 0.051042 0.040625
0 0.549479 0.727604 0.046875 0.048958
0 0.492708 0.591667 0.033333 0.045833
0 0.638021 0.731771 0.048958 0.046875
0 0.075000 0.168750 0.035417 0.020833
0 0.417187 0.391146 0.038542 0.038542
0 0.545312 0.361458 0.038542 0.043750
0 0.915625 0.605729 0.050000 0.044792
0 0.500521 0.069271 0.048958 0.030208
0 0.144271 0.771354 0.038542 0.038542
0 0.132812 0.831250 0.036458 0.020833
0 0.072917 0.782292 0.041667 0.027083
0 0.256771 0.934896 0.055208 0.048958
0 0.594792 0.431771 0.047917 0.028125
0 0.406250 0.091667 0.029167 0.037500
0 0.891146 0.202083 0.036458 0.043750
0 0.349479 0.219271 0.038542 0.021875
0 0.431771 0.591146 0.036458 0.051042
0 0.598437 0.859375 0.032292 0.043750
0 0.168750 0.193750 0.052083 0.047917
0 0.457292 0.941667 0.029167 0.050000
0 0.884375 0.951562 0.037500 0.021875
0 0.448958 0.413021 0.050000 0.042708
0 0.534896 0.681250 0.038542 0.031250
0 0.741667 0.601562 0.033333 0.053125
0 0.835417 0.735417 0.047917 0.039583
0 0.890625 0.753646 0.047917 0.046875
0 0.661458 0.348438 0.052083 0.030208
0 0.588021 0.846354 0.051042 0.028125
0 0.605729 0.098958 0.026042 0.045833
0 0.844792 0.453646 0.043750 0.042708
0 0.498437 0.823438 0.023958 0.042708
0 0.182292 0.603646 0.022917 0.038542
0 0.701562 0.703646 0.051042 0.044792
0 0.350000 0.409375 0.045833 0.043750
0 0.455208 0.728646 0.043750 0.040625
0 0.333854 0.102604 0.026042 0.040625
0 0.210938 0.493750 0.038542 0.047917
0 0.898958 0.517708 0.035417 0.052083
0 0.182292 0.590104 0.054167 0.048958
0 0.135417 0.200000 0.035417 0.047917
0 0.549479 0.288021 0.038542 0.019792
0 0.935417 0.959375 0.037500 0.047917
0 0.668229 0.144271 0.048958 0.046875
0 0.172396 0.117708 0.026042 0.041667
0 0.647917 0.653646 0.054167 0.044792
0 0.190104 0.436979 0.053125 0.034375
0 0.112500 0.426042 0.052083 0.045833
0 0.909375 0.090625 0.027083 0.041667
0 0.729688 0.437500 0.053125 0.041667
0 0.755729 0.641667 0.028125 0.043750
0 0.922917 0.651042 0.037500 0.035417
0 0.689583 0.106250 0.037500 0.027083
0 0.201042 0.509375 0.031250 0.045833
0 0.178646 0.718229 0.042708 0.021875
0 0.406771 0.881771 0.046875 0.036458
0 0.383333 0.335417 0.039583 0.052083
0 0.136458 0.748958 0.039583 0.020833
0 0.632812 0.285938 0.034375 0.040625
0 0.390104 0.965625 0.023958 0.043750
0 0.559375 0.739062 0.047917 0.053125
0 0.965625 0.661979 0.041667 0.048958
0 0.676042 0.334896 0.041667 0.055208
0 0.870833 0.656771 0.039583 0.028125
0 0.521875 0.216146 0.043750 0.055208
0 0.120833 0.919792 0.037500 0.031250
0 0.703646 0.702083 0.028125 0.045833
0 0.261458 0.707812 0.035417 0.048958
0 0.900521 0.244271 0.036458 0.046875
0 0.338021 0.700000 0.036458 0.037500
0 0.402083 0.695312 0.039583 0.048958
0 0.879687 0.617188 0.051042 0.044792
0 0.431771 0.411979 0.042708 0.044792
0 0.900521 0.203125 0.038542 0.025000
0 0.697917 0.869792 0.047917 0.035417
0 0.196875 0.599479 0.029167 0.040625
0 0.503646 0.607292 0.048958 0.025000
0 0.582292 0.865625 0.025000 0.047917
0 0.407813 0.688021 0.048958 0.044792
0 0.700000 0.140104 0.052083 0.053125
0 0.690625 0.678646 0.041667 0.048958
0 0.245833 0.868750 0.041667 0.037500
0 0.648958 0.228646 0.043750 0.032292
0 0.410417 0.784375 0.039583 0.020833
0 0.565104 0.743229 0.040625 0.028125
0 0.345313 0.546875 0.048958 0.050000
0 0.455729 0.556250 0.042708 0.039583
0 0.941667 0.218750 0.037500 0.041667
0 0.228125 0.957812 0.052083 0.032292
0 0.880729 0.754167 0.051042 0.029167
0 0.873437 0.467187 0.023958 0.042708
0 0.374479 0.580208 0.028125 0.043750
0 0.463021 0.559896 0.038542 0.038542
0 0.427604 0.372917 0.051042 0.031250
0 0.853646 0.362500 0.042708 0.054167
0 0.891146 0.392188 0.021875 0.038542
0 0.133333 0.349479 0.045833 0.028125
0 0.562500 0.290104 0.025000 0.038542
0 0.484375 0.772917 0.033333 0.045833
0 0.304167 0.247917 0.047917 0.025000
0 0.911458 0.599479 0.054167 0.044792
0 0.293750 0.401562 0.029167 0.046875
0 0.161979 0.932292 0.038542 0.031250
0 0.405729 0.442708 0.036458 0.020833
0 0.733854 0.435937 0.028125 0.040625
0 0.177083 0.469792 0.033333 0.043750
0 0.317708 0.792708 0.052083 0.043750
0 0.227604 0.228646 0.042708 0.023958