0 0.342708 0.725521 0.035417 0.048958
0 0.095833 0.212500 0.041667 0.039583
0 0.235937 0.548958 0.046875 0.029167
0 0.710417 0.866146 0.031250 0.053125
0 0.264062 0.140625 0.036458 0.052083
0 0.609896 0.541146 0.046875 0.048958
0 0.217708 0.297396 0.050000 0.038542
0 0.536979 0.320312 0.055208 0.048958
0 0.369792 0.873437 0.054167 0.040625
0 0.630208 0.734375 0.035417 0.037500
0 0.414062 0.188021 0.048958 0.028125
0 0.076042 0.707292 0.045833 0.043750
0 0.341667 0.596875 0.037500 0.047917
0 0.478125 0.633854 0.037500 0.021875
0 0.800000 0.890104 0.043750 0.032292
0 0.856250 0.321875 0.045833 0.052083
0 0.426042 0.411979 0.035417 0.040625
0 0.429167 0.850000 0.037500 0.025000
0 0.596875 0.113542 0.031250 0.041667
0 0.642708 0.827083 0.027083 0.047917
0 0.201563 0.927604 0.048958 0.046875
0 0.386979 0.797396 0.040625 0.055208
0 0.189583 0.242188 0.041667 0.021875
0 0.489063 0.170313 0.051042 0.026042
0 0.760417 0.853125 0.037500 0.027083
0 0.834896 0.811979 0.038542 0.046875
0 0.079687 0.666146 0.030208 0.051042
0 0.454167 0.316146 0.033333 0.040625
0 0.148438 0.142708 0.053125 0.037500
0 0.525000 0.776042 0.037500 0.035417
0 0.856771 0.342708 0.036458 0.043750
0 0.663021 0.563542 0.030208 0.039583
0 0.584375 0.376042 0.039583 0.052083
0 0.440104 0.367188 0.055208 0.046875
0 0.303125 0.912500 0.041667 0.037500
0 0.861458 0.679688 0.022917 0.040625
0 0.743750 0.197396 0.050000 0.042708
0 0.683333 0.927604 0.054167 0.046875
0 0.791667 0.388021 0.029167 0.046875
0 0.225000 0.273438 0.052083 0.051042
0 0.466146 0.363542 0.053125 0.039583
0 0.936979 0.946875 0.026042 0.047917
0 0.085417 0.455729 0.050000 0.040625
0 0.541146 0.352083 0.040625 0.047917
0 0.802083 0.236979 0.054167 0.046875
0 0.400521 0.804167 0.040625 0.047917
0 0.290104 0.613021 0.042708 0.044792
0 0.067187 0.571875 0.023958 0.041667
0 0.754687 0.438542 0.048958 0.052083
0 0.701562 0.923958 0.038542 0.033333
0 0.321875 0.316667 0.035417 0.052083
0 0.607812 0.789583 0.028125 0.045833
0 0.640625 0.897917 0.043750 0.045833
0 0.106771 0.305729 0.044792 0.026042
0 0.537500 0.808854 0.054167 0.040625
0 0.603646 0.459896 0.046875 0.028125
0 0.536458 0.566146 0.050000 0.053125
0 0.638021 0.260417 0.038542 0.027083
0 0.848958 0.491146 0.022917 0.038542
0 0.602083 0.696354 0.045833 0.036458
0 0.370833 0.175521 0.039583 0.055208
0 0.730208 0.857812 0.047917 0.028125
0 0.341667 0.911979 0.045833 0.032292
0 0.178646 0.478125 0.036458 0.037500
0 0.741146 0.456250 0.038542 0.027083
0 0.256250 0.967708 0.033333 0.047917
0 0.864062 0.665104 0.044792 0.030208
0 0.914062 0.122917 0.042708 0.039583
0 0.136979 0.885938 0.040625 0.032292
0 0.089583 0.534375 0.033333 0.043750
0 0.305208 0.602604 0.041667 0.048958
0 0.502083 0.123958 0.045833 0.043750
0 0.923438 0.408333 0.034375 0.039583
0 0.577604 0.382812 0.046875 0.040625
0 0.419271 0.475000 0.038542 0.031250
0 0.314583 0.226042 0.039583 0.041667
0 0.179167 0.915104 0.031250 0.040625
0 0.554688 0.871875 0.046875 0.052083
0 0.675521 0.288021 0.040625 0.032292
0 0.345313 0.686458 0.051042 0.033333
0 0.570833 0.136458 0.035417 0.022917
0 0.890104 0.771354 0.042708 0.044792
0 0.685417 0.206771 0.050000 0.034375
0 0.252083 0.260937 0.050000 0.053125
0 0.610417 0.291146 0.047917 0.032292
0 0.619792 0.247917 0.025000 0.037500
0 0.760417 0.879167 0.027083 0.041667
0 0.780208 0.972396 0.050000 0.053125
0 0.795833 0.907813 0.033333 0.044792
0 0.797917 0.268229 0.047917 0.055208
0 0.516146 0.338021 0.038542 0.023958
0 0.200521 0.324479 0.051042 0.038542
0 0.289583 0.387500 0.037500 0.029167
0 0.642188 0.657292 0.017708 0.035417
0 0.478125 0.452083 0.047917 0.052083
0 0.093229 0.360417 0.042708 0.025000
0 0.841146 0.923958 0.038542 0.031250
0 0.836979 0.749479 0.044792 0.040625
0 0.189583 0.939583 0.035417 0.020833
0 0.608333 0.572917 0.043750 0.052083
0 0.473958 0.255208 0.037500 0.027083
0 0.116667 0.506250 0.039583 0.025000
0 0.860938 0.393229 0.040625 0.036458
0 0.319271 0.845313 0.032292 0.040625
0 0.353125 0.622396 0.050000 0.042708
0 0.545312 0.542188 0.055208 0.042708
0 0.241146 0.576042 0.036458 0.020833
0 0.408333 0.291667 0.018750 0.035417
0 0.723437 0.343229 0.028125 0.040625
0 0.518229 0.747917 0.038542 0.025000
0 0.491667 0.075521 0.043750 0.026042
0 0.425000 0.641667 0.041667 0.039583
0 0.752083 0.088542 0.037500 0.035417
0 0.488542 0.109375 0.035417 0.043750
0 0.460938 0.697917 0.030208 0.043750
0 0.838542 0.711979 0.025000 0.042708
0 0.282813 0.784896 0.048958 0.044792
0 0.798958 0.235937 0.043750 0.042708
0 0.375521 0.511458 0.021875 0.037500
0 0.138542 0.780208 0.033333 0.047917
0 0.853646 0.337500 0.034375 0.043750
0 0.301563 0.617188 0.055208 0.048958
0 0.267188 0.328125 0.028125 0.039583
0 0.223958 0.813542 0.035417 0.035417
0 0.549479 0.406250 0.044792 0.052083
0 0.386979 0.222396 0.034375 0.040625
0 0.446875 0.446875 0.025000 0.047917
0 0.100000 0.270833 0.031250 0.037500
0 0.218229 0.333333 0.021875 0.037500
0 0.392708 0.153646 0.050000 0.044792
0 0.571354 0.615104 0.051042 0.038542
0 0.920312 0.107813 0.034375 0.040625
0 0.157812 0.135417 0.044792 0.035417
0 0.474479 0.246354 0.048958 0.032292
0 0.952083 0.279687 0.025000 0.046875
0 0.477604 0.957812 0.036458 0.040625
0 0.916146 0.079167 0.034375 0.043750
0 0.185417 0.918750 0.043750 0.025000
0 0.350000 0.589583 0.052083 0.047917
0 0.146875 0.948958 0.039583 0.041667
0 0.473958 0.649479 0.054167 0.048958
0 0.650000 0.366667 0.050000 0.047917
0 0.249479 0.177083 0.021875 0.037500
0 0.711458 0.495833 0.037500 0.033333
0 0.830729 0.176563 0.030208 0.040625
0 0.941146 0.796354 0.023958 0.046875
0 0.193750 0.468750 0.037500 0.027083
0 0.570312 0.197396 0.055208 0.038542
0 0.070312 0.619792 0.028125 0.050000
0 0.705208 0.506250 0.041667 0.052083
0 0.361979 0.386979 0.040625 0.055208
0 0.625000 0.888542 0.045833 0.045833
0 0.897396 0.374479 0.023958 0.038542
0 0.589063 0.355208 0.019792 0.035417
0 0.474479 0.811979 0.044792 0.044792
0 0.340625 0.946875 0.052083 0.045833
0 0.288021 0.696354 0.040625 0.051042
0 0.811979 0.532292 0.023958 0.041667
0 0.417708 0.600521 0.050000 0.053125
0 0.448437 0.691667 0.030208 0.039583
0 0.290625 0.758854 0.039583 0.048958
0 0.568229 0.198958 0.048958 0.052083
0 0.698438 0.802604 0.055208 0.048958
0 0.287500 0.420312 0.043750 0.042708
0 0.200521 0.176042 0.036458 0.047917
0 0.745313 0.743750 0.021875 0.037500
0 0.807813 0.935417 0.034375 0.047917
0 0.582292 0.923958 0.052083 0.039583
0 0.719271 0.519271 0.028125 0.040625
0 0.527083 0.257292 0.047917 0.052083
0 0.367708 0.621875 0.037500 0.025000
0 0.427083 0.519271 0.050000 0.040625
0 0.556771 0.736458 0.042708 0.039583
0 0.367708 0.395313 0.045833 0.034375
0 0.562500 0.952604 0.045833 0.038542
0 0.625521 0.333333 0.046875 0.029167
0 0.667708 0.771875 0.033333 0.037500
0 0.302604 0.102083 0.053125 0.047917
0 0.726042 0.176042 0.047917 0.037500
0 0.574479 0.832292 0.051042 0.031250
0 0.065104 0.300000 0.023958 0.045833
0 0.439583 0.295312 0.054167 0.042708
0 0.779167 0.322396 0.027083 0.042708
0 0.733854 0.896354 0.048958 0.055208
0 0.111979 0.709896 0.055208 0.044792
0 0.513021 0.677083 0.053125 0.045833
0 0.571875 0.438542 0.043750 0.045833
0 0.092708 0.565625 0.033333 0.016667
0 0.350000 0.603646 0.029167 0.051042
0 0.570833 0.944271 0.054167 0.048958
0 0.636458 0.639583 0.047917 0.041667
0 0.538021 0.289062 0.042708 0.023958
0 0.856771 0.421875 0.032292 0.039583
0 0.418229 0.722917 0.036458 0.052083
0 0.966146 0.770312 0.051042 0.044792
0 0.315625 0.294792 0.037500 0.031250
0 0.475000 0.855729 0.043750 0.055208
0 0.713542 0.851042 0.037500 0.033333
0 0.152083 0.471354 0.022917 0.040625
0 0.193750 0.266667 0.027083 0.047917
0 0.887500 0.515625 0.041667 0.039583
0 0.319271 0.861458 0.040625 0.020833
0 0.938021 0.227604 0.051042 0.053125
0 0.271354 0.810417 0.044792 0.052083
0 0.950521 0.855729 0.040625 0.044792
0 0.788542 0.682813 0.037500 0.038542
0 0.160417 0.236458 0.050000 0.047917
0 0.470313 0.699479 0.040625 0.055208
0 0.571354 0.373958 0.036458 0.037500
0 0.376563 0.359896 0.055208 0.042708
0 0.842187 0.802083 0.044792 0.047917
0 0.841667 0.901042 0.035417 0.043750
0 0.398958 0.766146 0.045833 0.040625
0 0.904167 0.190625 0.045833 0.052083
0 0.428646 0.613542 0.038542 0.027083
0 0.948438 0.615625 0.046875 0.052083
0 0.607812 0.233333 0.034375 0.043750
0 0.934896 0.682813 0.030208 0.048958
0 0.110417 0.739062 0.052083 0.032292
0 0.513021 0.430208 0.038542 0.035417
0 0.879167 0.271354 0.052083 0.030208
0 0.591146 0.773958 0.021875 0.043750
0 0.201042 0.614583 0.037500 0.041667
0 0.121354 0.571354 0.040625 0.036458
0 0.586458 0.656771 0.029167 0.044792
0 0.369271 0.900000 0.046875 0.031250
0 0.137500 0.240625 0.031250 0.041667
0 0.356250 0.752604 0.054167 0.036458
0 0.941146 0.488021 0.053125 0.030208
0 0.342187 0.720833 0.048958 0.037500
0 0.197917 0.745313 0.037500 0.021875
0 0.403646 0.152604 0.055208 0.040625
0 0.098958 0.570833 0.035417 0.037500
0 0.946875 0.837500 0.041667 0.031250
0 0.085938 0.200000 0.046875 0.043750
0 0.658333 0.892708 0.020833 0.035417
0 0.226562 0.168750 0.019792 0.037500
0 0.970313 0.706250 0.044792 0.052083
0 0.191146 0.909896 0.028125 0.048958
0 0.573438 0.563542 0.044792 0.052083
0 0.676042 0.859375 0.047917 0.050000
0 0.643750 0.095833 0.047917 0.037500
0 0.561458 0.571354 0.050000 0.044792
0 0.438021 0.790104 0.046875 0.034375
0 0.367708 0.336458 0.033333 0.050000
0 0.283333 0.513021 0.039583 0.036458
0 0.838021 0.918229 0.036458 0.051042
0 0.358333 0.498437 0.033333 0.044792
0 0.624479 0.951562 0.040625 0.030208
0 0.433854 0.391667 0.046875 0.052083
0 0.728646 0.686458 0.044792 0.022917
0 0.882292 0.256771 0.041667 0.055208
0 0.578646 0.689583 0.036458 0.018750
0 0.652604 0.542708 0.026042 0.047917
0 0.168229 0.919792 0.038542 0.035417
0 0.322396 0.815625 0.040625 0.041667
0 0.898958 0.861979 0.027083 0.042708
0 0.658854 0.931771 0.053125 0.032292
0 0.373958 0.764583 0.047917 0.027083
0 0.307812 0.818750 0.026042 0.041667
0 0.850521 0.153646 0.028125 0.044792
0 0.469792 0.655729 0.035417 0.044792
0 0.755208 0.882812 0.045833 0.038542
0 0.297396 0.368229 0.048958 0.046875
0 0.176563 0.563542 0.046875 0.052083
0 0.751042 0.946875 0.043750 0.033333
0 0.923958 0.325000 0.037500 0.033333
0 0.374479 0.374479 0.051042 0.038542
0 0.905729 0.590104 0.042708 0.055208
0 0.732812 0.330208 0.032292 0.043750
0 0.291667 0.885938 0.050000 0.034375
0 0.319792 0.236458 0.029167 0.037500
0 0.710938 0.869271 0.044792 0.051042
0 0.258333 0.136979 0.045833 0.055208
0 0.757812 0.388021 0.038542 0.019792
0 0.124479 0.634896 0.030208 0.040625
0 0.495312 0.921875 0.053125 0.043750
0 0.475000 0.751042 0.035417 0.037500
0 0.157812 0.891146 0.053125 0.032292
0 0.893750 0.150521 0.052083 0.032292
0 0.750000 0.611979 0.054167 0.036458
0 0.575521 0.841667 0.053125 0.045833
0 0.704167 0.648438 0.037500 0.023958
0 0.502604 0.757292 0.048958 0.035417
0 0.310417 0.216667 0.031250 0.041667
0 0.157292 0.453125 0.031250 0.045833
0 0.520833 0.228646 0.043750 0.030208
0 0.390625 0.137500 0.018750 0.035417
0 0.905729 0.942708 0.053125 0.035417
0 0.267188 0.518750 0.021875 0.041667
0 0.378125 0.640625 0.045833 0.043750
0 0.630729 0.341146 0.040625 0.044792
0 0.966146 0.791667 0.038542 0.035417
0 0.847396 0.265625 0.048958 0.035417
0 0.579167 0.279167 0.020833 0.035417
0 0.707812 0.117708 0.042708 0.047917
0 0.269792 0.384375 0.050000 0.050000
0 0.448958 0.833333 0.037500 0.029167
0 0.933854 0.495833 0.038542 0.052083
0 0.620833 0.664583 0.033333 0.037500
0 0.432812 0.811979 0.051042 0.040625
0 0.279167 0.819792 0.045833 0.043750
0 0.451562 0.272917 0.053125 0.043750
0 0.735417 0.872917 0.041667 0.047917
0 0.098958 0.081250 0.047917 0.027083
0 0.586979 0.934896 0.055208 0.040625
0 0.928646 0.778125 0.019792 0.039583
0 0.675000 0.498958 0.052083 0.035417
0 0.678125 0.737500 0.050000 0.029167
0 0.365104 0.628646 0.040625 0.051042
0 0.899479 0.542708 0.038542 0.035417
0 0.746875 0.616146 0.041667 0.055208
0 0.568229 0.425521 0.044792 0.028125
0 0.875000 0.958333 0.041667 0.029167
0 0.158854 0.378125 0.038542 0.035417
0 0.244792 0.155208 0.027083 0.037500
0 0.232292 0.722917 0.043750 0.033333
0 0.843750 0.476562 0.052083 0.034375
0 0.355208 0.273438 0.050000 0.040625
0 0.552083 0.513021 0.020833 0.038542
0 0.323437 0.269271 0.048958 0.030208
0 0.586979 0.867188 0.046875 0.048958
0 0.129688 0.749479 0.040625 0.028125
0 0.497917 0.551562 0.027083 0.046875
0 0.492708 0.561458 0.045833 0.043750
0 0.400000 0.733333 0.029167 0.037500
0 0.581250 0.891146 0.054167 0.051042