0 0.596875 0.556250 0.041667 0.039583
0 0.107813 0.753125 0.051042 0.031250
0 0.489063 0.339062 0.028125 0.044792
0 0.360417 0.582812 0.039583 0.038542
0 0.653125 0.248438 0.035417 0.053125
0 0.226042 0.225000 0.029167 0.037500
0 0.412500 0.755208 0.020833 0.035417
0 0.820312 0.507812 0.046875 0.055208
0 0.719792 0.953125 0.045833 0.052083
0 0.629687 0.648958 0.030208 0.039583
0 0.416146 0.103646 0.040625 0.023958
0 0.760938 0.118229 0.040625 0.055208
0 0.374479 0.663021 0.046875 0.048958
0 0.180729 0.670312 0.046875 0.055208
0 0.598958 0.256250 0.047917 0.052083
0 0.881771 0.891146 0.044792 0.042708
0 0.273958 0.763021 0.037500 0.044792
0 0.880208 0.140104 0.041667 0.044792
0 0.190625 0.295312 0.020833 0.038542
0 0.710938 0.208333 0.026042 0.045833
0 0.876042 0.899479 0.022917 0.038542
0 0.738021 0.406250 0.042708 0.041667
0 0.925000 0.830208 0.045833 0.029167
0 0.504687 0.931250 0.026042 0.039583
0 0.293229 0.578646 0.040625 0.026042
0 0.967187 0.119271 0.038542 0.023958
0 0.276042 0.704688 0.027083 0.040625
0 0.716667 0.227604 0.020833 0.040625
0 0.601562 0.554167 0.021875 0.037500
0 0.162500 0.571875 0.035417 0.020833
0 0.872917 0.702604 0.029167 0.040625
0 0.563021 0.554167 0.032292 0.052083
0 0.675521 0.468750 0.051042 0.031250
0 0.373437 0.256250 0.021875 0.037500
0 0.447917 0.191146 0.037500 0.021875
0 0.494271 0.518750 0.038542 0.043750
0 0.202083 0.964583 0.022917 0.043750
0 0.161979 0.665104 0.044792 0.040625
0 0.657292 0.592187 0.045833 0.036458
0 0.291667 0.260937 0.027083 0.048958
0 0.549479 0.650000 0.044792 0.035417
0 0.955208 0.410938 0.033333 0.044792
0 0.852604 0.530729 0.051042 0.042708
0 0.631250 0.305729 0.041667 0.055208
0 0.548958 0.367708 0.031250 0.041667
0 0.595313 0.256250 0.042708 0.031250
0 0.913542 0.320833 0.045833 0.029167
0 0.375000 0.269792 0.047917 0.033333
0 0.510938 0.190104 0.051042 0.030208
0 0.676042 0.922917 0.043750 0.035417
0 0.454688 0.655729 0.038542 0.046875
0 0.916667 0.832292 0.043750 0.031250
0 0.277604 0.449479 0.032292 0.046875
0 0.102604 0.690104 0.051042 0.053125
0 0.935417 0.493229 0.054167 0.046875
0 0.776042 0.684375 0.039583 0.052083
0 0.704688 0.839063 0.040625 0.030208
0 0.109896 0.816667 0.034375 0.043750
0 0.959896 0.959896 0.048958 0.030208
0 0.209375 0.493750 0.033333 0.045833
0 0.161979 0.717187 0.051042 0.044792
0 0.180729 0.129688 0.038542 0.051042
0 0.378125 0.072917 0.037500 0.033333
0 0.422396 0.825521 0.034375 0.040625
0 0.821354 0.798958 0.046875 0.045833
0 0.958333 0.880729 0.041667 0.044792
0 0.247396 0.494792 0.038542 0.025000
0 0.285938 0.458333 0.042708 0.037500
0 0.915104 0.894271 0.048958 0.046875
0 0.514062 0.909375 0.044792 0.047917
0 0.428125 0.652083 0.045833 0.029167
0 0.716146 0.900521 0.038542 0.040625
0 0.264062 0.806250 0.036458 0.052083
0 0.306771 0.097917 0.042708 0.047917
0 0.250521 0.107292 0.046875 0.043750
0 0.244271 0.240625 0.042708 0.020833
0 0.354687 0.846354 0.034375 0.048958
0 0.178646 0.402604 0.038542 0.046875
0 0.327083 0.791146 0.025000 0.038542
0 0.214583 0.121354 0.039583 0.023958
0 0.175521 0.479687 0.051042 0.028125
0 0.669271 0.952604 0.038542 0.040625
0 0.612500 0.093750 0.037500 0.035417
0 0.959375 0.651563 0.043750 0.055208
0 0.393750 0.185938 0.047917 0.053125
0 0.497396 0.864583 0.040625 0.020833
0 0.892188 0.740625 0.026042 0.045833
0 0.248958 0.596354 0.033333 0.044792
0 0.076042 0.196875 0.045833 0.043750
0 0.574479 0.823438 0.048958 0.048958
0 0.904687 0.196875 0.038542 0.031250
0 0.299479 0.356771 0.036458 0.055208
0 0.331250 0.345833 0.052083 0.041667
0 0.844792 0.185417 0.047917 0.039583
0 0.082292 0.705208 0.035417 0.020833
0 0.662500 0.824479 0.041667 0.032292
0 0.630208 0.451562 0.020833 0.040625
0 0.552604 0.792188 0.030208 0.044792
0 0.370312 0.346875 0.042708 0.041667
0 0.886458 0.080208 0.035417 0.043750
0 0.755208 0.642188 0.031250 0.048958
0 0.694792 0.803646 0.025000 0.038542
0 0.960417 0.352604 0.050000 0.028125
0 0.696354 0.356250 0.046875 0.033333
0 0.366146 0.271875 0.044792 0.022917
0 0.233333 0.306771 0.045833 0.036458
0 0.661458 0.082292 0.047917 0.025000
0 0.208854 0.073958 0.048958 0.027083
0 0.310937 0.759375 0.046875 0.045833
0 0.813021 0.250521 0.028125 0.040625
0 0.283854 0.139583 0.036458 0.047917
0 0.376042 0.329167 0.047917 0.050000
0 0.586979 0.390625 0.032292 0.043750
0 0.897917 0.778125 0.041667 0.047917
0 0.487500 0.198958 0.043750 0.045833
0 0.608333 0.661979 0.033333 0.048958
0 0.075521 0.251042 0.040625 0.052083
0 0.864062 0.555208 0.021875 0.037500
0 0.680729 0.572917 0.046875 0.045833
0 0.567187 0.807292 0.048958 0.033333
0 0.199479 0.669792 0.048958 0.035417
0 0.173437 0.089063 0.046875 0.036458
0 0.188021 0.586979 0.034375 0.046875
0 0.222917 0.203125 0.045833 0.045833
0 0.710417 0.753125 0.037500 0.027083
0 0.873437 0.740104 0.053125 0.051042
0 0.247396 0.655208 0.032292 0.047917
0 0.810937 0.766667 0.034375 0.043750
0 0.872396 0.768229 0.032292 0.048958
0 0.274479 0.260937 0.048958 0.046875
0 0.708333 0.454167 0.041667 0.037500
0 0.675521 0.274479 0.048958 0.032292
0 0.148958 0.932813 0.043750 0.042708
0 0.198437 0.828646 0.032292 0.048958
0 0.169792 0.413021 0.037500 0.040625
0 0.556771 0.119271 0.042708 0.051042
0 0.761979 0.645833 0.053125 0.043750
0 0.839583 0.300521 0.054167 0.042708
0 0.740104 0.776563 0.040625 0.034375
0 0.907813 0.866667 0.053125 0.039583
0 0.105208 0.245312 0.039583 0.044792
0 0.501563 0.423958 0.046875 0.052083
0 0.713542 0.601562 0.029167 0.051042
0 0.918229 0.870833 0.038542 0.043750
0 0.245833 0.926042 0.041667 0.037500
0 0.134896 0.223438 0.036458 0.051042
0 0.716667 0.372917 0.018750 0.035417
0 0.404167 0.254688 0.033333 0.044792
0 0.830208 0.298958 0.052083 0.037500
0 0.533333 0.670833 0.041667 0.047917
0 0.709896 0.339062 0.051042 0.038542
0 0.133333 0.314063 0.037500 0.048958
0 0.344792 0.461458 0.052083 0.039583
0 0.816146 0.901563 0.030208 0.044792
0 0.454688 0.087500 0.030208 0.047917
0 0.198958 0.144271 0.039583 0.044792
0 0.798438 0.328125 0.038542 0.031250
0 0.548438 0.202604 0.032292 0.044792
0 0.251042 0.215625 0.045833 0.029167
0 0.101562 0.079687 0.046875 0.034375
0 0.628646 0.881771 0.053125 0.053125
0 0.365104 0.452083 0.034375 0.039583
0 0.116667 0.461458 0.045833 0.031250
0 0.252604 0.716667 0.042708 0.025000
0 0.250000 0.267708 0.027083 0.041667
0 0.676562 0.222917 0.038542 0.025000
0 0.641667 0.681771 0.047917 0.048958
0 0.221354 0.287500 0.042708 0.047917
0 0.769271 0.891667 0.026042 0.045833
0 0.165104 0.094792 0.042708 0.039583
0 0.313542 0.150521 0.045833 0.034375
0 0.486979 0.186979 0.030208 0.048958
0 0.864062 0.251042 0.048958 0.041667
0 0.505208 0.427604 0.050000 0.028125
0 0.635417 0.464583 0.043750 0.035417
0 0.169271 0.476562 0.051042 0.028125
0 0.611979 0.375521 0.030208 0.044792
0 0.187500 0.881771 0.045833 0.048958
0 0.092188 0.386458 0.034375 0.047917
0 0.785937 0.794792 0.038542 0.027083
0 0.397917 0.440625 0.041667 0.039583
0 0.414583 0.333333 0.041667 0.025000
0 0.495833 0.405729 0.047917 0.044792
0 0.209375 0.184375 0.050000 0.050000
0 0.191667 0.619792 0.025000 0.037500
0 0.390104 0.842187 0.040625 0.038542
0 0.867188 0.196875 0.023958 0.041667
0 0.363542 0.768229 0.037500 0.044792
0 0.613542 0.955729 0.043750 0.028125
0 0.368750 0.603646 0.045833 0.048958
0 0.356250 0.263542 0.037500 0.029167
0 0.749479 0.488542 0.042708 0.041667
0 0.134896 0.426042 0.040625 0.022917
0 0.762500 0.713542 0.037500 0.029167
0 0.111979 0.402604 0.038542 0.021875
0 0.167708 0.161979 0.054167 0.046875
0 0.930729 0.389062 0.019792 0.038542
0 0.661979 0.353646 0.048958 0.028125
0 0.583854 0.918229 0.040625 0.028125
0 0.242188 0.157812 0.044792 0.032292
0 0.658854 0.944792 0.042708 0.025000
0 0.431250 0.419271 0.039583 0.036458
0 0.860417 0.447917 0.037500 0.025000
0 0.583333 0.493229 0.047917 0.046875
0 0.162500 0.676562 0.045833 0.023958
0 0.480208 0.847917 0.035417 0.052083
0 0.489583 0.177604 0.039583 0.044792
0 0.639583 0.486458 0.033333 0.043750
0 0.306250 0.096875 0.047917 0.041667
0 0.400521 0.158333 0.023958 0.037500
0 0.408854 0.869792 0.042708 0.054167
0 0.114062 0.828646 0.034375 0.046875
0 0.209375 0.602083 0.035417 0.043750
0 0.077083 0.518229 0.039583 0.038542
0 0.870313 0.370833 0.030208 0.039583
0 0.128125 0.517708 0.047917 0.037500
0 0.626042 0.418229 0.054167 0.038542
0 0.747396 0.466146 0.044792 0.040625
0 0.861979 0.807813 0.044792 0.042708
0 0.300000 0.595313 0.039583 0.044792
0 0.270313 0.151042 0.038542 0.033333
0 0.253125 0.646354 0.025000 0.046875
0 0.859375 0.155208 0.047917 0.037500
0 0.103646 0.410417 0.017708 0.035417
0 0.455729 0.648958 0.026042 0.039583
0 0.120833 0.701562 0.045833 0.026042
0 0.478646 0.564063 0.051042 0.042708
0 0.069271 0.491667 0.021875 0.039583
0 0.106250 0.142708 0.041667 0.027083
0 0.148958 0.127604 0.039583 0.028125
0 0.842708 0.882292 0.041667 0.039583
0 0.869271 0.093229 0.055208 0.040625
0 0.734896 0.370312 0.055208 0.042708
0 0.095833 0.838021 0.050000 0.053125
0 0.483333 0.593750 0.022917 0.039583
0 0.905729 0.735938 0.036458 0.051042
0 0.940104 0.622917 0.038542 0.025000
0 0.880208 0.589583 0.052083 0.043750
0 0.550000 0.471875 0.043750 0.031250
0 0.779167 0.890104 0.039583 0.028125
0 0.118229 0.828125 0.036458 0.020833
0 0.671354 0.313542 0.038542 0.035417
0 0.569792 0.442188 0.031250 0.044792
0 0.848958 0.620313 0.047917 0.044792
0 0.845313 0.871354 0.046875 0.034375
0 0.961979 0.590104 0.028125 0.051042
0 0.419792 0.185417 0.027083 0.043750
0 0.953125 0.093750 0.043750 0.045833
0 0.206771 0.189062 0.042708 0.023958
0 0.500000 0.883333 0.052083 0.039583
0 0.306250 0.464583 0.045833 0.031250
0 0.476562 0.861979 0.038542 0.055208
0 0.548958 0.514062 0.027083 0.042708
0 0.116667 0.320833 0.025000 0.037500
0 0.907813 0.504687 0.051042 0.040625
0 0.584896 0.719792 0.048958 0.037500
0 0.911458 0.075000 0.047917 0.035417
0 0.391667 0.197917 0.033333 0.045833
0 0.840625 0.523438 0.039583 0.038542
0 0.555208 0.686458 0.052083 0.045833
0 0.907292 0.506250 0.039583 0.020833
0 0.809896 0.155729 0.053125 0.051042
0 0.536979 0.167708 0.042708 0.037500
0 0.459896 0.664062 0.034375 0.053125
0 0.850521 0.189062 0.040625 0.023958
0 0.426563 0.301563 0.046875 0.036458
0 0.321875 0.361979 0.029167 0.040625
0 0.783854 0.218229 0.046875 0.038542
0 0.171875 0.894271 0.054167 0.038542
0 0.232292 0.901042 0.037500 0.035417
0 0.455208 0.300521 0.045833 0.034375
0 0.886458 0.678646 0.050000 0.036458
0 0.542708 0.505729 0.050000 0.053125
0 0.870833 0.203125 0.035417 0.037500
0 0.209896 0.533333 0.044792 0.052083
0 0.487500 0.197917 0.037500 0.027083
0 0.440625 0.697917 0.031250 0.050000
0 0.565625 0.841146 0.047917 0.032292
0 0.704688 0.815104 0.040625 0.038542
0 0.879167 0.412500 0.037500 0.029167
0 0.775521 0.804167 0.028125 0.041667
0 0.920312 0.870833 0.034375 0.047917
0 0.240625 0.784896 0.054167 0.048958
0 0.237500 0.935417 0.035417 0.037500
0 0.386979 0.853646 0.028125 0.048958
0 0.666667 0.192708 0.039583 0.041667
0 0.722917 0.520833 0.045833 0.043750
0 0.593229 0.438021 0.046875 0.036458
0 0.376563 0.125521 0.026042 0.044792
0 0.873437 0.465625 0.023958 0.047917
0 0.893229 0.884375 0.042708 0.041667
0 0.948958 0.370833 0.041667 0.047917
0 0.751563 0.414062 0.055208 0.044792
0 0.170313 0.751563 0.046875 0.055208
0 0.841667 0.399479 0.039583 0.026042
0 0.593229 0.597917 0.053125 0.039583
0 0.582292 0.807292 0.035417 0.037500
0 0.257812 0.402083 0.026042 0.050000
0 0.672396 0.151042 0.048958 0.039583
0 0.967708 0.297396 0.047917 0.032292
0 0.645312 0.526042 0.040625 0.022917
0 0.883854 0.835417 0.042708 0.054167
0 0.794271 0.138021 0.032292 0.044792
0 0.616146 0.781771 0.040625 0.038542
0 0.125000 0.131771 0.045833 0.038542
0 0.122917 0.301563 0.045833 0.048958
0 0.353125 0.729688 0.039583 0.023958
0 0.131771 0.288021 0.040625 0.038542
0 0.157292 0.936979 0.029167 0.040625
0 0.289062 0.151042 0.028125 0.039583
0 0.196875 0.167708 0.039583 0.020833
0 0.426563 0.240104 0.040625 0.044792
0 0.576042 0.871354 0.027083 0.040625
0 0.897917 0.957292 0.025000 0.043750
0 0.526042 0.766146 0.050000 0.044792
0 0.729688 0.767188 0.042708 0.023958
0 0.810417 0.174479 0.022917 0.044792
0 0.134896 0.288542 0.023958 0.041667
0 0.943750 0.854167 0.047917 0.035417
0 0.915104 0.857812 0.044792 0.040625
0 0.075521 0.237500 0.028125 0.043750
0 0.130729 0.816146 0.030208 0.051042
0 0.527604 0.604688 0.053125 0.053125
0 0.486979 0.911458 0.046875 0.045833
0 0.295833 0.078125 0.043750 0.022917
0 0.445312 0.606771 0.038542 0.051042
0 0.383333 0.419271 0.039583 0.030208
0 0.825521 0.251042 0.053125 0.039583
0 0.310417 0.853646 0.037500 0.044792
0 0.129167 0.868229 0.050000 0.034375
0 0.923438 0.294792 0.038542 0.022917
0 0.590104 0.130729 0.044792 0.055208
0 0.452604 0.799479 0.051042 0.034375
0 0.327604 0.360938 0.040625 0.026042
0 0.650521 0.450521 0.036458 0.040625
0 0.518229 0.159896 0.048958 0.032292
0 0.163542 0.395833 0.020833 0.035417
0 0.765625 0.601042 0.041667 0.047917
0 0.914062 0.112500 0.030208 0.039583
0 0.553125 0.926042 0.043750 0.045833
0 0.878125 0.740104 0.045833 0.026042
0 0.757292 0.544792 0.035417 0.037500
0 0.289583 0.931771 0.047917 0.032292
0 0.717187 0.180729 0.051042 0.040625
0 0.739583 0.304167 0.037500 0.031250
0 0.840104 0.543750 0.042708 0.025000
0 0.706250 0.326562 0.047917 0.046875
0 0.207813 0.522396 0.032292 0.044792
0 0.266667 0.561979 0.050000 0.042708
0 0.606250 0.698958 0.037500 0.027083
0 0.773958 0.438542 0.037500 0.025000
0 0.902083 0.093750 0.039583 0.022917
0 0.898438 0.944271 0.055208 0.042708
0 0.313542 0.491667 0.041667 0.039583
0 0.123958 0.732292 0.047917 0.039583
0 0.608333 0.268229 0.039583 0.026042
0 0.451562 0.174479 0.026042 0.040625
0 0.166667 0.878646 0.037500 0.040625
0 0.259375 0.616146 0.041667 0.021875
0 0.730208 0.745313 0.039583 0.030208
0 0.348958 0.604688 0.022917 0.038542
0 0.363021 0.379167 0.044792 0.045833
0 0.387500 0.849479 0.054167 0.044792
0 0.694271 0.660937 0.051042 0.038542
0 0.834896 0.764583 0.044792 0.045833
0 0.273958 0.225000 0.037500 0.035417
0 0.743750 0.457292 0.043750 0.033333
0 0.639062 0.715104 0.036458 0.046875
0 0.538542 0.283333 0.037500 0.027083
0 0.570833 0.907813 0.025000 0.038542
0 0.541146 0.800521 0.055208 0.040625
0 0.222396 0.490625 0.053125 0.039583
0 0.522917 0.342708 0.037500 0.031250
0 0.095312 0.472917 0.042708 0.047917
0 0.333854 0.400000 0.028125 0.041667
0 0.084375 0.259896 0.031250 0.044792
0 0.734375 0.532292 0.037500 0.035417
0 0.608333 0.538542 0.052083 0.045833
0 0.866146 0.484896 0.044792 0.051042
0 0.535417 0.825521 0.039583 0.038542
0 0.915625 0.373437 0.037500 0.044792
0 0.082812 0.894792 0.048958 0.041667
0 0.202083 0.866146 0.043750 0.026042
0 0.431771 0.127604 0.040625 0.044792
0 0.720313 0.500000 0.038542 0.037500
0 0.180729 0.084375 0.038542 0.035417
0 0.151042 0.833854 0.045833 0.048958
0 0.447917 0.171875 0.035417 0.020833
0 0.415625 0.461458 0.045833 0.043750
0 0.891146 0.525000 0.028125 0.039583
0 0.552604 0.218750 0.048958 0.035417
0 0.629167 0.748437 0.035417 0.048958
0 0.531250 0.700521 0.037500 0.023958
0 0.929167 0.487500 0.035417 0.043750
0 0.331771 0.154688 0.040625 0.023958
0 0.426042 0.781250 0.029167 0.041667
0 0.788542 0.461458 0.027083 0.041667
0 0.165104 0.421354 0.028125 0.044792
0 0.398958 0.476042 0.033333 0.047917
0 0.812500 0.105729 0.043750 0.042708
0 0.371875 0.534896 0.027083 0.048958
0 0.913021 0.200521 0.032292 0.048958
0 0.706250 0.599479 0.047917 0.046875
0 0.393229 0.464583 0.038542 0.043750
0 0.477083 0.802083 0.045833 0.029167
0 0.886979 0.631250 0.046875 0.043750
0 0.590625 0.702604 0.027083 0.038542
0 0.594271 0.391146 0.051042 0.053125
0 0.452083 0.130208 0.045833 0.043750
0 0.654167 0.907813 0.047917 0.028125
0 0.524479 0.634375 0.048958 0.025000
0 0.813021 0.327604 0.055208 0.048958
0 0.769271 0.320312 0.051042 0.044792
0 0.157292 0.215104 0.043750 0.042708
0 0.189062 0.292708 0.042708 0.039583
0 0.130729 0.152604 0.040625 0.055208
0 0.753125 0.717187 0.039583 0.023958
0 0.098958 0.260417 0.043750 0.045833
0 0.222396 0.243750 0.038542 0.031250
0 0.109375 0.429167 0.037500 0.033333
0 0.204167 0.751563 0.039583 0.030208
0 0.308333 0.586458 0.033333 0.052083
0 0.743750 0.967708 0.029167 0.041667
0 0.130729 0.486458 0.053125 0.043750
0 0.754687 0.416667 0.028125 0.039583
0 0.105208 0.876042 0.035417 0.035417