0 0.203646 0.691667 0.048958 0.035417
0 0.625000 0.772396 0.047917 0.032292
0 0.793229 0.889062 0.028125 0.044792
0 0.479167 0.723437 0.045833 0.032292
0 0.568229 0.800000 0.040625 0.054167
0 0.281250 0.677083 0.050000 0.031250
0 0.172917 0.388021 0.041667 0.055208
0 0.600000 0.707812 0.033333 0.044792
0 0.534375 0.250000 0.043750 0.022917
0 0.320833 0.664062 0.045833 0.023958
0 0.492188 0.934375 0.048958 0.035417
0 0.592187 0.545833 0.046875 0.029167
0 0.482292 0.694271 0.054167 0.036458
0 0.964063 0.320833 0.036458 0.037500
0 0.656771 0.434896 0.042708 0.051042
0 0.447396 0.283333 0.044792 0.037500
0 0.072917 0.497396 0.035417 0.044792
0 0.102083 0.466667 0.041667 0.027083
0 0.716146 0.291146 0.051042 0.036458
0 0.425521 0.444271 0.042708 0.044792
0 0.558333 0.151562 0.043750 0.042708
0 0.252604 0.821354 0.030208 0.051042
0 0.489583 0.883333 0.039583 0.022917
0 0.952083 0.381250 0.037500 0.022917
0 0.503646 0.332292 0.046875 0.031250
0 0.254167 0.793229 0.039583 0.023958
0 0.525521 0.821354 0.040625 0.036458
0 0.308333 0.448958 0.037500 0.033333
0 0.952604 0.237500 0.034375 0.043750
0 0.182812 0.797917 0.019792 0.037500
0 0.459896 0.667708 0.038542 0.025000
0 0.080208 0.191146 0.047917 0.046875
0 0.583854 0.754167 0.038542 0.043750
0 0.427604 0.151042 0.036458 0.043750
0 0.682813 0.867708 0.042708 0.047917
0 0.955729 0.223958 0.044792 0.033333
0 0.239063 0.792188 0.019792 0.038542
0 0.748958 0.630208 0.037500 0.035417
0 0.538021 0.864583 0.044792 0.033333
0 0.810937 0.618750 0.046875 0.043750
0 0.219792 0.295833 0.052083 0.043750
0 0.174479 0.664583 0.026042 0.045833
0 0.092188 0.644792 0.042708 0.027083
0 0.530729 0.700521 0.030208 0.053125
0 0.876042 0.322396 0.022917 0.040625
0 0.429688 0.503125 0.048958 0.052083
0 0.628646 0.672917 0.019792 0.037500
0 0.239063 0.228125 0.042708 0.029167
0 0.667188 0.717187 0.026042 0.046875
0 0.341146 0.427604 0.051042 0.026042
0 0.658854 0.614062 0.034375 0.046875
0 0.717187 0.363021 0.055208 0.040625
0 0.806250 0.839583 0.047917 0.027083
0 0.116667 0.853125 0.041667 0.029167
0 0.542188 0.339583 0.032292 0.052083
0 0.116667 0.948958 0.029167 0.037500
0 0.354167 0.278125 0.039583 0.041667
0 0.928646 0.184896 0.034375 0.040625
0 0.184896 0.195312 0.040625 0.055208
0 0.705208 0.798958 0.020833 0.039583
0 0.473438 0.421875 0.042708 0.047917
0 0.805208 0.930208 0.045833 0.045833
0 0.534896 0.768750 0.040625 0.020833
0 0.580729 0.658854 0.044792 0.040625
0 0.679167 0.450521 0.054167 0.044792
0 0.165104 0.255208 0.036458 0.047917
0 0.587500 0.074479 0.047917 0.030208
0 0.820312 0.630208 0.026042 0.041667
0 0.291667 0.616146 0.050000 0.042708
0 0.285938 0.650521 0.040625 0.034375
0 0.459375 0.107292 0.041667 0.052083
0 0.634896 0.376563 0.055208 0.051042
0 0.625000 0.664583 0.033333 0.043750
0 0.423958 0.362500 0.047917 0.037500
0 0.774479 0.202604 0.019792 0.038542
0 0.082812 0.870313 0.030208 0.044792
0 0.645833 0.452604 0.033333 0.040625
0 0.771354 0.507292 0.038542 0.043750
0 0.289583 0.188021 0.041667 0.048958
0 0.586979 0.353646 0.032292 0.048958
0 0.106250 0.423958 0.052083 0.041667
0 0.675000 0.890625 0.045833 0.031250
0 0.564063 0.203646 0.042708 0.023958
0 0.643229 0.230208 0.023958 0.041667
0 0.248438 0.792708 0.030208 0.039583
0 0.507812 0.734375 0.038542 0.029167
0 0.756250 0.139063 0.039583 0.038542
0 0.247396 0.277083 0.036458 0.043750
0 0.204687 0.267708 0.042708 0.039583
0 0.904687 0.205729 0.028125 0.044792
0 0.812500 0.253125 0.018750 0.035417
0 0.713542 0.521354 0.037500 0.044792
0 0.734896 0.375521 0.021875 0.038542
0 0.652083 0.637500 0.052083 0.047917
0 0.798438 0.371875 0.036458 0.037500
0 0.676562 0.355208 0.042708 0.027083
0 0.708333 0.423438 0.047917 0.046875
0 0.827083 0.111458 0.035417 0.020833
0 0.383854 0.959375 0.044792 0.047917
0 0.660417 0.805729 0.054167 0.036458
0 0.158333 0.789583 0.029167 0.041667
0 0.176563 0.813021 0.036458 0.040625
0 0.161979 0.107813 0.046875 0.034375
0 0.693750 0.333854 0.027083 0.042708
0 0.675000 0.510938 0.045833 0.026042
0 0.140625 0.897917 0.052083 0.043750
0 0.450521 0.264583 0.042708 0.037500
0 0.557813 0.313021 0.044792 0.040625
0 0.834896 0.326042 0.042708 0.029167
0 0.550000 0.786979 0.054167 0.046875
0 0.891667 0.113021 0.041667 0.048958
0 0.443750 0.666146 0.037500 0.048958
0 0.538021 0.633333 0.036458 0.037500
0 0.711979 0.450521 0.021875 0.038542
0 0.176042 0.327604 0.039583 0.036458
0 0.483333 0.464583 0.025000 0.041667
0 0.632812 0.294792 0.028125 0.039583
0 0.355208 0.299479 0.050000 0.042708
0 0.713542 0.293750 0.018750 0.035417
0 0.772396 0.875000 0.038542 0.052083
0 0.253125 0.286458 0.039583 0.047917
0 0.222396 0.288021 0.034375 0.051042
0 0.449479 0.594792 0.053125 0.037500
0 0.527604 0.427083 0.038542 0.035417
0 0.502604 0.097917 0.042708 0.039583
0 0.927604 0.871354 0.044792 0.040625
0 0.477083 0.752083 0.050000 0.050000
0 0.592708 0.213542 0.043750 0.052083
0 0.683333 0.649479 0.037500 0.040625
0 0.262500 0.469271 0.037500 0.053125
0 0.555729 0.575000 0.038542 0.035417
0 0.531771 0.181250 0.038542 0.052083
0 0.463542 0.362500 0.045833 0.043750
0 0.847396 0.485938 0.055208 0.040625
0 0.537500 0.371354 0.039583 0.026042
0 0.960417 0.543229 0.025000 0.038542
0 0.174479 0.384375 0.023958 0.041667
0 0.776042 0.200000 0.035417 0.037500
0 0.790104 0.601562 0.030208 0.044792
0 0.705729 0.511979 0.042708 0.044792
0 0.618229 0.564583 0.040625 0.020833
0 0.238021 0.758333 0.051042 0.031250
0 0.530729 0.275000 0.053125 0.045833
0 0.510417 0.272917 0.025000 0.047917
0 0.368229 0.388542 0.038542 0.031250
0 0.958333 0.331250 0.029167 0.045833
0 0.275000 0.734896 0.025000 0.042708
0 0.432292 0.579688 0.029167 0.040625
0 0.895833 0.293229 0.039583 0.030208
0 0.706250 0.313542 0.035417 0.043750
0 0.434896 0.925000 0.023958 0.037500
0 0.120313 0.098958 0.044792 0.033333
0 0.413021 0.545833 0.044792 0.027083
0 0.375000 0.353646 0.052083 0.051042
0 0.200000 0.906771 0.054167 0.048958
0 0.333333 0.943750 0.027083 0.037500
0 0.390625 0.671354 0.031250 0.040625
0 0.725521 0.672917 0.042708 0.037500
0 0.287500 0.621875 0.037500 0.027083
0 0.261458 0.844271 0.045833 0.036458
0 0.755208 0.115104 0.035417 0.044792
0 0.375521 0.224479 0.036458 0.051042
0 0.958854 0.734375 0.044792 0.045833
0 0.170833 0.606771 0.045833 0.055208
0 0.969792 0.822396 0.047917 0.028125
0 0.733333 0.622917 0.052083 0.043750
0 0.358333 0.660937 0.035417 0.044792
0 0.560937 0.719792 0.030208 0.047917
0 0.797917 0.589063 0.039583 0.034375
0 0.586458 0.260937 0.043750 0.040625
0 0.892708 0.303125 0.037500 0.035417
0 0.255729 0.408854 0.051042 0.040625
0 0.108333 0.474479 0.050000 0.053125
0 0.568229 0.867188 0.051042 0.034375
0 0.371875 0.208854 0.035417 0.053125
0 0.868229 0.809375 0.032292 0.043750
0 0.834375 0.784375 0.043750 0.025000
0 0.661979 0.135937 0.051042 0.042708
0 0.133333 0.329167 0.043750 0.035417
0 0.353125 0.555729 0.041667 0.044792
0 0.381250 0.496354 0.043750 0.040625
0 0.120833 0.824479 0.050000 0.053125
0 0.636458 0.631771 0.033333 0.040625
0 0.940104 0.952604 0.053125 0.051042
0 0.715625 0.293229 0.037500 0.019792
0 0.857292 0.933333 0.033333 0.037500
0 0.405729 0.452083 0.046875 0.031250
0 0.577604 0.700521 0.051042 0.044792
0 0.498437 0.348958 0.044792 0.045833
0 0.318229 0.383854 0.040625 0.038542
0 0.811458 0.845313 0.041667 0.032292
0 0.695312 0.888021 0.051042 0.055208
0 0.550521 0.736458 0.042708 0.037500
0 0.590104 0.668750 0.040625 0.041667
0 0.081771 0.305729 0.026042 0.046875
0 0.768229 0.937500 0.023958 0.037500
0 0.769271 0.924479 0.038542 0.021875
0 0.762500 0.414062 0.037500 0.038542
0 0.235417 0.829167 0.052083 0.043750
0 0.486979 0.316146 0.030208 0.051042
0 0.230208 0.579688 0.045833 0.036458
0 0.299479 0.409896 0.042708 0.044792
0 0.968750 0.276042 0.043750 0.035417
0 0.485938 0.510417 0.036458 0.018750
0 0.235417 0.306250 0.052083 0.043750
0 0.594792 0.316667 0.033333 0.043750
0 0.154688 0.206250 0.046875 0.031250
0 0.631771 0.857292 0.036458 0.047917
0 0.496875 0.622396 0.039583 0.036458
0 0.819271 0.260937 0.048958 0.046875
0 0.156250 0.761458 0.031250 0.043750
0 0.268229 0.915625 0.051042 0.047917
0 0.748958 0.069271 0.043750 0.028125
0 0.166667 0.607812 0.047917 0.032292
0 0.679688 0.722396 0.044792 0.042708
0 0.628646 0.506250 0.034375 0.039583
0 0.869271 0.068229 0.044792 0.030208
0 0.792188 0.832812 0.044792 0.026042
0 0.763542 0.797917 0.033333 0.043750
0 0.276042 0.385417 0.035417 0.037500
0 0.180729 0.806771 0.048958 0.030208
0 0.568229 0.758333 0.038542 0.031250
0 0.555729 0.159375 0.042708 0.029167
0 0.615104 0.676562 0.019792 0.038542
0 0.512500 0.464583 0.041667 0.025000
0 0.237500 0.099479 0.027083 0.042708
0 0.322396 0.436458 0.038542 0.029167
0 0.802604 0.831250 0.038542 0.025000
0 0.779167 0.563542 0.045833 0.052083
0 0.345313 0.494792 0.040625 0.054167
0 0.204167 0.278646 0.052083 0.053125
0 0.915625 0.528125 0.020833 0.035417
0 0.959896 0.269792 0.048958 0.035417
0 0.763021 0.404687 0.044792 0.055208
0 0.557292 0.714063 0.031250 0.051042
0 0.557292 0.243750 0.039583 0.022917
0 0.786458 0.958854 0.031250 0.044792
0 0.425521 0.292708 0.019792 0.035417
0 0.925000 0.514062 0.037500 0.048958
0 0.186979 0.229687 0.046875 0.026042
0 0.911458 0.380208 0.039583 0.041667
0 0.683854 0.365104 0.051042 0.044792
0 0.112500 0.251042 0.031250 0.045833
0 0.351562 0.545833 0.036458 0.043750
0 0.400521 0.164062 0.030208 0.051042
0 0.122917 0.615625 0.020833 0.035417
0 0.597396 0.498437 0.051042 0.055208
0 0.722917 0.566667 0.047917 0.041667
0 0.225521 0.893750 0.030208 0.039583
0 0.130729 0.831771 0.048958 0.023958
0 0.409896 0.104688 0.028125 0.040625
0 0.619792 0.727083 0.041667 0.052083
0 0.697396 0.580208 0.044792 0.025000
0 0.081250 0.969271 0.035417 0.044792
0 0.663021 0.929167 0.036458 0.022917
0 0.398438 0.788542 0.026042 0.039583
0 0.547396 0.348438 0.040625 0.051042
0 0.497396 0.451562 0.051042 0.030208
0 0.639062 0.966667 0.032292 0.052083
0 0.673958 0.354687 0.054167 0.051042
0 0.628125 0.864583 0.047917 0.041667
0 0.880208 0.953646 0.041667 0.032292
0 0.150521 0.145833 0.048958 0.037500
0 0.829688 0.432292 0.053125 0.043750
0 0.261458 0.638542 0.043750 0.045833
0 0.669271 0.770833 0.044792 0.033333
0 0.648438 0.839063 0.038542 0.021875
0 0.846875 0.495312 0.037500 0.053125
0 0.817708 0.263021 0.047917 0.023958
0 0.103646 0.920312 0.048958 0.030208
0 0.560937 0.116667 0.051042 0.029167
0 0.444792 0.823438 0.039583 0.030208
0 0.177083 0.227083 0.035417 0.052083
0 0.604167 0.182292 0.045833 0.043750
0 0.447917 0.632292 0.045833 0.033333
0 0.295312 0.552604 0.044792 0.026042
0 0.281250 0.821354 0.020833 0.038542
0 0.213021 0.843229 0.044792 0.026042
0 0.117708 0.569792 0.047917 0.050000
0 0.600000 0.784896 0.027083 0.042708
0 0.716146 0.518229 0.032292 0.040625
0 0.739062 0.288542 0.038542 0.033333
0 0.457813 0.713021 0.032292 0.044792
0 0.479687 0.199479 0.032292 0.040625
0 0.213021 0.380208 0.026042 0.041667
0 0.695312 0.848437 0.040625 0.032292
0 0.392708 0.595313 0.045833 0.036458
0 0.457292 0.522917 0.052083 0.033333
0 0.272396 0.375521 0.046875 0.038542
0 0.620833 0.724479 0.045833 0.048958
0 0.178125 0.565104 0.039583 0.048958
0 0.624479 0.442708 0.030208 0.043750
0 0.863542 0.711458 0.022917 0.037500
0 0.413021 0.111979 0.055208 0.044792
0 0.683333 0.900000 0.050000 0.031250
0 0.100000 0.325521 0.027083 0.040625
0 0.399479 0.810417 0.042708 0.047917
0 0.091146 0.732812 0.046875 0.048958
0 0.623958 0.082292 0.037500 0.035417
0 0.343750 0.207813 0.039583 0.026042
0 0.867188 0.799479 0.040625 0.023958
0 0.358854 0.779687 0.051042 0.036458
0 0.288542 0.785417 0.035417 0.037500
0 0.737500 0.911458 0.037500 0.041667
0 0.652083 0.439063 0.052083 0.034375
0 0.315625 0.296354 0.035417 0.048958
0 0.544792 0.675521 0.054167 0.046875
0 0.854688 0.299479 0.034375 0.051042
0 0.498958 0.173958 0.041667 0.029167
0 0.615104 0.700521 0.051042 0.038542
0 0.378646 0.198437 0.053125 0.053125
0 0.170833 0.534375 0.047917 0.035417
0 0.377083 0.617188 0.039583 0.026042
0 0.627083 0.430729 0.041667 0.021875
0 0.743229 0.682813 0.040625 0.038542
0 0.959896 0.788021 0.040625 0.034375
0 0.948958 0.180729 0.033333 0.044792
0 0.850000 0.113021 0.043750 0.026042
0 0.577083 0.448437 0.047917 0.032292
0 0.658854 0.729167 0.048958 0.041667
0 0.873437 0.745833 0.053125 0.037500
0 0.863542 0.935417 0.025000 0.039583
0 0.845313 0.100000 0.038542 0.025000
0 0.908333 0.186979 0.041667 0.044792
0 0.521354 0.596875 0.034375 0.047917
0 0.217188 0.095833 0.048958 0.037500
0 0.967708 0.440104 0.047917 0.046875
0 0.808854 0.479167 0.021875 0.037500
0 0.516146 0.535417 0.044792 0.035417
0 0.271875 0.269792 0.035417 0.035417
0 0.783854 0.157292 0.021875 0.037500
0 0.657813 0.553125 0.028125 0.041667
0 0.881250 0.502083 0.050000 0.029167
0 0.450000 0.377083 0.045833 0.027083
0 0.226042 0.170833 0.037500 0.052083
0 0.951562 0.398958 0.038542 0.035417
0 0.303646 0.294792 0.023958 0.047917
0 0.597917 0.625521 0.031250 0.040625
0 0.919271 0.472396 0.023958 0.040625
0 0.695833 0.072917 0.052083 0.035417
0 0.709375 0.723437 0.045833 0.055208
0 0.255208 0.802604 0.043750 0.042708
0 0.527083 0.439583 0.050000 0.031250
0 0.518750 0.294271 0.050000 0.044792
0 0.380729 0.484896 0.040625 0.023958
0 0.675521 0.923438 0.030208 0.040625
0 0.828646 0.836458 0.046875 0.043750
0 0.803125 0.577083 0.043750 0.022917
0 0.898438 0.962500 0.019792 0.037500
0 0.431771 0.111979 0.055208 0.046875
0 0.827604 0.656250 0.036458 0.018750
0 0.359375 0.599479 0.039583 0.034375
0 0.227083 0.676042 0.041667 0.039583
0 0.905729 0.601562 0.034375 0.040625
0 0.359896 0.198958 0.042708 0.041667
0 0.770312 0.105208 0.044792 0.037500
0 0.507292 0.489063 0.050000 0.036458
0 0.783854 0.848958 0.028125 0.039583
0 0.792708 0.385417 0.052083 0.041667
0 0.433333 0.586979 0.047917 0.046875
0 0.521354 0.215625 0.048958 0.052083
0 0.589063 0.651042 0.038542 0.031250
0 0.635938 0.114062 0.030208 0.040625
0 0.759896 0.215104 0.044792 0.051042
0 0.689583 0.450000 0.022917 0.039583
0 0.107292 0.356250 0.045833 0.022917
0 0.378125 0.125521 0.035417 0.053125
0 0.369271 0.284896 0.048958 0.032292
0 0.482812 0.779687 0.042708 0.023958
0 0.748958 0.898438 0.050000 0.038542
0 0.417187 0.553646 0.046875 0.038542
0 0.967708 0.363021 0.054167 0.036458
0 0.960417 0.314583 0.041667 0.037500
0 0.235417 0.604688 0.047917 0.053125
0 0.950521 0.738021 0.040625 0.051042
0 0.534375 0.411979 0.043750 0.048958
0 0.226562 0.176563 0.044792 0.040625
0 0.385417 0.206250 0.045833 0.031250
0 0.418229 0.301563 0.023958 0.042708
0 0.949479 0.385417 0.042708 0.041667
0 0.379167 0.598437 0.052083 0.030208
0 0.613542 0.737500 0.041667 0.025000
0 0.930208 0.317188 0.020833 0.036458
0 0.327604 0.636979 0.044792 0.030208
0 0.208854 0.774479 0.036458 0.040625
0 0.282813 0.177604 0.040625 0.023958
0 0.841667 0.781771 0.025000 0.042708
0 0.756771 0.894792 0.038542 0.043750
0 0.308333 0.488542 0.052083 0.045833
0 0.586458 0.483854 0.039583 0.038542
0 0.808854 0.159375 0.026042 0.050000
0 0.803125 0.507292 0.033333 0.050000
0 0.492188 0.794792 0.051042 0.035417
0 0.613542 0.489583 0.047917 0.027083
0 0.619792 0.451042 0.043750 0.037500
0 0.130208 0.342187 0.043750 0.042708
0 0.240104 0.646354 0.032292 0.040625
0 0.669271 0.093229 0.044792 0.032292
0 0.917188 0.754687 0.044792 0.026042
0 0.191146 0.261458 0.051042 0.050000
0 0.797917 0.391146 0.050000 0.038542
0 0.726562 0.642708 0.051042 0.029167
0 0.813542 0.784375 0.052083 0.045833
0 0.898958 0.481250 0.033333 0.037500
0 0.229687 0.229687 0.044792 0.051042
0 0.463542 0.958854 0.039583 0.055208
0 0.561458 0.461979 0.041667 0.044792
0 0.875000 0.123438 0.045833 0.034375
0 0.238021 0.794792 0.042708 0.031250
0 0.584375 0.967708 0.027083 0.041667
0 0.221354 0.162500 0.032292 0.052083
0 0.466667 0.382812 0.045833 0.040625
0 0.645312 0.331250 0.040625 0.041667
0 0.091146 0.166667 0.040625 0.047917
0 0.497396 0.718750 0.053125 0.043750
0 0.634896 0.847917 0.034375 0.043750
0 0.613542 0.679688 0.039583 0.034375
0 0.839063 0.168229 0.053125 0.053125
0 0.358333 0.886979 0.043750 0.042708
0 0.622917 0.677604 0.039583 0.044792
0 0.280208 0.582292 0.037500 0.018750
0 0.556771 0.577083 0.048958 0.039583
0 0.875000 0.800000 0.037500 0.018750
0 0.906771 0.947396 0.053125 0.051042
0 0.572396 0.818229 0.055208 0.038542
0 0.708854 0.879687 0.038542 0.038542
0 0.660417 0.545833 0.033333 0.047917
0 0.325000 0.285938 0.031250 0.040625
0 0.665104 0.476562 0.044792 0.040625
0 0.838542 0.606250 0.043750 0.052083
0 0.600000 0.870833 0.035417 0.037500
0 0.452083 0.452604 0.054167 0.044792
0 0.139583 0.651563 0.045833 0.032292
0 0.783854 0.415104 0.048958 0.046875
0 0.916667 0.825000 0.052083 0.043750
0 0.522396 0.349479 0.034375 0.053125
0 0.515104 0.369271 0.038542 0.051042
0 0.913021 0.759896 0.051042 0.053125
0 0.264583 0.547917 0.037500 0.043750
0 0.078646 0.430208 0.032292 0.039583
0 0.500521 0.087500 0.044792 0.033333
0 0.128646 0.762500 0.026042 0.041667
0 0.882292 0.917188 0.039583 0.036458
0 0.307812 0.313542 0.038542 0.035417
0 0.561979 0.249479 0.026042 0.040625
0 0.720833 0.688021 0.054167 0.044792
0 0.802604 0.843750 0.044792 0.033333
0 0.338021 0.280208 0.038542 0.043750
0 0.546354 0.934375 0.038542 0.035417
0 0.520833 0.780729 0.041667 0.021875
0 0.248958 0.151042 0.041667 0.025000
0 0.252604 0.084375 0.044792 0.033333
0 0.952083 0.784375 0.037500 0.035417
0 0.233333 0.560937 0.037500 0.021875
0 0.703646 0.282292 0.034375 0.047917
0 0.781250 0.910937 0.045833 0.032292
0 0.465625 0.571875 0.037500 0.027083
0 0.078646 0.520833 0.042708 0.033333
0 0.826042 0.646354 0.054167 0.048958
0 0.594792 0.475521 0.043750 0.032292
0 0.423958 0.898438 0.047917 0.044792
0 0.613542 0.625000 0.043750 0.045833
0 0.826562 0.881250 0.028125 0.045833
0 0.705208 0.397396 0.054167 0.038542
0 0.883333 0.313542 0.047917 0.050000
0 0.430729 0.410938 0.051042 0.030208
0 0.610938 0.361458 0.034375 0.052083
0 0.657813 0.376042 0.028125 0.039583
0 0.383333 0.218229 0.031250 0.044792
0 0.909375 0.862500 0.031250 0.050000
0 0.522917 0.958854 0.039583 0.053125
0 0.811979 0.657813 0.032292 0.048958
0 0.559375 0.770833 0.037500 0.022917
0 0.629167 0.453646 0.045833 0.038542
0 0.619271 0.954167 0.036458 0.047917
0 0.807292 0.677604 0.043750 0.055208
0 0.793229 0.134896 0.030208 0.044792
0 0.521875 0.133333 0.031250 0.043750
0 0.475000 0.315104 0.050000 0.028125
0 0.448437 0.463542 0.036458 0.043750
0 0.665104 0.924479 0.028125 0.040625
0 0.870833 0.153125 0.052083 0.041667
0 0.527604 0.572917 0.038542 0.043750
0 0.731771 0.416667 0.026042 0.045833
0 0.110417 0.572396 0.020833 0.038542
0 0.111979 0.727604 0.055208 0.048958
0 0.822917 0.366146 0.043750 0.021875
0 0.521354 0.678646 0.048958 0.044792
0 0.897396 0.392188 0.023958 0.042708
0 0.617708 0.749479 0.043750 0.030208
0 0.469792 0.589583 0.027083 0.041667
0 0.552604 0.102604 0.051042 0.053125
0 0.143750 0.070833 0.043750 0.033333
0 0.515625 0.350000 0.033333 0.047917
0 0.350000 0.570833 0.047917 0.033333
0 0.737500 0.520833 0.033333 0.050000
0 0.178646 0.863542 0.019792 0.037500
0 0.242188 0.915104 0.044792 0.051042
0 0.936458 0.658333 0.041667 0.037500
0 0.472917 0.760417 0.043750 0.045833
0 0.489063 0.421875 0.030208 0.047917
0 0.178646 0.967187 0.023958 0.042708
0 0.864062 0.585417 0.048958 0.041667
0 0.536458 0.409896 0.041667 0.048958
0 0.379167 0.291146 0.020833 0.040625
0 0.591667 0.681250 0.029167 0.050000
0 0.481771 0.798958 0.051042 0.031250
0 0.792188 0.582812 0.040625 0.055208
0 0.221875 0.242708 0.041667 0.047917
0 0.857292 0.516146 0.016667 0.034375
0 0.491667 0.203646 0.022917 0.040625
0 0.728646 0.641667 0.034375 0.037500
0 0.747396 0.667188 0.046875 0.048958
0 0.816667 0.325000 0.050000 0.031250
0 0.668229 0.730208 0.034375 0.043750
0 0.537500 0.643229 0.045833 0.034375
0 0.214583 0.869271 0.041667 0.048958
0 0.210938 0.324479 0.034375 0.046875
0 0.440625 0.853125 0.041667 0.029167
0 0.650000 0.126042 0.041667 0.025000
0 0.884375 0.901563 0.054167 0.048958
0 0.644792 0.688021 0.050000 0.034375
0 0.108333 0.098958 0.035417 0.047917
0 0.252083 0.951562 0.043750 0.042708
0 0.890104 0.489583 0.044792 0.052083
0 0.744271 0.195312 0.055208 0.036458
0 0.502604 0.258333 0.053125 0.047917
0 0.442708 0.468750 0.052083 0.047917
0 0.257292 0.523438 0.050000 0.053125
0 0.256250 0.933333 0.037500 0.025000
0 0.776563 0.116667 0.046875 0.043750
0 0.338021 0.250000 0.026042 0.045833
0 0.925521 0.411979 0.048958 0.030208
0 0.348438 0.617188 0.053125 0.034375
0 0.390625 0.869271 0.050000 0.042708
0 0.584375 0.614583 0.035417 0.018750
0 0.906250 0.581771 0.047917 0.046875
0 0.079167 0.669792 0.047917 0.050000
0 0.217708 0.312500 0.047917 0.039583
0 0.103125 0.846354 0.039583 0.034375
0 0.829688 0.198437 0.032292 0.048958
0 0.761458 0.759375 0.052083 0.043750
0 0.416146 0.123958 0.046875 0.029167
0 0.816667 0.242708 0.031250 0.043750
0 0.732292 0.219792 0.052083 0.037500
0 0.909896 0.805729 0.055208 0.044792
0 0.253125 0.409375 0.047917 0.035417
0 0.463021 0.919792 0.036458 0.047917
0 0.083854 0.698958 0.028125 0.043750
0 0.963021 0.176042 0.038542 0.031250
0 0.314583 0.650521 0.037500 0.053125
0 0.340104 0.218229 0.034375 0.051042
0 0.867188 0.288021 0.038542 0.040625
0 0.175000 0.419271 0.054167 0.051042
0 0.690625 0.325000 0.037500 0.052083
0 0.367188 0.277083 0.044792 0.047917
0 0.466667 0.564583 0.043750 0.052083
0 0.184375 0.326562 0.039583 0.036458
0 0.300000 0.398958 0.050000 0.047917
0 0.753646 0.735417 0.040625 0.047917
0 0.866667 0.843750 0.027083 0.041667
0 0.742708 0.202083 0.047917 0.050000
0 0.617188 0.078125 0.030208 0.039583
0 0.943229 0.529687 0.028125 0.040625
0 0.702083 0.463021 0.050000 0.034375
0 0.100521 0.248958 0.040625 0.025000
0 0.425000 0.367188 0.054167 0.048958
0 0.645312 0.761458 0.048958 0.041667
0 0.963542 0.945312 0.039583 0.036458
0 0.245312 0.844792 0.051042 0.035417
0 0.303646 0.134896 0.030208 0.048958
0 0.631771 0.161979 0.046875 0.028125
0 0.349479 0.852604 0.040625 0.044792
0 0.078125 0.769271 0.037500 0.053125
0 0.254688 0.146875 0.044792 0.047917