0 0.640104 0.389062 0.044792 0.055208
0 0.774479 0.322917 0.032292 0.047917
0 0.253646 0.355208 0.042708 0.047917
0 0.764583 0.597917 0.039583 0.041667
0 0.494792 0.696875 0.029167 0.037500
0 0.235417 0.155729 0.037500 0.019792
0 0.419792 0.283333 0.045833 0.029167
0 0.717708 0.499479 0.047917 0.046875
0 0.794271 0.762500 0.044792 0.045833
0 0.591667 0.489583 0.037500 0.027083
0 0.169271 0.626563 0.032292 0.053125
0 0.273438 0.664583 0.030208 0.050000
0 0.708333 0.097917 0.016667 0.033333
0 0.291667 0.783333 0.052083 0.043750
0 0.739583 0.708333 0.027083 0.043750
0 0.941667 0.336458 0.025000 0.047917
0 0.772396 0.334896 0.036458 0.040625
0 0.575521 0.578646 0.030208 0.053125
0 0.438542 0.635938 0.043750 0.042708
0 0.277083 0.249479 0.039583 0.048958
0 0.527604 0.610938 0.046875 0.038542
0 0.378125 0.907292 0.052083 0.043750
0 0.633854 0.247917 0.023958 0.041667
0 0.569792 0.676562 0.041667 0.044792
0 0.529167 0.870313 0.045833 0.048958
0 0.298438 0.269792 0.036458 0.018750
0 0.755208 0.742708 0.047917 0.052083
0 0.661979 0.209896 0.028125 0.044792
0 0.193750 0.795833 0.025000 0.041667
0 0.342187 0.788542 0.034375 0.047917
0 0.761979 0.903646 0.032292 0.044792
0 0.277604 0.965104 0.051042 0.053125
0 0.690625 0.896354 0.045833 0.038542
0 0.458333 0.083333 0.041667 0.039583
0 0.889062 0.830208 0.042708 0.031250
0 0.291667 0.232813 0.016667 0.034375
0 0.144271 0.552604 0.040625 0.030208
0 0.831771 0.484896 0.051042 0.038542
0 0.849479 0.743229 0.053125 0.034375
0 0.168750 0.271875 0.043750 0.022917
0 0.448958 0.927083 0.041667 0.047917
0 0.368750 0.628125 0.045833 0.043750
0 0.385417 0.619271 0.027083 0.042708
0 0.824479 0.752604 0.038542 0.046875
0 0.480729 0.628125 0.030208 0.050000
0 0.835938 0.115104 0.038542 0.019792
0 0.621875 0.226562 0.054167 0.048958
0 0.681771 0.580208 0.044792 0.035417
0 0.239583 0.266667 0.047917 0.033333
0 0.591667 0.784896 0.054167 0.040625
0 0.371354 0.167708 0.038542 0.031250
0 0.158854 0.610938 0.042708 0.044792
0 0.915104 0.688542 0.053125 0.041667
0 0.415625 0.153646 0.037500 0.021875
0 0.765625 0.217708 0.047917 0.052083
0 0.410417 0.682813 0.039583 0.036458
0 0.109896 0.284375 0.036458 0.020833
0 0.436458 0.313021 0.035417 0.040625
0 0.272396 0.875521 0.051042 0.038542
0 0.161458 0.371875 0.022917 0.043750
0 0.547917 0.371875 0.047917 0.037500
0 0.663542 0.114583 0.047917 0.025000
0 0.815625 0.313542 0.043750 0.033333
0 0.866667 0.295833 0.035417 0.052083
0 0.220833 0.119792 0.022917 0.039583
0 0.795312 0.467708 0.042708 0.031250
0 0.604167 0.666667 0.022917 0.037500
0 0.085417 0.290625 0.035417 0.018750
0 0.418229 0.598437 0.048958 0.028125
0 0.693229 0.082292 0.048958 0.041667
0 0.702083 0.306250 0.037500 0.041667
0 0.578125 0.272396 0.043750 0.042708
0 0.805729 0.668229 0.044792 0.042708
0 0.822396 0.928646 0.030208 0.053125
0 0.175000 0.218229 0.033333 0.040625
0 0.653125 0.253646 0.050000 0.042708
0 0.547396 0.512500 0.038542 0.031250
0 0.213542 0.266146 0.039583 0.026042
0 0.879167 0.810937 0.050000 0.053125
0 0.953125 0.757292 0.037500 0.035417
0 0.383333 0.557813 0.035417 0.017708
0 0.585417 0.255208 0.018750 0.035417
0 0.482292 0.500521 0.052083 0.051042
0 0.278125 0.741667 0.022917 0.039583
0 0.573958 0.127604 0.045833 0.034375
0 0.850000 0.461979 0.047917 0.046875
0 0.165104 0.357812 0.046875 0.034375
0 0.683854 0.931771 0.044792 0.028125
0 0.420833 0.168750 0.039583 0.041667
0 0.679688 0.715104 0.046875 0.038542
0 0.117708 0.751042 0.043750 0.025000
0 0.581771 0.750000 0.053125 0.039583
0 0.303125 0.220833 0.039583 0.047917
0 0.773438 0.165625 0.028125 0.041667
0 0.180208 0.901042 0.052083 0.047917
0 0.931771 0.856250 0.036458 0.037500
0 0.308854 0.687500 0.032292 0.043750
0 0.375521 0.134375 0.044792 0.047917
0 0.618229 0.605729 0.055208 0.036458
0 0.764062 0.430729 0.055208 0.048958
0 0.185938 0.147396 0.040625 0.023958
0 0.370833 0.211458 0.029167 0.041667
0 0.092708 0.785937 0.029167 0.051042
0 0.509896 0.777083 0.023958 0.037500
0 0.324479 0.329688 0.036458 0.017708
0 0.642708 0.558854 0.037500 0.038542
0 0.236979 0.314583 0.040625 0.054167
0 0.306250 0.580729 0.037500 0.044792
0 0.742188 0.075521 0.034375 0.046875
0 0.326042 0.275521 0.039583 0.028125
0 0.436458 0.357292 0.037500 0.033333
0 0.809896 0.937500 0.023958 0.043750
0 0.351562 0.779167 0.034375 0.039583
0 0.380208 0.876563 0.047917 0.023958
0 0.179167 0.825521 0.037500 0.048958
0 0.799479 0.525000 0.038542 0.035417
0 0.547917 0.703125 0.041667 0.039583
0 0.183854 0.744271 0.038542 0.019792
0 0.349479 0.290625 0.042708 0.054167
0 0.121875 0.103125 0.045833 0.043750
0 0.390625 0.441146 0.039583 0.030208
0 0.672917 0.094271 0.035417 0.048958
0 0.201042 0.854688 0.039583 0.030208
0 0.513542 0.452083 0.052083 0.033333
0 0.854688 0.731250 0.048958 0.050000
0 0.913542 0.911458 0.031250 0.050000
0 0.652083 0.842187 0.039583 0.044792
0 0.595313 0.481250 0.042708 0.029167
0 0.265625 0.351562 0.050000 0.042708
0 0.602083 0.620833 0.035417 0.043750
0 0.494271 0.224479 0.040625 0.038542
0 0.373958 0.151042 0.029167 0.041667
0 0.509896 0.230729 0.040625 0.036458
0 0.899479 0.314583 0.036458 0.020833
0 0.212500 0.169792 0.045833 0.022917
0 0.595313 0.433333 0.032292 0.047917
0 0.586979 0.678125 0.051042 0.031250
0 0.772396 0.716667 0.046875 0.043750
0 0.510417 0.335938 0.027083 0.042708
0 0.311979 0.477604 0.048958 0.055208
0 0.263021 0.314583 0.036458 0.043750
0 0.925000 0.881250 0.052083 0.035417
0 0.333333 0.572396 0.041667 0.042708
0 0.513021 0.925000 0.036458 0.052083
0 0.872917 0.748437 0.039583 0.030208
0 0.171875 0.818750 0.025000 0.037500
0 0.948958 0.852604 0.043750 0.048958
0 0.905729 0.756771 0.032292 0.053125
0 0.452083 0.882292 0.047917 0.027083
0 0.790104 0.965104 0.032292 0.040625
0 0.926042 0.846354 0.033333 0.048958
0 0.681250 0.940625 0.043750 0.031250
0 0.760938 0.410417 0.026042 0.039583
0 0.823958 0.780729 0.041667 0.021875
0 0.395833 0.451042 0.047917 0.039583
0 0.679688 0.325521 0.051042 0.053125
0 0.714583 0.603646 0.039583 0.030208
0 0.471875 0.333333 0.035417 0.043750
0 0.599479 0.665625 0.053125 0.037500
0 0.607812 0.568750 0.034375 0.043750
0 0.162500 0.223958 0.037500 0.047917
0 0.950000 0.306250 0.045833 0.045833
0 0.914583 0.854688 0.047917 0.046875
0 0.178125 0.683333 0.052083 0.047917
0 0.198958 0.547917 0.037500 0.025000
0 0.732292 0.871354 0.039583 0.023958
0 0.873958 0.734896 0.041667 0.048958
0 0.700521 0.629687 0.038542 0.021875
0 0.208854 0.485417 0.042708 0.041667
0 0.090104 0.678125 0.038542 0.018750
0 0.136979 0.480729 0.040625 0.026042
0 0.542708 0.159896 0.043750 0.055208
0 0.818229 0.649479 0.040625 0.051042
0 0.359375 0.440104 0.027083 0.040625
0 0.640104 0.251042 0.023958 0.037500
0 0.288542 0.472917 0.022917 0.037500
0 0.946875 0.182812 0.035417 0.048958
0 0.779167 0.527604 0.022917 0.044792
0 0.078646 0.184896 0.044792 0.032292
0 0.109896 0.724479 0.042708 0.044792
0 0.260417 0.182812 0.039583 0.023958
0 0.213021 0.682813 0.038542 0.051042
0 0.661458 0.640625 0.047917 0.039583
0 0.502604 0.811979 0.040625 0.034375
0 0.722396 0.105729 0.044792 0.030208
0 0.861458 0.478125 0.043750 0.045833
0 0.850000 0.381250 0.043750 0.033333
0 0.092708 0.113021 0.039583 0.038542
0 0.857812 0.941146 0.038542 0.051042
0 0.644792 0.239063 0.039583 0.034375
0 0.903125 0.249479 0.025000 0.042708
0 0.455729 0.170313 0.044792 0.051042
0 0.577083 0.326562 0.035417 0.053125
0 0.582292 0.714063 0.050000 0.040625
0 0.612500 0.718229 0.039583 0.036458
0 0.878646 0.779167 0.038542 0.047917
0 0.900521 0.695833 0.021875 0.037500
0 0.822396 0.125000 0.019792 0.039583
0 0.726042 0.833854 0.045833 0.026042
0 0.123958 0.200521 0.047917 0.053125
0 0.242708 0.442188 0.043750 0.042708
0 0.101042 0.243229 0.054167 0.048958
0 0.782292 0.828125 0.043750 0.033333
0 0.211979 0.856250 0.038542 0.029167
0 0.400521 0.872396 0.048958 0.046875
0 0.567187 0.650000 0.032292 0.052083
0 0.134375 0.621354 0.043750 0.048958
0 0.610417 0.893750 0.035417 0.052083
0 0.754167 0.220312 0.054167 0.036458
0 0.859896 0.572396 0.051042 0.044792
0 0.857292 0.336458 0.041667 0.025000
0 0.147917 0.714583 0.041667 0.039583
0 0.918229 0.722396 0.055208 0.036458
0 0.944792 0.509896 0.035417 0.044792
0 0.280729 0.388021 0.023958 0.040625
0 0.569271 0.308854 0.040625 0.044792
0 0.757292 0.344792 0.029167 0.037500
0 0.507292 0.454167 0.031250 0.041667
0 0.075000 0.878646 0.025000 0.044792
0 0.472917 0.588021 0.041667 0.055208
0 0.773438 0.648958 0.046875 0.031250
0 0.513542 0.127083 0.029167 0.045833
0 0.672396 0.602083 0.051042 0.050000
0 0.945833 0.726562 0.037500 0.053125
0 0.672396 0.769792 0.032292 0.052083
0 0.931250 0.260417 0.033333 0.052083
0 0.398438 0.766146 0.040625 0.032292
0 0.086979 0.213021 0.030208 0.051042
0 0.850000 0.515104 0.027083 0.040625
0 0.350000 0.401562 0.039583 0.053125
0 0.377083 0.238021 0.025000 0.042708
0 0.876042 0.928125 0.039583 0.047917
0 0.111979 0.410938 0.051042 0.038542
0 0.838542 0.785417 0.035417 0.020833
0 0.481250 0.685417 0.018750 0.035417
0 0.525521 0.708854 0.046875 0.048958
0 0.103646 0.268229 0.026042 0.040625
0 0.958854 0.923958 0.048958 0.041667
0 0.875000 0.720313 0.041667 0.023958
0 0.478646 0.838021 0.046875 0.026042
0 0.438542 0.877604 0.031250 0.048958
0 0.847396 0.259375 0.036458 0.018750
0 0.640104 0.332813 0.028125 0.051042
0 0.493229 0.546354 0.042708 0.023958
0 0.878646 0.665104 0.055208 0.040625
0 0.442188 0.508333 0.028125 0.039583
0 0.767188 0.081771 0.036458 0.017708
0 0.797396 0.232813 0.034375 0.053125
0 0.222396 0.880208 0.040625 0.041667
0 0.604167 0.500000 0.027083 0.047917
0 0.841146 0.941667 0.042708 0.047917
0 0.583854 0.752604 0.053125 0.051042
0 0.699479 0.115104 0.044792 0.030208
0 0.168750 0.289583 0.043750 0.033333
0 0.632292 0.437500 0.027083 0.047917
0 0.191146 0.476042 0.044792 0.045833
0 0.390625 0.498958 0.047917 0.035417
0 0.088542 0.079167 0.039583 0.041667
0 0.701042 0.811458 0.031250 0.050000
0 0.690625 0.415625 0.033333 0.037500
0 0.880208 0.521875 0.029167 0.050000
0 0.459375 0.373437 0.047917 0.032292
0 0.492188 0.860417 0.048958 0.050000
0 0.435937 0.796354 0.040625 0.028125
0 0.177083 0.817708 0.047917 0.041667
0 0.801562 0.510417 0.028125 0.043750
0 0.379688 0.739062 0.048958 0.046875
0 0.655208 0.796875 0.052083 0.043750
0 0.942708 0.439063 0.039583 0.028125
0 0.717187 0.605729 0.040625 0.038542
0 0.378646 0.187500 0.038542 0.043750
0 0.345833 0.155729 0.037500 0.048958
0 0.353125 0.894792 0.037500 0.031250
0 0.829167 0.545833 0.045833 0.031250
0 0.367708 0.087500 0.037500 0.025000
0 0.413021 0.204687 0.046875 0.032292
0 0.236979 0.268229 0.032292 0.040625
0 0.879687 0.961458 0.034375 0.047917
0 0.877083 0.688021 0.043750 0.042708
0 0.408333 0.414583 0.043750 0.045833
0 0.657813 0.878125 0.042708 0.039583
0 0.334375 0.965104 0.045833 0.048958
0 0.177604 0.865625 0.048958 0.035417
0 0.740625 0.395833 0.029167 0.037500
0 0.215625 0.231771 0.039583 0.044792
0 0.933854 0.653125 0.030208 0.039583
0 0.900000 0.483854 0.029167 0.048958
0 0.532292 0.796875 0.052083 0.033333
0 0.476562 0.396354 0.042708 0.055208
0 0.721875 0.225521 0.037500 0.044792
0 0.883854 0.162500 0.032292 0.039583
0 0.880208 0.386979 0.054167 0.038542
0 0.172917 0.496354 0.050000 0.038542
0 0.488542 0.898958 0.035417 0.047917
0 0.700000 0.831771 0.054167 0.042708
0 0.814063 0.460417 0.036458 0.020833
0 0.516667 0.225000 0.031250 0.050000
0 0.105729 0.718750 0.019792 0.037500
0 0.318750 0.617188 0.052083 0.032292
0 0.265625 0.934375 0.045833 0.043750
0 0.785417 0.330729 0.050000 0.044792
0 0.094271 0.427083 0.040625 0.041667
0 0.951042 0.828125 0.052083 0.041667
0 0.745313 0.295833 0.038542 0.043750
0 0.554688 0.144271 0.026042 0.044792
0 0.257812 0.793229 0.048958 0.046875
0 0.106771 0.642708 0.053125 0.045833
0 0.442708 0.751042 0.043750 0.037500
0 0.411979 0.924479 0.042708 0.021875
0 0.956771 0.870313 0.040625 0.028125
0 0.560417 0.332813 0.045833 0.036458
0 0.227604 0.402604 0.051042 0.055208
0 0.595833 0.643750 0.031250 0.037500
0 0.783333 0.269792 0.031250 0.045833
0 0.436979 0.250521 0.019792 0.038542
0 0.830729 0.665104 0.044792 0.021875
0 0.909375 0.461979 0.035417 0.048958
0 0.846875 0.755729 0.027083 0.046875
0 0.230208 0.556250 0.039583 0.041667
0 0.529167 0.166146 0.025000 0.046875
0 0.895312 0.250521 0.032292 0.044792
0 0.310937 0.297396 0.040625 0.036458
0 0.794792 0.130729 0.047917 0.046875
0 0.187500 0.380729 0.054167 0.046875
0 0.438542 0.822396 0.050000 0.040625
0 0.650000 0.510938 0.039583 0.019792
0 0.666146 0.372917 0.044792 0.045833
0 0.717708 0.773958 0.043750 0.022917
0 0.596354 0.093750 0.036458 0.020833
0 0.592187 0.370833 0.048958 0.035417
0 0.560417 0.533854 0.047917 0.032292
0 0.651042 0.071875 0.037500 0.027083
0 0.329688 0.235937 0.030208 0.044792
0 0.751042 0.230729 0.037500 0.038542