0 0.286458 0.601562 0.029167 0.040625
0 0.757812 0.700521 0.038542 0.019792
0 0.242708 0.351562 0.031250 0.053125
0 0.275521 0.809375 0.038542 0.031250
0 0.536979 0.887500 0.042708 0.047917
0 0.200521 0.788542 0.040625 0.047917
0 0.829167 0.923438 0.054167 0.036458
0 0.208333 0.759896 0.035417 0.053125
0 0.111979 0.380208 0.042708 0.039583
0 0.121875 0.563542 0.047917 0.039583
0 0.738021 0.232813 0.038542 0.021875
0 0.582292 0.941667 0.025000 0.047917
0 0.928125 0.513542 0.037500 0.033333
0 0.871354 0.152604 0.044792 0.042708
0 0.603125 0.552604 0.043750 0.021875
0 0.478125 0.465625 0.047917 0.037500
0 0.531771 0.189583 0.026042 0.037500
0 0.586979 0.508333 0.026042 0.041667
0 0.889062 0.561458 0.053125 0.043750
0 0.442188 0.654167 0.026042 0.045833
0 0.613542 0.246354 0.039583 0.028125
0 0.396354 0.678646 0.040625 0.034375
0 0.885938 0.319792 0.032292 0.039583
0 0.358333 0.550521 0.018750 0.038542
0 0.631250 0.796875 0.045833 0.031250
0 0.512500 0.259375 0.045833 0.033333
0 0.262500 0.429688 0.045833 0.026042
0 0.340104 0.544271 0.040625 0.036458
0 0.099479 0.856250 0.036458 0.020833
0 0.873958 0.529687 0.020833 0.042708
0 0.466146 0.532292 0.036458 0.018750
0 0.662500 0.579167 0.041667 0.031250
0 0.911979 0.675000 0.034375 0.052083
0 0.379167 0.223958 0.041667 0.025000
0 0.768750 0.923438 0.037500 0.038542
0 0.577083 0.779167 0.039583 0.041667
0 0.788021 0.448958 0.038542 0.033333
0 0.802083 0.611458 0.037500 0.033333
0 0.850521 0.319271 0.021875 0.038542
0 0.892188 0.519271 0.040625 0.034375
0 0.352604 0.648958 0.053125 0.047917
0 0.091146 0.433854 0.046875 0.028125
0 0.375521 0.118229 0.036458 0.040625
0 0.892188 0.501563 0.046875 0.038542
0 0.144271 0.227604 0.040625 0.038542
0 0.891667 0.908333 0.039583 0.052083
0 0.791667 0.340104 0.039583 0.044792
0 0.958333 0.970313 0.025000 0.044792
0 0.571875 0.797917 0.033333 0.037500
0 0.120833 0.376042 0.041667 0.029167
0 0.184896 0.917188 0.046875 0.023958
0 0.646875 0.884375 0.047917 0.033333
0 0.583854 0.174479 0.048958 0.032292
0 0.232813 0.909375 0.038542 0.031250
0 0.871875 0.659896 0.039583 0.032292
0 0.516146 0.118229 0.032292 0.053125
0 0.669792 0.940625 0.047917 0.041667
0 0.357812 0.606771 0.034375 0.051042
0 0.957292 0.617188 0.047917 0.046875
0 0.684375 0.485417 0.041667 0.027083
0 0.925521 0.213021 0.053125 0.034375
0 0.515625 0.232813 0.016667 0.034375
0 0.359896 0.227083 0.038542 0.035417
0 0.768229 0.885417 0.046875 0.052083
0 0.372917 0.575000 0.033333 0.037500
0 0.691667 0.106771 0.022917 0.038542
0 0.657292 0.239063 0.039583 0.036458
0 0.805208 0.269271 0.039583 0.032292
0 0.540104 0.690104 0.038542 0.055208
0 0.632292 0.663021 0.047917 0.046875
0 0.421875 0.803125 0.033333 0.037500
0 0.725521 0.300521 0.026042 0.051042
0 0.241146 0.464583 0.048958 0.025000
0 0.470833 0.201042 0.047917 0.033333
0 0.629687 0.677604 0.051042 0.044792
0 0.492708 0.379167 0.041667 0.029167
0 0.580208 0.871875 0.043750 0.033333
0 0.468229 0.328125 0.046875 0.043750
0 0.582292 0.852604 0.045833 0.048958
0 0.520312 0.732812 0.038542 0.051042
0 0.315625 0.139583 0.037500 0.035417
0 0.417708 0.277604 0.052083 0.034375
0 0.573958 0.680729 0.039583 0.053125
0 0.350521 0.397917 0.042708 0.025000
0 0.360417 0.843229 0.041667 0.032292
0 0.303125 0.720833 0.045833 0.029167
0 0.505729 0.100521 0.036458 0.040625
0 0.357292 0.513021 0.054167 0.040625
0 0.117188 0.829688 0.053125 0.032292
0 0.246354 0.229167 0.042708 0.037500
0 0.202083 0.727604 0.050000 0.053125
0 0.696875 0.796354 0.031250 0.040625
0 0.153646 0.926562 0.040625 0.026042
0 0.322917 0.447396 0.047917 0.053125
0 0.570833 0.232292 0.039583 0.022917
0 0.778125 0.727604 0.037500 0.038542
0 0.392188 0.585417 0.044792 0.052083
0 0.132292 0.928125 0.039583 0.041667
0 0.717708 0.842187 0.031250 0.040625
0 0.097917 0.723958 0.041667 0.052083
0 0.311979 0.266146 0.034375 0.051042
0 0.679688 0.596875 0.044792 0.033333
0 0.668229 0.429167 0.019792 0.039583
0 0.432812 0.553125 0.042708 0.039583
0 0.772917 0.383333 0.039583 0.025000
0 0.250521 0.649479 0.042708 0.051042
0 0.098958 0.906771 0.045833 0.055208
0 0.227083 0.489583 0.025000 0.037500
0 0.633854 0.498437 0.051042 0.044792
0 0.514062 0.186979 0.051042 0.038542
0 0.478125 0.791667 0.047917 0.041667
0 0.769271 0.457813 0.044792 0.051042
0 0.146875 0.386458 0.050000 0.047917
0 0.806250 0.206250 0.035417 0.037500
0 0.382292 0.376563 0.041667 0.023958
0 0.595833 0.957812 0.039583 0.032292
0 0.837500 0.727083 0.041667 0.052083
0 0.170313 0.950000 0.044792 0.047917
0 0.073958 0.401562 0.039583 0.030208
0 0.137500 0.231771 0.025000 0.042708
0 0.813021 0.175521 0.044792 0.030208
0 0.134375 0.539583 0.039583 0.020833
0 0.159375 0.647396 0.050000 0.034375
0 0.635417 0.922396 0.043750 0.021875
0 0.614583 0.332292 0.047917 0.052083
0 0.839063 0.686458 0.042708 0.047917
0 0.169271 0.249479 0.038542 0.051042
0 0.270313 0.727604 0.019792 0.038542
0 0.198958 0.199479 0.054167 0.048958
0 0.952604 0.598958 0.048958 0.041667
0 0.756250 0.359375 0.020833 0.035417
0 0.525000 0.842708 0.043750 0.033333
0 0.585938 0.910937 0.036458 0.055208
0 0.503125 0.503125 0.035417 0.037500
0 0.344271 0.934896 0.032292 0.048958
0 0.650521 0.318750 0.044792 0.052083
0 0.203125 0.075000 0.041667 0.029167
0 0.459896 0.149479 0.021875 0.042708
0 0.165104 0.384375 0.044792 0.052083
0 0.367188 0.669271 0.023958 0.040625
0 0.147396 0.758333 0.038542 0.029167
0 0.906771 0.615104 0.040625 0.026042
0 0.489583 0.903125 0.041667 0.025000
0 0.859375 0.397917 0.043750 0.035417
0 0.684896 0.820833 0.032292 0.047917
0 0.815625 0.698438 0.039583 0.028125
0 0.143750 0.286979 0.039583 0.030208
0 0.719792 0.686458 0.037500 0.029167
0 0.966146 0.260937 0.042708 0.055208
0 0.618229 0.791146 0.038542 0.040625
0 0.486979 0.726042 0.046875 0.029167
0 0.617708 0.470833 0.029167 0.041667
0 0.910417 0.734375 0.041667 0.029167
0 0.517708 0.552083 0.041667 0.047917
0 0.502604 0.112500 0.023958 0.045833
0 0.810417 0.754167 0.043750 0.025000
0 0.158854 0.422917 0.046875 0.031250
0 0.688021 0.525000 0.044792 0.045833
0 0.953125 0.659896 0.043750 0.030208
0 0.477604 0.703646 0.055208 0.044792
0 0.641667 0.545833 0.045833 0.052083
0 0.255729 0.818229 0.030208 0.040625
0 0.170313 0.271875 0.038542 0.027083
0 0.885938 0.215625 0.032292 0.047917
0 0.800521 0.282813 0.038542 0.038542
0 0.558854 0.664062 0.026042 0.044792
0 0.185938 0.732292 0.040625 0.041667
0 0.494271 0.518750 0.053125 0.037500
0 0.217708 0.317708 0.050000 0.029167
0 0.274479 0.956771 0.036458 0.051042
0 0.302083 0.296875 0.025000 0.037500
0 0.130208 0.868229 0.045833 0.036458
0 0.159896 0.573958 0.046875 0.045833
0 0.719271 0.365625 0.040625 0.020833
0 0.857292 0.403125 0.031250 0.043750
0 0.310417 0.896354 0.037500 0.053125
0 0.404687 0.247396 0.046875 0.026042
0 0.792188 0.846875 0.023958 0.037500
0 0.323437 0.377083 0.044792 0.025000
0 0.623958 0.605729 0.037500 0.038542
0 0.836979 0.431771 0.051042 0.026042
0 0.477083 0.314063 0.045833 0.036458
0 0.810937 0.401042 0.042708 0.031250
0 0.790104 0.446875 0.053125 0.043750
0 0.141667 0.131250 0.029167 0.041667
0 0.358333 0.533333 0.047917 0.041667
0 0.716146 0.814063 0.038542 0.051042
0 0.263021 0.304688 0.048958 0.046875
0 0.669792 0.944792 0.043750 0.052083
0 0.156250 0.960938 0.054167 0.044792
0 0.821875 0.294792 0.045833 0.043750
0 0.153125 0.321875 0.043750 0.052083
0 0.830729 0.157812 0.051042 0.038542
0 0.635938 0.170833 0.053125 0.041667
0 0.602604 0.108333 0.040625 0.022917
0 0.755729 0.941146 0.036458 0.046875
0 0.658854 0.763542 0.042708 0.031250
0 0.407292 0.665104 0.029167 0.044792
0 0.492188 0.719792 0.053125 0.045833
0 0.365625 0.941146 0.037500 0.019792
0 0.230208 0.297917 0.037500 0.025000
0 0.109896 0.941667 0.030208 0.039583
0 0.804688 0.184896 0.040625 0.028125
0 0.973958 0.607292 0.052083 0.043750
0 0.371354 0.629167 0.053125 0.037500
0 0.554688 0.257812 0.046875 0.038542
0 0.783854 0.654687 0.048958 0.046875
0 0.869271 0.088542 0.038542 0.043750
0 0.367708 0.667188 0.018750 0.036458
0 0.764062 0.534375 0.042708 0.029167
0 0.315625 0.592708 0.045833 0.052083
0 0.680208 0.444792 0.037500 0.047917
0 0.120833 0.846354 0.054167 0.038542
0 0.545833 0.939063 0.050000 0.026042
0 0.544792 0.581771 0.035417 0.040625
0 0.869792 0.811979 0.052083 0.032292
0 0.757292 0.297396 0.047917 0.044792
0 0.729167 0.319271 0.045833 0.038542
0 0.397917 0.450000 0.029167 0.041667
0 0.741146 0.456771 0.042708 0.023958
0 0.217708 0.340104 0.045833 0.034375
0 0.269792 0.556771 0.039583 0.034375
0 0.126042 0.152083 0.041667 0.052083
0 0.646354 0.621354 0.028125 0.044792
0 0.492188 0.311979 0.046875 0.028125
0 0.218750 0.651042 0.037500 0.047917
0 0.318229 0.235937 0.044792 0.048958
0 0.769792 0.909375 0.047917 0.027083
0 0.344792 0.697917 0.052083 0.043750
0 0.483854 0.478646 0.028125 0.040625
0 0.496875 0.502604 0.039583 0.034375
0 0.572917 0.726042 0.037500 0.025000
0 0.270833 0.810417 0.020833 0.035417
0 0.852083 0.797917 0.033333 0.050000
0 0.736458 0.192188 0.050000 0.034375
0 0.924479 0.492708 0.040625 0.020833
0 0.199479 0.305208 0.042708 0.047917
0 0.912500 0.271875 0.029167 0.045833
0 0.251563 0.896875 0.032292 0.052083
0 0.128125 0.093750 0.050000 0.029167
0 0.462500 0.744271 0.037500 0.044792
0 0.795833 0.896875 0.039583 0.047917
0 0.807813 0.076042 0.038542 0.043750
0 0.507812 0.277604 0.055208 0.048958
0 0.318750 0.672917 0.041667 0.039583
0 0.301563 0.741146 0.034375 0.046875
0 0.091146 0.230208 0.036458 0.018750
0 0.257812 0.720313 0.042708 0.051042
0 0.347396 0.803125 0.036458 0.037500
0 0.747396 0.536979 0.026042 0.040625
0 0.427604 0.115625 0.038542 0.035417
0 0.190104 0.581250 0.048958 0.052083
0 0.329688 0.397396 0.055208 0.036458
0 0.453646 0.733854 0.046875 0.055208
0 0.721354 0.687500 0.051042 0.050000
0 0.954167 0.759375 0.033333 0.037500
0 0.298958 0.875000 0.045833 0.052083
0 0.108854 0.522396 0.021875 0.038542
0 0.109896 0.523438 0.026042 0.044792
0 0.240104 0.328646 0.055208 0.044792
0 0.087500 0.697396 0.041667 0.048958
0 0.689583 0.331771 0.043750 0.042708
0 0.874479 0.083854 0.055208 0.036458
0 0.235937 0.780729 0.044792 0.055208
0 0.822396 0.342708 0.048958 0.052083
0 0.825521 0.559375 0.030208 0.039583
0 0.919271 0.676042 0.040625 0.052083
0 0.526042 0.925000 0.037500 0.025000
0 0.281250 0.882812 0.027083 0.046875
0 0.458854 0.555208 0.048958 0.037500
0 0.484896 0.896875 0.036458 0.037500
0 0.107813 0.491667 0.053125 0.043750
0 0.796875 0.684896 0.033333 0.040625
0 0.227083 0.333854 0.052083 0.051042
0 0.251563 0.861458 0.036458 0.037500
0 0.609896 0.444271 0.038542 0.051042
0 0.611979 0.740104 0.046875 0.038542
0 0.366667 0.347917 0.045833 0.052083
0 0.554167 0.548958 0.027083 0.041667
0 0.517708 0.232813 0.043750 0.055208
0 0.855208 0.706250 0.037500 0.031250
0 0.535937 0.251563 0.040625 0.055208
0 0.285938 0.881250 0.036458 0.020833
0 0.549479 0.669792 0.044792 0.035417
0 0.584896 0.780729 0.023958 0.046875
0 0.734375 0.277604 0.031250 0.044792
0 0.680208 0.868750 0.037500 0.031250
0 0.613021 0.356250 0.051042 0.035417
0 0.517708 0.653125 0.047917 0.027083
0 0.938542 0.720833 0.045833 0.029167
0 0.952604 0.501563 0.036458 0.055208
0 0.325000 0.700000 0.033333 0.043750
0 0.179167 0.861979 0.045833 0.032292
0 0.911458 0.853125 0.039583 0.052083
0 0.949479 0.953646 0.042708 0.021875
0 0.483333 0.098958 0.041667 0.031250
0 0.418750 0.894792 0.035417 0.035417
0 0.359896 0.603125 0.026042 0.050000
0 0.747917 0.424479 0.039583 0.032292
0 0.605208 0.139583 0.043750 0.035417
0 0.309896 0.231250 0.038542 0.043750
0 0.708333 0.490625 0.043750 0.027083
0 0.350521 0.088021 0.053125 0.034375
0 0.595833 0.484896 0.022917 0.038542
0 0.441146 0.395313 0.038542 0.051042
0 0.196875 0.717708 0.043750 0.052083
0 0.539583 0.459896 0.050000 0.040625
0 0.725521 0.116667 0.044792 0.022917
0 0.422396 0.841146 0.046875 0.055208
0 0.471354 0.191667 0.028125 0.039583
0 0.687500 0.242188 0.050000 0.044792
0 0.704688 0.366146 0.046875 0.026042
0 0.492188 0.309896 0.051042 0.040625