0 0.544792 0.351042 0.037500 0.035417
0 0.155208 0.244792 0.037500 0.029167
0 0.713021 0.220833 0.053125 0.039583
0 0.107813 0.719271 0.040625 0.019792
0 0.856250 0.288542 0.045833 0.043750
0 0.321875 0.253646 0.054167 0.038542
0 0.188542 0.826042 0.047917 0.039583
0 0.150000 0.441667 0.037500 0.047917
0 0.855208 0.517708 0.037500 0.029167
0 0.498437 0.732812 0.046875 0.038542
0 0.842187 0.155208 0.042708 0.033333
0 0.886458 0.790104 0.027083 0.042708
0 0.827604 0.957292 0.053125 0.039583
0 0.163021 0.459896 0.055208 0.038542
0 0.725000 0.467187 0.047917 0.053125
0 0.260417 0.686979 0.041667 0.055208
0 0.610938 0.723437 0.044792 0.040625
0 0.399479 0.301042 0.040625 0.043750
0 0.784896 0.269792 0.042708 0.027083
0 0.525000 0.472917 0.043750 0.033333
0 0.970833 0.719271 0.050000 0.040625
0 0.375521 0.731771 0.036458 0.017708
0 0.190104 0.754167 0.040625 0.041667
0 0.851042 0.550000 0.041667 0.025000
0 0.641667 0.078125 0.037500 0.041667
0 0.422396 0.329167 0.040625 0.047917
0 0.292708 0.154688 0.029167 0.040625
0 0.124479 0.873958 0.032292 0.052083
0 0.749479 0.289583 0.034375 0.047917
0 0.217188 0.728125 0.023958 0.043750
0 0.863542 0.391146 0.029167 0.040625
0 0.131250 0.302604 0.045833 0.036458
0 0.118229 0.754687 0.023958 0.042708
0 0.961458 0.498437 0.037500 0.044792
0 0.650000 0.205208 0.041667 0.027083
0 0.173958 0.335417 0.052083 0.041667
0 0.477604 0.508854 0.051042 0.053125
0 0.646875 0.612500 0.033333 0.047917
0 0.486458 0.250521 0.045833 0.026042
0 0.254688 0.742188 0.046875 0.048958
0 0.270833 0.681250 0.050000 0.050000
0 0.443229 0.407813 0.046875 0.038542
0 0.925000 0.865104 0.039583 0.028125
0 0.839063 0.239583 0.046875 0.045833
0 0.340625 0.591667 0.037500 0.027083
0 0.527604 0.229167 0.021875 0.039583
0 0.741146 0.809896 0.038542 0.021875
0 0.859896 0.839583 0.032292 0.043750
0 0.219792 0.786979 0.054167 0.040625
0 0.940625 0.884896 0.035417 0.040625
0 0.880729 0.653125 0.038542 0.033333
0 0.622917 0.873437 0.025000 0.046875
0 0.803125 0.685937 0.045833 0.048958
0 0.260937 0.552604 0.053125 0.034375
0 0.667188 0.801042 0.026042 0.037500
0 0.567187 0.864583 0.036458 0.037500
0 0.497917 0.650000 0.029167 0.037500
0 0.102083 0.319271 0.039583 0.032292
0 0.669271 0.881771 0.036458 0.055208
0 0.750000 0.966146 0.022917 0.038542
0 0.359896 0.263542 0.040625 0.022917
0 0.211979 0.750000 0.038542 0.047917
0 0.118229 0.924479 0.048958 0.032292
0 0.100521 0.700000 0.048958 0.041667
0 0.784375 0.306771 0.047917 0.046875
0 0.483333 0.719271 0.039583 0.034375
0 0.577083 0.364583 0.043750 0.045833
0 0.141667 0.232292 0.037500 0.035417
0 0.345313 0.166667 0.028125 0.039583
0 0.256250 0.592708 0.037500 0.035417
0 0.529687 0.282813 0.053125 0.032292
0 0.439583 0.298958 0.041667 0.031250
0 0.856250 0.275000 0.033333 0.043750
0 0.370833 0.663542 0.045833 0.029167
0 0.310937 0.250000 0.042708 0.039583
0 0.579167 0.702083 0.039583 0.041667
0 0.444792 0.696875 0.037500 0.035417
0 0.826042 0.317708 0.029167 0.050000
0 0.119271 0.130208 0.023958 0.047917
0 0.725521 0.652604 0.038542 0.040625
0 0.466146 0.826042 0.046875 0.045833
0 0.707292 0.703125 0.041667 0.031250
0 0.101042 0.434896 0.054167 0.036458
0 0.395833 0.574479 0.031250 0.040625
0 0.531771 0.407813 0.019792 0.038542
0 0.698438 0.803646 0.046875 0.038542
0 0.465104 0.142187 0.048958 0.044792
0 0.725521 0.167187 0.038542 0.038542
0 0.610938 0.821354 0.038542 0.019792
0 0.793229 0.938542 0.048958 0.041667
0 0.212500 0.869271 0.047917 0.046875
0 0.956250 0.094271 0.050000 0.034375
0 0.216667 0.294792 0.041667 0.039583
0 0.843750 0.477083 0.052083 0.043750
0 0.440625 0.203125 0.033333 0.043750
0 0.801562 0.417708 0.023958 0.045833
0 0.506250 0.522396 0.035417 0.053125
0 0.527083 0.803646 0.043750 0.040625
0 0.630208 0.550000 0.050000 0.031250
0 0.496875 0.219792 0.035417 0.043750
0 0.577604 0.320312 0.048958 0.046875
0 0.684375 0.130729 0.022917 0.040625
0 0.586979 0.439583 0.026042 0.041667
0 0.792188 0.787500 0.053125 0.043750
0 0.447396 0.515625 0.032292 0.052083
0 0.348438 0.089063 0.030208 0.040625
0 0.083854 0.457292 0.030208 0.050000
0 0.123438 0.549479 0.019792 0.040625
0 0.874479 0.559896 0.042708 0.044792
0 0.133854 0.888021 0.030208 0.053125
0 0.693229 0.475521 0.048958 0.055208
0 0.072917 0.218750 0.033333 0.050000
0 0.455208 0.691667 0.041667 0.037500
0 0.421354 0.409375 0.038542 0.037500
0 0.466146 0.666146 0.055208 0.044792
0 0.833333 0.151562 0.039583 0.036458
0 0.097917 0.532813 0.035417 0.040625
0 0.959896 0.294271 0.053125 0.034375
0 0.135937 0.879687 0.048958 0.044792
0 0.338021 0.148958 0.023958 0.037500
0 0.578646 0.745313 0.042708 0.044792
0 0.541667 0.939063 0.031250 0.044792
0 0.551562 0.517188 0.055208 0.042708
0 0.514583 0.662500 0.045833 0.052083
0 0.425521 0.617708 0.044792 0.033333
0 0.650000 0.150000 0.039583 0.041667
0 0.450521 0.488542 0.044792 0.035417
0 0.458854 0.068750 0.042708 0.029167
0 0.235417 0.460417 0.041667 0.037500
0 0.818229 0.403646 0.040625 0.044792
0 0.947396 0.291146 0.046875 0.048958
0 0.176563 0.149479 0.038542 0.055208
0 0.079167 0.715625 0.022917 0.039583
0 0.793229 0.392708 0.040625 0.022917
0 0.735417 0.430208 0.037500 0.022917
0 0.534375 0.720833 0.039583 0.052083
0 0.208333 0.573438 0.045833 0.038542
0 0.307812 0.614583 0.053125 0.037500
0 0.905208 0.564583 0.020833 0.035417
0 0.707292 0.147396 0.043750 0.042708
0 0.572396 0.080208 0.036458 0.047917
0 0.770833 0.160938 0.033333 0.040625
0 0.600521 0.598437 0.019792 0.038542
0 0.585417 0.660937 0.031250 0.053125
0 0.580208 0.625521 0.033333 0.053125
0 0.575000 0.688021 0.045833 0.026042
0 0.675000 0.097917 0.027083 0.037500
0 0.372917 0.723958 0.050000 0.050000
0 0.109375 0.750521 0.031250 0.053125
0 0.870833 0.186458 0.035417 0.052083
0 0.355729 0.855729 0.044792 0.030208
0 0.772917 0.266667 0.022917 0.035417
0 0.817708 0.815625 0.035417 0.018750
0 0.757292 0.713021 0.039583 0.023958
0 0.547917 0.701562 0.043750 0.042708
0 0.176042 0.297396 0.047917 0.023958
0 0.675521 0.077083 0.042708 0.029167
0 0.682813 0.576562 0.023958 0.042708
0 0.361458 0.875521 0.027083 0.040625
0 0.166667 0.303646 0.027083 0.051042
0 0.174479 0.732812 0.044792 0.040625
0 0.406771 0.546875 0.042708 0.037500
0 0.633333 0.836458 0.033333 0.043750
0 0.197396 0.957292 0.036458 0.052083
0 0.081771 0.794792 0.030208 0.039583
0 0.959375 0.377604 0.050000 0.026042
0 0.844271 0.747917 0.034375 0.052083
0 0.648438 0.437500 0.048958 0.052083
0 0.860417 0.682292 0.039583 0.041667
0 0.274479 0.463021 0.040625 0.034375
0 0.914062 0.847396 0.048958 0.030208
0 0.175521 0.190104 0.040625 0.023958
0 0.076563 0.501042 0.038542 0.043750
0 0.666146 0.085417 0.030208 0.050000
0 0.135417 0.401042 0.045833 0.029167
0 0.849479 0.256250 0.048958 0.035417
0 0.365104 0.142187 0.051042 0.034375
0 0.703646 0.893750 0.040625 0.041667
0 0.165104 0.487500 0.034375 0.039583
0 0.926042 0.442188 0.050000 0.053125
0 0.625000 0.864583 0.035417 0.043750
0 0.632292 0.754687 0.029167 0.051042
0 0.658333 0.722396 0.054167 0.048958
0 0.529167 0.364583 0.041667 0.039583
0 0.836458 0.911979 0.050000 0.040625
0 0.166146 0.103646 0.053125 0.053125
0 0.776042 0.498958 0.027083 0.041667
0 0.577083 0.825521 0.050000 0.053125
0 0.361979 0.615625 0.038542 0.025000
0 0.932292 0.605729 0.045833 0.055208
0 0.896354 0.393229 0.019792 0.040625
0 0.141146 0.336979 0.048958 0.044792
0 0.464583 0.871354 0.043750 0.048958
0 0.075000 0.663021 0.039583 0.044792
0 0.457292 0.618229 0.047917 0.030208
0 0.887500 0.258854 0.022917 0.038542
0 0.635417 0.957812 0.047917 0.046875
0 0.186979 0.796875 0.048958 0.039583
0 0.821875 0.568229 0.045833 0.038542
0 0.110417 0.921354 0.039583 0.048958
0 0.772917 0.800521 0.043750 0.042708
0 0.648958 0.829167 0.037500 0.035417
0 0.383854 0.070833 0.042708 0.025000
0 0.903646 0.941667 0.038542 0.035417
0 0.509896 0.738021 0.044792 0.028125
0 0.192708 0.666667 0.052083 0.039583
0 0.252083 0.358854 0.052083 0.051042
0 0.672917 0.178646 0.043750 0.026042
0 0.522396 0.870313 0.040625 0.038542
0 0.193229 0.189062 0.038542 0.038542
0 0.464583 0.801562 0.035417 0.048958
0 0.616667 0.498437 0.039583 0.044792
0 0.867708 0.204167 0.025000 0.041667
0 0.660937 0.398958 0.044792 0.052083
0 0.138542 0.451042 0.041667 0.029167
0 0.605729 0.238542 0.017708 0.035417
0 0.112500 0.863542 0.022917 0.039583
0 0.743229 0.134896 0.040625 0.055208
0 0.631250 0.808333 0.043750 0.045833
0 0.746354 0.204687 0.040625 0.030208
0 0.485417 0.486458 0.020833 0.039583
0 0.511458 0.892708 0.037500 0.047917
0 0.334896 0.931771 0.053125 0.034375
0 0.269271 0.193229 0.028125 0.040625
0 0.491667 0.775000 0.035417 0.052083
0 0.516146 0.473958 0.026042 0.041667
0 0.369271 0.686979 0.055208 0.040625
0 0.866667 0.967187 0.041667 0.055208
0 0.459896 0.279167 0.044792 0.025000
0 0.620313 0.400521 0.038542 0.038542
0 0.451042 0.885417 0.025000 0.037500
0 0.466146 0.515104 0.040625 0.032292
0 0.636458 0.410417 0.031250 0.041667
0 0.218229 0.123958 0.053125 0.043750
0 0.725000 0.397917 0.022917 0.039583
0 0.574479 0.841146 0.040625 0.023958
0 0.106250 0.643750 0.045833 0.029167
0 0.938542 0.422917 0.045833 0.052083
0 0.327083 0.719792 0.037500 0.041667
0 0.261458 0.677083 0.045833 0.045833
0 0.238021 0.392708 0.026042 0.041667
0 0.952604 0.844792 0.028125 0.050000
0 0.720833 0.607292 0.025000 0.037500
0 0.465104 0.881771 0.040625 0.036458
0 0.583333 0.459375 0.041667 0.047917
0 0.185938 0.665625 0.048958 0.033333
0 0.372396 0.877083 0.034375 0.037500
0 0.783333 0.881771 0.050000 0.053125
0 0.597396 0.548958 0.026042 0.045833
0 0.931771 0.514583 0.023958 0.047917
0 0.877083 0.155729 0.045833 0.023958
0 0.311979 0.382812 0.051042 0.044792
0 0.937500 0.686458 0.035417 0.052083
0 0.302083 0.812500 0.018750 0.037500
0 0.531771 0.456250 0.044792 0.025000
0 0.503125 0.948958 0.041667 0.047917
0 0.177083 0.683333 0.022917 0.039583
0 0.138021 0.163021 0.038542 0.023958
0 0.462500 0.395313 0.027083 0.046875
0 0.120313 0.224479 0.038542 0.055208
0 0.601042 0.608854 0.027083 0.042708
0 0.679688 0.859375 0.051042 0.031250
0 0.129688 0.425000 0.036458 0.037500
0 0.967708 0.596875 0.045833 0.043750
0 0.531771 0.641667 0.028125 0.045833
0 0.734896 0.676042 0.038542 0.043750
0 0.494271 0.530208 0.038542 0.025000
0 0.960417 0.157292 0.052083 0.045833
0 0.407292 0.700521 0.022917 0.044792
0 0.522917 0.418229 0.052083 0.051042
0 0.673958 0.129167 0.045833 0.052083
0 0.089583 0.157812 0.037500 0.038542
0 0.683854 0.549479 0.017708 0.036458
0 0.771875 0.432812 0.039583 0.036458
0 0.768229 0.258854 0.044792 0.040625
0 0.293750 0.523958 0.050000 0.033333
0 0.504167 0.846354 0.039583 0.036458
0 0.767188 0.106250 0.042708 0.054167
0 0.293750 0.173958 0.031250 0.037500
0 0.459375 0.818229 0.035417 0.048958
0 0.305208 0.606250 0.033333 0.045833
0 0.247917 0.903125 0.050000 0.033333
0 0.895833 0.804167 0.022917 0.037500
0 0.893750 0.540625 0.022917 0.039583
0 0.847917 0.400521 0.050000 0.053125
0 0.140104 0.659375 0.021875 0.037500
0 0.594792 0.360417 0.022917 0.039583
0 0.150521 0.864583 0.046875 0.043750
0 0.807292 0.783333 0.033333 0.037500
0 0.623958 0.716146 0.043750 0.055208
0 0.806250 0.552083 0.039583 0.052083
0 0.317708 0.541667 0.041667 0.037500
0 0.110937 0.339062 0.055208 0.048958
0 0.314063 0.373958 0.038542 0.029167
0 0.123438 0.485417 0.036458 0.043750
0 0.917188 0.492708 0.046875 0.022917
0 0.210938 0.505729 0.048958 0.030208
0 0.460938 0.517708 0.038542 0.033333
0 0.120313 0.396354 0.055208 0.044792
0 0.257292 0.363021 0.039583 0.034375
0 0.502083 0.585938 0.029167 0.046875
0 0.670833 0.757812 0.050000 0.053125
0 0.426563 0.698438 0.034375 0.040625
0 0.345313 0.734896 0.040625 0.038542
0 0.189062 0.217188 0.055208 0.038542
0 0.391667 0.952083 0.035417 0.018750
0 0.197396 0.300521 0.040625 0.026042
0 0.762500 0.296875 0.050000 0.033333
0 0.626563 0.894271 0.044792 0.042708
0 0.868750 0.558333 0.020833 0.035417
0 0.575000 0.316667 0.045833 0.043750
0 0.377604 0.554688 0.026042 0.040625
0 0.948958 0.208854 0.047917 0.028125
0 0.686458 0.831771 0.039583 0.038542
0 0.183333 0.583333 0.047917 0.035417
0 0.854167 0.864583 0.043750 0.035417
0 0.243229 0.171875 0.023958 0.037500
0 0.323958 0.298438 0.052083 0.030208
0 0.192708 0.448437 0.043750 0.048958
0 0.927083 0.966146 0.033333 0.048958
0 0.363021 0.464062 0.055208 0.048958
0 0.154688 0.441667 0.028125 0.041667
0 0.108854 0.713021 0.040625 0.019792
0 0.955208 0.904167 0.045833 0.045833
0 0.444792 0.781771 0.050000 0.036458
0 0.702604 0.874479 0.032292 0.048958
0 0.191667 0.856771 0.018750 0.038542
0 0.448437 0.806250 0.038542 0.031250
0 0.215104 0.188542 0.028125 0.039583
0 0.813542 0.941667 0.035417 0.037500
0 0.406771 0.125000 0.036458 0.037500
0 0.621354 0.498958 0.044792 0.033333
0 0.748958 0.616667 0.027083 0.047917
0 0.597396 0.580208 0.028125 0.039583
0 0.630208 0.598958 0.050000 0.029167
0 0.786458 0.413542 0.029167 0.045833
0 0.931250 0.907813 0.052083 0.051042
0 0.163542 0.904687 0.054167 0.038542
0 0.279167 0.812500 0.037500 0.031250
0 0.225521 0.816667 0.042708 0.025000
0 0.290625 0.614062 0.050000 0.042708
0 0.853125 0.536979 0.045833 0.055208
0 0.604688 0.166146 0.055208 0.042708
0 0.554688 0.523438 0.051042 0.036458
0 0.265625 0.948438 0.039583 0.036458
0 0.621354 0.685417 0.028125 0.050000
0 0.489583 0.432292 0.041667 0.047917
0 0.118750 0.838021 0.054167 0.040625
0 0.172917 0.343229 0.025000 0.042708
0 0.281771 0.680729 0.044792 0.042708
0 0.381771 0.684375 0.046875 0.052083
0 0.501042 0.857292 0.037500 0.041667
0 0.591667 0.368750 0.047917 0.033333
0 0.316667 0.564063 0.037500 0.021875
0 0.821354 0.677083 0.042708 0.027083
0 0.268750 0.381771 0.031250 0.048958
0 0.727604 0.441146 0.032292 0.048958
0 0.944271 0.603125 0.046875 0.031250
0 0.842708 0.523958 0.037500 0.022917
0 0.489063 0.124479 0.051042 0.055208
0 0.359375 0.863542 0.022917 0.045833
0 0.107813 0.826042 0.046875 0.043750
0 0.292708 0.872917 0.043750 0.035417
0 0.491146 0.846875 0.051042 0.033333
0 0.517708 0.953125 0.050000 0.050000
0 0.867708 0.321875 0.045833 0.027083
0 0.436458 0.635938 0.043750 0.030208
0 0.126042 0.737500 0.041667 0.039583
0 0.210417 0.902604 0.035417 0.048958
0 0.270833 0.544792 0.037500 0.033333
0 0.797917 0.659375 0.041667 0.025000
0 0.942187 0.964583 0.042708 0.047917
0 0.102604 0.532292 0.046875 0.052083
0 0.133333 0.295312 0.033333 0.040625
0 0.669792 0.665104 0.050000 0.053125
0 0.130729 0.185938 0.036458 0.040625
0 0.850521 0.764583 0.042708 0.039583
0 0.684375 0.895312 0.037500 0.048958
0 0.738021 0.867708 0.030208 0.043750
0 0.835938 0.837500 0.053125 0.037500
0 0.578125 0.531250 0.025000 0.047917
0 0.966667 0.290625 0.052083 0.037500
0 0.714063 0.268229 0.048958 0.028125
0 0.348958 0.659375 0.052083 0.035417
0 0.216667 0.115625 0.039583 0.022917
0 0.779167 0.938542 0.027083 0.047917
0 0.430729 0.190625 0.048958 0.050000
0 0.207292 0.665625 0.035417 0.037500
0 0.241146 0.454688 0.048958 0.046875
0 0.951562 0.510938 0.055208 0.048958
0 0.443750 0.900521 0.025000 0.042708
0 0.237500 0.602083 0.045833 0.052083
0 0.585938 0.553646 0.021875 0.038542
0 0.772917 0.467708 0.047917 0.027083
0 0.086979 0.896354 0.040625 0.026042
0 0.910417 0.443229 0.045833 0.040625
0 0.208333 0.733854 0.043750 0.040625
0 0.872917 0.518750 0.037500 0.033333
0 0.088021 0.131771 0.036458 0.046875
0 0.173958 0.595313 0.052083 0.051042
0 0.917188 0.397396 0.038542 0.046875
0 0.412500 0.533854 0.039583 0.028125
0 0.142187 0.932292 0.021875 0.043750
0 0.285417 0.166146 0.045833 0.026042
0 0.382292 0.761979 0.052083 0.051042
0 0.638542 0.154688 0.047917 0.032292
0 0.666667 0.689063 0.050000 0.038542
0 0.596354 0.714063 0.048958 0.055208
0 0.765625 0.361458 0.043750 0.037500
0 0.953646 0.719792 0.017708 0.035417
0 0.302604 0.938021 0.040625 0.044792
0 0.760417 0.656250 0.041667 0.020833
0 0.870313 0.452604 0.032292 0.040625
0 0.878125 0.310417 0.039583 0.022917
0 0.719271 0.176042 0.038542 0.035417
0 0.225000 0.833333 0.047917 0.037500
0 0.313542 0.382812 0.050000 0.034375
0 0.547917 0.640625 0.035417 0.052083
0 0.169792 0.338021 0.050000 0.028125
0 0.270313 0.727083 0.044792 0.025000
0 0.790625 0.541146 0.029167 0.051042
0 0.860417 0.254688 0.037500 0.053125
0 0.387500 0.678646 0.035417 0.053125
0 0.734896 0.401042 0.038542 0.029167
0 0.632292 0.578125 0.047917 0.027083
0 0.204167 0.280208 0.020833 0.039583
0 0.641667 0.682292 0.047917 0.033333
0 0.849479 0.475521 0.051042 0.044792
0 0.294792 0.591667 0.050000 0.029167
0 0.206771 0.203646 0.032292 0.053125
0 0.305729 0.814583 0.021875 0.037500
0 0.397917 0.769271 0.045833 0.036458
0 0.607812 0.234896 0.044792 0.028125
0 0.176042 0.577083 0.043750 0.035417
0 0.258854 0.160417 0.053125 0.039583
0 0.346354 0.329688 0.044792 0.055208
0 0.309896 0.813021 0.034375 0.046875
0 0.884896 0.965104 0.055208 0.042708
0 0.667708 0.526042 0.037500 0.022917
0 0.219271 0.456250 0.042708 0.054167
0 0.964583 0.769792 0.039583 0.041667
0 0.177083 0.434375 0.037500 0.025000
0 0.200521 0.783333 0.030208 0.039583
0 0.380729 0.954167 0.030208 0.043750
0 0.212500 0.110937 0.027083 0.046875
0 0.128125 0.829688 0.033333 0.040625
0 0.078125 0.157292 0.027083 0.041667
0 0.541146 0.778125 0.051042 0.031250
0 0.810417 0.536458 0.039583 0.020833
0 0.316146 0.915104 0.053125 0.034375
0 0.885938 0.688542 0.032292 0.043750
0 0.909896 0.594792 0.044792 0.054167
0 0.809375 0.633854 0.054167 0.044792
0 0.918229 0.947917 0.042708 0.039583
0 0.741146 0.132812 0.046875 0.038542
0 0.234896 0.840625 0.034375 0.039583
0 0.686979 0.783333 0.034375 0.052083
0 0.078646 0.931250 0.048958 0.052083
0 0.143750 0.639583 0.037500 0.029167
0 0.646354 0.919792 0.046875 0.029167
0 0.731250 0.807813 0.043750 0.048958
0 0.840104 0.258333 0.023958 0.041667
0 0.719792 0.866146 0.039583 0.038542
0 0.288021 0.588542 0.051042 0.047917
0 0.498437 0.214062 0.021875 0.042708
0 0.740104 0.596354 0.048958 0.046875
0 0.839583 0.280729 0.035417 0.040625
0 0.593750 0.417708 0.035417 0.020833
0 0.653646 0.422396 0.051042 0.028125
0 0.093750 0.410938 0.031250 0.044792
0 0.630208 0.403125 0.033333 0.043750
0 0.359375 0.953125 0.043750 0.025000
0 0.261458 0.393750 0.035417 0.020833
0 0.515625 0.678125 0.016667 0.033333
0 0.692187 0.526042 0.017708 0.035417
0 0.761458 0.567187 0.041667 0.023958
0 0.163021 0.890104 0.042708 0.023958
0 0.691667 0.687500 0.041667 0.031250
0 0.954688 0.426563 0.019792 0.038542
0 0.204687 0.659375 0.046875 0.027083
0 0.260937 0.658854 0.042708 0.055208
0 0.752604 0.436458 0.044792 0.052083
0 0.881250 0.617188 0.045833 0.032292
0 0.298438 0.459375 0.042708 0.039583
0 0.744271 0.617188 0.051042 0.044792
0 0.881771 0.460938 0.044792 0.030208
0 0.964063 0.901563 0.040625 0.036458
0 0.742708 0.669792 0.031250 0.037500
0 0.897396 0.946354 0.055208 0.038542
0 0.441146 0.188542 0.032292 0.043750
0 0.786458 0.954167 0.045833 0.043750
0 0.957292 0.676042 0.037500 0.043750
0 0.252083 0.352083 0.052083 0.043750
0 0.754687 0.711979 0.030208 0.044792
0 0.325521 0.224479 0.032292 0.044792
0 0.110417 0.174479 0.052083 0.051042
0 0.486979 0.265625 0.034375 0.052083
0 0.870313 0.477083 0.044792 0.047917
0 0.553646 0.265625 0.046875 0.031250
0 0.225521 0.637500 0.040625 0.022917
0 0.230208 0.247396 0.033333 0.048958
0 0.548958 0.836458 0.037500 0.041667
0 0.668229 0.895312 0.046875 0.048958
0 0.583333 0.501042 0.050000 0.031250
0 0.837500 0.254688 0.039583 0.028125
0 0.882812 0.241146 0.032292 0.044792
0 0.341667 0.252083 0.037500 0.029167
0 0.155729 0.772917 0.040625 0.047917
0 0.184375 0.903646 0.039583 0.030208
0 0.491667 0.682813 0.052083 0.051042
0 0.354687 0.101042 0.048958 0.033333
0 0.564063 0.556250 0.042708 0.041667
0 0.799479 0.645833 0.028125 0.041667
0 0.506250 0.329688 0.029167 0.046875
0 0.218750 0.857292 0.045833 0.043750
0 0.510417 0.619271 0.045833 0.055208
0 0.623437 0.076563 0.036458 0.040625
0 0.145313 0.574479 0.036458 0.055208
0 0.535417 0.866146 0.029167 0.044792
0 0.949479 0.921354 0.032292 0.044792
0 0.658333 0.625521 0.054167 0.040625
0 0.422396 0.886458 0.048958 0.035417
0 0.466146 0.511458 0.030208 0.050000
0 0.700000 0.678125 0.031250 0.037500
0 0.238021 0.818229 0.040625 0.030208
0 0.341667 0.165625 0.047917 0.027083
0 0.696354 0.150000 0.053125 0.035417
0 0.707292 0.748958 0.050000 0.047917
0 0.875521 0.267708 0.032292 0.052083
0 0.300000 0.922396 0.047917 0.032292
0 0.681771 0.328646 0.040625 0.051042
0 0.458854 0.891146 0.044792 0.051042
0 0.787500 0.493229 0.039583 0.036458
0 0.516667 0.072396 0.039583 0.034375
0 0.601562 0.250000 0.048958 0.037500
0 0.519271 0.798958 0.026042 0.037500
0 0.954688 0.087500 0.038542 0.031250
0 0.713021 0.429688 0.040625 0.044792
0 0.396354 0.841146 0.046875 0.055208
0 0.560937 0.409896 0.051042 0.028125
0 0.920833 0.781250 0.033333 0.043750
0 0.083333 0.348958 0.043750 0.045833
0 0.913021 0.754687 0.048958 0.028125
0 0.615104 0.452083 0.021875 0.041667
0 0.401562 0.371875 0.046875 0.031250
0 0.325521 0.723958 0.042708 0.047917
0 0.717187 0.964583 0.053125 0.039583
0 0.239583 0.785417 0.045833 0.043750
0 0.664062 0.407813 0.034375 0.046875
0 0.750000 0.952083 0.037500 0.031250
0 0.691667 0.961979 0.033333 0.044792
0 0.634896 0.518750 0.051042 0.031250
0 0.743750 0.515104 0.039583 0.034375
0 0.672396 0.493750 0.042708 0.025000
0 0.928125 0.756771 0.041667 0.042708
0 0.482812 0.084896 0.042708 0.044792
0 0.751042 0.284375 0.052083 0.043750
0 0.170313 0.201563 0.055208 0.042708
0 0.680208 0.081771 0.045833 0.026042
0 0.181250 0.324479 0.050000 0.053125
0 0.630729 0.694792 0.038542 0.035417
0 0.380729 0.595833 0.038542 0.052083
0 0.328646 0.841667 0.038542 0.027083
0 0.511979 0.904167 0.053125 0.041667
0 0.502083 0.629167 0.031250 0.045833
0 0.227604 0.277604 0.036458 0.040625
0 0.416146 0.088021 0.023958 0.046875
0 0.460417 0.314583 0.043750 0.045833
0 0.235417 0.616667 0.043750 0.025000
0 0.644271 0.270313 0.032292 0.053125
0 0.539062 0.190625 0.053125 0.047917
0 0.138021 0.938021 0.036458 0.046875
0 0.215625 0.391146 0.050000 0.028125
0 0.707812 0.956771 0.023958 0.038542
0 0.797917 0.838542 0.020833 0.035417
0 0.313542 0.535937 0.043750 0.040625
0 0.935417 0.189583 0.027083 0.045833
0 0.744792 0.954688 0.035417 0.048958
0 0.883333 0.708854 0.039583 0.055208
0 0.144271 0.681250 0.048958 0.039583
0 0.444792 0.193750 0.039583 0.041667
0 0.569792 0.314583 0.033333 0.052083
0 0.950521 0.893750 0.038542 0.052083
0 0.881771 0.677083 0.040625 0.022917
0 0.405208 0.558854 0.054167 0.048958
0 0.077083 0.674479 0.041667 0.048958
0 0.291146 0.338021 0.053125 0.051042
0 0.864583 0.201042 0.031250 0.045833
0 0.816146 0.749479 0.048958 0.028125
0 0.392708 0.544271 0.052083 0.051042
0 0.819271 0.963021 0.044792 0.051042
0 0.800000 0.418750 0.037500 0.031250
0 0.892188 0.109375 0.026042 0.041667
0 0.914062 0.359375 0.042708 0.037500
0 0.253125 0.737500 0.047917 0.033333
0 0.374479 0.269792 0.030208 0.039583
0 0.195833 0.253646 0.037500 0.048958
0 0.443229 0.556771 0.046875 0.048958
0 0.140625 0.211458 0.047917 0.050000
0 0.408333 0.405729 0.045833 0.028125
0 0.790625 0.141667 0.037500 0.031250
0 0.728125 0.952604 0.043750 0.040625
0 0.798438 0.146354 0.036458 0.040625
0 0.210938 0.572396 0.048958 0.044792
0 0.607812 0.221875 0.036458 0.047917
0 0.717187 0.307812 0.036458 0.046875
0 0.778125 0.079167 0.043750 0.045833
0 0.849479 0.392188 0.030208 0.048958
0 0.147917 0.435937 0.033333 0.048958
0 0.791667 0.924479 0.029167 0.051042
0 0.933854 0.140104 0.028125 0.046875
0 0.435937 0.575521 0.040625 0.038542
0 0.762500 0.508333 0.025000 0.047917
0 0.814063 0.348438 0.034375 0.046875
0 0.495312 0.790104 0.034375 0.051042
0 0.276042 0.549479 0.050000 0.026042
0 0.738021 0.928646 0.032292 0.044792
0 0.780208 0.435937 0.033333 0.053125
0 0.267708 0.216146 0.031250 0.048958
0 0.194271 0.655208 0.053125 0.037500
0 0.498437 0.444792 0.040625 0.054167
0 0.634896 0.684375 0.034375 0.043750
0 0.410938 0.634896 0.044792 0.042708
0 0.441146 0.763021 0.046875 0.048958
0 0.200000 0.655208 0.052083 0.043750
0 0.440104 0.671875 0.044792 0.052083
0 0.213021 0.763021 0.026042 0.046875
0 0.514583 0.386458 0.045833 0.027083
0 0.453646 0.193229 0.034375 0.040625
0 0.706771 0.754167 0.036458 0.047917
0 0.489063 0.967708 0.023958 0.041667
0 0.347917 0.133333 0.043750 0.027083
0 0.185938 0.192708 0.036458 0.037500
0 0.120833 0.103125 0.031250 0.037500
0 0.369271 0.947917 0.036458 0.047917
0 0.608333 0.449479 0.033333 0.040625
0 0.572396 0.617708 0.036458 0.037500
0 0.636458 0.463542 0.025000 0.047917
0 0.557813 0.159896 0.040625 0.032292
0 0.483854 0.854167 0.038542 0.029167
0 0.117188 0.764062 0.036458 0.046875
0 0.965625 0.468229 0.050000 0.028125
0 0.241667 0.557813 0.039583 0.034375
0 0.526042 0.280208 0.041667 0.039583
0 0.644271 0.129688 0.032292 0.053125
0 0.367188 0.876563 0.040625 0.019792
0 0.798438 0.552604 0.023958 0.038542
0 0.506771 0.644271 0.051042 0.040625
0 0.458854 0.116667 0.026042 0.050000
0 0.565104 0.544271 0.023958 0.042708
0 0.472917 0.760417 0.052083 0.035417
0 0.617708 0.091146 0.039583 0.030208
0 0.350521 0.415625 0.023958 0.041667
0 0.754687 0.295312 0.046875 0.032292
0 0.763021 0.480208 0.038542 0.025000
0 0.085938 0.724479 0.021875 0.042708
0 0.955729 0.082292 0.046875 0.031250
0 0.456771 0.410417 0.053125 0.047917
0 0.843229 0.942187 0.055208 0.038542
0 0.463542 0.250000 0.027083 0.037500
0 0.759375 0.353646 0.039583 0.026042
0 0.572396 0.591146 0.044792 0.055208
0 0.747396 0.816667 0.023958 0.043750
0 0.765625 0.302083 0.045833 0.043750
0 0.282292 0.209896 0.037500 0.038542
0 0.094792 0.647917 0.035417 0.037500
0 0.520312 0.266667 0.034375 0.039583
0 0.179167 0.120833 0.035417 0.047917
0 0.646875 0.911458 0.029167 0.045833
0 0.517188 0.505208 0.036458 0.052083
0 0.733333 0.671875 0.052083 0.047917