0 0.638021 0.584896 0.051042 0.036458
0 0.122917 0.155208 0.037500 0.029167
0 0.864583 0.442188 0.039583 0.036458
0 0.740104 0.286458 0.046875 0.029167
0 0.530208 0.166667 0.052083 0.033333
0 0.832292 0.683854 0.045833 0.028125
0 0.855729 0.275521 0.055208 0.036458
0 0.958333 0.888542 0.037500 0.031250
0 0.405208 0.704167 0.041667 0.052083
0 0.171354 0.534375 0.044792 0.047917
0 0.916667 0.667188 0.045833 0.048958
0 0.239063 0.832292 0.032292 0.043750
0 0.083854 0.229687 0.048958 0.046875
0 0.365625 0.807292 0.039583 0.052083
0 0.136458 0.878646 0.047917 0.030208
0 0.379167 0.940104 0.025000 0.044792
0 0.405729 0.136979 0.055208 0.048958
0 0.190104 0.780729 0.046875 0.034375
0 0.818750 0.832292 0.037500 0.033333
0 0.822917 0.701042 0.047917 0.037500
0 0.507812 0.089063 0.044792 0.051042
0 0.356771 0.626042 0.044792 0.037500
0 0.628646 0.796875 0.038542 0.025000
0 0.814063 0.498437 0.055208 0.040625
0 0.610938 0.256250 0.042708 0.039583
0 0.616667 0.608854 0.027083 0.048958
0 0.829167 0.645312 0.052083 0.051042
0 0.667708 0.952083 0.045833 0.043750
0 0.336458 0.380208 0.041667 0.025000
0 0.078646 0.406250 0.044792 0.037500
0 0.570833 0.452083 0.035417 0.047917
0 0.409375 0.214583 0.037500 0.018750
0 0.760938 0.394271 0.038542 0.051042
0 0.814583 0.411458 0.031250 0.050000
0 0.294271 0.963542 0.026042 0.045833
0 0.228125 0.190104 0.041667 0.048958
0 0.744792 0.550000 0.035417 0.018750
0 0.584896 0.545833 0.032292 0.047917
0 0.314063 0.286979 0.040625 0.038542
0 0.331250 0.376042 0.047917 0.037500
0 0.543229 0.607812 0.042708 0.044792
0 0.836979 0.692708 0.019792 0.037500
0 0.857292 0.834896 0.022917 0.040625
0 0.197917 0.139063 0.033333 0.044792
0 0.661979 0.588542 0.023958 0.037500
0 0.253646 0.960938 0.032292 0.044792
0 0.525521 0.083854 0.032292 0.040625
0 0.157292 0.875000 0.020833 0.039583
0 0.095833 0.389583 0.037500 0.031250
0 0.405729 0.709375 0.051042 0.031250
0 0.652604 0.361979 0.044792 0.055208
0 0.885417 0.379167 0.027083 0.041667
0 0.907292 0.836979 0.035417 0.053125
0 0.267188 0.922396 0.044792 0.032292
0 0.410417 0.741146 0.039583 0.036458
0 0.117708 0.826562 0.045833 0.055208
0 0.268750 0.634896 0.039583 0.036458
0 0.173437 0.381771 0.042708 0.044792
0 0.666146 0.665625 0.034375 0.052083
0 0.644271 0.281250 0.032292 0.039583
0 0.793750 0.825000 0.041667 0.031250
0 0.642188 0.770312 0.048958 0.044792
0 0.311458 0.734375 0.035417 0.052083
0 0.690625 0.916146 0.031250 0.044792
0 0.265104 0.404167 0.032292 0.039583
0 0.110937 0.798958 0.034375 0.039583
0 0.475000 0.161979 0.043750 0.028125
0 0.200000 0.597396 0.043750 0.040625
0 0.713021 0.285417 0.030208 0.039583
0 0.225521 0.752083 0.030208 0.050000
0 0.087500 0.317708 0.018750 0.035417
0 0.357812 0.673438 0.046875 0.038542
0 0.616667 0.751042 0.035417 0.043750
0 0.266146 0.341667 0.021875 0.039583
0 0.402604 0.818229 0.038542 0.021875
0 0.884896 0.879167 0.040625 0.041667
0 0.676562 0.707812 0.038542 0.055208
0 0.405729 0.112500 0.048958 0.025000
0 0.433333 0.872396 0.043750 0.026042
0 0.322917 0.528125 0.037500 0.025000
0 0.462500 0.637500 0.031250 0.050000
0 0.598958 0.087500 0.052083 0.041667
0 0.083854 0.340104 0.055208 0.042708
0 0.505208 0.222396 0.033333 0.040625
0 0.555208 0.776042 0.050000 0.031250
0 0.906250 0.479687 0.039583 0.030208
0 0.890104 0.732292 0.023958 0.043750
0 0.555729 0.186458 0.030208 0.039583
0 0.089583 0.245833 0.047917 0.033333
0 0.901042 0.615625 0.031250 0.037500
0 0.403646 0.761458 0.038542 0.035417
0 0.424479 0.288021 0.046875 0.048958
0 0.563021 0.635417 0.053125 0.039583
0 0.245833 0.781771 0.039583 0.030208
0 0.492708 0.530729 0.054167 0.044792
0 0.205729 0.854167 0.032292 0.039583
0 0.225000 0.850521 0.052083 0.053125
0 0.718229 0.912500 0.028125 0.050000
0 0.653646 0.297396 0.046875 0.055208
0 0.232813 0.855208 0.030208 0.043750
0 0.128125 0.865104 0.027083 0.042708
0 0.681771 0.940104 0.032292 0.046875
0 0.364583 0.221354 0.022917 0.042708
0 0.394792 0.561979 0.043750 0.048958
0 0.869271 0.871354 0.040625 0.036458
0 0.150000 0.898958 0.031250 0.037500
0 0.629167 0.357812 0.041667 0.023958
0 0.637500 0.232292 0.027083 0.037500
0 0.698958 0.084896 0.029167 0.044792
0 0.451042 0.526563 0.054167 0.044792
0 0.292708 0.090625 0.043750 0.022917
0 0.485938 0.848437 0.023958 0.042708
0 0.215104 0.391667 0.038542 0.035417
0 0.418750 0.334375 0.047917 0.041667
0 0.452604 0.827083 0.030208 0.043750
0 0.463021 0.835417 0.038542 0.027083
0 0.188021 0.302604 0.055208 0.051042
0 0.416146 0.358854 0.055208 0.046875
0 0.882292 0.445833 0.052083 0.035417
0 0.322396 0.210938 0.044792 0.021875
0 0.863542 0.881250 0.045833 0.052083
0 0.222917 0.915625 0.043750 0.025000
0 0.869792 0.478646 0.039583 0.044792
0 0.590625 0.806250 0.025000 0.043750
0 0.382812 0.834375 0.053125 0.041667
0 0.243750 0.228125 0.037500 0.025000
0 0.858333 0.459896 0.027083 0.046875
0 0.353646 0.884375 0.051042 0.029167
0 0.269792 0.530729 0.043750 0.026042
0 0.307292 0.546354 0.047917 0.053125
0 0.466667 0.518750 0.052083 0.043750
0 0.375521 0.521875 0.036458 0.052083
0 0.305208 0.794271 0.050000 0.044792
0 0.885417 0.639062 0.022917 0.040625
0 0.670312 0.800521 0.034375 0.040625
0 0.320833 0.849479 0.045833 0.048958
0 0.736979 0.925521 0.038542 0.051042
0 0.131250 0.571875 0.037500 0.041667
0 0.093750 0.097917 0.045833 0.031250
0 0.865625 0.189583 0.037500 0.035417
0 0.795833 0.348958 0.045833 0.027083
0 0.421875 0.943750 0.037500 0.025000
0 0.629167 0.213542 0.045833 0.029167
0 0.476042 0.445833 0.020833 0.035417
0 0.650521 0.941667 0.034375 0.039583
0 0.807292 0.362500 0.043750 0.045833
0 0.892188 0.856771 0.034375 0.046875
0 0.649479 0.629687 0.046875 0.036458
0 0.936458 0.754687 0.039583 0.030208
0 0.598958 0.100521 0.035417 0.040625
0 0.238021 0.962500 0.023958 0.041667
0 0.666146 0.842708 0.048958 0.027083
0 0.457813 0.918750 0.038542 0.029167
0 0.205208 0.383333 0.033333 0.052083
0 0.410417 0.237500 0.045833 0.031250
0 0.141667 0.890104 0.025000 0.042708
0 0.829167 0.413542 0.043750 0.025000
0 0.124479 0.312500 0.048958 0.027083
0 0.311458 0.802083 0.045833 0.029167
0 0.836979 0.843229 0.030208 0.044792
0 0.532813 0.877083 0.053125 0.045833
0 0.189062 0.660417 0.036458 0.047917
0 0.628125 0.932813 0.045833 0.036458
0 0.332292 0.438021 0.039583 0.023958
0 0.838542 0.303125 0.052083 0.045833
0 0.864062 0.794792 0.038542 0.033333
0 0.692708 0.269792 0.018750 0.035417
0 0.458333 0.890104 0.039583 0.036458
0 0.837500 0.683854 0.041667 0.055208
0 0.420312 0.404167 0.044792 0.033333
0 0.858333 0.727604 0.027083 0.042708
0 0.923958 0.966667 0.043750 0.052083
0 0.153125 0.342187 0.035417 0.044792
0 0.708333 0.548958 0.020833 0.039583
0 0.168750 0.642708 0.045833 0.043750
0 0.131771 0.846354 0.040625 0.044792
0 0.305208 0.611458 0.039583 0.041667
0 0.467187 0.803646 0.028125 0.046875
0 0.562500 0.932292 0.043750 0.033333
0 0.401042 0.871354 0.052083 0.032292
0 0.496875 0.830729 0.039583 0.030208
0 0.721354 0.687500 0.040625 0.041667
0 0.533854 0.231250 0.053125 0.045833
0 0.856771 0.226042 0.021875 0.037500
0 0.085938 0.186979 0.044792 0.040625
0 0.092708 0.742708 0.043750 0.052083
0 0.935417 0.318750 0.037500 0.031250
0 0.561458 0.693229 0.022917 0.040625
0 0.839583 0.644792 0.035417 0.037500
0 0.084375 0.447396 0.039583 0.036458
0 0.823958 0.610417 0.039583 0.025000
0 0.292187 0.397917 0.028125 0.050000
0 0.611979 0.772396 0.036458 0.051042
0 0.511458 0.301042 0.052083 0.047917
0 0.289062 0.297396 0.051042 0.038542
0 0.494271 0.885938 0.046875 0.023958
0 0.693750 0.576042 0.041667 0.029167
0 0.369792 0.335417 0.035417 0.047917
0 0.224479 0.678646 0.038542 0.040625
0 0.891667 0.139063 0.043750 0.040625
0 0.287500 0.318229 0.035417 0.048958
0 0.173958 0.555729 0.043750 0.030208
0 0.962500 0.114062 0.045833 0.034375
0 0.108854 0.949479 0.055208 0.038542
0 0.179167 0.726042 0.039583 0.041667
0 0.319271 0.278125 0.038542 0.031250
0 0.336979 0.958854 0.034375 0.040625
0 0.235937 0.755208 0.038542 0.025000
0 0.796875 0.180729 0.039583 0.038542
0 0.234896 0.528646 0.044792 0.028125
0 0.117708 0.291146 0.022917 0.038542
0 0.922917 0.644271 0.020833 0.038542
0 0.117188 0.101562 0.034375 0.053125
0 0.109896 0.859375 0.036458 0.020833
0 0.151562 0.474479 0.042708 0.044792
0 0.854167 0.747917 0.039583 0.022917
0 0.092188 0.876042 0.017708 0.035417
0 0.560937 0.239583 0.048958 0.039583
0 0.288542 0.838021 0.039583 0.036458
0 0.164583 0.817708 0.039583 0.020833
0 0.096875 0.680208 0.043750 0.045833
0 0.513021 0.270833 0.038542 0.033333
0 0.121875 0.102083 0.037500 0.043750
0 0.494271 0.488021 0.032292 0.044792
0 0.509375 0.505208 0.041667 0.052083
0 0.951562 0.457813 0.040625 0.034375
0 0.218750 0.222396 0.045833 0.026042
0 0.380208 0.392708 0.035417 0.043750
0 0.673958 0.733854 0.045833 0.038542
0 0.567187 0.951042 0.044792 0.027083
0 0.411458 0.836979 0.025000 0.038542
0 0.750000 0.861979 0.050000 0.053125
0 0.613542 0.395833 0.045833 0.052083
0 0.952083 0.355729 0.045833 0.048958
0 0.960938 0.904167 0.028125 0.045833
0 0.244271 0.137500 0.038542 0.031250
0 0.847396 0.590104 0.044792 0.026042
0 0.614062 0.107813 0.046875 0.048958
0 0.706250 0.821354 0.043750 0.048958
0 0.716146 0.836458 0.023958 0.037500
0 0.407292 0.551042 0.037500 0.029167
0 0.205208 0.627083 0.029167 0.041667
0 0.524479 0.831250 0.051042 0.047917
0 0.954167 0.330208 0.043750 0.052083
0 0.157292 0.154167 0.033333 0.043750
0 0.435937 0.215625 0.046875 0.029167
0 0.277083 0.805729 0.039583 0.036458
0 0.634375 0.900521 0.033333 0.040625
0 0.853646 0.098437 0.028125 0.048958
0 0.103125 0.668750 0.035417 0.052083
0 0.253125 0.484896 0.045833 0.036458
0 0.314583 0.311979 0.025000 0.038542
0 0.185938 0.824479 0.038542 0.040625
0 0.728646 0.921354 0.040625 0.028125
0 0.648958 0.691667 0.052083 0.043750
0 0.379167 0.601562 0.022917 0.040625
0 0.914583 0.697396 0.043750 0.048958
0 0.201563 0.321354 0.053125 0.051042
0 0.627083 0.553125 0.052083 0.039583
0 0.118750 0.890625 0.052083 0.035417
0 0.664062 0.535937 0.040625 0.055208
0 0.607812 0.215104 0.044792 0.026042
0 0.118229 0.083333 0.030208 0.039583
0 0.766667 0.721354 0.050000 0.040625
0 0.713021 0.556771 0.055208 0.048958
0 0.451042 0.767708 0.035417 0.052083
0 0.282292 0.944792 0.052083 0.043750
0 0.280208 0.763542 0.043750 0.033333
0 0.152083 0.936458 0.037500 0.027083
0 0.968229 0.345833 0.048958 0.050000
0 0.303646 0.279687 0.034375 0.040625
0 0.213021 0.736458 0.030208 0.039583
0 0.389062 0.180208 0.051042 0.047917
0 0.787500 0.281771 0.043750 0.026042
0 0.838021 0.634896 0.023958 0.040625
0 0.306250 0.378646 0.027083 0.040625
0 0.519792 0.255729 0.025000 0.042708
0 0.552604 0.153125 0.032292 0.052083
0 0.351562 0.748437 0.051042 0.026042
0 0.537500 0.928125 0.043750 0.035417
0 0.179167 0.078646 0.043750 0.040625
0 0.556771 0.348958 0.040625 0.041667
0 0.954688 0.810417 0.053125 0.045833
0 0.430208 0.181771 0.039583 0.030208
0 0.778646 0.256250 0.019792 0.035417
0 0.731250 0.885417 0.029167 0.045833
0 0.904167 0.208333 0.045833 0.029167
0 0.626563 0.491667 0.032292 0.039583
0 0.642188 0.381250 0.036458 0.043750
0 0.351562 0.176563 0.048958 0.030208
0 0.423438 0.352604 0.051042 0.053125
0 0.640625 0.289062 0.054167 0.044792
0 0.633333 0.212500 0.047917 0.050000
0 0.638542 0.480729 0.027083 0.046875
0 0.307812 0.139583 0.032292 0.039583
0 0.097917 0.422396 0.039583 0.034375
0 0.394792 0.115625 0.052083 0.035417
0 0.183854 0.250521 0.046875 0.036458
0 0.604167 0.316667 0.037500 0.047917
0 0.772917 0.092708 0.027083 0.037500
0 0.168229 0.703646 0.048958 0.023958
0 0.266146 0.221875 0.046875 0.029167
0 0.618750 0.320312 0.027083 0.042708
0 0.917708 0.210938 0.027083 0.042708
0 0.243229 0.771354 0.048958 0.046875
0 0.599479 0.767188 0.055208 0.038542
0 0.508333 0.635417 0.041667 0.025000
0 0.840625 0.906771 0.031250 0.051042
0 0.172396 0.530208 0.034375 0.047917
0 0.217708 0.127604 0.050000 0.040625
0 0.933854 0.884375 0.048958 0.033333
0 0.828646 0.181250 0.042708 0.054167
0 0.213021 0.666667 0.053125 0.043750
0 0.458854 0.504687 0.030208 0.044792
0 0.430729 0.663542 0.042708 0.031250
0 0.721875 0.661458 0.037500 0.031250
0 0.726562 0.205208 0.042708 0.039583
0 0.862500 0.496354 0.045833 0.038542
0 0.523438 0.157812 0.048958 0.048958
0 0.848958 0.879687 0.054167 0.048958
0 0.233333 0.807813 0.041667 0.042708
0 0.331250 0.520833 0.052083 0.035417
0 0.786979 0.159375 0.028125 0.045833
0 0.665104 0.201563 0.048958 0.046875
0 0.120313 0.791146 0.028125 0.040625
0 0.741667 0.858333 0.047917 0.039583
0 0.640625 0.115625 0.052083 0.037500
0 0.165625 0.931771 0.033333 0.044792
0 0.335417 0.296875 0.029167 0.041667
0 0.356771 0.903125 0.023958 0.041667
0 0.277604 0.792188 0.023958 0.042708
0 0.856771 0.353125 0.032292 0.039583
0 0.768750 0.508333 0.031250 0.050000
0 0.593750 0.174479 0.054167 0.048958
0 0.635938 0.721875 0.021875 0.037500
0 0.266146 0.321354 0.044792 0.040625
0 0.428646 0.311458 0.046875 0.045833
0 0.547917 0.639583 0.039583 0.025000
0 0.592187 0.427604 0.026042 0.044792
0 0.627604 0.277604 0.048958 0.046875
0 0.407292 0.115625 0.037500 0.029167
0 0.706250 0.452083 0.047917 0.037500
0 0.455729 0.322917 0.040625 0.041667