0 0.528646 0.561458 0.046875 0.029167
0 0.716146 0.502604 0.055208 0.038542
0 0.803646 0.377083 0.028125 0.050000
0 0.464062 0.667708 0.053125 0.035417
0 0.421875 0.653646 0.033333 0.053125
0 0.658333 0.436979 0.050000 0.053125
0 0.881771 0.747396 0.038542 0.055208
0 0.379688 0.525000 0.034375 0.039583
0 0.504167 0.708333 0.039583 0.047917
0 0.068229 0.089583 0.019792 0.035417
0 0.751042 0.954688 0.039583 0.034375
0 0.201042 0.876563 0.037500 0.040625
0 0.881250 0.248958 0.037500 0.022917
0 0.216146 0.633854 0.026042 0.044792
0 0.715625 0.193750 0.039583 0.052083
0 0.803125 0.243229 0.039583 0.026042
0 0.775521 0.389583 0.034375 0.039583
0 0.101042 0.644792 0.050000 0.033333
0 0.078646 0.738542 0.038542 0.037500
0 0.395313 0.416146 0.038542 0.021875
0 0.787500 0.700521 0.054167 0.046875
0 0.668750 0.623437 0.020833 0.036458
0 0.507292 0.618229 0.035417 0.040625
0 0.952083 0.960938 0.047917 0.053125
0 0.784896 0.385417 0.042708 0.039583
0 0.373437 0.686979 0.055208 0.036458
0 0.094271 0.205208 0.042708 0.047917
0 0.448437 0.737500 0.017708 0.035417
0 0.381771 0.585417 0.042708 0.029167
0 0.236979 0.426042 0.036458 0.043750
0 0.690625 0.800000 0.052083 0.047917
0 0.419271 0.278646 0.048958 0.044792
0 0.833333 0.356250 0.037500 0.047917
0 0.900521 0.106771 0.040625 0.055208
0 0.708333 0.644271 0.045833 0.038542
0 0.786979 0.407292 0.019792 0.039583
0 0.839583 0.492188 0.043750 0.042708
0 0.290104 0.342187 0.042708 0.044792
0 0.482292 0.493229 0.050000 0.053125
0 0.268229 0.442708 0.028125 0.039583
0 0.908333 0.605729 0.029167 0.040625
0 0.090104 0.268229 0.036458 0.051042
0 0.781250 0.328646 0.045833 0.055208
0 0.160938 0.221354 0.051042 0.040625
0 0.654167 0.303646 0.050000 0.042708
0 0.541146 0.387500 0.038542 0.037500
0 0.764062 0.919271 0.034375 0.046875
0 0.578125 0.734896 0.039583 0.023958
0 0.088542 0.164583 0.033333 0.045833
0 0.444271 0.567708 0.034375 0.039583
0 0.756250 0.298438 0.039583 0.044792
0 0.153125 0.630729 0.037500 0.038542
0 0.707812 0.335417 0.051042 0.029167
0 0.386979 0.466146 0.030208 0.053125
0 0.291667 0.944792 0.027083 0.037500
0 0.455208 0.245833 0.037500 0.035417
0 0.276042 0.905208 0.045833 0.029167
0 0.231771 0.546354 0.051042 0.055208
0 0.642708 0.566667 0.037500 0.025000
0 0.427083 0.689583 0.045833 0.043750
0 0.404687 0.559375 0.028125 0.039583
0 0.644792 0.668229 0.054167 0.046875
0 0.850000 0.478125 0.039583 0.025000
0 0.528646 0.227083 0.036458 0.020833
0 0.163542 0.102604 0.022917 0.040625
0 0.717708 0.190625 0.035417 0.037500
0 0.155208 0.441146 0.039583 0.053125
0 0.797917 0.826042 0.037500 0.029167
0 0.530729 0.107292 0.048958 0.052083
0 0.466667 0.855729 0.045833 0.028125
0 0.479167 0.327604 0.025000 0.042708
0 0.667188 0.648438 0.042708 0.044792
0 0.707812 0.161979 0.046875 0.026042
0 0.833333 0.956771 0.035417 0.044792
0 0.751563 0.863542 0.038542 0.031250
0 0.265104 0.709375 0.034375 0.052083
0 0.108333 0.125000 0.039583 0.047917
0 0.617188 0.230729 0.044792 0.051042
0 0.224479 0.804688 0.053125 0.030208
0 0.225521 0.805208 0.036458 0.047917
0 0.206771 0.541146 0.046875 0.036458
0 0.512500 0.209896 0.035417 0.040625
0 0.477083 0.689063 0.027083 0.051042
0 0.817708 0.641667 0.052083 0.035417
0 0.179167 0.167187 0.039583 0.048958
0 0.069792 0.088542 0.020833 0.035417
0 0.290104 0.585417 0.046875 0.029167
0 0.157292 0.753646 0.045833 0.036458
0 0.254688 0.565104 0.030208 0.040625
0 0.335417 0.353125 0.029167 0.045833
0 0.923958 0.391146 0.037500 0.053125
0 0.845313 0.453125 0.038542 0.035417
0 0.759896 0.392708 0.046875 0.043750
0 0.521875 0.883854 0.039583 0.048958
0 0.247396 0.576042 0.032292 0.047917
0 0.089583 0.564583 0.039583 0.020833
0 0.479167 0.852604 0.018750 0.036458
0 0.291667 0.260937 0.027083 0.042708
0 0.553646 0.276042 0.042708 0.029167
0 0.319792 0.906250 0.029167 0.050000
0 0.190625 0.161458 0.052083 0.041667
0 0.178646 0.358333 0.044792 0.033333
0 0.943750 0.443229 0.039583 0.038542
0 0.317188 0.121875 0.030208 0.039583
0 0.094271 0.444271 0.036458 0.051042
0 0.546875 0.372396 0.025000 0.044792
0 0.461458 0.661979 0.045833 0.055208
0 0.829688 0.223958 0.032292 0.043750
0 0.790625 0.703125 0.029167 0.045833
0 0.107292 0.865104 0.050000 0.042708
0 0.416146 0.206250 0.042708 0.047917
0 0.258333 0.294792 0.050000 0.050000
0 0.717708 0.508333 0.037500 0.031250
0 0.381250 0.381771 0.045833 0.026042
0 0.350000 0.334896 0.043750 0.026042
0 0.536458 0.316667 0.039583 0.020833
0 0.277083 0.731771 0.039583 0.026042
0 0.568750 0.850521 0.050000 0.044792
0 0.505729 0.223438 0.040625 0.034375
0 0.556771 0.580208 0.046875 0.031250
0 0.886458 0.559896 0.025000 0.038542
0 0.077604 0.534896 0.036458 0.040625
0 0.243229 0.190104 0.044792 0.040625
0 0.213542 0.398438 0.025000 0.042708
0 0.347917 0.210417 0.035417 0.037500
0 0.565104 0.215625 0.036458 0.020833
0 0.590104 0.873958 0.042708 0.047917
0 0.838542 0.866667 0.052083 0.041667
0 0.802604 0.282813 0.026042 0.044792
0 0.796875 0.664062 0.027083 0.046875
0 0.734896 0.967708 0.044792 0.045833
0 0.098958 0.494792 0.035417 0.037500
0 0.576562 0.119271 0.044792 0.055208
0 0.819271 0.632292 0.044792 0.025000
0 0.268229 0.905208 0.026042 0.041667
0 0.674479 0.242708 0.030208 0.039583
0 0.731771 0.406771 0.051042 0.028125
0 0.308854 0.234896 0.028125 0.048958
0 0.740625 0.773438 0.045833 0.032292
0 0.265104 0.909375 0.028125 0.050000
0 0.474479 0.356771 0.032292 0.048958
0 0.155208 0.259896 0.029167 0.044792
0 0.208854 0.489063 0.044792 0.042708
0 0.369271 0.108854 0.032292 0.040625
0 0.680208 0.927083 0.052083 0.037500
0 0.278646 0.066667 0.048958 0.027083
0 0.657292 0.345313 0.037500 0.040625
0 0.508854 0.271875 0.038542 0.029167
0 0.372396 0.892188 0.040625 0.051042
0 0.090104 0.596875 0.044792 0.052083
0 0.408854 0.102604 0.044792 0.042708
0 0.369271 0.639583 0.042708 0.027083
0 0.318750 0.461458 0.041667 0.037500
0 0.108854 0.155729 0.044792 0.042708
0 0.566667 0.619792 0.037500 0.047917
0 0.084375 0.606250 0.035417 0.043750
0 0.667188 0.244271 0.055208 0.044792
0 0.526563 0.523438 0.040625 0.055208
0 0.494271 0.261458 0.030208 0.047917
0 0.171354 0.490104 0.046875 0.038542
0 0.901563 0.337500 0.048958 0.039583
0 0.351042 0.244792 0.033333 0.047917
0 0.089063 0.765625 0.026042 0.045833
0 0.560417 0.935937 0.031250 0.051042
0 0.408333 0.288021 0.041667 0.044792
0 0.632292 0.305729 0.039583 0.053125
0 0.556771 0.436458 0.038542 0.031250
0 0.890104 0.959896 0.051042 0.026042
0 0.818229 0.532813 0.040625 0.036458
0 0.516667 0.564063 0.037500 0.019792
0 0.798958 0.513021 0.020833 0.036458
0 0.545833 0.309896 0.054167 0.042708
0 0.231250 0.204167 0.037500 0.022917
0 0.868229 0.377604 0.046875 0.026042
0 0.545833 0.683333 0.037500 0.031250
0 0.816146 0.415104 0.053125 0.051042
0 0.627604 0.186458 0.053125 0.039583
0 0.853646 0.362500 0.046875 0.045833
0 0.595833 0.751563 0.043750 0.032292
0 0.939583 0.958333 0.050000 0.047917
0 0.129167 0.707292 0.043750 0.052083
0 0.743750 0.341146 0.033333 0.044792
0 0.845833 0.585417 0.050000 0.029167
0 0.812500 0.871875 0.047917 0.052083
0 0.960417 0.896354 0.050000 0.028125
0 0.070312 0.731771 0.032292 0.044792
0 0.540104 0.373958 0.042708 0.047917
0 0.448437 0.335938 0.028125 0.040625
0 0.484375 0.452083 0.045833 0.043750
0 0.128646 0.889583 0.019792 0.037500
0 0.869792 0.279687 0.045833 0.036458
0 0.341667 0.726042 0.037500 0.035417
0 0.916146 0.547917 0.038542 0.031250
0 0.268750 0.259375 0.047917 0.050000
0 0.802083 0.669792 0.020833 0.035417
0 0.347917 0.910937 0.045833 0.038542
0 0.910417 0.348958 0.031250 0.045833
0 0.450521 0.604167 0.042708 0.039583
0 0.577604 0.292708 0.038542 0.047917
0 0.186458 0.392188 0.047917 0.055208
0 0.884896 0.567708 0.046875 0.045833
0 0.653125 0.262500 0.041667 0.031250
0 0.941667 0.464062 0.054167 0.042708
0 0.197396 0.966146 0.040625 0.044792
0 0.713021 0.897917 0.038542 0.031250
0 0.268750 0.508333 0.047917 0.041667
0 0.560417 0.798958 0.020833 0.039583
0 0.953646 0.954167 0.046875 0.029167
0 0.444271 0.550000 0.051042 0.050000
0 0.918750 0.704167 0.037500 0.033333
0 0.903646 0.886979 0.051042 0.042708
0 0.230729 0.207292 0.053125 0.043750
0 0.904687 0.877604 0.026042 0.046875
0 0.553646 0.801562 0.042708 0.023958
0 0.842708 0.730208 0.052083 0.041667
0 0.560937 0.278646 0.044792 0.040625
0 0.355729 0.221354 0.034375 0.048958
0 0.446354 0.743750 0.028125 0.043750
0 0.104688 0.556250 0.032292 0.047917
0 0.864583 0.931771 0.041667 0.048958
0 0.393229 0.597396 0.048958 0.055208
0 0.554167 0.401562 0.043750 0.048958
0 0.679688 0.785937 0.036458 0.040625
0 0.168750 0.831250 0.043750 0.022917
0 0.947396 0.205729 0.048958 0.046875
0 0.331250 0.670833 0.037500 0.031250
0 0.902604 0.644271 0.048958 0.055208
0 0.485417 0.873437 0.033333 0.044792
0 0.743750 0.509896 0.037500 0.048958
0 0.590104 0.681250 0.026042 0.041667
0 0.272917 0.188021 0.047917 0.046875
0 0.457813 0.437500 0.042708 0.047917
0 0.611979 0.721354 0.030208 0.040625
0 0.611458 0.508333 0.035417 0.020833
0 0.110417 0.493750 0.039583 0.020833
0 0.572917 0.684896 0.039583 0.036458
0 0.831771 0.884896 0.051042 0.034375
0 0.090625 0.235937 0.029167 0.040625
0 0.118750 0.446354 0.045833 0.028125
0 0.263542 0.098958 0.037500 0.047917
0 0.216667 0.460417 0.052083 0.037500
0 0.093229 0.286979 0.044792 0.055208
0 0.307812 0.683854 0.046875 0.038542
0 0.382812 0.442708 0.028125 0.043750
0 0.203125 0.302604 0.035417 0.040625
0 0.607812 0.789062 0.030208 0.044792
0 0.366667 0.630729 0.045833 0.026042
0 0.558854 0.683854 0.053125 0.034375
0 0.670833 0.881771 0.041667 0.023958
0 0.841146 0.326562 0.055208 0.042708
0 0.260417 0.905729 0.041667 0.055208
0 0.448958 0.823438 0.045833 0.055208
0 0.841667 0.781771 0.029167 0.044792
0 0.209896 0.892188 0.044792 0.055208
0 0.469271 0.840625 0.053125 0.043750
0 0.116667 0.954688 0.031250 0.040625
0 0.264062 0.319792 0.040625 0.041667
0 0.209896 0.103125 0.038542 0.025000
0 0.229167 0.111458 0.052083 0.045833
0 0.458854 0.196875 0.046875 0.031250
0 0.736458 0.214062 0.041667 0.044792
0 0.359896 0.815625 0.028125 0.045833
0 0.910417 0.265625 0.029167 0.050000
0 0.406250 0.306771 0.054167 0.051042
0 0.494271 0.182292 0.019792 0.039583
0 0.469271 0.261458 0.046875 0.043750
0 0.476562 0.519792 0.023958 0.045833
0 0.682292 0.344792 0.043750 0.045833
0 0.897396 0.133854 0.036458 0.055208
0 0.408854 0.707292 0.040625 0.047917
0 0.656250 0.315104 0.041667 0.048958
0 0.548958 0.160938 0.041667 0.055208
0 0.419792 0.111979 0.039583 0.044792
0 0.760938 0.484896 0.034375 0.040625
0 0.115625 0.539583 0.052083 0.037500
0 0.481250 0.949479 0.031250 0.048958
0 0.390625 0.318750 0.043750 0.035417
0 0.591667 0.568229 0.022917 0.044792
0 0.473438 0.327083 0.034375 0.052083
0 0.211458 0.532292 0.018750 0.035417
0 0.096354 0.313021 0.051042 0.038542
0 0.723437 0.391667 0.030208 0.050000
0 0.601562 0.416667 0.038542 0.035417
0 0.806771 0.459896 0.053125 0.051042
0 0.283333 0.726042 0.047917 0.025000
0 0.804167 0.358854 0.039583 0.028125
0 0.892708 0.221875 0.029167 0.037500
0 0.284375 0.306771 0.045833 0.032292
0 0.169792 0.085938 0.052083 0.032292
0 0.698438 0.266667 0.038542 0.025000
0 0.966667 0.923958 0.041667 0.047917
0 0.402604 0.511979 0.046875 0.034375
0 0.488542 0.770312 0.047917 0.053125
0 0.690104 0.158854 0.030208 0.048958
0 0.869271 0.253646 0.053125 0.032292
0 0.636979 0.522917 0.023958 0.037500
0 0.832292 0.495833 0.052083 0.033333
0 0.144271 0.701042 0.023958 0.047917
0 0.955208 0.518229 0.052083 0.034375
0 0.693229 0.400000 0.044792 0.035417
0 0.856250 0.245312 0.050000 0.034375
0 0.465625 0.572396 0.043750 0.048958
0 0.238542 0.436458 0.035417 0.018750
0 0.660417 0.132292 0.027083 0.037500
0 0.207292 0.763542 0.041667 0.029167
0 0.878125 0.445312 0.033333 0.044792
0 0.443229 0.613021 0.048958 0.046875
0 0.251563 0.955729 0.055208 0.044792
0 0.954688 0.715104 0.051042 0.038542
0 0.413542 0.438021 0.054167 0.042708
0 0.589063 0.225521 0.034375 0.053125
0 0.267188 0.829167 0.023958 0.043750
0 0.746354 0.467708 0.038542 0.027083
0 0.394271 0.277604 0.044792 0.032292
0 0.715104 0.807292 0.051042 0.035417
0 0.141667 0.403125 0.031250 0.045833
0 0.113542 0.569271 0.041667 0.048958
0 0.965625 0.161979 0.054167 0.038542
0 0.896875 0.843750 0.050000 0.050000
0 0.663542 0.096875 0.052083 0.039583
0 0.829167 0.283333 0.045833 0.043750
0 0.135417 0.372396 0.043750 0.021875
0 0.394792 0.786979 0.054167 0.046875
0 0.142708 0.091146 0.050000 0.044792
0 0.143750 0.545312 0.041667 0.044792
0 0.308854 0.498958 0.046875 0.029167
0 0.146354 0.889062 0.026042 0.040625
0 0.298958 0.702604 0.050000 0.053125
0 0.774479 0.645312 0.051042 0.055208
0 0.143750 0.153125 0.020833 0.041667
0 0.330208 0.213542 0.047917 0.052083
0 0.344792 0.434375 0.050000 0.031250
0 0.153646 0.637500 0.019792 0.037500
0 0.934896 0.136458 0.023958 0.041667
0 0.784896 0.291667 0.040625 0.041667
0 0.546875 0.808854 0.050000 0.044792
0 0.200521 0.930208 0.042708 0.047917
0 0.613021 0.532292 0.026042 0.047917
0 0.615104 0.799479 0.026042 0.046875
0 0.084375 0.519792 0.045833 0.043750
0 0.277604 0.268750 0.044792 0.045833
0 0.401562 0.791667 0.051042 0.029167
0 0.553646 0.783333 0.030208 0.047917
0 0.593229 0.775521 0.032292 0.040625
0 0.350000 0.376042 0.035417 0.018750
0 0.383333 0.953646 0.050000 0.044792
0 0.730729 0.242708 0.028125 0.045833
0 0.715625 0.668229 0.039583 0.023958
0 0.203125 0.302083 0.041667 0.029167
0 0.602604 0.545312 0.028125 0.040625
0 0.902604 0.416667 0.053125 0.043750
0 0.473438 0.223438 0.048958 0.044792
0 0.569792 0.191667 0.043750 0.052083
0 0.570833 0.190104 0.039583 0.048958
0 0.328125 0.587500 0.037500 0.025000
0 0.930729 0.955208 0.019792 0.039583
0 0.119792 0.708333 0.027083 0.041667
0 0.951562 0.705729 0.051042 0.038542
0 0.911979 0.541667 0.042708 0.027083
0 0.167187 0.728125 0.046875 0.043750
0 0.359896 0.834896 0.040625 0.026042
0 0.815104 0.340104 0.034375 0.040625
0 0.747396 0.850521 0.044792 0.030208
0 0.841146 0.956250 0.026042 0.041667
0 0.398438 0.466667 0.040625 0.022917
0 0.596875 0.580208 0.043750 0.045833
0 0.086458 0.778125 0.043750 0.033333
0 0.397396 0.944792 0.036458 0.022917
0 0.633333 0.940625 0.025000 0.037500
0 0.670833 0.252083 0.031250 0.041667
0 0.335417 0.230208 0.037500 0.052083
0 0.536458 0.957292 0.041667 0.027083
0 0.751042 0.266146 0.043750 0.048958
0 0.886979 0.771875 0.048958 0.035417
0 0.815625 0.575521 0.041667 0.032292
0 0.095312 0.868750 0.030208 0.047917
0 0.471354 0.338542 0.038542 0.043750
0 0.242708 0.401562 0.022917 0.038542
0 0.788542 0.155208 0.052083 0.047917
0 0.508333 0.656250 0.029167 0.037500
0 0.645833 0.944792 0.031250 0.037500
0 0.948438 0.873958 0.053125 0.041667
0 0.873958 0.318229 0.043750 0.032292
0 0.793229 0.300000 0.053125 0.041667
0 0.114062 0.102083 0.019792 0.039583
0 0.445312 0.208333 0.028125 0.043750
0 0.882292 0.432812 0.037500 0.038542
0 0.668229 0.277604 0.032292 0.048958
0 0.620313 0.318229 0.038542 0.040625
0 0.217708 0.807292 0.022917 0.037500
0 0.499479 0.555208 0.021875 0.037500
0 0.598958 0.682813 0.039583 0.034375
0 0.104688 0.271354 0.040625 0.051042
0 0.958854 0.742708 0.042708 0.025000
0 0.571875 0.137500 0.045833 0.022917
0 0.490104 0.481771 0.036458 0.040625
0 0.905729 0.831250 0.053125 0.035417
0 0.125521 0.508854 0.034375 0.046875
0 0.874479 0.581771 0.032292 0.044792
0 0.775000 0.361458 0.041667 0.029167
0 0.696354 0.130208 0.042708 0.054167
0 0.309896 0.124479 0.055208 0.044792
0 0.157812 0.425000 0.040625 0.020833
0 0.445312 0.683854 0.044792 0.040625
0 0.392188 0.681250 0.038542 0.047917
0 0.369271 0.514583 0.038542 0.035417
0 0.635417 0.687500 0.047917 0.041667
0 0.574479 0.952083 0.023958 0.047917
0 0.897917 0.101562 0.022917 0.038542
0 0.831250 0.613542 0.045833 0.052083
0 0.813021 0.655208 0.044792 0.033333
0 0.333854 0.708333 0.040625 0.041667
0 0.163021 0.844792 0.030208 0.043750
0 0.243750 0.538021 0.052083 0.032292
0 0.341667 0.529687 0.043750 0.042708
0 0.091146 0.236458 0.053125 0.045833
0 0.236979 0.793229 0.046875 0.048958
0 0.775000 0.534375 0.033333 0.043750
0 0.408854 0.364063 0.044792 0.051042
0 0.332813 0.387500 0.048958 0.027083
0 0.206771 0.136979 0.028125 0.040625
0 0.519792 0.717187 0.031250 0.044792
0 0.190625 0.379688 0.050000 0.053125
0 0.385937 0.416146 0.044792 0.042708
0 0.432292 0.895833 0.052083 0.039583
0 0.859896 0.415625 0.046875 0.022917
0 0.951042 0.648958 0.022917 0.035417
0 0.376042 0.885938 0.054167 0.038542
0 0.452083 0.839063 0.037500 0.038542
0 0.543750 0.196875 0.043750 0.052083
0 0.582292 0.433333 0.033333 0.037500
0 0.319792 0.278646 0.050000 0.026042
0 0.427083 0.760417 0.020833 0.035417
0 0.661979 0.353646 0.048958 0.044792
0 0.797396 0.745313 0.048958 0.028125
0 0.580729 0.771354 0.040625 0.038542
0 0.692187 0.115625 0.026042 0.039583
0 0.675000 0.294792 0.037500 0.027083
0 0.554688 0.224479 0.038542 0.038542
0 0.886979 0.518229 0.036458 0.040625
0 0.234375 0.565104 0.037500 0.040625
0 0.291667 0.121354 0.029167 0.040625
0 0.570833 0.823438 0.043750 0.028125
0 0.532813 0.409375 0.028125 0.041667
0 0.680208 0.571875 0.022917 0.035417
0 0.198958 0.116146 0.054167 0.040625
0 0.492188 0.954688 0.044792 0.030208
0 0.844792 0.345833 0.022917 0.039583
0 0.143229 0.761458 0.053125 0.041667
0 0.951562 0.909375 0.038542 0.025000
0 0.555208 0.341667 0.029167 0.050000
0 0.222396 0.257292 0.030208 0.039583
0 0.648958 0.877604 0.018750 0.038542
0 0.091146 0.264062 0.051042 0.044792
0 0.688021 0.570833 0.053125 0.045833
0 0.302604 0.435937 0.040625 0.036458
0 0.695833 0.190104 0.039583 0.036458
0 0.641667 0.924479 0.031250 0.044792
0 0.318750 0.391146 0.054167 0.044792
0 0.396875 0.636458 0.037500 0.029167
0 0.832812 0.831771 0.044792 0.032292
0 0.843229 0.917708 0.051042 0.031250
0 0.769792 0.497396 0.041667 0.048958
0 0.717187 0.133333 0.028125 0.045833
0 0.765625 0.319792 0.035417 0.018750
0 0.110937 0.714583 0.040625 0.020833
0 0.822917 0.358333 0.047917 0.025000
0 0.298438 0.947396 0.028125 0.044792
0 0.367708 0.786979 0.039583 0.026042
0 0.504687 0.339583 0.021875 0.039583
0 0.241667 0.590104 0.047917 0.046875
0 0.199479 0.214062 0.019792 0.038542
0 0.434896 0.144271 0.051042 0.038542
0 0.284896 0.753125 0.036458 0.043750
0 0.491667 0.879167 0.022917 0.045833
0 0.474479 0.849479 0.053125 0.034375
0 0.073438 0.734896 0.032292 0.040625
0 0.418750 0.892188 0.022917 0.040625
0 0.428646 0.580729 0.028125 0.051042
0 0.670833 0.330208 0.037500 0.052083
0 0.244792 0.555729 0.043750 0.042708
0 0.816146 0.718750 0.036458 0.018750
0 0.847396 0.873958 0.053125 0.047917
0 0.778125 0.150521 0.037500 0.048958
0 0.603646 0.397396 0.026042 0.051042
0 0.344271 0.844792 0.053125 0.035417
0 0.094271 0.239583 0.028125 0.043750
0 0.382292 0.379688 0.022917 0.040625
0 0.486979 0.615104 0.026042 0.046875
0 0.843229 0.525521 0.048958 0.032292
0 0.832812 0.648958 0.046875 0.045833
0 0.585417 0.556771 0.050000 0.044792
0 0.741146 0.500000 0.034375 0.039583
0 0.548958 0.657813 0.037500 0.038542
0 0.188542 0.854688 0.039583 0.034375
0 0.954167 0.636979 0.022917 0.042708
0 0.114583 0.443750 0.033333 0.043750
0 0.696875 0.527083 0.037500 0.031250
0 0.250000 0.828646 0.045833 0.023958
0 0.181771 0.638542 0.053125 0.041667
0 0.950000 0.167187 0.039583 0.038542
0 0.733854 0.651042 0.046875 0.052083
0 0.664062 0.656771 0.040625 0.036458
0 0.398438 0.680208 0.053125 0.043750
0 0.482812 0.910937 0.021875 0.038542
0 0.509375 0.954688 0.045833 0.055208
0 0.656250 0.703646 0.039583 0.028125
0 0.919792 0.920312 0.020833 0.040625
0 0.223438 0.621875 0.048958 0.050000
0 0.337500 0.280208 0.043750 0.052083
0 0.892708 0.744792 0.050000 0.047917
0 0.545312 0.829167 0.028125 0.045833
0 0.274479 0.188542 0.040625 0.041667
0 0.351562 0.631250 0.038542 0.029167
0 0.198437 0.380208 0.036458 0.020833
0 0.220312 0.156771 0.044792 0.042708
0 0.313021 0.297396 0.046875 0.026042
0 0.759375 0.369271 0.054167 0.036458
0 0.465625 0.720313 0.045833 0.026042
0 0.323437 0.621875 0.048958 0.041667
0 0.603646 0.381250 0.042708 0.039583
0 0.143229 0.444792 0.040625 0.047917
0 0.435417 0.780729 0.047917 0.046875
0 0.400521 0.426042 0.042708 0.039583
0 0.584896 0.495312 0.032292 0.044792
0 0.528646 0.880729 0.042708 0.051042
0 0.203646 0.355729 0.044792 0.028125
0 0.248958 0.597917 0.037500 0.022917
0 0.597917 0.561979 0.043750 0.042708
0 0.499479 0.506250 0.038542 0.031250
0 0.767188 0.097396 0.055208 0.044792
0 0.091146 0.234896 0.042708 0.051042
0 0.405729 0.294271 0.048958 0.046875
0 0.123438 0.836979 0.040625 0.044792
0 0.534896 0.843750 0.028125 0.045833
0 0.174479 0.948958 0.034375 0.047917
0 0.523958 0.388021 0.045833 0.026042
0 0.468229 0.302083 0.042708 0.047917
0 0.258333 0.865625 0.041667 0.041667
0 0.323958 0.227604 0.041667 0.021875
0 0.564063 0.719271 0.046875 0.026042
0 0.967708 0.386458 0.047917 0.027083
0 0.662500 0.670833 0.037500 0.035417
0 0.613021 0.394792 0.032292 0.047917
0 0.729688 0.841667 0.032292 0.043750
0 0.265104 0.277604 0.038542 0.051042
0 0.417708 0.070833 0.041667 0.020833
0 0.366667 0.538021 0.037500 0.044792
0 0.177604 0.579688 0.048958 0.044792
0 0.446875 0.340625 0.022917 0.043750
0 0.243750 0.679167 0.039583 0.022917
0 0.959375 0.436458 0.037500 0.022917
0 0.379167 0.220312 0.054167 0.038542
0 0.963021 0.070833 0.036458 0.020833
0 0.401042 0.223438 0.050000 0.053125
0 0.719792 0.377604 0.050000 0.028125
0 0.262500 0.427604 0.047917 0.032292
0 0.941146 0.662500 0.051042 0.031250
0 0.341667 0.480729 0.029167 0.048958
0 0.325000 0.594792 0.033333 0.047917
0 0.493229 0.822396 0.046875 0.048958
0 0.649479 0.950521 0.038542 0.055208
0 0.452083 0.169792 0.037500 0.027083
0 0.827083 0.078646 0.031250 0.040625
0 0.218229 0.850521 0.023958 0.048958
0 0.421875 0.505208 0.050000 0.050000
0 0.200521 0.685417 0.030208 0.043750
0 0.918750 0.253646 0.041667 0.048958
0 0.077083 0.248438 0.047917 0.046875
0 0.685937 0.443229 0.046875 0.026042
0 0.662500 0.504167 0.039583 0.025000
0 0.881771 0.935937 0.040625 0.036458
0 0.348438 0.702604 0.055208 0.038542
0 0.710938 0.769792 0.019792 0.039583
0 0.088021 0.546875 0.038542 0.025000
0 0.922396 0.701562 0.038542 0.046875
0 0.359896 0.616667 0.044792 0.033333
0 0.271875 0.772917 0.029167 0.050000
0 0.592187 0.549479 0.055208 0.046875
0 0.791667 0.067708 0.050000 0.031250
0 0.939063 0.275000 0.042708 0.039583
0 0.720313 0.326042 0.046875 0.029167
0 0.542708 0.392188 0.043750 0.026042
0 0.596354 0.196354 0.042708 0.023958
0 0.531250 0.480729 0.050000 0.040625
0 0.702604 0.910937 0.034375 0.053125
0 0.903125 0.515625 0.022917 0.037500
0 0.881250 0.352604 0.037500 0.040625
0 0.388021 0.693750 0.038542 0.025000
0 0.697396 0.081771 0.038542 0.046875
0 0.507812 0.807813 0.048958 0.046875
0 0.315625 0.336979 0.020833 0.038542
0 0.935417 0.879687 0.035417 0.053125
0 0.667708 0.075521 0.054167 0.042708
0 0.609375 0.526042 0.043750 0.045833
0 0.701042 0.506250 0.025000 0.041667
0 0.605208 0.310937 0.037500 0.053125
0 0.502604 0.938021 0.053125 0.034375
0 0.328125 0.566146 0.035417 0.017708
0 0.237500 0.101042 0.041667 0.027083
0 0.439583 0.473958 0.020833 0.035417
0 0.316146 0.167187 0.038542 0.038542
0 0.092188 0.501042 0.026042 0.041667
0 0.772396 0.203125 0.042708 0.039583
0 0.594271 0.363542 0.038542 0.025000
0 0.232292 0.534896 0.039583 0.055208
0 0.701042 0.386979 0.033333 0.044792
0 0.240104 0.445833 0.048958 0.041667
0 0.855729 0.829167 0.046875 0.043750
0 0.640104 0.279687 0.048958 0.032292
0 0.213021 0.221875 0.017708 0.035417
0 0.686979 0.814063 0.038542 0.021875
0 0.185938 0.790625 0.046875 0.027083
0 0.377604 0.150000 0.053125 0.039583
0 0.897917 0.370312 0.037500 0.038542
0 0.921354 0.414062 0.044792 0.051042
0 0.910937 0.309896 0.044792 0.055208
0 0.575000 0.931250 0.031250 0.050000
0 0.122396 0.935417 0.034375 0.043750
0 0.110937 0.279167 0.038542 0.029167
0 0.527604 0.324479 0.051042 0.055208
0 0.948438 0.168229 0.046875 0.026042
0 0.593229 0.266667 0.044792 0.045833
0 0.202604 0.293229 0.036458 0.051042
0 0.321354 0.328125 0.036458 0.018750
0 0.196354 0.784375 0.044792 0.033333
0 0.571875 0.893750 0.039583 0.041667
0 0.744271 0.826042 0.046875 0.031250
0 0.289583 0.912500 0.052083 0.047917
0 0.625000 0.535937 0.027083 0.040625
0 0.733854 0.221354 0.030208 0.048958
0 0.223438 0.714583 0.019792 0.039583
0 0.749479 0.418229 0.040625 0.028125
0 0.793229 0.516667 0.044792 0.025000
0 0.834375 0.407292 0.041667 0.052083
0 0.794792 0.615625 0.037500 0.035417
0 0.798438 0.299479 0.055208 0.048958
0 0.707812 0.579167 0.034375 0.039583
0 0.331771 0.645312 0.046875 0.038542
0 0.896354 0.415104 0.038542 0.051042
0 0.446354 0.920312 0.055208 0.038542
0 0.838542 0.573438 0.047917 0.053125
0 0.125000 0.201563 0.037500 0.053125
0 0.145833 0.136458 0.052083 0.033333
0 0.436458 0.886979 0.039583 0.036458
0 0.118750 0.263021 0.054167 0.044792
0 0.838021 0.268750 0.038542 0.035417
0 0.655208 0.099479 0.035417 0.048958
0 0.905208 0.917708 0.047917 0.027083
0 0.742708 0.400521 0.025000 0.042708
0 0.503646 0.291146 0.034375 0.048958
0 0.769792 0.138542 0.025000 0.041667
0 0.677604 0.564583 0.040625 0.047917
0 0.138021 0.190104 0.053125 0.034375
0 0.167708 0.866667 0.037500 0.031250
0 0.535937 0.630208 0.046875 0.031250
0 0.197917 0.349479 0.054167 0.038542
0 0.412500 0.817708 0.045833 0.031250
0 0.720833 0.514062 0.050000 0.040625
0 0.328646 0.452083 0.032292 0.052083
0 0.764583 0.264583 0.045833 0.029167
0 0.666667 0.509375 0.050000 0.033333
0 0.779687 0.876563 0.051042 0.055208
0 0.525000 0.798958 0.052083 0.045833
0 0.341146 0.823438 0.030208 0.040625
0 0.728646 0.645833 0.038542 0.047917
0 0.251563 0.883854 0.028125 0.051042
0 0.765625 0.220833 0.037500 0.027083
0 0.604167 0.926562 0.037500 0.044792
0 0.077604 0.846875 0.040625 0.022917
0 0.671354 0.314063 0.042708 0.021875
0 0.083333 0.876042 0.031250 0.045833
0 0.956771 0.588542 0.028125 0.045833