0 0.108333 0.101562 0.039583 0.053125
0 0.757812 0.840625 0.044792 0.047917
0 0.883854 0.797396 0.044792 0.042708
0 0.606771 0.295833 0.021875 0.037500
0 0.317188 0.832812 0.055208 0.048958
0 0.786979 0.855208 0.042708 0.054167
0 0.254688 0.101562 0.023958 0.038542
0 0.145833 0.219271 0.047917 0.046875
0 0.386458 0.785937 0.050000 0.036458
0 0.742708 0.268750 0.037500 0.035417
0 0.808854 0.084896 0.038542 0.023958
0 0.558854 0.157812 0.053125 0.053125
0 0.568229 0.138542 0.048958 0.052083
0 0.817187 0.189583 0.051042 0.033333
0 0.847917 0.844271 0.029167 0.048958
0 0.605208 0.183854 0.045833 0.034375
0 0.953125 0.510417 0.043750 0.031250
0 0.835417 0.674479 0.025000 0.038542
0 0.151562 0.880208 0.044792 0.033333
0 0.133854 0.842708 0.038542 0.029167
0 0.758854 0.256250 0.044792 0.045833
0 0.718229 0.211458 0.038542 0.043750
0 0.522396 0.826042 0.042708 0.047917
0 0.621354 0.403646 0.048958 0.032292
0 0.168229 0.639583 0.026042 0.039583
0 0.790625 0.272917 0.022917 0.039583
0 0.102083 0.690104 0.025000 0.038542
0 0.759375 0.542188 0.037500 0.048958
0 0.232292 0.763542 0.039583 0.041667
0 0.347396 0.759375 0.051042 0.033333
0 0.725521 0.282292 0.026042 0.045833
0 0.222396 0.436458 0.038542 0.047917
0 0.098437 0.850000 0.032292 0.052083
0 0.385417 0.584896 0.043750 0.028125
0 0.180729 0.635417 0.038542 0.037500
0 0.276562 0.926042 0.038542 0.031250
0 0.189583 0.095312 0.045833 0.023958
0 0.917188 0.615104 0.055208 0.048958
0 0.668750 0.656771 0.022917 0.040625
0 0.868229 0.585938 0.048958 0.046875
0 0.427604 0.480208 0.046875 0.052083
0 0.160417 0.888021 0.037500 0.038542
0 0.932292 0.660417 0.025000 0.037500
0 0.851562 0.761458 0.026042 0.045833
0 0.569792 0.666667 0.027083 0.037500
0 0.338021 0.452604 0.017708 0.036458
0 0.213542 0.295312 0.037500 0.038542
0 0.140625 0.250521 0.050000 0.028125
0 0.570833 0.198437 0.039583 0.048958
0 0.683854 0.120313 0.044792 0.051042
0 0.102083 0.653646 0.045833 0.032292
0 0.152604 0.860938 0.044792 0.028125
0 0.555729 0.627083 0.026042 0.041667
0 0.203646 0.282813 0.053125 0.030208
0 0.332813 0.612500 0.040625 0.025000
0 0.279687 0.854167 0.053125 0.039583
0 0.323437 0.255729 0.042708 0.055208
0 0.282813 0.535937 0.046875 0.038542
0 0.553125 0.742188 0.041667 0.048958
0 0.776563 0.182812 0.030208 0.051042
0 0.094792 0.868229 0.043750 0.042708
0 0.228125 0.314583 0.037500 0.035417
0 0.346875 0.812500 0.035417 0.020833
0 0.326562 0.744792 0.019792 0.037500
0 0.552083 0.679167 0.041667 0.047917
0 0.823958 0.290625 0.035417 0.047917
0 0.493750 0.320312 0.050000 0.038542
0 0.252604 0.195312 0.040625 0.026042
0 0.321875 0.236979 0.043750 0.040625
0 0.662500 0.242708 0.020833 0.035417
0 0.259896 0.884375 0.044792 0.037500
0 0.744271 0.184896 0.055208 0.040625
0 0.619271 0.518750 0.051042 0.050000
0 0.934896 0.143229 0.055208 0.044792
0 0.409896 0.816146 0.044792 0.055208
0 0.909896 0.747917 0.044792 0.033333
0 0.220312 0.948958 0.038542 0.029167
0 0.404167 0.379688 0.050000 0.042708
0 0.364583 0.838021 0.029167 0.040625
0 0.591667 0.948958 0.045833 0.043750
0 0.173437 0.362500 0.044792 0.035417
0 0.556771 0.318750 0.023958 0.047917
0 0.640625 0.900521 0.043750 0.030208
0 0.743229 0.845313 0.053125 0.053125
0 0.376563 0.917708 0.038542 0.025000
0 0.454688 0.552083 0.038542 0.025000
0 0.358854 0.584896 0.048958 0.028125
0 0.650521 0.190625 0.042708 0.029167
0 0.141146 0.552604 0.053125 0.034375
0 0.654167 0.644271 0.027083 0.046875
0 0.795833 0.514062 0.052083 0.032292
0 0.535937 0.258333 0.053125 0.045833
0 0.398958 0.730208 0.043750 0.035417
0 0.445312 0.695833 0.030208 0.050000
0 0.460417 0.446875 0.041667 0.039583
0 0.151042 0.430208 0.031250 0.041667
0 0.903125 0.297396 0.054167 0.036458
0 0.135937 0.086458 0.038542 0.022917
0 0.652604 0.260937 0.051042 0.044792
0 0.415104 0.895312 0.044792 0.051042
0 0.948438 0.766146 0.040625 0.032292
0 0.539583 0.598437 0.039583 0.036458
0 0.144271 0.766667 0.042708 0.031250
0 0.475000 0.725000 0.031250 0.045833
0 0.454167 0.814583 0.035417 0.043750
0 0.417187 0.916146 0.034375 0.051042
0 0.293750 0.634375 0.037500 0.033333
0 0.833854 0.725000 0.036458 0.047917
0 0.641667 0.769792 0.041667 0.027083
0 0.149479 0.186979 0.046875 0.036458
0 0.594271 0.698958 0.042708 0.039583
0 0.570312 0.898958 0.026042 0.045833
0 0.071354 0.514062 0.030208 0.040625
0 0.323437 0.644271 0.044792 0.032292
0 0.784375 0.279167 0.031250 0.037500
0 0.930729 0.283333 0.036458 0.052083
0 0.802083 0.140104 0.031250 0.048958
0 0.330208 0.792708 0.043750 0.027083
0 0.298438 0.150000 0.040625 0.020833
0 0.390104 0.603646 0.026042 0.040625
0 0.633854 0.551042 0.053125 0.045833
0 0.539583 0.523438 0.050000 0.053125
0 0.853125 0.751563 0.039583 0.044792
0 0.534896 0.083854 0.030208 0.048958
0 0.368750 0.111979 0.054167 0.046875
0 0.494792 0.193750 0.043750 0.033333
0 0.309896 0.248438 0.046875 0.048958
0 0.289062 0.748958 0.053125 0.045833
0 0.252083 0.720313 0.039583 0.030208
0 0.848958 0.944271 0.050000 0.036458
0 0.228125 0.743229 0.054167 0.044792
0 0.354167 0.263542 0.037500 0.043750
0 0.181771 0.854688 0.040625 0.023958
0 0.122917 0.847396 0.035417 0.053125
0 0.869271 0.236458 0.032292 0.052083
0 0.271875 0.267188 0.039583 0.053125
0 0.222396 0.461979 0.040625 0.055208
0 0.129167 0.871875 0.045833 0.029167
0 0.959896 0.657813 0.055208 0.048958
0 0.716667 0.847396 0.031250 0.053125
0 0.129688 0.609375 0.021875 0.039583
0 0.272917 0.643229 0.033333 0.040625
0 0.162500 0.336979 0.031250 0.048958
0 0.392188 0.669271 0.023958 0.042708
0 0.417187 0.610938 0.034375 0.040625
0 0.783854 0.078125 0.051042 0.050000
0 0.719792 0.442188 0.041667 0.048958
0 0.604688 0.200000 0.046875 0.027083
0 0.573438 0.757812 0.036458 0.040625
0 0.107813 0.239583 0.028125 0.039583
0 0.353125 0.730729 0.047917 0.030208
0 0.719271 0.486458 0.030208 0.043750
0 0.673438 0.246875 0.046875 0.022917
0 0.238542 0.854688 0.047917 0.030208
0 0.316667 0.206771 0.043750 0.040625
0 0.246875 0.290625 0.035417 0.052083
0 0.209896 0.818750 0.051042 0.050000
0 0.583854 0.865104 0.044792 0.042708
0 0.102083 0.527604 0.037500 0.053125
0 0.942187 0.450521 0.028125 0.044792
0 0.334896 0.459896 0.034375 0.040625
0 0.201042 0.132292 0.031250 0.037500
0 0.552604 0.920312 0.030208 0.048958
0 0.122917 0.483854 0.043750 0.048958
0 0.203646 0.633333 0.044792 0.047917
0 0.136979 0.658333 0.038542 0.025000
0 0.110417 0.258854 0.054167 0.038542
0 0.402083 0.509896 0.027083 0.051042
0 0.191146 0.780729 0.051042 0.040625
0 0.316667 0.702083 0.041667 0.047917
0 0.443750 0.942708 0.047917 0.041667
0 0.937500 0.655729 0.041667 0.048958
0 0.222396 0.193750 0.036458 0.020833
0 0.649479 0.150521 0.055208 0.044792
0 0.237500 0.558854 0.039583 0.036458
0 0.826562 0.165104 0.046875 0.028125
0 0.697917 0.117188 0.047917 0.046875
0 0.831250 0.531771 0.039583 0.023958
0 0.939583 0.728125 0.035417 0.047917
0 0.170313 0.091146 0.051042 0.040625
0 0.530729 0.540104 0.051042 0.044792
0 0.635417 0.417187 0.052083 0.051042
0 0.919271 0.163021 0.044792 0.055208
0 0.541146 0.339062 0.040625 0.034375
0 0.942708 0.619792 0.037500 0.033333
0 0.768229 0.368750 0.032292 0.047917
0 0.128125 0.284896 0.039583 0.030208
0 0.456250 0.638542 0.043750 0.052083
0 0.509896 0.227083 0.044792 0.025000
0 0.757292 0.828646 0.035417 0.053125
0 0.582292 0.302604 0.054167 0.038542
0 0.619271 0.628646 0.051042 0.034375
0 0.082292 0.204167 0.050000 0.033333
0 0.301042 0.495312 0.041667 0.042708
0 0.797917 0.626042 0.029167 0.050000
0 0.552083 0.378646 0.045833 0.026042
0 0.590625 0.755208 0.037500 0.025000
0 0.937500 0.231250 0.022917 0.039583
0 0.629167 0.541146 0.041667 0.048958
0 0.792188 0.270833 0.038542 0.052083
0 0.277083 0.543750 0.041667 0.039583
0 0.954167 0.175000 0.045833 0.031250
0 0.532292 0.725000 0.037500 0.047917
0 0.863542 0.066146 0.039583 0.026042
0 0.886458 0.178125 0.047917 0.052083
0 0.946354 0.260417 0.040625 0.025000
0 0.444271 0.802083 0.032292 0.043750
0 0.564583 0.411458 0.039583 0.052083
0 0.520312 0.791667 0.036458 0.020833
0 0.690104 0.221875 0.038542 0.029167
0 0.664583 0.181250 0.045833 0.027083
0 0.413542 0.397396 0.029167 0.051042
0 0.656771 0.485417 0.048958 0.041667
0 0.227604 0.261458 0.040625 0.022917
0 0.298438 0.468750 0.036458 0.043750
0 0.361979 0.661458 0.048958 0.041667
0 0.380729 0.499479 0.042708 0.044792
0 0.762500 0.524479 0.033333 0.053125
0 0.936979 0.618750 0.038542 0.025000
0 0.329167 0.766146 0.050000 0.034375
0 0.748437 0.200000 0.046875 0.043750
0 0.240625 0.319792 0.035417 0.037500
0 0.569792 0.734375 0.035417 0.047917
0 0.101042 0.754167 0.043750 0.033333
0 0.223958 0.732292 0.025000 0.041667
0 0.608333 0.493750 0.043750 0.035417
0 0.648958 0.789062 0.022917 0.044792
0 0.731250 0.358854 0.043750 0.055208
0 0.449479 0.511979 0.040625 0.055208
0 0.433333 0.848958 0.037500 0.047917
0 0.885938 0.443229 0.051042 0.044792
0 0.750000 0.821875 0.043750 0.037500
0 0.871875 0.916146 0.054167 0.044792
0 0.652604 0.216146 0.044792 0.044792
0 0.123958 0.119271 0.039583 0.034375
0 0.286979 0.122396 0.038542 0.040625
0 0.824479 0.155208 0.044792 0.037500
0 0.365625 0.488542 0.045833 0.027083
0 0.940625 0.820833 0.037500 0.018750
0 0.271875 0.938542 0.020833 0.035417
0 0.724479 0.867708 0.048958 0.035417
0 0.643229 0.542188 0.048958 0.046875
0 0.407292 0.958333 0.020833 0.035417
0 0.340104 0.911979 0.046875 0.055208
0 0.844271 0.933333 0.019792 0.037500
0 0.811979 0.246354 0.051042 0.038542
0 0.353646 0.550521 0.046875 0.055208
0 0.294792 0.653646 0.045833 0.055208
0 0.905729 0.579688 0.034375 0.053125
0 0.566667 0.186458 0.052083 0.043750
0 0.543750 0.948958 0.047917 0.027083
0 0.595313 0.616667 0.026042 0.039583
0 0.333333 0.135937 0.052083 0.032292
0 0.567187 0.766667 0.036458 0.020833
0 0.517188 0.488021 0.032292 0.053125
0 0.191667 0.823438 0.050000 0.053125
0 0.851042 0.372917 0.020833 0.039583
0 0.909375 0.967187 0.022917 0.042708
0 0.881771 0.077083 0.048958 0.039583
0 0.925000 0.656771 0.035417 0.053125
0 0.783333 0.697917 0.043750 0.045833
0 0.255208 0.589583 0.052083 0.039583
0 0.836458 0.066146 0.039583 0.026042
0 0.315104 0.683854 0.048958 0.030208
0 0.634375 0.319271 0.045833 0.048958
0 0.751042 0.668229 0.033333 0.053125
0 0.676042 0.257292 0.039583 0.052083
0 0.547917 0.243750 0.043750 0.045833
0 0.897917 0.812500 0.037500 0.029167
0 0.493750 0.427083 0.020833 0.039583
0 0.357812 0.878646 0.048958 0.046875
0 0.201563 0.890625 0.046875 0.052083
0 0.531250 0.780208 0.052083 0.037500
0 0.400000 0.501563 0.050000 0.053125
0 0.197396 0.305729 0.044792 0.042708
0 0.382812 0.327083 0.038542 0.031250
0 0.952083 0.558854 0.039583 0.036458
0 0.700521 0.484896 0.028125 0.040625
0 0.461458 0.445312 0.054167 0.042708
0 0.626563 0.718229 0.026042 0.051042
0 0.794271 0.732292 0.053125 0.043750
0 0.857812 0.533854 0.040625 0.032292
0 0.821875 0.118750 0.052083 0.041667
0 0.536458 0.167187 0.037500 0.048958
0 0.139583 0.769271 0.050000 0.036458
0 0.126562 0.364063 0.044792 0.055208
0 0.294271 0.270313 0.038542 0.051042
0 0.668229 0.308854 0.051042 0.053125
0 0.923438 0.134896 0.040625 0.034375
0 0.860417 0.916667 0.037500 0.043750
0 0.379688 0.588542 0.044792 0.025000
0 0.497917 0.483333 0.047917 0.037500
0 0.313021 0.142708 0.051042 0.050000
0 0.325521 0.901042 0.042708 0.025000
0 0.690104 0.949479 0.044792 0.044792
0 0.472917 0.482292 0.041667 0.039583
0 0.179688 0.855729 0.055208 0.051042
0 0.608854 0.389062 0.055208 0.036458
0 0.710417 0.966146 0.045833 0.048958
0 0.091146 0.845833 0.028125 0.039583
0 0.374479 0.879687 0.038542 0.021875
0 0.399479 0.794271 0.040625 0.026042
0 0.779167 0.413542 0.022917 0.037500
0 0.342708 0.630208 0.029167 0.050000
0 0.551042 0.604688 0.027083 0.040625
0 0.558854 0.581250 0.023958 0.043750
0 0.874479 0.159375 0.034375 0.039583
0 0.164583 0.342187 0.050000 0.053125
0 0.917188 0.754687 0.034375 0.046875
0 0.200521 0.488542 0.038542 0.027083
0 0.305208 0.575000 0.031250 0.037500
0 0.823438 0.923438 0.026042 0.044792
0 0.910937 0.216146 0.044792 0.044792
0 0.904687 0.865104 0.055208 0.038542
0 0.686979 0.556771 0.023958 0.046875
0 0.954688 0.908854 0.034375 0.051042
0 0.958854 0.338021 0.055208 0.044792
0 0.739062 0.338542 0.036458 0.020833
0 0.204687 0.640104 0.053125 0.053125
0 0.338021 0.762500 0.038542 0.047917
0 0.128125 0.503646 0.018750 0.036458
0 0.182292 0.088021 0.039583 0.036458
0 0.882292 0.643229 0.037500 0.040625
0 0.458854 0.684896 0.034375 0.040625
0 0.163542 0.222396 0.050000 0.042708
0 0.959375 0.088542 0.041667 0.039583
0 0.268750 0.959375 0.041667 0.039583
0 0.838542 0.879167 0.052083 0.043750
0 0.459896 0.870833 0.053125 0.045833
0 0.617188 0.254167 0.032292 0.039583
0 0.470313 0.622396 0.044792 0.040625
0 0.259375 0.764583 0.033333 0.047917
0 0.087500 0.727083 0.041667 0.047917
0 0.783854 0.792708 0.046875 0.045833
0 0.552604 0.079687 0.044792 0.042708
0 0.286979 0.751563 0.044792 0.040625
0 0.344792 0.734896 0.016667 0.034375
0 0.128125 0.665104 0.043750 0.042708
0 0.620313 0.601042 0.036458 0.052083
0 0.708854 0.920833 0.042708 0.029167
0 0.840625 0.871354 0.054167 0.044792
0 0.738021 0.844792 0.046875 0.031250
0 0.784375 0.170833 0.037500 0.033333
0 0.942187 0.767708 0.044792 0.033333
0 0.880208 0.955208 0.043750 0.033333
0 0.231771 0.520833 0.046875 0.052083
0 0.658854 0.552083 0.042708 0.039583
0 0.429167 0.457813 0.027083 0.042708
0 0.335938 0.614583 0.038542 0.035417
0 0.440104 0.679688 0.051042 0.053125
0 0.213021 0.848437 0.038542 0.040625
0 0.673958 0.960417 0.047917 0.052083
0 0.314583 0.945833 0.022917 0.037500
0 0.751042 0.231250 0.037500 0.025000
0 0.338021 0.678125 0.034375 0.047917
0 0.459375 0.490104 0.052083 0.030208
0 0.655729 0.452604 0.044792 0.051042
0 0.836458 0.311458 0.045833 0.043750
0 0.944792 0.884375 0.029167 0.050000
0 0.640104 0.355729 0.046875 0.038542
0 0.353646 0.890625 0.036458 0.037500
0 0.453125 0.216667 0.039583 0.020833
0 0.473438 0.392708 0.040625 0.054167
0 0.720833 0.751563 0.039583 0.044792
0 0.226042 0.436979 0.035417 0.040625
0 0.905208 0.381250 0.033333 0.050000
0 0.311458 0.110937 0.043750 0.042708
0 0.082292 0.408333 0.047917 0.050000
0 0.328125 0.400521 0.041667 0.023958
0 0.543750 0.851042 0.039583 0.020833
0 0.620833 0.273438 0.035417 0.040625
0 0.415625 0.736979 0.043750 0.026042
0 0.179688 0.542708 0.042708 0.047917
0 0.382292 0.214583 0.025000 0.037500
0 0.921875 0.933333 0.041667 0.037500
0 0.479167 0.475000 0.052083 0.047917
0 0.742708 0.279167 0.047917 0.027083
0 0.141667 0.747396 0.045833 0.026042
0 0.274479 0.664583 0.036458 0.052083
0 0.852604 0.906250 0.030208 0.043750
0 0.411979 0.394271 0.026042 0.044792
0 0.594271 0.438021 0.051042 0.042708
0 0.681771 0.214583 0.034375 0.043750
0 0.649479 0.153125 0.051042 0.031250
0 0.148958 0.587500 0.037500 0.025000
0 0.828646 0.245833 0.051042 0.035417
0 0.712500 0.452604 0.047917 0.032292
0 0.116146 0.253646 0.038542 0.019792
0 0.117188 0.169271 0.036458 0.055208
0 0.656771 0.490104 0.046875 0.038542
0 0.330208 0.838021 0.027083 0.042708
0 0.704167 0.746354 0.037500 0.019792
0 0.819271 0.510938 0.051042 0.053125
0 0.743229 0.124479 0.026042 0.044792
0 0.159375 0.478646 0.050000 0.042708
0 0.758333 0.756771 0.031250 0.051042
0 0.413021 0.200000 0.032292 0.043750
0 0.361458 0.939583 0.031250 0.037500
0 0.265625 0.333854 0.050000 0.042708
0 0.234896 0.638021 0.044792 0.030208
0 0.124479 0.381771 0.034375 0.053125
0 0.277604 0.234896 0.051042 0.044792
0 0.234896 0.865104 0.023958 0.042708
0 0.725000 0.279687 0.033333 0.044792
0 0.427083 0.339583 0.052083 0.043750
0 0.914583 0.079687 0.031250 0.040625
0 0.568229 0.734375 0.038542 0.031250
0 0.768229 0.254167 0.044792 0.035417
0 0.543750 0.076563 0.054167 0.038542
0 0.889062 0.739583 0.051042 0.033333
0 0.329167 0.378646 0.041667 0.055208
0 0.800000 0.803125 0.045833 0.029167
0 0.848958 0.518229 0.054167 0.040625
0 0.269271 0.956771 0.051042 0.026042
0 0.194271 0.192708 0.048958 0.037500
0 0.123958 0.207292 0.052083 0.039583
0 0.651042 0.206771 0.043750 0.055208
0 0.241667 0.625521 0.033333 0.044792
0 0.236458 0.416146 0.039583 0.036458
0 0.960417 0.667188 0.041667 0.032292
0 0.752604 0.561458 0.028125 0.039583
0 0.662500 0.136979 0.047917 0.032292
0 0.416667 0.859896 0.045833 0.026042
0 0.830208 0.606250 0.041667 0.029167
0 0.151042 0.184375 0.039583 0.041667
0 0.595313 0.959896 0.021875 0.038542
0 0.665625 0.343750 0.047917 0.027083
0 0.599479 0.427604 0.042708 0.044792
0 0.904167 0.158333 0.039583 0.020833
0 0.634896 0.750000 0.030208 0.050000
0 0.127604 0.597917 0.026042 0.039583
0 0.560937 0.215104 0.048958 0.055208
0 0.532292 0.374479 0.037500 0.044792
0 0.328125 0.471875 0.037500 0.031250
0 0.644271 0.335417 0.048958 0.035417
0 0.965625 0.184896 0.039583 0.030208
0 0.714063 0.234375 0.044792 0.027083
0 0.871875 0.377604 0.041667 0.048958
0 0.329688 0.292187 0.055208 0.046875
0 0.791667 0.338542 0.045833 0.045833
0 0.095833 0.539583 0.035417 0.052083
0 0.916667 0.221354 0.047917 0.030208
0 0.139063 0.460417 0.048958 0.025000
0 0.707812 0.682813 0.051042 0.053125
0 0.350000 0.899479 0.052083 0.034375
0 0.614583 0.635417 0.052083 0.035417
0 0.952604 0.585938 0.040625 0.034375
0 0.330208 0.565104 0.020833 0.036458
0 0.403125 0.558333 0.050000 0.033333
0 0.527083 0.210417 0.041667 0.039583
0 0.330208 0.944271 0.039583 0.030208
0 0.245312 0.360417 0.036458 0.020833
0 0.527604 0.808854 0.053125 0.032292
0 0.221354 0.802604 0.023958 0.040625
0 0.120313 0.475521 0.028125 0.040625
0 0.201042 0.723958 0.033333 0.037500
0 0.427604 0.331250 0.046875 0.043750
0 0.075521 0.308854 0.044792 0.051042
0 0.401562 0.584375 0.034375 0.016667
0 0.696354 0.680208 0.038542 0.043750
0 0.450521 0.572396 0.036458 0.046875
0 0.535417 0.606771 0.033333 0.044792
0 0.558333 0.746354 0.039583 0.023958
0 0.271354 0.778125 0.042708 0.029167
0 0.468750 0.813542 0.045833 0.043750
0 0.675000 0.834896 0.022917 0.040625
0 0.501563 0.213542 0.032292 0.047917
0 0.619792 0.401042 0.031250 0.045833
0 0.168750 0.809896 0.039583 0.034375
0 0.729167 0.090104 0.039583 0.044792
0 0.155729 0.381771 0.040625 0.026042
0 0.589583 0.162500 0.037500 0.025000
0 0.376563 0.865104 0.040625 0.026042
0 0.604688 0.751042 0.034375 0.037500
0 0.658854 0.188021 0.055208 0.040625
0 0.618750 0.783854 0.020833 0.042708
0 0.450521 0.157812 0.026042 0.040625
0 0.620313 0.838021 0.032292 0.053125
0 0.074479 0.552083 0.038542 0.029167
0 0.881771 0.838542 0.046875 0.052083
0 0.176563 0.419271 0.028125 0.040625
0 0.122396 0.322396 0.038542 0.038542
0 0.659375 0.393750 0.039583 0.047917
0 0.426042 0.347396 0.031250 0.044792
0 0.515104 0.815625 0.036458 0.037500
0 0.746354 0.825000 0.034375 0.037500
0 0.078125 0.856771 0.045833 0.036458
0 0.463542 0.822917 0.035417 0.043750
0 0.800000 0.847396 0.047917 0.046875
0 0.388542 0.317708 0.047917 0.037500
0 0.202604 0.201563 0.040625 0.038542
0 0.406250 0.160417 0.035417 0.037500
0 0.485938 0.729167 0.023958 0.037500
0 0.767708 0.839583 0.025000 0.041667
0 0.467187 0.936458 0.028125 0.050000
0 0.359896 0.546354 0.048958 0.034375
0 0.514062 0.308854 0.032292 0.053125
0 0.302083 0.249479 0.052083 0.032292
0 0.077604 0.789583 0.038542 0.027083
0 0.719271 0.845313 0.042708 0.044792
0 0.424479 0.207292 0.038542 0.035417
0 0.685417 0.704167 0.037500 0.027083
0 0.157292 0.445312 0.037500 0.021875
0 0.344271 0.765625 0.038542 0.027083
0 0.192708 0.188021 0.050000 0.034375
0 0.753125 0.836979 0.054167 0.044792
0 0.569792 0.176563 0.039583 0.044792
0 0.498958 0.379688 0.018750 0.038542
0 0.305208 0.304167 0.031250 0.037500
0 0.691146 0.301042 0.042708 0.025000
0 0.888021 0.556250 0.044792 0.045833
0 0.419792 0.329167 0.037500 0.043750
0 0.107292 0.881771 0.039583 0.030208
0 0.414062 0.901563 0.023958 0.046875
0 0.249479 0.473438 0.044792 0.055208
0 0.236979 0.672917 0.042708 0.027083
0 0.104688 0.246875 0.038542 0.029167
0 0.942187 0.217708 0.051042 0.047917
0 0.605208 0.646875 0.050000 0.031250
0 0.755729 0.748958 0.048958 0.052083
0 0.963542 0.654167 0.043750 0.045833
0 0.707812 0.233333 0.028125 0.043750
0 0.161458 0.694271 0.052083 0.032292
0 0.486458 0.899479 0.037500 0.040625
0 0.551042 0.415104 0.033333 0.040625
0 0.580208 0.540104 0.050000 0.040625
0 0.272917 0.667188 0.050000 0.036458
0 0.565625 0.146354 0.027083 0.048958
0 0.202083 0.589063 0.037500 0.044792
0 0.510938 0.320312 0.044792 0.055208
0 0.123438 0.876563 0.032292 0.040625
0 0.582292 0.524479 0.039583 0.023958
0 0.678125 0.465625 0.033333 0.043750
0 0.721875 0.366667 0.029167 0.045833
0 0.921875 0.946354 0.033333 0.040625
0 0.407292 0.107813 0.045833 0.034375
0 0.561979 0.558854 0.026042 0.046875
0 0.450521 0.598958 0.036458 0.020833
0 0.703125 0.380729 0.045833 0.036458
0 0.069792 0.466667 0.027083 0.037500
0 0.596875 0.852604 0.033333 0.048958
0 0.191667 0.682292 0.052083 0.047917
0 0.520833 0.888542 0.031250 0.037500
0 0.816667 0.244792 0.035417 0.052083
0 0.245312 0.834375 0.030208 0.039583
0 0.353125 0.125521 0.041667 0.044792
0 0.526563 0.946354 0.028125 0.040625
0 0.789062 0.779687 0.038542 0.051042
0 0.098958 0.863542 0.033333 0.043750
0 0.234896 0.547396 0.048958 0.030208
0 0.604167 0.596354 0.027083 0.040625
0 0.843750 0.279167 0.047917 0.037500
0 0.919792 0.673958 0.050000 0.050000
0 0.959375 0.932292 0.035417 0.043750
0 0.361979 0.174479 0.019792 0.038542
0 0.762500 0.213542 0.045833 0.052083
0 0.318750 0.513021 0.039583 0.023958
0 0.408333 0.786458 0.035417 0.052083
0 0.135937 0.071354 0.040625 0.032292
0 0.108854 0.182812 0.026042 0.040625
0 0.253646 0.769271 0.048958 0.048958
0 0.702604 0.115625 0.046875 0.029167
0 0.436979 0.840625 0.046875 0.052083
0 0.459896 0.373958 0.026042 0.039583
0 0.729167 0.626563 0.027083 0.042708
0 0.329167 0.766667 0.027083 0.041667
0 0.630729 0.742188 0.051042 0.053125
0 0.263542 0.462500 0.041667 0.037500
0 0.369792 0.835417 0.045833 0.043750
0 0.911458 0.464062 0.029167 0.040625
0 0.719271 0.663542 0.042708 0.047917
0 0.828646 0.966146 0.026042 0.040625
0 0.508333 0.591146 0.025000 0.046875
0 0.291667 0.202604 0.039583 0.028125
0 0.934896 0.169271 0.030208 0.053125
0 0.424479 0.335417 0.053125 0.047917
0 0.534896 0.095312 0.032292 0.044792
0 0.114583 0.519792 0.037500 0.029167
0 0.949479 0.168229 0.055208 0.036458
0 0.350521 0.370833 0.032292 0.043750
0 0.485938 0.498437 0.046875 0.026042
0 0.163021 0.150000 0.053125 0.045833
0 0.969792 0.512500 0.045833 0.031250
0 0.908333 0.318229 0.052083 0.053125
0 0.752083 0.789583 0.029167 0.045833
0 0.401042 0.674479 0.054167 0.036458
0 0.778125 0.621875 0.037500 0.027083
0 0.094271 0.170313 0.040625 0.044792
0 0.519792 0.309896 0.041667 0.044792
0 0.079687 0.495312 0.038542 0.055208
0 0.305729 0.227083 0.030208 0.039583
0 0.270833 0.145833 0.043750 0.033333
0 0.451562 0.193229 0.034375 0.046875
0 0.347396 0.893750 0.038542 0.022917
0 0.257292 0.555729 0.054167 0.042708
0 0.684375 0.844792 0.027083 0.045833
0 0.492708 0.222396 0.050000 0.044792
0 0.903125 0.926562 0.043750 0.030208
0 0.511458 0.098958 0.050000 0.031250
0 0.748958 0.778125 0.035417 0.052083
0 0.511979 0.390104 0.038542 0.040625
0 0.211979 0.785937 0.053125 0.034375
0 0.882812 0.154167 0.053125 0.043750
0 0.750521 0.526042 0.038542 0.031250
0 0.316667 0.216667 0.037500 0.033333
0 0.912500 0.261458 0.043750 0.027083
0 0.125521 0.743229 0.040625 0.026042
0 0.447396 0.273958 0.046875 0.031250
0 0.111979 0.213021 0.044792 0.030208
0 0.737500 0.407813 0.018750 0.036458
0 0.581250 0.294271 0.052083 0.051042
0 0.340104 0.467708 0.051042 0.050000
0 0.667708 0.647396 0.037500 0.053125
0 0.201042 0.504167 0.022917 0.037500
0 0.168750 0.403646 0.052083 0.051042
0 0.667708 0.250000 0.025000 0.039583
0 0.561458 0.969792 0.045833 0.052083
0 0.295833 0.825000 0.039583 0.020833
0 0.406771 0.283333 0.028125 0.043750
0 0.648958 0.076042 0.041667 0.047917
0 0.415625 0.084375 0.041667 0.052083
0 0.846875 0.803646 0.037500 0.038542
0 0.959896 0.153646 0.051042 0.044792
0 0.604167 0.497396 0.039583 0.038542
0 0.458854 0.513021 0.038542 0.046875
0 0.723437 0.279687 0.028125 0.046875
0 0.908854 0.826562 0.030208 0.048958
0 0.658854 0.797396 0.040625 0.051042
0 0.138542 0.573438 0.054167 0.042708
0 0.712500 0.382812 0.035417 0.044792
0 0.967187 0.799479 0.055208 0.040625
0 0.846875 0.599479 0.043750 0.048958
0 0.274479 0.901563 0.038542 0.023958
0 0.893229 0.623437 0.030208 0.048958
0 0.131250 0.490625 0.035417 0.037500
0 0.083854 0.954688 0.048958 0.046875
0 0.906771 0.896354 0.032292 0.048958
0 0.118229 0.113542 0.036458 0.037500
0 0.293750 0.884896 0.037500 0.044792
0 0.672396 0.894792 0.042708 0.031250
0 0.519271 0.220312 0.032292 0.040625
0 0.134375 0.328125 0.029167 0.050000
0 0.603125 0.299479 0.050000 0.044792
0 0.318229 0.903125 0.042708 0.054167
0 0.357812 0.126042 0.030208 0.043750
0 0.838542 0.568750 0.037500 0.033333
0 0.759375 0.409375 0.052083 0.045833
0 0.426563 0.907813 0.046875 0.038542
0 0.516667 0.145313 0.045833 0.040625
0 0.473438 0.366667 0.042708 0.025000
0 0.233333 0.722396 0.039583 0.030208
0 0.891667 0.600000 0.041667 0.039583
0 0.952604 0.616146 0.036458 0.040625
0 0.920312 0.532292 0.048958 0.035417
0 0.436458 0.690625 0.029167 0.045833
0 0.503125 0.901042 0.047917 0.033333
0 0.565104 0.288542 0.053125 0.045833
0 0.188021 0.766146 0.032292 0.040625
0 0.667188 0.456771 0.023958 0.040625
0 0.906250 0.108333 0.047917 0.041667
0 0.560937 0.458333 0.023958 0.037500
0 0.207813 0.338542 0.038542 0.035417
0 0.698438 0.638021 0.038542 0.051042
0 0.498958 0.777604 0.039583 0.026042
0 0.922917 0.741146 0.043750 0.040625
0 0.527083 0.880729 0.050000 0.042708
0 0.901042 0.078646 0.037500 0.053125
0 0.785937 0.591667 0.026042 0.039583
0 0.324479 0.796354 0.044792 0.032292
0 0.085938 0.598437 0.038542 0.038542
0 0.356771 0.421875 0.046875 0.043750
0 0.348438 0.474479 0.055208 0.042708
0 0.158854 0.705208 0.028125 0.045833
0 0.818229 0.954167 0.044792 0.027083
0 0.171875 0.244792 0.025000 0.039583
0 0.253125 0.536979 0.041667 0.023958
0 0.191667 0.586979 0.031250 0.053125
0 0.557292 0.159375 0.037500 0.033333
0 0.540625 0.213542 0.025000 0.043750
0 0.159896 0.668229 0.036458 0.046875
0 0.840104 0.601562 0.048958 0.046875
0 0.635417 0.716667 0.039583 0.022917
0 0.160417 0.443229 0.039583 0.026042
0 0.888021 0.923958 0.030208 0.043750
0 0.472917 0.496354 0.045833 0.036458
0 0.082812 0.182812 0.046875 0.048958
0 0.592187 0.769271 0.053125 0.032292
0 0.750000 0.901042 0.047917 0.037500
0 0.726042 0.744792 0.029167 0.041667
0 0.499479 0.572396 0.051042 0.040625
0 0.853125 0.359896 0.052083 0.034375
0 0.858333 0.897917 0.037500 0.035417
0 0.922917 0.926042 0.039583 0.041667
0 0.580729 0.103125 0.017708 0.035417
0 0.633854 0.196354 0.046875 0.034375
0 0.364583 0.435937 0.029167 0.051042
0 0.373437 0.266146 0.040625 0.044792
0 0.493229 0.418229 0.044792 0.055208
0 0.625000 0.931771 0.022917 0.040625
0 0.247917 0.156250 0.047917 0.037500
0 0.653646 0.418750 0.030208 0.050000
0 0.533854 0.553125 0.034375 0.047917
0 0.448958 0.788542 0.039583 0.041667
0 0.286979 0.908854 0.055208 0.051042
0 0.565104 0.161458 0.042708 0.039583
0 0.519792 0.211979 0.047917 0.046875
0 0.529167 0.566667 0.035417 0.047917
0 0.264062 0.893229 0.044792 0.042708
0 0.719792 0.343750 0.041667 0.037500
0 0.470313 0.858333 0.042708 0.039583
0 0.357812 0.347917 0.051042 0.033333
0 0.540104 0.342708 0.023958 0.045833
0 0.177083 0.070833 0.045833 0.029167
0 0.190104 0.942708 0.044792 0.025000
0 0.407813 0.474479 0.055208 0.040625
0 0.383333 0.618750 0.037500 0.031250
0 0.524479 0.867708 0.036458 0.037500
0 0.924479 0.254688 0.040625 0.023958
0 0.398438 0.475000 0.036458 0.037500
0 0.081771 0.802604 0.055208 0.046875
0 0.860938 0.896875 0.034375 0.039583
0 0.884896 0.336458 0.042708 0.027083
0 0.288021 0.922396 0.044792 0.040625
0 0.564063 0.840625 0.051042 0.050000
0 0.278125 0.592187 0.050000 0.042708
0 0.456771 0.116667 0.030208 0.039583
0 0.933854 0.707812 0.044792 0.028125
0 0.883854 0.374479 0.046875 0.038542
0 0.716667 0.715104 0.045833 0.023958
0 0.100000 0.422917 0.033333 0.047917
0 0.781250 0.811979 0.054167 0.051042
0 0.702083 0.728125 0.035417 0.043750
0 0.220312 0.550000 0.040625 0.022917
0 0.886979 0.763542 0.046875 0.031250
0 0.866667 0.418229 0.041667 0.048958
0 0.345313 0.133854 0.040625 0.034375
0 0.569792 0.532292 0.050000 0.031250
0 0.161458 0.714063 0.054167 0.046875
0 0.430729 0.507812 0.021875 0.038542
0 0.483854 0.369271 0.048958 0.055208
0 0.887500 0.632292 0.037500 0.035417
0 0.266146 0.884896 0.034375 0.046875
0 0.944271 0.494271 0.030208 0.044792
0 0.758333 0.248958 0.047917 0.035417
0 0.143750 0.904167 0.045833 0.029167
0 0.781771 0.092188 0.036458 0.055208
0 0.607292 0.582812 0.041667 0.021875
0 0.713542 0.174479 0.039583 0.036458
0 0.742188 0.420312 0.053125 0.051042
0 0.349479 0.591667 0.046875 0.029167