0 0.846354 0.493750 0.030208 0.039583
0 0.760417 0.915104 0.041667 0.023958
0 0.106250 0.166146 0.050000 0.038542
0 0.723958 0.746875 0.039583 0.041667
0 0.114583 0.902083 0.029167 0.045833
0 0.571354 0.773438 0.023958 0.038542
0 0.560417 0.237500 0.050000 0.050000
0 0.231771 0.781250 0.046875 0.022917
0 0.279687 0.612500 0.048958 0.052083
0 0.346354 0.248958 0.042708 0.039583
0 0.775521 0.234375 0.028125 0.039583
0 0.814063 0.181771 0.040625 0.019792
0 0.554688 0.202604 0.040625 0.051042
0 0.827083 0.181250 0.027083 0.047917
0 0.211458 0.664062 0.047917 0.053125
0 0.242708 0.871354 0.039583 0.055208
0 0.659375 0.754687 0.020833 0.038542
0 0.218229 0.256771 0.046875 0.038542
0 0.348958 0.652604 0.039583 0.036458
0 0.160417 0.475521 0.039583 0.028125
0 0.075521 0.182292 0.044792 0.033333
0 0.444271 0.670833 0.023958 0.041667
0 0.096875 0.601562 0.043750 0.028125
0 0.450521 0.311979 0.042708 0.051042
0 0.340104 0.901563 0.044792 0.055208
0 0.336979 0.388542 0.034375 0.039583
0 0.290104 0.546354 0.040625 0.038542
0 0.644792 0.611979 0.043750 0.042708
0 0.448958 0.169271 0.054167 0.051042
0 0.369271 0.517188 0.036458 0.040625
0 0.347396 0.500000 0.048958 0.052083
0 0.069271 0.348958 0.030208 0.047917
0 0.915104 0.463021 0.040625 0.055208
0 0.321875 0.136979 0.037500 0.053125
0 0.409375 0.467187 0.020833 0.038542
0 0.755729 0.437500 0.046875 0.029167
0 0.435417 0.079167 0.045833 0.029167
0 0.691146 0.825000 0.040625 0.022917
0 0.363021 0.168750 0.051042 0.033333
0 0.508333 0.633333 0.033333 0.037500
0 0.713021 0.972396 0.034375 0.051042
0 0.831771 0.479167 0.030208 0.050000
0 0.135417 0.909375 0.047917 0.033333
0 0.406771 0.338021 0.040625 0.055208
0 0.664583 0.858333 0.037500 0.047917
0 0.266667 0.339062 0.043750 0.030208
0 0.112500 0.152604 0.047917 0.046875
0 0.659896 0.772396 0.053125 0.030208
0 0.418229 0.767708 0.036458 0.047917
0 0.510938 0.545312 0.044792 0.032292
0 0.500000 0.344792 0.047917 0.041667
0 0.945312 0.743750 0.053125 0.039583
0 0.207813 0.445312 0.051042 0.053125
0 0.540104 0.288021 0.040625 0.044792
0 0.658854 0.254688 0.048958 0.046875
0 0.312500 0.947396 0.039583 0.048958
0 0.750521 0.413021 0.048958 0.032292
0 0.604167 0.886458 0.047917 0.025000
0 0.189583 0.359896 0.039583 0.048958
0 0.533854 0.251563 0.042708 0.044792
0 0.096875 0.319792 0.041667 0.052083
0 0.191146 0.599479 0.051042 0.040625
0 0.598437 0.764062 0.055208 0.044792
0 0.255208 0.758333 0.035417 0.035417
0 0.818229 0.641146 0.053125 0.053125
0 0.095833 0.285938 0.016667 0.034375
0 0.816146 0.104688 0.038542 0.051042
0 0.578646 0.874479 0.026042 0.040625
0 0.557813 0.946354 0.040625 0.032292
0 0.097917 0.679167 0.047917 0.052083
0 0.964583 0.247917 0.043750 0.033333
0 0.812500 0.913021 0.041667 0.044792
0 0.592708 0.261458 0.037500 0.027083
0 0.167187 0.566667 0.038542 0.035417
0 0.816146 0.276042 0.051042 0.047917
0 0.590625 0.200521 0.045833 0.048958
0 0.115104 0.803125 0.026042 0.037500
0 0.610417 0.216667 0.025000 0.043750
0 0.899479 0.846354 0.051042 0.034375
0 0.121875 0.184375 0.022917 0.035417
0 0.631771 0.751042 0.042708 0.047917
0 0.375000 0.142187 0.043750 0.030208
0 0.535417 0.731771 0.045833 0.038542
0 0.401562 0.265104 0.038542 0.040625
0 0.855729 0.115104 0.051042 0.042708
0 0.415625 0.493229 0.041667 0.042708
0 0.326562 0.290104 0.030208 0.048958
0 0.661458 0.413542 0.041667 0.031250
0 0.143229 0.254167 0.051042 0.050000
0 0.569271 0.649479 0.040625 0.030208
0 0.688021 0.830208 0.042708 0.037500
0 0.217708 0.679688 0.039583 0.030208
0 0.721875 0.737500 0.035417 0.047917
0 0.890625 0.543229 0.035417 0.044792
0 0.494792 0.954688 0.035417 0.044792
0 0.105729 0.437500 0.036458 0.020833
0 0.482812 0.570833 0.038542 0.052083
0 0.787500 0.627604 0.047917 0.046875
0 0.630729 0.924479 0.055208 0.042708
0 0.795833 0.305729 0.035417 0.040625
0 0.381250 0.813542 0.039583 0.041667
0 0.914062 0.324479 0.051042 0.034375
0 0.755208 0.358333 0.035417 0.037500
0 0.328646 0.442188 0.038542 0.046875
0 0.556250 0.520833 0.050000 0.047917
0 0.270313 0.226562 0.040625 0.023958
0 0.548438 0.164062 0.048958 0.028125
0 0.178125 0.536458 0.039583 0.022917
0 0.750000 0.973437 0.041667 0.055208
0 0.581250 0.885417 0.039583 0.047917
0 0.363021 0.551042 0.038542 0.035417
0 0.617188 0.895833 0.040625 0.020833
0 0.618750 0.954688 0.025000 0.042708
0 0.943750 0.279167 0.035417 0.020833
0 0.069792 0.872396 0.033333 0.048958
0 0.961458 0.803646 0.054167 0.036458
0 0.646354 0.498958 0.023958 0.047917
0 0.204687 0.374479 0.053125 0.053125
0 0.785937 0.548958 0.021875 0.037500
0 0.080208 0.614583 0.047917 0.033333
0 0.633333 0.346875 0.052083 0.045833
0 0.383333 0.553125 0.031250 0.043750
0 0.393229 0.696354 0.036458 0.040625
0 0.713021 0.309896 0.021875 0.038542
0 0.090625 0.424479 0.039583 0.044792
0 0.841146 0.492188 0.040625 0.023958
0 0.370312 0.542708 0.044792 0.054167
0 0.667188 0.457813 0.044792 0.042708
0 0.268229 0.743229 0.036458 0.040625
0 0.377604 0.806771 0.040625 0.055208
0 0.538542 0.704167 0.025000 0.043750
0 0.772396 0.557813 0.040625 0.055208
0 0.569792 0.600000 0.037500 0.027083
0 0.071875 0.908854 0.031250 0.048958
0 0.927083 0.518750 0.047917 0.037500
0 0.899479 0.078646 0.048958 0.028125
0 0.969792 0.652083 0.050000 0.029167
0 0.228646 0.721354 0.051042 0.030208
0 0.329167 0.115625 0.016667 0.033333
0 0.407292 0.353125 0.041667 0.037500
0 0.966146 0.253125 0.048958 0.033333
0 0.910417 0.157292 0.052083 0.035417
0 0.778125 0.095312 0.052083 0.032292
0 0.435417 0.352604 0.020833 0.036458
0 0.727604 0.365625 0.028125 0.045833
0 0.411979 0.759896 0.051042 0.034375
0 0.236979 0.245312 0.048958 0.028125
0 0.844271 0.572396 0.046875 0.028125
0 0.110417 0.090104 0.039583 0.036458
0 0.694792 0.954688 0.041667 0.048958
0 0.715625 0.131771 0.027083 0.040625
0 0.320833 0.349479 0.029167 0.046875
0 0.631771 0.857292 0.053125 0.039583
0 0.695833 0.372396 0.054167 0.042708
0 0.085417 0.812500 0.047917 0.052083
0 0.227083 0.633333 0.033333 0.047917
0 0.951562 0.350000 0.026042 0.050000
0 0.498958 0.271354 0.031250 0.053125
0 0.650521 0.195312 0.051042 0.044792
0 0.094271 0.160938 0.048958 0.034375
0 0.489063 0.499479 0.055208 0.044792
0 0.647396 0.850521 0.040625 0.036458
0 0.817187 0.943750 0.036458 0.043750
0 0.664062 0.857292 0.053125 0.039583
0 0.467187 0.646875 0.051042 0.035417
0 0.833854 0.273438 0.038542 0.046875
0 0.178125 0.527604 0.041667 0.055208
0 0.740104 0.581250 0.053125 0.043750
0 0.769792 0.714063 0.041667 0.048958
0 0.131250 0.536979 0.047917 0.028125
0 0.493229 0.597396 0.055208 0.048958
0 0.198958 0.588542 0.052083 0.043750
0 0.607292 0.237500 0.033333 0.043750
0 0.745313 0.345833 0.034375 0.047917
0 0.348958 0.836979 0.037500 0.053125
0 0.167708 0.230729 0.050000 0.053125
0 0.617188 0.354687 0.038542 0.055208
0 0.609896 0.235417 0.036458 0.020833
0 0.856250 0.636979 0.050000 0.053125
0 0.084896 0.409896 0.028125 0.051042
0 0.596354 0.577604 0.053125 0.032292
0 0.570312 0.609896 0.030208 0.044792
0 0.919792 0.368229 0.050000 0.036458
0 0.398958 0.706250 0.031250 0.037500
0 0.440104 0.631771 0.034375 0.046875
0 0.405729 0.194792 0.034375 0.043750
0 0.929688 0.455208 0.048958 0.039583
0 0.536458 0.536979 0.037500 0.040625
0 0.706250 0.308854 0.050000 0.044792
0 0.492188 0.485417 0.042708 0.039583
0 0.586458 0.805729 0.045833 0.032292
0 0.651042 0.229167 0.031250 0.050000
0 0.784375 0.946354 0.054167 0.048958
0 0.506250 0.640104 0.039583 0.026042
0 0.521875 0.465104 0.037500 0.019792
0 0.121875 0.934375 0.035417 0.018750
0 0.650000 0.188542 0.043750 0.025000
0 0.579688 0.279687 0.026042 0.046875
0 0.348958 0.498958 0.052083 0.045833
0 0.109375 0.652604 0.041667 0.032292
0 0.557292 0.636979 0.039583 0.048958
0 0.929688 0.696354 0.040625 0.034375
0 0.436979 0.514062 0.046875 0.038542
0 0.516146 0.224479 0.055208 0.046875
0 0.703646 0.132812 0.042708 0.051042
0 0.750000 0.669792 0.041667 0.020833
0 0.719792 0.941667 0.047917 0.037500
0 0.119271 0.210417 0.030208 0.050000
0 0.134375 0.201042 0.045833 0.029167
0 0.542708 0.418229 0.041667 0.021875
0 0.669792 0.439583 0.050000 0.031250
0 0.875000 0.306250 0.039583 0.020833
0 0.404687 0.828125 0.044792 0.045833
0 0.588542 0.344271 0.029167 0.051042
0 0.719271 0.623437 0.051042 0.036458
0 0.123438 0.482292 0.021875 0.037500
0 0.263021 0.455208 0.032292 0.043750
0 0.369271 0.580208 0.034375 0.043750
0 0.483854 0.356771 0.038542 0.040625
0 0.930729 0.513021 0.038542 0.040625
0 0.930729 0.175521 0.048958 0.032292
0 0.605208 0.891667 0.050000 0.031250
0 0.646875 0.189062 0.037500 0.040625
0 0.293229 0.119271 0.034375 0.048958
0 0.953646 0.792188 0.026042 0.040625
0 0.355208 0.446354 0.043750 0.040625
0 0.932813 0.386458 0.051042 0.047917
0 0.579167 0.599479 0.043750 0.055208
0 0.167708 0.238021 0.045833 0.040625
0 0.481250 0.905208 0.047917 0.041667
0 0.693750 0.422917 0.037500 0.022917
0 0.372917 0.278125 0.041667 0.039583
0 0.388542 0.575521 0.045833 0.038542
0 0.371354 0.413542 0.044792 0.054167
0 0.077083 0.414062 0.033333 0.048958
0 0.886458 0.291146 0.054167 0.038542
0 0.754687 0.198437 0.040625 0.044792
0 0.311458 0.195833 0.035417 0.037500
0 0.158333 0.578125 0.033333 0.047917
0 0.176563 0.263542 0.036458 0.037500
0 0.262500 0.416667 0.047917 0.025000
0 0.764583 0.153646 0.039583 0.055208
0 0.560937 0.459375 0.053125 0.045833
0 0.708854 0.591667 0.053125 0.043750
0 0.281771 0.670312 0.038542 0.046875
0 0.810937 0.962500 0.051042 0.047917
0 0.433854 0.655729 0.053125 0.030208
0 0.751042 0.393229 0.033333 0.044792
0 0.839583 0.287500 0.033333 0.043750
0 0.708854 0.567708 0.030208 0.047917
0 0.900000 0.796875 0.047917 0.027083
0 0.564583 0.455729 0.039583 0.034375
0 0.200521 0.519792 0.042708 0.047917
0 0.588542 0.834896 0.043750 0.048958
0 0.798438 0.170313 0.038542 0.046875
0 0.250000 0.579688 0.045833 0.038542
0 0.936979 0.320833 0.036458 0.037500
0 0.352604 0.948958 0.023958 0.037500
0 0.802083 0.791667 0.052083 0.039583
0 0.683854 0.950000 0.044792 0.052083
0 0.811979 0.785417 0.028125 0.039583
0 0.245312 0.835417 0.046875 0.027083
0 0.299479 0.932292 0.051042 0.050000
0 0.764583 0.939583 0.037500 0.035417
0 0.247396 0.132292 0.034375 0.043750
0 0.297396 0.553125 0.053125 0.043750
0 0.682813 0.920312 0.032292 0.048958
0 0.236979 0.389583 0.023958 0.041667
0 0.673438 0.403646 0.051042 0.026042
0 0.917188 0.423958 0.042708 0.037500
0 0.080729 0.604688 0.040625 0.026042
0 0.089063 0.633333 0.021875 0.039583
0 0.315104 0.729167 0.042708 0.031250
0 0.831771 0.944792 0.040625 0.047917
0 0.318229 0.544271 0.032292 0.040625
0 0.612500 0.151042 0.041667 0.041667
0 0.390625 0.318229 0.039583 0.023958
0 0.235417 0.171875 0.035417 0.022917
0 0.389583 0.597917 0.022917 0.037500
0 0.594271 0.417708 0.032292 0.047917
0 0.799479 0.777604 0.046875 0.034375
0 0.522396 0.867708 0.044792 0.047917
0 0.517188 0.897396 0.038542 0.019792
0 0.886458 0.951562 0.045833 0.023958
0 0.694792 0.811458 0.037500 0.043750
0 0.653646 0.881250 0.026042 0.039583
0 0.536458 0.651563 0.033333 0.044792
0 0.627083 0.593229 0.031250 0.044792
0 0.568229 0.236458 0.046875 0.045833
0 0.578125 0.840104 0.039583 0.036458
0 0.796354 0.499479 0.044792 0.051042
0 0.676562 0.413542 0.046875 0.052083
0 0.301563 0.297917 0.019792 0.037500
0 0.485938 0.407292 0.034375 0.043750
0 0.842708 0.811458 0.041667 0.029167
0 0.327604 0.366667 0.040625 0.041667
0 0.457292 0.819271 0.041667 0.044792
0 0.738542 0.965104 0.035417 0.040625
0 0.691667 0.298438 0.039583 0.019792
0 0.923438 0.166667 0.038542 0.033333
0 0.173958 0.184896 0.033333 0.053125