0 0.590625 0.288021 0.039583 0.026042
0 0.150521 0.182292 0.042708 0.041667
0 0.484896 0.711458 0.036458 0.037500
0 0.671875 0.189583 0.037500 0.031250
0 0.638542 0.111458 0.047917 0.033333
0 0.246354 0.941146 0.051042 0.036458
0 0.731771 0.275521 0.044792 0.030208
0 0.877083 0.161979 0.054167 0.044792
0 0.906250 0.436979 0.050000 0.038542
0 0.295312 0.403125 0.042708 0.039583
0 0.258854 0.116667 0.034375 0.043750
0 0.380208 0.089583 0.050000 0.050000
0 0.716667 0.393750 0.029167 0.050000
0 0.490625 0.688021 0.035417 0.044792
0 0.805208 0.511979 0.037500 0.038542
0 0.675521 0.281771 0.040625 0.034375
0 0.767708 0.370833 0.035417 0.052083
0 0.746354 0.732292 0.046875 0.045833
0 0.224479 0.920312 0.044792 0.032292
0 0.496875 0.806250 0.043750 0.035417
0 0.890625 0.171875 0.037500 0.052083
0 0.673958 0.078646 0.039583 0.026042
0 0.741146 0.728125 0.053125 0.039583
0 0.809896 0.329688 0.055208 0.046875
0 0.939583 0.714063 0.031250 0.040625
0 0.173437 0.397917 0.036458 0.018750
0 0.456250 0.075000 0.043750 0.045833
0 0.305208 0.679167 0.045833 0.045833
0 0.635417 0.425521 0.043750 0.048958
0 0.600521 0.853646 0.036458 0.040625
0 0.766146 0.305208 0.038542 0.029167
0 0.634375 0.298958 0.037500 0.033333
0 0.705208 0.088021 0.037500 0.040625
0 0.080208 0.672917 0.045833 0.029167
0 0.713542 0.929688 0.045833 0.032292
0 0.672917 0.605208 0.041667 0.041667
0 0.917188 0.651563 0.040625 0.030208
0 0.327083 0.671354 0.027083 0.042708
0 0.168229 0.861458 0.030208 0.039583
0 0.265104 0.650521 0.034375 0.046875
0 0.155729 0.171875 0.040625 0.041667
0 0.885938 0.421354 0.023958 0.040625
0 0.517188 0.631771 0.038542 0.051042
0 0.196875 0.360417 0.045833 0.045833
0 0.686458 0.089063 0.039583 0.026042
0 0.635938 0.443229 0.046875 0.023958
0 0.197396 0.618229 0.034375 0.051042
0 0.872396 0.366146 0.038542 0.046875
0 0.523958 0.963021 0.047917 0.048958
0 0.315104 0.105208 0.023958 0.037500
0 0.448958 0.678125 0.035417 0.037500
0 0.515625 0.645833 0.052083 0.041667
0 0.192708 0.498437 0.050000 0.040625
0 0.473958 0.221875 0.047917 0.041667
0 0.732812 0.846875 0.040625 0.020833
0 0.637500 0.236458 0.029167 0.050000
0 0.245833 0.678125 0.047917 0.033333
0 0.516146 0.748437 0.032292 0.044792
0 0.135417 0.723437 0.031250 0.044792
0 0.570312 0.139063 0.042708 0.023958
0 0.419792 0.673958 0.052083 0.041667
0 0.964063 0.539062 0.036458 0.055208
0 0.516146 0.705208 0.021875 0.039583
0 0.189062 0.506771 0.042708 0.055208
0 0.146875 0.934375 0.045833 0.052083
0 0.512500 0.783854 0.039583 0.044792
0 0.206250 0.941146 0.018750 0.036458
0 0.893229 0.804688 0.053125 0.032292
0 0.089583 0.161458 0.031250 0.041667
0 0.554688 0.516146 0.040625 0.038542
0 0.497917 0.850521 0.035417 0.040625
0 0.288021 0.630729 0.038542 0.021875
0 0.430729 0.613542 0.038542 0.025000
0 0.964063 0.416667 0.046875 0.052083
0 0.837500 0.289583 0.045833 0.029167
0 0.794792 0.744792 0.041667 0.047917
0 0.139063 0.371354 0.040625 0.028125
0 0.126562 0.569792 0.048958 0.035417
0 0.446875 0.930208 0.035417 0.037500
0 0.772917 0.560937 0.047917 0.053125
0 0.781771 0.740625 0.034375 0.039583
0 0.373958 0.613021 0.033333 0.044792
0 0.356250 0.788542 0.045833 0.043750
0 0.588542 0.111458 0.043750 0.035417
0 0.850521 0.532813 0.038542 0.051042
0 0.827604 0.183333 0.032292 0.043750
0 0.806771 0.756250 0.042708 0.031250
0 0.716667 0.576042 0.043750 0.025000
0 0.123438 0.325000 0.051042 0.035417
0 0.133333 0.241146 0.045833 0.034375
0 0.297396 0.746354 0.044792 0.042708
0 0.191146 0.801042 0.034375 0.047917
0 0.935937 0.241146 0.048958 0.046875
0 0.784896 0.315625 0.026042 0.045833
0 0.162500 0.590625 0.050000 0.033333
0 0.905208 0.234896 0.052083 0.051042
0 0.485938 0.123958 0.042708 0.025000
0 0.665625 0.193229 0.050000 0.044792
0 0.248438 0.501042 0.053125 0.037500
0 0.389062 0.564583 0.028125 0.041667
0 0.497917 0.848958 0.050000 0.050000
0 0.488021 0.552604 0.046875 0.038542
0 0.775521 0.404167 0.048958 0.052083
0 0.147917 0.111458 0.016667 0.033333
0 0.525000 0.846875 0.035417 0.047917
0 0.222396 0.676042 0.048958 0.041667
0 0.350521 0.086979 0.028125 0.048958
0 0.517188 0.128125 0.040625 0.047917
0 0.701562 0.419792 0.023958 0.043750
0 0.913021 0.748437 0.044792 0.040625
0 0.748437 0.886979 0.038542 0.019792
0 0.686979 0.935417 0.053125 0.045833
0 0.302604 0.289583 0.046875 0.029167
0 0.597917 0.646354 0.045833 0.032292
0 0.702083 0.323437 0.033333 0.044792
0 0.557813 0.210938 0.048958 0.046875
0 0.875521 0.503125 0.023958 0.041667
0 0.966146 0.392188 0.046875 0.034375
0 0.908333 0.903125 0.050000 0.029167
0 0.924479 0.806771 0.046875 0.034375
0 0.266146 0.800521 0.044792 0.028125
0 0.336979 0.894792 0.026042 0.041667
0 0.582812 0.842708 0.038542 0.027083
0 0.173958 0.350000 0.039583 0.041667
0 0.699479 0.108854 0.046875 0.034375
0 0.210417 0.283333 0.029167 0.045833
0 0.455729 0.796875 0.023958 0.041667
0 0.338021 0.751042 0.019792 0.039583
0 0.169271 0.814063 0.046875 0.026042
0 0.536458 0.690104 0.020833 0.042708
0 0.369271 0.705729 0.055208 0.036458
0 0.309896 0.785937 0.040625 0.028125
0 0.621875 0.945833 0.039583 0.047917
0 0.673438 0.210938 0.051042 0.040625
0 0.623437 0.575521 0.030208 0.044792
0 0.255208 0.521875 0.037500 0.035417
0 0.539583 0.910937 0.027083 0.040625
0 0.355729 0.653125 0.032292 0.039583
0 0.842708 0.860938 0.039583 0.030208
0 0.582292 0.588542 0.037500 0.033333
0 0.716667 0.252083 0.047917 0.025000
0 0.216146 0.581771 0.040625 0.028125
0 0.223438 0.665625 0.021875 0.039583
0 0.770312 0.563542 0.046875 0.043750
0 0.198958 0.310937 0.052083 0.030208
0 0.616667 0.343229 0.037500 0.019792
0 0.598958 0.643750 0.018750 0.035417
0 0.411979 0.177604 0.019792 0.038542
0 0.100000 0.878125 0.043750 0.037500
0 0.291667 0.277604 0.035417 0.048958
0 0.472396 0.084896 0.055208 0.044792
0 0.854688 0.385937 0.044792 0.030208
0 0.607812 0.275000 0.023958 0.041667
0 0.846354 0.441667 0.042708 0.041667
0 0.293750 0.875000 0.031250 0.043750
0 0.217708 0.227604 0.027083 0.046875
0 0.928646 0.202604 0.055208 0.048958
0 0.800521 0.575521 0.023958 0.042708
0 0.955729 0.917708 0.053125 0.037500
0 0.359896 0.771354 0.038542 0.019792
0 0.572917 0.735417 0.037500 0.033333
0 0.203125 0.279167 0.027083 0.037500
0 0.250000 0.504687 0.045833 0.048958
0 0.482812 0.438021 0.053125 0.051042
0 0.150000 0.245833 0.035417 0.047917
0 0.654167 0.617708 0.045833 0.043750
0 0.098437 0.186979 0.051042 0.036458
0 0.782292 0.773438 0.054167 0.044792
0 0.326042 0.818750 0.043750 0.045833
0 0.123958 0.897917 0.050000 0.050000
0 0.347396 0.717187 0.051042 0.026042
0 0.488542 0.848958 0.043750 0.035417
0 0.456250 0.730729 0.035417 0.048958
0 0.790104 0.533333 0.048958 0.033333
0 0.452083 0.482292 0.050000 0.047917
0 0.451042 0.449479 0.027083 0.040625
0 0.257812 0.256250 0.053125 0.039583
0 0.958854 0.890625 0.048958 0.052083
0 0.498437 0.836458 0.036458 0.018750
0 0.903125 0.597917 0.043750 0.033333
0 0.844792 0.802604 0.043750 0.028125
0 0.561979 0.694792 0.028125 0.041667
0 0.894792 0.625521 0.033333 0.044792
0 0.407292 0.417187 0.027083 0.042708
0 0.287500 0.297396 0.047917 0.046875
0 0.792188 0.596875 0.044792 0.033333
0 0.468229 0.735417 0.038542 0.031250
0 0.408333 0.525521 0.027083 0.046875
0 0.170833 0.961979 0.022917 0.040625
0 0.729167 0.328125 0.047917 0.052083
0 0.504167 0.504687 0.045833 0.055208
0 0.569792 0.487500 0.047917 0.050000
0 0.082292 0.815625 0.031250 0.050000
0 0.078646 0.339062 0.023958 0.040625
0 0.201042 0.945312 0.027083 0.051042
0 0.176563 0.895833 0.053125 0.037500
0 0.938021 0.093750 0.030208 0.047917
0 0.420312 0.601562 0.036458 0.040625
0 0.409896 0.118750 0.034375 0.052083
0 0.908854 0.526042 0.042708 0.029167
0 0.500000 0.090625 0.041667 0.039583
0 0.938021 0.913021 0.038542 0.051042
0 0.219271 0.597396 0.042708 0.051042
0 0.630729 0.254167 0.053125 0.043750
0 0.457292 0.939583 0.052083 0.043750
0 0.968229 0.418229 0.046875 0.038542
0 0.553125 0.873958 0.041667 0.037500
0 0.581771 0.752083 0.044792 0.025000
0 0.951042 0.428125 0.050000 0.047917
0 0.591667 0.139583 0.031250 0.041667
0 0.593229 0.684896 0.048958 0.046875
0 0.275000 0.763021 0.047917 0.046875
0 0.237500 0.714063 0.054167 0.036458
0 0.165625 0.469792 0.037500 0.041667
0 0.676042 0.748437 0.041667 0.023958
0 0.095312 0.309375 0.021875 0.037500
0 0.264062 0.957292 0.048958 0.035417
0 0.322396 0.895833 0.028125 0.043750
0 0.765625 0.397917 0.037500 0.027083
0 0.809896 0.958333 0.042708 0.039583
0 0.961458 0.717187 0.031250 0.051042
0 0.621875 0.555729 0.050000 0.038542
0 0.841146 0.344271 0.036458 0.046875
0 0.286979 0.393750 0.048958 0.033333
0 0.347917 0.957292 0.029167 0.045833
0 0.335417 0.869792 0.037500 0.047917
0 0.753125 0.254688 0.031250 0.040625
0 0.305729 0.502083 0.042708 0.025000
0 0.167187 0.182292 0.046875 0.027083
0 0.918229 0.115625 0.038542 0.018750
0 0.679167 0.650521 0.039583 0.030208
0 0.723437 0.893750 0.036458 0.043750
0 0.966146 0.650521 0.046875 0.034375
0 0.153125 0.457813 0.054167 0.046875
0 0.895312 0.286979 0.053125 0.034375
0 0.651042 0.283854 0.035417 0.040625
0 0.143229 0.140625 0.026042 0.050000
0 0.143229 0.249479 0.026042 0.040625
0 0.627083 0.205729 0.041667 0.048958
0 0.514583 0.879167 0.050000 0.050000
0 0.931771 0.546354 0.044792 0.032292
0 0.442188 0.236979 0.044792 0.051042
0 0.275000 0.649479 0.054167 0.051042
0 0.778646 0.419792 0.042708 0.029167
0 0.857812 0.405729 0.046875 0.026042
0 0.138021 0.546354 0.051042 0.028125
0 0.429688 0.611458 0.042708 0.041667
0 0.321354 0.802604 0.044792 0.051042
0 0.200000 0.180729 0.029167 0.051042
0 0.891667 0.707812 0.020833 0.036458
0 0.881250 0.801042 0.050000 0.029167
0 0.749479 0.397917 0.042708 0.054167
0 0.693750 0.928125 0.052083 0.039583
0 0.605729 0.538021 0.036458 0.040625
0 0.206771 0.817708 0.053125 0.045833
0 0.846875 0.161458 0.045833 0.052083
0 0.200521 0.322917 0.051042 0.033333
0 0.650000 0.283854 0.050000 0.044792
0 0.480729 0.323437 0.046875 0.026042
0 0.287500 0.851042 0.033333 0.043750
0 0.644271 0.514062 0.055208 0.048958
0 0.846354 0.352083 0.034375 0.037500
0 0.297917 0.604167 0.050000 0.047917
0 0.189583 0.933854 0.045833 0.032292
0 0.133333 0.819271 0.033333 0.053125
0 0.616667 0.126042 0.037500 0.035417
0 0.629687 0.232292 0.028125 0.043750
0 0.625000 0.272396 0.054167 0.044792
0 0.623958 0.145313 0.047917 0.046875
0 0.451562 0.806771 0.023958 0.040625
0 0.580729 0.413542 0.053125 0.041667
0 0.795833 0.101562 0.020833 0.038542
0 0.214062 0.566667 0.048958 0.041667
0 0.328125 0.152604 0.054167 0.036458
0 0.577083 0.865625 0.029167 0.050000
0 0.775521 0.109375 0.042708 0.029167
0 0.087500 0.676042 0.031250 0.041667
0 0.822396 0.135417 0.042708 0.047917
0 0.954167 0.188021 0.037500 0.019792
0 0.945833 0.923438 0.050000 0.040625
0 0.927604 0.944271 0.040625 0.036458
0 0.760938 0.656771 0.051042 0.042708
0 0.701042 0.591146 0.027083 0.042708
0 0.909896 0.704688 0.053125 0.032292
0 0.663021 0.944792 0.042708 0.037500
0 0.272917 0.268229 0.045833 0.036458
0 0.482812 0.818229 0.051042 0.042708
0 0.723958 0.887500 0.043750 0.022917
0 0.445833 0.486458 0.035417 0.037500
0 0.511979 0.779687 0.038542 0.046875
0 0.636979 0.400000 0.044792 0.052083
0 0.694792 0.399479 0.050000 0.040625
0 0.065104 0.354167 0.026042 0.045833
0 0.728646 0.654687 0.055208 0.038542
0 0.659896 0.236979 0.030208 0.040625
0 0.792708 0.266146 0.045833 0.038542
0 0.475000 0.794792 0.037500 0.035417
0 0.425521 0.225000 0.046875 0.031250
0 0.128125 0.080208 0.052083 0.035417
0 0.448958 0.227604 0.050000 0.044792
0 0.518750 0.960938 0.054167 0.046875
0 0.765104 0.906771 0.044792 0.042708
0 0.743229 0.304688 0.042708 0.055208
0 0.789062 0.281250 0.036458 0.043750
0 0.274479 0.408333 0.019792 0.039583
0 0.706771 0.356771 0.038542 0.051042
0 0.501042 0.081771 0.039583 0.026042
0 0.422396 0.798438 0.044792 0.026042
0 0.180729 0.303125 0.044792 0.045833
0 0.797917 0.658854 0.039583 0.038542
0 0.869792 0.078646 0.033333 0.040625
0 0.492188 0.244271 0.040625 0.044792
0 0.760938 0.253646 0.036458 0.055208
0 0.090625 0.271354 0.054167 0.046875
0 0.823958 0.852604 0.043750 0.021875
0 0.842187 0.922917 0.038542 0.052083
0 0.816667 0.800000 0.043750 0.033333
0 0.154688 0.734896 0.040625 0.044792
0 0.865104 0.485938 0.051042 0.040625
0 0.667708 0.310937 0.050000 0.042708
0 0.470313 0.739583 0.051042 0.031250
0 0.714063 0.422396 0.040625 0.023958
0 0.230729 0.831771 0.040625 0.032292
0 0.183333 0.292708 0.045833 0.043750
0 0.103646 0.282813 0.046875 0.036458
0 0.893229 0.340625 0.023958 0.037500
0 0.292708 0.400000 0.041667 0.047917
0 0.406771 0.901563 0.046875 0.026042
0 0.641667 0.593229 0.050000 0.028125
0 0.558854 0.166146 0.048958 0.046875
0 0.188021 0.794792 0.048958 0.035417
0 0.739583 0.401562 0.025000 0.048958
0 0.088542 0.677604 0.027083 0.046875
0 0.169792 0.860417 0.035417 0.052083
0 0.396875 0.360938 0.047917 0.053125
0 0.772917 0.351562 0.050000 0.038542
0 0.198437 0.693229 0.048958 0.030208
0 0.745833 0.242188 0.031250 0.053125
0 0.666146 0.131250 0.036458 0.020833
0 0.681250 0.596354 0.045833 0.038542
0 0.503125 0.941146 0.027083 0.042708
0 0.293750 0.747917 0.047917 0.033333
0 0.882812 0.698438 0.051042 0.053125
0 0.276562 0.847396 0.042708 0.023958
0 0.157292 0.443229 0.052083 0.051042
0 0.625000 0.802083 0.047917 0.037500
0 0.176563 0.106771 0.044792 0.026042
0 0.896354 0.246875 0.046875 0.031250
0 0.219792 0.108333 0.039583 0.022917
0 0.665104 0.859896 0.051042 0.053125
0 0.750000 0.210938 0.027083 0.046875
0 0.501042 0.818750 0.041667 0.025000
0 0.570312 0.891667 0.030208 0.050000
0 0.939583 0.614062 0.050000 0.038542
0 0.191146 0.136979 0.032292 0.044792
0 0.257812 0.214062 0.036458 0.046875
0 0.733854 0.715625 0.042708 0.037500
0 0.482292 0.505208 0.045833 0.045833
0 0.199479 0.430208 0.042708 0.029167
0 0.391146 0.154167 0.038542 0.035417
0 0.242708 0.648438 0.039583 0.034375
0 0.229687 0.298958 0.053125 0.045833
0 0.244271 0.138542 0.021875 0.039583
0 0.878646 0.665625 0.034375 0.052083
0 0.333333 0.755208 0.037500 0.031250
0 0.972396 0.667188 0.048958 0.032292
0 0.553125 0.237500 0.052083 0.045833
0 0.670833 0.886458 0.035417 0.020833
0 0.722917 0.247396 0.039583 0.034375
0 0.397917 0.222917 0.031250 0.050000
0 0.941667 0.145833 0.027083 0.041667
0 0.226042 0.155729 0.039583 0.036458
0 0.516667 0.609896 0.037500 0.038542
0 0.134375 0.659375 0.041667 0.052083
0 0.510417 0.779167 0.037500 0.031250
0 0.939063 0.214583 0.044792 0.025000
0 0.176042 0.174479 0.052083 0.051042
0 0.395313 0.081771 0.036458 0.046875
0 0.637500 0.229687 0.025000 0.038542
0 0.252083 0.194792 0.043750 0.035417
0 0.916667 0.146354 0.039583 0.030208
0 0.085417 0.142187 0.047917 0.053125
0 0.721875 0.589583 0.041667 0.029167
0 0.233854 0.295833 0.019792 0.037500
0 0.645833 0.470833 0.039583 0.022917
0 0.109375 0.551042 0.020833 0.035417
0 0.935937 0.409896 0.044792 0.051042
0 0.579688 0.871875 0.036458 0.043750
0 0.459896 0.562500 0.048958 0.025000
0 0.190104 0.146875 0.034375 0.043750
0 0.609375 0.897396 0.047917 0.046875
0 0.284375 0.875521 0.054167 0.036458
0 0.660937 0.605208 0.048958 0.039583
0 0.650521 0.490625 0.026042 0.045833
0 0.523438 0.801562 0.051042 0.055208
0 0.567187 0.790625 0.048958 0.037500
0 0.437500 0.904167 0.043750 0.022917
0 0.308854 0.827083 0.036458 0.018750
0 0.256250 0.663021 0.043750 0.026042
0 0.331771 0.739583 0.051042 0.050000
0 0.340104 0.428646 0.034375 0.053125
0 0.166146 0.689583 0.038542 0.031250
0 0.442188 0.294792 0.021875 0.037500
0 0.485417 0.204167 0.037500 0.027083
0 0.515625 0.402083 0.035417 0.047917
0 0.970313 0.259896 0.051042 0.036458
0 0.934896 0.760938 0.044792 0.055208
0 0.368229 0.376563 0.028125 0.044792
0 0.772917 0.195833 0.033333 0.047917
0 0.217708 0.431250 0.045833 0.045833
0 0.884375 0.356250 0.043750 0.037500
0 0.794271 0.301042 0.048958 0.027083
0 0.966667 0.169271 0.045833 0.038542
0 0.668229 0.964063 0.051042 0.034375
0 0.725521 0.181250 0.021875 0.041667
0 0.551042 0.314583 0.031250 0.043750
0 0.301563 0.694271 0.038542 0.019792
0 0.259375 0.560937 0.033333 0.053125
0 0.142708 0.813021 0.045833 0.023958
0 0.069271 0.279687 0.034375 0.046875
0 0.080208 0.492188 0.022917 0.044792
0 0.186458 0.657292 0.041667 0.039583
0 0.564063 0.746875 0.034375 0.043750
0 0.760417 0.079167 0.035417 0.020833
0 0.897396 0.792708 0.053125 0.041667
0 0.778125 0.748437 0.041667 0.044792
0 0.325521 0.661979 0.048958 0.046875
0 0.515104 0.206250 0.046875 0.027083
0 0.746875 0.171875 0.050000 0.033333
0 0.472917 0.178125 0.052083 0.043750
0 0.419792 0.271354 0.045833 0.055208
0 0.516146 0.598958 0.046875 0.029167
0 0.180729 0.361458 0.032292 0.043750
0 0.614583 0.468229 0.050000 0.042708
0 0.547917 0.177083 0.022917 0.037500
0 0.741667 0.342708 0.047917 0.033333
0 0.660937 0.825521 0.042708 0.044792
0 0.504687 0.463542 0.034375 0.043750
0 0.565625 0.961979 0.050000 0.038542
0 0.716146 0.317188 0.034375 0.051042
0 0.156771 0.802604 0.053125 0.034375
0 0.563021 0.122917 0.038542 0.043750
0 0.676562 0.189062 0.040625 0.055208
0 0.313021 0.815104 0.026042 0.044792
0 0.869792 0.822396 0.054167 0.042708
0 0.839063 0.187500 0.048958 0.027083
0 0.403646 0.791146 0.036458 0.051042
0 0.214062 0.265625 0.042708 0.031250
0 0.404687 0.434375 0.051042 0.050000
0 0.466146 0.705208 0.042708 0.039583
0 0.651042 0.476042 0.043750 0.035417
0 0.490104 0.189583 0.023958 0.041667
0 0.073958 0.632292 0.043750 0.022917
0 0.668750 0.747396 0.027083 0.042708
0 0.779687 0.140104 0.040625 0.032292
0 0.183854 0.096875 0.038542 0.018750
0 0.658854 0.310417 0.028125 0.050000
0 0.916146 0.849479 0.036458 0.051042
0 0.817708 0.679167 0.052083 0.043750
0 0.391146 0.479167 0.048958 0.035417
0 0.332813 0.791667 0.053125 0.045833
0 0.084896 0.595313 0.046875 0.036458
0 0.466667 0.123438 0.039583 0.038542
0 0.342708 0.211458 0.047917 0.033333
0 0.608854 0.167187 0.038542 0.040625
0 0.315625 0.273958 0.039583 0.020833
0 0.385937 0.810937 0.051042 0.053125
0 0.915625 0.852604 0.043750 0.021875
0 0.768750 0.267708 0.043750 0.033333
0 0.865104 0.103125 0.051042 0.033333
0 0.103125 0.917708 0.052083 0.043750
0 0.761458 0.119271 0.035417 0.048958
0 0.891146 0.536979 0.051042 0.038542
0 0.183854 0.451042 0.044792 0.033333
0 0.700000 0.946354 0.054167 0.046875
0 0.891667 0.457292 0.045833 0.029167
0 0.329167 0.779687 0.031250 0.044792
0 0.850000 0.551562 0.039583 0.036458
0 0.656250 0.287500 0.045833 0.045833
0 0.239063 0.190625 0.036458 0.052083
0 0.486458 0.844792 0.027083 0.047917
0 0.455208 0.067187 0.041667 0.023958
0 0.690625 0.233333 0.037500 0.047917
0 0.861458 0.488542 0.029167 0.045833
0 0.562500 0.077083 0.045833 0.029167
0 0.618229 0.618750 0.028125 0.039583
0 0.266667 0.117188 0.041667 0.044792
0 0.663542 0.367708 0.037500 0.052083
0 0.372396 0.144792 0.042708 0.039583
0 0.329167 0.588542 0.041667 0.039583
0 0.280208 0.330208 0.047917 0.033333
0 0.578646 0.490104 0.040625 0.036458
0 0.103646 0.156771 0.030208 0.040625
0 0.445312 0.311458 0.038542 0.035417
0 0.389062 0.090625 0.042708 0.025000
0 0.513542 0.330208 0.022917 0.035417
0 0.072396 0.757292 0.034375 0.037500
0 0.228125 0.459375 0.047917 0.037500
0 0.435937 0.239063 0.055208 0.048958
0 0.704167 0.797396 0.039583 0.044792
0 0.912500 0.905208 0.037500 0.033333
0 0.929688 0.195833 0.030208 0.043750
0 0.329167 0.246354 0.041667 0.032292
0 0.438542 0.907292 0.050000 0.029167
0 0.800521 0.929167 0.038542 0.035417
0 0.860938 0.910937 0.021875 0.042708
0 0.756250 0.202083 0.033333 0.037500
0 0.207813 0.672396 0.044792 0.028125
0 0.784896 0.795833 0.023958 0.037500
0 0.365625 0.339062 0.037500 0.021875
0 0.170313 0.926042 0.048958 0.052083
0 0.758333 0.911458 0.037500 0.041667
0 0.675000 0.660937 0.039583 0.036458
0 0.714583 0.933333 0.052083 0.037500
0 0.104167 0.136458 0.043750 0.037500
0 0.420833 0.195833 0.047917 0.033333
0 0.100521 0.430208 0.028125 0.045833
0 0.643229 0.785417 0.048958 0.037500
0 0.361979 0.780729 0.046875 0.036458
0 0.859896 0.925000 0.048958 0.035417
0 0.493750 0.848437 0.022917 0.046875
0 0.721354 0.714063 0.044792 0.055208
0 0.076042 0.115625 0.037500 0.029167
0 0.478125 0.349479 0.035417 0.048958
0 0.309375 0.705729 0.039583 0.053125
0 0.238021 0.298438 0.040625 0.038542
0 0.609375 0.117708 0.037500 0.025000
0 0.562500 0.716667 0.039583 0.041667
0 0.749479 0.424479 0.040625 0.036458
0 0.381250 0.877604 0.020833 0.036458
0 0.715625 0.083333 0.027083 0.037500
0 0.344792 0.894792 0.041667 0.027083
0 0.196875 0.251563 0.037500 0.038542
0 0.193750 0.441146 0.022917 0.040625
0 0.798958 0.280208 0.033333 0.043750
0 0.953125 0.626042 0.031250 0.037500
0 0.689063 0.423438 0.042708 0.051042
0 0.373958 0.391667 0.045833 0.043750
0 0.394271 0.288021 0.055208 0.040625
0 0.553125 0.196354 0.027083 0.040625
0 0.411979 0.338021 0.051042 0.040625
0 0.748958 0.927083 0.031250 0.041667
0 0.556250 0.936979 0.037500 0.019792
0 0.450521 0.670312 0.044792 0.051042
0 0.327083 0.076042 0.020833 0.039583
0 0.626563 0.086458 0.042708 0.047917
0 0.838021 0.145833 0.038542 0.035417
0 0.431250 0.760417 0.045833 0.052083
0 0.867708 0.886458 0.045833 0.031250
0 0.067708 0.919792 0.027083 0.047917
0 0.066667 0.900000 0.025000 0.037500
0 0.381250 0.403125 0.047917 0.027083
0 0.559375 0.789583 0.043750 0.031250
0 0.082812 0.157292 0.053125 0.045833
0 0.894792 0.713021 0.043750 0.040625
0 0.188021 0.204167 0.028125 0.043750
0 0.328125 0.691667 0.050000 0.033333
0 0.877604 0.396875 0.051042 0.050000
0 0.782813 0.481250 0.023958 0.041667
0 0.129688 0.827604 0.042708 0.044792
0 0.215625 0.447396 0.047917 0.030208
0 0.740104 0.317188 0.036458 0.040625
0 0.541146 0.634375 0.026042 0.041667
0 0.141667 0.702604 0.050000 0.034375
0 0.404687 0.571875 0.053125 0.039583
0 0.567708 0.392188 0.035417 0.040625
0 0.655208 0.348958 0.018750 0.035417
0 0.400000 0.110937 0.037500 0.040625
0 0.172917 0.485938 0.035417 0.040625
0 0.663021 0.306250 0.042708 0.037500
0 0.272396 0.700521 0.044792 0.042708
0 0.736979 0.236979 0.023958 0.040625
0 0.216146 0.967708 0.042708 0.039583
0 0.926562 0.775000 0.023958 0.041667
0 0.844271 0.482812 0.051042 0.040625
0 0.323437 0.302083 0.044792 0.033333
0 0.334375 0.185417 0.047917 0.037500
0 0.944271 0.421354 0.046875 0.055208
0 0.097917 0.964583 0.045833 0.052083
0 0.703125 0.857812 0.039583 0.030208
0 0.090625 0.221875 0.035417 0.047917
0 0.901563 0.394792 0.048958 0.037500
0 0.470833 0.807813 0.039583 0.055208
0 0.416667 0.786979 0.039583 0.036458
0 0.188021 0.604688 0.051042 0.040625
0 0.782292 0.860417 0.020833 0.035417
0 0.090625 0.465625 0.037500 0.047917
0 0.356771 0.792708 0.021875 0.043750
0 0.737500 0.589583 0.052083 0.043750
0 0.374479 0.286979 0.023958 0.040625
0 0.162500 0.251042 0.033333 0.037500
0 0.204167 0.543229 0.054167 0.042708
0 0.298958 0.572396 0.050000 0.042708
0 0.555208 0.590104 0.043750 0.048958
0 0.640104 0.297396 0.034375 0.046875
0 0.680208 0.711979 0.039583 0.055208
0 0.376563 0.170313 0.040625 0.036458
0 0.101042 0.458854 0.039583 0.036458
0 0.780208 0.723437 0.045833 0.034375
0 0.106250 0.907813 0.039583 0.044792
0 0.395313 0.661979 0.046875 0.040625
0 0.726042 0.636458 0.050000 0.050000
0 0.074479 0.657292 0.023958 0.047917
0 0.516667 0.830729 0.041667 0.044792
0 0.398958 0.744271 0.045833 0.040625
0 0.698958 0.245833 0.022917 0.039583
0 0.699479 0.145313 0.040625 0.028125
0 0.910937 0.498437 0.040625 0.026042
0 0.611458 0.358333 0.039583 0.022917
0 0.340625 0.387500 0.047917 0.050000
0 0.759375 0.678646 0.020833 0.036458
0 0.107813 0.623958 0.028125 0.039583
0 0.887500 0.592187 0.031250 0.040625
0 0.323958 0.950521 0.033333 0.044792
0 0.350000 0.261458 0.037500 0.047917
0 0.390625 0.409896 0.041667 0.048958
0 0.197917 0.852083 0.029167 0.037500
0 0.318229 0.778125 0.038542 0.043750
0 0.896875 0.961979 0.047917 0.053125
0 0.881771 0.104167 0.048958 0.035417
0 0.246354 0.086979 0.055208 0.042708
0 0.859896 0.203125 0.026042 0.039583
0 0.961458 0.092708 0.041667 0.029167
0 0.269271 0.178125 0.044792 0.025000
0 0.952083 0.370312 0.054167 0.048958
0 0.678125 0.352604 0.047917 0.046875
0 0.526042 0.644271 0.033333 0.048958
0 0.341667 0.290104 0.043750 0.040625
0 0.754687 0.961979 0.028125 0.040625
0 0.832812 0.136458 0.038542 0.033333
0 0.934375 0.709375 0.041667 0.029167
0 0.244792 0.144792 0.037500 0.047917
0 0.815625 0.909896 0.020833 0.042708
0 0.684375 0.683333 0.039583 0.041667
0 0.256771 0.863542 0.040625 0.020833
0 0.275000 0.745313 0.035417 0.040625
0 0.618229 0.152083 0.030208 0.050000
0 0.447396 0.182812 0.051042 0.036458
0 0.640104 0.371354 0.053125 0.053125
0 0.548438 0.685417 0.053125 0.035417
0 0.228646 0.770312 0.053125 0.053125
0 0.247396 0.913542 0.028125 0.039583
0 0.697396 0.381250 0.040625 0.054167
0 0.865625 0.481771 0.039583 0.036458
0 0.546354 0.740625 0.036458 0.037500
0 0.766667 0.134896 0.045833 0.048958
0 0.963542 0.204167 0.037500 0.031250
0 0.394792 0.573438 0.041667 0.032292
0 0.897917 0.488542 0.037500 0.025000
0 0.833854 0.342708 0.038542 0.043750
0 0.824479 0.164583 0.048958 0.035417
0 0.306250 0.420312 0.037500 0.044792
0 0.838021 0.204687 0.048958 0.046875
0 0.462500 0.141667 0.039583 0.047917
0 0.164583 0.209896 0.022917 0.038542
0 0.139063 0.673438 0.040625 0.038542
0 0.696875 0.082812 0.047917 0.046875
0 0.329167 0.233854 0.037500 0.040625
0 0.342708 0.923438 0.029167 0.040625
0 0.774479 0.466667 0.038542 0.029167
0 0.858854 0.261458 0.040625 0.041667
0 0.827604 0.125521 0.026042 0.046875
0 0.383333 0.577604 0.020833 0.038542
0 0.713021 0.804688 0.038542 0.040625
0 0.138021 0.128125 0.026042 0.039583
0 0.242188 0.445312 0.038542 0.046875
0 0.675521 0.302083 0.048958 0.041667
0 0.595313 0.386458 0.038542 0.047917
0 0.195833 0.184375 0.035417 0.018750
0 0.235937 0.705208 0.026042 0.039583
0 0.623958 0.867708 0.025000 0.043750
0 0.129167 0.785937 0.022917 0.040625
0 0.382812 0.119271 0.030208 0.040625
0 0.423438 0.178646 0.034375 0.040625
0 0.194792 0.206771 0.031250 0.040625
0 0.491146 0.741667 0.038542 0.022917
0 0.660937 0.555208 0.048958 0.052083
0 0.289062 0.122396 0.038542 0.040625
0 0.129167 0.598958 0.027083 0.041667
0 0.160938 0.570833 0.051042 0.033333
0 0.227604 0.273958 0.036458 0.037500
0 0.700000 0.204687 0.031250 0.044792