0 0.101042 0.338021 0.050000 0.040625
0 0.582292 0.525000 0.031250 0.037500
0 0.467187 0.595313 0.040625 0.023958
0 0.889062 0.114583 0.042708 0.037500
0 0.746354 0.688021 0.032292 0.053125
0 0.093750 0.464583 0.043750 0.052083
0 0.408854 0.812500 0.019792 0.035417
0 0.928125 0.834896 0.041667 0.044792
0 0.584375 0.425000 0.052083 0.035417
0 0.846354 0.198958 0.044792 0.025000
0 0.865104 0.509375 0.038542 0.025000
0 0.477083 0.327083 0.052083 0.045833
0 0.269792 0.680729 0.039583 0.019792
0 0.120833 0.811458 0.025000 0.039583
0 0.905729 0.738021 0.036458 0.046875
0 0.760938 0.718229 0.036458 0.055208
0 0.637500 0.331250 0.045833 0.052083
0 0.271354 0.344271 0.040625 0.030208
0 0.457813 0.730729 0.055208 0.051042
0 0.194792 0.629687 0.025000 0.042708
0 0.742708 0.148958 0.037500 0.022917
0 0.867188 0.309375 0.040625 0.041667
0 0.234896 0.247396 0.034375 0.040625
0 0.548958 0.919792 0.029167 0.037500
0 0.293229 0.528646 0.023958 0.042708
0 0.898958 0.260417 0.045833 0.022917
0 0.105729 0.928125 0.053125 0.035417
0 0.618229 0.289583 0.046875 0.052083
0 0.597396 0.286979 0.038542 0.040625
0 0.352083 0.379167 0.047917 0.050000
0 0.502083 0.577083 0.043750 0.045833
0 0.243229 0.231771 0.051042 0.040625
0 0.402604 0.929167 0.044792 0.033333
0 0.930208 0.755729 0.050000 0.053125
0 0.151562 0.474479 0.053125 0.051042
0 0.254167 0.753125 0.033333 0.043750
0 0.165625 0.590104 0.054167 0.042708
0 0.146875 0.229687 0.054167 0.038542
0 0.343750 0.499479 0.035417 0.048958
0 0.070833 0.721875 0.033333 0.043750
0 0.596354 0.526563 0.040625 0.051042
0 0.297396 0.590104 0.055208 0.038542
0 0.732292 0.908854 0.043750 0.055208
0 0.344271 0.165104 0.026042 0.051042
0 0.363021 0.467187 0.040625 0.034375
0 0.369271 0.433333 0.028125 0.045833
0 0.613542 0.865104 0.045833 0.048958
0 0.121354 0.230208 0.046875 0.031250
0 0.445833 0.771354 0.035417 0.017708
0 0.426563 0.432292 0.038542 0.035417
0 0.253646 0.401562 0.040625 0.038542
0 0.116146 0.551562 0.053125 0.030208
0 0.495312 0.864583 0.042708 0.041667
0 0.178125 0.211979 0.039583 0.030208
0 0.769792 0.619271 0.050000 0.028125
0 0.283854 0.944271 0.038542 0.046875
0 0.327083 0.296875 0.052083 0.045833
0 0.349479 0.221354 0.021875 0.044792
0 0.441146 0.961979 0.040625 0.044792
0 0.538542 0.918750 0.041667 0.029167
0 0.305729 0.292708 0.042708 0.047917
0 0.826042 0.134375 0.035417 0.020833
0 0.963021 0.392708 0.042708 0.031250
0 0.620833 0.757812 0.018750 0.036458
0 0.356250 0.791667 0.035417 0.037500
0 0.854167 0.644271 0.031250 0.051042
0 0.537500 0.584896 0.035417 0.048958
0 0.452604 0.922396 0.034375 0.040625
0 0.889583 0.123438 0.039583 0.048958
0 0.069271 0.256250 0.034375 0.047917
0 0.793750 0.180208 0.020833 0.035417
0 0.346875 0.084896 0.016667 0.034375
0 0.730208 0.893229 0.043750 0.055208
0 0.157812 0.347396 0.051042 0.042708
0 0.486458 0.198958 0.043750 0.022917
0 0.213542 0.070312 0.039583 0.034375
0 0.738542 0.752604 0.043750 0.042708
0 0.184375 0.417187 0.025000 0.038542
0 0.773958 0.606250 0.043750 0.035417
0 0.305208 0.179688 0.054167 0.046875
0 0.867708 0.873437 0.050000 0.028125
0 0.358854 0.156250 0.038542 0.033333
0 0.197917 0.940104 0.052083 0.051042
0 0.411979 0.637500 0.053125 0.039583
0 0.656771 0.502083 0.040625 0.047917
0 0.305208 0.213021 0.039583 0.028125
0 0.419792 0.435417 0.031250 0.043750
0 0.537500 0.639583 0.031250 0.041667
0 0.390104 0.597396 0.040625 0.046875
0 0.148958 0.836458 0.041667 0.025000
0 0.778646 0.513542 0.046875 0.043750
0 0.954688 0.272917 0.038542 0.037500
0 0.170313 0.615104 0.051042 0.042708
0 0.311979 0.710938 0.055208 0.040625
0 0.125521 0.284375 0.038542 0.047917
0 0.832292 0.177604 0.043750 0.026042
0 0.485417 0.438021 0.047917 0.046875
0 0.365104 0.846354 0.040625 0.044792
0 0.838021 0.114062 0.034375 0.040625
0 0.706771 0.850000 0.048958 0.035417
0 0.952083 0.842187 0.047917 0.030208
0 0.349479 0.398438 0.046875 0.036458
0 0.263021 0.718229 0.055208 0.036458
0 0.617708 0.927604 0.052083 0.030208
0 0.686458 0.935417 0.050000 0.050000
0 0.807813 0.179167 0.021875 0.041667
0 0.482812 0.234896 0.051042 0.036458
0 0.509896 0.577083 0.036458 0.052083
0 0.870833 0.131771 0.041667 0.042708
0 0.731771 0.848958 0.034375 0.047917
0 0.332292 0.139583 0.018750 0.035417
0 0.929688 0.562500 0.042708 0.039583
0 0.461979 0.218750 0.038542 0.047917
0 0.242188 0.568229 0.053125 0.053125
0 0.574479 0.243750 0.040625 0.041667
0 0.103646 0.853125 0.028125 0.045833
0 0.389062 0.945312 0.034375 0.046875
0 0.103125 0.694271 0.031250 0.044792
0 0.933333 0.389062 0.050000 0.040625
0 0.890104 0.603646 0.040625 0.044792
0 0.144792 0.542188 0.039583 0.036458
0 0.572396 0.672396 0.046875 0.026042
0 0.828125 0.772396 0.043750 0.040625
0 0.876042 0.731771 0.047917 0.032292
0 0.293750 0.481771 0.025000 0.042708
0 0.128646 0.263021 0.044792 0.055208
0 0.856250 0.635417 0.027083 0.037500
0 0.490625 0.664062 0.039583 0.026042
0 0.798958 0.239583 0.037500 0.031250
0 0.671875 0.543750 0.039583 0.041667
0 0.719792 0.447917 0.041667 0.039583
0 0.539062 0.130208 0.046875 0.031250
0 0.960938 0.331250 0.042708 0.037500
0 0.698438 0.604688 0.038542 0.023958
0 0.582292 0.340625 0.043750 0.035417
0 0.667188 0.642708 0.023958 0.037500
0 0.618229 0.613021 0.034375 0.046875
0 0.160938 0.174479 0.051042 0.040625
0 0.107813 0.610417 0.028125 0.039583
0 0.272917 0.508333 0.041667 0.029167
0 0.189062 0.322396 0.044792 0.040625
0 0.338542 0.605729 0.033333 0.048958
0 0.827604 0.416667 0.028125 0.039583
0 0.715625 0.304688 0.047917 0.046875
0 0.179688 0.306250 0.023958 0.041667
0 0.290625 0.407292 0.052083 0.043750
0 0.829688 0.521354 0.046875 0.038542
0 0.361458 0.293229 0.035417 0.053125
0 0.940104 0.158333 0.034375 0.043750
0 0.209375 0.569271 0.039583 0.036458
0 0.582292 0.695312 0.041667 0.048958
0 0.830208 0.571354 0.037500 0.044792
0 0.275521 0.485938 0.055208 0.046875
0 0.875521 0.964583 0.053125 0.043750
0 0.652604 0.111979 0.023958 0.042708
0 0.241667 0.935417 0.022917 0.043750
0 0.786979 0.215104 0.048958 0.030208
0 0.505729 0.407813 0.053125 0.034375
0 0.298958 0.290625 0.033333 0.050000
0 0.131771 0.587500 0.048958 0.041667
0 0.345313 0.284896 0.040625 0.026042
0 0.203125 0.526563 0.022917 0.040625
0 0.782813 0.509375 0.040625 0.022917
0 0.715625 0.721875 0.041667 0.039583
0 0.404687 0.866146 0.036458 0.040625
0 0.822917 0.743229 0.035417 0.044792
0 0.948438 0.569271 0.048958 0.055208
0 0.527083 0.336458 0.020833 0.039583
0 0.713021 0.151562 0.044792 0.028125
0 0.725000 0.488021 0.045833 0.036458
0 0.434375 0.889583 0.047917 0.037500
0 0.150000 0.675521 0.037500 0.038542
0 0.539062 0.347396 0.040625 0.036458
0 0.606250 0.344792 0.039583 0.041667
0 0.701562 0.589063 0.055208 0.046875
0 0.366667 0.679167 0.039583 0.041667
0 0.657292 0.447396 0.054167 0.044792
0 0.229167 0.791146 0.041667 0.023958
0 0.498437 0.280729 0.055208 0.038542
0 0.210417 0.712500 0.047917 0.052083
0 0.365625 0.694271 0.035417 0.044792
0 0.210417 0.185938 0.039583 0.019792
0 0.538542 0.663542 0.037500 0.022917
0 0.365104 0.491667 0.032292 0.043750
0 0.086458 0.431250 0.041667 0.029167
0 0.630729 0.771354 0.046875 0.036458
0 0.820833 0.336979 0.027083 0.048958
0 0.735417 0.842708 0.052083 0.045833
0 0.725521 0.233854 0.053125 0.051042
0 0.834375 0.404167 0.031250 0.050000
0 0.119792 0.218750 0.052083 0.045833
0 0.720313 0.353125 0.023958 0.037500
0 0.818229 0.482812 0.044792 0.040625
0 0.775000 0.621875 0.033333 0.037500
0 0.474479 0.274479 0.055208 0.048958
0 0.259375 0.436979 0.027083 0.042708
0 0.911979 0.296354 0.051042 0.038542
0 0.378125 0.396354 0.031250 0.051042
0 0.818750 0.957812 0.035417 0.048958
0 0.185938 0.868229 0.032292 0.044792
0 0.500521 0.537500 0.040625 0.041667
0 0.158854 0.466146 0.038542 0.040625
0 0.122917 0.342187 0.031250 0.051042
0 0.534896 0.205208 0.053125 0.043750
0 0.919271 0.315104 0.053125 0.032292
0 0.525521 0.740104 0.032292 0.040625
0 0.797917 0.433854 0.041667 0.048958
0 0.146875 0.666146 0.045833 0.034375
0 0.092708 0.306250 0.050000 0.029167
0 0.777083 0.443750 0.047917 0.033333
0 0.946354 0.238542 0.038542 0.035417
0 0.359896 0.376563 0.044792 0.028125
0 0.177604 0.237500 0.034375 0.052083
0 0.309375 0.452604 0.037500 0.053125
0 0.313021 0.481771 0.042708 0.044792
0 0.730729 0.272917 0.038542 0.047917
0 0.230729 0.952604 0.036458 0.055208
0 0.095833 0.259375 0.043750 0.052083
0 0.356250 0.328125 0.039583 0.041667
0 0.669792 0.157292 0.033333 0.037500
0 0.200521 0.637500 0.046875 0.031250
0 0.431250 0.132292 0.022917 0.039583
0 0.461979 0.358854 0.036458 0.046875
0 0.547917 0.776042 0.052083 0.033333
0 0.475000 0.415104 0.033333 0.053125
0 0.207813 0.446875 0.044792 0.047917
0 0.537500 0.111458 0.050000 0.031250
0 0.677083 0.245833 0.043750 0.052083
0 0.224479 0.917708 0.051042 0.035417
0 0.313021 0.448437 0.046875 0.026042
0 0.684375 0.551562 0.027083 0.046875
0 0.935417 0.360938 0.039583 0.038542
0 0.728646 0.192188 0.046875 0.028125
0 0.237500 0.848437 0.039583 0.036458
0 0.303125 0.138542 0.037500 0.035417
0 0.877604 0.911458 0.044792 0.054167
0 0.947917 0.317188 0.022917 0.042708
0 0.263021 0.682813 0.042708 0.044792
0 0.830729 0.792188 0.040625 0.034375
0 0.267708 0.191667 0.035417 0.018750
0 0.314583 0.231250 0.037500 0.035417
0 0.491667 0.551042 0.050000 0.031250
0 0.167187 0.316146 0.038542 0.038542
0 0.247396 0.103646 0.044792 0.028125
0 0.102604 0.822396 0.026042 0.044792
0 0.502083 0.395833 0.052083 0.041667
0 0.283854 0.139583 0.051042 0.035417
0 0.654687 0.768229 0.048958 0.048958
0 0.818750 0.829167 0.035417 0.037500
0 0.458854 0.467187 0.053125 0.030208
0 0.259896 0.794271 0.034375 0.048958
0 0.900521 0.388542 0.038542 0.027083
0 0.856771 0.395313 0.032292 0.046875
0 0.073438 0.566146 0.032292 0.040625
0 0.516667 0.896875 0.045833 0.043750
0 0.694792 0.553646 0.045833 0.034375
0 0.353646 0.886979 0.026042 0.051042
0 0.286458 0.393750 0.041667 0.037500
0 0.436458 0.236979 0.035417 0.040625
0 0.733854 0.569792 0.036458 0.020833
0 0.723437 0.685417 0.040625 0.041667
0 0.575000 0.863542 0.052083 0.045833
0 0.324479 0.217188 0.048958 0.028125
0 0.627604 0.079687 0.023958 0.042708
0 0.894792 0.182812 0.039583 0.026042
0 0.183854 0.219271 0.042708 0.021875
0 0.219271 0.535417 0.040625 0.054167
0 0.338021 0.506250 0.040625 0.025000
0 0.667188 0.821875 0.036458 0.018750
0 0.957292 0.908854 0.029167 0.051042
0 0.292187 0.133854 0.040625 0.034375
0 0.425000 0.617188 0.041667 0.055208
0 0.730729 0.858333 0.034375 0.039583
0 0.557813 0.457292 0.038542 0.029167
0 0.330729 0.923958 0.038542 0.052083
0 0.754167 0.438542 0.025000 0.039583
0 0.903125 0.957292 0.037500 0.033333
0 0.156250 0.791146 0.045833 0.028125
0 0.226562 0.823438 0.055208 0.046875
0 0.393750 0.457292 0.035417 0.020833
0 0.456771 0.469792 0.034375 0.043750
0 0.510938 0.597917 0.023958 0.045833
0 0.503646 0.888021 0.040625 0.034375
0 0.682813 0.151042 0.053125 0.037500
0 0.288542 0.833854 0.037500 0.053125
0 0.941667 0.891146 0.050000 0.044792
0 0.506771 0.619792 0.026042 0.045833
0 0.810417 0.325000 0.047917 0.041667
0 0.651042 0.380729 0.022917 0.040625
0 0.194792 0.313542 0.041667 0.052083
0 0.910417 0.195312 0.050000 0.028125
0 0.638021 0.684896 0.048958 0.028125
0 0.205208 0.428646 0.050000 0.042708
0 0.496354 0.252604 0.036458 0.040625
0 0.383333 0.198437 0.039583 0.032292
0 0.325000 0.741146 0.043750 0.048958
0 0.684896 0.231250 0.046875 0.043750
0 0.426563 0.621875 0.051042 0.033333
0 0.252604 0.413542 0.042708 0.047917
0 0.218229 0.399479 0.044792 0.030208
0 0.382292 0.392708 0.029167 0.045833
0 0.607812 0.176042 0.038542 0.022917
0 0.613021 0.160417 0.048958 0.035417
0 0.703646 0.679688 0.019792 0.038542
0 0.469271 0.494792 0.036458 0.037500
0 0.610417 0.693750 0.041667 0.025000
0 0.789062 0.217708 0.034375 0.039583
0 0.673438 0.504167 0.032292 0.039583
0 0.219792 0.685937 0.029167 0.044792
0 0.331771 0.303125 0.042708 0.039583
0 0.518750 0.365104 0.045833 0.034375
0 0.567187 0.305729 0.044792 0.030208
0 0.496875 0.543229 0.022917 0.038542
0 0.581250 0.679688 0.037500 0.048958
0 0.458854 0.121354 0.042708 0.021875
0 0.923958 0.485417 0.047917 0.041667
0 0.500000 0.077604 0.054167 0.040625
0 0.532292 0.255729 0.043750 0.042708
0 0.355729 0.658333 0.036458 0.047917
0 0.565104 0.255729 0.053125 0.051042
0 0.558333 0.147396 0.037500 0.038542
0 0.229167 0.564583 0.037500 0.025000
0 0.380729 0.666146 0.034375 0.040625
0 0.242188 0.500000 0.040625 0.022917
0 0.109375 0.388542 0.039583 0.041667
0 0.202604 0.756771 0.051042 0.030208
0 0.471875 0.689063 0.050000 0.038542
0 0.732812 0.726562 0.038542 0.038542
0 0.418750 0.156771 0.045833 0.023958
0 0.269271 0.215104 0.030208 0.040625
0 0.927083 0.772917 0.047917 0.041667
0 0.843229 0.755729 0.040625 0.036458
0 0.522917 0.783333 0.031250 0.050000
0 0.753125 0.360938 0.025000 0.042708
0 0.760417 0.864062 0.039583 0.028125
0 0.332292 0.129167 0.041667 0.025000
0 0.207292 0.435937 0.039583 0.032292
0 0.576562 0.434375 0.046875 0.031250
0 0.178646 0.638021 0.048958 0.044792
0 0.265104 0.481771 0.051042 0.040625
0 0.269271 0.654167 0.046875 0.043750
0 0.542708 0.960417 0.047917 0.039583
0 0.872396 0.788021 0.028125 0.044792
0 0.183333 0.568229 0.052083 0.030208
0 0.751563 0.711979 0.042708 0.044792
0 0.165625 0.378125 0.047917 0.039583
0 0.295833 0.380729 0.052083 0.053125
0 0.707812 0.135937 0.042708 0.044792
0 0.713542 0.689063 0.054167 0.036458
0 0.600000 0.783333 0.037500 0.047917
0 0.628125 0.749479 0.039583 0.044792
0 0.566146 0.601562 0.046875 0.023958
0 0.201563 0.810937 0.040625 0.028125
0 0.577083 0.186979 0.033333 0.044792
0 0.676042 0.635938 0.037500 0.048958
0 0.152604 0.943229 0.051042 0.038542
0 0.713542 0.116146 0.045833 0.032292
0 0.592187 0.079687 0.044792 0.040625
0 0.611458 0.218750 0.043750 0.052083
0 0.414062 0.852083 0.036458 0.020833
0 0.951042 0.430208 0.043750 0.022917
0 0.337500 0.745833 0.027083 0.037500
0 0.874479 0.372917 0.042708 0.041667
0 0.494792 0.727604 0.031250 0.048958
0 0.869792 0.495312 0.052083 0.032292
0 0.880208 0.478125 0.043750 0.052083
0 0.656771 0.300521 0.023958 0.042708
0 0.938542 0.756250 0.039583 0.041667
0 0.091146 0.956250 0.046875 0.031250
0 0.718229 0.416146 0.046875 0.048958
0 0.646354 0.126562 0.040625 0.055208
0 0.881771 0.443229 0.023958 0.040625
0 0.897917 0.894271 0.050000 0.040625
0 0.882812 0.810417 0.046875 0.052083
0 0.695312 0.757292 0.046875 0.052083
0 0.904687 0.163542 0.034375 0.052083
0 0.885417 0.629687 0.037500 0.044792
0 0.893750 0.264062 0.047917 0.032292
0 0.205208 0.454167 0.020833 0.039583
0 0.868229 0.205208 0.038542 0.052083
0 0.632812 0.803125 0.048958 0.039583
0 0.471875 0.422917 0.035417 0.043750
0 0.168229 0.084896 0.036458 0.046875
0 0.081250 0.128125 0.052083 0.045833
0 0.888542 0.378646 0.043750 0.026042
0 0.756771 0.433854 0.051042 0.040625
0 0.345313 0.889062 0.040625 0.026042
0 0.167187 0.160938 0.023958 0.040625
0 0.619271 0.709896 0.046875 0.036458
0 0.388542 0.951042 0.047917 0.025000
0 0.310937 0.501563 0.040625 0.036458
0 0.108333 0.133854 0.045833 0.048958
0 0.526042 0.105729 0.035417 0.044792
0 0.885938 0.789062 0.053125 0.030208
0 0.608854 0.791146 0.055208 0.051042
0 0.601042 0.926042 0.052083 0.043750
0 0.325521 0.658854 0.028125 0.040625
0 0.130208 0.447396 0.022917 0.038542
0 0.841667 0.150000 0.047917 0.039583
0 0.140625 0.306771 0.054167 0.048958
0 0.070833 0.557813 0.027083 0.042708
0 0.370833 0.377604 0.052083 0.030208
0 0.607292 0.127083 0.052083 0.037500
0 0.164062 0.119271 0.046875 0.036458
0 0.108333 0.562500 0.020833 0.039583
0 0.884375 0.881771 0.050000 0.042708
0 0.720833 0.650521 0.050000 0.053125
0 0.161979 0.311458 0.021875 0.037500
0 0.470833 0.490104 0.039583 0.036458
0 0.326562 0.646354 0.042708 0.055208
0 0.526042 0.733854 0.047917 0.046875
0 0.659896 0.665104 0.042708 0.023958
0 0.648438 0.390104 0.046875 0.048958
0 0.237500 0.205729 0.045833 0.040625
0 0.235417 0.887500 0.035417 0.043750
0 0.184896 0.761979 0.038542 0.046875
0 0.373958 0.219271 0.039583 0.048958
0 0.138021 0.802083 0.036458 0.037500
0 0.873437 0.541667 0.040625 0.054167
0 0.367188 0.142187 0.040625 0.051042
0 0.603125 0.565625 0.027083 0.041667
0 0.798438 0.745313 0.044792 0.032292
0 0.664583 0.322917 0.033333 0.037500
0 0.080729 0.235937 0.040625 0.032292
0 0.508333 0.808333 0.050000 0.029167
0 0.389062 0.465104 0.038542 0.023958
0 0.627604 0.377604 0.026042 0.046875
0 0.607812 0.109375 0.051042 0.031250
0 0.555208 0.888542 0.037500 0.033333
0 0.493229 0.195312 0.040625 0.030208
0 0.547396 0.752083 0.051042 0.031250
0 0.786979 0.116667 0.046875 0.043750
0 0.575000 0.206250 0.037500 0.033333
0 0.820312 0.205208 0.048958 0.041667
0 0.166667 0.269271 0.037500 0.053125
0 0.516667 0.857292 0.029167 0.045833
0 0.796354 0.381250 0.034375 0.043750
0 0.600521 0.701042 0.048958 0.033333
0 0.539583 0.534896 0.041667 0.048958
0 0.405208 0.227604 0.045833 0.048958
0 0.269792 0.891667 0.022917 0.039583
0 0.873437 0.383333 0.036458 0.020833
0 0.407292 0.660937 0.052083 0.030208
0 0.644271 0.640625 0.034375 0.039583
0 0.374479 0.384896 0.048958 0.034375
0 0.728646 0.200521 0.034375 0.040625
0 0.217708 0.663542 0.045833 0.029167
0 0.488542 0.968750 0.035417 0.043750
0 0.514583 0.615104 0.050000 0.053125
0 0.780729 0.472917 0.038542 0.025000
0 0.878125 0.568750 0.037500 0.033333
0 0.842187 0.410417 0.032292 0.039583
0 0.288542 0.504167 0.029167 0.041667
0 0.760938 0.606771 0.032292 0.040625
0 0.644271 0.666146 0.046875 0.026042
0 0.766146 0.520833 0.021875 0.037500
0 0.201563 0.383333 0.042708 0.039583
0 0.075521 0.648438 0.034375 0.053125
0 0.226042 0.709375 0.043750 0.035417
0 0.167187 0.602083 0.044792 0.045833
0 0.643229 0.834375 0.044792 0.052083
0 0.569792 0.082812 0.041667 0.044792
0 0.302083 0.703125 0.052083 0.041667
0 0.179167 0.754167 0.035417 0.018750
0 0.346875 0.298958 0.041667 0.029167
0 0.289062 0.747917 0.042708 0.054167
0 0.692187 0.179688 0.036458 0.040625
0 0.211458 0.748437 0.035417 0.040625
0 0.220312 0.613021 0.055208 0.040625
0 0.742708 0.537500 0.041667 0.029167
0 0.624479 0.548958 0.023958 0.043750
0 0.589063 0.432812 0.046875 0.034375
0 0.857292 0.282813 0.039583 0.028125
0 0.648958 0.185417 0.035417 0.020833
0 0.191667 0.633854 0.025000 0.046875
0 0.175521 0.688542 0.042708 0.037500
0 0.726042 0.865104 0.039583 0.036458
0 0.472396 0.480208 0.036458 0.018750
0 0.603125 0.469792 0.045833 0.033333
0 0.663021 0.143229 0.053125 0.034375
0 0.471875 0.625521 0.033333 0.040625
0 0.396354 0.580208 0.051042 0.035417
0 0.107813 0.493229 0.048958 0.023958
0 0.863542 0.796354 0.033333 0.044792
0 0.839063 0.527083 0.038542 0.033333
0 0.630208 0.741146 0.050000 0.053125
0 0.584896 0.130208 0.038542 0.037500
0 0.769792 0.738021 0.043750 0.040625
0 0.584375 0.722396 0.037500 0.040625
0 0.168750 0.067708 0.035417 0.018750
0 0.958333 0.362500 0.033333 0.043750
0 0.643229 0.892708 0.044792 0.052083
0 0.465625 0.163021 0.045833 0.036458
0 0.309896 0.928646 0.028125 0.044792
0 0.540104 0.930729 0.028125 0.040625
0 0.791667 0.760417 0.029167 0.037500
0 0.585417 0.304688 0.031250 0.040625
0 0.866146 0.542188 0.040625 0.032292
0 0.293229 0.850521 0.051042 0.053125
0 0.585938 0.178125 0.042708 0.054167
0 0.502604 0.391146 0.023958 0.040625
0 0.403646 0.950521 0.026042 0.040625
0 0.752604 0.533854 0.048958 0.046875
0 0.621875 0.418229 0.039583 0.028125
0 0.273438 0.543750 0.046875 0.045833
0 0.915625 0.539583 0.045833 0.031250
0 0.364063 0.309896 0.044792 0.040625
0 0.711458 0.547917 0.052083 0.039583
0 0.380729 0.181771 0.055208 0.038542
0 0.691667 0.564583 0.031250 0.037500
0 0.706771 0.673958 0.042708 0.054167
0 0.388542 0.164062 0.045833 0.032292
0 0.414062 0.643750 0.044792 0.025000
0 0.368750 0.616667 0.047917 0.033333
0 0.550000 0.590625 0.045833 0.043750
0 0.576562 0.743229 0.038542 0.021875
0 0.385937 0.397396 0.051042 0.044792
0 0.583333 0.824479 0.045833 0.032292
0 0.224479 0.165625 0.040625 0.041667
0 0.131771 0.476042 0.048958 0.033333
0 0.151042 0.424479 0.022917 0.040625
0 0.205729 0.182292 0.038542 0.027083
0 0.917708 0.830208 0.043750 0.035417
0 0.486458 0.408854 0.027083 0.040625
0 0.495312 0.298958 0.048958 0.035417
0 0.911979 0.700000 0.051042 0.033333
0 0.633854 0.702083 0.023958 0.043750
0 0.467708 0.629167 0.041667 0.039583
0 0.318229 0.689583 0.046875 0.027083
0 0.556250 0.332292 0.045833 0.031250
0 0.202083 0.537500 0.052083 0.047917
0 0.477604 0.921354 0.055208 0.036458
0 0.590104 0.742188 0.038542 0.046875
0 0.717708 0.727083 0.037500 0.027083
0 0.175521 0.836458 0.053125 0.037500
0 0.184375 0.554167 0.035417 0.043750
0 0.372917 0.078125 0.035417 0.052083
0 0.616667 0.783333 0.035417 0.047917
0 0.481771 0.254688 0.038542 0.051042
0 0.927604 0.397396 0.051042 0.055208
0 0.314583 0.815104 0.050000 0.044792
0 0.135937 0.936458 0.028125 0.043750
0 0.639583 0.495833 0.047917 0.050000
0 0.558854 0.578125 0.028125 0.039583
0 0.388021 0.127604 0.019792 0.038542
0 0.365104 0.562500 0.038542 0.035417
0 0.064062 0.186458 0.019792 0.037500
0 0.437500 0.118750 0.027083 0.037500
0 0.252083 0.598958 0.047917 0.035417
0 0.452604 0.390104 0.053125 0.034375
0 0.193750 0.552604 0.041667 0.048958
0 0.706250 0.290104 0.043750 0.048958
0 0.798958 0.394271 0.043750 0.028125
0 0.568750 0.238542 0.052083 0.037500
0 0.343750 0.685417 0.031250 0.045833
0 0.756250 0.436458 0.043750 0.045833
0 0.702604 0.671354 0.023958 0.040625
0 0.709896 0.428646 0.051042 0.038542
0 0.128125 0.616146 0.041667 0.055208
0 0.879167 0.729688 0.041667 0.032292
0 0.176042 0.221354 0.043750 0.055208
0 0.463021 0.514583 0.038542 0.043750
0 0.625000 0.319271 0.045833 0.026042
0 0.381771 0.142708 0.038542 0.037500
0 0.907813 0.770833 0.044792 0.052083
0 0.226562 0.181250 0.038542 0.035417
0 0.124479 0.123958 0.034375 0.043750
0 0.348958 0.720313 0.054167 0.036458
0 0.723958 0.723958 0.052083 0.039583
0 0.677604 0.320312 0.046875 0.034375
0 0.379688 0.390625 0.042708 0.047917
0 0.200521 0.519271 0.051042 0.026042
0 0.233333 0.144271 0.041667 0.048958
0 0.736979 0.805729 0.021875 0.038542
0 0.817708 0.679167 0.047917 0.052083
0 0.398438 0.191667 0.030208 0.050000
0 0.540625 0.373958 0.031250 0.037500
0 0.823438 0.421875 0.038542 0.031250
0 0.113542 0.944792 0.041667 0.020833
0 0.677083 0.566146 0.039583 0.038542
0 0.576042 0.278125 0.035417 0.020833
0 0.110937 0.133333 0.038542 0.018750
0 0.092708 0.245833 0.041667 0.027083
0 0.602083 0.671354 0.050000 0.040625
0 0.479167 0.639062 0.043750 0.048958
0 0.183333 0.121354 0.054167 0.044792
0 0.461458 0.642188 0.043750 0.055208
0 0.211458 0.300000 0.037500 0.031250
0 0.172917 0.696354 0.018750 0.038542
0 0.094792 0.410938 0.043750 0.030208
0 0.426563 0.712500 0.051042 0.033333
0 0.339583 0.110417 0.031250 0.037500
0 0.532813 0.680208 0.048958 0.041667
0 0.100521 0.379688 0.030208 0.048958
0 0.669792 0.591146 0.050000 0.028125
0 0.899479 0.492188 0.042708 0.044792
0 0.227604 0.775000 0.036458 0.037500
0 0.514583 0.213021 0.018750 0.036458
0 0.248438 0.490625 0.026042 0.039583
0 0.571875 0.184375 0.037500 0.033333
0 0.494271 0.326042 0.023958 0.041667
0 0.694792 0.126042 0.041667 0.039583
0 0.355729 0.909896 0.040625 0.032292
0 0.901042 0.873437 0.041667 0.055208
0 0.885938 0.814063 0.040625 0.034375
0 0.376042 0.837500 0.037500 0.033333
0 0.522917 0.239583 0.039583 0.041667
0 0.776563 0.132292 0.038542 0.025000
0 0.317708 0.920312 0.039583 0.038542
0 0.430729 0.260417 0.038542 0.033333
0 0.618229 0.083854 0.042708 0.044792
0 0.105208 0.350000 0.039583 0.041667
0 0.655208 0.884375 0.047917 0.035417
0 0.110937 0.424479 0.032292 0.053125
0 0.227604 0.930729 0.030208 0.053125
0 0.258854 0.074479 0.042708 0.023958
0 0.868229 0.754687 0.048958 0.046875
0 0.063542 0.920312 0.022917 0.042708
0 0.778646 0.484375 0.030208 0.039583
0 0.631771 0.570312 0.048958 0.032292
0 0.740625 0.411458 0.037500 0.035417
0 0.504687 0.180208 0.028125 0.043750
0 0.457292 0.679688 0.041667 0.044792
0 0.345313 0.276562 0.032292 0.046875
0 0.618229 0.370312 0.038542 0.051042
0 0.147396 0.485417 0.053125 0.045833
0 0.147396 0.727083 0.046875 0.052083
0 0.348438 0.296354 0.028125 0.044792
0 0.153646 0.757292 0.038542 0.029167
0 0.733333 0.689583 0.029167 0.045833
0 0.307812 0.561458 0.034375 0.039583
0 0.824479 0.748437 0.040625 0.051042
0 0.690104 0.744271 0.028125 0.046875
0 0.545312 0.138542 0.053125 0.043750
0 0.381771 0.144792 0.046875 0.052083
0 0.517188 0.298958 0.053125 0.043750
0 0.223958 0.600521 0.037500 0.021875
0 0.396354 0.098958 0.032292 0.039583
0 0.938542 0.948958 0.035417 0.037500
0 0.432812 0.905208 0.046875 0.031250
0 0.269271 0.112500 0.036458 0.022917
0 0.696875 0.631250 0.037500 0.035417
0 0.303646 0.787500 0.046875 0.043750