0 0.542708 0.609375 0.050000 0.029167
0 0.644271 0.669792 0.032292 0.039583
0 0.313021 0.663021 0.040625 0.023958
0 0.829167 0.352083 0.052083 0.039583
0 0.954688 0.515625 0.042708 0.039583
0 0.384896 0.864062 0.048958 0.030208
0 0.648438 0.539062 0.040625 0.028125
0 0.219792 0.350521 0.025000 0.038542
0 0.788021 0.840625 0.053125 0.043750
0 0.454688 0.940104 0.055208 0.051042
0 0.236979 0.490104 0.048958 0.044792
0 0.157812 0.556771 0.046875 0.023958
0 0.693229 0.503125 0.038542 0.031250
0 0.752083 0.351562 0.050000 0.053125
0 0.673438 0.659375 0.048958 0.039583
0 0.070833 0.522396 0.031250 0.051042
0 0.295312 0.272917 0.038542 0.035417
0 0.485417 0.600521 0.041667 0.048958
0 0.601562 0.338542 0.036458 0.037500
0 0.585417 0.953646 0.020833 0.038542
0 0.490625 0.675521 0.037500 0.048958
0 0.767188 0.116146 0.046875 0.040625
0 0.188542 0.147917 0.037500 0.033333
0 0.468750 0.457813 0.047917 0.032292
0 0.808854 0.944792 0.036458 0.020833
0 0.147396 0.858333 0.036458 0.037500
0 0.405208 0.498437 0.045833 0.034375
0 0.376042 0.577083 0.052083 0.039583
0 0.944271 0.273438 0.026042 0.044792
0 0.858333 0.425521 0.037500 0.053125
0 0.859375 0.610938 0.037500 0.044792
0 0.347396 0.759896 0.019792 0.040625
0 0.422917 0.284375 0.047917 0.052083
0 0.263021 0.944271 0.046875 0.023958
0 0.650521 0.903646 0.053125 0.051042
0 0.579688 0.142708 0.051042 0.031250
0 0.809896 0.739583 0.019792 0.035417
0 0.836458 0.086979 0.031250 0.040625
0 0.889062 0.136979 0.042708 0.023958
0 0.150521 0.104167 0.038542 0.031250
0 0.259896 0.116146 0.038542 0.023958
0 0.541146 0.643229 0.046875 0.048958
0 0.855208 0.124479 0.050000 0.028125
0 0.710417 0.451042 0.047917 0.027083
0 0.964063 0.305729 0.051042 0.042708
0 0.296354 0.526042 0.030208 0.039583
0 0.502083 0.837500 0.035417 0.020833
0 0.856250 0.731771 0.039583 0.034375
0 0.964063 0.182812 0.051042 0.030208
0 0.532813 0.417187 0.044792 0.028125
0 0.730729 0.284375 0.032292 0.043750
0 0.497396 0.419792 0.032292 0.039583
0 0.103125 0.620313 0.045833 0.034375
0 0.958333 0.514062 0.039583 0.030208
0 0.081771 0.592708 0.038542 0.035417
0 0.271875 0.153646 0.025000 0.042708
0 0.179167 0.669271 0.039583 0.036458
0 0.276562 0.130208 0.023958 0.045833
0 0.288021 0.538542 0.036458 0.018750
0 0.862500 0.606250 0.037500 0.029167
0 0.903125 0.324479 0.037500 0.044792
0 0.503646 0.889062 0.034375 0.051042
0 0.429167 0.582812 0.043750 0.030208
0 0.888021 0.141667 0.046875 0.043750
0 0.734375 0.553125 0.050000 0.029167
0 0.073958 0.198958 0.039583 0.041667
0 0.568750 0.954167 0.047917 0.041667
0 0.079687 0.727083 0.051042 0.033333
0 0.841667 0.519792 0.029167 0.045833
0 0.514062 0.249479 0.048958 0.046875
0 0.456250 0.318229 0.031250 0.051042
0 0.940104 0.639583 0.023958 0.043750
0 0.856771 0.508854 0.038542 0.023958
0 0.790104 0.161458 0.046875 0.052083
0 0.888021 0.738542 0.023958 0.037500
0 0.246354 0.969271 0.036458 0.055208
0 0.321354 0.404167 0.036458 0.037500
0 0.400521 0.703125 0.046875 0.043750
0 0.426563 0.753125 0.046875 0.022917
0 0.950521 0.665104 0.055208 0.051042
0 0.500000 0.779167 0.031250 0.037500
0 0.234375 0.269271 0.050000 0.044792
0 0.599479 0.820312 0.032292 0.040625
0 0.094271 0.593750 0.042708 0.054167
0 0.413542 0.109896 0.039583 0.023958
0 0.344792 0.909896 0.054167 0.046875
0 0.685937 0.142187 0.055208 0.046875
0 0.860417 0.116146 0.043750 0.042708
0 0.905729 0.170313 0.038542 0.046875
0 0.602604 0.443750 0.019792 0.035417
0 0.779687 0.329167 0.048958 0.035417
0 0.280208 0.664062 0.039583 0.036458
0 0.454688 0.190625 0.038542 0.035417
0 0.399479 0.894271 0.051042 0.026042
0 0.365104 0.366667 0.046875 0.027083
0 0.216667 0.279687 0.041667 0.044792
0 0.098958 0.694792 0.045833 0.029167
0 0.070833 0.933854 0.025000 0.044792
0 0.335417 0.667708 0.037500 0.047917
0 0.339062 0.381250 0.053125 0.045833
0 0.190104 0.219271 0.055208 0.046875
0 0.084896 0.248958 0.048958 0.052083
0 0.171875 0.217188 0.050000 0.053125
0 0.620313 0.176042 0.034375 0.047917
0 0.213021 0.781771 0.051042 0.026042
0 0.416146 0.831250 0.038542 0.029167
0 0.832292 0.613021 0.045833 0.034375
0 0.455208 0.459375 0.039583 0.041667
0 0.329688 0.404687 0.053125 0.032292
0 0.308333 0.967187 0.035417 0.053125
0 0.901042 0.468229 0.031250 0.040625
0 0.143750 0.807292 0.052083 0.037500
0 0.650000 0.738021 0.033333 0.048958
0 0.157812 0.371875 0.023958 0.047917
0 0.449479 0.703646 0.028125 0.048958
0 0.415625 0.479687 0.052083 0.032292
0 0.266146 0.910417 0.048958 0.037500
0 0.122917 0.513542 0.043750 0.022917
0 0.543750 0.183333 0.022917 0.037500
0 0.489063 0.605208 0.030208 0.039583
0 0.444271 0.588021 0.038542 0.038542
0 0.714583 0.859896 0.037500 0.044792
0 0.148958 0.693750 0.047917 0.052083
0 0.808854 0.595833 0.051042 0.029167
0 0.149479 0.822917 0.026042 0.041667
0 0.873958 0.313542 0.033333 0.037500
0 0.247396 0.082292 0.040625 0.047917
0 0.285417 0.408333 0.039583 0.041667
0 0.102083 0.648958 0.041667 0.027083
0 0.119271 0.144792 0.042708 0.029167
0 0.500521 0.220833 0.046875 0.031250
0 0.791667 0.087500 0.050000 0.029167
0 0.627604 0.256250 0.046875 0.031250
0 0.933854 0.754167 0.038542 0.035417
0 0.734896 0.853646 0.046875 0.055208
0 0.707292 0.576042 0.037500 0.033333
0 0.702604 0.741146 0.055208 0.044792
0 0.214583 0.093750 0.039583 0.041667
0 0.500000 0.125521 0.047917 0.046875
0 0.950521 0.869792 0.042708 0.025000
0 0.836979 0.907292 0.044792 0.035417
0 0.190625 0.864062 0.035417 0.044792
0 0.602083 0.702604 0.054167 0.044792
0 0.963542 0.797917 0.035417 0.043750
0 0.965104 0.635417 0.038542 0.031250
0 0.723958 0.950521 0.043750 0.048958
0 0.116667 0.578646 0.041667 0.032292
0 0.288542 0.833854 0.027083 0.046875
0 0.595833 0.193229 0.037500 0.044792
0 0.667188 0.381250 0.040625 0.047917
0 0.123438 0.084375 0.034375 0.039583
0 0.130208 0.707292 0.037500 0.035417
0 0.374479 0.627083 0.038542 0.033333
0 0.904167 0.710417 0.035417 0.018750
0 0.192188 0.796875 0.048958 0.052083
0 0.461979 0.306250 0.030208 0.043750
0 0.239063 0.364583 0.023958 0.041667
0 0.966667 0.497396 0.047917 0.032292
0 0.556250 0.619792 0.047917 0.041667
0 0.425521 0.819792 0.021875 0.039583
0 0.736458 0.686458 0.043750 0.033333
0 0.144792 0.217708 0.045833 0.052083
0 0.072917 0.382292 0.022917 0.037500
0 0.665625 0.419271 0.027083 0.048958
0 0.887500 0.869271 0.043750 0.030208
0 0.611458 0.400000 0.047917 0.025000
0 0.734375 0.235417 0.052083 0.041667
0 0.898438 0.626563 0.021875 0.038542
0 0.676562 0.511458 0.030208 0.039583
0 0.296354 0.870833 0.038542 0.025000
0 0.321875 0.529687 0.043750 0.026042
0 0.756250 0.804688 0.037500 0.048958
0 0.299479 0.764062 0.021875 0.042708
0 0.560417 0.276562 0.031250 0.040625
0 0.563542 0.702083 0.037500 0.025000
0 0.862500 0.841667 0.035417 0.043750
0 0.089063 0.715625 0.036458 0.037500
0 0.650000 0.466667 0.033333 0.043750
0 0.497917 0.345313 0.050000 0.042708
0 0.157812 0.163021 0.055208 0.044792
0 0.333333 0.836458 0.027083 0.037500
0 0.149479 0.170313 0.055208 0.038542
0 0.926562 0.482292 0.048958 0.052083
0 0.895312 0.855729 0.036458 0.040625
0 0.164062 0.698438 0.042708 0.051042
0 0.767188 0.644271 0.038542 0.023958
0 0.448958 0.622396 0.033333 0.040625
0 0.303125 0.753646 0.035417 0.053125
0 0.630729 0.905729 0.048958 0.046875
0 0.665104 0.184375 0.038542 0.033333
0 0.779687 0.098958 0.048958 0.052083
0 0.820833 0.642188 0.039583 0.036458
0 0.296354 0.577604 0.038542 0.019792
0 0.972396 0.290104 0.048958 0.046875
0 0.673958 0.074479 0.045833 0.038542
0 0.146354 0.510938 0.040625 0.036458
0 0.337500 0.766146 0.031250 0.048958
0 0.897917 0.391667 0.022917 0.037500
0 0.842187 0.437500 0.038542 0.025000
0 0.819271 0.260417 0.019792 0.037500
0 0.736979 0.218229 0.040625 0.028125
0 0.237500 0.821354 0.035417 0.048958
0 0.240104 0.489583 0.030208 0.047917
0 0.464583 0.807813 0.045833 0.026042
0 0.252083 0.820312 0.029167 0.040625
0 0.084375 0.618750 0.035417 0.037500
0 0.272396 0.192188 0.030208 0.053125
0 0.829167 0.211979 0.039583 0.044792
0 0.595313 0.801042 0.038542 0.033333
0 0.811458 0.786979 0.037500 0.053125
0 0.598958 0.915625 0.039583 0.041667
0 0.194792 0.727604 0.043750 0.032292
0 0.952604 0.757292 0.038542 0.035417
0 0.466146 0.493229 0.040625 0.038542
0 0.756250 0.713021 0.037500 0.019792
0 0.896354 0.336979 0.046875 0.034375
0 0.134375 0.744271 0.037500 0.044792
0 0.315625 0.155729 0.039583 0.038542
0 0.161458 0.426042 0.045833 0.027083
0 0.744792 0.713021 0.025000 0.038542
0 0.798958 0.146354 0.050000 0.038542
0 0.382812 0.234375 0.030208 0.050000
0 0.711458 0.555729 0.041667 0.021875
0 0.444271 0.566667 0.048958 0.041667
0 0.531771 0.220833 0.048958 0.050000
0 0.271354 0.591667 0.028125 0.039583
0 0.294792 0.292187 0.025000 0.038542
0 0.427604 0.602083 0.044792 0.045833
0 0.128125 0.169271 0.039583 0.034375
0 0.474479 0.376042 0.034375 0.043750
0 0.466667 0.519271 0.031250 0.048958
0 0.629687 0.171354 0.046875 0.034375
0 0.158333 0.960938 0.039583 0.030208
0 0.569792 0.754687 0.039583 0.048958
0 0.658333 0.205208 0.052083 0.035417
0 0.817708 0.113542 0.037500 0.025000
0 0.568750 0.952604 0.039583 0.032292
0 0.369271 0.683333 0.040625 0.047917
0 0.686979 0.533333 0.040625 0.041667
0 0.483854 0.470833 0.038542 0.031250
0 0.661458 0.457292 0.033333 0.043750
0 0.752083 0.948438 0.041667 0.042708
0 0.304688 0.670833 0.046875 0.043750
0 0.578646 0.933333 0.038542 0.043750
0 0.596875 0.345833 0.041667 0.031250
0 0.668229 0.710938 0.032292 0.044792
0 0.365625 0.482292 0.041667 0.037500
0 0.501042 0.605729 0.050000 0.040625
0 0.406771 0.596354 0.051042 0.053125
0 0.894792 0.446875 0.037500 0.033333
0 0.573958 0.444792 0.043750 0.045833
0 0.088021 0.931250 0.042708 0.041667
0 0.431771 0.289062 0.051042 0.042708
0 0.898958 0.173958 0.037500 0.031250
0 0.415104 0.160417 0.042708 0.031250
0 0.517188 0.408854 0.044792 0.042708
0 0.258333 0.525521 0.037500 0.044792
0 0.945833 0.557813 0.045833 0.048958
0 0.729167 0.889062 0.054167 0.044792
0 0.463542 0.282292 0.033333 0.037500
0 0.787500 0.338021 0.039583 0.038542
0 0.493750 0.162500 0.045833 0.043750
0 0.931771 0.898438 0.051042 0.044792
0 0.853646 0.280729 0.032292 0.040625
0 0.139583 0.572396 0.052083 0.032292
0 0.514583 0.223958 0.022917 0.039583
0 0.432812 0.631771 0.017708 0.036458
0 0.457813 0.241667 0.036458 0.043750
0 0.898958 0.375521 0.031250 0.053125
0 0.642708 0.954167 0.041667 0.039583
0 0.625000 0.340625 0.043750 0.052083
0 0.187500 0.407813 0.041667 0.048958
0 0.319271 0.220312 0.053125 0.051042
0 0.497396 0.299479 0.032292 0.048958
0 0.412500 0.640104 0.043750 0.048958
0 0.260417 0.170313 0.039583 0.044792
0 0.901042 0.758333 0.047917 0.041667
0 0.657813 0.580208 0.028125 0.039583
0 0.496875 0.741667 0.039583 0.041667
0 0.413021 0.922917 0.036458 0.043750
0 0.839063 0.334375 0.036458 0.052083
0 0.681771 0.850000 0.040625 0.041667
0 0.403125 0.602083 0.027083 0.041667
0 0.106771 0.888542 0.053125 0.047917
0 0.886979 0.748437 0.042708 0.051042
0 0.504687 0.357812 0.051042 0.034375
0 0.866146 0.486458 0.044792 0.025000
0 0.120313 0.339583 0.053125 0.041667
0 0.907813 0.077604 0.046875 0.034375
0 0.682292 0.160417 0.047917 0.039583
0 0.652083 0.395313 0.039583 0.023958
0 0.541667 0.517188 0.043750 0.030208
0 0.256771 0.194271 0.051042 0.038542
0 0.678646 0.752083 0.042708 0.041667
0 0.142708 0.099479 0.039583 0.036458
0 0.366146 0.101562 0.040625 0.044792
0 0.941146 0.797396 0.042708 0.023958
0 0.401562 0.368229 0.053125 0.032292
0 0.896354 0.230729 0.051042 0.053125
0 0.244271 0.465104 0.046875 0.036458
0 0.722917 0.193750 0.029167 0.045833
0 0.836458 0.886979 0.039583 0.038542
0 0.439063 0.393750 0.048958 0.033333
0 0.457813 0.859896 0.055208 0.040625
0 0.421354 0.395313 0.044792 0.028125
0 0.590104 0.932292 0.044792 0.047917
0 0.438021 0.320833 0.048958 0.027083
0 0.775521 0.165625 0.051042 0.050000
0 0.720833 0.599479 0.031250 0.051042
0 0.796875 0.476562 0.045833 0.038542
0 0.658854 0.632292 0.032292 0.047917
0 0.739062 0.386458 0.038542 0.035417
0 0.540625 0.867708 0.041667 0.039583
0 0.418229 0.452083 0.044792 0.027083
0 0.704688 0.484375 0.044792 0.047917
0 0.747396 0.628646 0.040625 0.051042
0 0.442708 0.157812 0.031250 0.040625
0 0.911979 0.561979 0.032292 0.053125
0 0.495312 0.941667 0.023958 0.045833
0 0.231250 0.117708 0.045833 0.029167
0 0.144271 0.322917 0.042708 0.047917
0 0.755208 0.268750 0.020833 0.035417
0 0.066667 0.214062 0.020833 0.040625
0 0.889062 0.774479 0.034375 0.048958
0 0.290625 0.656250 0.037500 0.035417
0 0.484896 0.719792 0.048958 0.052083
0 0.587500 0.948958 0.047917 0.052083
0 0.355729 0.227083 0.019792 0.039583
0 0.495833 0.411979 0.047917 0.028125
0 0.961979 0.862500 0.034375 0.047917
0 0.310937 0.252604 0.051042 0.042708
0 0.781771 0.621875 0.036458 0.018750
0 0.607812 0.088542 0.051042 0.033333
0 0.410938 0.300521 0.051042 0.053125
0 0.222917 0.955208 0.022917 0.037500
0 0.484896 0.641667 0.036458 0.047917
0 0.928125 0.629167 0.047917 0.052083
0 0.405208 0.145313 0.045833 0.048958
0 0.365104 0.660937 0.023958 0.042708
0 0.753646 0.180729 0.040625 0.026042
0 0.635417 0.603125 0.047917 0.041667
0 0.301042 0.926042 0.039583 0.022917
0 0.700521 0.553646 0.040625 0.044792
0 0.322917 0.133854 0.050000 0.042708
0 0.145833 0.631771 0.043750 0.040625
0 0.430208 0.961979 0.054167 0.040625
0 0.145313 0.630729 0.036458 0.055208
0 0.825521 0.814583 0.042708 0.041667
0 0.960938 0.340104 0.028125 0.048958
0 0.616146 0.271875 0.048958 0.027083
0 0.454688 0.798958 0.053125 0.041667
0 0.617188 0.640104 0.028125 0.048958
0 0.462500 0.163542 0.041667 0.039583
0 0.519792 0.631250 0.039583 0.020833
0 0.182292 0.809375 0.045833 0.043750
0 0.811458 0.916667 0.031250 0.045833
0 0.615104 0.183854 0.042708 0.023958
0 0.706771 0.530208 0.036458 0.037500
0 0.307292 0.263542 0.029167 0.050000
0 0.399479 0.299479 0.026042 0.044792
0 0.111458 0.228646 0.054167 0.048958
0 0.185417 0.145313 0.037500 0.048958
0 0.760417 0.706771 0.045833 0.034375
0 0.788021 0.450000 0.023958 0.045833
0 0.896354 0.634375 0.042708 0.029167
0 0.218750 0.196875 0.029167 0.045833
0 0.558854 0.885938 0.032292 0.053125
0 0.153646 0.913021 0.044792 0.030208
0 0.381250 0.139583 0.029167 0.041667
0 0.765104 0.626042 0.026042 0.037500
0 0.384375 0.632292 0.039583 0.041667
0 0.718750 0.388021 0.037500 0.019792
0 0.802604 0.385417 0.034375 0.039583
0 0.267708 0.572917 0.035417 0.022917
0 0.693750 0.534375 0.041667 0.041667
0 0.429688 0.182812 0.046875 0.026042
0 0.574479 0.073958 0.053125 0.043750
0 0.716146 0.523438 0.038542 0.023958
0 0.334375 0.203646 0.029167 0.048958
0 0.138021 0.078125 0.021875 0.039583
0 0.490625 0.387500 0.037500 0.047917
0 0.251042 0.516667 0.052083 0.045833
0 0.110417 0.869792 0.050000 0.033333
0 0.590104 0.947917 0.028125 0.045833
0 0.845833 0.092188 0.027083 0.040625
0 0.851042 0.575521 0.029167 0.046875
0 0.424479 0.726042 0.040625 0.054167
0 0.439583 0.671875 0.037500 0.022917
0 0.267708 0.485938 0.045833 0.055208
0 0.183333 0.430208 0.045833 0.027083
0 0.403646 0.154167 0.040625 0.047917
0 0.950521 0.917188 0.036458 0.055208
0 0.086458 0.293750 0.050000 0.029167
0 0.196354 0.650000 0.028125 0.043750
0 0.270313 0.411979 0.044792 0.042708
0 0.870833 0.817708 0.029167 0.045833
0 0.195833 0.571875 0.043750 0.022917
0 0.616667 0.420312 0.039583 0.036458
0 0.830208 0.532292 0.035417 0.037500
0 0.643750 0.953125 0.029167 0.050000
0 0.293750 0.175000 0.045833 0.043750
0 0.685937 0.210417 0.053125 0.047917
0 0.578125 0.600000 0.047917 0.027083
0 0.857812 0.513542 0.038542 0.018750
0 0.726562 0.370833 0.038542 0.043750
0 0.370312 0.729167 0.030208 0.043750
0 0.198958 0.765625 0.033333 0.037500
0 0.319792 0.959375 0.035417 0.037500
0 0.772396 0.718229 0.040625 0.055208
0 0.432292 0.753646 0.050000 0.042708
0 0.320312 0.779167 0.038542 0.035417
0 0.706771 0.957812 0.023958 0.042708
0 0.155208 0.720313 0.035417 0.040625
0 0.140104 0.937500 0.036458 0.020833
0 0.880208 0.252083 0.031250 0.041667
0 0.453125 0.885938 0.041667 0.032292
0 0.620313 0.484896 0.046875 0.048958
0 0.392188 0.200000 0.046875 0.031250
0 0.928125 0.217708 0.052083 0.045833
0 0.383854 0.143229 0.046875 0.023958
0 0.869271 0.797917 0.048958 0.025000
0 0.167708 0.185938 0.043750 0.048958
0 0.306250 0.883854 0.047917 0.046875
0 0.484375 0.916146 0.047917 0.028125
0 0.430729 0.645312 0.019792 0.038542
0 0.736979 0.595313 0.028125 0.048958
0 0.157292 0.866667 0.039583 0.052083
0 0.791146 0.935417 0.044792 0.027083
0 0.084896 0.623958 0.053125 0.047917
0 0.381250 0.756250 0.052083 0.041667
0 0.331250 0.503125 0.022917 0.039583
0 0.088021 0.701562 0.046875 0.023958
0 0.781250 0.939063 0.041667 0.055208
0 0.624479 0.688021 0.044792 0.032292
0 0.291667 0.261458 0.031250 0.037500
0 0.871354 0.232813 0.023958 0.040625
0 0.805729 0.851042 0.048958 0.035417
0 0.624479 0.621354 0.028125 0.044792
0 0.878125 0.667708 0.045833 0.043750
0 0.303125 0.828125 0.041667 0.039583
0 0.501042 0.477604 0.020833 0.040625
0 0.607812 0.540104 0.040625 0.036458
0 0.788542 0.783333 0.020833 0.035417
0 0.139583 0.884375 0.031250 0.037500
0 0.510417 0.351562 0.039583 0.036458
0 0.799479 0.972917 0.034375 0.052083
0 0.848437 0.557813 0.048958 0.048958
0 0.392708 0.096354 0.054167 0.036458
0 0.435417 0.262500 0.045833 0.045833
0 0.529167 0.078125 0.037500 0.052083
0 0.610417 0.246354 0.033333 0.044792
0 0.496875 0.667188 0.039583 0.048958
0 0.796875 0.956250 0.043750 0.045833
0 0.741667 0.497396 0.035417 0.040625
0 0.807813 0.876563 0.038542 0.040625
0 0.483333 0.809896 0.029167 0.040625
0 0.857292 0.189583 0.027083 0.037500
0 0.938542 0.747396 0.039583 0.036458
0 0.693229 0.552083 0.046875 0.027083
0 0.586458 0.382812 0.039583 0.044792
0 0.213542 0.888542 0.043750 0.045833
0 0.381771 0.769792 0.042708 0.031250
0 0.662500 0.846875 0.033333 0.043750
0 0.453125 0.588021 0.035417 0.040625
0 0.094792 0.243229 0.033333 0.044792
0 0.590104 0.303125 0.023958 0.043750
0 0.557813 0.763021 0.040625 0.044792
0 0.965625 0.438542 0.041667 0.029167
0 0.342708 0.722917 0.039583 0.020833
0 0.259896 0.381250 0.023958 0.037500
0 0.371354 0.173958 0.046875 0.045833
0 0.579167 0.745833 0.035417 0.043750
0 0.281250 0.954688 0.043750 0.021875
0 0.670833 0.651563 0.043750 0.042708
0 0.667708 0.508333 0.047917 0.052083
0 0.235417 0.282292 0.027083 0.037500
0 0.492188 0.904687 0.034375 0.046875
0 0.541667 0.364583 0.031250 0.045833
0 0.715625 0.816146 0.041667 0.044792
0 0.207813 0.724479 0.040625 0.034375
0 0.746875 0.168229 0.043750 0.048958
0 0.441146 0.503646 0.023958 0.042708
0 0.752604 0.411979 0.040625 0.023958
0 0.896875 0.891146 0.025000 0.042708
0 0.412500 0.089063 0.050000 0.028125
0 0.156250 0.668229 0.033333 0.040625
0 0.280729 0.796354 0.021875 0.038542
0 0.202604 0.848437 0.021875 0.038542
0 0.489583 0.533333 0.037500 0.027083
0 0.439063 0.822396 0.044792 0.030208
0 0.445833 0.593229 0.039583 0.053125
0 0.281771 0.251563 0.048958 0.048958
0 0.351042 0.124479 0.031250 0.044792
0 0.462500 0.272917 0.047917 0.041667
0 0.365625 0.446354 0.043750 0.026042
0 0.355208 0.463021 0.027083 0.040625
0 0.907813 0.736458 0.044792 0.027083
0 0.860417 0.837500 0.041667 0.047917
0 0.297396 0.760938 0.026042 0.040625
0 0.578646 0.316667 0.042708 0.025000
0 0.187500 0.528125 0.022917 0.037500
0 0.760417 0.650521 0.054167 0.038542
0 0.159375 0.863021 0.043750 0.028125
0 0.438021 0.131250 0.034375 0.039583
0 0.794792 0.859896 0.025000 0.042708
0 0.722396 0.288542 0.046875 0.029167
0 0.757292 0.689063 0.039583 0.048958
0 0.729688 0.545833 0.046875 0.052083
0 0.766667 0.659896 0.052083 0.032292
0 0.543229 0.683854 0.044792 0.042708
0 0.795312 0.634896 0.051042 0.053125
0 0.576042 0.892188 0.045833 0.048958
0 0.200521 0.189583 0.051042 0.031250
0 0.300000 0.455208 0.041667 0.047917
0 0.676562 0.343229 0.021875 0.038542
0 0.672396 0.625000 0.042708 0.039583
0 0.525000 0.463542 0.041667 0.031250
0 0.939583 0.810417 0.043750 0.045833
0 0.258333 0.653646 0.039583 0.036458
0 0.910937 0.828125 0.044792 0.052083
0 0.440625 0.593750 0.052083 0.039583
0 0.131771 0.140625 0.030208 0.043750
0 0.257812 0.517188 0.019792 0.038542
0 0.703125 0.576562 0.045833 0.036458
0 0.605729 0.837500 0.036458 0.043750
0 0.098437 0.512500 0.038542 0.035417
0 0.561979 0.736458 0.038542 0.047917
0 0.090625 0.103125 0.025000 0.037500
0 0.241146 0.208854 0.044792 0.040625
0 0.130208 0.106771 0.043750 0.042708
0 0.893229 0.177083 0.042708 0.039583
0 0.764062 0.153646 0.046875 0.038542
0 0.184375 0.223438 0.027083 0.042708
0 0.955208 0.423438 0.039583 0.034375
0 0.494271 0.750000 0.026042 0.041667
0 0.463021 0.286979 0.044792 0.030208
0 0.285417 0.262500 0.047917 0.037500
0 0.865104 0.671875 0.038542 0.043750
0 0.119792 0.330729 0.039583 0.032292
0 0.918229 0.726562 0.032292 0.040625
0 0.845313 0.152604 0.046875 0.036458
0 0.589583 0.585938 0.054167 0.044792
0 0.338542 0.561979 0.039583 0.055208
0 0.248958 0.660417 0.041667 0.037500
0 0.957292 0.185417 0.035417 0.020833
0 0.286979 0.139063 0.038542 0.046875
0 0.485417 0.539583 0.047917 0.039583
0 0.866667 0.765104 0.054167 0.044792
0 0.504167 0.509375 0.029167 0.045833
0 0.347917 0.268750 0.037500 0.047917
0 0.363542 0.166146 0.029167 0.046875
0 0.512500 0.222396 0.031250 0.053125
0 0.648438 0.943229 0.055208 0.046875
0 0.751042 0.801042 0.052083 0.045833
0 0.096875 0.917708 0.035417 0.020833
0 0.109375 0.465104 0.035417 0.044792
0 0.130729 0.378125 0.042708 0.039583
0 0.350521 0.404687 0.048958 0.034375
0 0.437500 0.330208 0.039583 0.047917
0 0.192188 0.512500 0.038542 0.035417
0 0.736458 0.650521 0.041667 0.048958
0 0.606250 0.589063 0.045833 0.036458
0 0.210417 0.656250 0.045833 0.033333
0 0.794271 0.609896 0.034375 0.046875
0 0.916146 0.229167 0.026042 0.047917
0 0.121875 0.593229 0.039583 0.023958
0 0.214583 0.726562 0.045833 0.048958
0 0.936979 0.774479 0.042708 0.023958
0 0.886979 0.555208 0.044792 0.033333
0 0.275521 0.703646 0.021875 0.038542
0 0.201563 0.252604 0.044792 0.032292
0 0.797917 0.604167 0.041667 0.031250
0 0.098958 0.948438 0.045833 0.023958
0 0.507812 0.469271 0.028125 0.048958
0 0.579167 0.084375 0.037500 0.041667
0 0.926562 0.761458 0.053125 0.035417
0 0.139583 0.678646 0.045833 0.026042
0 0.568229 0.717708 0.046875 0.029167
0 0.753646 0.709375 0.023958 0.041667
0 0.640104 0.710417 0.048958 0.033333
0 0.552083 0.319271 0.037500 0.019792
0 0.243750 0.607292 0.037500 0.031250
0 0.658854 0.551042 0.046875 0.029167
0 0.505208 0.515104 0.029167 0.044792
0 0.490625 0.240104 0.027083 0.042708
0 0.329688 0.150000 0.034375 0.047917
0 0.416667 0.657813 0.050000 0.053125
0 0.322917 0.684375 0.041667 0.029167
0 0.508333 0.824479 0.039583 0.038542
0 0.889583 0.434896 0.031250 0.048958
0 0.236458 0.906250 0.020833 0.039583
0 0.333333 0.103646 0.054167 0.040625
0 0.951042 0.169271 0.033333 0.040625
0 0.128125 0.484896 0.043750 0.028125
0 0.698438 0.659375 0.038542 0.031250
0 0.359896 0.325000 0.044792 0.025000
0 0.228646 0.559896 0.051042 0.038542
0 0.286458 0.694792 0.037500 0.022917
0 0.235937 0.127083 0.023958 0.041667
0 0.608333 0.484896 0.047917 0.028125
0 0.308854 0.202604 0.038542 0.046875