0 0.169271 0.290625 0.028125 0.045833
0 0.794271 0.629687 0.021875 0.038542
0 0.127083 0.667188 0.039583 0.023958
0 0.093750 0.672396 0.041667 0.021875
0 0.415625 0.611979 0.045833 0.028125
0 0.547917 0.151562 0.050000 0.034375
0 0.655208 0.700521 0.045833 0.034375
0 0.667188 0.546354 0.053125 0.034375
0 0.206250 0.228125 0.031250 0.041667
0 0.512500 0.406250 0.037500 0.035417
0 0.894792 0.204687 0.039583 0.038542
0 0.390104 0.806771 0.048958 0.055208
0 0.908333 0.306250 0.045833 0.027083
0 0.235417 0.782292 0.031250 0.037500
0 0.405729 0.965625 0.053125 0.043750
0 0.668750 0.973437 0.047917 0.053125
0 0.751042 0.866146 0.037500 0.021875
0 0.915625 0.753646 0.025000 0.044792
0 0.356771 0.771354 0.019792 0.038542
0 0.722917 0.761458 0.037500 0.029167
0 0.396354 0.598437 0.051042 0.028125
0 0.627083 0.093750 0.047917 0.035417
0 0.243229 0.413542 0.023958 0.041667
0 0.478646 0.169792 0.017708 0.035417
0 0.332292 0.612500 0.031250 0.037500
0 0.412500 0.421875 0.037500 0.031250
0 0.660937 0.102604 0.032292 0.053125
0 0.344271 0.910417 0.026042 0.039583
0 0.218750 0.922396 0.022917 0.044792
0 0.565625 0.272396 0.027083 0.046875
0 0.167187 0.471354 0.036458 0.017708
0 0.725000 0.375000 0.041667 0.052083
0 0.643750 0.197396 0.037500 0.044792
0 0.585938 0.482292 0.023958 0.043750
0 0.397396 0.364063 0.038542 0.055208
0 0.971354 0.614583 0.048958 0.050000
0 0.226042 0.814063 0.050000 0.053125
0 0.856250 0.587500 0.045833 0.052083
0 0.093229 0.430729 0.038542 0.040625
0 0.382292 0.506771 0.039583 0.028125
0 0.219271 0.910937 0.023958 0.046875
0 0.870833 0.834896 0.029167 0.051042
0 0.239063 0.813021 0.030208 0.044792
0 0.150521 0.507292 0.044792 0.033333
0 0.261979 0.563542 0.053125 0.045833
0 0.595313 0.788542 0.021875 0.037500
0 0.146354 0.161458 0.019792 0.037500
0 0.228646 0.153125 0.042708 0.047917
0 0.814583 0.343229 0.035417 0.048958
0 0.587500 0.558333 0.025000 0.037500
0 0.172917 0.327604 0.043750 0.026042
0 0.737500 0.160417 0.047917 0.035417
0 0.882812 0.479167 0.053125 0.039583
0 0.152604 0.744792 0.044792 0.052083
0 0.467187 0.764062 0.042708 0.023958
0 0.222396 0.473438 0.021875 0.038542
0 0.732812 0.563542 0.036458 0.037500
0 0.288021 0.719792 0.038542 0.047917
0 0.514583 0.780208 0.043750 0.045833
0 0.560417 0.485938 0.043750 0.048958
0 0.414583 0.691146 0.043750 0.026042
0 0.725000 0.952083 0.027083 0.041667
0 0.379688 0.134896 0.026042 0.046875
0 0.320833 0.893229 0.027083 0.040625
0 0.788542 0.917188 0.050000 0.044792
0 0.445833 0.333333 0.043750 0.045833
0 0.784375 0.938021 0.045833 0.048958
0 0.527604 0.536979 0.051042 0.042708
0 0.606771 0.749479 0.026042 0.040625
0 0.266146 0.760938 0.046875 0.055208
0 0.187500 0.238021 0.041667 0.032292
0 0.352604 0.268229 0.038542 0.046875
0 0.619792 0.921354 0.031250 0.040625
0 0.139583 0.883854 0.039583 0.034375
0 0.239583 0.962500 0.050000 0.050000
0 0.181250 0.936458 0.037500 0.033333
0 0.348438 0.235937 0.040625 0.028125
0 0.437500 0.572396 0.039583 0.048958
0 0.828125 0.869271 0.045833 0.036458
0 0.691667 0.452604 0.054167 0.038542
0 0.627083 0.389583 0.047917 0.033333
0 0.444792 0.384896 0.043750 0.055208
0 0.318750 0.700000 0.031250 0.037500
0 0.075000 0.741146 0.039583 0.030208
0 0.710417 0.396875 0.052083 0.041667
0 0.269271 0.680729 0.046875 0.038542
0 0.273438 0.565625 0.038542 0.043750
0 0.157812 0.708854 0.044792 0.030208
0 0.560417 0.843750 0.039583 0.047917
0 0.365104 0.207813 0.021875 0.042708
0 0.101562 0.207292 0.036458 0.043750
0 0.708333 0.666146 0.022917 0.038542
0 0.840625 0.674479 0.039583 0.030208
0 0.951042 0.535937 0.039583 0.055208
0 0.707292 0.145313 0.025000 0.046875
0 0.264583 0.506771 0.045833 0.032292
0 0.155729 0.775000 0.034375 0.037500
0 0.179688 0.677604 0.053125 0.032292
0 0.545312 0.921875 0.040625 0.043750
0 0.484375 0.781250 0.045833 0.029167
0 0.877604 0.346354 0.040625 0.034375
0 0.291146 0.517188 0.046875 0.038542
0 0.255208 0.864062 0.022917 0.044792
0 0.297917 0.921875 0.043750 0.033333
0 0.739583 0.326042 0.031250 0.045833
0 0.074479 0.379167 0.026042 0.039583
0 0.551042 0.603646 0.045833 0.055208
0 0.530208 0.706250 0.052083 0.039583
0 0.414583 0.170833 0.033333 0.037500
0 0.112500 0.406250 0.043750 0.035417
0 0.499479 0.748958 0.034375 0.047917
0 0.877083 0.905208 0.041667 0.047917
0 0.939063 0.169271 0.055208 0.051042
0 0.633333 0.154688 0.037500 0.048958
0 0.769271 0.702604 0.044792 0.042708
0 0.961458 0.694271 0.031250 0.044792
0 0.071875 0.321875 0.031250 0.045833
0 0.158333 0.145313 0.031250 0.048958
0 0.397917 0.870833 0.039583 0.047917
0 0.233333 0.403125 0.035417 0.037500
0 0.916667 0.442188 0.047917 0.046875
0 0.935937 0.579167 0.036458 0.052083
0 0.562500 0.790625 0.052083 0.045833
0 0.658854 0.739583 0.028125 0.039583
0 0.710938 0.532292 0.048958 0.039583
0 0.869792 0.398438 0.039583 0.048958
0 0.225000 0.793750 0.022917 0.039583
0 0.546354 0.594271 0.034375 0.053125
0 0.746875 0.888021 0.043750 0.030208
0 0.840625 0.107292 0.043750 0.033333
0 0.313021 0.100521 0.019792 0.038542
0 0.197917 0.764062 0.039583 0.053125
0 0.123438 0.743229 0.040625 0.026042
0 0.181771 0.188021 0.026042 0.046875
0 0.375521 0.567708 0.051042 0.047917
0 0.913021 0.114062 0.055208 0.036458
0 0.951562 0.263542 0.036458 0.018750
0 0.373437 0.679167 0.038542 0.022917
0 0.130208 0.474479 0.045833 0.034375
0 0.691667 0.681771 0.045833 0.032292
0 0.332813 0.936458 0.044792 0.025000
0 0.724479 0.877604 0.038542 0.038542
0 0.640104 0.188021 0.044792 0.028125
0 0.473958 0.325521 0.037500 0.044792
0 0.148958 0.171875 0.025000 0.037500
0 0.537500 0.145313 0.035417 0.040625
0 0.831250 0.821354 0.039583 0.028125
0 0.605729 0.422917 0.038542 0.025000
0 0.448958 0.828125 0.041667 0.037500
0 0.945312 0.353125 0.042708 0.029167
0 0.636979 0.578125 0.019792 0.039583
0 0.786458 0.596354 0.050000 0.040625
0 0.459896 0.450521 0.034375 0.051042
0 0.380208 0.375000 0.031250 0.037500
0 0.168750 0.579167 0.041667 0.027083
0 0.898958 0.196875 0.045833 0.043750
0 0.506771 0.628646 0.036458 0.046875
0 0.806771 0.866667 0.021875 0.037500
0 0.464583 0.941146 0.045833 0.048958
0 0.385417 0.940104 0.054167 0.038542
0 0.604167 0.954688 0.033333 0.044792
0 0.726562 0.157812 0.046875 0.036458
0 0.576042 0.705208 0.035417 0.047917
0 0.474479 0.636458 0.046875 0.052083
0 0.232813 0.260417 0.044792 0.052083
0 0.254167 0.397396 0.045833 0.038542
0 0.566667 0.780208 0.045833 0.027083
0 0.835417 0.173958 0.031250 0.050000
0 0.573438 0.266146 0.038542 0.051042
0 0.678125 0.155208 0.041667 0.052083
0 0.787500 0.097917 0.043750 0.035417
0 0.560417 0.463542 0.033333 0.037500
0 0.308333 0.792708 0.035417 0.035417
0 0.344792 0.942708 0.041667 0.047917
0 0.480729 0.842187 0.051042 0.042708
0 0.311979 0.306250 0.044792 0.047917
0 0.205729 0.689063 0.042708 0.055208
0 0.423438 0.263542 0.038542 0.031250
0 0.598437 0.493229 0.038542 0.040625
0 0.134896 0.257812 0.040625 0.038542
0 0.229687 0.372917 0.023958 0.041667
0 0.409896 0.348958 0.026042 0.041667
0 0.379167 0.473958 0.041667 0.039583
0 0.645312 0.082292 0.044792 0.035417
0 0.591667 0.326562 0.039583 0.044792
0 0.248438 0.379688 0.040625 0.036458
0 0.267188 0.678646 0.038542 0.046875
0 0.873958 0.435417 0.035417 0.020833
0 0.695312 0.668229 0.021875 0.038542
0 0.160938 0.245312 0.034375 0.040625
0 0.074479 0.858854 0.036458 0.046875
0 0.566667 0.308333 0.035417 0.020833
0 0.517708 0.186458 0.027083 0.041667
0 0.954167 0.494792 0.033333 0.047917
0 0.120313 0.769792 0.036458 0.018750
0 0.910417 0.758333 0.052083 0.035417
0 0.960938 0.270313 0.046875 0.026042
0 0.194792 0.486458 0.041667 0.031250
0 0.898958 0.336458 0.045833 0.045833
0 0.794271 0.678646 0.026042 0.044792
0 0.517188 0.543750 0.044792 0.035417
0 0.185417 0.853646 0.018750 0.038542
0 0.930729 0.677083 0.048958 0.035417
0 0.711458 0.947917 0.033333 0.047917
0 0.842187 0.477083 0.038542 0.018750
0 0.104688 0.216667 0.042708 0.047917
0 0.584896 0.385417 0.042708 0.039583
0 0.127083 0.716146 0.054167 0.040625
0 0.477604 0.483333 0.053125 0.041667
0 0.144271 0.770833 0.044792 0.033333
0 0.593750 0.594271 0.039583 0.026042
0 0.439063 0.818750 0.032292 0.047917
0 0.663021 0.951042 0.038542 0.027083
0 0.138542 0.071354 0.050000 0.034375
0 0.941667 0.324479 0.031250 0.040625
0 0.326042 0.579688 0.029167 0.044792
0 0.764583 0.342708 0.052083 0.047917
0 0.115625 0.098958 0.027083 0.043750
0 0.585417 0.831771 0.054167 0.046875
0 0.744271 0.122396 0.051042 0.038542
0 0.073438 0.853125 0.036458 0.047917
0 0.678646 0.257812 0.053125 0.053125
0 0.220833 0.654167 0.031250 0.050000
0 0.268229 0.603646 0.044792 0.042708
0 0.210417 0.325000 0.018750 0.035417
0 0.809896 0.340104 0.040625 0.023958
0 0.083854 0.785417 0.038542 0.025000
0 0.962500 0.747396 0.043750 0.040625
0 0.585417 0.319271 0.039583 0.038542
0 0.198958 0.310937 0.043750 0.042708
0 0.888542 0.833854 0.052083 0.034375
0 0.246875 0.559896 0.035417 0.053125
0 0.283854 0.907813 0.030208 0.044792
0 0.126562 0.478125 0.042708 0.027083
0 0.521354 0.426042 0.036458 0.037500
0 0.851042 0.381250 0.050000 0.029167
0 0.194792 0.300521 0.041667 0.021875
0 0.375521 0.810937 0.038542 0.051042
0 0.358854 0.676042 0.051042 0.033333
0 0.822396 0.196875 0.051042 0.029167
0 0.675000 0.625521 0.039583 0.044792
0 0.840104 0.347396 0.040625 0.044792
0 0.678646 0.754687 0.040625 0.026042
0 0.738542 0.380208 0.027083 0.047917
0 0.544792 0.127604 0.031250 0.040625
0 0.313021 0.214583 0.026042 0.045833
0 0.475521 0.724479 0.040625 0.038542
0 0.183854 0.240104 0.042708 0.044792
0 0.861458 0.873437 0.039583 0.048958
0 0.622396 0.601562 0.051042 0.038542
0 0.563021 0.229167 0.038542 0.043750
0 0.254167 0.636979 0.039583 0.044792
0 0.187500 0.409375 0.050000 0.050000
0 0.138021 0.547396 0.044792 0.040625
0 0.543229 0.760417 0.048958 0.037500
0 0.778125 0.522917 0.020833 0.035417
0 0.225000 0.700521 0.050000 0.038542
0 0.890625 0.377604 0.047917 0.055208
0 0.186979 0.746354 0.036458 0.040625
0 0.666667 0.178125 0.037500 0.033333
0 0.132292 0.965625 0.041667 0.039583
0 0.856771 0.397917 0.032292 0.043750
0 0.644271 0.086979 0.040625 0.055208
0 0.279687 0.885417 0.023958 0.047917
0 0.578125 0.473958 0.052083 0.035417
0 0.540104 0.544792 0.044792 0.037500
0 0.922917 0.484375 0.041667 0.029167
0 0.270313 0.789062 0.048958 0.046875
0 0.338021 0.851562 0.023958 0.040625
0 0.821875 0.709375 0.037500 0.035417
0 0.715625 0.466146 0.045833 0.032292
0 0.781771 0.934375 0.053125 0.037500
0 0.485417 0.180208 0.041667 0.027083
0 0.126562 0.459375 0.021875 0.039583
0 0.140104 0.137500 0.048958 0.039583
0 0.363021 0.557292 0.042708 0.027083
0 0.211458 0.327083 0.043750 0.037500
0 0.262500 0.410938 0.041667 0.023958
0 0.338021 0.133333 0.032292 0.039583
0 0.244792 0.354687 0.039583 0.038542
0 0.344271 0.373437 0.040625 0.028125
0 0.493229 0.435937 0.055208 0.042708
0 0.241667 0.693750 0.033333 0.043750
0 0.734896 0.723958 0.038542 0.029167
0 0.884896 0.202083 0.030208 0.039583
0 0.090625 0.548438 0.039583 0.036458
0 0.602604 0.253646 0.036458 0.040625
0 0.419792 0.816146 0.052083 0.051042
0 0.569271 0.475000 0.017708 0.035417
0 0.504167 0.234896 0.045833 0.032292
0 0.245833 0.392708 0.037500 0.029167
0 0.529167 0.377083 0.037500 0.035417
0 0.870833 0.084375 0.029167 0.037500
0 0.672396 0.785937 0.044792 0.051042
0 0.574479 0.485417 0.026042 0.041667
0 0.217188 0.399479 0.038542 0.021875
0 0.232292 0.350000 0.018750 0.035417
0 0.386979 0.791667 0.042708 0.031250
0 0.807292 0.948438 0.041667 0.044792
0 0.748437 0.253646 0.026042 0.040625
0 0.837500 0.950000 0.047917 0.039583
0 0.515104 0.674479 0.019792 0.040625
0 0.229167 0.441667 0.052083 0.047917
0 0.198958 0.509375 0.035417 0.035417
0 0.207813 0.569792 0.038542 0.018750
0 0.296354 0.792188 0.040625 0.019792
0 0.517188 0.166146 0.028125 0.040625
0 0.748958 0.325000 0.052083 0.043750
0 0.102604 0.490625 0.028125 0.039583
0 0.303646 0.133854 0.023958 0.040625
0 0.197396 0.964583 0.042708 0.037500
0 0.930729 0.075521 0.040625 0.044792
0 0.233333 0.655208 0.035417 0.043750
0 0.617188 0.757812 0.044792 0.026042
0 0.760417 0.502604 0.047917 0.053125
0 0.255729 0.333854 0.036458 0.046875
0 0.810937 0.558854 0.042708 0.023958
0 0.110937 0.539583 0.028125 0.039583
0 0.313021 0.909375 0.028125 0.041667
0 0.736979 0.393750 0.040625 0.041667
0 0.405729 0.694792 0.036458 0.043750
0 0.154167 0.426042 0.037500 0.052083
0 0.177083 0.853646 0.050000 0.044792
0 0.942187 0.313542 0.048958 0.052083
0 0.900000 0.817708 0.029167 0.041667
0 0.162500 0.941667 0.045833 0.027083
0 0.217188 0.764062 0.034375 0.046875
0 0.133333 0.293229 0.039583 0.028125
0 0.628125 0.164062 0.033333 0.044792
0 0.247396 0.248438 0.023958 0.040625
0 0.444792 0.571354 0.037500 0.048958
0 0.229687 0.085417 0.038542 0.025000
0 0.356250 0.215625 0.033333 0.050000
0 0.833854 0.615625 0.023958 0.037500
0 0.886458 0.305208 0.043750 0.022917
0 0.519792 0.378125 0.045833 0.043750
0 0.132292 0.742188 0.045833 0.032292
0 0.363542 0.653125 0.033333 0.047917
0 0.120833 0.308333 0.041667 0.047917
0 0.335938 0.378125 0.030208 0.050000
0 0.475521 0.819271 0.048958 0.046875
0 0.271354 0.230208 0.030208 0.050000
0 0.576042 0.714583 0.033333 0.037500
0 0.319271 0.377604 0.038542 0.046875
0 0.919271 0.295312 0.023958 0.046875
0 0.401562 0.911979 0.044792 0.051042
0 0.414583 0.628125 0.037500 0.029167
0 0.861458 0.330208 0.035417 0.037500
0 0.540625 0.178646 0.050000 0.038542
0 0.100000 0.785937 0.037500 0.044792
0 0.648958 0.385417 0.047917 0.037500
0 0.284375 0.776563 0.031250 0.040625
0 0.786979 0.439063 0.042708 0.051042
0 0.845833 0.470313 0.054167 0.048958
0 0.379688 0.873437 0.040625 0.032292
0 0.634896 0.404167 0.038542 0.027083
0 0.804167 0.812500 0.020833 0.035417
0 0.800521 0.556250 0.046875 0.045833
0 0.453646 0.786458 0.040625 0.041667
0 0.661458 0.640625 0.052083 0.045833
0 0.559375 0.110417 0.045833 0.022917
0 0.812500 0.759375 0.020833 0.039583
0 0.808333 0.822917 0.037500 0.022917
0 0.148438 0.517708 0.021875 0.037500
0 0.223958 0.167708 0.031250 0.037500
0 0.401042 0.283854 0.039583 0.034375
0 0.328125 0.849479 0.022917 0.040625
0 0.868229 0.720313 0.026042 0.040625
0 0.232813 0.093750 0.026042 0.039583
0 0.641146 0.073958 0.038542 0.025000
0 0.714063 0.495312 0.042708 0.055208
0 0.573438 0.818229 0.046875 0.034375
0 0.442708 0.846354 0.033333 0.040625
0 0.651042 0.973437 0.054167 0.051042
0 0.443750 0.233854 0.043750 0.042708
0 0.852083 0.066146 0.039583 0.023958
0 0.834375 0.625521 0.037500 0.044792
0 0.952604 0.301563 0.042708 0.044792
0 0.103125 0.145313 0.025000 0.038542
0 0.598958 0.172917 0.045833 0.029167
0 0.610417 0.364063 0.043750 0.055208
0 0.856771 0.766146 0.053125 0.051042
0 0.483333 0.899479 0.054167 0.040625
0 0.668229 0.104167 0.038542 0.031250
0 0.685417 0.222917 0.037500 0.031250
0 0.216667 0.303125 0.033333 0.043750
0 0.877604 0.334896 0.034375 0.053125
0 0.376042 0.576042 0.043750 0.025000
0 0.407292 0.797396 0.035417 0.044792
0 0.415625 0.911979 0.037500 0.044792
0 0.706250 0.199479 0.033333 0.040625
0 0.215104 0.313021 0.032292 0.053125
0 0.391667 0.835417 0.039583 0.041667
0 0.329167 0.480729 0.025000 0.038542
0 0.418229 0.634375 0.042708 0.037500
0 0.604688 0.233854 0.023958 0.038542
0 0.182292 0.120313 0.047917 0.046875
0 0.498437 0.857292 0.040625 0.022917
0 0.870833 0.925000 0.033333 0.043750
0 0.222396 0.288021 0.048958 0.023958
0 0.931250 0.361458 0.039583 0.041667
0 0.908333 0.938542 0.041667 0.039583
0 0.464583 0.663021 0.037500 0.021875
0 0.201563 0.578125 0.044792 0.025000
0 0.441146 0.180729 0.040625 0.051042
0 0.756771 0.793229 0.030208 0.040625
0 0.070833 0.594271 0.027083 0.051042
0 0.218229 0.298958 0.038542 0.022917
0 0.275521 0.548438 0.042708 0.023958
0 0.901563 0.959896 0.028125 0.044792
0 0.668750 0.377083 0.031250 0.050000
0 0.157292 0.219792 0.041667 0.039583
0 0.431250 0.406250 0.043750 0.035417
0 0.785417 0.361458 0.027083 0.037500
0 0.515104 0.092188 0.030208 0.053125
0 0.134375 0.956250 0.037500 0.027083
0 0.123438 0.254688 0.055208 0.051042
0 0.838542 0.860938 0.035417 0.053125
0 0.478646 0.593750 0.034375 0.039583
0 0.099479 0.104167 0.053125 0.047917
0 0.525000 0.632812 0.039583 0.036458
0 0.334375 0.481250 0.029167 0.041667
0 0.628646 0.737500 0.046875 0.045833
0 0.892708 0.966146 0.052083 0.051042
0 0.812500 0.580729 0.039583 0.038542
0 0.388021 0.869271 0.051042 0.042708
0 0.553646 0.157812 0.051042 0.026042
0 0.184896 0.338542 0.046875 0.045833
0 0.201563 0.731771 0.028125 0.046875
0 0.934375 0.082812 0.031250 0.044792
0 0.632292 0.673958 0.039583 0.041667
0 0.613021 0.844271 0.046875 0.023958
0 0.312500 0.085417 0.047917 0.039583
0 0.913021 0.505729 0.048958 0.048958
0 0.619271 0.571354 0.053125 0.030208
0 0.482292 0.270833 0.041667 0.039583
0 0.859375 0.413021 0.043750 0.042708
0 0.375000 0.384375 0.052083 0.043750
0 0.968750 0.884896 0.043750 0.028125
0 0.542708 0.491667 0.043750 0.033333
0 0.157812 0.958333 0.038542 0.031250
0 0.344271 0.449479 0.051042 0.026042
0 0.373958 0.359896 0.035417 0.048958
0 0.538542 0.143750 0.033333 0.043750
0 0.355729 0.540625 0.042708 0.039583
0 0.933854 0.368229 0.055208 0.036458
0 0.728646 0.227083 0.034375 0.039583
0 0.728646 0.220312 0.040625 0.028125
0 0.615104 0.205729 0.030208 0.048958
0 0.332292 0.456250 0.037500 0.022917
0 0.693229 0.923958 0.042708 0.037500
0 0.476562 0.557813 0.051042 0.026042
0 0.347396 0.583854 0.051042 0.042708
0 0.091146 0.120833 0.021875 0.037500
0 0.654687 0.909896 0.042708 0.044792
0 0.600000 0.814583 0.033333 0.050000
0 0.172396 0.410938 0.040625 0.028125
0 0.210938 0.692708 0.051042 0.031250
0 0.436458 0.939063 0.050000 0.053125
0 0.516667 0.555208 0.041667 0.039583
0 0.213542 0.394792 0.047917 0.039583
0 0.228646 0.535417 0.038542 0.029167
0 0.544792 0.650000 0.045833 0.043750
0 0.264062 0.832292 0.042708 0.027083
0 0.813542 0.636979 0.050000 0.034375
0 0.263021 0.857292 0.034375 0.039583
0 0.132812 0.723437 0.023958 0.048958
0 0.270833 0.377604 0.039583 0.044792
0 0.573958 0.406250 0.029167 0.037500
0 0.630729 0.556250 0.042708 0.047917
0 0.129167 0.173958 0.041667 0.039583
0 0.753125 0.910417 0.027083 0.045833
0 0.693750 0.774479 0.029167 0.051042
0 0.475000 0.373958 0.041667 0.052083
0 0.232292 0.803646 0.039583 0.032292
0 0.725521 0.122396 0.044792 0.030208
0 0.760417 0.615625 0.047917 0.027083
0 0.745833 0.651563 0.054167 0.048958
0 0.904687 0.776563 0.021875 0.038542
0 0.113542 0.085417 0.043750 0.035417
0 0.692708 0.891146 0.025000 0.042708
0 0.590625 0.659375 0.035417 0.047917
0 0.233333 0.268750 0.031250 0.041667
0 0.479687 0.422917 0.048958 0.027083
0 0.905208 0.723958 0.022917 0.037500
0 0.747396 0.154688 0.038542 0.055208
0 0.645833 0.410417 0.035417 0.037500
0 0.256250 0.638021 0.037500 0.044792
0 0.919792 0.265104 0.029167 0.044792
0 0.710417 0.948958 0.052083 0.047917
0 0.131771 0.083854 0.023958 0.040625
0 0.630208 0.660417 0.041667 0.029167
0 0.860938 0.366146 0.044792 0.042708
0 0.685937 0.801562 0.030208 0.044792
0 0.909896 0.791667 0.028125 0.050000
0 0.444792 0.107813 0.047917 0.053125
0 0.709375 0.131250 0.041667 0.039583
0 0.282813 0.778125 0.030208 0.039583
0 0.433854 0.442188 0.055208 0.040625
0 0.327083 0.326562 0.039583 0.048958
0 0.635417 0.717708 0.052083 0.045833
0 0.847917 0.178646 0.039583 0.023958
0 0.135937 0.891146 0.028125 0.040625
0 0.715104 0.255208 0.044792 0.025000
0 0.370833 0.162500 0.033333 0.037500
0 0.669792 0.105729 0.043750 0.030208
0 0.684375 0.150000 0.043750 0.045833
0 0.763542 0.289583 0.043750 0.045833
0 0.335938 0.649479 0.055208 0.038542
0 0.385937 0.694271 0.028125 0.044792
0 0.283333 0.687500 0.041667 0.027083
0 0.324479 0.298438 0.044792 0.042708
0 0.667708 0.915104 0.029167 0.044792
0 0.288021 0.260417 0.038542 0.033333
0 0.291667 0.150000 0.047917 0.037500
0 0.438542 0.137500 0.041667 0.039583
0 0.788021 0.172917 0.046875 0.027083
0 0.595833 0.338021 0.054167 0.038542
0 0.506771 0.694792 0.051042 0.031250
0 0.929688 0.228646 0.053125 0.034375
0 0.131771 0.214583 0.023958 0.045833
0 0.273958 0.300521 0.035417 0.044792
0 0.213021 0.170833 0.036458 0.018750
0 0.115625 0.652083 0.033333 0.043750
0 0.581771 0.636458 0.042708 0.029167
0 0.895833 0.816667 0.045833 0.045833
0 0.927604 0.240104 0.051042 0.034375
0 0.548438 0.152083 0.030208 0.050000
0 0.331250 0.222917 0.047917 0.039583
0 0.886979 0.463542 0.034375 0.039583
0 0.530208 0.696354 0.027083 0.042708
0 0.439063 0.105208 0.026042 0.045833
0 0.966146 0.269271 0.044792 0.032292
0 0.539062 0.597396 0.046875 0.055208
0 0.859375 0.091146 0.041667 0.055208
0 0.531771 0.691146 0.051042 0.036458
0 0.831771 0.302604 0.032292 0.046875
0 0.594271 0.185417 0.038542 0.047917
0 0.450521 0.658333 0.053125 0.043750
0 0.169792 0.432812 0.033333 0.044792
0 0.204167 0.210417 0.043750 0.035417
0 0.834896 0.391146 0.044792 0.042708
0 0.945833 0.856250 0.052083 0.035417
0 0.297917 0.727083 0.027083 0.047917
0 0.644271 0.083333 0.036458 0.043750
0 0.334896 0.497396 0.048958 0.032292
0 0.491667 0.643229 0.025000 0.038542
0 0.843750 0.768750 0.041667 0.037500
0 0.767188 0.072396 0.028125 0.040625
0 0.608854 0.148438 0.032292 0.044792
0 0.453125 0.558333 0.027083 0.047917
0 0.553125 0.815625 0.045833 0.031250
0 0.646875 0.880729 0.054167 0.036458
0 0.649479 0.880208 0.026042 0.037500
0 0.246875 0.972917 0.045833 0.052083
0 0.587500 0.436979 0.043750 0.026042
0 0.356771 0.721354 0.044792 0.055208
0 0.493229 0.557813 0.026042 0.046875
0 0.736979 0.731250 0.030208 0.039583
0 0.472917 0.477604 0.052083 0.032292
0 0.539062 0.192708 0.044792 0.054167
0 0.291146 0.522396 0.023958 0.046875
0 0.301563 0.516146 0.030208 0.051042
0 0.534896 0.261458 0.019792 0.035417
0 0.672396 0.510417 0.042708 0.025000
0 0.167187 0.278646 0.036458 0.051042
0 0.381250 0.783333 0.041667 0.052083
0 0.822396 0.717708 0.028125 0.050000
0 0.237500 0.097396 0.045833 0.026042
0 0.872917 0.102083 0.031250 0.037500
0 0.159375 0.792708 0.047917 0.025000
0 0.266146 0.532292 0.042708 0.037500
0 0.330729 0.236458 0.026042 0.045833
0 0.102083 0.324479 0.039583 0.044792
0 0.281250 0.645312 0.045833 0.040625
0 0.756771 0.186458 0.034375 0.037500
0 0.818750 0.145313 0.033333 0.044792
0 0.920312 0.754167 0.026042 0.037500
0 0.697917 0.733854 0.045833 0.038542
0 0.741667 0.128646 0.039583 0.053125
0 0.106250 0.966667 0.035417 0.047917
0 0.561458 0.935417 0.050000 0.050000
0 0.291667 0.316146 0.039583 0.030208
0 0.510938 0.878125 0.040625 0.054167
0 0.715625 0.082812 0.039583 0.023958
0 0.364583 0.589063 0.039583 0.048958
0 0.502604 0.394271 0.051042 0.053125
0 0.602083 0.113021 0.047917 0.046875
0 0.843750 0.592708 0.027083 0.037500
0 0.136979 0.110417 0.053125 0.045833
0 0.225521 0.075000 0.053125 0.039583
0 0.391667 0.487500 0.050000 0.029167
0 0.907292 0.643229 0.035417 0.053125
0 0.629167 0.267188 0.041667 0.048958
0 0.256250 0.742708 0.043750 0.052083
0 0.358333 0.078646 0.045833 0.038542
0 0.240104 0.901042 0.030208 0.039583
0 0.249479 0.487500 0.028125 0.039583
0 0.355208 0.379167 0.045833 0.052083
0 0.806250 0.130208 0.031250 0.050000
0 0.789062 0.910417 0.046875 0.031250
0 0.134896 0.385417 0.040625 0.025000
0 0.501042 0.932813 0.043750 0.055208
0 0.465625 0.788021 0.041667 0.021875
0 0.664583 0.597917 0.037500 0.041667
0 0.416146 0.494792 0.053125 0.041667
0 0.168229 0.699479 0.044792 0.040625
0 0.280208 0.268750 0.025000 0.043750
0 0.295312 0.389062 0.048958 0.046875
0 0.524479 0.771354 0.021875 0.044792
0 0.398438 0.126042 0.030208 0.050000
0 0.915625 0.188021 0.045833 0.023958
0 0.773438 0.451562 0.026042 0.044792
0 0.662500 0.165104 0.054167 0.048958
0 0.686979 0.497396 0.044792 0.051042
0 0.839583 0.575521 0.054167 0.046875
0 0.150000 0.359375 0.039583 0.020833
0 0.605208 0.684375 0.041667 0.029167
0 0.184896 0.890104 0.051042 0.034375
0 0.136979 0.344792 0.038542 0.047917
0 0.791667 0.188021 0.039583 0.036458
0 0.122917 0.333854 0.025000 0.038542
0 0.639062 0.316146 0.046875 0.055208
0 0.923438 0.414583 0.026042 0.041667
0 0.201042 0.658333 0.041667 0.025000
0 0.144271 0.951042 0.042708 0.029167
0 0.786979 0.378125 0.042708 0.031250
0 0.290625 0.088021 0.022917 0.038542
0 0.362500 0.142708 0.043750 0.052083
0 0.688021 0.851562 0.036458 0.017708
0 0.718750 0.707812 0.039583 0.030208
0 0.495312 0.148438 0.038542 0.038542
0 0.921875 0.507812 0.037500 0.044792
0 0.842187 0.576562 0.044792 0.028125
0 0.702083 0.766667 0.037500 0.027083
0 0.248958 0.171354 0.047917 0.030208
0 0.217188 0.132292 0.051042 0.050000
0 0.442708 0.588021 0.054167 0.038542
0 0.801562 0.478125 0.036458 0.047917
0 0.414583 0.500000 0.041667 0.029167
0 0.161458 0.281771 0.045833 0.026042
0 0.169792 0.839583 0.033333 0.037500
0 0.771875 0.172396 0.031250 0.040625
0 0.086458 0.298438 0.041667 0.021875
0 0.693229 0.176042 0.021875 0.037500
0 0.722917 0.153646 0.022917 0.042708
0 0.774479 0.306250 0.036458 0.020833
0 0.103646 0.830729 0.051042 0.036458
0 0.535417 0.578125 0.033333 0.037500
0 0.318750 0.377083 0.022917 0.039583
0 0.066146 0.347917 0.021875 0.043750
0 0.773438 0.473438 0.048958 0.055208
0 0.434375 0.789062 0.022917 0.038542
0 0.189583 0.237500 0.041667 0.052083
0 0.707812 0.871354 0.044792 0.032292
0 0.444271 0.355729 0.040625 0.044792
0 0.409375 0.561979 0.039583 0.048958
0 0.592708 0.341146 0.045833 0.023958
0 0.595313 0.449479 0.038542 0.021875
0 0.341146 0.745313 0.044792 0.055208
0 0.140625 0.593750 0.035417 0.018750
0 0.272396 0.525521 0.051042 0.053125
0 0.941146 0.153646 0.048958 0.044792
0 0.879167 0.238542 0.052083 0.047917
0 0.553646 0.320312 0.040625 0.030208
0 0.530729 0.153646 0.034375 0.053125
0 0.843229 0.758854 0.044792 0.030208
0 0.194792 0.552604 0.039583 0.034375
0 0.252604 0.205208 0.026042 0.041667
0 0.932813 0.353646 0.042708 0.055208
0 0.204687 0.469271 0.032292 0.040625
0 0.100521 0.203125 0.036458 0.047917
0 0.496875 0.884375 0.027083 0.043750
0 0.236979 0.780729 0.048958 0.032292
0 0.904687 0.709896 0.030208 0.048958
0 0.658333 0.553125 0.035417 0.020833
0 0.139583 0.955208 0.047917 0.039583
0 0.314583 0.592187 0.047917 0.028125
0 0.934896 0.077083 0.046875 0.029167
0 0.368229 0.106250 0.023958 0.041667
0 0.430729 0.933333 0.044792 0.052083
0 0.338021 0.768750 0.038542 0.033333
0 0.784896 0.693750 0.042708 0.041667
0 0.110937 0.239583 0.021875 0.041667
0 0.442708 0.083854 0.033333 0.040625
0 0.142187 0.662500 0.042708 0.025000
0 0.547917 0.967708 0.037500 0.047917
0 0.278646 0.567187 0.042708 0.044792
0 0.295833 0.172396 0.031250 0.040625
0 0.755208 0.353125 0.047917 0.052083
0 0.775000 0.946354 0.047917 0.028125
0 0.761458 0.895312 0.052083 0.051042
0 0.436458 0.605208 0.020833 0.035417
0 0.780208 0.710417 0.031250 0.045833
0 0.251042 0.248438 0.016667 0.034375
0 0.530208 0.836458 0.047917 0.033333
0 0.542188 0.959375 0.048958 0.027083
0 0.252604 0.928125 0.044792 0.047917
0 0.148958 0.264583 0.041667 0.029167
0 0.372917 0.615104 0.027083 0.046875
0 0.276042 0.224479 0.050000 0.040625
0 0.955208 0.609375 0.041667 0.047917
0 0.772917 0.816146 0.033333 0.048958
0 0.684375 0.848958 0.043750 0.033333
0 0.386979 0.619271 0.036458 0.051042
0 0.598958 0.449479 0.050000 0.040625
0 0.510417 0.705729 0.029167 0.051042
0 0.446354 0.212500 0.034375 0.047917
0 0.885938 0.681771 0.055208 0.044792
0 0.835938 0.642188 0.046875 0.055208
0 0.969271 0.786979 0.046875 0.034375
0 0.713021 0.121875 0.046875 0.029167
0 0.462500 0.168750 0.037500 0.047917
0 0.697396 0.582292 0.046875 0.043750
0 0.216146 0.634375 0.036458 0.020833
0 0.865625 0.346354 0.047917 0.028125
0 0.351562 0.885938 0.053125 0.053125
0 0.426563 0.604167 0.038542 0.043750
0 0.753125 0.294271 0.041667 0.055208
0 0.298438 0.889583 0.042708 0.027083
0 0.296354 0.087500 0.021875 0.041667
0 0.335417 0.431771 0.029167 0.051042
0 0.697917 0.539583 0.035417 0.043750
0 0.189062 0.830729 0.034375 0.040625
0 0.925521 0.405729 0.040625 0.036458