0 0.649479 0.684375 0.034375 0.039583
0 0.235417 0.675521 0.041667 0.044792
0 0.564583 0.863542 0.039583 0.047917
0 0.842708 0.956771 0.047917 0.030208
0 0.920833 0.414062 0.035417 0.048958
0 0.389062 0.579688 0.036458 0.051042
0 0.667708 0.739062 0.041667 0.032292
0 0.813021 0.743229 0.038542 0.040625
0 0.229167 0.771875 0.047917 0.035417
0 0.648438 0.688021 0.048958 0.032292
0 0.843229 0.948958 0.044792 0.052083
0 0.328646 0.861979 0.051042 0.044792
0 0.784375 0.355729 0.033333 0.048958
0 0.775000 0.129167 0.020833 0.039583
0 0.731250 0.845313 0.018750 0.036458
0 0.859896 0.843229 0.053125 0.053125
0 0.736458 0.132292 0.045833 0.045833
0 0.553125 0.857292 0.045833 0.043750
0 0.757812 0.453125 0.034375 0.016667
0 0.396875 0.824479 0.029167 0.044792
0 0.318229 0.944792 0.036458 0.037500
0 0.362500 0.579167 0.052083 0.045833
0 0.555729 0.632812 0.051042 0.034375
0 0.504167 0.880729 0.027083 0.046875
0 0.840104 0.295312 0.040625 0.044792
0 0.768229 0.572396 0.044792 0.055208
0 0.604167 0.094271 0.050000 0.038542
0 0.643229 0.184375 0.026042 0.041667
0 0.768229 0.475521 0.026042 0.044792
0 0.608333 0.110417 0.035417 0.020833
0 0.508854 0.534896 0.023958 0.042708
0 0.111458 0.432812 0.037500 0.044792
0 0.283333 0.492708 0.037500 0.022917
0 0.227604 0.327083 0.036458 0.047917
0 0.713021 0.479167 0.019792 0.037500
0 0.587500 0.118750 0.027083 0.045833
0 0.849479 0.929688 0.044792 0.051042
0 0.225521 0.346354 0.051042 0.038542
0 0.763542 0.699479 0.033333 0.044792
0 0.958333 0.923958 0.045833 0.029167
0 0.386458 0.160938 0.039583 0.030208
0 0.884375 0.837500 0.035417 0.037500
0 0.965625 0.397396 0.039583 0.026042
0 0.911979 0.351562 0.032292 0.046875
0 0.939583 0.300000 0.045833 0.052083
0 0.204167 0.627083 0.025000 0.043750
0 0.746354 0.306250 0.023958 0.043750
0 0.665104 0.394792 0.040625 0.022917
0 0.397917 0.277604 0.050000 0.038542
0 0.715625 0.763542 0.025000 0.041667
0 0.200521 0.122917 0.048958 0.052083
0 0.796354 0.254167 0.051042 0.050000
0 0.934375 0.600521 0.039583 0.036458
0 0.085938 0.916146 0.040625 0.034375
0 0.339062 0.144792 0.044792 0.035417
0 0.106771 0.739062 0.051042 0.040625
0 0.750000 0.831250 0.035417 0.020833
0 0.758333 0.329167 0.047917 0.041667
0 0.920312 0.902083 0.048958 0.035417
0 0.893229 0.846875 0.048958 0.039583
0 0.631771 0.411979 0.046875 0.048958
0 0.648438 0.180729 0.036458 0.051042
0 0.532292 0.848437 0.047917 0.053125
0 0.334375 0.736458 0.047917 0.041667
0 0.955208 0.295833 0.043750 0.022917
0 0.167187 0.509896 0.040625 0.034375
0 0.365104 0.647396 0.036458 0.040625
0 0.196875 0.400521 0.045833 0.055208
0 0.618229 0.271354 0.023958 0.040625
0 0.715625 0.450521 0.037500 0.044792
0 0.876563 0.316146 0.038542 0.038542
0 0.092708 0.091667 0.050000 0.047917
0 0.621875 0.847396 0.045833 0.038542
0 0.752604 0.445312 0.040625 0.055208
0 0.462500 0.680729 0.052083 0.051042
0 0.834896 0.363021 0.040625 0.044792
0 0.327083 0.252604 0.033333 0.048958
0 0.214583 0.889583 0.035417 0.022917
0 0.430729 0.487500 0.044792 0.047917
0 0.582292 0.222396 0.045833 0.032292
0 0.169792 0.534896 0.045833 0.048958
0 0.497917 0.107292 0.052083 0.035417
0 0.598958 0.421354 0.045833 0.023958
0 0.370312 0.781250 0.036458 0.043750
0 0.710417 0.776563 0.037500 0.053125
0 0.431771 0.756771 0.034375 0.053125
0 0.838021 0.747396 0.044792 0.030208
0 0.719271 0.625000 0.042708 0.039583
0 0.083333 0.614583 0.029167 0.041667
0 0.224479 0.754687 0.051042 0.053125
0 0.513542 0.850000 0.047917 0.039583
0 0.324479 0.215104 0.055208 0.040625
0 0.085417 0.597396 0.043750 0.028125
0 0.879167 0.773958 0.035417 0.052083
0 0.921354 0.403125 0.053125 0.037500
0 0.638021 0.381771 0.044792 0.030208
0 0.115104 0.860938 0.044792 0.055208
0 0.147917 0.341146 0.054167 0.044792
0 0.810417 0.761979 0.047917 0.028125
0 0.930729 0.923438 0.051042 0.044792
0 0.847396 0.658333 0.034375 0.037500
0 0.823958 0.083854 0.052083 0.030208
0 0.263542 0.716146 0.052083 0.051042
0 0.231250 0.925000 0.037500 0.027083
0 0.133854 0.291146 0.055208 0.051042
0 0.677083 0.798438 0.037500 0.044792
0 0.603646 0.825521 0.034375 0.046875
0 0.584896 0.542708 0.053125 0.039583
0 0.814583 0.828646 0.045833 0.038542
0 0.465625 0.850521 0.037500 0.021875
0 0.616146 0.951562 0.051042 0.044792
0 0.898438 0.670833 0.044792 0.033333
0 0.533333 0.760938 0.039583 0.026042
0 0.866146 0.096354 0.038542 0.051042
0 0.240104 0.461458 0.053125 0.039583
0 0.179688 0.466667 0.044792 0.022917
0 0.662500 0.177083 0.045833 0.043750
0 0.753646 0.216146 0.042708 0.055208
0 0.865625 0.357292 0.039583 0.041667
0 0.479687 0.746875 0.053125 0.039583
0 0.263542 0.242708 0.031250 0.037500
0 0.429688 0.728646 0.055208 0.046875
0 0.145313 0.763021 0.046875 0.034375
0 0.345313 0.913542 0.026042 0.045833
0 0.257812 0.376563 0.036458 0.055208
0 0.722396 0.843750 0.053125 0.045833
0 0.789583 0.612500 0.027083 0.037500
0 0.217708 0.496875 0.045833 0.043750
0 0.720833 0.452604 0.054167 0.036458
0 0.138021 0.354687 0.030208 0.053125
0 0.261458 0.907292 0.039583 0.052083
0 0.773958 0.072917 0.020833 0.039583
0 0.638021 0.568750 0.032292 0.043750
0 0.881771 0.160938 0.046875 0.026042
0 0.212500 0.616146 0.039583 0.028125
0 0.795833 0.836979 0.037500 0.040625
0 0.559896 0.580208 0.051042 0.047917
0 0.083854 0.803125 0.036458 0.047917
0 0.390104 0.905729 0.051042 0.044792
0 0.651563 0.144271 0.046875 0.048958
0 0.247917 0.505729 0.041667 0.021875
0 0.851562 0.705208 0.026042 0.045833
0 0.513542 0.405208 0.041667 0.031250
0 0.653646 0.875000 0.019792 0.035417
0 0.365104 0.217188 0.038542 0.051042
0 0.187500 0.121875 0.045833 0.031250
0 0.400521 0.354167 0.028125 0.039583
0 0.260417 0.941667 0.043750 0.045833
0 0.481250 0.509375 0.033333 0.037500
0 0.130208 0.475000 0.035417 0.043750
0 0.185417 0.405729 0.039583 0.036458
0 0.447396 0.754167 0.034375 0.039583
0 0.623958 0.286979 0.050000 0.040625
0 0.759896 0.323437 0.040625 0.028125
0 0.157292 0.508854 0.045833 0.040625
0 0.465104 0.969271 0.055208 0.046875
0 0.200521 0.622917 0.038542 0.029167
0 0.207813 0.539062 0.048958 0.032292
0 0.762500 0.309896 0.054167 0.046875
0 0.370833 0.927604 0.054167 0.046875
0 0.693750 0.403125 0.041667 0.047917
0 0.287500 0.205208 0.031250 0.050000
0 0.383333 0.380729 0.039583 0.044792
0 0.265104 0.578125 0.042708 0.047917
0 0.253646 0.888542 0.021875 0.043750
0 0.403646 0.305208 0.026042 0.039583
0 0.504167 0.592708 0.045833 0.027083
0 0.790625 0.479167 0.039583 0.022917
0 0.357292 0.965625 0.029167 0.037500
0 0.464062 0.234375 0.038542 0.043750
0 0.461458 0.120313 0.047917 0.028125
0 0.332813 0.277083 0.038542 0.018750
0 0.515104 0.632292 0.030208 0.043750
0 0.799479 0.606771 0.055208 0.044792
0 0.240104 0.710417 0.042708 0.039583
0 0.198437 0.354687 0.040625 0.030208
0 0.517188 0.100000 0.048958 0.027083
0 0.575521 0.475000 0.051042 0.033333
0 0.381771 0.784375 0.038542 0.031250
0 0.194792 0.347917 0.043750 0.033333
0 0.831250 0.806771 0.043750 0.040625
0 0.309896 0.673958 0.034375 0.039583
0 0.875000 0.339062 0.054167 0.048958
0 0.884375 0.491146 0.027083 0.048958
0 0.368229 0.420312 0.040625 0.034375
0 0.600000 0.126042 0.045833 0.043750
0 0.343750 0.110937 0.029167 0.051042
0 0.105729 0.127083 0.032292 0.043750
0 0.920312 0.881250 0.048958 0.052083
0 0.432812 0.109896 0.044792 0.051042
0 0.217708 0.229687 0.025000 0.038542
0 0.496354 0.636458 0.036458 0.052083
0 0.440625 0.261979 0.050000 0.053125
0 0.091667 0.464062 0.050000 0.044792
0 0.866667 0.696875 0.037500 0.047917
0 0.777083 0.641667 0.052083 0.043750
0 0.325000 0.083854 0.047917 0.028125
0 0.788542 0.898438 0.039583 0.028125
0 0.113021 0.555208 0.038542 0.033333
0 0.197396 0.460417 0.030208 0.039583
0 0.545833 0.396354 0.039583 0.055208
0 0.406771 0.507292 0.038542 0.037500
0 0.505729 0.728125 0.036458 0.037500
0 0.726042 0.610938 0.029167 0.040625
0 0.651042 0.673958 0.041667 0.039583
0 0.948438 0.278125 0.048958 0.039583
0 0.563542 0.535417 0.027083 0.043750
0 0.921875 0.586979 0.022917 0.044792
0 0.944271 0.661979 0.046875 0.034375
0 0.396354 0.680729 0.034375 0.051042
0 0.077604 0.930729 0.046875 0.055208
0 0.490625 0.827083 0.031250 0.037500
0 0.498437 0.791667 0.048958 0.041667
0 0.381771 0.450000 0.051042 0.047917
0 0.693229 0.762500 0.044792 0.054167
0 0.620833 0.952604 0.027083 0.040625
0 0.554688 0.735417 0.048958 0.027083
0 0.662500 0.737500 0.033333 0.052083
0 0.170313 0.619271 0.028125 0.046875
0 0.121354 0.121875 0.026042 0.039583
0 0.743229 0.804688 0.053125 0.053125
0 0.208854 0.953646 0.042708 0.023958
0 0.470833 0.371875 0.027083 0.041667
0 0.871354 0.534896 0.026042 0.040625
0 0.545312 0.759896 0.028125 0.051042
0 0.896354 0.226562 0.055208 0.044792
0 0.473438 0.758854 0.034375 0.051042
0 0.475521 0.402604 0.030208 0.044792
0 0.187500 0.251042 0.025000 0.043750
0 0.169792 0.964063 0.045833 0.034375
0 0.703646 0.111979 0.044792 0.042708
0 0.195312 0.548958 0.019792 0.037500
0 0.845313 0.683333 0.042708 0.054167
0 0.425000 0.223958 0.047917 0.037500
0 0.716667 0.872917 0.031250 0.037500
0 0.892708 0.767708 0.050000 0.047917
0 0.503646 0.419271 0.053125 0.053125
0 0.188542 0.271354 0.041667 0.023958
0 0.422396 0.633854 0.028125 0.044792
0 0.952604 0.948958 0.040625 0.054167
0 0.466146 0.933854 0.038542 0.046875
0 0.844271 0.395313 0.040625 0.023958
0 0.942187 0.238542 0.017708 0.035417
0 0.920312 0.915104 0.046875 0.032292
0 0.259896 0.250000 0.038542 0.035417
0 0.464062 0.211458 0.051042 0.050000
0 0.883333 0.069792 0.037500 0.018750
0 0.214583 0.517188 0.041667 0.023958
0 0.758333 0.911458 0.025000 0.041667
0 0.253125 0.414062 0.039583 0.034375
0 0.580208 0.250000 0.045833 0.029167
0 0.931771 0.316146 0.034375 0.040625
0 0.607292 0.230208 0.043750 0.035417
0 0.299479 0.478125 0.038542 0.031250
0 0.752083 0.603125 0.029167 0.045833
0 0.710938 0.385937 0.044792 0.048958
0 0.545833 0.814583 0.052083 0.045833
0 0.435417 0.213542 0.052083 0.041667
0 0.344792 0.939063 0.054167 0.048958
0 0.870313 0.100521 0.051042 0.026042
0 0.349479 0.803125 0.038542 0.031250
0 0.259375 0.559896 0.035417 0.040625
0 0.904167 0.505729 0.045833 0.034375
0 0.880729 0.485417 0.048958 0.037500
0 0.483333 0.892188 0.027083 0.046875
0 0.530729 0.500000 0.042708 0.037500
0 0.826042 0.533854 0.027083 0.046875
0 0.716667 0.225521 0.041667 0.048958
0 0.314063 0.179688 0.028125 0.051042
0 0.907292 0.320833 0.052083 0.037500
0 0.770833 0.810937 0.052083 0.053125
0 0.384896 0.242188 0.040625 0.034375
0 0.904167 0.298958 0.025000 0.043750
0 0.107292 0.596875 0.043750 0.035417
0 0.083333 0.709896 0.047917 0.044792
0 0.335938 0.434896 0.040625 0.034375
0 0.320833 0.630208 0.045833 0.052083
0 0.154688 0.548958 0.038542 0.043750
0 0.623958 0.349479 0.037500 0.040625
0 0.280729 0.092708 0.036458 0.043750
0 0.531771 0.490625 0.026042 0.039583
0 0.753125 0.913542 0.033333 0.037500
0 0.095833 0.659896 0.018750 0.036458
0 0.893229 0.754167 0.044792 0.047917
0 0.563021 0.191667 0.053125 0.043750
0 0.159896 0.391667 0.042708 0.041667
0 0.657292 0.254688 0.029167 0.040625
0 0.302604 0.445833 0.021875 0.041667
0 0.591146 0.147917 0.048958 0.052083
0 0.637500 0.345313 0.052083 0.030208
0 0.476042 0.774479 0.018750 0.038542
0 0.654167 0.207292 0.043750 0.045833
0 0.366146 0.482812 0.032292 0.044792
0 0.786458 0.552604 0.043750 0.028125
0 0.909375 0.583854 0.027083 0.040625
0 0.808333 0.619792 0.031250 0.037500
0 0.209375 0.568750 0.033333 0.016667
0 0.555729 0.845833 0.023958 0.043750
0 0.495312 0.775521 0.026042 0.040625
0 0.879687 0.654687 0.040625 0.030208
0 0.666667 0.728646 0.050000 0.040625
0 0.662500 0.817708 0.037500 0.041667
0 0.085417 0.860417 0.037500 0.033333
0 0.471875 0.131250 0.029167 0.037500
0 0.377083 0.544792 0.039583 0.020833
0 0.565625 0.229167 0.037500 0.041667
0 0.431250 0.525000 0.045833 0.031250
0 0.379688 0.776042 0.021875 0.041667
0 0.830729 0.095833 0.026042 0.047917
0 0.341146 0.485938 0.034375 0.040625
0 0.699479 0.075521 0.040625 0.019792
0 0.458854 0.920312 0.026042 0.040625
0 0.388542 0.804167 0.045833 0.043750
0 0.728646 0.283333 0.028125 0.039583
0 0.580729 0.835417 0.051042 0.031250
0 0.712500 0.363542 0.041667 0.047917
0 0.405729 0.700000 0.026042 0.041667
0 0.083333 0.352083 0.029167 0.041667
0 0.273438 0.652604 0.040625 0.038542
0 0.293750 0.234896 0.043750 0.048958
0 0.725000 0.835417 0.041667 0.052083
0 0.575000 0.705208 0.043750 0.052083
0 0.411979 0.855729 0.023958 0.042708
0 0.384896 0.076563 0.042708 0.044792
0 0.560417 0.754687 0.045833 0.032292
0 0.479167 0.923958 0.039583 0.041667
0 0.181250 0.760417 0.037500 0.035417
0 0.691667 0.761979 0.050000 0.034375
0 0.829167 0.298438 0.043750 0.042708
0 0.553646 0.240625 0.038542 0.047917
0 0.192708 0.393750 0.047917 0.027083
0 0.200000 0.305729 0.039583 0.038542
0 0.654167 0.674479 0.045833 0.055208
0 0.416146 0.529687 0.044792 0.032292
0 0.153125 0.321875 0.035417 0.047917
0 0.561458 0.213542 0.035417 0.037500
0 0.786979 0.568750 0.019792 0.039583
0 0.479167 0.246875 0.031250 0.050000
0 0.486458 0.497396 0.035417 0.053125
0 0.111458 0.115625 0.029167 0.037500
0 0.611458 0.105729 0.037500 0.048958
0 0.894271 0.227604 0.036458 0.055208
0 0.179167 0.175000 0.047917 0.050000
0 0.559896 0.958333 0.048958 0.035417
0 0.685417 0.289583 0.037500 0.033333
0 0.933854 0.417708 0.019792 0.035417
0 0.938542 0.305729 0.045833 0.048958
0 0.268750 0.614062 0.031250 0.048958
0 0.464583 0.764062 0.050000 0.040625
0 0.771354 0.493229 0.040625 0.038542
0 0.643229 0.161979 0.048958 0.048958
0 0.667708 0.295833 0.035417 0.047917
0 0.135417 0.191667 0.037500 0.025000
0 0.262500 0.557292 0.045833 0.022917
0 0.784896 0.749479 0.038542 0.051042
0 0.301042 0.876042 0.043750 0.035417
0 0.885417 0.849479 0.050000 0.028125
0 0.261979 0.377604 0.040625 0.030208
0 0.901563 0.867188 0.030208 0.048958
0 0.786979 0.397917 0.042708 0.037500
0 0.107813 0.533333 0.032292 0.039583
0 0.420312 0.168229 0.026042 0.040625
0 0.279687 0.208333 0.053125 0.043750
0 0.848437 0.891146 0.040625 0.028125
0 0.322396 0.623958 0.038542 0.047917
0 0.704688 0.504687 0.032292 0.046875
0 0.581250 0.686979 0.054167 0.046875
0 0.215625 0.269792 0.022917 0.043750
0 0.483333 0.200521 0.025000 0.046875
0 0.139063 0.813542 0.053125 0.035417
0 0.125521 0.845833 0.051042 0.031250
0 0.582812 0.498437 0.026042 0.040625
0 0.554688 0.515625 0.032292 0.039583
0 0.263021 0.645833 0.053125 0.043750
0 0.616146 0.613542 0.032292 0.047917
0 0.675521 0.359896 0.038542 0.051042
0 0.873958 0.093229 0.039583 0.034375
0 0.716146 0.316146 0.032292 0.053125
0 0.851562 0.107292 0.034375 0.043750
0 0.736979 0.111458 0.038542 0.031250
0 0.823958 0.430208 0.022917 0.037500
0 0.165625 0.719792 0.029167 0.041667
0 0.567187 0.266667 0.030208 0.039583
0 0.362500 0.208333 0.052083 0.039583
0 0.411979 0.501563 0.048958 0.046875
0 0.557813 0.542188 0.046875 0.032292
0 0.434375 0.800000 0.052083 0.047917
0 0.267188 0.415104 0.040625 0.044792
0 0.948438 0.391146 0.019792 0.038542
0 0.740104 0.079167 0.046875 0.043750
0 0.260937 0.518750 0.048958 0.041667
0 0.414062 0.548438 0.053125 0.032292
0 0.705729 0.855208 0.053125 0.047917
0 0.516667 0.331250 0.035417 0.037500
0 0.874479 0.236458 0.051042 0.033333
0 0.889583 0.338542 0.031250 0.041667
0 0.233333 0.390104 0.022917 0.038542
0 0.927604 0.120833 0.048958 0.037500
0 0.307812 0.753646 0.055208 0.044792
0 0.780729 0.638021 0.040625 0.034375
0 0.865104 0.375521 0.051042 0.042708
0 0.527083 0.828125 0.035417 0.018750
0 0.327604 0.181771 0.040625 0.055208
0 0.900521 0.196354 0.051042 0.038542
0 0.139583 0.925521 0.037500 0.019792
0 0.281250 0.367708 0.035417 0.052083
0 0.604167 0.641667 0.043750 0.035417
0 0.429167 0.352083 0.047917 0.035417
0 0.241146 0.184375 0.028125 0.039583
0 0.211979 0.682292 0.051042 0.033333
0 0.348958 0.528125 0.031250 0.045833
0 0.752604 0.882292 0.051042 0.050000
0 0.513021 0.321354 0.036458 0.040625
0 0.086979 0.197396 0.036458 0.051042
0 0.087500 0.105208 0.037500 0.031250
0 0.647396 0.260937 0.044792 0.040625
0 0.396354 0.673958 0.040625 0.020833
0 0.144271 0.494792 0.038542 0.029167
0 0.810937 0.569792 0.053125 0.045833
0 0.615104 0.869792 0.046875 0.043750
0 0.290104 0.755208 0.048958 0.041667
0 0.330729 0.218229 0.048958 0.046875
0 0.465625 0.290625 0.047917 0.035417
0 0.295833 0.427083 0.047917 0.041667
0 0.584896 0.443750 0.028125 0.050000
0 0.553125 0.310937 0.045833 0.028125
0 0.629167 0.679688 0.047917 0.030208
0 0.696354 0.704167 0.038542 0.052083
0 0.719792 0.371875 0.041667 0.025000
0 0.231771 0.475521 0.044792 0.030208
0 0.764583 0.845833 0.027083 0.037500
0 0.531250 0.128125 0.052083 0.041667
0 0.595833 0.195312 0.041667 0.032292
0 0.400521 0.304688 0.036458 0.046875
0 0.224479 0.580729 0.030208 0.044792
0 0.196875 0.893750 0.045833 0.027083
0 0.141667 0.086979 0.031250 0.051042
0 0.272917 0.741667 0.029167 0.045833
0 0.433333 0.441667 0.043750 0.045833
0 0.548958 0.143750 0.043750 0.025000
0 0.573438 0.122917 0.051042 0.047917
0 0.911458 0.492708 0.047917 0.025000
0 0.771354 0.561979 0.051042 0.040625
0 0.732812 0.636979 0.038542 0.019792
0 0.649479 0.648958 0.042708 0.027083
0 0.724479 0.126042 0.030208 0.039583
0 0.809896 0.955208 0.048958 0.052083
0 0.837500 0.261458 0.037500 0.041667
0 0.290625 0.851042 0.029167 0.037500
0 0.529167 0.481250 0.020833 0.039583
0 0.281250 0.640104 0.031250 0.044792
0 0.898958 0.365625 0.035417 0.047917
0 0.810417 0.881771 0.037500 0.019792
0 0.684375 0.717187 0.045833 0.036458
0 0.506771 0.654687 0.048958 0.046875
0 0.854167 0.776563 0.035417 0.044792
0 0.701562 0.477083 0.053125 0.039583
0 0.139583 0.965104 0.035417 0.044792
0 0.495833 0.253646 0.052083 0.051042
0 0.231771 0.756771 0.046875 0.036458
0 0.694792 0.819792 0.037500 0.033333
0 0.946354 0.344271 0.044792 0.051042
0 0.359896 0.935937 0.028125 0.044792
0 0.555729 0.207813 0.053125 0.051042
0 0.184375 0.948438 0.050000 0.053125
0 0.897396 0.133854 0.051042 0.040625
0 0.359896 0.531771 0.040625 0.032292
0 0.409375 0.942187 0.043750 0.042708
0 0.950000 0.217188 0.054167 0.040625
0 0.389583 0.573958 0.037500 0.022917
0 0.512500 0.853125 0.031250 0.037500
0 0.836458 0.110937 0.037500 0.053125
0 0.925000 0.802604 0.054167 0.038542
0 0.355208 0.523958 0.025000 0.041667
0 0.345833 0.552604 0.043750 0.048958
0 0.165625 0.943229 0.037500 0.044792
0 0.360938 0.847396 0.053125 0.051042
0 0.096354 0.933333 0.038542 0.027083
0 0.433333 0.349479 0.043750 0.030208
0 0.070833 0.270833 0.031250 0.045833
0 0.105729 0.313542 0.036458 0.043750
0 0.717708 0.572917 0.035417 0.037500
0 0.346354 0.488542 0.036458 0.037500
0 0.101042 0.951562 0.043750 0.030208
0 0.391667 0.927083 0.041667 0.039583
0 0.643750 0.428125 0.047917 0.039583
0 0.825521 0.341667 0.040625 0.043750
0 0.640625 0.332813 0.041667 0.021875
0 0.423438 0.238542 0.038542 0.047917
0 0.144792 0.334896 0.025000 0.046875
0 0.321875 0.816146 0.035417 0.053125
0 0.850521 0.254688 0.044792 0.042708
0 0.077604 0.632812 0.044792 0.028125
0 0.789062 0.531250 0.044792 0.037500
0 0.432812 0.080729 0.040625 0.036458
0 0.496354 0.773958 0.051042 0.050000
0 0.279167 0.484896 0.041667 0.044792
0 0.324479 0.216667 0.038542 0.043750
0 0.373958 0.851562 0.035417 0.053125
0 0.448437 0.199479 0.053125 0.051042
0 0.834896 0.917188 0.040625 0.028125
0 0.175521 0.436979 0.042708 0.044792
0 0.525521 0.186979 0.040625 0.051042
0 0.332292 0.190625 0.031250 0.041667
0 0.160938 0.082812 0.042708 0.023958
0 0.640104 0.580208 0.053125 0.045833
0 0.258333 0.948958 0.041667 0.029167
0 0.942708 0.556771 0.045833 0.048958
0 0.397396 0.339583 0.044792 0.047917
0 0.696354 0.278646 0.036458 0.040625
0 0.889583 0.355208 0.041667 0.020833
0 0.552083 0.786458 0.027083 0.041667
0 0.179688 0.234896 0.053125 0.053125
0 0.775000 0.851042 0.039583 0.047917
0 0.934896 0.590625 0.046875 0.031250
0 0.153125 0.238021 0.047917 0.023958
0 0.677083 0.338542 0.035417 0.052083
0 0.536458 0.871354 0.045833 0.032292
0 0.346875 0.278646 0.025000 0.038542
0 0.959375 0.450000 0.033333 0.043750
0 0.154167 0.776563 0.035417 0.053125
0 0.225521 0.122917 0.046875 0.043750
0 0.570312 0.931771 0.053125 0.053125
0 0.743229 0.614583 0.032292 0.039583
0 0.883854 0.442188 0.051042 0.053125
0 0.430208 0.397396 0.041667 0.044792
0 0.857812 0.461458 0.026042 0.039583
0 0.284896 0.368229 0.023958 0.046875
0 0.509375 0.402083 0.043750 0.025000
0 0.094271 0.695312 0.026042 0.044792
0 0.421875 0.370833 0.045833 0.029167
0 0.492708 0.583854 0.043750 0.040625
0 0.913542 0.663021 0.050000 0.053125
0 0.312500 0.467187 0.047917 0.030208
0 0.623958 0.316146 0.050000 0.040625
0 0.746875 0.305729 0.039583 0.026042
0 0.695833 0.242188 0.052083 0.034375
0 0.468750 0.322396 0.025000 0.046875
0 0.633333 0.490104 0.029167 0.040625
0 0.407292 0.919271 0.025000 0.038542
0 0.955729 0.111979 0.053125 0.051042
0 0.457813 0.413542 0.038542 0.027083
0 0.763021 0.894792 0.026042 0.045833
0 0.913542 0.125521 0.054167 0.044792
0 0.750521 0.939063 0.040625 0.055208
0 0.118229 0.583854 0.055208 0.042708
0 0.307292 0.483854 0.039583 0.028125
0 0.766667 0.476042 0.043750 0.045833
0 0.839583 0.581250 0.029167 0.037500
0 0.720833 0.747917 0.045833 0.052083
0 0.090625 0.817187 0.033333 0.048958
0 0.220833 0.126042 0.047917 0.039583
0 0.086979 0.173437 0.044792 0.040625
0 0.676562 0.804688 0.048958 0.028125
0 0.858333 0.076563 0.039583 0.034375
0 0.135417 0.616146 0.039583 0.028125
0 0.616667 0.739583 0.050000 0.033333
0 0.347396 0.542708 0.053125 0.041667
0 0.966667 0.790625 0.041667 0.052083
0 0.681250 0.335938 0.045833 0.026042
0 0.956771 0.322396 0.026042 0.044792
0 0.601042 0.704167 0.052083 0.037500
0 0.481771 0.876042 0.028125 0.050000
0 0.623958 0.461458 0.037500 0.033333
0 0.420833 0.953646 0.037500 0.021875
0 0.697917 0.639583 0.033333 0.037500
0 0.697917 0.234375 0.047917 0.052083
0 0.884896 0.118229 0.053125 0.051042
0 0.606771 0.373958 0.042708 0.047917
0 0.280729 0.429688 0.046875 0.032292
0 0.164583 0.179167 0.039583 0.022917
0 0.720313 0.306771 0.055208 0.051042
0 0.089063 0.388542 0.048958 0.050000
0 0.495312 0.130729 0.046875 0.023958
0 0.835417 0.400000 0.041667 0.047917
0 0.546875 0.777083 0.050000 0.033333
0 0.935937 0.753646 0.048958 0.032292
0 0.158854 0.241146 0.044792 0.040625
0 0.772917 0.331250 0.043750 0.025000
0 0.560937 0.893750 0.040625 0.041667