0 0.786979 0.715625 0.026042 0.047917
0 0.110417 0.498437 0.041667 0.044792
0 0.389062 0.407813 0.032292 0.046875
0 0.775521 0.876563 0.028125 0.040625
0 0.720833 0.702604 0.047917 0.030208
0 0.734375 0.546875 0.037500 0.022917
0 0.943750 0.405729 0.029167 0.044792
0 0.207292 0.884375 0.045833 0.045833
0 0.709375 0.728125 0.043750 0.045833
0 0.583333 0.847917 0.047917 0.033333
0 0.623958 0.226562 0.045833 0.038542
0 0.471875 0.593750 0.045833 0.043750
0 0.252604 0.266146 0.046875 0.038542
0 0.173437 0.922396 0.053125 0.053125
0 0.217188 0.396354 0.032292 0.044792
0 0.843229 0.379167 0.042708 0.027083
0 0.656771 0.815104 0.040625 0.030208
0 0.207292 0.366146 0.025000 0.048958
0 0.607812 0.876042 0.053125 0.045833
0 0.923438 0.147396 0.044792 0.042708
0 0.278646 0.521875 0.036458 0.020833
0 0.226562 0.114583 0.036458 0.047917
0 0.801562 0.416667 0.044792 0.054167
0 0.220312 0.125521 0.044792 0.042708
0 0.794792 0.085417 0.025000 0.037500
0 0.568229 0.120833 0.038542 0.035417
0 0.343229 0.917708 0.051042 0.029167
0 0.839583 0.160938 0.052083 0.051042
0 0.683854 0.771875 0.046875 0.043750
0 0.730729 0.370312 0.055208 0.040625
0 0.577083 0.811979 0.027083 0.042708
0 0.390625 0.227604 0.037500 0.044792
0 0.216146 0.396354 0.051042 0.040625
0 0.944792 0.504167 0.047917 0.025000
0 0.457813 0.308333 0.036458 0.047917
0 0.386458 0.812500 0.033333 0.037500
0 0.235937 0.189583 0.026042 0.037500
0 0.576042 0.168229 0.039583 0.023958
0 0.364583 0.680208 0.041667 0.029167
0 0.581250 0.413021 0.043750 0.021875
0 0.193229 0.848437 0.055208 0.038542
0 0.723958 0.963542 0.035417 0.047917
0 0.545312 0.171875 0.034375 0.039583
0 0.452083 0.953125 0.035417 0.047917
0 0.253125 0.087500 0.052083 0.043750
0 0.398438 0.192188 0.040625 0.051042
0 0.299479 0.095833 0.044792 0.025000
0 0.128125 0.677083 0.043750 0.031250
0 0.386979 0.121354 0.038542 0.023958
0 0.898438 0.077604 0.036458 0.046875
0 0.286458 0.950521 0.054167 0.040625
0 0.931771 0.530208 0.042708 0.047917
0 0.219792 0.845313 0.039583 0.048958
0 0.475521 0.879167 0.034375 0.043750
0 0.647917 0.682813 0.033333 0.053125
0 0.206771 0.096354 0.055208 0.042708
0 0.890104 0.641667 0.026042 0.045833
0 0.664062 0.614583 0.046875 0.031250
0 0.527083 0.909896 0.037500 0.048958
0 0.661458 0.380729 0.045833 0.038542
0 0.234896 0.082812 0.030208 0.044792
0 0.446875 0.450000 0.043750 0.045833
0 0.588021 0.270313 0.023958 0.038542
0 0.958333 0.442188 0.020833 0.040625
0 0.863021 0.422917 0.042708 0.031250
0 0.684896 0.785937 0.055208 0.048958
0 0.921875 0.768750 0.035417 0.018750
0 0.721875 0.505208 0.047917 0.039583
0 0.221875 0.700000 0.041667 0.031250
0 0.950521 0.592187 0.053125 0.053125
0 0.164583 0.723437 0.031250 0.044792
0 0.304688 0.629687 0.048958 0.055208
0 0.170313 0.758333 0.038542 0.033333
0 0.886458 0.175521 0.039583 0.036458
0 0.210417 0.136458 0.035417 0.020833
0 0.888542 0.242188 0.054167 0.042708
0 0.626042 0.394792 0.037500 0.035417
0 0.244792 0.609896 0.027083 0.046875
0 0.107813 0.651563 0.026042 0.040625
0 0.699479 0.834375 0.048958 0.052083
0 0.960417 0.606771 0.039583 0.038542
0 0.147917 0.472917 0.031250 0.045833
0 0.773958 0.104688 0.039583 0.026042
0 0.880729 0.866667 0.038542 0.027083
0 0.433333 0.524479 0.047917 0.030208
0 0.911979 0.597396 0.053125 0.053125
0 0.551042 0.642188 0.041667 0.055208
0 0.288021 0.264583 0.044792 0.047917
0 0.498437 0.475521 0.051042 0.040625
0 0.936979 0.470313 0.051042 0.044792
0 0.498958 0.109375 0.025000 0.041667
0 0.333854 0.566667 0.042708 0.033333
0 0.161458 0.583333 0.037500 0.035417
0 0.123438 0.098437 0.038542 0.051042
0 0.432812 0.375521 0.044792 0.040625
0 0.718750 0.102083 0.043750 0.033333
0 0.569271 0.899479 0.042708 0.023958
0 0.466667 0.520312 0.035417 0.040625
0 0.395833 0.258854 0.050000 0.038542
0 0.084375 0.866146 0.054167 0.046875
0 0.249479 0.901042 0.036458 0.018750
0 0.553125 0.085938 0.039583 0.030208
0 0.436458 0.877604 0.037500 0.038542
0 0.578646 0.538542 0.036458 0.018750
0 0.959896 0.182292 0.044792 0.033333
0 0.675521 0.955729 0.030208 0.053125
0 0.695312 0.915625 0.042708 0.047917
0 0.095833 0.392708 0.018750 0.037500
0 0.416667 0.423438 0.020833 0.038542
0 0.548958 0.693750 0.041667 0.039583
0 0.073958 0.220312 0.037500 0.038542
0 0.770312 0.964063 0.051042 0.034375
0 0.647396 0.658333 0.053125 0.037500
0 0.878125 0.750000 0.041667 0.020833
0 0.561979 0.934896 0.023958 0.046875
0 0.744271 0.201563 0.051042 0.028125
0 0.850521 0.393229 0.048958 0.046875
0 0.692708 0.689063 0.033333 0.044792
0 0.118229 0.433333 0.038542 0.022917
0 0.720313 0.235937 0.053125 0.034375
0 0.280729 0.468750 0.034375 0.043750
0 0.559375 0.786458 0.041667 0.052083
0 0.933854 0.559896 0.036458 0.040625
0 0.318229 0.664583 0.048958 0.035417
0 0.387500 0.643750 0.047917 0.039583
0 0.432292 0.342708 0.031250 0.041667
0 0.695833 0.832812 0.043750 0.040625
0 0.381250 0.585938 0.037500 0.053125
0 0.510938 0.415104 0.051042 0.040625
0 0.313021 0.326562 0.028125 0.044792
0 0.693229 0.563542 0.028125 0.045833
0 0.640104 0.489583 0.044792 0.052083
0 0.491146 0.889062 0.051042 0.028125
0 0.648958 0.897396 0.039583 0.030208
0 0.762500 0.676562 0.045833 0.040625
0 0.701562 0.646875 0.048958 0.027083
0 0.926562 0.803646 0.019792 0.038542
0 0.343750 0.213021 0.035417 0.044792
0 0.529167 0.429167 0.027083 0.043750
0 0.687500 0.808333 0.039583 0.047917
0 0.585417 0.472396 0.022917 0.038542
0 0.951042 0.631250 0.035417 0.037500
0 0.522917 0.809375 0.035417 0.037500
0 0.732292 0.615625 0.050000 0.050000
0 0.122396 0.920833 0.053125 0.035417
0 0.870313 0.393229 0.048958 0.046875
0 0.915625 0.264583 0.033333 0.037500
0 0.626563 0.362500 0.032292 0.039583
0 0.184896 0.407292 0.042708 0.037500
0 0.211979 0.280729 0.023958 0.042708
0 0.809375 0.471354 0.039583 0.028125
0 0.293750 0.447917 0.039583 0.047917
0 0.207813 0.360417 0.042708 0.027083
0 0.316146 0.526042 0.034375 0.047917
0 0.783854 0.200521 0.036458 0.017708
0 0.643229 0.269271 0.038542 0.051042
0 0.151562 0.417708 0.053125 0.041667
0 0.213021 0.521875 0.053125 0.045833
0 0.105208 0.120313 0.045833 0.028125
0 0.078125 0.463021 0.037500 0.021875
0 0.271875 0.889062 0.043750 0.040625
0 0.156771 0.158333 0.046875 0.027083
0 0.813542 0.478125 0.035417 0.037500
0 0.070312 0.192708 0.036458 0.037500
0 0.185417 0.963542 0.045833 0.043750
0 0.903646 0.101042 0.042708 0.039583
0 0.909896 0.152604 0.053125 0.030208
0 0.908854 0.698438 0.040625 0.044792
0 0.726042 0.078646 0.039583 0.023958
0 0.184375 0.631250 0.045833 0.045833
0 0.639062 0.258854 0.028125 0.048958
0 0.470313 0.393750 0.046875 0.045833
0 0.485417 0.798958 0.041667 0.029167
0 0.273438 0.894271 0.038542 0.040625
0 0.209896 0.873437 0.046875 0.038542
0 0.100521 0.185417 0.048958 0.052083
0 0.323958 0.422396 0.054167 0.042708
0 0.884375 0.485938 0.043750 0.048958
0 0.761458 0.122917 0.035417 0.018750
0 0.083333 0.501042 0.037500 0.035417
0 0.302604 0.784896 0.046875 0.048958
0 0.840104 0.303125 0.028125 0.039583
0 0.698438 0.314583 0.048958 0.033333
0 0.832292 0.307292 0.035417 0.020833
0 0.258854 0.198437 0.053125 0.053125
0 0.376563 0.125521 0.053125 0.051042
0 0.622917 0.136979 0.031250 0.048958
0 0.476042 0.536458 0.033333 0.037500
0 0.460938 0.353646 0.038542 0.038542
0 0.139063 0.885938 0.030208 0.040625
0 0.436979 0.838542 0.046875 0.052083
0 0.770833 0.275000 0.039583 0.047917
0 0.825000 0.293750 0.035417 0.037500
0 0.752604 0.430729 0.021875 0.038542
0 0.200521 0.832292 0.023958 0.037500
0 0.843229 0.888021 0.053125 0.030208
0 0.444271 0.732292 0.036458 0.020833
0 0.620313 0.745313 0.044792 0.026042
0 0.453646 0.665104 0.053125 0.034375
0 0.741667 0.443750 0.033333 0.037500
0 0.943229 0.477083 0.026042 0.039583
0 0.093229 0.656771 0.032292 0.046875
0 0.789583 0.689063 0.050000 0.038542
0 0.086458 0.797917 0.035417 0.047917
0 0.402604 0.439063 0.034375 0.046875
0 0.486458 0.511979 0.050000 0.028125
0 0.611458 0.542188 0.039583 0.032292
0 0.465625 0.833333 0.045833 0.031250
0 0.502083 0.358854 0.043750 0.040625
0 0.675000 0.450521 0.047917 0.046875
0 0.571875 0.913021 0.039583 0.036458
0 0.695833 0.447396 0.045833 0.032292
0 0.876042 0.360417 0.043750 0.052083
0 0.258854 0.100000 0.038542 0.035417
0 0.315625 0.440625 0.047917 0.037500
0 0.735417 0.133854 0.039583 0.028125
0 0.344271 0.678125 0.036458 0.037500
0 0.792708 0.925000 0.031250 0.037500
0 0.282292 0.397917 0.025000 0.037500
0 0.830208 0.418750 0.050000 0.033333
0 0.345833 0.878646 0.054167 0.040625
0 0.140104 0.752604 0.036458 0.046875
0 0.802083 0.309375 0.018750 0.035417
0 0.697396 0.141146 0.044792 0.051042
0 0.745313 0.447396 0.051042 0.028125
0 0.395313 0.644271 0.040625 0.034375
0 0.683333 0.835938 0.031250 0.048958
0 0.283333 0.594271 0.054167 0.048958
0 0.621354 0.514583 0.048958 0.033333
0 0.533854 0.877083 0.028125 0.045833
0 0.236979 0.808333 0.021875 0.039583
0 0.540625 0.429167 0.050000 0.050000
0 0.791667 0.177604 0.045833 0.055208
0 0.150521 0.158854 0.028125 0.040625
0 0.366146 0.875000 0.046875 0.027083
0 0.423958 0.661979 0.050000 0.026042
0 0.480729 0.734375 0.053125 0.039583
0 0.140625 0.963021 0.025000 0.044792
0 0.967187 0.280729 0.048958 0.032292
0 0.775000 0.783333 0.037500 0.035417
0 0.221875 0.576042 0.043750 0.033333
0 0.323958 0.460417 0.052083 0.037500
0 0.939583 0.358333 0.052083 0.037500
0 0.780729 0.282292 0.034375 0.047917
0 0.468750 0.731250 0.047917 0.027083
0 0.238542 0.701562 0.025000 0.042708
0 0.592708 0.697396 0.054167 0.036458
0 0.214062 0.210417 0.042708 0.039583
0 0.332292 0.972396 0.031250 0.048958
0 0.579688 0.516667 0.044792 0.052083
0 0.151042 0.613021 0.045833 0.038542
0 0.277604 0.310937 0.038542 0.040625
0 0.865104 0.238542 0.038542 0.043750
0 0.917188 0.668229 0.055208 0.038542
0 0.279687 0.496875 0.036458 0.037500
0 0.450521 0.278646 0.040625 0.036458
0 0.259375 0.905729 0.035417 0.053125
0 0.794792 0.129167 0.029167 0.037500
0 0.598437 0.534375 0.019792 0.039583
0 0.295833 0.111979 0.041667 0.021875
0 0.268229 0.205208 0.021875 0.043750
0 0.955729 0.808333 0.034375 0.037500
0 0.469271 0.652604 0.040625 0.038542
0 0.660937 0.357812 0.044792 0.032292
0 0.542708 0.594271 0.039583 0.023958
0 0.920833 0.523438 0.035417 0.048958
0 0.956771 0.231771 0.048958 0.032292
0 0.943229 0.079167 0.042708 0.054167
0 0.878646 0.245833 0.038542 0.029167
0 0.220833 0.788542 0.037500 0.031250
0 0.718229 0.751042 0.051042 0.050000
0 0.783854 0.777083 0.046875 0.029167
0 0.780208 0.539583 0.033333 0.043750
0 0.254167 0.505729 0.031250 0.040625
0 0.487500 0.526042 0.052083 0.045833
0 0.313542 0.647917 0.027083 0.041667
0 0.088542 0.893229 0.029167 0.040625
0 0.942708 0.675521 0.050000 0.042708
0 0.279687 0.335938 0.048958 0.046875
0 0.284896 0.930729 0.053125 0.030208
0 0.733854 0.500000 0.040625 0.041667
0 0.885938 0.829688 0.055208 0.042708
0 0.644792 0.410417 0.052083 0.039583
0 0.818750 0.314583 0.043750 0.045833
0 0.573958 0.340625 0.043750 0.035417
0 0.647917 0.490625 0.027083 0.045833
0 0.585938 0.716146 0.048958 0.046875
0 0.804167 0.133333 0.033333 0.052083
0 0.316146 0.201042 0.042708 0.047917
0 0.518229 0.451562 0.023958 0.038542
0 0.116667 0.536458 0.027083 0.041667
0 0.404687 0.529167 0.044792 0.025000
0 0.680208 0.834375 0.027083 0.047917
0 0.693750 0.839063 0.054167 0.040625
0 0.231771 0.218229 0.040625 0.051042
0 0.190625 0.634375 0.035417 0.037500
0 0.457292 0.741146 0.039583 0.038542
0 0.657292 0.178646 0.039583 0.030208
0 0.751563 0.873958 0.038542 0.029167
0 0.813542 0.828646 0.050000 0.028125
0 0.295312 0.111458 0.034375 0.043750
0 0.290625 0.961458 0.039583 0.052083
0 0.954688 0.355208 0.038542 0.035417
0 0.204167 0.522917 0.031250 0.037500
0 0.680729 0.134896 0.040625 0.051042
0 0.473438 0.181250 0.044792 0.045833
0 0.391146 0.802604 0.019792 0.038542
0 0.584896 0.227083 0.051042 0.050000
0 0.246875 0.165625 0.039583 0.047917
0 0.504687 0.576562 0.048958 0.046875
0 0.157812 0.905729 0.038542 0.040625
0 0.476042 0.845833 0.045833 0.027083
0 0.264583 0.098437 0.039583 0.023958
0 0.251563 0.331250 0.023958 0.041667
0 0.660937 0.363542 0.044792 0.047917
0 0.432292 0.944271 0.020833 0.036458
0 0.873437 0.405208 0.028125 0.045833
0 0.163542 0.360938 0.033333 0.040625
0 0.646354 0.828646 0.042708 0.051042
0 0.279167 0.126042 0.043750 0.045833
0 0.545833 0.206250 0.029167 0.037500
0 0.610938 0.404167 0.044792 0.047917
0 0.880729 0.757292 0.026042 0.039583
0 0.555729 0.668229 0.036458 0.040625
0 0.818229 0.245312 0.048958 0.046875
0 0.472917 0.772396 0.031250 0.048958
0 0.580729 0.853125 0.042708 0.037500
0 0.918750 0.403125 0.047917 0.050000
0 0.261979 0.141146 0.023958 0.040625
0 0.776563 0.846354 0.055208 0.040625
0 0.809375 0.500000 0.039583 0.041667
0 0.342708 0.351562 0.041667 0.055208
0 0.739583 0.942187 0.029167 0.044792
0 0.607292 0.947917 0.033333 0.043750
0 0.925521 0.615104 0.023958 0.040625
0 0.621354 0.904687 0.051042 0.044792
0 0.581250 0.181771 0.039583 0.036458
0 0.908854 0.222917 0.021875 0.037500
0 0.872917 0.584375 0.035417 0.020833
0 0.492188 0.227083 0.051042 0.050000
0 0.631771 0.124479 0.038542 0.038542
0 0.220312 0.340104 0.055208 0.051042
0 0.953646 0.950521 0.051042 0.040625
0 0.433333 0.118229 0.041667 0.055208
0 0.746875 0.711458 0.043750 0.045833
0 0.589063 0.228125 0.038542 0.027083
0 0.915625 0.534375 0.043750 0.033333
0 0.397396 0.230729 0.044792 0.026042
0 0.255729 0.197917 0.042708 0.039583
0 0.507292 0.095833 0.047917 0.041667
0 0.260417 0.456250 0.047917 0.027083
0 0.535937 0.168750 0.042708 0.033333
0 0.802604 0.457292 0.038542 0.037500
0 0.782292 0.423438 0.041667 0.044792
0 0.957812 0.161979 0.032292 0.044792
0 0.351042 0.799479 0.039583 0.030208
0 0.455208 0.492708 0.043750 0.033333
0 0.773438 0.428646 0.042708 0.055208
0 0.444792 0.949479 0.054167 0.038542
0 0.348958 0.383333 0.025000 0.041667
0 0.593229 0.116146 0.046875 0.048958
0 0.232292 0.159375 0.035417 0.052083
0 0.829167 0.667708 0.052083 0.041667
0 0.860417 0.400000 0.025000 0.047917
0 0.738542 0.658854 0.025000 0.048958
0 0.576042 0.838021 0.039583 0.044792
0 0.861458 0.780729 0.043750 0.030208
0 0.491146 0.684896 0.046875 0.036458
0 0.917188 0.643229 0.023958 0.042708
0 0.447917 0.652604 0.054167 0.040625
0 0.404167 0.502083 0.043750 0.035417
0 0.914062 0.474479 0.026042 0.040625
0 0.657813 0.583333 0.036458 0.047917
0 0.181250 0.780729 0.050000 0.042708
0 0.215625 0.297917 0.052083 0.037500
0 0.225521 0.556771 0.044792 0.032292
0 0.158333 0.286979 0.045833 0.034375
0 0.768750 0.427604 0.037500 0.021875
0 0.911458 0.391667 0.027083 0.045833
0 0.720833 0.525521 0.039583 0.028125
0 0.831771 0.246354 0.038542 0.055208
0 0.691146 0.725521 0.034375 0.051042
0 0.806250 0.527083 0.022917 0.037500
0 0.749479 0.807813 0.038542 0.046875
0 0.815104 0.504687 0.046875 0.036458
0 0.243750 0.709896 0.050000 0.044792
0 0.633854 0.595833 0.053125 0.047917
0 0.388542 0.777604 0.054167 0.048958
0 0.263021 0.789583 0.036458 0.018750
0 0.435937 0.280208 0.042708 0.039583
0 0.389062 0.587500 0.026042 0.039583
0 0.651563 0.860938 0.051042 0.042708
0 0.801562 0.820833 0.038542 0.043750
0 0.858854 0.178646 0.048958 0.028125
0 0.234896 0.716146 0.038542 0.038542
0 0.517708 0.651042 0.035417 0.037500
0 0.478125 0.142187 0.050000 0.044792
0 0.270833 0.083333 0.041667 0.052083
0 0.616667 0.660417 0.037500 0.041667
0 0.570312 0.371875 0.051042 0.050000
0 0.638542 0.556250 0.035417 0.037500
0 0.836458 0.659896 0.039583 0.026042
0 0.241667 0.788542 0.041667 0.047917
0 0.848958 0.818229 0.035417 0.044792
0 0.283333 0.766667 0.043750 0.022917
0 0.834375 0.486458 0.045833 0.029167
0 0.670312 0.578125 0.051042 0.031250
0 0.264062 0.222917 0.030208 0.050000
0 0.344792 0.875521 0.035417 0.040625
0 0.225000 0.885938 0.054167 0.048958
0 0.901042 0.627083 0.041667 0.039583
0 0.717708 0.276562 0.043750 0.030208
0 0.638542 0.457292 0.041667 0.052083
0 0.306250 0.603646 0.027083 0.046875
0 0.292187 0.529687 0.048958 0.055208
0 0.941146 0.680208 0.042708 0.047917
0 0.845313 0.797396 0.030208 0.048958
0 0.470313 0.524479 0.046875 0.026042
0 0.952604 0.196875 0.048958 0.039583
0 0.845833 0.297917 0.037500 0.027083
0 0.558854 0.257292 0.048958 0.050000
0 0.810937 0.083854 0.044792 0.042708
0 0.633333 0.840104 0.039583 0.053125
0 0.534896 0.689063 0.032292 0.044792
0 0.695312 0.394271 0.038542 0.021875
0 0.162500 0.920833 0.020833 0.039583
0 0.339062 0.250521 0.048958 0.055208
0 0.940104 0.951042 0.051042 0.050000
0 0.895833 0.450521 0.039583 0.030208
0 0.928646 0.932813 0.046875 0.040625
0 0.097917 0.221875 0.050000 0.031250
0 0.325000 0.606250 0.043750 0.033333
0 0.217708 0.113542 0.047917 0.027083
0 0.720833 0.101042 0.037500 0.027083
0 0.383854 0.509896 0.042708 0.051042
0 0.235417 0.746354 0.037500 0.053125
0 0.867188 0.718750 0.036458 0.020833
0 0.283854 0.340625 0.048958 0.037500
0 0.334896 0.141146 0.051042 0.038542
0 0.171354 0.624479 0.034375 0.040625
0 0.313021 0.405729 0.034375 0.046875
0 0.303125 0.343750 0.037500 0.029167
0 0.232292 0.336458 0.022917 0.039583
0 0.358333 0.509896 0.037500 0.040625
0 0.403646 0.665104 0.051042 0.053125
0 0.075000 0.924479 0.045833 0.032292
0 0.523438 0.681771 0.040625 0.026042
0 0.368750 0.617188 0.041667 0.044792
0 0.874479 0.545833 0.036458 0.037500
0 0.901563 0.509375 0.042708 0.039583
0 0.077083 0.170833 0.043750 0.031250
0 0.845313 0.648958 0.032292 0.043750
0 0.200521 0.223438 0.021875 0.038542
0 0.723437 0.810937 0.026042 0.046875
0 0.252083 0.644271 0.052083 0.034375
0 0.966146 0.688021 0.038542 0.040625
0 0.913021 0.926042 0.036458 0.047917
0 0.943750 0.914062 0.037500 0.038542
0 0.765625 0.866667 0.050000 0.033333
0 0.181771 0.337500 0.021875 0.037500
0 0.379167 0.460417 0.033333 0.043750
0 0.286458 0.513021 0.020833 0.040625
0 0.851042 0.853125 0.037500 0.025000
0 0.874479 0.798438 0.055208 0.048958
0 0.474479 0.226562 0.040625 0.051042
0 0.674479 0.461979 0.048958 0.034375
0 0.393229 0.744792 0.038542 0.022917
0 0.314063 0.879167 0.021875 0.037500
0 0.157812 0.172917 0.036458 0.037500
0 0.415625 0.693750 0.043750 0.025000
0 0.665104 0.643750 0.032292 0.047917
0 0.938542 0.757292 0.022917 0.035417
0 0.326042 0.514062 0.039583 0.038542
0 0.158333 0.403646 0.045833 0.034375
0 0.215104 0.812500 0.038542 0.035417
0 0.869271 0.445833 0.053125 0.047917
0 0.798438 0.907292 0.032292 0.043750
0 0.780729 0.488542 0.030208 0.043750
0 0.756771 0.891146 0.042708 0.044792
0 0.241146 0.095312 0.051042 0.044792
0 0.445312 0.761458 0.026042 0.037500
0 0.757812 0.503646 0.055208 0.044792
0 0.670833 0.911979 0.045833 0.048958
0 0.952083 0.841146 0.050000 0.042708
0 0.316667 0.858854 0.045833 0.048958
0 0.847917 0.606771 0.041667 0.023958
0 0.134375 0.463021 0.037500 0.038542
0 0.207813 0.873437 0.051042 0.028125
0 0.133854 0.301042 0.053125 0.041667
0 0.831250 0.434375 0.043750 0.035417
0 0.656250 0.943229 0.054167 0.046875
0 0.210417 0.804688 0.041667 0.044792
0 0.720313 0.751563 0.046875 0.026042
0 0.831771 0.267188 0.044792 0.040625
0 0.390625 0.515104 0.035417 0.040625
0 0.206771 0.310417 0.048958 0.041667
0 0.964063 0.605729 0.032292 0.044792
0 0.469792 0.074479 0.025000 0.042708
0 0.310937 0.543229 0.038542 0.055208
0 0.445312 0.146354 0.036458 0.051042
0 0.386458 0.182812 0.025000 0.038542
0 0.606771 0.947396 0.040625 0.034375
0 0.438021 0.723958 0.042708 0.037500
0 0.446354 0.139063 0.044792 0.028125
0 0.319271 0.718750 0.034375 0.047917
0 0.235937 0.389583 0.053125 0.039583
0 0.963021 0.894792 0.046875 0.043750
0 0.303646 0.537500 0.038542 0.025000
0 0.730208 0.475000 0.041667 0.031250
0 0.443229 0.272917 0.030208 0.050000
0 0.831771 0.553125 0.046875 0.029167
0 0.554688 0.289062 0.019792 0.038542
0 0.377083 0.767188 0.043750 0.040625
0 0.879167 0.866146 0.039583 0.055208
0 0.346354 0.707812 0.044792 0.042708
0 0.891146 0.946875 0.046875 0.052083
0 0.330208 0.588542 0.039583 0.052083
0 0.860417 0.495312 0.047917 0.030208
0 0.859896 0.592187 0.042708 0.051042
0 0.094792 0.437500 0.043750 0.052083
0 0.163542 0.653646 0.054167 0.042708
0 0.155208 0.588021 0.043750 0.055208
0 0.090104 0.543750 0.053125 0.043750
0 0.328125 0.491667 0.043750 0.031250
0 0.707292 0.863542 0.031250 0.037500
0 0.644271 0.764583 0.040625 0.047917
0 0.458854 0.165625 0.038542 0.031250
0 0.136458 0.378125 0.033333 0.043750
0 0.644271 0.806771 0.038542 0.046875
0 0.378646 0.919271 0.040625 0.055208
0 0.217188 0.752604 0.055208 0.044792
0 0.387500 0.172917 0.045833 0.052083
0 0.302604 0.834375 0.034375 0.039583
0 0.717187 0.770312 0.034375 0.046875
0 0.788542 0.132292 0.035417 0.037500
0 0.721354 0.772917 0.038542 0.027083
0 0.939583 0.529687 0.050000 0.053125
0 0.629167 0.359896 0.047917 0.046875
0 0.320312 0.420312 0.036458 0.040625
0 0.302604 0.232813 0.040625 0.051042
0 0.352083 0.940104 0.043750 0.042708
0 0.135937 0.464062 0.051042 0.040625
0 0.102083 0.215104 0.033333 0.048958
0 0.457813 0.942708 0.051042 0.050000
0 0.170833 0.454167 0.035417 0.043750
0 0.443750 0.174479 0.041667 0.048958
0 0.134375 0.692187 0.035417 0.053125
0 0.278646 0.822917 0.042708 0.027083
0 0.496354 0.627083 0.038542 0.018750
0 0.292708 0.961458 0.031250 0.050000
0 0.109375 0.603646 0.045833 0.038542
0 0.563542 0.268750 0.027083 0.037500
0 0.614062 0.296354 0.051042 0.053125
0 0.665104 0.938542 0.021875 0.037500
0 0.905208 0.726562 0.035417 0.017708
0 0.167187 0.767708 0.028125 0.050000
0 0.807292 0.453125 0.052083 0.041667
0 0.313021 0.815104 0.028125 0.040625
0 0.808333 0.699479 0.037500 0.023958
0 0.245833 0.489063 0.052083 0.034375
0 0.520833 0.945833 0.037500 0.025000
0 0.420312 0.146875 0.028125 0.045833
0 0.846875 0.247917 0.031250 0.050000
0 0.258333 0.835938 0.025000 0.046875
0 0.336979 0.488542 0.048958 0.052083
0 0.123958 0.077604 0.025000 0.048958
0 0.297917 0.293229 0.020833 0.036458
0 0.307292 0.290104 0.035417 0.053125
0 0.669792 0.430729 0.045833 0.048958
0 0.576042 0.199479 0.054167 0.046875
0 0.241667 0.326042 0.022917 0.043750
0 0.087500 0.568229 0.039583 0.034375
0 0.589063 0.482812 0.038542 0.038542
0 0.404687 0.713021 0.034375 0.046875
0 0.356250 0.131771 0.054167 0.044792
0 0.169792 0.763542 0.039583 0.022917
0 0.345313 0.097396 0.046875 0.048958
0 0.239583 0.953646 0.043750 0.042708
0 0.652083 0.576042 0.035417 0.037500
0 0.610417 0.870313 0.045833 0.055208
0 0.108333 0.408854 0.047917 0.030208
0 0.274479 0.655729 0.036458 0.051042
0 0.345833 0.312500 0.047917 0.039583
0 0.194792 0.867708 0.039583 0.041667
0 0.908854 0.871354 0.044792 0.032292
0 0.428125 0.541146 0.029167 0.044792
0 0.717708 0.249479 0.035417 0.048958
0 0.594792 0.419792 0.041667 0.025000
0 0.206771 0.875521 0.028125 0.040625
0 0.556771 0.652083 0.032292 0.047917
0 0.169271 0.289583 0.042708 0.039583
0 0.769271 0.509375 0.036458 0.037500
0 0.631250 0.409375 0.035417 0.018750
0 0.909375 0.361979 0.039583 0.023958
0 0.652604 0.094271 0.032292 0.040625
0 0.732292 0.503125 0.029167 0.045833
0 0.283333 0.723958 0.052083 0.045833
0 0.078646 0.756771 0.048958 0.046875
0 0.666146 0.448958 0.046875 0.027083
0 0.806250 0.152604 0.033333 0.048958
0 0.595313 0.545833 0.046875 0.043750
0 0.935937 0.353125 0.053125 0.045833
0 0.921875 0.248438 0.045833 0.036458
0 0.406771 0.876042 0.026042 0.045833
0 0.423438 0.886458 0.042708 0.033333
0 0.250000 0.285938 0.043750 0.055208
0 0.277083 0.514062 0.027083 0.042708
0 0.610938 0.576562 0.048958 0.032292
0 0.964063 0.446875 0.034375 0.047917
0 0.332292 0.293750 0.039583 0.022917
0 0.105208 0.406250 0.050000 0.031250
0 0.902604 0.504687 0.048958 0.055208
0 0.576042 0.109375 0.037500 0.047917
0 0.675521 0.395313 0.040625 0.044792
0 0.221354 0.643229 0.038542 0.023958
0 0.555208 0.791146 0.033333 0.040625
0 0.893229 0.741146 0.032292 0.040625
0 0.503646 0.600521 0.046875 0.038542
0 0.826562 0.448437 0.053125 0.034375
0 0.679688 0.687500 0.053125 0.039583
0 0.247396 0.184896 0.026042 0.040625
0 0.100000 0.776042 0.029167 0.050000
0 0.355729 0.797917 0.044792 0.033333
0 0.681771 0.267708 0.051042 0.033333
0 0.243229 0.933854 0.023958 0.042708
0 0.856771 0.780729 0.044792 0.055208
0 0.629687 0.354167 0.051042 0.033333
0 0.682292 0.464583 0.037500 0.033333
0 0.703125 0.325000 0.045833 0.045833
0 0.130208 0.360938 0.029167 0.051042
0 0.152083 0.126562 0.035417 0.040625
0 0.287500 0.607812 0.037500 0.021875
0 0.764583 0.590625 0.047917 0.037500
0 0.350521 0.612500 0.034375 0.052083
0 0.957812 0.521354 0.046875 0.034375
0 0.400000 0.306250 0.041667 0.039583
0 0.357812 0.329167 0.051042 0.047917
0 0.421354 0.166667 0.042708 0.054167
0 0.780729 0.967187 0.040625 0.055208
0 0.649479 0.683854 0.044792 0.026042
0 0.946875 0.743229 0.043750 0.021875
0 0.141667 0.872917 0.041667 0.037500
0 0.484896 0.785937 0.042708 0.044792
0 0.526563 0.627083 0.044792 0.045833
0 0.501042 0.163021 0.037500 0.021875
0 0.508854 0.579167 0.053125 0.041667
0 0.656771 0.474479 0.044792 0.026042
0 0.271875 0.618750 0.025000 0.041667
0 0.930729 0.694792 0.048958 0.039583
0 0.963542 0.657292 0.043750 0.045833
0 0.898958 0.902083 0.047917 0.041667
0 0.526563 0.386458 0.026042 0.037500
0 0.810937 0.293750 0.044792 0.022917
0 0.697396 0.257812 0.040625 0.034375
0 0.306771 0.107292 0.023958 0.043750
0 0.821875 0.666667 0.022917 0.039583
0 0.081250 0.120833 0.027083 0.047917
0 0.547917 0.396354 0.037500 0.040625
0 0.189062 0.829688 0.036458 0.040625
0 0.895312 0.690625 0.021875 0.043750
0 0.792708 0.218229 0.054167 0.036458
0 0.359375 0.823438 0.043750 0.055208
0 0.286979 0.734896 0.046875 0.038542
0 0.612500 0.147396 0.020833 0.038542
0 0.804688 0.884375 0.038542 0.052083
0 0.152604 0.709375 0.026042 0.037500
0 0.148958 0.506250 0.037500 0.033333
0 0.523438 0.481771 0.055208 0.040625
0 0.463542 0.840625 0.029167 0.037500
0 0.517708 0.852083 0.035417 0.037500
0 0.124479 0.247917 0.042708 0.039583
0 0.230208 0.755208 0.039583 0.022917
0 0.275521 0.270313 0.032292 0.053125
0 0.677083 0.539583 0.033333 0.043750
0 0.300521 0.190625 0.042708 0.031250
0 0.463021 0.895833 0.036458 0.043750
0 0.830729 0.832812 0.032292 0.040625
0 0.777083 0.101042 0.052083 0.043750
0 0.403646 0.798958 0.053125 0.035417
0 0.496875 0.450000 0.045833 0.052083
0 0.879687 0.376042 0.046875 0.029167
0 0.280208 0.140104 0.050000 0.053125
0 0.741146 0.317708 0.036458 0.052083
0 0.213542 0.155729 0.027083 0.042708
0 0.507812 0.077083 0.038542 0.029167
0 0.970833 0.332813 0.045833 0.048958
0 0.917188 0.486458 0.042708 0.025000
0 0.754167 0.444792 0.045833 0.027083
0 0.811458 0.786458 0.037500 0.031250
0 0.212500 0.860417 0.052083 0.037500
0 0.332292 0.547396 0.025000 0.042708
0 0.278646 0.544271 0.038542 0.051042
0 0.350521 0.939583 0.048958 0.052083
0 0.684896 0.522396 0.040625 0.044792
0 0.937500 0.914062 0.031250 0.040625
0 0.760938 0.636979 0.023958 0.042708
0 0.642188 0.154167 0.038542 0.035417
0 0.093750 0.664583 0.037500 0.029167