0 0.438021 0.749479 0.046875 0.023958
0 0.217188 0.634896 0.044792 0.032292
0 0.133854 0.952083 0.042708 0.031250
0 0.350521 0.723437 0.036458 0.046875
0 0.779167 0.197396 0.039583 0.034375
0 0.342187 0.666667 0.051042 0.033333
0 0.666146 0.807292 0.042708 0.027083
0 0.123958 0.359375 0.025000 0.037500
0 0.159375 0.801042 0.041667 0.039583
0 0.554688 0.607292 0.048958 0.052083
0 0.817187 0.303125 0.046875 0.029167
0 0.512500 0.754687 0.041667 0.021875
0 0.928646 0.962500 0.048958 0.037500
0 0.326562 0.875000 0.023958 0.045833
0 0.325521 0.641667 0.042708 0.025000
0 0.103646 0.367188 0.040625 0.038542
0 0.438021 0.934896 0.044792 0.028125
0 0.255729 0.718750 0.036458 0.043750
0 0.878646 0.607812 0.048958 0.055208
0 0.947396 0.261458 0.038542 0.047917
0 0.545312 0.821875 0.038542 0.031250
0 0.758854 0.800000 0.036458 0.037500
0 0.567187 0.415625 0.048958 0.035417
0 0.611979 0.241146 0.055208 0.040625
0 0.373437 0.897396 0.051042 0.038542
0 0.891146 0.896875 0.038542 0.022917
0 0.610417 0.368229 0.054167 0.048958
0 0.718229 0.898958 0.044792 0.025000
0 0.902604 0.733333 0.044792 0.033333
0 0.824479 0.302604 0.030208 0.048958
0 0.208854 0.088021 0.046875 0.034375
0 0.617708 0.280208 0.047917 0.037500
0 0.518750 0.118229 0.039583 0.032292
0 0.811458 0.758854 0.043750 0.048958
0 0.732812 0.354687 0.046875 0.048958
0 0.857292 0.300521 0.047917 0.053125
0 0.709896 0.544271 0.048958 0.055208
0 0.696354 0.907292 0.019792 0.035417
0 0.615625 0.705729 0.029167 0.040625
0 0.455729 0.226562 0.034375 0.046875
0 0.497917 0.110417 0.033333 0.047917
0 0.908333 0.134896 0.047917 0.028125
0 0.829167 0.272917 0.031250 0.050000
0 0.704688 0.422396 0.044792 0.030208
0 0.356250 0.524479 0.050000 0.042708
0 0.463542 0.547917 0.043750 0.033333
0 0.547917 0.377083 0.039583 0.052083
0 0.750521 0.246354 0.034375 0.046875
0 0.078125 0.957292 0.047917 0.027083
0 0.865625 0.814583 0.033333 0.047917
0 0.841667 0.703125 0.052083 0.047917
0 0.576562 0.868229 0.040625 0.028125
0 0.735417 0.103646 0.043750 0.055208
0 0.293229 0.800521 0.036458 0.046875
0 0.427083 0.926562 0.045833 0.023958
0 0.696875 0.167187 0.035417 0.040625
0 0.186458 0.967708 0.037500 0.052083
0 0.086979 0.556250 0.038542 0.033333
0 0.660417 0.904687 0.043750 0.030208
0 0.121875 0.517708 0.045833 0.052083
0 0.717187 0.566667 0.046875 0.031250
0 0.784375 0.153646 0.050000 0.053125
0 0.234896 0.142187 0.034375 0.040625
0 0.786458 0.255729 0.037500 0.040625
0 0.833333 0.240104 0.031250 0.044792
0 0.257292 0.255729 0.045833 0.028125
0 0.138542 0.122396 0.043750 0.040625
0 0.170833 0.369792 0.035417 0.047917
0 0.122917 0.735417 0.033333 0.043750
0 0.589583 0.348958 0.047917 0.041667
0 0.466146 0.157292 0.042708 0.029167
0 0.833854 0.400000 0.040625 0.022917
0 0.530729 0.254688 0.019792 0.040625
0 0.289583 0.484375 0.031250 0.037500
0 0.209375 0.454167 0.050000 0.031250
0 0.456771 0.318750 0.053125 0.043750
0 0.360417 0.746875 0.020833 0.039583
0 0.634375 0.216667 0.033333 0.052083
0 0.860938 0.832812 0.051042 0.040625
0 0.732812 0.268750 0.036458 0.043750
0 0.790625 0.441667 0.035417 0.043750
0 0.547917 0.794792 0.037500 0.031250
0 0.375000 0.808333 0.022917 0.037500
0 0.800521 0.275000 0.034375 0.043750
0 0.818229 0.780729 0.040625 0.036458
0 0.864062 0.215625 0.034375 0.047917
0 0.931771 0.154167 0.023958 0.047917
0 0.421354 0.077083 0.036458 0.043750
0 0.555729 0.095312 0.026042 0.040625
0 0.424479 0.428646 0.040625 0.026042
0 0.498437 0.384375 0.042708 0.037500
0 0.390104 0.427604 0.040625 0.026042
0 0.415625 0.396354 0.047917 0.028125
0 0.802604 0.554688 0.051042 0.040625
0 0.273438 0.382292 0.023958 0.043750
0 0.372396 0.092188 0.042708 0.021875
0 0.642188 0.411458 0.030208 0.043750
0 0.591667 0.967708 0.041667 0.039583
0 0.235937 0.932292 0.038542 0.031250
0 0.751042 0.313021 0.050000 0.028125
0 0.129688 0.418750 0.053125 0.039583
0 0.192188 0.517708 0.046875 0.029167
0 0.415625 0.157812 0.029167 0.044792
0 0.947917 0.842708 0.027083 0.041667
0 0.422917 0.501563 0.050000 0.040625
0 0.453125 0.172396 0.045833 0.040625
0 0.911458 0.397396 0.045833 0.048958
0 0.110937 0.742708 0.030208 0.043750
0 0.698438 0.684896 0.048958 0.046875
0 0.871354 0.246354 0.040625 0.055208
0 0.537500 0.846875 0.045833 0.043750
0 0.481250 0.724479 0.050000 0.053125
0 0.905729 0.888021 0.044792 0.030208
0 0.831771 0.327083 0.026042 0.041667
0 0.693229 0.451562 0.053125 0.034375
0 0.573438 0.600000 0.034375 0.039583
0 0.389583 0.830729 0.043750 0.021875
0 0.662500 0.796354 0.037500 0.040625
0 0.725000 0.225521 0.025000 0.044792
0 0.243229 0.202083 0.028125 0.039583
0 0.964063 0.848437 0.051042 0.040625
0 0.575521 0.447396 0.042708 0.044792
0 0.515625 0.938021 0.022917 0.040625
0 0.561979 0.414062 0.044792 0.051042
0 0.083333 0.919792 0.037500 0.029167
0 0.463021 0.543229 0.048958 0.030208
0 0.678125 0.966667 0.052083 0.045833
0 0.728125 0.926562 0.050000 0.040625
0 0.931250 0.917188 0.043750 0.040625
0 0.281771 0.646354 0.051042 0.026042
0 0.334375 0.159375 0.029167 0.041667
0 0.763542 0.638542 0.050000 0.050000
0 0.150521 0.715625 0.042708 0.039583
0 0.355208 0.888542 0.047917 0.033333
0 0.651042 0.708854 0.037500 0.048958
0 0.338021 0.230729 0.044792 0.051042
0 0.930729 0.334375 0.034375 0.043750
0 0.930729 0.911458 0.032292 0.039583
0 0.516667 0.694792 0.037500 0.027083
0 0.300000 0.697917 0.052083 0.035417
0 0.184896 0.728125 0.028125 0.039583
0 0.733854 0.552083 0.038542 0.029167
0 0.096875 0.119271 0.045833 0.026042
0 0.153646 0.823438 0.048958 0.046875
0 0.700000 0.446354 0.039583 0.036458
0 0.946354 0.635938 0.038542 0.038542
0 0.356771 0.151562 0.038542 0.055208
0 0.217188 0.601562 0.034375 0.040625
0 0.340625 0.778125 0.052083 0.039583
0 0.768750 0.423958 0.033333 0.043750
0 0.609375 0.522917 0.050000 0.031250
0 0.894271 0.213021 0.051042 0.053125
0 0.669271 0.143229 0.042708 0.044792
0 0.359896 0.876563 0.055208 0.040625
0 0.133333 0.300521 0.047917 0.046875
0 0.267188 0.697917 0.044792 0.045833
0 0.444792 0.402604 0.045833 0.034375
0 0.151562 0.193229 0.036458 0.051042
0 0.718229 0.626563 0.038542 0.040625
0 0.280729 0.752083 0.038542 0.035417
0 0.829167 0.464583 0.037500 0.033333
0 0.408854 0.808333 0.053125 0.047917
0 0.895312 0.760938 0.026042 0.046875
0 0.753646 0.857812 0.026042 0.040625
0 0.897396 0.740625 0.042708 0.047917
0 0.088542 0.284896 0.029167 0.046875
0 0.367708 0.132812 0.041667 0.023958
0 0.960938 0.458333 0.042708 0.047917
0 0.180208 0.603125 0.033333 0.037500
0 0.439583 0.804167 0.041667 0.039583
0 0.786979 0.123958 0.044792 0.035417
0 0.296875 0.559375 0.033333 0.037500
0 0.251563 0.707292 0.046875 0.045833
0 0.295312 0.861979 0.038542 0.038542
0 0.478646 0.868750 0.044792 0.045833
0 0.845833 0.882292 0.041667 0.052083
0 0.868229 0.249479 0.051042 0.038542
0 0.576562 0.886458 0.044792 0.054167
0 0.836979 0.780729 0.034375 0.040625
0 0.337500 0.943750 0.027083 0.047917
0 0.229167 0.446875 0.031250 0.041667
0 0.441667 0.964063 0.029167 0.044792
0 0.215104 0.713021 0.030208 0.053125
0 0.918750 0.343229 0.039583 0.044792
0 0.165104 0.270313 0.055208 0.040625
0 0.589583 0.373958 0.041667 0.052083
0 0.405729 0.540625 0.028125 0.045833
0 0.515104 0.368750 0.038542 0.047917
0 0.274479 0.639062 0.042708 0.051042
0 0.672917 0.355208 0.041667 0.039583
0 0.565104 0.448958 0.038542 0.047917
0 0.468229 0.272396 0.055208 0.042708
0 0.608333 0.118229 0.054167 0.046875
0 0.614583 0.495833 0.029167 0.041667
0 0.660417 0.176563 0.052083 0.051042
0 0.956250 0.807292 0.041667 0.039583
0 0.414583 0.431771 0.039583 0.036458
0 0.120833 0.915625 0.029167 0.045833
0 0.502604 0.543750 0.028125 0.050000
0 0.294792 0.294792 0.052083 0.035417
0 0.382292 0.756250 0.041667 0.039583
0 0.846875 0.853125 0.037500 0.047917
0 0.919792 0.204167 0.025000 0.037500
0 0.739583 0.712500 0.037500 0.047917
0 0.238542 0.891667 0.052083 0.039583
0 0.363542 0.081771 0.039583 0.032292
0 0.192708 0.333333 0.041667 0.025000
0 0.384896 0.307292 0.044792 0.047917
0 0.786979 0.637500 0.046875 0.029167
0 0.624479 0.892188 0.042708 0.044792
0 0.898438 0.869792 0.048958 0.025000
0 0.809375 0.870313 0.043750 0.030208
0 0.511458 0.870313 0.020833 0.036458
0 0.837500 0.571875 0.045833 0.029167
0 0.079687 0.957292 0.048958 0.039583
0 0.551042 0.586458 0.029167 0.050000
0 0.263542 0.682292 0.037500 0.035417
0 0.221875 0.958333 0.027083 0.041667
0 0.614583 0.707812 0.043750 0.042708
0 0.891146 0.763021 0.051042 0.036458
0 0.300521 0.362500 0.042708 0.031250
0 0.950000 0.638542 0.045833 0.045833
0 0.684375 0.363021 0.039583 0.053125
0 0.952604 0.503646 0.034375 0.040625
0 0.723437 0.780729 0.038542 0.051042
0 0.311979 0.190625 0.023958 0.041667
0 0.395313 0.347917 0.036458 0.037500
0 0.701562 0.209896 0.044792 0.042708
0 0.305208 0.713021 0.029167 0.044792
0 0.199479 0.761979 0.040625 0.032292
0 0.880208 0.385937 0.054167 0.048958
0 0.770833 0.744271 0.039583 0.026042
0 0.911979 0.477604 0.034375 0.046875
0 0.772396 0.653646 0.055208 0.051042
0 0.154688 0.588021 0.040625 0.034375
0 0.576042 0.150000 0.037500 0.029167
0 0.446875 0.691146 0.025000 0.042708
0 0.946875 0.250000 0.035417 0.020833
0 0.892188 0.775000 0.034375 0.039583
0 0.628125 0.766667 0.031250 0.037500
0 0.201042 0.494792 0.039583 0.041667
0 0.563542 0.541667 0.052083 0.035417
0 0.175000 0.613542 0.025000 0.047917
0 0.916146 0.219271 0.032292 0.046875
0 0.139583 0.450000 0.047917 0.033333
0 0.872917 0.630729 0.054167 0.042708
0 0.403125 0.405208 0.039583 0.022917
0 0.448437 0.693229 0.019792 0.040625
0 0.733333 0.185938 0.025000 0.038542
0 0.198958 0.922917 0.031250 0.037500
0 0.197396 0.333854 0.046875 0.048958
0 0.559896 0.455208 0.032292 0.039583
0 0.831771 0.839063 0.038542 0.040625
0 0.145313 0.314063 0.023958 0.040625
0 0.497917 0.250000 0.043750 0.035417
0 0.170313 0.339062 0.036458 0.040625
0 0.102083 0.098437 0.041667 0.023958
0 0.498958 0.754167 0.050000 0.050000
0 0.888021 0.617708 0.042708 0.031250
0 0.878125 0.120313 0.029167 0.044792
0 0.382292 0.284375 0.037500 0.035417
0 0.845833 0.795833 0.033333 0.050000
0 0.753125 0.479687 0.039583 0.048958
0 0.333333 0.936458 0.047917 0.041667
0 0.106250 0.419792 0.043750 0.035417
0 0.436979 0.447396 0.053125 0.030208
0 0.910937 0.622917 0.034375 0.039583
0 0.385937 0.449479 0.040625 0.026042
0 0.790104 0.954688 0.032292 0.040625
0 0.944792 0.860938 0.031250 0.044792
0 0.152083 0.810417 0.039583 0.052083
0 0.440625 0.633333 0.045833 0.043750
0 0.896354 0.381250 0.051042 0.050000
0 0.553125 0.908333 0.041667 0.047917
0 0.274479 0.667708 0.051042 0.031250
0 0.882292 0.731250 0.043750 0.052083
0 0.300521 0.150521 0.040625 0.034375
0 0.145833 0.131771 0.043750 0.026042
0 0.376042 0.768229 0.041667 0.044792
0 0.229687 0.652604 0.051042 0.040625
0 0.356250 0.263542 0.039583 0.041667
0 0.706250 0.615625 0.033333 0.050000
0 0.781771 0.646875 0.038542 0.025000
0 0.167187 0.679167 0.019792 0.037500
0 0.272396 0.927604 0.032292 0.044792
0 0.384375 0.132812 0.031250 0.044792
0 0.442188 0.886979 0.023958 0.042708
0 0.474479 0.346354 0.046875 0.040625
0 0.593229 0.938542 0.038542 0.031250
0 0.210417 0.143229 0.037500 0.038542
0 0.142187 0.840625 0.023958 0.037500
0 0.796875 0.200000 0.045833 0.043750
0 0.481250 0.678646 0.039583 0.023958
0 0.440104 0.211458 0.038542 0.043750
0 0.747396 0.942187 0.055208 0.036458
0 0.242708 0.776563 0.050000 0.036458
0 0.926042 0.607292 0.047917 0.037500
0 0.132812 0.751563 0.051042 0.053125
0 0.820833 0.720833 0.043750 0.045833
0 0.109375 0.167708 0.052083 0.037500
0 0.490104 0.852604 0.048958 0.030208
0 0.144792 0.535417 0.050000 0.047917
0 0.685937 0.390104 0.053125 0.051042
0 0.442708 0.797917 0.037500 0.031250
0 0.662500 0.900521 0.050000 0.038542
0 0.450000 0.668750 0.047917 0.041667
0 0.936979 0.258854 0.040625 0.044792
0 0.820312 0.228646 0.021875 0.038542
0 0.496875 0.462500 0.041667 0.047917
0 0.551562 0.315104 0.038542 0.040625
0 0.479167 0.478125 0.029167 0.045833
0 0.367708 0.769792 0.050000 0.029167
0 0.579167 0.626563 0.037500 0.040625
0 0.245312 0.138021 0.042708 0.044792
0 0.651042 0.792708 0.041667 0.029167
0 0.865104 0.096875 0.019792 0.035417
0 0.534896 0.648958 0.051042 0.031250
0 0.371875 0.748958 0.031250 0.050000
0 0.965104 0.546875 0.034375 0.043750
0 0.356771 0.420312 0.046875 0.034375
0 0.652604 0.529687 0.044792 0.048958
0 0.452604 0.404167 0.048958 0.041667
0 0.513021 0.904167 0.048958 0.033333
0 0.102604 0.555208 0.042708 0.025000
0 0.447917 0.768750 0.037500 0.027083
0 0.133333 0.684896 0.043750 0.028125
0 0.605729 0.950000 0.053125 0.045833
0 0.646354 0.763021 0.051042 0.040625
0 0.520833 0.417708 0.033333 0.043750
0 0.557813 0.564583 0.038542 0.052083
0 0.572396 0.263542 0.048958 0.052083
0 0.831250 0.435937 0.039583 0.036458
0 0.074479 0.576562 0.030208 0.053125