0 0.233854 0.187500 0.042708 0.039583
0 0.721875 0.217708 0.033333 0.037500
0 0.804688 0.827083 0.032292 0.043750
0 0.791146 0.596875 0.051042 0.029167
0 0.137500 0.099479 0.035417 0.017708
0 0.552083 0.290104 0.039583 0.030208
0 0.450000 0.275521 0.045833 0.036458
0 0.586979 0.411979 0.030208 0.048958
0 0.356250 0.920312 0.050000 0.042708
0 0.778125 0.547917 0.047917 0.027083
0 0.324479 0.627604 0.040625 0.038542
0 0.288542 0.881771 0.037500 0.044792
0 0.632812 0.630208 0.034375 0.039583
0 0.267708 0.851562 0.018750 0.036458
0 0.678125 0.593229 0.045833 0.036458
0 0.658854 0.356771 0.040625 0.038542
0 0.157812 0.524479 0.048958 0.055208
0 0.884375 0.786458 0.018750 0.037500
0 0.181250 0.401562 0.039583 0.036458
0 0.249479 0.514583 0.034375 0.039583
0 0.850000 0.575521 0.045833 0.038542
0 0.485938 0.760938 0.051042 0.044792
0 0.129167 0.193750 0.045833 0.045833
0 0.565104 0.113021 0.034375 0.051042
0 0.956771 0.870833 0.040625 0.022917
0 0.953646 0.392188 0.053125 0.053125
0 0.079167 0.701042 0.045833 0.052083
0 0.956771 0.859375 0.048958 0.037500
0 0.452604 0.438021 0.040625 0.044792
0 0.359896 0.297396 0.044792 0.030208
0 0.757292 0.941667 0.037500 0.035417
0 0.919792 0.668229 0.027083 0.042708
0 0.226562 0.144792 0.040625 0.022917
0 0.760938 0.536979 0.038542 0.019792
0 0.752604 0.393750 0.038542 0.035417
0 0.101042 0.135937 0.029167 0.044792
0 0.738542 0.745313 0.043750 0.032292
0 0.490625 0.684896 0.043750 0.042708
0 0.311458 0.244271 0.025000 0.038542
0 0.866146 0.430729 0.042708 0.023958
0 0.297396 0.692708 0.026042 0.045833
0 0.443750 0.074479 0.050000 0.040625
0 0.164062 0.552604 0.046875 0.048958
0 0.370312 0.537500 0.023958 0.037500
0 0.367188 0.443229 0.030208 0.053125
0 0.617708 0.767708 0.043750 0.025000
0 0.217708 0.543750 0.041667 0.047917
0 0.753646 0.068229 0.048958 0.032292
0 0.416146 0.719792 0.046875 0.027083
0 0.946875 0.694271 0.016667 0.034375
0 0.853125 0.156250 0.033333 0.045833
0 0.878125 0.180208 0.041667 0.029167
0 0.173958 0.568750 0.047917 0.037500
0 0.752083 0.116667 0.020833 0.039583
0 0.451562 0.786458 0.032292 0.039583
0 0.484375 0.778646 0.031250 0.044792
0 0.792188 0.892708 0.040625 0.054167
0 0.956771 0.438021 0.048958 0.046875
0 0.540625 0.616146 0.033333 0.040625
0 0.481250 0.398958 0.052083 0.043750
0 0.356771 0.943750 0.040625 0.022917
0 0.645312 0.248958 0.026042 0.045833
0 0.613021 0.275521 0.040625 0.055208
0 0.369792 0.458333 0.029167 0.045833
0 0.295833 0.963542 0.035417 0.037500
0 0.731771 0.751042 0.019792 0.037500
0 0.395833 0.691667 0.050000 0.050000
0 0.334375 0.118229 0.025000 0.042708
0 0.613542 0.198958 0.039583 0.041667
0 0.721354 0.874479 0.048958 0.046875
0 0.686979 0.139063 0.055208 0.040625
0 0.553125 0.728646 0.050000 0.028125
0 0.609896 0.886979 0.026042 0.044792
0 0.283333 0.338542 0.043750 0.045833
0 0.311979 0.425000 0.038542 0.022917
0 0.883854 0.181771 0.032292 0.040625
0 0.470313 0.313542 0.053125 0.047917
0 0.554167 0.922917 0.035417 0.037500
0 0.908333 0.191667 0.035417 0.047917
0 0.393229 0.462500 0.032292 0.043750
0 0.698958 0.570312 0.033333 0.048958
0 0.823438 0.459375 0.032292 0.043750
0 0.631771 0.421354 0.046875 0.038542
0 0.555208 0.269792 0.029167 0.041667
0 0.854167 0.330729 0.054167 0.048958
0 0.393229 0.619792 0.032292 0.052083
0 0.748958 0.695312 0.047917 0.048958
0 0.791667 0.544271 0.047917 0.044792
0 0.903646 0.601562 0.026042 0.046875
0 0.925000 0.452604 0.047917 0.046875
0 0.371354 0.400521 0.023958 0.042708
0 0.949479 0.781771 0.038542 0.040625
0 0.876042 0.454688 0.039583 0.026042
0 0.781771 0.430208 0.032292 0.052083
0 0.176042 0.785937 0.050000 0.036458
0 0.306250 0.717708 0.037500 0.025000
0 0.211979 0.340625 0.034375 0.052083
0 0.264062 0.357812 0.023958 0.042708
0 0.867708 0.572917 0.020833 0.039583
0 0.943750 0.680208 0.045833 0.043750
0 0.458333 0.263021 0.045833 0.038542
0 0.796354 0.444271 0.021875 0.042708
0 0.166667 0.531250 0.050000 0.031250
0 0.955729 0.261458 0.046875 0.043750
0 0.669792 0.528646 0.039583 0.036458
0 0.461979 0.519271 0.051042 0.034375
0 0.969792 0.672917 0.043750 0.033333
0 0.774479 0.104688 0.046875 0.038542
0 0.839063 0.954688 0.034375 0.040625
0 0.615104 0.666146 0.040625 0.034375
0 0.444271 0.944792 0.028125 0.043750
0 0.734896 0.856771 0.038542 0.051042
0 0.855729 0.425000 0.048958 0.033333
0 0.886458 0.543750 0.039583 0.020833
0 0.195312 0.277604 0.055208 0.051042
0 0.796354 0.669271 0.051042 0.030208
0 0.152083 0.313021 0.054167 0.046875
0 0.616146 0.351042 0.042708 0.054167
0 0.551562 0.692708 0.038542 0.031250
0 0.522917 0.961979 0.054167 0.040625
0 0.457813 0.928125 0.023958 0.041667
0 0.521875 0.368229 0.039583 0.044792
0 0.581771 0.107813 0.028125 0.051042
0 0.573438 0.961979 0.019792 0.038542
0 0.648958 0.485938 0.043750 0.048958
0 0.907813 0.264583 0.044792 0.035417
0 0.841667 0.294792 0.039583 0.041667
0 0.114583 0.394271 0.033333 0.053125
0 0.547917 0.256771 0.018750 0.038542
0 0.148438 0.095833 0.034375 0.047917
0 0.147396 0.444792 0.036458 0.037500
0 0.430208 0.529167 0.047917 0.050000
0 0.582812 0.603125 0.026042 0.039583
0 0.550000 0.895833 0.050000 0.033333
0 0.367188 0.877604 0.023958 0.046875
0 0.118229 0.499479 0.032292 0.044792
0 0.676562 0.452083 0.046875 0.043750
0 0.272396 0.671354 0.051042 0.038542
0 0.633333 0.372396 0.043750 0.026042
0 0.393229 0.131771 0.034375 0.053125
0 0.179167 0.685937 0.031250 0.051042
0 0.899479 0.270833 0.038542 0.047917
0 0.540104 0.716667 0.028125 0.045833
0 0.521875 0.566146 0.027083 0.042708
0 0.566146 0.795312 0.040625 0.026042
0 0.350521 0.603646 0.032292 0.040625
0 0.251563 0.435937 0.048958 0.028125
0 0.377604 0.211458 0.046875 0.031250
0 0.204167 0.468229 0.035417 0.048958
0 0.186979 0.104688 0.044792 0.042708
0 0.238542 0.797917 0.035417 0.043750
0 0.476562 0.625521 0.046875 0.055208
0 0.638542 0.702604 0.045833 0.023958
0 0.564063 0.690625 0.042708 0.029167
0 0.614062 0.192188 0.038542 0.040625
0 0.483854 0.701562 0.034375 0.046875
0 0.389062 0.653125 0.053125 0.041667
0 0.239063 0.267708 0.048958 0.039583
0 0.904687 0.551562 0.053125 0.051042
0 0.691146 0.418229 0.034375 0.046875
0 0.188021 0.203646 0.051042 0.042708
0 0.106250 0.202083 0.050000 0.050000
0 0.798438 0.940104 0.034375 0.046875
0 0.852083 0.383854 0.037500 0.044792
0 0.236979 0.517188 0.030208 0.053125
0 0.673438 0.867188 0.044792 0.040625
0 0.498437 0.769271 0.042708 0.055208
0 0.937500 0.097917 0.033333 0.050000
0 0.641146 0.570312 0.051042 0.038542
0 0.515625 0.288021 0.033333 0.048958
0 0.610938 0.852083 0.053125 0.047917
0 0.148438 0.745833 0.036458 0.037500
0 0.284896 0.354687 0.048958 0.055208
0 0.862500 0.533333 0.052083 0.037500
0 0.700521 0.092708 0.040625 0.020833
0 0.620313 0.733854 0.055208 0.040625
0 0.077604 0.393750 0.028125 0.045833
0 0.831771 0.514583 0.034375 0.052083
0 0.081771 0.852604 0.032292 0.053125
0 0.087500 0.370312 0.039583 0.038542
0 0.705208 0.275521 0.047917 0.046875
0 0.868750 0.316667 0.045833 0.043750
0 0.756771 0.866146 0.038542 0.040625
0 0.658854 0.472396 0.034375 0.051042
0 0.717187 0.914062 0.040625 0.032292
0 0.262500 0.074479 0.054167 0.044792
0 0.664583 0.285938 0.052083 0.051042
0 0.276042 0.262500 0.045833 0.043750
0 0.286979 0.359896 0.030208 0.048958
0 0.135417 0.403125 0.035417 0.052083
0 0.343750 0.488542 0.041667 0.027083
0 0.415104 0.783333 0.051042 0.035417
0 0.224479 0.204687 0.028125 0.051042
0 0.427083 0.452083 0.039583 0.041667
0 0.912500 0.173437 0.041667 0.021875
0 0.923958 0.806771 0.054167 0.040625
0 0.170313 0.163542 0.019792 0.035417
0 0.915104 0.619271 0.042708 0.021875
0 0.786979 0.331250 0.036458 0.052083
0 0.104688 0.543750 0.040625 0.047917
0 0.844271 0.533854 0.040625 0.046875
0 0.573438 0.764583 0.053125 0.039583
0 0.870313 0.357812 0.030208 0.044792
0 0.563021 0.614583 0.046875 0.045833
0 0.761979 0.200000 0.038542 0.031250
0 0.388021 0.533333 0.051042 0.047917
0 0.441146 0.305729 0.040625 0.032292
0 0.516667 0.897917 0.047917 0.027083
0 0.476042 0.533333 0.027083 0.041667
0 0.498958 0.320312 0.045833 0.055208
0 0.252604 0.518229 0.034375 0.046875
0 0.780729 0.170833 0.038542 0.029167
0 0.596354 0.221875 0.046875 0.043750
0 0.632292 0.956771 0.037500 0.044792
0 0.403125 0.680729 0.025000 0.046875
0 0.546875 0.330208 0.029167 0.050000
0 0.124479 0.266146 0.055208 0.040625
0 0.767188 0.905729 0.046875 0.026042
0 0.453125 0.150521 0.045833 0.040625
0 0.493229 0.863021 0.040625 0.030208
0 0.660937 0.968229 0.051042 0.042708
0 0.805208 0.146875 0.047917 0.041667
0 0.071354 0.529687 0.021875 0.042708
0 0.571875 0.496354 0.020833 0.038542
0 0.123438 0.804688 0.038542 0.021875
0 0.579688 0.733333 0.030208 0.047917
0 0.931250 0.544271 0.027083 0.042708
0 0.272396 0.340625 0.017708 0.035417
0 0.198958 0.522396 0.031250 0.051042
0 0.866667 0.387500 0.039583 0.020833
0 0.722396 0.441667 0.028125 0.045833
0 0.675521 0.818229 0.055208 0.046875
0 0.444271 0.070312 0.040625 0.023958
0 0.689583 0.655208 0.041667 0.047917
0 0.239583 0.910417 0.052083 0.037500
0 0.246354 0.125000 0.038542 0.043750
0 0.769271 0.137500 0.038542 0.025000
0 0.450000 0.686458 0.047917 0.041667
0 0.890625 0.120313 0.033333 0.040625
0 0.564063 0.182292 0.048958 0.052083
0 0.080729 0.858854 0.034375 0.046875
0 0.803646 0.755729 0.040625 0.044792
0 0.335938 0.434896 0.042708 0.044792
0 0.315625 0.401562 0.050000 0.053125
0 0.927604 0.147396 0.036458 0.046875
0 0.957812 0.773958 0.038542 0.043750
0 0.971875 0.948438 0.054167 0.040625
0 0.498958 0.405729 0.037500 0.019792
0 0.316146 0.751563 0.030208 0.040625
0 0.624479 0.288542 0.046875 0.029167
0 0.403646 0.579167 0.026042 0.039583
0 0.386979 0.345833 0.044792 0.035417
0 0.624479 0.107292 0.046875 0.031250
0 0.117188 0.114062 0.053125 0.032292
0 0.464062 0.694271 0.053125 0.051042
0 0.299479 0.156250 0.048958 0.035417
0 0.635938 0.088021 0.040625 0.026042
0 0.156250 0.214583 0.035417 0.047917
0 0.781771 0.927604 0.040625 0.038542
0 0.136979 0.933333 0.046875 0.043750
0 0.961979 0.925521 0.038542 0.055208
0 0.270313 0.598437 0.055208 0.046875
0 0.849479 0.628125 0.038542 0.029167
0 0.804167 0.311458 0.035417 0.020833
0 0.079687 0.511458 0.028125 0.039583
0 0.783854 0.696354 0.040625 0.036458
0 0.194792 0.198958 0.041667 0.031250
0 0.509896 0.407813 0.046875 0.055208
0 0.378125 0.134375 0.043750 0.025000
0 0.863021 0.642708 0.048958 0.041667
0 0.616667 0.114062 0.045833 0.036458
0 0.695312 0.158854 0.044792 0.055208
0 0.531250 0.243750 0.027083 0.045833
0 0.792708 0.084896 0.039583 0.053125
0 0.297396 0.396875 0.046875 0.045833
0 0.607812 0.535417 0.028125 0.043750
0 0.949479 0.235417 0.032292 0.043750
0 0.339062 0.172396 0.040625 0.055208
0 0.843229 0.330729 0.042708 0.044792
0 0.231250 0.119271 0.043750 0.021875
0 0.576562 0.918750 0.044792 0.035417
0 0.684896 0.082812 0.038542 0.038542
0 0.506771 0.413542 0.038542 0.025000
0 0.551562 0.464062 0.034375 0.040625
0 0.918750 0.493750 0.033333 0.037500
0 0.232292 0.538021 0.039583 0.034375
0 0.410417 0.794792 0.018750 0.035417
0 0.114583 0.568750 0.037500 0.031250
0 0.947917 0.481250 0.033333 0.037500
0 0.250521 0.718229 0.026042 0.046875
0 0.173437 0.100521 0.046875 0.048958
0 0.870313 0.366146 0.044792 0.042708
0 0.685937 0.282813 0.042708 0.023958
0 0.493750 0.732292 0.050000 0.031250
0 0.346354 0.292708 0.044792 0.047917
0 0.321354 0.093750 0.042708 0.027083
0 0.396875 0.655208 0.045833 0.052083
0 0.583854 0.859375 0.053125 0.043750
0 0.340625 0.256771 0.037500 0.044792
0 0.739062 0.619792 0.048958 0.033333
0 0.185417 0.566146 0.035417 0.017708
0 0.635938 0.262500 0.036458 0.018750
0 0.921354 0.396354 0.026042 0.046875
0 0.780208 0.608333 0.050000 0.050000
0 0.780208 0.519271 0.039583 0.028125
0 0.850521 0.134896 0.055208 0.048958
0 0.686979 0.718229 0.055208 0.038542
0 0.473438 0.545833 0.044792 0.045833
0 0.925521 0.804167 0.026042 0.041667
0 0.821354 0.535937 0.040625 0.034375
0 0.092188 0.803646 0.053125 0.030208
0 0.894792 0.463021 0.047917 0.048958
0 0.451042 0.747396 0.022917 0.044792
0 0.120313 0.511979 0.032292 0.048958
0 0.356771 0.315104 0.046875 0.034375
0 0.688021 0.735417 0.036458 0.037500
0 0.288021 0.107813 0.019792 0.038542
0 0.271875 0.917188 0.037500 0.040625
0 0.463542 0.899479 0.041667 0.021875
0 0.133854 0.398958 0.051042 0.029167
0 0.621875 0.572917 0.047917 0.037500
0 0.176042 0.398438 0.033333 0.040625
0 0.529167 0.523438 0.043750 0.042708
0 0.915625 0.647917 0.037500 0.033333
0 0.320833 0.748958 0.039583 0.022917
0 0.376563 0.660417 0.048958 0.035417
0 0.720833 0.563542 0.022917 0.037500
0 0.408333 0.754167 0.037500 0.052083
0 0.579688 0.787500 0.034375 0.047917
0 0.447917 0.323958 0.037500 0.041667
0 0.452604 0.610417 0.053125 0.047917
0 0.123438 0.165104 0.044792 0.042708
0 0.121354 0.834896 0.046875 0.036458
0 0.327083 0.624479 0.037500 0.023958
0 0.914062 0.957812 0.036458 0.040625
0 0.197917 0.282292 0.045833 0.043750
0 0.193229 0.779167 0.038542 0.029167
0 0.490625 0.446875 0.027083 0.037500
0 0.304688 0.797396 0.044792 0.032292
0 0.367188 0.110417 0.038542 0.029167
0 0.209896 0.448437 0.042708 0.055208
0 0.129688 0.719792 0.038542 0.047917
0 0.438021 0.113021 0.036458 0.051042
0 0.840104 0.212500 0.038542 0.035417
0 0.294792 0.428646 0.041667 0.021875
0 0.780208 0.552604 0.045833 0.026042
0 0.086979 0.377604 0.028125 0.044792
0 0.312500 0.935937 0.041667 0.044792
0 0.417708 0.793229 0.037500 0.040625
0 0.226562 0.596875 0.042708 0.039583
0 0.526563 0.271354 0.038542 0.038542
0 0.917708 0.809375 0.025000 0.043750
0 0.205208 0.912500 0.018750 0.035417
0 0.085938 0.730208 0.040625 0.041667
0 0.730729 0.469271 0.048958 0.032292
0 0.949479 0.778646 0.053125 0.051042
0 0.168229 0.496875 0.038542 0.043750
0 0.177083 0.596875 0.052083 0.047917
0 0.252083 0.759375 0.047917 0.035417
0 0.127083 0.303646 0.054167 0.036458
0 0.901042 0.255208 0.047917 0.027083
0 0.231771 0.880208 0.038542 0.035417
0 0.590104 0.507812 0.038542 0.040625
0 0.227083 0.744271 0.031250 0.048958
0 0.704167 0.867708 0.025000 0.047917
0 0.202083 0.167708 0.031250 0.037500
0 0.187500 0.677604 0.027083 0.042708
0 0.648958 0.211458 0.031250 0.041667
0 0.867708 0.080729 0.037500 0.048958
0 0.719792 0.721875 0.031250 0.037500
0 0.944792 0.639583 0.050000 0.050000
0 0.580208 0.491146 0.054167 0.044792
0 0.465625 0.838021 0.045833 0.036458
0 0.088542 0.183854 0.029167 0.044792
0 0.302604 0.642188 0.046875 0.034375
0 0.917188 0.418229 0.032292 0.046875
0 0.761979 0.959375 0.038542 0.027083
0 0.245312 0.837500 0.038542 0.029167
0 0.200000 0.640625 0.037500 0.041667
0 0.280729 0.087500 0.030208 0.043750
0 0.943750 0.576562 0.045833 0.034375
0 0.280729 0.717708 0.036458 0.043750
0 0.380208 0.316667 0.047917 0.052083
0 0.410938 0.193229 0.040625 0.036458
0 0.729688 0.910937 0.036458 0.040625
0 0.810937 0.500000 0.048958 0.027083
0 0.684375 0.918750 0.039583 0.041667
0 0.833854 0.431771 0.040625 0.051042
0 0.143750 0.794792 0.050000 0.050000
0 0.796354 0.838542 0.021875 0.039583
0 0.666667 0.376563 0.043750 0.030208
0 0.680729 0.536979 0.048958 0.030208
0 0.177604 0.744792 0.021875 0.041667
0 0.789583 0.492188 0.050000 0.040625
0 0.513021 0.426042 0.038542 0.035417
0 0.535937 0.821875 0.040625 0.020833
0 0.869271 0.260937 0.044792 0.055208
0 0.836458 0.156250 0.035417 0.020833
0 0.384375 0.118750 0.033333 0.037500
0 0.522917 0.195312 0.041667 0.044792
0 0.263021 0.785937 0.032292 0.044792
0 0.104688 0.934375 0.053125 0.045833
0 0.837500 0.920312 0.027083 0.046875
0 0.305729 0.233333 0.017708 0.035417
0 0.222396 0.281771 0.038542 0.051042
0 0.189583 0.569792 0.045833 0.031250
0 0.202604 0.827083 0.046875 0.043750
0 0.192188 0.847917 0.040625 0.054167
0 0.670833 0.300521 0.047917 0.053125
0 0.436979 0.237500 0.051042 0.029167
0 0.195312 0.212500 0.042708 0.025000
0 0.079167 0.101562 0.041667 0.055208
0 0.606250 0.431771 0.022917 0.038542
0 0.902604 0.778125 0.032292 0.043750
0 0.143229 0.247396 0.028125 0.040625
0 0.475521 0.743750 0.021875 0.043750
0 0.075000 0.371875 0.035417 0.018750
0 0.875000 0.831250 0.025000 0.037500
0 0.684375 0.532292 0.047917 0.033333
0 0.171875 0.393229 0.043750 0.042708
0 0.527083 0.828646 0.039583 0.036458
0 0.759896 0.280729 0.055208 0.046875
0 0.322917 0.569792 0.052083 0.039583
0 0.632812 0.877604 0.042708 0.055208
0 0.106250 0.268750 0.037500 0.033333
0 0.174479 0.576562 0.038542 0.051042
0 0.611458 0.368750 0.052083 0.043750
0 0.834375 0.499479 0.033333 0.040625
0 0.700000 0.903125 0.043750 0.022917
0 0.494792 0.706771 0.045833 0.036458
0 0.798958 0.510938 0.054167 0.042708
0 0.451562 0.916146 0.028125 0.046875
0 0.410938 0.872917 0.051042 0.050000
0 0.502083 0.740625 0.039583 0.022917
0 0.261458 0.156771 0.039583 0.023958
0 0.430729 0.640625 0.023958 0.041667
0 0.342708 0.967187 0.037500 0.048958
0 0.097917 0.164583 0.045833 0.052083
0 0.948958 0.683333 0.045833 0.031250
0 0.397917 0.814583 0.045833 0.043750
0 0.805208 0.265104 0.045833 0.048958
0 0.759896 0.806771 0.040625 0.034375
0 0.825521 0.364063 0.046875 0.026042
0 0.672396 0.163542 0.034375 0.052083
0 0.608333 0.088542 0.035417 0.037500
0 0.868229 0.294271 0.051042 0.055208
0 0.375000 0.321875 0.043750 0.052083
0 0.130208 0.535417 0.043750 0.035417
0 0.737500 0.740104 0.050000 0.036458
0 0.255729 0.306771 0.046875 0.038542
0 0.739583 0.776563 0.050000 0.042708
0 0.473958 0.539583 0.043750 0.052083
0 0.501042 0.206771 0.033333 0.040625
0 0.294271 0.586979 0.046875 0.036458
0 0.258333 0.425000 0.025000 0.043750
0 0.441146 0.158854 0.048958 0.055208
0 0.377604 0.379688 0.040625 0.046875
0 0.605729 0.516146 0.040625 0.034375
0 0.553125 0.278646 0.050000 0.042708
0 0.089063 0.590104 0.055208 0.048958
0 0.842708 0.590104 0.039583 0.028125
0 0.832812 0.480729 0.048958 0.046875
0 0.912500 0.533854 0.045833 0.023958
0 0.535937 0.230729 0.038542 0.046875
0 0.571875 0.082812 0.039583 0.044792
0 0.106250 0.425000 0.033333 0.045833
0 0.611458 0.369792 0.041667 0.031250
0 0.620833 0.794792 0.041667 0.039583
0 0.651042 0.231250 0.052083 0.047917
0 0.115625 0.120833 0.043750 0.035417
0 0.424479 0.832292 0.030208 0.039583
0 0.181771 0.517188 0.042708 0.044792
0 0.719792 0.255208 0.031250 0.045833
0 0.830208 0.343750 0.052083 0.039583
0 0.140625 0.598958 0.043750 0.031250
0 0.170313 0.809375 0.026042 0.041667
0 0.252083 0.588021 0.035417 0.044792
0 0.135937 0.781250 0.038542 0.035417
0 0.551042 0.638542 0.041667 0.052083
0 0.448958 0.420833 0.035417 0.018750
0 0.874479 0.580208 0.038542 0.033333
0 0.688542 0.216146 0.043750 0.028125
0 0.213542 0.701042 0.043750 0.035417
0 0.307812 0.679688 0.046875 0.055208
0 0.743229 0.541667 0.040625 0.020833
0 0.169792 0.304688 0.050000 0.034375
0 0.122396 0.652604 0.040625 0.044792
0 0.728646 0.568750 0.028125 0.039583
0 0.831771 0.411458 0.021875 0.037500
0 0.625000 0.379688 0.050000 0.038542
0 0.164583 0.145313 0.035417 0.040625
0 0.483854 0.155729 0.048958 0.055208
0 0.375000 0.519271 0.022917 0.038542
0 0.358333 0.629687 0.025000 0.046875
0 0.165625 0.571354 0.029167 0.040625
0 0.863542 0.913021 0.045833 0.036458
0 0.798958 0.769792 0.041667 0.031250
0 0.336979 0.916146 0.036458 0.040625
0 0.142708 0.887500 0.029167 0.045833
0 0.632812 0.522396 0.030208 0.051042
0 0.565625 0.180729 0.052083 0.032292
0 0.156250 0.114062 0.016667 0.034375
0 0.410938 0.122396 0.038542 0.040625
0 0.939583 0.697396 0.043750 0.048958
0 0.695312 0.197396 0.028125 0.051042
0 0.389583 0.249479 0.047917 0.048958
0 0.205208 0.342708 0.047917 0.041667
0 0.445312 0.625521 0.023958 0.046875
0 0.329167 0.821354 0.039583 0.036458
0 0.124479 0.569792 0.051042 0.033333
0 0.754687 0.458854 0.030208 0.044792
0 0.284896 0.410417 0.046875 0.031250
0 0.356250 0.464583 0.052083 0.039583
0 0.459896 0.858333 0.030208 0.039583
0 0.472396 0.525000 0.034375 0.052083
0 0.358854 0.536979 0.040625 0.030208
0 0.314583 0.875000 0.037500 0.031250
0 0.657292 0.613021 0.050000 0.040625
0 0.163021 0.503646 0.036458 0.040625
0 0.687500 0.889583 0.045833 0.029167
0 0.432812 0.340625 0.053125 0.035417
0 0.961458 0.465625 0.037500 0.033333
0 0.899479 0.463021 0.023958 0.042708
0 0.368750 0.427083 0.033333 0.037500
0 0.468229 0.380729 0.032292 0.053125
0 0.104688 0.541146 0.026042 0.046875
0 0.247917 0.464583 0.033333 0.037500
0 0.551042 0.838021 0.050000 0.040625
0 0.660937 0.352604 0.046875 0.048958
0 0.457292 0.104688 0.043750 0.028125
0 0.141146 0.401562 0.023958 0.040625
0 0.655729 0.293750 0.028125 0.043750
0 0.330729 0.858854 0.048958 0.046875
0 0.811458 0.683854 0.047917 0.032292
0 0.918750 0.089063 0.054167 0.046875
0 0.768750 0.785417 0.041667 0.039583
0 0.244792 0.903125 0.025000 0.047917
0 0.138542 0.828125 0.043750 0.025000
0 0.319792 0.527604 0.029167 0.040625
0 0.379688 0.502083 0.038542 0.029167
0 0.692708 0.568229 0.035417 0.040625
0 0.181250 0.091667 0.022917 0.037500
0 0.817187 0.155208 0.038542 0.033333
0 0.903646 0.431250 0.032292 0.039583
0 0.930208 0.147917 0.031250 0.045833
0 0.827604 0.378646 0.048958 0.046875
0 0.191146 0.761458 0.032292 0.043750
0 0.810937 0.513542 0.030208 0.050000
0 0.184896 0.515104 0.040625 0.028125
0 0.820312 0.584896 0.040625 0.036458
0 0.282813 0.773958 0.023958 0.043750
0 0.913021 0.583854 0.051042 0.028125
0 0.341667 0.842708 0.033333 0.037500
0 0.241146 0.797917 0.030208 0.043750
0 0.557813 0.158854 0.040625 0.028125
0 0.473438 0.566667 0.051042 0.035417
0 0.228646 0.112500 0.026042 0.041667
0 0.713021 0.926042 0.038542 0.029167
0 0.302604 0.890104 0.051042 0.053125
0 0.079687 0.532813 0.048958 0.055208
0 0.091146 0.292708 0.048958 0.052083
0 0.921354 0.892708 0.042708 0.054167
0 0.433333 0.402083 0.047917 0.035417
0 0.909375 0.758333 0.025000 0.037500
0 0.510417 0.739062 0.043750 0.030208
0 0.917708 0.269271 0.043750 0.048958
0 0.170833 0.485938 0.050000 0.034375
0 0.707812 0.441667 0.048958 0.027083
0 0.183854 0.410938 0.046875 0.038542
0 0.534896 0.422396 0.042708 0.044792
0 0.376563 0.218750 0.026042 0.050000
0 0.879687 0.241667 0.053125 0.043750
0 0.809375 0.464062 0.054167 0.046875
0 0.270833 0.226562 0.047917 0.030208
0 0.645833 0.227604 0.037500 0.019792
0 0.106250 0.618229 0.050000 0.034375
0 0.258333 0.173958 0.047917 0.052083
0 0.443750 0.580729 0.031250 0.051042
0 0.557292 0.337500 0.050000 0.029167
0 0.346354 0.932813 0.038542 0.040625
0 0.925000 0.697917 0.052083 0.045833
0 0.727604 0.659375 0.040625 0.047917
0 0.364063 0.507812 0.042708 0.055208
0 0.638021 0.543229 0.040625 0.036458
0 0.258333 0.966667 0.035417 0.047917
0 0.369271 0.345833 0.042708 0.039583
0 0.926562 0.605729 0.040625 0.023958
0 0.332813 0.317188 0.040625 0.044792
0 0.269271 0.885417 0.040625 0.041667
0 0.821354 0.860417 0.053125 0.045833
0 0.857292 0.533333 0.035417 0.020833
0 0.716667 0.648438 0.031250 0.048958
0 0.505729 0.135937 0.042708 0.023958
0 0.909375 0.353125 0.041667 0.047917
0 0.522396 0.761979 0.021875 0.042708
0 0.082812 0.851562 0.046875 0.026042
0 0.933854 0.416146 0.038542 0.038542
0 0.517708 0.728646 0.025000 0.038542
0 0.541146 0.235417 0.051042 0.050000
0 0.133854 0.377083 0.030208 0.050000
0 0.416146 0.409896 0.051042 0.044792
0 0.589063 0.525000 0.028125 0.045833
0 0.129688 0.234375 0.048958 0.033333
0 0.556250 0.170313 0.031250 0.044792
0 0.169792 0.514062 0.033333 0.053125
0 0.342708 0.809896 0.052083 0.034375
0 0.360417 0.355729 0.029167 0.044792
0 0.642188 0.739062 0.036458 0.040625
0 0.594792 0.671354 0.047917 0.032292
0 0.573438 0.866667 0.038542 0.025000
0 0.676042 0.360938 0.054167 0.040625
0 0.865104 0.222917 0.038542 0.027083
0 0.651563 0.429167 0.044792 0.052083
0 0.161458 0.393229 0.043750 0.048958
0 0.461458 0.915104 0.031250 0.053125
0 0.081250 0.174479 0.037500 0.044792
0 0.239063 0.552083 0.040625 0.047917
0 0.569271 0.386458 0.034375 0.039583
0 0.352083 0.454167 0.050000 0.029167
0 0.766146 0.700521 0.048958 0.030208
0 0.792708 0.183854 0.052083 0.034375
0 0.698958 0.308333 0.039583 0.041667
0 0.747917 0.592187 0.047917 0.046875
0 0.367708 0.561458 0.033333 0.043750
0 0.368750 0.853646 0.022917 0.038542
0 0.252083 0.130729 0.050000 0.053125
0 0.944792 0.082812 0.020833 0.038542
0 0.413542 0.246354 0.045833 0.032292
0 0.585938 0.456250 0.046875 0.043750
0 0.632812 0.869792 0.053125 0.039583
0 0.424479 0.902604 0.040625 0.026042
0 0.658854 0.188021 0.044792 0.055208
0 0.416667 0.739062 0.037500 0.048958
0 0.893750 0.769271 0.054167 0.046875
0 0.207292 0.402604 0.043750 0.040625
0 0.358854 0.395833 0.026042 0.045833
0 0.079167 0.148958 0.029167 0.050000
0 0.416667 0.859896 0.043750 0.030208
0 0.436458 0.540104 0.050000 0.026042
0 0.359896 0.343229 0.032292 0.053125
0 0.470313 0.830208 0.051042 0.050000
0 0.600000 0.173958 0.047917 0.027083
0 0.142187 0.737500 0.046875 0.029167
0 0.655729 0.759896 0.036458 0.040625
0 0.428125 0.877083 0.033333 0.043750
0 0.885417 0.640625 0.039583 0.047917
0 0.706771 0.601042 0.053125 0.039583
0 0.302083 0.632812 0.054167 0.036458
0 0.770312 0.360938 0.044792 0.055208
0 0.577083 0.204687 0.025000 0.046875
0 0.236458 0.257292 0.052083 0.045833
0 0.710938 0.217708 0.036458 0.043750
0 0.434896 0.820833 0.038542 0.035417
0 0.361458 0.938021 0.041667 0.032292
0 0.875521 0.370312 0.023958 0.042708
0 0.583333 0.112500 0.047917 0.052083
0 0.894792 0.636458 0.027083 0.041667
0 0.145313 0.930729 0.044792 0.032292
0 0.641667 0.663021 0.041667 0.048958
0 0.586458 0.963021 0.045833 0.048958
0 0.336979 0.247396 0.028125 0.040625
0 0.400000 0.663542 0.035417 0.037500
0 0.709375 0.184375 0.047917 0.050000
0 0.469271 0.662500 0.040625 0.025000
0 0.937500 0.514583 0.031250 0.045833
0 0.751563 0.592708 0.048958 0.025000
0 0.265104 0.725000 0.028125 0.045833
0 0.797396 0.307812 0.021875 0.038542
0 0.378646 0.550000 0.030208 0.039583
0 0.742188 0.456771 0.030208 0.040625
0 0.114062 0.753646 0.038542 0.019792
0 0.570312 0.698438 0.038542 0.046875
0 0.436458 0.557292 0.037500 0.031250
0 0.692187 0.111979 0.055208 0.048958
0 0.507812 0.625521 0.044792 0.040625
0 0.158333 0.632292 0.018750 0.035417
0 0.121354 0.431250 0.021875 0.041667
0 0.797917 0.695833 0.039583 0.022917
0 0.908854 0.382292 0.021875 0.037500
0 0.072917 0.394792 0.037500 0.029167
0 0.225521 0.694271 0.038542 0.040625
0 0.567708 0.789583 0.027083 0.047917
0 0.813021 0.484375 0.038542 0.043750
0 0.509896 0.223958 0.034375 0.039583
0 0.433854 0.329688 0.044792 0.051042
0 0.403646 0.619271 0.026042 0.046875
0 0.737500 0.493229 0.035417 0.048958
0 0.504167 0.816146 0.022917 0.038542
0 0.088021 0.190104 0.046875 0.055208
0 0.129167 0.332292 0.037500 0.041667
0 0.421354 0.235937 0.036458 0.046875
0 0.233854 0.437500 0.028125 0.041667
0 0.675000 0.631771 0.025000 0.038542
0 0.426563 0.728646 0.026042 0.040625
0 0.581771 0.411979 0.038542 0.051042
0 0.307292 0.845833 0.029167 0.050000
0 0.104167 0.805729 0.039583 0.048958
0 0.885417 0.923438 0.043750 0.048958
0 0.932813 0.877083 0.023958 0.041667
0 0.201563 0.944792 0.036458 0.043750
0 0.285417 0.234375 0.050000 0.050000
0 0.284375 0.431771 0.054167 0.048958
0 0.732292 0.739583 0.050000 0.029167
0 0.261458 0.200521 0.054167 0.040625
0 0.483854 0.618750 0.042708 0.047917
0 0.350521 0.919271 0.042708 0.055208
0 0.718229 0.741146 0.051042 0.044792
0 0.477083 0.821354 0.041667 0.055208
0 0.735417 0.491667 0.041667 0.039583
0 0.302083 0.879167 0.020833 0.035417
0 0.365625 0.395833 0.043750 0.035417
0 0.419271 0.781771 0.036458 0.051042
0 0.816667 0.354687 0.041667 0.023958
0 0.720833 0.519792 0.041667 0.039583
0 0.492188 0.291667 0.048958 0.052083
0 0.561979 0.615104 0.051042 0.040625
0 0.132292 0.195312 0.045833 0.038542
0 0.736979 0.451042 0.038542 0.033333
0 0.557813 0.545833 0.053125 0.047917
0 0.704167 0.906250 0.050000 0.050000
0 0.865104 0.673958 0.040625 0.041667
0 0.784896 0.617708 0.021875 0.037500
0 0.580208 0.493750 0.041667 0.047917
0 0.561458 0.862500 0.043750 0.045833
0 0.813021 0.556771 0.051042 0.042708
0 0.950000 0.219271 0.039583 0.036458
0 0.594271 0.226562 0.055208 0.048958
0 0.268229 0.129167 0.040625 0.047917
0 0.706250 0.530729 0.039583 0.038542
0 0.104167 0.105729 0.035417 0.044792
0 0.372917 0.234375 0.037500 0.029167
0 0.947917 0.197917 0.039583 0.041667
0 0.560937 0.803125 0.046875 0.043750
0 0.698958 0.271354 0.029167 0.044792
0 0.432812 0.474479 0.044792 0.032292
0 0.821354 0.350521 0.048958 0.034375
0 0.198437 0.526042 0.042708 0.027083
0 0.410938 0.520833 0.042708 0.031250
0 0.448437 0.692187 0.046875 0.036458
0 0.542708 0.759375 0.020833 0.035417
0 0.247396 0.760417 0.028125 0.045833
0 0.632812 0.460417 0.038542 0.043750
0 0.172396 0.254167 0.028125 0.039583
0 0.860938 0.655208 0.046875 0.031250
0 0.333854 0.666667 0.042708 0.039583