0 0.600000 0.158333 0.041667 0.052083
0 0.898958 0.905208 0.041667 0.027083
0 0.676562 0.429688 0.040625 0.028125
0 0.965625 0.931771 0.039583 0.048958
0 0.578125 0.847396 0.039583 0.034375
0 0.717187 0.419271 0.030208 0.040625
0 0.433333 0.879167 0.025000 0.043750
0 0.194792 0.308854 0.050000 0.053125
0 0.474479 0.784896 0.019792 0.038542
0 0.533854 0.642708 0.042708 0.039583
0 0.430208 0.526042 0.022917 0.037500
0 0.830208 0.447396 0.039583 0.030208
0 0.756771 0.315625 0.032292 0.043750
0 0.646875 0.269271 0.054167 0.048958
0 0.101042 0.303646 0.041667 0.032292
0 0.944271 0.885417 0.040625 0.047917
0 0.687500 0.774479 0.037500 0.019792
0 0.606250 0.654167 0.020833 0.041667
0 0.329167 0.121875 0.041667 0.047917
0 0.145833 0.808854 0.047917 0.048958
0 0.482812 0.536979 0.030208 0.048958
0 0.103646 0.584896 0.023958 0.040625
0 0.323437 0.927083 0.030208 0.050000
0 0.279687 0.335938 0.040625 0.030208
0 0.122396 0.297396 0.051042 0.042708
0 0.798438 0.226042 0.032292 0.039583
0 0.084375 0.243750 0.041667 0.027083
0 0.826562 0.719271 0.044792 0.030208
0 0.478646 0.568229 0.042708 0.021875
0 0.257292 0.171875 0.029167 0.050000
0 0.327083 0.607292 0.043750 0.033333
0 0.572396 0.579688 0.055208 0.038542
0 0.906771 0.543229 0.046875 0.038542
0 0.483854 0.284375 0.053125 0.039583
0 0.477604 0.142187 0.046875 0.048958
0 0.922396 0.555729 0.032292 0.040625
0 0.621875 0.130729 0.039583 0.028125
0 0.189583 0.078646 0.043750 0.026042
0 0.821354 0.270833 0.030208 0.039583
0 0.880729 0.681771 0.048958 0.055208
0 0.156250 0.321354 0.050000 0.040625
0 0.270833 0.956771 0.027083 0.038542
0 0.610417 0.302604 0.050000 0.053125
0 0.413542 0.146875 0.052083 0.045833
0 0.343229 0.793229 0.036458 0.040625
0 0.593229 0.456250 0.023958 0.041667
0 0.677083 0.222396 0.027083 0.038542
0 0.239063 0.812500 0.036458 0.018750
0 0.272396 0.073958 0.038542 0.033333
0 0.143750 0.496354 0.031250 0.048958
0 0.088021 0.243750 0.046875 0.043750
0 0.602604 0.616146 0.042708 0.051042
0 0.290625 0.285417 0.043750 0.035417
0 0.105208 0.111979 0.035417 0.040625
0 0.659375 0.539583 0.047917 0.035417
0 0.519271 0.558854 0.051042 0.042708
0 0.108333 0.576562 0.052083 0.034375
0 0.903646 0.296354 0.055208 0.048958
0 0.177604 0.380729 0.044792 0.030208
0 0.683333 0.332813 0.047917 0.053125
0 0.661979 0.817187 0.053125 0.051042
0 0.552083 0.567708 0.027083 0.045833
0 0.959375 0.636979 0.047917 0.044792
0 0.621354 0.636458 0.040625 0.041667
0 0.912500 0.088542 0.037500 0.047917
0 0.414583 0.882292 0.039583 0.020833
0 0.683854 0.325000 0.038542 0.027083
0 0.205729 0.440104 0.042708 0.051042
0 0.828125 0.633333 0.037500 0.033333
0 0.945312 0.808333 0.023958 0.037500
0 0.222396 0.098437 0.044792 0.051042
0 0.228646 0.813021 0.028125 0.048958
0 0.341667 0.218750 0.031250 0.037500
0 0.666146 0.359375 0.053125 0.047917
0 0.679167 0.447917 0.047917 0.035417
0 0.966146 0.359375 0.040625 0.022917
0 0.213021 0.614062 0.040625 0.028125
0 0.647396 0.514583 0.021875 0.039583
0 0.273958 0.683333 0.043750 0.033333
0 0.515625 0.946875 0.037500 0.025000
0 0.817187 0.873437 0.051042 0.036458
0 0.517188 0.512500 0.036458 0.037500
0 0.377604 0.345313 0.042708 0.051042
0 0.482812 0.597396 0.055208 0.044792
0 0.142187 0.702604 0.040625 0.044792
0 0.871354 0.153646 0.034375 0.053125
0 0.702083 0.575000 0.041667 0.037500
0 0.546354 0.570833 0.032292 0.047917
0 0.726562 0.500521 0.042708 0.023958
0 0.465104 0.860417 0.036458 0.037500
0 0.458333 0.131771 0.022917 0.042708
0 0.595313 0.923958 0.046875 0.045833
0 0.096875 0.183333 0.047917 0.041667
0 0.609375 0.248958 0.041667 0.047917
0 0.645312 0.876042 0.042708 0.039583
0 0.077083 0.108333 0.027083 0.047917
0 0.199479 0.727083 0.030208 0.050000
0 0.125000 0.478125 0.043750 0.037500
0 0.751563 0.444792 0.048958 0.027083
0 0.864062 0.264062 0.028125 0.044792
0 0.801042 0.833854 0.037500 0.038542
0 0.117188 0.770833 0.038542 0.047917
0 0.691146 0.450521 0.055208 0.042708
0 0.514062 0.857292 0.040625 0.041667
0 0.493229 0.808333 0.028125 0.041667
0 0.172917 0.108854 0.045833 0.038542
0 0.721875 0.211979 0.043750 0.040625
0 0.582812 0.827083 0.032292 0.039583
0 0.696875 0.865625 0.045833 0.052083
0 0.760938 0.343750 0.053125 0.039583
0 0.265625 0.803125 0.035417 0.043750
0 0.461979 0.513542 0.034375 0.043750
0 0.609896 0.373958 0.046875 0.031250
0 0.358333 0.319792 0.043750 0.035417
0 0.725000 0.636979 0.052083 0.053125
0 0.264062 0.560937 0.036458 0.046875
0 0.111458 0.727604 0.035417 0.040625
0 0.606771 0.939063 0.044792 0.051042
0 0.702083 0.083854 0.020833 0.042708
0 0.255208 0.905208 0.050000 0.031250
0 0.874479 0.094271 0.053125 0.034375
0 0.158854 0.310937 0.034375 0.040625
0 0.161458 0.406250 0.027083 0.037500
0 0.879687 0.493229 0.044792 0.055208
0 0.923958 0.117708 0.035417 0.052083
0 0.516146 0.233854 0.026042 0.044792
0 0.298958 0.512500 0.052083 0.039583
0 0.311979 0.423438 0.044792 0.055208
0 0.544792 0.286979 0.045833 0.055208
0 0.130208 0.253646 0.025000 0.046875
0 0.938021 0.923438 0.051042 0.034375
0 0.821875 0.926042 0.018750 0.035417
0 0.254167 0.866667 0.047917 0.025000
0 0.707812 0.388021 0.038542 0.038542
0 0.204687 0.079687 0.048958 0.046875
0 0.244271 0.708333 0.030208 0.050000
0 0.578646 0.536458 0.048958 0.039583
0 0.679167 0.467708 0.041667 0.039583
0 0.644792 0.936979 0.035417 0.040625
0 0.160938 0.722396 0.040625 0.036458
0 0.883854 0.805729 0.026042 0.040625
0 0.405729 0.292187 0.028125 0.044792
0 0.670312 0.286458 0.048958 0.041667
0 0.184896 0.190104 0.044792 0.040625
0 0.789062 0.837500 0.038542 0.033333
0 0.916667 0.348958 0.033333 0.050000
0 0.424479 0.925521 0.048958 0.023958
0 0.937500 0.894271 0.050000 0.038542
0 0.614583 0.483333 0.027083 0.041667
0 0.751563 0.729167 0.036458 0.037500
0 0.693750 0.215104 0.050000 0.034375
0 0.839583 0.178646 0.050000 0.038542
0 0.843229 0.338542 0.028125 0.045833
0 0.535937 0.733333 0.046875 0.022917
0 0.400000 0.896354 0.050000 0.044792
0 0.498437 0.143750 0.042708 0.054167
0 0.527083 0.969792 0.031250 0.045833
0 0.298438 0.452604 0.055208 0.048958
0 0.300000 0.754167 0.052083 0.043750
0 0.568229 0.293750 0.038542 0.018750
0 0.886979 0.519792 0.036458 0.052083
0 0.871875 0.873437 0.043750 0.048958
0 0.471354 0.668750 0.040625 0.041667
0 0.662500 0.412500 0.035417 0.037500
0 0.738021 0.219792 0.036458 0.037500
0 0.618229 0.635417 0.030208 0.039583
0 0.766146 0.861979 0.036458 0.055208
0 0.242188 0.813021 0.042708 0.044792
0 0.137500 0.173437 0.027083 0.042708
0 0.105729 0.798958 0.028125 0.039583
0 0.266667 0.283854 0.039583 0.044792
0 0.942187 0.913021 0.032292 0.040625
0 0.601562 0.414062 0.053125 0.051042
0 0.280208 0.417187 0.029167 0.040625
0 0.211458 0.885417 0.035417 0.037500
0 0.689063 0.163542 0.028125 0.050000
0 0.236979 0.473438 0.055208 0.040625
0 0.150000 0.532813 0.039583 0.019792
0 0.486979 0.113542 0.026042 0.037500
0 0.881250 0.156250 0.037500 0.035417
0 0.155729 0.160417 0.053125 0.039583
0 0.225521 0.746875 0.042708 0.047917
0 0.138542 0.875521 0.022917 0.038542
0 0.329688 0.215104 0.034375 0.040625
0 0.158333 0.198958 0.043750 0.037500
0 0.391667 0.383333 0.039583 0.052083
0 0.630208 0.391667 0.035417 0.037500
0 0.802083 0.232813 0.035417 0.044792
0 0.110417 0.155208 0.037500 0.027083
0 0.464062 0.329167 0.040625 0.022917
0 0.452604 0.808854 0.046875 0.023958
0 0.891146 0.447917 0.030208 0.050000
0 0.548438 0.149479 0.026042 0.051042
0 0.506771 0.875521 0.055208 0.042708
0 0.469792 0.340104 0.022917 0.040625
0 0.767708 0.945312 0.039583 0.026042
0 0.655208 0.921875 0.037500 0.047917
0 0.529687 0.695312 0.028125 0.051042
0 0.489583 0.936979 0.029167 0.044792
0 0.614062 0.687500 0.046875 0.031250
0 0.959375 0.448437 0.052083 0.053125
0 0.406250 0.732812 0.029167 0.040625
0 0.854167 0.912500 0.031250 0.037500
0 0.242188 0.927604 0.032292 0.046875
0 0.204687 0.510938 0.042708 0.051042
0 0.767188 0.159375 0.048958 0.041667
0 0.680208 0.120313 0.039583 0.026042
0 0.655208 0.748958 0.050000 0.050000
0 0.839583 0.600521 0.045833 0.038542
0 0.920833 0.222917 0.047917 0.035417
0 0.602604 0.944792 0.036458 0.037500
0 0.613542 0.811458 0.047917 0.050000
0 0.348438 0.639583 0.036458 0.047917
0 0.265625 0.343229 0.025000 0.038542
0 0.401562 0.632812 0.053125 0.034375
0 0.665625 0.696354 0.054167 0.036458
0 0.254688 0.698958 0.042708 0.027083
0 0.732812 0.152604 0.048958 0.046875
0 0.711979 0.691146 0.028125 0.048958
0 0.305729 0.668229 0.028125 0.048958
0 0.319271 0.569792 0.042708 0.037500
0 0.607812 0.798438 0.040625 0.038542
0 0.249479 0.551562 0.028125 0.046875
0 0.343229 0.172396 0.040625 0.028125
0 0.924479 0.088021 0.028125 0.048958
0 0.127604 0.940625 0.044792 0.047917
0 0.766667 0.184896 0.045833 0.038542
0 0.678646 0.543229 0.051042 0.036458
0 0.092708 0.889062 0.037500 0.048958
0 0.573438 0.166667 0.048958 0.041667
0 0.336458 0.161979 0.054167 0.042708
0 0.506250 0.412500 0.043750 0.052083
0 0.416667 0.178125 0.029167 0.041667
0 0.484375 0.846875 0.035417 0.037500
0 0.518229 0.163021 0.048958 0.055208
0 0.490625 0.904687 0.043750 0.028125
0 0.432292 0.698958 0.050000 0.031250
0 0.588542 0.716146 0.031250 0.040625
0 0.865625 0.594792 0.037500 0.027083
0 0.456771 0.933333 0.048958 0.025000
0 0.168229 0.685937 0.044792 0.028125
0 0.700000 0.073958 0.052083 0.037500
0 0.793750 0.664583 0.041667 0.052083
0 0.626563 0.178646 0.048958 0.030208
0 0.703125 0.619271 0.039583 0.053125
0 0.326562 0.353646 0.055208 0.048958
0 0.555208 0.703125 0.037500 0.033333
0 0.113021 0.729688 0.034375 0.053125
0 0.705208 0.257812 0.035417 0.044792
0 0.956771 0.244792 0.038542 0.037500
0 0.897917 0.391667 0.037500 0.043750
0 0.718229 0.475521 0.051042 0.042708
0 0.560417 0.428125 0.041667 0.047917
0 0.537500 0.877604 0.041667 0.021875
0 0.662500 0.249479 0.025000 0.038542
0 0.351562 0.784375 0.046875 0.031250
0 0.840104 0.135937 0.040625 0.038542
0 0.107292 0.080208 0.031250 0.041667
0 0.463021 0.922396 0.038542 0.051042
0 0.617188 0.387500 0.038542 0.035417
0 0.613542 0.590625 0.050000 0.050000
0 0.784896 0.659896 0.042708 0.055208
0 0.795312 0.904167 0.044792 0.025000
0 0.727083 0.431250 0.033333 0.047917
0 0.131250 0.274479 0.047917 0.023958
0 0.235417 0.890625 0.041667 0.027083
0 0.184375 0.458854 0.054167 0.044792
0 0.741667 0.917188 0.031250 0.044792
0 0.540104 0.707292 0.042708 0.029167
0 0.190104 0.700521 0.040625 0.030208
0 0.905729 0.573958 0.030208 0.047917
0 0.092188 0.923958 0.053125 0.039583
0 0.812500 0.164583 0.043750 0.035417
0 0.591667 0.418750 0.037500 0.052083
0 0.358854 0.248438 0.040625 0.038542
0 0.883333 0.389583 0.037500 0.031250
0 0.682813 0.618750 0.040625 0.041667
0 0.153646 0.535937 0.026042 0.044792
0 0.131250 0.204687 0.052083 0.051042
0 0.637500 0.094271 0.054167 0.044792
0 0.565104 0.833854 0.040625 0.051042
0 0.503646 0.170833 0.053125 0.045833
0 0.384896 0.709896 0.046875 0.055208
0 0.315625 0.698958 0.037500 0.033333
0 0.629167 0.193229 0.045833 0.034375
0 0.802083 0.649479 0.029167 0.040625
0 0.689583 0.524479 0.037500 0.044792
0 0.501563 0.330208 0.026042 0.041667
0 0.448958 0.491667 0.022917 0.039583
0 0.291146 0.189583 0.032292 0.039583
0 0.382292 0.739583 0.029167 0.050000
0 0.465104 0.479687 0.023958 0.040625
0 0.722396 0.706250 0.040625 0.022917
0 0.196875 0.575000 0.052083 0.043750
0 0.824479 0.670833 0.053125 0.039583
0 0.556250 0.962500 0.027083 0.045833
0 0.967187 0.656250 0.038542 0.037500
0 0.221875 0.182292 0.025000 0.039583
0 0.836458 0.249479 0.039583 0.055208
0 0.686458 0.239063 0.047917 0.028125
0 0.903125 0.182292 0.035417 0.052083
0 0.354687 0.793229 0.040625 0.028125
0 0.714583 0.633333 0.052083 0.045833
0 0.591146 0.194792 0.032292 0.039583
0 0.291667 0.858854 0.035417 0.040625
0 0.311458 0.512500 0.052083 0.045833
0 0.199479 0.339062 0.028125 0.048958
0 0.258854 0.175000 0.042708 0.031250
0 0.616667 0.246875 0.037500 0.033333
0 0.614583 0.961458 0.041667 0.037500
0 0.820312 0.905208 0.019792 0.035417
0 0.142187 0.419792 0.048958 0.025000
0 0.957812 0.730208 0.044792 0.047917
0 0.296354 0.963542 0.046875 0.031250
0 0.485938 0.896354 0.048958 0.055208
0 0.373437 0.659375 0.046875 0.043750
0 0.605208 0.154167 0.045833 0.043750
0 0.709375 0.709896 0.025000 0.038542
0 0.458854 0.356771 0.026042 0.040625
0 0.896354 0.294792 0.026042 0.045833
0 0.893750 0.583854 0.045833 0.034375
0 0.953646 0.389583 0.042708 0.037500
0 0.877083 0.715625 0.033333 0.037500
0 0.858333 0.538021 0.043750 0.042708
0 0.141667 0.109896 0.039583 0.028125
0 0.920833 0.648438 0.045833 0.048958
0 0.669792 0.669792 0.020833 0.039583
0 0.086458 0.216667 0.039583 0.047917
0 0.174479 0.720833 0.038542 0.047917
0 0.404167 0.581771 0.027083 0.042708
0 0.940625 0.440625 0.043750 0.045833
0 0.669271 0.520833 0.042708 0.054167
0 0.825000 0.569271 0.054167 0.048958
0 0.761979 0.498958 0.042708 0.020833
0 0.267188 0.546875 0.038542 0.043750
0 0.415104 0.236458 0.038542 0.043750
0 0.400000 0.830729 0.043750 0.030208
0 0.225521 0.552083 0.032292 0.039583
0 0.225521 0.372917 0.038542 0.035417
0 0.282292 0.427083 0.052083 0.035417
0 0.625521 0.167187 0.023958 0.046875
0 0.159896 0.183854 0.034375 0.046875
0 0.535417 0.366146 0.031250 0.044792
0 0.631250 0.669792 0.037500 0.033333
0 0.141146 0.494271 0.040625 0.026042
0 0.385937 0.460938 0.048958 0.032292
0 0.328646 0.558333 0.032292 0.047917
0 0.294271 0.085417 0.042708 0.047917
0 0.345313 0.142187 0.036458 0.040625
0 0.100521 0.668750 0.051042 0.047917
0 0.628646 0.234896 0.046875 0.026042
0 0.822396 0.805729 0.046875 0.055208
0 0.382812 0.530729 0.051042 0.038542
0 0.173958 0.208333 0.022917 0.043750
0 0.776042 0.200000 0.043750 0.045833
0 0.515104 0.174479 0.030208 0.048958
0 0.127604 0.456771 0.048958 0.055208
0 0.135417 0.733333 0.031250 0.045833
0 0.545312 0.615625 0.026042 0.045833
0 0.315104 0.823438 0.026042 0.040625
0 0.892708 0.225521 0.039583 0.036458
0 0.391146 0.232292 0.042708 0.027083
0 0.623437 0.117708 0.053125 0.035417
0 0.451562 0.182812 0.055208 0.038542
0 0.235937 0.643229 0.040625 0.026042
0 0.580729 0.619271 0.051042 0.038542
0 0.772917 0.100000 0.047917 0.050000
0 0.208333 0.483333 0.037500 0.047917
0 0.224479 0.557813 0.040625 0.026042
0 0.387500 0.138021 0.045833 0.055208
0 0.120313 0.148438 0.051042 0.030208
0 0.269271 0.469271 0.036458 0.051042
0 0.471875 0.906771 0.029167 0.048958
0 0.618229 0.861458 0.044792 0.047917
0 0.381250 0.877604 0.031250 0.040625
0 0.652604 0.450000 0.030208 0.047917
0 0.233854 0.938021 0.042708 0.055208
0 0.925000 0.576042 0.045833 0.022917
0 0.950521 0.074479 0.055208 0.044792
0 0.908854 0.652083 0.028125 0.039583
0 0.101562 0.607812 0.040625 0.032292
0 0.789583 0.339062 0.054167 0.046875
0 0.688021 0.509375 0.042708 0.037500
0 0.897917 0.081771 0.022917 0.042708
0 0.246875 0.405729 0.033333 0.040625
0 0.391667 0.576562 0.054167 0.048958
0 0.715625 0.465104 0.043750 0.026042
0 0.438021 0.606771 0.040625 0.026042
0 0.643229 0.513542 0.042708 0.054167
0 0.602604 0.921354 0.053125 0.051042
0 0.898958 0.238021 0.027083 0.051042
0 0.185938 0.488542 0.034375 0.047917
0 0.289583 0.082292 0.045833 0.043750
0 0.484375 0.132292 0.037500 0.035417
0 0.103646 0.625521 0.040625 0.038542
0 0.950000 0.229687 0.054167 0.048958
0 0.405729 0.569271 0.026042 0.044792
0 0.746875 0.786458 0.027083 0.043750
0 0.825000 0.876563 0.025000 0.042708
0 0.221875 0.570833 0.029167 0.050000
0 0.334375 0.554688 0.050000 0.044792
0 0.967187 0.769271 0.040625 0.055208
0 0.281771 0.684375 0.053125 0.039583
0 0.866667 0.750000 0.035417 0.043750
0 0.621875 0.781771 0.022917 0.044792
0 0.556771 0.867708 0.034375 0.039583
0 0.547396 0.453125 0.034375 0.039583
0 0.753646 0.417708 0.034375 0.052083
0 0.366146 0.520833 0.051042 0.031250
0 0.803125 0.683333 0.043750 0.035417
0 0.627083 0.632812 0.035417 0.048958
0 0.296354 0.083333 0.040625 0.020833
0 0.509375 0.439063 0.045833 0.036458
0 0.588542 0.134375 0.037500 0.047917
0 0.479687 0.508854 0.030208 0.044792
0 0.215625 0.914583 0.045833 0.052083
0 0.905729 0.836979 0.023958 0.040625
0 0.075521 0.077083 0.034375 0.047917
0 0.394792 0.617188 0.047917 0.046875
0 0.189062 0.218750 0.051042 0.050000
0 0.113021 0.652083 0.038542 0.025000
0 0.147917 0.918750 0.045833 0.045833
0 0.895312 0.634375 0.036458 0.047917
0 0.141146 0.587500 0.046875 0.043750
0 0.847917 0.594271 0.039583 0.034375
0 0.455208 0.222917 0.045833 0.043750
0 0.551042 0.259375 0.043750 0.045833
0 0.740625 0.852083 0.047917 0.050000
0 0.356771 0.206771 0.040625 0.055208
0 0.446875 0.566667 0.043750 0.035417
0 0.586979 0.118229 0.034375 0.053125
0 0.467708 0.591146 0.045833 0.026042
0 0.340104 0.299479 0.053125 0.032292
0 0.430729 0.339583 0.048958 0.052083
0 0.360417 0.698958 0.037500 0.018750
0 0.541667 0.761458 0.039583 0.022917
0 0.708333 0.918229 0.041667 0.044792
0 0.085938 0.289583 0.036458 0.043750
0 0.518750 0.462500 0.043750 0.033333
0 0.727604 0.429688 0.030208 0.048958
0 0.305208 0.938021 0.025000 0.042708
0 0.867188 0.145313 0.044792 0.030208
0 0.227083 0.675521 0.041667 0.048958
0 0.736458 0.718229 0.039583 0.055208
0 0.529687 0.630208 0.038542 0.052083
0 0.834375 0.243750 0.047917 0.039583
0 0.336458 0.357812 0.045833 0.026042
0 0.673438 0.389583 0.042708 0.031250
0 0.154688 0.501563 0.032292 0.053125
0 0.268229 0.809375 0.044792 0.035417
0 0.337500 0.402604 0.047917 0.046875
0 0.372917 0.266146 0.052083 0.051042
0 0.640104 0.247917 0.017708 0.035417
0 0.861458 0.719792 0.047917 0.025000
0 0.139583 0.238542 0.031250 0.041667
0 0.348958 0.879687 0.039583 0.036458
0 0.466146 0.495833 0.028125 0.039583
0 0.934375 0.911458 0.037500 0.033333
0 0.752604 0.513021 0.044792 0.055208
0 0.574479 0.834896 0.044792 0.030208
0 0.794271 0.526563 0.046875 0.048958
0 0.715104 0.575000 0.023958 0.045833
0 0.225521 0.720313 0.034375 0.051042
0 0.685417 0.760417 0.033333 0.043750
0 0.284375 0.468229 0.043750 0.021875
0 0.345313 0.496354 0.028125 0.044792
0 0.601562 0.279687 0.023958 0.042708
0 0.247917 0.947917 0.029167 0.041667
0 0.564063 0.530208 0.044792 0.025000
0 0.926042 0.928646 0.050000 0.053125
0 0.156771 0.344271 0.051042 0.044792
0 0.935937 0.094271 0.023958 0.040625
0 0.588021 0.453125 0.046875 0.029167
0 0.675000 0.795312 0.039583 0.030208
0 0.633333 0.157812 0.043750 0.048958
0 0.161979 0.783854 0.038542 0.046875
0 0.658854 0.618229 0.040625 0.051042
0 0.556771 0.683854 0.046875 0.034375
0 0.290625 0.780729 0.045833 0.038542
0 0.877604 0.240625 0.048958 0.027083
0 0.514583 0.153125 0.045833 0.045833
0 0.157812 0.578646 0.046875 0.034375
0 0.842187 0.478125 0.046875 0.043750
0 0.865104 0.468750 0.026042 0.041667
0 0.419792 0.953646 0.022917 0.040625
0 0.306250 0.317708 0.025000 0.037500
0 0.185417 0.863021 0.045833 0.038542
0 0.480729 0.910417 0.042708 0.054167
0 0.247917 0.652604 0.054167 0.044792
0 0.243750 0.257292 0.045833 0.022917
0 0.210417 0.191146 0.045833 0.038542
0 0.714583 0.854167 0.043750 0.035417
0 0.092708 0.198958 0.047917 0.027083
0 0.410417 0.116146 0.041667 0.042708
0 0.713542 0.157292 0.022917 0.043750
0 0.939063 0.843750 0.036458 0.052083
0 0.149479 0.331771 0.040625 0.026042
0 0.314063 0.266146 0.046875 0.055208
0 0.675000 0.297396 0.033333 0.040625
0 0.308854 0.564063 0.040625 0.036458
0 0.629167 0.242188 0.041667 0.023958
0 0.198437 0.730208 0.048958 0.041667
0 0.326562 0.220312 0.044792 0.030208
0 0.315104 0.714063 0.042708 0.023958
0 0.928125 0.150521 0.047917 0.046875
0 0.346354 0.960417 0.030208 0.047917
0 0.673958 0.321354 0.039583 0.028125
0 0.323958 0.183854 0.027083 0.042708
0 0.192708 0.636979 0.039583 0.034375
0 0.374479 0.436979 0.032292 0.048958
0 0.890625 0.282292 0.037500 0.025000
0 0.270833 0.856250 0.037500 0.033333
0 0.822917 0.534375 0.035417 0.022917
0 0.783854 0.626563 0.044792 0.055208
0 0.268229 0.438542 0.036458 0.037500
0 0.426563 0.245833 0.042708 0.047917
0 0.256250 0.589583 0.047917 0.050000
0 0.156250 0.162500 0.033333 0.043750
0 0.570312 0.273438 0.042708 0.044792
0 0.833854 0.111979 0.034375 0.048958
0 0.528646 0.750521 0.026042 0.051042
0 0.123958 0.827604 0.033333 0.040625
0 0.201563 0.329167 0.048958 0.027083
0 0.114583 0.382292 0.022917 0.039583
0 0.165625 0.829167 0.031250 0.037500
0 0.502604 0.183333 0.042708 0.047917
0 0.932813 0.247396 0.044792 0.040625
0 0.711458 0.274479 0.037500 0.048958
0 0.818229 0.227083 0.019792 0.037500
0 0.092188 0.575521 0.044792 0.048958
0 0.433854 0.602604 0.040625 0.030208
0 0.505208 0.585938 0.050000 0.034375
0 0.559896 0.891146 0.040625 0.044792
0 0.419271 0.189062 0.026042 0.040625
0 0.240625 0.570833 0.037500 0.047917
0 0.330729 0.835417 0.023958 0.043750
0 0.509375 0.322396 0.039583 0.030208
0 0.322396 0.154167 0.051042 0.029167
0 0.077604 0.414583 0.036458 0.018750
0 0.176042 0.895312 0.033333 0.044792
0 0.582292 0.116667 0.039583 0.052083
0 0.286979 0.852083 0.040625 0.022917
0 0.644271 0.922396 0.042708 0.055208
0 0.960938 0.947396 0.040625 0.034375
0 0.689063 0.301042 0.046875 0.043750
0 0.868229 0.165104 0.040625 0.019792
0 0.417708 0.438021 0.037500 0.040625
0 0.676042 0.497396 0.045833 0.048958
0 0.464062 0.781771 0.055208 0.040625
0 0.511979 0.073438 0.040625 0.034375
0 0.943750 0.835417 0.045833 0.052083
0 0.209375 0.391146 0.039583 0.036458
0 0.759896 0.617708 0.048958 0.039583
0 0.678125 0.467708 0.041667 0.047917
0 0.869271 0.520833 0.036458 0.037500
0 0.342708 0.158854 0.043750 0.040625
0 0.946875 0.872396 0.039583 0.044792
0 0.482812 0.526042 0.046875 0.029167
0 0.788021 0.902604 0.040625 0.026042
0 0.154167 0.186979 0.039583 0.044792
0 0.523958 0.599479 0.037500 0.038542
0 0.082292 0.920833 0.033333 0.016667
0 0.865625 0.284896 0.039583 0.028125
0 0.807813 0.173958 0.044792 0.045833
0 0.863542 0.760417 0.050000 0.031250
0 0.438542 0.767708 0.041667 0.037500
0 0.312500 0.246354 0.043750 0.048958
0 0.442188 0.311458 0.042708 0.027083
0 0.175000 0.601042 0.052083 0.035417
0 0.355208 0.693229 0.039583 0.038542
0 0.631771 0.369792 0.038542 0.025000
0 0.089583 0.858854 0.045833 0.048958
0 0.709896 0.506771 0.040625 0.051042
0 0.291146 0.629167 0.046875 0.031250
0 0.875521 0.672917 0.046875 0.052083
0 0.770312 0.948438 0.042708 0.023958
0 0.592187 0.337500 0.038542 0.031250
0 0.611979 0.535937 0.026042 0.046875
0 0.538542 0.533854 0.052083 0.034375
0 0.960938 0.947396 0.051042 0.040625
0 0.792708 0.915625 0.035417 0.020833
0 0.335938 0.645833 0.048958 0.052083
0 0.518229 0.956771 0.046875 0.036458
0 0.465625 0.681771 0.045833 0.038542
0 0.800521 0.499479 0.053125 0.034375
0 0.264583 0.528125 0.037500 0.033333
0 0.738021 0.464062 0.042708 0.051042
0 0.833333 0.930208 0.037500 0.027083
0 0.470313 0.384375 0.023958 0.045833
0 0.661979 0.831771 0.040625 0.036458
0 0.759896 0.512500 0.042708 0.027083
0 0.736979 0.571354 0.053125 0.053125
0 0.509896 0.712500 0.036458 0.043750
0 0.465625 0.603125 0.029167 0.041667
0 0.757812 0.721875 0.028125 0.041667
0 0.375000 0.514583 0.027083 0.041667
0 0.805208 0.518750 0.047917 0.033333
0 0.184375 0.572917 0.039583 0.022917
0 0.459896 0.197917 0.048958 0.041667
0 0.947396 0.200000 0.028125 0.043750
0 0.834375 0.905208 0.035417 0.047917
0 0.189062 0.494271 0.053125 0.034375
0 0.830208 0.260937 0.045833 0.038542
0 0.598437 0.413542 0.042708 0.027083
0 0.542188 0.485417 0.040625 0.041667
0 0.282292 0.476562 0.035417 0.040625
0 0.581771 0.544271 0.028125 0.044792
0 0.597917 0.669792 0.043750 0.052083
0 0.216146 0.796875 0.038542 0.031250
0 0.860938 0.778125 0.026042 0.050000
0 0.842187 0.139583 0.026042 0.041667
0 0.458854 0.499479 0.048958 0.032292
0 0.667708 0.832292 0.027083 0.045833
0 0.888542 0.484375 0.043750 0.025000
0 0.769792 0.751563 0.045833 0.034375
0 0.452083 0.619271 0.050000 0.040625
0 0.971875 0.268750 0.047917 0.025000
0 0.452083 0.321875 0.045833 0.052083
0 0.933854 0.450521 0.044792 0.042708
0 0.688542 0.964063 0.037500 0.053125
0 0.613542 0.110417 0.041667 0.029167
0 0.320833 0.801042 0.031250 0.037500
0 0.138021 0.707292 0.038542 0.047917
0 0.243229 0.263021 0.053125 0.051042
0 0.414583 0.396875 0.035417 0.018750
0 0.065104 0.551562 0.026042 0.040625
0 0.280729 0.219271 0.038542 0.051042
0 0.385937 0.936458 0.048958 0.039583
0 0.175000 0.957292 0.047917 0.033333
0 0.769271 0.632812 0.055208 0.048958
0 0.296354 0.913021 0.044792 0.030208
0 0.580208 0.384896 0.043750 0.042708
0 0.594271 0.535937 0.044792 0.028125
0 0.756771 0.093750 0.048958 0.035417
0 0.905729 0.170833 0.038542 0.043750
0 0.289583 0.204687 0.045833 0.036458
0 0.610938 0.559375 0.028125 0.041667
0 0.878125 0.359375 0.031250 0.045833
0 0.280208 0.740625 0.041667 0.025000
0 0.089063 0.380729 0.055208 0.040625
0 0.420833 0.151042 0.031250 0.043750
0 0.477083 0.744271 0.027083 0.040625
0 0.306250 0.427604 0.020833 0.042708
0 0.750000 0.295833 0.047917 0.041667
0 0.700521 0.630208 0.034375 0.039583
0 0.801042 0.308854 0.037500 0.053125
0 0.584375 0.626563 0.050000 0.044792
0 0.455729 0.638542 0.036458 0.052083
0 0.862500 0.570833 0.037500 0.027083
0 0.839063 0.746354 0.036458 0.040625
0 0.226042 0.721875 0.043750 0.025000
0 0.617708 0.421875 0.039583 0.022917
0 0.571354 0.270313 0.034375 0.051042
0 0.356250 0.586979 0.054167 0.036458
0 0.128125 0.359896 0.050000 0.053125
0 0.333854 0.095312 0.051042 0.026042
0 0.463542 0.083854 0.029167 0.040625
0 0.425000 0.209896 0.050000 0.042708
0 0.731771 0.601562 0.040625 0.051042
0 0.228646 0.194271 0.053125 0.051042
0 0.108854 0.146875 0.026042 0.041667
0 0.102604 0.470313 0.036458 0.040625
0 0.828646 0.501042 0.048958 0.027083
0 0.930729 0.953125 0.042708 0.047917
0 0.705729 0.822917 0.036458 0.018750
0 0.588542 0.289583 0.041667 0.031250
0 0.355208 0.829688 0.033333 0.040625
0 0.245312 0.421354 0.051042 0.044792
0 0.195312 0.450521 0.038542 0.040625
0 0.526563 0.785417 0.053125 0.035417
0 0.426042 0.131771 0.039583 0.026042
0 0.547917 0.645833 0.037500 0.035417
0 0.571354 0.862500 0.044792 0.045833
0 0.860417 0.514583 0.045833 0.043750
0 0.855208 0.601562 0.043750 0.042708
0 0.214062 0.156250 0.032292 0.047917
0 0.579167 0.216146 0.050000 0.026042
0 0.321354 0.823958 0.051042 0.033333
0 0.306771 0.556771 0.055208 0.044792
0 0.700521 0.179167 0.034375 0.047917
0 0.330729 0.145313 0.042708 0.055208
0 0.330729 0.489583 0.046875 0.043750
0 0.451562 0.520833 0.053125 0.039583
0 0.656771 0.743750 0.053125 0.047917
0 0.444792 0.922396 0.027083 0.042708
0 0.445312 0.874479 0.040625 0.032292
0 0.451042 0.533333 0.025000 0.041667
0 0.956250 0.482812 0.052083 0.032292
0 0.935937 0.575521 0.040625 0.028125
0 0.658333 0.811979 0.031250 0.048958
0 0.106250 0.900521 0.027083 0.042708
0 0.664583 0.561979 0.050000 0.053125
0 0.510417 0.118750 0.043750 0.035417
0 0.933333 0.591667 0.037500 0.029167
0 0.756771 0.645312 0.044792 0.042708
0 0.313021 0.724479 0.040625 0.032292