0 0.686979 0.903646 0.046875 0.034375
0 0.253646 0.818229 0.042708 0.055208
0 0.914062 0.358333 0.021875 0.041667
0 0.329167 0.819271 0.050000 0.034375
0 0.409896 0.446354 0.044792 0.026042
0 0.116667 0.151042 0.018750 0.035417
0 0.134896 0.600521 0.051042 0.038542
0 0.144271 0.135937 0.053125 0.051042
0 0.686458 0.556771 0.037500 0.044792
0 0.728646 0.316146 0.038542 0.040625
0 0.752083 0.683333 0.041667 0.025000
0 0.291667 0.366667 0.047917 0.027083
0 0.603646 0.322396 0.055208 0.036458
0 0.414062 0.196875 0.032292 0.039583
0 0.913021 0.571354 0.026042 0.040625
0 0.104688 0.710417 0.034375 0.039583
0 0.608854 0.251042 0.030208 0.047917
0 0.822396 0.751563 0.040625 0.055208
0 0.293229 0.101562 0.053125 0.032292
0 0.311458 0.799479 0.043750 0.040625
0 0.689583 0.537500 0.045833 0.043750
0 0.142708 0.477083 0.025000 0.041667
0 0.398438 0.876042 0.030208 0.047917
0 0.944271 0.306250 0.036458 0.018750
0 0.224479 0.929688 0.040625 0.028125
0 0.156250 0.638542 0.045833 0.031250
0 0.071875 0.869792 0.035417 0.047917
0 0.780729 0.158854 0.026042 0.051042
0 0.794271 0.104167 0.044792 0.037500
0 0.752604 0.746354 0.036458 0.040625
0 0.839583 0.274479 0.047917 0.046875
0 0.472917 0.246354 0.054167 0.038542
0 0.637500 0.088542 0.033333 0.043750
0 0.465104 0.802604 0.030208 0.053125
0 0.852604 0.615625 0.028125 0.043750
0 0.103125 0.147917 0.052083 0.041667
0 0.161458 0.845313 0.027083 0.046875
0 0.673958 0.581771 0.054167 0.048958
0 0.100521 0.716146 0.028125 0.040625
0 0.855729 0.454688 0.044792 0.026042
0 0.533854 0.106250 0.040625 0.047917
0 0.395313 0.793750 0.042708 0.047917
0 0.501563 0.725521 0.032292 0.053125
0 0.869271 0.277604 0.044792 0.032292
0 0.319792 0.844792 0.041667 0.031250
0 0.431771 0.200521 0.023958 0.038542
0 0.868750 0.096875 0.037500 0.018750
0 0.408854 0.317708 0.044792 0.033333
0 0.466667 0.161979 0.037500 0.021875
0 0.828125 0.566667 0.027083 0.047917
0 0.738021 0.200521 0.040625 0.051042
0 0.868750 0.755729 0.039583 0.036458
0 0.686979 0.184896 0.038542 0.021875
0 0.664062 0.251042 0.038542 0.033333
0 0.521354 0.507812 0.046875 0.034375
0 0.511458 0.338542 0.050000 0.050000
0 0.347396 0.908854 0.036458 0.040625
0 0.623437 0.594271 0.051042 0.036458
0 0.483854 0.302083 0.042708 0.029167
0 0.088542 0.643229 0.037500 0.053125
0 0.498958 0.278646 0.029167 0.051042
0 0.775521 0.508333 0.036458 0.018750
0 0.343229 0.720313 0.034375 0.040625
0 0.718229 0.822396 0.042708 0.023958
0 0.110937 0.265104 0.055208 0.048958
0 0.432812 0.809896 0.038542 0.040625
0 0.656771 0.494271 0.053125 0.053125
0 0.497917 0.713021 0.050000 0.038542
0 0.672917 0.215104 0.050000 0.053125
0 0.479167 0.724479 0.043750 0.055208
0 0.143229 0.312500 0.053125 0.047917
0 0.096875 0.229687 0.043750 0.040625
0 0.691667 0.826042 0.052083 0.047917
0 0.797917 0.358854 0.047917 0.028125
0 0.224479 0.448958 0.044792 0.022917
0 0.657292 0.267188 0.022917 0.042708
0 0.096875 0.146354 0.033333 0.044792
0 0.255729 0.491146 0.048958 0.023958
0 0.139063 0.426563 0.034375 0.040625
0 0.950000 0.470833 0.037500 0.047917
0 0.442188 0.713542 0.044792 0.054167
0 0.252083 0.305208 0.035417 0.037500
0 0.353646 0.678125 0.028125 0.050000
0 0.754167 0.308854 0.045833 0.038542
0 0.847396 0.490625 0.042708 0.025000
0 0.653125 0.714063 0.045833 0.028125
0 0.125521 0.544792 0.036458 0.037500
0 0.468229 0.614062 0.044792 0.040625
0 0.532292 0.146354 0.052083 0.051042
0 0.317188 0.925521 0.023958 0.038542
0 0.805208 0.527604 0.050000 0.040625
0 0.492708 0.678125 0.037500 0.052083
0 0.504687 0.126562 0.055208 0.042708
0 0.891146 0.620313 0.036458 0.051042
0 0.424479 0.506771 0.040625 0.036458
0 0.130208 0.181771 0.039583 0.030208
0 0.889062 0.700000 0.038542 0.029167
0 0.241667 0.343750 0.031250 0.041667
0 0.318229 0.360938 0.040625 0.034375
0 0.143229 0.429167 0.046875 0.033333
0 0.460417 0.140104 0.043750 0.040625
0 0.302083 0.668750 0.037500 0.033333
0 0.884896 0.591667 0.051042 0.050000
0 0.283333 0.669792 0.047917 0.037500
0 0.470313 0.884896 0.026042 0.046875
0 0.169792 0.111979 0.037500 0.053125
0 0.150521 0.612500 0.038542 0.022917
0 0.819271 0.766146 0.042708 0.055208
0 0.956250 0.383854 0.050000 0.053125
0 0.631771 0.413542 0.038542 0.043750
0 0.608854 0.891146 0.051042 0.040625
0 0.200000 0.284896 0.039583 0.038542
0 0.208854 0.629167 0.044792 0.045833
0 0.546354 0.777083 0.023958 0.047917
0 0.773958 0.165104 0.037500 0.053125
0 0.495312 0.448958 0.044792 0.037500
0 0.648958 0.277604 0.054167 0.048958
0 0.610417 0.293750 0.031250 0.045833
0 0.334375 0.255208 0.043750 0.052083
0 0.838542 0.323437 0.043750 0.040625
0 0.153125 0.836458 0.052083 0.045833
0 0.906250 0.720833 0.039583 0.020833
0 0.752083 0.521354 0.050000 0.038542
0 0.242188 0.267708 0.038542 0.047917
0 0.371875 0.470833 0.041667 0.039583
0 0.627604 0.142708 0.023958 0.045833
0 0.891667 0.526042 0.033333 0.037500
0 0.244271 0.769792 0.026042 0.041667
0 0.455729 0.133333 0.042708 0.027083
0 0.320833 0.943229 0.043750 0.032292
0 0.871875 0.834896 0.041667 0.023958
0 0.274479 0.413542 0.042708 0.037500
0 0.226562 0.511979 0.038542 0.021875
0 0.413542 0.685417 0.047917 0.041667
0 0.774479 0.593750 0.036458 0.037500
0 0.859896 0.094792 0.032292 0.052083
0 0.340104 0.870313 0.038542 0.046875
0 0.312500 0.881771 0.035417 0.040625
0 0.869271 0.806771 0.019792 0.038542
0 0.173958 0.416667 0.039583 0.022917
0 0.676562 0.855208 0.028125 0.041667
0 0.315625 0.779167 0.050000 0.047917
0 0.813021 0.330729 0.040625 0.034375
0 0.199479 0.843750 0.032292 0.039583
0 0.073958 0.080208 0.020833 0.041667
0 0.333333 0.340625 0.039583 0.041667
0 0.615104 0.231250 0.044792 0.054167
0 0.711458 0.675521 0.039583 0.044792
0 0.225000 0.152604 0.039583 0.044792
0 0.535417 0.196354 0.031250 0.040625
0 0.106771 0.466667 0.026042 0.041667
0 0.240104 0.320312 0.030208 0.053125
0 0.598958 0.451562 0.025000 0.038542
0 0.186979 0.938021 0.046875 0.036458
0 0.612500 0.591146 0.037500 0.038542
0 0.228125 0.566146 0.045833 0.026042
0 0.689063 0.481250 0.036458 0.037500
0 0.453125 0.662500 0.043750 0.035417
0 0.405208 0.301563 0.037500 0.019792
0 0.282292 0.563542 0.020833 0.039583
0 0.947917 0.430729 0.035417 0.053125
0 0.897396 0.694271 0.023958 0.046875
0 0.860417 0.518750 0.039583 0.020833
0 0.580208 0.179688 0.039583 0.032292
0 0.744792 0.258333 0.039583 0.052083
0 0.196875 0.411458 0.050000 0.031250
0 0.452083 0.144792 0.037500 0.047917
0 0.556771 0.435417 0.032292 0.043750
0 0.565625 0.809375 0.050000 0.050000
0 0.670833 0.682813 0.047917 0.028125
0 0.485938 0.489063 0.023958 0.042708
0 0.469271 0.686979 0.044792 0.051042
0 0.832292 0.269792 0.037500 0.031250
0 0.488021 0.176042 0.023958 0.037500
0 0.926042 0.871875 0.022917 0.037500
0 0.884375 0.475521 0.041667 0.021875
0 0.540625 0.729167 0.043750 0.052083
0 0.506771 0.163542 0.030208 0.047917
0 0.531771 0.466146 0.034375 0.048958
0 0.440625 0.377083 0.047917 0.041667
0 0.713021 0.579167 0.044792 0.033333
0 0.483854 0.652604 0.038542 0.040625
0 0.725000 0.630729 0.045833 0.026042
0 0.805208 0.242188 0.050000 0.053125
0 0.914583 0.699479 0.050000 0.040625
0 0.219792 0.492708 0.047917 0.037500
0 0.426563 0.821875 0.048958 0.025000
0 0.834375 0.475000 0.039583 0.041667
0 0.360938 0.748958 0.048958 0.052083
0 0.252604 0.467187 0.026042 0.040625
0 0.824479 0.247396 0.055208 0.048958
0 0.340625 0.586458 0.037500 0.027083
0 0.664583 0.954167 0.031250 0.045833
0 0.416667 0.625000 0.043750 0.022917
0 0.195833 0.589063 0.047917 0.046875
0 0.441146 0.956771 0.044792 0.040625
0 0.316146 0.122396 0.040625 0.032292
0 0.217708 0.822917 0.050000 0.029167
0 0.757812 0.378646 0.038542 0.051042
0 0.570833 0.191667 0.043750 0.037500
0 0.406250 0.433333 0.037500 0.033333
0 0.708854 0.456250 0.040625 0.047917
0 0.436458 0.705729 0.039583 0.023958
0 0.673958 0.868229 0.039583 0.032292
0 0.315625 0.847917 0.031250 0.037500
0 0.802604 0.619792 0.038542 0.027083
0 0.138542 0.369271 0.050000 0.044792
0 0.122917 0.606771 0.054167 0.042708
0 0.178646 0.310937 0.032292 0.053125
0 0.784896 0.204687 0.036458 0.046875
0 0.854167 0.294792 0.039583 0.020833
0 0.352604 0.367708 0.036458 0.037500
0 0.863542 0.436979 0.054167 0.044792
0 0.847917 0.850000 0.035417 0.037500
0 0.179688 0.506771 0.044792 0.040625
0 0.747396 0.638021 0.034375 0.046875
0 0.832812 0.782292 0.042708 0.027083
0 0.940625 0.439583 0.037500 0.025000
0 0.525000 0.355208 0.052083 0.039583
0 0.485938 0.645833 0.053125 0.035417
0 0.408854 0.318750 0.048958 0.052083
0 0.695833 0.452083 0.035417 0.047917
0 0.839063 0.516667 0.042708 0.041667
0 0.829167 0.406250 0.033333 0.047917
0 0.077604 0.742188 0.051042 0.055208
0 0.878125 0.551042 0.047917 0.037500
0 0.114062 0.102083 0.051042 0.031250
0 0.847396 0.846354 0.032292 0.053125
0 0.401042 0.203125 0.050000 0.029167
0 0.767188 0.131771 0.051042 0.055208
0 0.735938 0.590104 0.040625 0.023958
0 0.753646 0.072917 0.053125 0.041667
0 0.881771 0.252083 0.044792 0.052083
0 0.394271 0.576042 0.048958 0.041667
0 0.292187 0.102083 0.051042 0.031250
0 0.245312 0.210938 0.046875 0.026042
0 0.238021 0.641146 0.055208 0.048958
0 0.854688 0.631771 0.055208 0.038542
0 0.134896 0.849479 0.026042 0.040625
0 0.228125 0.188021 0.020833 0.038542
0 0.094271 0.664062 0.026042 0.051042
0 0.816667 0.659896 0.025000 0.042708
0 0.441667 0.860938 0.025000 0.044792
0 0.866146 0.543229 0.036458 0.046875
0 0.795833 0.803125 0.045833 0.043750
0 0.352083 0.093229 0.039583 0.053125
0 0.284375 0.350000 0.029167 0.041667
0 0.752604 0.643750 0.040625 0.041667
0 0.294271 0.748437 0.044792 0.028125
0 0.945833 0.364063 0.039583 0.044792
0 0.651042 0.278125 0.047917 0.037500
0 0.966667 0.157812 0.054167 0.048958
0 0.890625 0.497917 0.045833 0.029167
0 0.686979 0.502604 0.038542 0.055208
0 0.741146 0.243229 0.040625 0.036458
0 0.515104 0.263542 0.040625 0.043750
0 0.185417 0.771354 0.043750 0.042708
0 0.467708 0.939063 0.039583 0.038542
0 0.445312 0.864062 0.021875 0.038542
0 0.643750 0.704688 0.027083 0.046875
0 0.479167 0.735938 0.020833 0.038542
0 0.948958 0.103646 0.027083 0.042708
0 0.241667 0.219792 0.035417 0.018750
0 0.078646 0.328646 0.026042 0.046875
0 0.281771 0.548438 0.048958 0.048958
0 0.768229 0.821354 0.055208 0.040625
0 0.192708 0.077083 0.025000 0.039583
0 0.328125 0.399479 0.043750 0.040625
0 0.232292 0.836979 0.039583 0.048958
0 0.810937 0.102604 0.026042 0.044792
0 0.610938 0.533333 0.030208 0.047917
0 0.571875 0.638021 0.050000 0.038542
0 0.127604 0.757292 0.021875 0.037500
0 0.813021 0.359896 0.053125 0.034375
0 0.463021 0.082292 0.038542 0.031250
0 0.426042 0.364583 0.031250 0.050000
0 0.460938 0.400521 0.053125 0.030208
0 0.965625 0.629167 0.035417 0.047917
0 0.462500 0.426042 0.027083 0.041667
0 0.940104 0.654167 0.044792 0.033333
0 0.317708 0.127083 0.047917 0.039583
0 0.679167 0.404167 0.043750 0.025000
0 0.285938 0.759896 0.055208 0.048958
0 0.961458 0.155729 0.041667 0.048958
0 0.486458 0.096354 0.043750 0.048958
0 0.627083 0.853646 0.039583 0.026042
0 0.914583 0.907813 0.035417 0.053125
0 0.786979 0.869271 0.023958 0.042708
0 0.566146 0.643750 0.044792 0.025000
0 0.873437 0.228125 0.042708 0.027083
0 0.163542 0.560937 0.054167 0.048958
0 0.077604 0.328125 0.034375 0.043750
0 0.958854 0.479687 0.032292 0.046875
0 0.489063 0.150521 0.044792 0.051042
0 0.094792 0.402604 0.041667 0.044792
0 0.442708 0.611979 0.020833 0.036458
0 0.166667 0.966667 0.035417 0.037500
0 0.609896 0.352083 0.053125 0.047917
0 0.952083 0.229167 0.039583 0.022917
0 0.756771 0.950521 0.044792 0.030208
0 0.523958 0.942187 0.047917 0.044792
0 0.441667 0.406250 0.027083 0.037500
0 0.184375 0.903125 0.039583 0.041667
0 0.689063 0.479167 0.053125 0.041667
0 0.883854 0.607292 0.032292 0.047917
0 0.478646 0.657813 0.044792 0.042708
0 0.368750 0.113021 0.047917 0.032292
0 0.164583 0.587500 0.045833 0.043750
0 0.636979 0.485938 0.034375 0.053125
0 0.706250 0.673958 0.037500 0.047917
0 0.492708 0.825000 0.033333 0.052083
0 0.710417 0.566667 0.035417 0.037500
0 0.773958 0.415625 0.041667 0.039583
0 0.639583 0.494271 0.033333 0.040625
0 0.213542 0.473438 0.045833 0.032292
0 0.957812 0.671354 0.040625 0.026042
0 0.156771 0.831250 0.044792 0.022917
0 0.238021 0.572917 0.042708 0.047917
0 0.437500 0.278646 0.037500 0.048958
0 0.259375 0.112500 0.022917 0.043750
0 0.678646 0.480208 0.040625 0.022917
0 0.837500 0.230729 0.033333 0.048958
0 0.931771 0.200521 0.040625 0.034375
0 0.480208 0.807813 0.033333 0.040625
0 0.868750 0.846354 0.039583 0.028125
0 0.565104 0.893229 0.034375 0.051042
0 0.207292 0.168229 0.054167 0.038542
0 0.856250 0.674479 0.045833 0.048958
0 0.878125 0.767708 0.033333 0.050000
0 0.248958 0.170833 0.033333 0.037500
0 0.422917 0.215625 0.033333 0.050000
0 0.626042 0.141667 0.027083 0.047917
0 0.908854 0.132812 0.028125 0.040625
0 0.919792 0.107813 0.047917 0.030208
0 0.157812 0.195312 0.053125 0.032292
0 0.926042 0.558333 0.035417 0.037500
0 0.333333 0.342187 0.035417 0.044792
0 0.633333 0.083854 0.047917 0.055208
0 0.352604 0.642188 0.026042 0.046875
0 0.236979 0.813021 0.028125 0.046875
0 0.078646 0.872917 0.036458 0.043750
0 0.118750 0.790104 0.050000 0.034375
0 0.830208 0.079687 0.033333 0.048958
0 0.391146 0.820833 0.036458 0.037500
0 0.754687 0.704167 0.040625 0.025000
0 0.847917 0.961458 0.027083 0.045833
0 0.372917 0.187500 0.047917 0.037500
0 0.153646 0.283854 0.038542 0.019792
0 0.361458 0.647917 0.041667 0.039583
0 0.356771 0.221875 0.044792 0.052083
0 0.189062 0.133333 0.036458 0.047917
0 0.358333 0.438021 0.043750 0.030208
0 0.097396 0.776563 0.032292 0.048958
0 0.841667 0.830208 0.029167 0.050000
0 0.955208 0.183854 0.045833 0.055208
0 0.282813 0.304167 0.042708 0.029167
0 0.147917 0.358333 0.039583 0.052083
0 0.379688 0.295833 0.042708 0.031250
0 0.561979 0.813021 0.038542 0.019792
0 0.904167 0.936979 0.027083 0.040625
0 0.548958 0.079687 0.043750 0.028125
0 0.971875 0.243750 0.047917 0.033333
0 0.840625 0.309896 0.047917 0.053125
0 0.594792 0.273438 0.050000 0.053125
0 0.923438 0.902604 0.019792 0.038542
0 0.164583 0.700000 0.033333 0.043750
0 0.827083 0.854167 0.027083 0.041667
0 0.402083 0.423438 0.050000 0.040625
0 0.567187 0.305729 0.044792 0.042708
0 0.686458 0.096875 0.050000 0.050000
0 0.629167 0.805729 0.050000 0.034375
0 0.395833 0.206250 0.029167 0.050000
0 0.588542 0.276042 0.043750 0.033333
0 0.223438 0.877083 0.044792 0.052083
0 0.549479 0.517708 0.042708 0.031250
0 0.466667 0.149479 0.025000 0.042708
0 0.640625 0.307292 0.043750 0.052083
0 0.096875 0.847396 0.029167 0.040625
0 0.960417 0.363542 0.025000 0.039583
0 0.406771 0.636979 0.044792 0.051042
0 0.170833 0.410938 0.045833 0.048958
0 0.221354 0.340104 0.053125 0.034375
0 0.837500 0.947917 0.031250 0.045833
0 0.204687 0.122396 0.040625 0.026042
0 0.822396 0.858854 0.040625 0.023958
0 0.863542 0.955729 0.043750 0.032292
0 0.662500 0.242708 0.039583 0.020833
0 0.154167 0.784896 0.050000 0.028125
0 0.591667 0.189583 0.043750 0.045833
0 0.721354 0.770833 0.053125 0.043750
0 0.480729 0.174479 0.038542 0.051042
0 0.226562 0.783333 0.017708 0.035417
0 0.712500 0.715625 0.033333 0.037500
0 0.173437 0.955729 0.042708 0.044792
0 0.839583 0.345833 0.029167 0.050000
0 0.869271 0.776042 0.028125 0.043750
0 0.751042 0.905208 0.018750 0.037500
0 0.909896 0.461979 0.046875 0.048958
0 0.495312 0.765104 0.048958 0.055208
0 0.887500 0.408333 0.022917 0.037500
0 0.693750 0.242188 0.025000 0.046875
0 0.646875 0.885938 0.045833 0.048958
0 0.217188 0.920312 0.038542 0.051042
0 0.595833 0.544271 0.047917 0.032292
0 0.269792 0.316146 0.043750 0.040625
0 0.442708 0.416146 0.031250 0.044792
0 0.761979 0.701042 0.021875 0.037500
0 0.578646 0.244792 0.040625 0.041667
0 0.626563 0.759375 0.036458 0.043750
0 0.759896 0.496875 0.042708 0.047917
0 0.905208 0.090625 0.041667 0.039583
0 0.579167 0.619271 0.037500 0.053125
0 0.947917 0.368750 0.033333 0.043750
0 0.407813 0.373437 0.044792 0.040625
0 0.600000 0.707812 0.039583 0.028125
0 0.654167 0.840625 0.020833 0.039583
0 0.939063 0.157812 0.038542 0.040625
0 0.570312 0.594792 0.036458 0.043750
0 0.445833 0.723437 0.043750 0.048958
0 0.511458 0.222917 0.041667 0.039583
0 0.711979 0.546875 0.046875 0.031250
0 0.345313 0.747396 0.042708 0.044792
0 0.533854 0.645833 0.038542 0.047917
0 0.359896 0.395833 0.042708 0.027083
0 0.586979 0.921354 0.030208 0.044792
0 0.474479 0.411458 0.048958 0.052083
0 0.230208 0.825521 0.039583 0.053125
0 0.567187 0.375521 0.030208 0.040625
0 0.768750 0.540625 0.033333 0.037500
0 0.510417 0.897917 0.043750 0.045833
0 0.241667 0.747396 0.022917 0.038542
0 0.141667 0.615104 0.050000 0.044792
0 0.119792 0.601562 0.029167 0.051042
0 0.858854 0.172396 0.044792 0.030208
0 0.586979 0.527083 0.046875 0.043750
0 0.748437 0.359896 0.042708 0.044792
0 0.717187 0.907292 0.042708 0.037500
0 0.541146 0.938542 0.046875 0.033333
0 0.175521 0.844792 0.053125 0.037500
0 0.173437 0.511458 0.053125 0.043750
0 0.099479 0.790625 0.046875 0.043750
0 0.386979 0.744792 0.030208 0.039583
0 0.410417 0.173958 0.052083 0.035417
0 0.370312 0.819792 0.044792 0.035417
0 0.225000 0.242708 0.043750 0.052083
0 0.578125 0.342708 0.033333 0.045833
0 0.713542 0.170833 0.031250 0.041667
0 0.182292 0.189583 0.052083 0.047917
0 0.752083 0.867188 0.050000 0.038542
0 0.931771 0.289062 0.055208 0.044792
0 0.111979 0.751042 0.038542 0.043750
0 0.825000 0.098437 0.039583 0.034375
0 0.094792 0.100000 0.050000 0.029167
0 0.564583 0.144271 0.029167 0.044792
0 0.889583 0.210938 0.027083 0.048958
0 0.245833 0.488542 0.037500 0.029167
0 0.733333 0.658333 0.047917 0.039583
0 0.457813 0.588021 0.040625 0.036458
0 0.844271 0.685937 0.046875 0.048958
0 0.146354 0.672396 0.026042 0.051042
0 0.950521 0.929688 0.034375 0.051042
0 0.771354 0.545312 0.040625 0.026042
0 0.882812 0.564063 0.019792 0.038542
0 0.252604 0.450000 0.032292 0.047917
0 0.106250 0.354167 0.052083 0.045833
0 0.303125 0.331250 0.045833 0.027083
0 0.367708 0.819271 0.035417 0.040625
0 0.694271 0.596875 0.048958 0.039583
0 0.257292 0.520312 0.039583 0.036458
0 0.552604 0.793229 0.030208 0.040625
0 0.220312 0.141146 0.046875 0.048958
0 0.589063 0.261979 0.046875 0.023958
0 0.139583 0.805208 0.037500 0.035417
0 0.392708 0.372396 0.045833 0.026042
0 0.454167 0.603125 0.037500 0.029167
0 0.777083 0.307292 0.022917 0.039583
0 0.170833 0.146354 0.041667 0.021875
0 0.142708 0.245833 0.052083 0.037500
0 0.831771 0.193750 0.038542 0.031250
0 0.360938 0.486979 0.034375 0.040625
0 0.957292 0.345313 0.039583 0.053125
0 0.494792 0.657292 0.037500 0.031250
0 0.817187 0.794271 0.038542 0.046875
0 0.574479 0.690104 0.044792 0.055208
0 0.927604 0.227604 0.042708 0.044792
0 0.793229 0.593229 0.034375 0.040625
0 0.804688 0.135417 0.042708 0.054167
0 0.269792 0.129688 0.047917 0.046875
0 0.219792 0.280729 0.043750 0.026042
0 0.164062 0.096354 0.034375 0.053125
0 0.404687 0.308854 0.051042 0.044792
0 0.835938 0.352604 0.034375 0.053125
0 0.872396 0.879167 0.028125 0.050000
0 0.501042 0.901042 0.039583 0.022917
0 0.076563 0.559896 0.040625 0.032292
0 0.883854 0.208854 0.044792 0.032292
0 0.822396 0.416667 0.048958 0.039583
0 0.592708 0.423438 0.025000 0.048958
0 0.314583 0.131250 0.052083 0.045833
0 0.461979 0.396875 0.051042 0.047917
0 0.175521 0.475000 0.048958 0.041667
0 0.754167 0.670312 0.031250 0.040625
0 0.136979 0.319271 0.040625 0.038542
0 0.776042 0.701042 0.037500 0.035417
0 0.365104 0.501042 0.040625 0.054167
0 0.697396 0.251563 0.042708 0.044792
0 0.132812 0.551042 0.019792 0.039583
0 0.868750 0.230208 0.037500 0.041667
0 0.531250 0.235937 0.031250 0.048958
0 0.103646 0.566667 0.036458 0.052083
0 0.093750 0.084375 0.033333 0.043750
0 0.733854 0.961458 0.053125 0.047917
0 0.456771 0.325000 0.042708 0.039583
0 0.796875 0.475521 0.047917 0.030208
0 0.323437 0.758333 0.038542 0.035417
0 0.442708 0.211979 0.045833 0.026042
0 0.202083 0.766667 0.022917 0.039583
0 0.553125 0.301042 0.045833 0.045833
0 0.652083 0.319271 0.039583 0.038542
0 0.598958 0.175000 0.018750 0.035417
0 0.513021 0.412500 0.042708 0.054167
0 0.215104 0.974479 0.053125 0.053125
0 0.286979 0.336979 0.032292 0.044792
0 0.439583 0.261979 0.029167 0.040625
0 0.447917 0.694792 0.052083 0.043750
0 0.163542 0.818750 0.045833 0.052083
0 0.473438 0.635938 0.042708 0.055208
0 0.274479 0.257812 0.023958 0.042708
0 0.421354 0.870833 0.026042 0.039583
0 0.828646 0.165625 0.036458 0.047917
0 0.926042 0.629687 0.047917 0.032292
0 0.490625 0.127083 0.041667 0.037500
0 0.318750 0.284375 0.039583 0.041667
0 0.151042 0.415104 0.045833 0.038542
0 0.482292 0.424479 0.035417 0.040625
0 0.954688 0.125000 0.038542 0.043750
0 0.321875 0.950521 0.031250 0.051042
0 0.379688 0.308854 0.040625 0.028125
0 0.143750 0.205729 0.050000 0.044792
0 0.404167 0.356771 0.022917 0.046875
0 0.253125 0.945833 0.037500 0.035417
0 0.577604 0.864062 0.048958 0.023958
0 0.068750 0.572396 0.029167 0.046875
0 0.339062 0.939583 0.030208 0.039583
0 0.784375 0.610938 0.031250 0.044792
0 0.214583 0.197917 0.045833 0.029167
0 0.678125 0.680729 0.050000 0.028125
0 0.575521 0.118229 0.055208 0.048958
0 0.624479 0.473958 0.032292 0.039583
0 0.757292 0.318750 0.039583 0.020833
0 0.390104 0.207292 0.030208 0.047917
0 0.278646 0.109375 0.042708 0.031250
0 0.737500 0.278125 0.047917 0.041667
0 0.419792 0.129167 0.020833 0.039583
0 0.473958 0.367708 0.035417 0.035417
0 0.792188 0.425000 0.036458 0.052083
0 0.872396 0.780729 0.040625 0.030208