0 0.470313 0.125521 0.032292 0.044792
0 0.127604 0.343229 0.055208 0.051042
0 0.511458 0.135417 0.041667 0.039583
0 0.254688 0.555208 0.044792 0.052083
0 0.650000 0.485417 0.027083 0.041667
0 0.825521 0.173437 0.019792 0.038542
0 0.353125 0.663542 0.052083 0.041667
0 0.523438 0.235417 0.046875 0.033333
0 0.160417 0.169271 0.029167 0.051042
0 0.913542 0.503125 0.052083 0.043750
0 0.708333 0.512500 0.031250 0.037500
0 0.606771 0.606771 0.040625 0.034375
0 0.522917 0.087500 0.047917 0.052083
0 0.734896 0.398438 0.044792 0.042708
0 0.631250 0.292708 0.047917 0.037500
0 0.856771 0.818750 0.023958 0.037500
0 0.765625 0.233333 0.037500 0.041667
0 0.309375 0.103646 0.043750 0.055208
0 0.267708 0.637500 0.041667 0.041667
0 0.229167 0.883333 0.047917 0.027083
0 0.683854 0.561979 0.028125 0.040625
0 0.838021 0.651563 0.046875 0.023958
0 0.327604 0.395833 0.051042 0.050000
0 0.141667 0.578646 0.029167 0.040625
0 0.261458 0.279167 0.050000 0.047917
0 0.440104 0.630208 0.044792 0.047917
0 0.959375 0.678125 0.037500 0.052083
0 0.486458 0.422917 0.039583 0.052083
0 0.147396 0.730208 0.042708 0.037500
0 0.676562 0.605208 0.019792 0.037500
0 0.936458 0.356250 0.043750 0.025000
0 0.773958 0.795833 0.043750 0.022917
0 0.851042 0.552083 0.050000 0.050000
0 0.766667 0.608333 0.027083 0.037500
0 0.951562 0.843750 0.048958 0.033333
0 0.226562 0.740104 0.046875 0.048958
0 0.647917 0.874479 0.043750 0.040625
0 0.257812 0.390625 0.038542 0.025000
0 0.765625 0.652083 0.045833 0.045833
0 0.396875 0.543229 0.054167 0.040625
0 0.247396 0.915104 0.042708 0.023958
0 0.726042 0.211979 0.035417 0.040625
0 0.945312 0.578646 0.040625 0.023958
0 0.179167 0.512500 0.050000 0.029167
0 0.402604 0.744792 0.036458 0.037500
0 0.431771 0.867188 0.055208 0.046875
0 0.838542 0.676042 0.035417 0.043750
0 0.604688 0.539583 0.038542 0.043750
0 0.529687 0.798958 0.028125 0.039583
0 0.864583 0.593229 0.031250 0.040625
0 0.891667 0.970833 0.039583 0.047917
0 0.625000 0.128646 0.043750 0.026042
0 0.542708 0.308333 0.020833 0.035417
0 0.516667 0.114583 0.029167 0.045833
0 0.616146 0.792188 0.051042 0.044792
0 0.667708 0.803125 0.039583 0.020833
0 0.802604 0.265104 0.021875 0.042708
0 0.598437 0.421354 0.046875 0.028125
0 0.355208 0.517188 0.045833 0.048958
0 0.163021 0.328646 0.042708 0.044792
0 0.735417 0.886458 0.050000 0.050000
0 0.209375 0.403125 0.052083 0.037500
0 0.581771 0.942187 0.044792 0.030208
0 0.077604 0.816667 0.051042 0.031250
0 0.280208 0.135937 0.033333 0.040625
0 0.547917 0.817187 0.037500 0.048958
0 0.309896 0.552083 0.038542 0.035417
0 0.725000 0.892708 0.043750 0.045833
0 0.909375 0.417708 0.039583 0.041667
0 0.601042 0.856771 0.052083 0.051042
0 0.868750 0.673438 0.041667 0.032292
0 0.307292 0.568229 0.045833 0.038542
0 0.143229 0.113542 0.036458 0.043750
0 0.313542 0.447917 0.027083 0.043750
0 0.300000 0.510417 0.045833 0.052083
0 0.915625 0.245833 0.041667 0.047917
0 0.218750 0.380729 0.052083 0.051042
0 0.734375 0.235417 0.033333 0.016667
0 0.881250 0.360938 0.054167 0.038542
0 0.107292 0.145833 0.037500 0.027083
0 0.921875 0.458854 0.041667 0.048958
0 0.101562 0.526563 0.051042 0.053125
0 0.323437 0.447396 0.036458 0.051042
0 0.077604 0.602604 0.051042 0.044792
0 0.738542 0.491146 0.039583 0.030208
0 0.331771 0.723437 0.046875 0.048958
0 0.725521 0.638021 0.034375 0.040625
0 0.822396 0.616146 0.044792 0.051042
0 0.146354 0.692708 0.042708 0.037500
0 0.807292 0.846875 0.029167 0.045833
0 0.716146 0.074479 0.040625 0.026042
0 0.301563 0.207813 0.044792 0.026042
0 0.652083 0.065104 0.037500 0.021875
0 0.571354 0.513021 0.055208 0.051042
0 0.664583 0.546354 0.039583 0.023958
0 0.681771 0.578646 0.038542 0.040625
0 0.795833 0.784896 0.045833 0.048958
0 0.357292 0.629167 0.043750 0.025000
0 0.134375 0.801562 0.027083 0.040625
0 0.206250 0.929688 0.045833 0.038542
0 0.634375 0.817187 0.039583 0.019792
0 0.864583 0.490625 0.047917 0.039583
0 0.391667 0.170313 0.043750 0.028125
0 0.213021 0.651563 0.048958 0.046875
0 0.541667 0.683854 0.045833 0.038542
0 0.760417 0.527604 0.045833 0.055208
0 0.572917 0.857292 0.047917 0.041667
0 0.603646 0.077604 0.051042 0.040625
0 0.115104 0.919792 0.053125 0.039583
0 0.235417 0.083333 0.035417 0.047917
0 0.362500 0.744271 0.039583 0.044792
0 0.682813 0.127604 0.051042 0.040625
0 0.326042 0.534375 0.031250 0.043750
0 0.753646 0.465625 0.042708 0.041667
0 0.479167 0.673958 0.047917 0.035417
0 0.532813 0.542708 0.042708 0.039583
0 0.941146 0.383333 0.038542 0.031250
0 0.751563 0.548958 0.040625 0.047917
0 0.944792 0.378646 0.054167 0.046875
0 0.416146 0.836979 0.055208 0.046875
0 0.518750 0.959896 0.020833 0.038542
0 0.343750 0.116146 0.022917 0.038542
0 0.655208 0.190104 0.054167 0.038542
0 0.414062 0.302083 0.048958 0.039583
0 0.630208 0.943750 0.033333 0.047917
0 0.151042 0.684896 0.041667 0.021875
0 0.938542 0.162500 0.035417 0.052083
0 0.130729 0.387500 0.023958 0.047917
0 0.509896 0.548438 0.042708 0.051042
0 0.426563 0.625521 0.044792 0.042708
0 0.116667 0.269271 0.054167 0.046875
0 0.928125 0.385937 0.025000 0.042708
0 0.405729 0.262500 0.044792 0.033333
0 0.134375 0.213542 0.050000 0.050000
0 0.082292 0.208854 0.035417 0.040625
0 0.485938 0.340104 0.040625 0.055208
0 0.963021 0.181771 0.046875 0.034375
0 0.186458 0.735938 0.037500 0.048958
0 0.752604 0.607812 0.051042 0.044792
0 0.554167 0.893750 0.045833 0.043750
0 0.539062 0.466667 0.051042 0.047917
0 0.501042 0.451562 0.043750 0.026042
0 0.348958 0.847917 0.047917 0.050000
0 0.845833 0.545312 0.050000 0.028125
0 0.505729 0.132812 0.051042 0.040625
0 0.489063 0.792708 0.028125 0.043750
0 0.646875 0.269792 0.037500 0.029167
0 0.946354 0.768229 0.051042 0.053125
0 0.276042 0.839583 0.035417 0.047917
0 0.738542 0.174479 0.039583 0.030208
0 0.476042 0.876563 0.045833 0.026042
0 0.800000 0.197396 0.054167 0.048958
0 0.363021 0.734896 0.051042 0.053125
0 0.140104 0.180208 0.038542 0.027083
0 0.510417 0.330729 0.039583 0.036458
0 0.772917 0.332292 0.037500 0.047917
0 0.785937 0.122917 0.053125 0.043750
0 0.352083 0.125521 0.025000 0.038542
0 0.663021 0.098437 0.026042 0.046875
0 0.654687 0.403125 0.030208 0.039583
0 0.789583 0.228646 0.050000 0.028125
0 0.154688 0.125521 0.036458 0.017708
0 0.875000 0.505208 0.037500 0.041667
0 0.202604 0.407292 0.042708 0.027083
0 0.819271 0.768229 0.038542 0.046875
0 0.349479 0.779167 0.032292 0.039583
0 0.323958 0.915625 0.020833 0.039583
0 0.365625 0.247396 0.039583 0.034375
0 0.688542 0.080729 0.022917 0.038542
0 0.788021 0.105729 0.019792 0.038542
0 0.828125 0.384896 0.041667 0.044792
0 0.597917 0.624479 0.039583 0.034375
0 0.394792 0.645833 0.052083 0.043750
0 0.563021 0.264583 0.030208 0.043750
0 0.828125 0.854167 0.043750 0.045833
0 0.932813 0.309375 0.034375 0.039583
0 0.390625 0.805208 0.037500 0.035417
0 0.858854 0.633854 0.038542 0.019792
0 0.419271 0.139063 0.038542 0.019792
0 0.918750 0.483854 0.045833 0.040625
0 0.384896 0.553646 0.042708 0.044792
0 0.252604 0.798958 0.046875 0.052083
0 0.748437 0.304167 0.044792 0.022917
0 0.555208 0.852083 0.037500 0.035417
0 0.359896 0.446354 0.028125 0.040625
0 0.094271 0.627083 0.053125 0.045833
0 0.216667 0.700521 0.052083 0.032292
0 0.626042 0.934896 0.043750 0.028125
0 0.555208 0.496354 0.043750 0.026042
0 0.668750 0.351562 0.054167 0.042708
0 0.281771 0.384375 0.038542 0.025000
0 0.412500 0.713542 0.037500 0.027083
0 0.860938 0.319792 0.026042 0.047917
0 0.766667 0.764583 0.047917 0.025000
0 0.826562 0.215625 0.051042 0.035417
0 0.538542 0.128646 0.047917 0.044792
0 0.881771 0.189062 0.048958 0.030208
0 0.899479 0.101042 0.019792 0.037500
0 0.144792 0.285938 0.050000 0.053125
0 0.696354 0.796875 0.036458 0.047917
0 0.615625 0.935937 0.025000 0.038542
0 0.392708 0.919792 0.033333 0.052083
0 0.798958 0.897396 0.050000 0.044792
0 0.797917 0.513542 0.045833 0.045833
0 0.109896 0.334896 0.044792 0.040625
0 0.367708 0.491146 0.050000 0.040625
0 0.778125 0.333854 0.027083 0.042708
0 0.481771 0.339583 0.048958 0.041667
0 0.722396 0.957292 0.042708 0.031250
0 0.080729 0.579167 0.046875 0.031250
0 0.919792 0.755729 0.045833 0.034375
0 0.564583 0.815104 0.039583 0.038542
0 0.434896 0.282813 0.021875 0.038542
0 0.406250 0.858333 0.035417 0.043750
0 0.276042 0.211458 0.022917 0.043750
0 0.289583 0.583333 0.033333 0.045833
0 0.927083 0.098437 0.025000 0.042708
0 0.957292 0.452083 0.029167 0.050000
0 0.434375 0.333333 0.043750 0.045833
0 0.444271 0.743750 0.044792 0.025000
0 0.504167 0.528646 0.033333 0.040625
0 0.869792 0.405208 0.052083 0.043750
0 0.322396 0.390104 0.040625 0.034375
0 0.621354 0.826042 0.036458 0.047917
0 0.867708 0.518229 0.050000 0.044792
0 0.528125 0.727604 0.027083 0.042708
0 0.690625 0.306771 0.054167 0.038542
0 0.289583 0.195312 0.031250 0.044792
0 0.684896 0.903646 0.040625 0.030208
0 0.286458 0.282813 0.035417 0.040625
0 0.843229 0.513542 0.034375 0.039583
0 0.470313 0.561979 0.038542 0.038542
0 0.713021 0.432292 0.036458 0.043750
0 0.091667 0.471354 0.047917 0.028125
0 0.422917 0.676042 0.043750 0.045833
0 0.774479 0.828646 0.046875 0.028125
0 0.307292 0.661979 0.020833 0.036458
0 0.350000 0.583333 0.041667 0.052083
0 0.783854 0.091146 0.038542 0.055208
0 0.369271 0.226042 0.036458 0.022917
0 0.828646 0.640625 0.046875 0.031250
0 0.745833 0.177604 0.043750 0.048958
0 0.589583 0.707812 0.043750 0.055208
0 0.655729 0.823958 0.038542 0.047917
0 0.544792 0.743750 0.041667 0.031250
0 0.501042 0.298958 0.045833 0.031250
0 0.202604 0.157292 0.038542 0.029167
0 0.554167 0.182292 0.050000 0.047917
0 0.126042 0.864583 0.027083 0.037500
0 0.623437 0.775000 0.036458 0.037500
0 0.479167 0.689063 0.047917 0.032292
0 0.456250 0.250521 0.035417 0.040625
0 0.600000 0.961458 0.047917 0.041667
0 0.954167 0.685937 0.050000 0.044792
0 0.126042 0.948958 0.045833 0.029167
0 0.624479 0.387500 0.038542 0.052083
0 0.415104 0.731771 0.023958 0.040625
0 0.227083 0.616146 0.043750 0.026042
0 0.576562 0.185938 0.040625 0.026042
0 0.554167 0.537500 0.029167 0.045833
0 0.862500 0.935417 0.029167 0.041667
0 0.493229 0.621354 0.038542 0.019792
0 0.641667 0.640625 0.029167 0.041667
0 0.796354 0.878125 0.038542 0.027083
0 0.505729 0.301042 0.042708 0.033333
0 0.931250 0.183854 0.043750 0.042708
0 0.444271 0.433333 0.040625 0.054167
0 0.767708 0.312500 0.047917 0.035417
0 0.854688 0.900000 0.032292 0.047917
0 0.298958 0.795833 0.037500 0.025000
0 0.735417 0.773438 0.045833 0.055208
0 0.744271 0.705729 0.051042 0.036458
0 0.662500 0.300521 0.050000 0.028125
0 0.753125 0.580729 0.041667 0.044792
0 0.473958 0.242708 0.035417 0.037500
0 0.445312 0.885417 0.048958 0.041667
0 0.388542 0.496354 0.047917 0.055208
0 0.707292 0.466667 0.039583 0.041667
0 0.360938 0.545312 0.048958 0.044792
0 0.167187 0.614583 0.048958 0.025000
0 0.248958 0.632292 0.022917 0.039583
0 0.252083 0.715104 0.052083 0.030208
0 0.832292 0.356771 0.033333 0.040625
0 0.524479 0.607812 0.028125 0.040625
0 0.415625 0.338542 0.025000 0.043750
0 0.184896 0.806250 0.053125 0.041667
0 0.079687 0.678646 0.051042 0.053125
0 0.381250 0.568750 0.050000 0.029167
0 0.820312 0.681250 0.046875 0.033333
0 0.568750 0.733333 0.045833 0.029167
0 0.828125 0.874479 0.045833 0.032292
0 0.829167 0.076563 0.037500 0.019792
0 0.852083 0.834896 0.041667 0.048958
0 0.953125 0.332292 0.031250 0.041667
0 0.697396 0.229687 0.040625 0.023958
0 0.397396 0.752083 0.038542 0.035417
0 0.547396 0.387500 0.044792 0.025000
0 0.432292 0.825521 0.054167 0.051042
0 0.728646 0.150000 0.034375 0.039583
0 0.952604 0.896354 0.046875 0.034375
0 0.651042 0.439583 0.027083 0.047917
0 0.959896 0.368229 0.040625 0.044792
0 0.960417 0.223958 0.027083 0.047917
0 0.428125 0.894271 0.050000 0.038542
0 0.211979 0.703125 0.046875 0.029167
0 0.204687 0.248438 0.040625 0.036458
0 0.501563 0.574479 0.042708 0.055208
0 0.827083 0.220312 0.025000 0.042708
0 0.256771 0.849479 0.034375 0.053125
0 0.940625 0.705208 0.033333 0.043750
0 0.514583 0.477083 0.041667 0.025000
0 0.203125 0.518750 0.037500 0.029167
0 0.167187 0.096875 0.028125 0.050000
0 0.657813 0.885938 0.040625 0.038542
0 0.193750 0.909375 0.018750 0.035417
0 0.332813 0.217188 0.032292 0.053125
0 0.601042 0.593750 0.037500 0.052083
0 0.757812 0.339583 0.048958 0.025000
0 0.892188 0.177083 0.040625 0.054167
0 0.601042 0.834375 0.045833 0.033333
0 0.116667 0.496875 0.025000 0.041667
0 0.193229 0.170833 0.040625 0.041667
0 0.819792 0.770312 0.043750 0.055208
0 0.676562 0.690104 0.028125 0.040625
0 0.924479 0.745313 0.034375 0.053125
0 0.194792 0.351562 0.039583 0.028125
0 0.106771 0.307812 0.055208 0.040625
0 0.827604 0.725521 0.038542 0.046875
0 0.135417 0.777604 0.037500 0.044792
0 0.381250 0.182812 0.043750 0.040625
0 0.778646 0.173437 0.038542 0.019792
0 0.209375 0.300521 0.037500 0.038542
0 0.302083 0.616667 0.043750 0.045833
0 0.095833 0.541667 0.031250 0.043750
0 0.287500 0.354687 0.039583 0.023958
0 0.928125 0.402083 0.037500 0.027083
0 0.404687 0.552083 0.053125 0.039583
0 0.263542 0.670312 0.039583 0.055208
0 0.136979 0.791667 0.038542 0.022917
0 0.712500 0.858854 0.037500 0.044792
0 0.784896 0.826562 0.051042 0.030208
0 0.718229 0.106250 0.048958 0.041667
0 0.816146 0.232813 0.051042 0.042708
0 0.153646 0.379167 0.042708 0.033333
0 0.750521 0.157812 0.036458 0.046875
0 0.302083 0.645312 0.045833 0.048958
0 0.332813 0.136458 0.038542 0.027083
0 0.563021 0.403125 0.028125 0.045833
0 0.609896 0.528125 0.046875 0.029167
0 0.481250 0.564063 0.045833 0.036458
0 0.884896 0.519271 0.044792 0.042708
0 0.233333 0.335938 0.054167 0.042708
0 0.514583 0.961979 0.045833 0.032292
0 0.870313 0.621875 0.036458 0.022917
0 0.170313 0.536979 0.021875 0.038542
0 0.236979 0.509896 0.046875 0.038542
0 0.944792 0.718229 0.037500 0.021875
0 0.403646 0.804688 0.038542 0.055208
0 0.281250 0.413021 0.054167 0.038542
0 0.272917 0.746875 0.039583 0.041667
0 0.709375 0.239583 0.039583 0.020833
0 0.423438 0.909375 0.042708 0.031250
0 0.914583 0.198437 0.039583 0.030208
0 0.590104 0.277604 0.051042 0.038542
0 0.505729 0.786458 0.019792 0.035417
0 0.678125 0.912500 0.037500 0.035417
0 0.601562 0.480729 0.053125 0.032292
0 0.424479 0.113021 0.053125 0.032292
0 0.271875 0.593750 0.052083 0.033333
0 0.473438 0.822396 0.040625 0.055208
0 0.804688 0.706771 0.044792 0.026042
0 0.306250 0.825000 0.043750 0.033333
0 0.341146 0.075521 0.040625 0.036458
0 0.108854 0.218229 0.046875 0.055208
0 0.414062 0.618750 0.048958 0.027083
0 0.275521 0.806771 0.048958 0.055208
0 0.585938 0.466667 0.034375 0.039583
0 0.194271 0.388021 0.042708 0.023958
0 0.567708 0.856771 0.050000 0.040625
0 0.914583 0.790625 0.029167 0.050000
0 0.644792 0.360417 0.025000 0.041667
0 0.958854 0.706250 0.044792 0.045833
0 0.685417 0.764062 0.045833 0.055208
0 0.336458 0.177083 0.043750 0.037500
0 0.457813 0.341146 0.048958 0.046875
0 0.307292 0.485417 0.025000 0.047917
0 0.431250 0.913021 0.037500 0.038542
0 0.578125 0.410417 0.052083 0.045833
0 0.625521 0.167187 0.038542 0.021875
0 0.747917 0.079687 0.037500 0.044792
0 0.801042 0.179167 0.052083 0.045833
0 0.229167 0.335417 0.045833 0.045833
0 0.350000 0.291146 0.039583 0.038542
0 0.815625 0.396354 0.045833 0.048958
0 0.138542 0.203646 0.035417 0.053125
0 0.451562 0.746875 0.046875 0.031250
0 0.527083 0.365104 0.033333 0.048958
0 0.744792 0.468750 0.020833 0.035417
0 0.851562 0.228646 0.046875 0.023958
0 0.088542 0.083854 0.043750 0.026042
0 0.457292 0.594271 0.050000 0.040625
0 0.265625 0.787500 0.045833 0.043750
0 0.532813 0.320312 0.034375 0.046875
0 0.357812 0.122917 0.044792 0.025000
0 0.660937 0.158854 0.055208 0.040625
0 0.397917 0.671354 0.054167 0.044792
0 0.175000 0.372396 0.039583 0.044792
0 0.261458 0.760938 0.052083 0.051042
0 0.519271 0.099479 0.036458 0.040625
0 0.452083 0.912500 0.035417 0.043750
0 0.075000 0.368229 0.029167 0.044792
0 0.192188 0.376042 0.036458 0.037500
0 0.658333 0.834896 0.039583 0.036458
0 0.291667 0.754687 0.035417 0.040625
0 0.411979 0.796875 0.046875 0.027083
0 0.216667 0.404687 0.025000 0.048958
0 0.441146 0.281250 0.040625 0.041667
0 0.503125 0.249479 0.050000 0.042708
0 0.398438 0.877083 0.030208 0.039583
0 0.865625 0.678125 0.043750 0.045833
0 0.625521 0.448958 0.019792 0.039583
0 0.958854 0.905208 0.044792 0.037500
0 0.355208 0.756250 0.037500 0.031250
0 0.280208 0.632812 0.045833 0.034375
0 0.703646 0.340625 0.040625 0.022917
0 0.236979 0.591146 0.034375 0.048958
0 0.789062 0.251563 0.046875 0.034375
0 0.312500 0.272917 0.022917 0.039583
0 0.439583 0.503646 0.054167 0.048958
0 0.447396 0.866146 0.053125 0.051042
0 0.543229 0.380208 0.026042 0.041667
0 0.813542 0.409896 0.025000 0.038542
0 0.506771 0.948958 0.028125 0.043750
0 0.640625 0.260417 0.033333 0.037500
0 0.960417 0.630208 0.039583 0.052083
0 0.711979 0.108854 0.044792 0.055208
0 0.308333 0.856250 0.035417 0.035417
0 0.744271 0.084375 0.036458 0.020833
0 0.198437 0.817187 0.051042 0.042708
0 0.728646 0.382292 0.038542 0.029167
0 0.580729 0.497396 0.040625 0.036458
0 0.390104 0.452083 0.048958 0.052083
0 0.764583 0.565104 0.027083 0.042708
0 0.328646 0.363021 0.032292 0.046875
0 0.960417 0.661979 0.039583 0.026042
0 0.545312 0.393229 0.032292 0.044792
0 0.397917 0.667188 0.039583 0.026042
0 0.746354 0.304167 0.048958 0.050000
0 0.570833 0.276562 0.050000 0.044792
0 0.297396 0.218750 0.048958 0.041667
0 0.920833 0.376563 0.045833 0.034375
0 0.875521 0.100521 0.055208 0.040625
0 0.127604 0.114583 0.038542 0.035417
0 0.726042 0.826042 0.033333 0.037500
0 0.179167 0.417708 0.043750 0.033333
0 0.160417 0.796875 0.033333 0.050000
0 0.212500 0.691667 0.027083 0.047917
0 0.139583 0.747917 0.037500 0.052083
0 0.780729 0.689583 0.036458 0.037500
0 0.074479 0.231250 0.038542 0.052083
0 0.093229 0.590625 0.044792 0.047917
0 0.338542 0.500000 0.027083 0.037500
0 0.520833 0.506250 0.041667 0.027083