0 0.501042 0.249479 0.039583 0.044792
0 0.428125 0.125000 0.037500 0.047917
0 0.306771 0.822396 0.051042 0.044792
0 0.777083 0.399479 0.047917 0.046875
0 0.477604 0.110937 0.038542 0.038542
0 0.504167 0.392708 0.035417 0.037500
0 0.169792 0.517188 0.029167 0.040625
0 0.846875 0.731250 0.041667 0.027083
0 0.651042 0.575000 0.050000 0.029167
0 0.441667 0.850521 0.043750 0.028125
0 0.154688 0.199479 0.026042 0.044792
0 0.561979 0.287500 0.042708 0.025000
0 0.780729 0.493229 0.040625 0.036458
0 0.576562 0.483854 0.051042 0.030208
0 0.169792 0.917188 0.029167 0.044792
0 0.630208 0.620313 0.041667 0.021875
0 0.455729 0.600521 0.044792 0.026042
0 0.819792 0.350000 0.052083 0.043750
0 0.722917 0.435937 0.037500 0.048958
0 0.385937 0.808333 0.046875 0.027083
0 0.841146 0.383333 0.042708 0.029167
0 0.778125 0.447917 0.047917 0.041667
0 0.874479 0.134375 0.038542 0.025000
0 0.099479 0.127604 0.038542 0.021875
0 0.343229 0.813021 0.040625 0.030208
0 0.928646 0.739062 0.032292 0.048958
0 0.584375 0.522396 0.045833 0.055208
0 0.851562 0.575521 0.040625 0.051042
0 0.654687 0.242708 0.042708 0.037500
0 0.478125 0.810417 0.037500 0.047917
0 0.094792 0.526563 0.047917 0.046875
0 0.606771 0.257812 0.040625 0.034375
0 0.590625 0.438542 0.037500 0.027083
0 0.693229 0.733854 0.044792 0.051042
0 0.781771 0.218750 0.038542 0.035417
0 0.095833 0.167187 0.052083 0.032292
0 0.786458 0.847396 0.043750 0.055208
0 0.788021 0.363542 0.023958 0.041667
0 0.319271 0.820312 0.048958 0.046875
0 0.841146 0.487500 0.030208 0.043750
0 0.170833 0.922917 0.043750 0.035417
0 0.527083 0.677604 0.054167 0.042708
0 0.478125 0.724479 0.039583 0.034375
0 0.302083 0.925000 0.045833 0.052083
0 0.857812 0.884375 0.038542 0.052083
0 0.515104 0.226562 0.038542 0.019792
0 0.754167 0.358333 0.043750 0.052083
0 0.745313 0.780729 0.042708 0.044792
0 0.673438 0.408333 0.040625 0.020833
0 0.551042 0.693750 0.039583 0.052083
0 0.464062 0.534375 0.036458 0.022917
0 0.395833 0.950521 0.047917 0.046875
0 0.306771 0.138542 0.032292 0.039583
0 0.686979 0.244271 0.028125 0.051042
0 0.328125 0.780208 0.033333 0.045833
0 0.953125 0.881771 0.027083 0.048958
0 0.867188 0.788542 0.053125 0.037500
0 0.654687 0.853646 0.042708 0.051042
0 0.285938 0.201563 0.046875 0.040625
0 0.678125 0.104688 0.027083 0.051042
0 0.760938 0.865104 0.032292 0.040625
0 0.113542 0.198958 0.047917 0.041667
0 0.348958 0.508854 0.045833 0.038542
0 0.610417 0.273438 0.050000 0.028125
0 0.400521 0.740104 0.044792 0.055208
0 0.884375 0.590625 0.047917 0.037500
0 0.343750 0.252083 0.043750 0.035417
0 0.179688 0.711979 0.038542 0.051042
0 0.284375 0.965104 0.050000 0.042708
0 0.456250 0.270833 0.047917 0.052083
0 0.465625 0.315104 0.029167 0.040625
0 0.793750 0.390625 0.047917 0.027083
0 0.810417 0.947917 0.027083 0.047917
0 0.154167 0.486458 0.041667 0.039583
0 0.786458 0.219271 0.050000 0.038542
0 0.500521 0.360938 0.023958 0.046875
0 0.255729 0.715625 0.038542 0.025000
0 0.421354 0.775521 0.034375 0.040625
0 0.673958 0.821875 0.045833 0.031250
0 0.584896 0.611458 0.051042 0.033333
0 0.788542 0.389062 0.054167 0.036458
0 0.543229 0.390625 0.023958 0.037500
0 0.130208 0.531250 0.033333 0.043750
0 0.514583 0.134896 0.047917 0.032292
0 0.335938 0.408854 0.038542 0.040625
0 0.432292 0.825521 0.037500 0.044792
0 0.894792 0.583333 0.041667 0.039583
0 0.184896 0.922396 0.040625 0.036458
0 0.365625 0.876042 0.020833 0.039583
0 0.827604 0.473958 0.036458 0.037500
0 0.858333 0.083333 0.041667 0.029167
0 0.961458 0.276562 0.045833 0.034375
0 0.865104 0.189062 0.055208 0.048958
0 0.733333 0.724479 0.047917 0.053125
0 0.095833 0.130729 0.029167 0.046875
0 0.127604 0.094792 0.053125 0.041667
0 0.512500 0.693750 0.033333 0.037500
0 0.908333 0.422917 0.045833 0.043750
0 0.805729 0.931771 0.026042 0.051042
0 0.083854 0.679688 0.028125 0.044792
0 0.488021 0.205208 0.046875 0.022917
0 0.804688 0.905208 0.038542 0.025000
0 0.510938 0.094792 0.046875 0.031250
0 0.869792 0.438542 0.052083 0.039583
0 0.945833 0.573438 0.045833 0.040625
0 0.959896 0.521354 0.040625 0.030208
0 0.914062 0.307292 0.028125 0.043750
0 0.716667 0.414062 0.041667 0.023958
0 0.649479 0.697396 0.044792 0.051042
0 0.437500 0.838542 0.033333 0.037500
0 0.509375 0.221875 0.039583 0.041667
0 0.790625 0.530208 0.041667 0.039583
0 0.950000 0.692187 0.039583 0.044792
0 0.896875 0.351562 0.039583 0.048958
0 0.242708 0.897396 0.037500 0.038542
0 0.168229 0.906771 0.053125 0.051042
0 0.682292 0.464583 0.047917 0.025000
0 0.930208 0.096875 0.050000 0.050000
0 0.710938 0.866146 0.036458 0.055208
0 0.473438 0.305729 0.023958 0.040625
0 0.522396 0.828646 0.055208 0.046875
0 0.222917 0.704688 0.020833 0.040625
0 0.743229 0.203646 0.021875 0.044792
0 0.483333 0.704688 0.033333 0.053125
0 0.702083 0.853646 0.043750 0.048958
0 0.500000 0.789583 0.047917 0.033333
0 0.738542 0.410417 0.025000 0.043750
0 0.556250 0.622396 0.050000 0.036458
0 0.471875 0.459375 0.031250 0.050000
0 0.616667 0.786979 0.050000 0.034375
0 0.883333 0.665625 0.029167 0.045833
0 0.820833 0.195312 0.035417 0.044792
0 0.291146 0.936458 0.053125 0.043750
0 0.883333 0.260937 0.029167 0.051042
0 0.132292 0.338542 0.037500 0.033333
0 0.881771 0.677083 0.053125 0.035417
0 0.471354 0.937500 0.042708 0.039583
0 0.831771 0.238542 0.042708 0.039583
0 0.665625 0.700000 0.025000 0.047917
0 0.110937 0.817187 0.055208 0.051042
0 0.773958 0.335938 0.025000 0.044792
0 0.477604 0.180208 0.023958 0.041667
0 0.355208 0.200000 0.027083 0.037500
0 0.176042 0.326042 0.039583 0.047917
0 0.822917 0.723958 0.037500 0.031250
0 0.216667 0.362500 0.033333 0.047917
0 0.283333 0.855208 0.043750 0.052083
0 0.162500 0.860417 0.041667 0.025000
0 0.695833 0.588021 0.039583 0.026042
0 0.135937 0.388021 0.036458 0.046875
0 0.315104 0.199479 0.044792 0.042708
0 0.350521 0.171354 0.034375 0.053125
0 0.726562 0.713542 0.042708 0.029167
0 0.888021 0.922396 0.040625 0.051042
0 0.515104 0.416146 0.044792 0.030208
0 0.456250 0.633854 0.033333 0.044792
0 0.813542 0.302083 0.050000 0.050000
0 0.172917 0.834896 0.050000 0.034375
0 0.384896 0.157812 0.036458 0.046875
0 0.953125 0.655208 0.020833 0.039583
0 0.280729 0.497396 0.042708 0.023958
0 0.498437 0.902604 0.055208 0.042708
0 0.385417 0.826042 0.039583 0.025000
0 0.646354 0.781771 0.038542 0.021875
0 0.901563 0.153646 0.053125 0.051042
0 0.658333 0.364583 0.047917 0.039583
0 0.948958 0.395313 0.029167 0.040625
0 0.618229 0.570833 0.032292 0.039583
0 0.342708 0.487500 0.025000 0.037500
0 0.200521 0.597396 0.040625 0.034375
0 0.272396 0.639062 0.051042 0.040625
0 0.644792 0.829688 0.043750 0.048958
0 0.478646 0.306250 0.053125 0.045833
0 0.286979 0.076563 0.026042 0.046875
0 0.521354 0.394792 0.030208 0.050000
0 0.219792 0.476562 0.025000 0.038542
0 0.307292 0.856771 0.039583 0.030208
0 0.890104 0.913021 0.044792 0.032292
0 0.809896 0.584375 0.053125 0.045833
0 0.344271 0.162500 0.038542 0.043750
0 0.393750 0.652083 0.043750 0.035417
0 0.338021 0.332292 0.036458 0.037500
0 0.600000 0.314063 0.025000 0.042708
0 0.652604 0.850000 0.053125 0.043750
0 0.557292 0.829688 0.050000 0.036458
0 0.667708 0.734375 0.052083 0.043750
0 0.162500 0.463021 0.037500 0.048958
0 0.306771 0.226562 0.036458 0.046875
0 0.669271 0.490625 0.032292 0.039583
0 0.917188 0.138021 0.051042 0.036458
0 0.496354 0.863542 0.046875 0.027083
0 0.780208 0.746875 0.022917 0.039583
0 0.920312 0.833333 0.036458 0.018750
0 0.457292 0.334896 0.041667 0.048958
0 0.592187 0.198437 0.055208 0.042708
0 0.909896 0.435417 0.023958 0.041667
0 0.670833 0.559896 0.054167 0.048958
0 0.612500 0.279687 0.050000 0.053125
0 0.375521 0.469792 0.042708 0.027083
0 0.634896 0.920312 0.048958 0.032292
0 0.667188 0.674479 0.021875 0.038542
0 0.286979 0.414062 0.044792 0.055208
0 0.150000 0.472917 0.027083 0.037500
0 0.587500 0.864583 0.018750 0.035417
0 0.757812 0.115104 0.053125 0.034375
0 0.405208 0.267188 0.043750 0.040625
0 0.113021 0.478646 0.053125 0.051042
0 0.545833 0.106771 0.050000 0.034375
0 0.603125 0.616146 0.043750 0.040625
0 0.194271 0.190625 0.019792 0.035417
0 0.632292 0.902604 0.039583 0.038542
0 0.121354 0.813542 0.021875 0.039583
0 0.239063 0.417708 0.044792 0.025000
0 0.899479 0.518750 0.026042 0.039583
0 0.368229 0.167708 0.032292 0.047917
0 0.807813 0.431250 0.040625 0.041667
0 0.833854 0.312500 0.042708 0.031250
0 0.708854 0.792708 0.048958 0.027083
0 0.603125 0.387500 0.029167 0.045833
0 0.696875 0.393750 0.031250 0.050000
0 0.648438 0.190625 0.042708 0.025000
0 0.443750 0.563542 0.018750 0.035417
0 0.531771 0.440625 0.048958 0.037500
0 0.897396 0.691667 0.053125 0.045833
0 0.604167 0.477604 0.045833 0.028125
0 0.347396 0.355208 0.038542 0.027083
0 0.491146 0.853646 0.040625 0.023958
0 0.883333 0.760938 0.037500 0.040625
0 0.257292 0.589063 0.041667 0.048958
0 0.778646 0.086458 0.051042 0.050000
0 0.177083 0.797396 0.047917 0.032292
0 0.559896 0.185938 0.044792 0.051042
0 0.630729 0.765104 0.040625 0.026042
0 0.247396 0.917188 0.019792 0.038542
0 0.241146 0.532813 0.040625 0.028125
0 0.142708 0.106771 0.054167 0.046875
0 0.327083 0.830729 0.052083 0.051042
0 0.300521 0.137500 0.053125 0.037500
0 0.446354 0.209896 0.040625 0.046875
0 0.709375 0.945312 0.043750 0.040625
0 0.109896 0.796354 0.032292 0.048958
0 0.668750 0.156771 0.031250 0.048958
0 0.109375 0.662500 0.037500 0.033333
0 0.559896 0.492188 0.042708 0.023958
0 0.110417 0.787500 0.035417 0.020833
0 0.633854 0.208854 0.038542 0.023958
0 0.634896 0.121875 0.028125 0.045833
0 0.743229 0.114583 0.048958 0.041667
0 0.191667 0.700521 0.029167 0.044792
0 0.267188 0.624479 0.051042 0.026042
0 0.197396 0.131250 0.042708 0.037500
0 0.182812 0.107813 0.053125 0.053125
0 0.720833 0.126042 0.035417 0.037500
0 0.624479 0.885938 0.051042 0.034375
0 0.622917 0.499479 0.050000 0.038542
0 0.088542 0.741146 0.035417 0.040625
0 0.289062 0.718229 0.030208 0.044792
0 0.778125 0.725521 0.039583 0.028125
0 0.668750 0.836979 0.031250 0.053125
0 0.633333 0.482812 0.041667 0.044792
0 0.176042 0.671875 0.052083 0.039583
0 0.592708 0.882292 0.029167 0.045833
0 0.415625 0.829167 0.027083 0.037500
0 0.532292 0.877083 0.037500 0.027083
0 0.705729 0.729688 0.040625 0.055208
0 0.156771 0.189062 0.038542 0.055208
0 0.779687 0.123438 0.038542 0.055208
0 0.593750 0.797917 0.052083 0.043750
0 0.578125 0.632812 0.035417 0.048958
0 0.184375 0.446875 0.018750 0.035417
0 0.918229 0.207292 0.053125 0.045833
0 0.198437 0.963021 0.038542 0.046875
0 0.893750 0.081771 0.050000 0.026042
0 0.368750 0.131771 0.054167 0.048958
0 0.601562 0.455208 0.036458 0.037500
0 0.720833 0.831250 0.043750 0.033333
0 0.296875 0.943750 0.035417 0.020833
0 0.372396 0.089063 0.040625 0.038542
0 0.903646 0.732812 0.048958 0.030208
0 0.946875 0.712500 0.041667 0.025000
0 0.165625 0.796354 0.031250 0.051042
0 0.898438 0.415104 0.048958 0.048958
0 0.753646 0.900521 0.036458 0.055208
0 0.648958 0.750000 0.037500 0.029167
0 0.223438 0.248438 0.055208 0.036458
0 0.808333 0.816146 0.035417 0.040625
0 0.859375 0.607812 0.041667 0.048958
0 0.125521 0.815625 0.040625 0.043750
0 0.645833 0.656250 0.050000 0.029167
0 0.359896 0.784896 0.055208 0.051042
0 0.870313 0.260417 0.036458 0.037500
0 0.416667 0.615625 0.045833 0.027083
0 0.863542 0.889583 0.025000 0.043750
0 0.161979 0.650000 0.021875 0.043750
0 0.121354 0.380208 0.038542 0.037500
0 0.283333 0.257812 0.043750 0.026042
0 0.719271 0.471875 0.044792 0.033333
0 0.139583 0.581250 0.047917 0.041667
0 0.269271 0.714063 0.051042 0.034375
0 0.146875 0.857812 0.037500 0.044792
0 0.480729 0.558333 0.030208 0.039583
0 0.240104 0.614583 0.017708 0.035417
0 0.538021 0.880208 0.053125 0.039583
0 0.400521 0.505729 0.040625 0.026042
0 0.659375 0.204687 0.039583 0.038542
0 0.857292 0.198437 0.045833 0.032292
0 0.132292 0.754167 0.020833 0.035417
0 0.471354 0.165625 0.048958 0.041667
0 0.972396 0.462500 0.048958 0.027083
0 0.782813 0.572917 0.032292 0.039583
0 0.555729 0.412500 0.044792 0.022917
0 0.482812 0.362500 0.036458 0.043750
0 0.651563 0.391146 0.036458 0.055208
0 0.817187 0.330208 0.051042 0.047917
0 0.668229 0.642188 0.030208 0.048958
0 0.640625 0.277083 0.033333 0.050000
0 0.464583 0.700000 0.043750 0.045833
0 0.566146 0.950000 0.034375 0.039583
0 0.930729 0.506771 0.036458 0.040625
0 0.073958 0.162500 0.035417 0.043750
0 0.271354 0.084375 0.017708 0.035417
0 0.421875 0.137500 0.041667 0.025000
0 0.935417 0.439583 0.043750 0.035417
0 0.258854 0.912500 0.040625 0.043750
0 0.500521 0.540625 0.036458 0.043750
0 0.581250 0.376563 0.043750 0.040625
0 0.406771 0.155208 0.042708 0.037500
0 0.569792 0.668229 0.043750 0.048958
0 0.464583 0.878125 0.035417 0.020833
0 0.307812 0.172396 0.051042 0.028125
0 0.792188 0.464583 0.036458 0.052083
0 0.495312 0.445312 0.044792 0.030208
0 0.277604 0.458854 0.028125 0.051042
0 0.466667 0.271354 0.050000 0.028125
0 0.216146 0.742188 0.046875 0.026042
0 0.253646 0.856250 0.051042 0.050000
0 0.286458 0.384375 0.045833 0.029167
0 0.697396 0.385937 0.046875 0.048958
0 0.584896 0.209896 0.046875 0.048958
0 0.298438 0.678125 0.030208 0.047917
0 0.558854 0.622917 0.023958 0.037500
0 0.252604 0.830729 0.040625 0.051042
0 0.218750 0.539583 0.033333 0.050000
0 0.424479 0.276042 0.030208 0.050000
0 0.505729 0.094271 0.042708 0.044792
0 0.824479 0.375000 0.040625 0.041667
0 0.233333 0.277083 0.039583 0.020833
0 0.565625 0.877604 0.045833 0.038542
0 0.358854 0.697396 0.026042 0.040625
0 0.763542 0.630729 0.045833 0.048958
0 0.168229 0.526563 0.055208 0.036458
0 0.370833 0.818229 0.033333 0.040625
0 0.954167 0.959375 0.029167 0.050000
0 0.629687 0.959896 0.053125 0.051042
0 0.115104 0.308333 0.028125 0.050000
0 0.244792 0.729688 0.054167 0.040625
0 0.174479 0.417187 0.042708 0.021875
0 0.457813 0.108854 0.036458 0.051042
0 0.270833 0.601042 0.043750 0.035417
0 0.422917 0.531771 0.041667 0.048958
0 0.745833 0.533333 0.037500 0.027083
0 0.756250 0.317188 0.037500 0.048958
0 0.178646 0.349479 0.038542 0.040625
0 0.290104 0.829688 0.053125 0.053125
0 0.628646 0.197917 0.046875 0.043750
0 0.529687 0.373958 0.028125 0.039583
0 0.732292 0.412500 0.050000 0.033333
0 0.509896 0.665104 0.048958 0.046875
0 0.354167 0.741146 0.039583 0.028125
0 0.474479 0.380729 0.055208 0.042708
0 0.401562 0.430729 0.042708 0.051042
0 0.113021 0.774479 0.030208 0.048958
0 0.179688 0.080208 0.036458 0.047917
0 0.942708 0.961979 0.047917 0.046875
0 0.839063 0.834375 0.028125 0.039583
0 0.579688 0.579688 0.038542 0.021875
0 0.808854 0.144792 0.036458 0.043750
0 0.221875 0.222396 0.022917 0.042708
0 0.796875 0.559375 0.043750 0.025000
0 0.575000 0.735938 0.050000 0.053125
0 0.149479 0.459375 0.048958 0.027083
0 0.111979 0.941667 0.026042 0.037500
0 0.264062 0.532813 0.044792 0.030208
0 0.938021 0.815104 0.042708 0.023958
0 0.215104 0.485938 0.036458 0.040625
0 0.384375 0.278646 0.045833 0.055208
0 0.671354 0.517708 0.028125 0.050000
0 0.306771 0.219271 0.038542 0.023958
0 0.708333 0.156771 0.047917 0.032292
0 0.409896 0.888542 0.038542 0.031250
0 0.914062 0.109375 0.038542 0.029167
0 0.752604 0.608333 0.051042 0.050000
0 0.117188 0.942708 0.038542 0.031250
0 0.601562 0.295833 0.038542 0.043750
0 0.265104 0.284375 0.046875 0.043750
0 0.641667 0.875521 0.025000 0.042708
0 0.530729 0.809375 0.040625 0.041667
0 0.235417 0.591146 0.041667 0.023958
0 0.844792 0.152604 0.047917 0.032292
0 0.801042 0.300521 0.047917 0.032292
0 0.192708 0.515625 0.033333 0.050000
0 0.201563 0.300521 0.040625 0.038542
0 0.826042 0.707292 0.052083 0.039583
0 0.434375 0.847917 0.039583 0.052083
0 0.370833 0.265104 0.045833 0.055208
0 0.441146 0.165625 0.038542 0.031250
0 0.451562 0.559375 0.026042 0.045833
0 0.853125 0.781250 0.035417 0.037500
0 0.964583 0.586979 0.054167 0.051042
0 0.267708 0.279687 0.043750 0.042708
0 0.827083 0.332292 0.037500 0.025000
0 0.542708 0.902083 0.037500 0.033333
0 0.859896 0.148958 0.038542 0.027083
0 0.496875 0.961979 0.039583 0.036458
0 0.288542 0.782813 0.031250 0.040625
0 0.103125 0.825521 0.043750 0.032292
0 0.686458 0.104167 0.037500 0.047917
0 0.226042 0.826042 0.050000 0.029167
0 0.859896 0.243229 0.051042 0.053125
0 0.933854 0.602083 0.036458 0.037500
0 0.418750 0.394792 0.033333 0.037500
0 0.075521 0.783854 0.032292 0.048958
0 0.551042 0.372917 0.037500 0.047917
0 0.109896 0.780208 0.044792 0.025000
0 0.168229 0.813021 0.051042 0.042708
0 0.834896 0.087500 0.019792 0.039583
0 0.839063 0.901563 0.053125 0.030208
0 0.887500 0.090625 0.045833 0.043750
0 0.330729 0.829688 0.032292 0.046875
0 0.392708 0.517188 0.050000 0.036458
0 0.125000 0.350521 0.047917 0.048958
0 0.107813 0.589063 0.036458 0.046875
0 0.502604 0.104688 0.051042 0.042708
0 0.275000 0.701562 0.039583 0.026042
0 0.253125 0.916667 0.050000 0.047917
0 0.520312 0.332292 0.038542 0.052083
0 0.578646 0.945833 0.051042 0.050000
0 0.566146 0.158854 0.042708 0.023958
0 0.470833 0.660417 0.037500 0.022917
0 0.556250 0.403125 0.033333 0.037500
0 0.643750 0.528125 0.031250 0.050000
0 0.731250 0.858854 0.054167 0.051042
0 0.655208 0.605729 0.047917 0.032292
0 0.843750 0.798438 0.043750 0.040625
0 0.429688 0.328646 0.046875 0.028125
0 0.114062 0.312500 0.032292 0.047917
0 0.594271 0.097917 0.038542 0.031250
0 0.214583 0.768229 0.041667 0.032292
0 0.168229 0.538542 0.038542 0.027083
0 0.960417 0.166146 0.031250 0.044792
0 0.860938 0.304688 0.023958 0.040625
0 0.924479 0.311979 0.042708 0.023958
0 0.691667 0.255729 0.050000 0.040625
0 0.221875 0.860938 0.025000 0.038542
0 0.412500 0.276562 0.047917 0.028125
0 0.941146 0.858333 0.023958 0.047917
0 0.431250 0.851562 0.047917 0.032292
0 0.890104 0.422917 0.046875 0.033333
0 0.480208 0.283854 0.029167 0.051042
0 0.339062 0.951562 0.044792 0.032292
0 0.815104 0.631250 0.046875 0.031250
0 0.176563 0.492188 0.048958 0.034375
0 0.660937 0.455208 0.032292 0.047917
0 0.077604 0.159896 0.028125 0.044792
0 0.211979 0.133854 0.040625 0.034375
0 0.652083 0.248958 0.031250 0.041667
0 0.874479 0.881250 0.017708 0.035417
0 0.267708 0.631771 0.033333 0.040625
0 0.213021 0.465104 0.028125 0.040625
0 0.562500 0.368750 0.035417 0.037500
0 0.504687 0.869271 0.051042 0.026042
0 0.315104 0.617188 0.034375 0.051042
0 0.627083 0.083333 0.033333 0.050000
0 0.666667 0.426563 0.041667 0.021875
0 0.889062 0.966146 0.051042 0.042708
0 0.450521 0.761979 0.046875 0.023958
0 0.764583 0.360417 0.045833 0.043750
0 0.786979 0.591146 0.051042 0.026042
0 0.695833 0.157812 0.045833 0.038542
0 0.928125 0.674479 0.054167 0.044792
0 0.759375 0.334896 0.039583 0.038542
0 0.596875 0.242188 0.043750 0.055208
0 0.728646 0.845833 0.042708 0.027083
0 0.550521 0.098958 0.026042 0.039583
0 0.829688 0.792188 0.026042 0.040625
0 0.095312 0.739062 0.055208 0.048958
0 0.766146 0.715625 0.046875 0.029167
0 0.889583 0.528646 0.027083 0.040625
0 0.614583 0.492708 0.025000 0.039583
0 0.373437 0.131771 0.051042 0.038542
0 0.366146 0.547917 0.053125 0.045833
0 0.826042 0.350000 0.043750 0.045833
0 0.752083 0.893750 0.047917 0.033333
0 0.547917 0.503125 0.052083 0.033333
0 0.423958 0.560937 0.039583 0.038542
0 0.836458 0.742708 0.043750 0.037500
0 0.176042 0.926042 0.037500 0.022917
0 0.387500 0.665625 0.041667 0.020833
0 0.174479 0.726562 0.044792 0.026042
0 0.147396 0.296354 0.046875 0.048958
0 0.204167 0.600000 0.035417 0.052083
0 0.763021 0.363021 0.055208 0.036458
0 0.737500 0.609375 0.037500 0.027083
0 0.715104 0.291146 0.048958 0.046875
0 0.604688 0.900521 0.028125 0.051042
0 0.419792 0.700521 0.041667 0.044792