0 0.847396 0.901042 0.038542 0.035417
0 0.223438 0.939583 0.036458 0.043750
0 0.680208 0.098958 0.037500 0.052083
0 0.303646 0.470833 0.019792 0.037500
0 0.282292 0.573438 0.052083 0.053125
0 0.796875 0.807292 0.039583 0.022917
0 0.088021 0.219271 0.034375 0.046875
0 0.180729 0.509896 0.034375 0.040625
0 0.685417 0.271354 0.039583 0.036458
0 0.129688 0.340625 0.040625 0.041667
0 0.329688 0.551042 0.038542 0.052083
0 0.769271 0.889583 0.042708 0.027083
0 0.880729 0.275521 0.046875 0.040625
0 0.287500 0.821875 0.043750 0.045833
0 0.551562 0.244792 0.034375 0.039583
0 0.473958 0.699479 0.054167 0.040625
0 0.304688 0.178125 0.038542 0.025000
0 0.106771 0.454167 0.023958 0.043750
0 0.905208 0.083854 0.031250 0.044792
0 0.153125 0.076563 0.039583 0.032292
0 0.185938 0.182292 0.048958 0.037500
0 0.687500 0.105208 0.037500 0.029167
0 0.415625 0.750000 0.043750 0.033333
0 0.588542 0.807813 0.043750 0.040625
0 0.296354 0.152604 0.046875 0.048958
0 0.342187 0.795312 0.036458 0.055208
0 0.375000 0.935937 0.027083 0.038542
0 0.721354 0.073438 0.040625 0.023958
0 0.104688 0.118750 0.026042 0.045833
0 0.960417 0.423958 0.041667 0.037500
0 0.890104 0.938021 0.038542 0.046875
0 0.926042 0.103125 0.037500 0.022917
0 0.652083 0.889062 0.035417 0.048958
0 0.361979 0.809896 0.028125 0.040625
0 0.703646 0.403646 0.046875 0.036458
0 0.639583 0.671354 0.031250 0.044792
0 0.285938 0.867708 0.026042 0.045833
0 0.816667 0.542188 0.047917 0.048958
0 0.497917 0.734896 0.052083 0.034375
0 0.549479 0.523438 0.026042 0.044792
0 0.147396 0.427604 0.051042 0.040625
0 0.612500 0.820833 0.050000 0.033333
0 0.679688 0.453646 0.051042 0.040625
0 0.645833 0.342187 0.043750 0.026042
0 0.654167 0.782292 0.035417 0.020833
0 0.134896 0.538021 0.042708 0.055208
0 0.252604 0.713542 0.028125 0.045833
0 0.821354 0.101042 0.038542 0.047917
0 0.643229 0.601042 0.028125 0.039583
0 0.942708 0.285938 0.039583 0.023958
0 0.663021 0.121354 0.040625 0.034375
0 0.529167 0.409896 0.047917 0.044792
0 0.930208 0.665625 0.035417 0.037500
0 0.890625 0.288021 0.050000 0.040625
0 0.101562 0.559375 0.042708 0.029167
0 0.235937 0.424479 0.048958 0.030208
0 0.579688 0.831771 0.044792 0.048958
0 0.855208 0.968750 0.041667 0.047917
0 0.556250 0.549479 0.043750 0.048958
0 0.797396 0.618750 0.044792 0.045833
0 0.414062 0.718750 0.038542 0.035417
0 0.707292 0.205208 0.041667 0.037500
0 0.902604 0.204167 0.048958 0.035417
0 0.756771 0.401562 0.044792 0.042708
0 0.311458 0.147917 0.047917 0.037500
0 0.292708 0.964063 0.033333 0.040625
0 0.303125 0.852083 0.047917 0.041667
0 0.895833 0.097396 0.029167 0.040625
0 0.767708 0.187500 0.050000 0.050000
0 0.726562 0.177604 0.034375 0.040625
0 0.967708 0.222396 0.050000 0.044792
0 0.336979 0.321875 0.036458 0.043750
0 0.523438 0.710417 0.026042 0.041667
0 0.568229 0.363021 0.034375 0.051042
0 0.750521 0.268750 0.028125 0.045833
0 0.223958 0.896354 0.039583 0.023958
0 0.672917 0.162500 0.039583 0.047917
0 0.807292 0.439063 0.033333 0.048958
0 0.932292 0.442188 0.041667 0.021875
0 0.797917 0.243750 0.025000 0.041667
0 0.872396 0.550000 0.048958 0.037500
0 0.871354 0.201563 0.026042 0.040625
0 0.481250 0.839063 0.039583 0.038542
0 0.819271 0.759896 0.042708 0.055208
0 0.845313 0.551562 0.026042 0.051042
0 0.292708 0.398438 0.050000 0.042708
0 0.200521 0.529687 0.044792 0.048958
0 0.688021 0.747917 0.021875 0.041667
0 0.395313 0.752604 0.051042 0.040625
0 0.765104 0.629687 0.046875 0.034375
0 0.134896 0.357812 0.042708 0.023958
0 0.923958 0.905208 0.047917 0.039583
0 0.395833 0.804688 0.037500 0.038542
0 0.896354 0.515625 0.021875 0.037500
0 0.106771 0.121875 0.044792 0.045833
0 0.573958 0.625000 0.045833 0.043750
0 0.440104 0.703125 0.046875 0.031250
0 0.325521 0.307812 0.048958 0.030208
0 0.961979 0.730208 0.040625 0.041667
0 0.231771 0.732292 0.053125 0.037500
0 0.310937 0.467708 0.019792 0.039583
0 0.508854 0.178125 0.038542 0.025000
0 0.736458 0.476562 0.054167 0.042708
0 0.364583 0.258854 0.050000 0.036458
0 0.285938 0.289583 0.028125 0.041667
0 0.551042 0.859896 0.031250 0.044792
0 0.358333 0.585938 0.050000 0.053125
0 0.164062 0.742188 0.038542 0.019792
0 0.830208 0.093750 0.037500 0.041667
0 0.871354 0.591667 0.042708 0.039583
0 0.122917 0.313542 0.033333 0.043750
0 0.614062 0.743750 0.036458 0.037500
0 0.097396 0.604167 0.023958 0.047917
0 0.466667 0.891146 0.037500 0.021875
0 0.376042 0.692708 0.052083 0.041667
0 0.343750 0.211458 0.039583 0.041667
0 0.143750 0.088542 0.043750 0.045833
0 0.852083 0.280729 0.031250 0.048958
0 0.710417 0.708854 0.043750 0.042708
0 0.221354 0.576042 0.026042 0.041667
0 0.387500 0.529687 0.039583 0.030208
0 0.106771 0.717187 0.044792 0.040625
0 0.405729 0.896354 0.040625 0.030208
0 0.453125 0.152083 0.052083 0.039583
0 0.743750 0.663021 0.037500 0.044792
0 0.485417 0.761458 0.029167 0.041667
0 0.381771 0.317188 0.030208 0.044792
0 0.940104 0.628646 0.048958 0.030208
0 0.523438 0.227083 0.036458 0.020833
0 0.761979 0.247396 0.040625 0.030208
0 0.793750 0.586458 0.035417 0.020833
0 0.596354 0.491667 0.038542 0.043750
0 0.160938 0.084896 0.030208 0.044792
0 0.391667 0.240625 0.041667 0.039583
0 0.838542 0.697917 0.045833 0.045833
0 0.277604 0.892708 0.038542 0.029167
0 0.538542 0.575521 0.037500 0.019792
0 0.395833 0.383333 0.029167 0.037500
0 0.135937 0.782292 0.042708 0.039583
0 0.544792 0.451562 0.037500 0.019792
0 0.610417 0.209896 0.039583 0.038542
0 0.518229 0.099479 0.026042 0.044792
0 0.387500 0.680729 0.050000 0.034375
0 0.127083 0.960938 0.022917 0.038542
0 0.611458 0.270313 0.027083 0.046875
0 0.437500 0.496875 0.029167 0.037500
0 0.488542 0.760417 0.041667 0.029167
0 0.841667 0.428125 0.037500 0.041667
0 0.512500 0.825521 0.035417 0.044792
0 0.670312 0.323958 0.036458 0.043750
0 0.805208 0.762500 0.041667 0.039583
0 0.710938 0.259375 0.032292 0.047917
0 0.943229 0.784896 0.026042 0.046875
0 0.106771 0.859375 0.042708 0.027083
0 0.138021 0.496354 0.036458 0.017708
0 0.934896 0.358333 0.042708 0.027083
0 0.715625 0.934896 0.050000 0.053125
0 0.474479 0.330729 0.040625 0.036458
0 0.953646 0.816146 0.026042 0.044792
0 0.278125 0.192188 0.041667 0.032292
0 0.356771 0.492708 0.038542 0.033333
0 0.723437 0.585417 0.042708 0.047917
0 0.810937 0.400521 0.038542 0.038542
0 0.250521 0.939063 0.034375 0.046875
0 0.803646 0.751042 0.053125 0.043750
0 0.478125 0.955208 0.045833 0.031250
0 0.746875 0.139063 0.039583 0.028125
0 0.205729 0.381771 0.048958 0.048958
0 0.791146 0.180729 0.040625 0.038542
0 0.419792 0.355208 0.035417 0.047917
0 0.414062 0.609375 0.021875 0.041667
0 0.581771 0.546875 0.048958 0.027083
0 0.106250 0.873437 0.033333 0.040625
0 0.706771 0.300000 0.051042 0.050000
0 0.745313 0.121354 0.028125 0.044792
0 0.245312 0.122396 0.040625 0.030208
0 0.590625 0.208333 0.029167 0.041667
0 0.666146 0.406250 0.021875 0.041667
0 0.541667 0.083333 0.050000 0.050000
0 0.423438 0.682813 0.044792 0.028125
0 0.576562 0.533854 0.038542 0.019792
0 0.334896 0.336979 0.046875 0.034375
0 0.709896 0.260937 0.038542 0.046875
0 0.931250 0.876042 0.047917 0.025000
0 0.490104 0.877604 0.046875 0.055208
0 0.757812 0.741667 0.046875 0.029167
0 0.918229 0.119792 0.053125 0.037500
0 0.097917 0.101042 0.041667 0.039583
0 0.846875 0.352083 0.047917 0.037500
0 0.492708 0.285417 0.037500 0.029167
0 0.368750 0.204687 0.022917 0.040625
0 0.395833 0.848437 0.043750 0.040625
0 0.321875 0.281250 0.037500 0.035417
0 0.897917 0.166146 0.045833 0.048958
0 0.950000 0.208333 0.047917 0.041667
0 0.907813 0.317188 0.034375 0.051042
0 0.562500 0.446354 0.025000 0.042708
0 0.194271 0.194792 0.042708 0.039583
0 0.083333 0.756250 0.037500 0.031250
0 0.306250 0.401562 0.043750 0.048958
0 0.869271 0.806771 0.028125 0.048958
0 0.750521 0.351562 0.040625 0.028125
0 0.874479 0.458854 0.026042 0.040625
0 0.548958 0.353125 0.043750 0.045833
0 0.418750 0.416667 0.052083 0.037500
0 0.811458 0.535417 0.052083 0.041667
0 0.280729 0.862500 0.051042 0.050000
0 0.943750 0.082292 0.047917 0.035417
0 0.379167 0.151562 0.050000 0.053125
0 0.851042 0.660937 0.050000 0.034375
0 0.901563 0.715625 0.036458 0.020833
0 0.776563 0.311979 0.032292 0.040625
0 0.485417 0.460417 0.033333 0.037500
0 0.667708 0.364063 0.031250 0.040625
0 0.072917 0.663542 0.035417 0.018750
0 0.300000 0.925000 0.035417 0.018750
0 0.389062 0.365104 0.051042 0.040625
0 0.352083 0.653646 0.050000 0.034375
0 0.889583 0.080729 0.050000 0.040625
0 0.658854 0.605729 0.046875 0.032292
0 0.776563 0.785417 0.040625 0.020833
0 0.403125 0.457292 0.045833 0.043750
0 0.626563 0.188542 0.026042 0.039583
0 0.189062 0.646875 0.036458 0.037500
0 0.506771 0.565625 0.046875 0.031250
0 0.627604 0.487500 0.042708 0.031250
0 0.235417 0.838021 0.027083 0.046875
0 0.425000 0.852083 0.035417 0.022917
0 0.940104 0.789062 0.044792 0.051042
0 0.123438 0.213021 0.046875 0.036458
0 0.132292 0.238021 0.039583 0.036458
0 0.389583 0.088021 0.041667 0.044792
0 0.138542 0.167708 0.045833 0.033333
0 0.080208 0.863021 0.041667 0.048958
0 0.939583 0.849479 0.050000 0.040625
0 0.917188 0.810937 0.028125 0.046875
0 0.480208 0.777604 0.033333 0.040625
0 0.213542 0.478125 0.050000 0.033333
0 0.712500 0.296875 0.043750 0.052083
0 0.101562 0.116667 0.044792 0.033333
0 0.871875 0.779167 0.018750 0.035417
0 0.309896 0.120313 0.046875 0.048958
0 0.073958 0.712500 0.027083 0.037500
0 0.472917 0.771875 0.037500 0.047917
0 0.248958 0.841667 0.052083 0.047917
0 0.848437 0.580729 0.040625 0.026042
0 0.500000 0.543229 0.054167 0.048958
0 0.451042 0.958333 0.029167 0.041667
0 0.608333 0.242188 0.039583 0.028125
0 0.797917 0.178125 0.050000 0.050000
0 0.254688 0.785937 0.044792 0.044792
0 0.259375 0.654687 0.037500 0.040625
0 0.213542 0.198958 0.041667 0.039583
0 0.313542 0.694271 0.022917 0.038542
0 0.223438 0.351562 0.051042 0.034375
0 0.452604 0.307292 0.042708 0.027083
0 0.906250 0.505729 0.047917 0.030208
0 0.139583 0.780729 0.035417 0.040625
0 0.491667 0.816667 0.035417 0.037500
0 0.430729 0.701042 0.042708 0.037500
0 0.796354 0.153646 0.034375 0.051042
0 0.828646 0.423438 0.042708 0.044792
0 0.859375 0.605208 0.037500 0.022917
0 0.952604 0.309896 0.042708 0.055208
0 0.656250 0.742708 0.022917 0.039583
0 0.682813 0.462500 0.036458 0.043750
0 0.579688 0.751042 0.032292 0.039583
0 0.532813 0.568229 0.051042 0.038542
0 0.789062 0.603125 0.030208 0.043750
0 0.329688 0.206771 0.032292 0.044792
0 0.536979 0.728125 0.023958 0.037500
0 0.609896 0.408333 0.032292 0.043750
0 0.374479 0.366667 0.044792 0.052083
0 0.790625 0.197917 0.041667 0.047917
0 0.759896 0.860417 0.040625 0.043750
0 0.561979 0.135937 0.030208 0.051042
0 0.795833 0.441146 0.054167 0.044792
0 0.484896 0.150521 0.051042 0.042708
0 0.604688 0.402604 0.036458 0.051042
0 0.479167 0.351562 0.033333 0.040625
0 0.745313 0.616667 0.048958 0.035417
0 0.233854 0.366667 0.044792 0.045833
0 0.310937 0.372396 0.040625 0.044792
0 0.475521 0.079167 0.034375 0.047917
0 0.305208 0.292708 0.045833 0.031250
0 0.931771 0.519271 0.055208 0.036458
0 0.892188 0.347396 0.028125 0.040625
0 0.507292 0.806250 0.025000 0.043750
0 0.475000 0.579167 0.039583 0.041667
0 0.372396 0.637500 0.046875 0.029167
0 0.167187 0.664062 0.042708 0.044792
0 0.894271 0.702083 0.053125 0.037500
0 0.363542 0.696354 0.039583 0.038542
0 0.276042 0.756771 0.054167 0.046875
0 0.451042 0.730208 0.047917 0.037500
0 0.494271 0.803125 0.046875 0.045833
0 0.278646 0.596354 0.038542 0.051042
0 0.125521 0.542188 0.026042 0.051042
0 0.609375 0.632812 0.050000 0.053125
0 0.278646 0.955729 0.044792 0.051042
0 0.435417 0.359896 0.022917 0.040625
0 0.528646 0.103125 0.051042 0.047917
0 0.208333 0.954688 0.043750 0.042708
0 0.408854 0.107292 0.030208 0.039583
0 0.600521 0.895312 0.048958 0.046875
0 0.708854 0.606250 0.042708 0.027083
0 0.370312 0.520312 0.044792 0.040625
0 0.801042 0.330729 0.039583 0.038542
0 0.411979 0.140625 0.048958 0.041667
0 0.184375 0.558333 0.050000 0.029167
0 0.962500 0.564583 0.050000 0.047917
0 0.642708 0.342708 0.035417 0.037500
0 0.582812 0.797917 0.028125 0.050000
0 0.164583 0.339062 0.035417 0.048958
0 0.845313 0.618750 0.051042 0.031250
0 0.570833 0.075000 0.041667 0.037500
0 0.931250 0.790625 0.037500 0.033333
0 0.304688 0.520833 0.038542 0.025000
0 0.281771 0.633854 0.048958 0.055208
0 0.289583 0.554167 0.052083 0.043750
0 0.798958 0.927083 0.047917 0.039583
0 0.908854 0.704167 0.023958 0.041667
0 0.427604 0.642188 0.023958 0.040625
0 0.495312 0.584375 0.044792 0.033333
0 0.252083 0.958333 0.027083 0.041667
0 0.263021 0.329688 0.053125 0.034375
0 0.554167 0.577604 0.031250 0.040625
0 0.134896 0.491667 0.030208 0.050000
0 0.945833 0.310417 0.031250 0.041667
0 0.432292 0.430729 0.029167 0.051042
0 0.607812 0.911458 0.051042 0.033333
0 0.853125 0.702604 0.043750 0.032292
0 0.217708 0.290625 0.047917 0.052083
0 0.564583 0.400000 0.052083 0.039583
0 0.822396 0.583854 0.040625 0.034375
0 0.700521 0.637500 0.048958 0.052083
0 0.788542 0.704167 0.047917 0.041667
0 0.165104 0.843750 0.040625 0.041667
0 0.216146 0.686458 0.028125 0.050000
0 0.422396 0.686458 0.038542 0.031250
0 0.383854 0.589063 0.055208 0.040625
0 0.089583 0.710417 0.027083 0.041667
0 0.442188 0.389062 0.046875 0.036458
0 0.345833 0.081250 0.035417 0.020833
0 0.959896 0.856771 0.044792 0.055208
0 0.514583 0.388542 0.043750 0.045833
0 0.278646 0.963542 0.046875 0.031250
0 0.191667 0.178646 0.039583 0.036458
0 0.581250 0.796875 0.037500 0.043750
0 0.836979 0.800000 0.036458 0.018750
0 0.526042 0.064062 0.041667 0.021875
0 0.648958 0.191146 0.025000 0.042708
0 0.140625 0.334896 0.047917 0.053125
0 0.290625 0.692187 0.047917 0.023958
0 0.153646 0.512500 0.034375 0.037500
0 0.123958 0.386979 0.037500 0.053125
0 0.869271 0.691146 0.042708 0.023958
0 0.736458 0.724479 0.037500 0.038542
0 0.778646 0.672396 0.044792 0.026042
0 0.938021 0.950000 0.046875 0.043750
0 0.306771 0.156250 0.026042 0.039583
0 0.257812 0.937500 0.051042 0.047917
0 0.593229 0.396875 0.053125 0.043750
0 0.223438 0.620833 0.053125 0.047917
0 0.906771 0.292187 0.034375 0.053125
0 0.085938 0.802604 0.030208 0.044792
0 0.112500 0.284375 0.043750 0.025000
0 0.167708 0.157812 0.037500 0.021875
0 0.097917 0.813542 0.052083 0.047917
0 0.741667 0.161979 0.037500 0.053125
0 0.527604 0.490625 0.044792 0.027083
0 0.397917 0.533333 0.037500 0.031250
0 0.847917 0.771875 0.031250 0.045833
0 0.202604 0.328646 0.044792 0.042708
0 0.215625 0.079687 0.031250 0.044792
0 0.266667 0.723958 0.041667 0.052083
0 0.239063 0.140625 0.044792 0.047917
0 0.126042 0.133854 0.039583 0.038542
0 0.084896 0.795312 0.051042 0.040625
0 0.121354 0.154688 0.046875 0.048958
0 0.173958 0.801042 0.037500 0.041667
0 0.378646 0.889583 0.042708 0.041667
0 0.092708 0.291667 0.045833 0.029167
0 0.166146 0.620313 0.051042 0.042708
0 0.507812 0.826562 0.030208 0.040625
0 0.822917 0.307292 0.033333 0.052083
0 0.361979 0.535937 0.048958 0.046875
0 0.269271 0.629167 0.042708 0.039583
0 0.639583 0.896875 0.047917 0.025000
0 0.173437 0.472917 0.030208 0.039583
0 0.539583 0.572917 0.037500 0.041667
0 0.795312 0.187500 0.036458 0.018750
0 0.197396 0.090104 0.046875 0.023958
0 0.635417 0.845833 0.043750 0.035417
0 0.132812 0.278646 0.032292 0.046875
0 0.342187 0.551562 0.036458 0.051042
0 0.561458 0.461458 0.043750 0.035417
0 0.229687 0.422396 0.040625 0.026042
0 0.286458 0.917188 0.037500 0.044792
0 0.148958 0.173958 0.045833 0.029167
0 0.372396 0.517708 0.036458 0.018750
0 0.761979 0.071354 0.040625 0.038542
0 0.308854 0.497396 0.055208 0.048958
0 0.765104 0.700000 0.036458 0.037500
0 0.641667 0.469792 0.045833 0.052083
0 0.095312 0.515104 0.051042 0.040625
0 0.456250 0.201042 0.047917 0.039583
0 0.754687 0.464583 0.034375 0.052083
0 0.310937 0.478646 0.040625 0.023958
0 0.568229 0.250521 0.021875 0.038542
0 0.238542 0.861979 0.045833 0.055208
0 0.254688 0.621875 0.028125 0.039583
0 0.121875 0.913021 0.035417 0.017708
0 0.089063 0.917188 0.044792 0.021875
0 0.396354 0.763542 0.028125 0.039583
0 0.332813 0.645312 0.040625 0.044792
0 0.838021 0.468750 0.051042 0.033333
0 0.831250 0.133854 0.029167 0.044792
0 0.463542 0.699479 0.043750 0.055208
0 0.909375 0.097396 0.033333 0.053125
0 0.315104 0.964063 0.032292 0.040625
0 0.676562 0.960938 0.026042 0.040625
0 0.264583 0.636458 0.050000 0.050000
0 0.252083 0.199479 0.043750 0.040625
0 0.768750 0.353646 0.050000 0.053125
0 0.289062 0.807813 0.034375 0.040625
0 0.785417 0.080208 0.029167 0.037500
0 0.123438 0.547917 0.042708 0.047917
0 0.480729 0.822396 0.026042 0.051042
0 0.326042 0.340625 0.018750 0.035417
0 0.229687 0.777604 0.048958 0.055208
0 0.148438 0.290625 0.044792 0.022917
0 0.439583 0.445833 0.035417 0.018750
0 0.411979 0.330208 0.048958 0.037500
0 0.683854 0.823438 0.028125 0.040625
0 0.197396 0.758333 0.046875 0.029167
0 0.947917 0.777604 0.041667 0.048958
0 0.324479 0.504167 0.036458 0.018750
0 0.933854 0.348438 0.044792 0.028125
0 0.181250 0.948438 0.045833 0.034375
0 0.773958 0.311979 0.041667 0.055208
0 0.607292 0.158333 0.035417 0.035417
0 0.576562 0.087500 0.044792 0.047917
0 0.412500 0.479687 0.052083 0.051042
0 0.284375 0.478125 0.050000 0.050000
0 0.554688 0.681771 0.053125 0.051042
0 0.190104 0.731250 0.040625 0.052083
0 0.568750 0.270313 0.022917 0.044792
0 0.678125 0.786458 0.045833 0.027083
0 0.748437 0.158854 0.044792 0.026042
0 0.625521 0.313542 0.048958 0.041667
0 0.538021 0.805208 0.038542 0.029167
0 0.200521 0.319792 0.034375 0.047917
0 0.388542 0.934896 0.047917 0.046875
0 0.843229 0.746875 0.034375 0.052083
0 0.458333 0.777604 0.050000 0.028125
0 0.284375 0.525000 0.045833 0.052083
0 0.404687 0.646875 0.042708 0.047917
0 0.220312 0.677604 0.044792 0.055208
0 0.479687 0.777083 0.053125 0.041667
0 0.856771 0.078646 0.051042 0.030208
0 0.553125 0.113021 0.033333 0.048958
0 0.777083 0.437500 0.052083 0.041667
0 0.151042 0.139583 0.022917 0.037500
0 0.533854 0.901042 0.036458 0.052083
0 0.107292 0.929167 0.052083 0.045833
0 0.881771 0.080729 0.053125 0.051042
0 0.355208 0.728125 0.047917 0.033333
0 0.136979 0.781250 0.028125 0.039583
0 0.621354 0.744271 0.053125 0.034375
0 0.915104 0.904167 0.042708 0.047917
0 0.748958 0.310937 0.029167 0.051042
0 0.128646 0.536458 0.048958 0.037500
0 0.829688 0.712500 0.053125 0.039583
0 0.567708 0.306771 0.050000 0.042708
0 0.659375 0.277604 0.029167 0.048958
0 0.668229 0.357292 0.036458 0.047917
0 0.393229 0.743750 0.038542 0.027083
0 0.481771 0.768750 0.046875 0.031250
0 0.221875 0.229687 0.041667 0.032292
0 0.080208 0.591667 0.047917 0.050000
0 0.251563 0.790104 0.026042 0.046875
0 0.220312 0.829688 0.055208 0.038542
0 0.084375 0.230729 0.050000 0.044792
0 0.469271 0.430729 0.038542 0.040625
0 0.305208 0.812500 0.029167 0.041667
0 0.735417 0.854167 0.031250 0.050000
0 0.472396 0.694271 0.046875 0.023958
0 0.271354 0.617708 0.028125 0.039583
0 0.839583 0.807813 0.031250 0.044792
0 0.658333 0.311458 0.047917 0.050000
0 0.277083 0.516667 0.043750 0.045833
0 0.719271 0.808854 0.034375 0.051042
0 0.734896 0.284896 0.044792 0.051042
0 0.783854 0.565625 0.030208 0.043750
0 0.862500 0.373958 0.041667 0.039583
0 0.181250 0.489063 0.050000 0.042708
0 0.634375 0.647917 0.031250 0.037500
0 0.216667 0.912500 0.035417 0.047917
0 0.358333 0.717187 0.039583 0.030208
0 0.718750 0.616146 0.043750 0.021875
0 0.441667 0.457813 0.045833 0.026042
0 0.261458 0.339583 0.039583 0.052083
0 0.873958 0.106771 0.033333 0.044792
0 0.637500 0.840104 0.033333 0.048958
0 0.973437 0.617188 0.055208 0.044792
0 0.446354 0.340104 0.046875 0.032292