0 0.376563 0.480208 0.038542 0.025000
0 0.958333 0.878646 0.043750 0.028125
0 0.926042 0.910937 0.031250 0.040625
0 0.689583 0.660417 0.037500 0.035417
0 0.811979 0.321354 0.046875 0.055208
0 0.425000 0.930729 0.033333 0.048958
0 0.080208 0.904167 0.035417 0.035417
0 0.817187 0.251042 0.021875 0.043750
0 0.195312 0.954167 0.028125 0.039583
0 0.915104 0.538021 0.042708 0.044792
0 0.785417 0.581250 0.045833 0.027083
0 0.214062 0.716146 0.036458 0.040625
0 0.340104 0.460938 0.053125 0.034375
0 0.679688 0.152083 0.034375 0.047917
0 0.683333 0.168229 0.033333 0.048958
0 0.755729 0.551042 0.048958 0.035417
0 0.840625 0.767188 0.043750 0.042708
0 0.777083 0.096875 0.045833 0.043750
0 0.528646 0.768229 0.040625 0.055208
0 0.292187 0.121354 0.055208 0.046875
0 0.194271 0.536979 0.026042 0.046875
0 0.351562 0.710417 0.030208 0.043750
0 0.904167 0.918750 0.041667 0.029167
0 0.361458 0.695833 0.045833 0.043750
0 0.572917 0.090625 0.037500 0.047917
0 0.477083 0.554167 0.039583 0.047917
0 0.375521 0.920312 0.026042 0.051042
0 0.321875 0.367708 0.041667 0.039583
0 0.729688 0.275000 0.046875 0.031250
0 0.913021 0.201042 0.038542 0.031250
0 0.686979 0.602604 0.044792 0.055208
0 0.277604 0.221875 0.042708 0.039583
0 0.441667 0.206771 0.054167 0.040625
0 0.377604 0.905208 0.032292 0.043750
0 0.368750 0.409375 0.041667 0.052083
0 0.844792 0.751563 0.050000 0.034375
0 0.500000 0.315625 0.037500 0.035417
0 0.593750 0.128646 0.047917 0.055208
0 0.541146 0.225000 0.048958 0.052083
0 0.340104 0.250000 0.019792 0.035417
0 0.562500 0.882812 0.039583 0.044792
0 0.303646 0.339062 0.055208 0.038542
0 0.205729 0.194271 0.028125 0.040625
0 0.279167 0.457813 0.041667 0.055208
0 0.114583 0.239583 0.037500 0.027083
0 0.841667 0.280729 0.045833 0.038542
0 0.441667 0.221875 0.033333 0.043750
0 0.757812 0.189062 0.032292 0.044792
0 0.191146 0.301042 0.044792 0.045833
0 0.448958 0.810417 0.018750 0.037500
0 0.908333 0.631771 0.050000 0.053125
0 0.307812 0.472917 0.051042 0.050000
0 0.715625 0.418750 0.031250 0.050000
0 0.879167 0.702604 0.039583 0.038542
0 0.720313 0.299479 0.034375 0.040625
0 0.294792 0.289062 0.047917 0.053125
0 0.455208 0.510938 0.037500 0.021875
0 0.323958 0.852604 0.033333 0.044792
0 0.253646 0.935937 0.042708 0.021875
0 0.903125 0.799479 0.041667 0.044792
0 0.495833 0.761979 0.047917 0.046875
0 0.714063 0.687500 0.038542 0.033333
0 0.722396 0.452604 0.040625 0.023958
0 0.805729 0.577083 0.036458 0.043750
0 0.784896 0.390625 0.053125 0.045833
0 0.753646 0.770833 0.053125 0.039583
0 0.493229 0.086458 0.023958 0.041667
0 0.169792 0.123438 0.043750 0.055208
0 0.729167 0.272917 0.020833 0.035417
0 0.759375 0.457292 0.037500 0.041667
0 0.584375 0.144792 0.020833 0.039583
0 0.077083 0.548438 0.039583 0.026042
0 0.519271 0.467187 0.053125 0.051042
0 0.416146 0.821354 0.048958 0.030208
0 0.806250 0.883854 0.054167 0.038542
0 0.841667 0.666146 0.050000 0.042708
0 0.844271 0.509375 0.030208 0.050000
0 0.329688 0.566146 0.046875 0.036458
0 0.579167 0.160417 0.025000 0.043750
0 0.323958 0.837500 0.045833 0.052083
0 0.749479 0.673438 0.055208 0.038542
0 0.223958 0.747917 0.043750 0.052083
0 0.938021 0.296875 0.051042 0.050000
0 0.462500 0.387500 0.047917 0.035417
0 0.198958 0.193750 0.035417 0.047917
0 0.560937 0.698958 0.048958 0.033333
0 0.594792 0.195312 0.054167 0.046875
0 0.840625 0.205208 0.033333 0.050000
0 0.956771 0.680729 0.040625 0.055208
0 0.377604 0.294792 0.042708 0.054167
0 0.064062 0.570833 0.019792 0.037500
0 0.873958 0.361458 0.020833 0.035417
0 0.938021 0.776042 0.028125 0.050000
0 0.484896 0.165104 0.055208 0.048958
0 0.818750 0.649479 0.025000 0.046875
0 0.076563 0.958333 0.038542 0.025000
0 0.409896 0.482292 0.030208 0.039583
0 0.858333 0.671875 0.045833 0.031250
0 0.350521 0.554167 0.046875 0.045833
0 0.940104 0.669271 0.055208 0.048958
0 0.508333 0.668229 0.054167 0.046875
0 0.783854 0.286979 0.055208 0.042708
0 0.850000 0.157812 0.043750 0.026042
0 0.663021 0.920312 0.051042 0.038542
0 0.308854 0.091667 0.040625 0.022917
0 0.842708 0.128125 0.047917 0.052083
0 0.356771 0.956771 0.053125 0.034375
0 0.246875 0.936979 0.029167 0.044792
0 0.454688 0.877083 0.038542 0.047917
0 0.169792 0.197917 0.047917 0.027083
0 0.713542 0.340104 0.050000 0.044792
0 0.255729 0.307292 0.036458 0.037500
0 0.827083 0.083854 0.029167 0.046875
0 0.663021 0.688542 0.030208 0.050000
0 0.751042 0.269271 0.041667 0.021875
0 0.539062 0.965625 0.042708 0.047917
0 0.233333 0.477604 0.047917 0.030208
0 0.299479 0.590104 0.048958 0.046875
0 0.828646 0.247396 0.032292 0.053125
0 0.253125 0.183333 0.020833 0.039583
0 0.780208 0.877604 0.029167 0.044792
0 0.267188 0.595833 0.023958 0.045833
0 0.460417 0.863021 0.043750 0.030208
0 0.926042 0.650000 0.033333 0.045833
0 0.256771 0.311458 0.040625 0.054167
0 0.901563 0.457813 0.026042 0.046875
0 0.782292 0.561458 0.047917 0.037500
0 0.642188 0.925521 0.042708 0.051042
0 0.093750 0.216146 0.045833 0.023958
0 0.294792 0.156250 0.037500 0.052083
0 0.736979 0.292708 0.040625 0.025000
0 0.459375 0.917708 0.033333 0.052083
0 0.658854 0.870313 0.038542 0.055208
0 0.550000 0.695833 0.043750 0.052083
0 0.785937 0.257812 0.040625 0.030208
0 0.877083 0.499479 0.054167 0.044792
0 0.313542 0.556250 0.039583 0.041667
0 0.748437 0.801562 0.040625 0.034375
0 0.225000 0.947396 0.031250 0.040625
0 0.848437 0.859375 0.026042 0.045833
0 0.903125 0.800521 0.037500 0.048958
0 0.161458 0.723958 0.031250 0.045833
0 0.722396 0.828125 0.040625 0.054167
0 0.752604 0.409896 0.044792 0.028125
0 0.420833 0.363021 0.037500 0.044792
0 0.705729 0.436458 0.036458 0.020833
0 0.778125 0.950521 0.043750 0.048958
0 0.507812 0.414062 0.040625 0.038542
0 0.541146 0.550000 0.036458 0.020833
0 0.502604 0.804688 0.028125 0.051042
0 0.954167 0.330208 0.025000 0.037500
0 0.580208 0.622396 0.039583 0.055208
0 0.627604 0.673438 0.051042 0.038542
0 0.875000 0.571354 0.031250 0.051042
0 0.386979 0.754687 0.044792 0.048958
0 0.268229 0.586979 0.040625 0.036458
0 0.835938 0.425000 0.044792 0.022917
0 0.200521 0.234375 0.046875 0.045833
0 0.709896 0.187500 0.038542 0.033333
0 0.108333 0.736979 0.039583 0.034375
0 0.220312 0.439063 0.038542 0.046875
0 0.913021 0.921875 0.042708 0.047917
0 0.766146 0.360938 0.046875 0.038542
0 0.762500 0.949479 0.054167 0.048958
0 0.202604 0.943229 0.038542 0.040625
0 0.410938 0.183333 0.042708 0.031250
0 0.804167 0.901042 0.052083 0.039583
0 0.479167 0.880729 0.054167 0.051042
0 0.459896 0.893229 0.026042 0.046875
0 0.586458 0.717187 0.039583 0.036458
0 0.509896 0.321354 0.040625 0.032292
0 0.454167 0.507812 0.039583 0.030208
0 0.488542 0.513021 0.039583 0.038542
0 0.423958 0.854688 0.027083 0.042708
0 0.231250 0.834375 0.018750 0.035417
0 0.600000 0.935417 0.047917 0.052083
0 0.095833 0.696875 0.041667 0.025000
0 0.676562 0.142708 0.034375 0.039583
0 0.792708 0.781250 0.020833 0.035417
0 0.579167 0.298958 0.033333 0.047917
0 0.234375 0.695312 0.035417 0.048958
0 0.706250 0.740104 0.041667 0.021875
0 0.662500 0.660937 0.039583 0.034375
0 0.654687 0.240625 0.038542 0.025000
0 0.453125 0.349479 0.054167 0.042708
0 0.904167 0.761979 0.043750 0.040625
0 0.779687 0.454167 0.051042 0.029167
0 0.921354 0.651042 0.040625 0.054167
0 0.459896 0.609896 0.030208 0.044792
0 0.737500 0.192188 0.054167 0.044792
0 0.371354 0.805208 0.034375 0.039583
0 0.839583 0.681771 0.037500 0.048958
0 0.919792 0.098437 0.039583 0.030208
0 0.802604 0.826562 0.051042 0.040625
0 0.612500 0.218229 0.054167 0.046875
0 0.945833 0.805729 0.045833 0.028125
0 0.752604 0.350000 0.028125 0.039583
0 0.699479 0.468229 0.032292 0.044792
0 0.687500 0.368750 0.052083 0.033333
0 0.416146 0.329688 0.055208 0.038542
0 0.079167 0.579167 0.039583 0.041667
0 0.253646 0.284375 0.030208 0.039583
0 0.639062 0.769271 0.044792 0.028125
0 0.396875 0.788542 0.031250 0.043750
0 0.161458 0.643750 0.037500 0.052083
0 0.813021 0.569792 0.044792 0.047917
0 0.138021 0.088021 0.032292 0.044792
0 0.902604 0.764583 0.053125 0.041667
0 0.160417 0.803125 0.043750 0.052083
0 0.482812 0.301563 0.023958 0.042708
0 0.894792 0.788542 0.018750 0.037500
0 0.738542 0.594792 0.037500 0.031250
0 0.709896 0.194792 0.038542 0.031250
0 0.548958 0.863021 0.020833 0.038542
0 0.106250 0.130729 0.035417 0.053125
0 0.164583 0.713542 0.022917 0.037500
0 0.150521 0.479687 0.026042 0.040625
0 0.400000 0.826562 0.047917 0.046875
0 0.175000 0.410417 0.041667 0.039583
0 0.813542 0.476562 0.045833 0.055208
0 0.313542 0.090625 0.035417 0.035417
0 0.592708 0.375000 0.022917 0.039583
0 0.833333 0.514062 0.037500 0.048958
0 0.617188 0.383854 0.048958 0.046875
0 0.303646 0.442188 0.051042 0.044792
0 0.168229 0.480729 0.040625 0.032292
0 0.558854 0.434375 0.053125 0.041667
0 0.196875 0.140104 0.022917 0.040625
0 0.591667 0.954688 0.035417 0.044792
0 0.622917 0.502604 0.033333 0.044792
0 0.943750 0.314063 0.052083 0.051042
0 0.698958 0.487500 0.052083 0.035417
0 0.411979 0.686458 0.017708 0.035417
0 0.850521 0.315104 0.046875 0.038542
0 0.280208 0.585938 0.025000 0.038542
0 0.725521 0.761979 0.040625 0.030208
0 0.299479 0.645312 0.023958 0.042708
0 0.081250 0.855208 0.041667 0.027083
0 0.906771 0.378646 0.032292 0.044792
0 0.627604 0.484896 0.048958 0.023958
0 0.832292 0.829167 0.050000 0.047917
0 0.549479 0.328125 0.038542 0.043750
0 0.780729 0.181250 0.042708 0.031250
0 0.161458 0.291667 0.035417 0.037500
0 0.878125 0.944792 0.041667 0.029167
0 0.635417 0.509375 0.022917 0.037500
0 0.183854 0.385937 0.053125 0.034375
0 0.090625 0.579167 0.047917 0.039583
0 0.950000 0.299479 0.037500 0.021875
0 0.639062 0.385937 0.034375 0.053125
0 0.239063 0.914062 0.044792 0.028125
0 0.689063 0.869271 0.040625 0.023958
0 0.697396 0.416146 0.038542 0.051042
0 0.602604 0.841667 0.023958 0.043750
0 0.573438 0.836458 0.036458 0.047917
0 0.171354 0.426563 0.044792 0.051042
0 0.434896 0.866667 0.034375 0.039583
0 0.735417 0.111458 0.033333 0.037500
0 0.711979 0.233854 0.042708 0.023958
0 0.209375 0.335938 0.035417 0.053125
0 0.868750 0.088542 0.052083 0.037500
0 0.201042 0.771354 0.039583 0.048958
0 0.220833 0.779167 0.031250 0.041667
0 0.067708 0.177083 0.031250 0.037500
0 0.530208 0.868229 0.050000 0.042708
0 0.256250 0.185417 0.037500 0.025000
0 0.965625 0.664583 0.037500 0.052083
0 0.642708 0.716146 0.052083 0.032292
0 0.255208 0.535937 0.037500 0.038542
0 0.458333 0.739062 0.037500 0.044792
0 0.261458 0.867188 0.041667 0.042708
0 0.689583 0.642188 0.047917 0.032292
0 0.919792 0.642708 0.033333 0.043750
0 0.347917 0.819792 0.047917 0.033333
0 0.323437 0.641146 0.034375 0.040625
0 0.437500 0.412500 0.025000 0.047917
0 0.444792 0.359375 0.029167 0.037500
0 0.254167 0.112500 0.045833 0.043750
0 0.433854 0.588542 0.034375 0.039583
0 0.777604 0.165625 0.034375 0.043750
0 0.677083 0.617188 0.045833 0.038542
0 0.498958 0.488542 0.045833 0.027083
0 0.469792 0.510417 0.047917 0.041667
0 0.380208 0.381250 0.050000 0.029167
0 0.261458 0.148438 0.043750 0.042708
0 0.958854 0.633854 0.038542 0.046875
0 0.466146 0.966667 0.030208 0.047917
0 0.654687 0.662500 0.040625 0.047917
0 0.626042 0.083854 0.035417 0.048958
0 0.603646 0.731250 0.019792 0.037500
0 0.359896 0.762500 0.048958 0.037500
0 0.838021 0.294792 0.053125 0.039583
0 0.842708 0.144792 0.035417 0.020833
0 0.756250 0.223958 0.052083 0.039583
0 0.258854 0.937500 0.042708 0.029167
0 0.182292 0.378125 0.039583 0.047917
0 0.466146 0.747396 0.046875 0.038542
0 0.810417 0.718750 0.029167 0.041667
0 0.477083 0.820833 0.037500 0.035417
0 0.415625 0.907813 0.050000 0.034375
0 0.393229 0.281771 0.051042 0.040625
0 0.441146 0.910417 0.046875 0.045833
0 0.548438 0.494792 0.028125 0.050000
0 0.642188 0.702604 0.044792 0.032292
0 0.086458 0.347917 0.052083 0.043750
0 0.594271 0.111979 0.040625 0.036458
0 0.175521 0.396354 0.034375 0.040625
0 0.324479 0.287500 0.042708 0.039583
0 0.100000 0.764062 0.033333 0.044792
0 0.696875 0.131771 0.035417 0.048958
0 0.959375 0.678646 0.041667 0.023958
0 0.558333 0.147396 0.039583 0.053125
0 0.444792 0.372917 0.052083 0.033333
0 0.614062 0.439583 0.028125 0.041667
0 0.931771 0.617188 0.055208 0.038542
0 0.131250 0.797917 0.035417 0.022917
0 0.137500 0.415625 0.047917 0.052083
0 0.434375 0.942187 0.041667 0.044792
0 0.393229 0.961979 0.030208 0.048958
0 0.417187 0.548438 0.048958 0.028125
0 0.904167 0.845313 0.027083 0.051042
0 0.816146 0.331250 0.021875 0.037500
0 0.337500 0.655729 0.047917 0.030208
0 0.519271 0.268229 0.055208 0.046875
0 0.093750 0.814583 0.031250 0.037500
0 0.822396 0.357292 0.038542 0.043750
0 0.165625 0.140625 0.041667 0.047917
0 0.404687 0.653125 0.046875 0.031250
0 0.268229 0.242708 0.038542 0.027083
0 0.680208 0.750000 0.043750 0.045833
0 0.121875 0.387500 0.027083 0.047917
0 0.529687 0.651042 0.046875 0.031250
0 0.522917 0.806250 0.043750 0.035417
0 0.265625 0.251042 0.045833 0.031250
0 0.823958 0.469271 0.037500 0.038542
0 0.244792 0.253125 0.037500 0.027083
0 0.857812 0.825521 0.032292 0.053125
0 0.942187 0.256250 0.051042 0.033333
0 0.240625 0.286979 0.043750 0.040625
0 0.520312 0.802604 0.046875 0.034375
0 0.549479 0.845313 0.038542 0.040625
0 0.392188 0.525521 0.032292 0.044792
0 0.307812 0.744792 0.021875 0.039583
0 0.464062 0.211979 0.046875 0.036458
0 0.109375 0.616667 0.045833 0.029167
0 0.485417 0.859375 0.037500 0.035417
0 0.596354 0.105208 0.036458 0.043750
0 0.587500 0.163021 0.047917 0.046875
0 0.420312 0.515104 0.028125 0.051042
0 0.554688 0.844792 0.026042 0.037500
0 0.308854 0.422396 0.030208 0.044792
0 0.523438 0.163021 0.044792 0.051042
0 0.358854 0.798958 0.042708 0.037500
0 0.342708 0.701562 0.050000 0.040625
0 0.694792 0.936979 0.039583 0.034375
0 0.435417 0.563021 0.043750 0.026042
0 0.610938 0.536979 0.040625 0.032292
0 0.337500 0.422396 0.054167 0.036458
0 0.825521 0.286979 0.030208 0.044792
0 0.204167 0.539583 0.020833 0.035417
0 0.956250 0.405208 0.022917 0.037500
0 0.933333 0.606250 0.033333 0.037500
0 0.750000 0.578125 0.037500 0.035417
0 0.497396 0.616146 0.044792 0.032292
0 0.218750 0.831771 0.043750 0.028125
0 0.112500 0.731250 0.033333 0.050000
0 0.444271 0.935417 0.053125 0.039583
0 0.278646 0.800521 0.036458 0.040625
0 0.295312 0.950000 0.038542 0.031250
0 0.454688 0.601042 0.034375 0.016667
0 0.235937 0.532292 0.046875 0.043750
0 0.308333 0.083333 0.027083 0.041667
0 0.135417 0.496875 0.025000 0.041667
0 0.779687 0.746354 0.055208 0.042708
0 0.294792 0.407292 0.039583 0.041667
0 0.820833 0.420312 0.054167 0.048958
0 0.260417 0.460938 0.045833 0.028125
0 0.295833 0.490625 0.052083 0.035417
0 0.340104 0.781771 0.028125 0.051042
0 0.704688 0.259375 0.023958 0.047917
0 0.972396 0.176042 0.051042 0.050000
0 0.617188 0.953125 0.030208 0.047917
0 0.953125 0.537500 0.037500 0.033333
0 0.848958 0.786979 0.018750 0.038542
0 0.614583 0.745833 0.052083 0.037500
0 0.590625 0.531771 0.029167 0.040625
0 0.178646 0.194792 0.019792 0.039583
0 0.588021 0.753125 0.042708 0.027083
0 0.300000 0.907813 0.027083 0.046875
0 0.160938 0.682292 0.040625 0.047917
0 0.858333 0.106771 0.045833 0.023958
0 0.877083 0.281771 0.031250 0.048958
0 0.071875 0.950521 0.027083 0.042708
0 0.362500 0.105729 0.029167 0.051042
0 0.510417 0.158854 0.050000 0.028125
0 0.836979 0.331250 0.053125 0.045833
0 0.557813 0.278646 0.051042 0.038542
0 0.833333 0.536458 0.031250 0.045833
0 0.831771 0.766146 0.036458 0.055208
0 0.559896 0.195833 0.044792 0.025000
0 0.351042 0.726042 0.047917 0.037500
0 0.108333 0.623437 0.043750 0.042708
0 0.842708 0.140104 0.054167 0.048958
0 0.103125 0.122917 0.027083 0.047917
0 0.610417 0.441146 0.041667 0.048958
0 0.881771 0.923438 0.036458 0.051042
0 0.156250 0.388542 0.045833 0.043750
0 0.798958 0.219271 0.054167 0.046875
0 0.073438 0.259896 0.040625 0.044792
0 0.469792 0.582812 0.050000 0.053125
0 0.580208 0.263542 0.050000 0.029167
0 0.804167 0.769792 0.037500 0.047917
0 0.948958 0.253125 0.039583 0.047917
0 0.141146 0.441667 0.046875 0.052083
0 0.294792 0.732812 0.039583 0.036458
0 0.081250 0.966146 0.025000 0.048958
0 0.834896 0.225000 0.044792 0.033333
0 0.207292 0.925521 0.037500 0.053125
0 0.281250 0.340104 0.039583 0.023958
0 0.560937 0.270833 0.034375 0.016667
0 0.919271 0.090104 0.046875 0.038542
0 0.463542 0.371875 0.035417 0.020833
0 0.675521 0.614583 0.046875 0.031250
0 0.953646 0.414062 0.023958 0.040625
0 0.247396 0.570312 0.048958 0.032292
0 0.526563 0.466667 0.034375 0.043750
0 0.224479 0.317188 0.026042 0.040625
0 0.067708 0.249479 0.029167 0.044792
0 0.950521 0.722396 0.051042 0.034375
0 0.483854 0.105729 0.036458 0.040625
0 0.629167 0.448437 0.033333 0.053125
0 0.929167 0.360938 0.041667 0.048958
0 0.659896 0.363021 0.030208 0.044792
0 0.332292 0.579688 0.052083 0.034375
0 0.550521 0.628646 0.055208 0.040625
0 0.436458 0.429167 0.031250 0.050000
0 0.791667 0.504167 0.033333 0.052083
0 0.903646 0.386979 0.051042 0.055208
0 0.250000 0.182812 0.045833 0.034375
0 0.963021 0.284896 0.040625 0.032292
0 0.630729 0.858854 0.046875 0.036458
0 0.668229 0.787500 0.042708 0.031250
0 0.377083 0.463021 0.050000 0.034375
0 0.935417 0.461979 0.043750 0.042708
0 0.289062 0.436979 0.044792 0.051042
0 0.595833 0.738021 0.045833 0.038542
0 0.590625 0.190104 0.045833 0.055208
0 0.310417 0.195833 0.052083 0.047917
0 0.203125 0.768750 0.039583 0.041667
0 0.131250 0.788021 0.031250 0.044792
0 0.389583 0.756250 0.027083 0.037500
0 0.532292 0.635417 0.031250 0.050000
0 0.726042 0.259375 0.037500 0.035417
0 0.346354 0.727604 0.046875 0.034375
0 0.600000 0.948438 0.045833 0.048958
0 0.536979 0.317188 0.034375 0.040625
0 0.229687 0.477604 0.030208 0.053125
0 0.083854 0.917708 0.044792 0.047917
0 0.757292 0.758333 0.047917 0.041667
0 0.615625 0.320833 0.050000 0.029167
0 0.888021 0.363021 0.044792 0.040625
0 0.633854 0.626042 0.051042 0.050000
0 0.867708 0.451042 0.037500 0.041667
0 0.238021 0.765104 0.044792 0.040625
0 0.442708 0.156250 0.043750 0.025000
0 0.252604 0.890625 0.042708 0.029167
0 0.861979 0.699479 0.042708 0.051042
0 0.231771 0.566146 0.042708 0.021875
0 0.229167 0.461979 0.054167 0.051042
0 0.515104 0.689583 0.051042 0.050000
0 0.211458 0.585417 0.045833 0.043750
0 0.307292 0.406771 0.050000 0.036458
0 0.392708 0.429167 0.035417 0.037500
0 0.462500 0.575000 0.035417 0.037500
0 0.743229 0.382812 0.055208 0.038542
0 0.546875 0.088021 0.054167 0.048958
0 0.822396 0.171354 0.032292 0.044792
0 0.701042 0.664583 0.037500 0.025000
0 0.572396 0.125000 0.038542 0.052083
0 0.569792 0.863021 0.045833 0.055208
0 0.347917 0.954688 0.050000 0.042708
0 0.739062 0.314063 0.051042 0.042708
0 0.378125 0.731250 0.037500 0.047917
0 0.117708 0.463021 0.039583 0.038542
0 0.174479 0.653125 0.026042 0.037500
0 0.914062 0.200000 0.044792 0.047917
0 0.430208 0.167187 0.041667 0.021875
0 0.295833 0.302083 0.033333 0.047917
0 0.520312 0.881771 0.040625 0.044792
0 0.758854 0.761458 0.036458 0.047917
0 0.826562 0.118750 0.038542 0.043750
0 0.277604 0.609896 0.021875 0.044792
0 0.083333 0.926042 0.035417 0.037500
0 0.281771 0.658854 0.040625 0.036458
0 0.671875 0.248958 0.041667 0.037500
0 0.119792 0.807292 0.027083 0.037500
0 0.115104 0.780729 0.044792 0.021875
0 0.782292 0.661458 0.037500 0.041667
0 0.355208 0.063021 0.037500 0.019792
0 0.265104 0.485417 0.038542 0.035417
0 0.273958 0.831250 0.031250 0.037500
0 0.086458 0.595313 0.054167 0.040625
0 0.934375 0.530208 0.037500 0.031250
0 0.756771 0.164583 0.034375 0.043750
0 0.787500 0.800000 0.052083 0.045833
0 0.764583 0.619792 0.037500 0.031250
0 0.820312 0.407292 0.038542 0.029167
0 0.954167 0.441667 0.031250 0.041667
0 0.164583 0.145833 0.043750 0.033333
0 0.704688 0.689063 0.044792 0.032292
0 0.484375 0.152083 0.039583 0.052083
0 0.392708 0.070312 0.043750 0.032292
0 0.869271 0.570312 0.044792 0.026042
0 0.079167 0.359375 0.041667 0.031250
0 0.875000 0.772917 0.027083 0.037500
0 0.569271 0.730729 0.038542 0.046875
0 0.192708 0.645833 0.037500 0.025000
0 0.118229 0.618229 0.038542 0.055208
0 0.472396 0.944792 0.034375 0.047917
0 0.088542 0.129688 0.045833 0.038542
0 0.282813 0.677083 0.034375 0.047917
0 0.720313 0.415104 0.030208 0.053125
0 0.416146 0.796354 0.023958 0.038542
0 0.315625 0.537500 0.031250 0.050000
0 0.460938 0.875521 0.032292 0.048958
0 0.164062 0.693229 0.044792 0.044792
0 0.261458 0.911458 0.045833 0.043750
0 0.542188 0.203125 0.053125 0.043750
0 0.110417 0.238021 0.045833 0.028125
0 0.929688 0.210417 0.023958 0.037500
0 0.134896 0.852083 0.026042 0.047917
0 0.169792 0.670312 0.052083 0.030208
0 0.216146 0.565625 0.040625 0.022917
0 0.178646 0.412500 0.042708 0.041667
0 0.667188 0.172917 0.051042 0.050000
0 0.493229 0.729167 0.044792 0.047917
0 0.967708 0.920833 0.052083 0.033333
0 0.882292 0.896354 0.041667 0.055208
0 0.191146 0.253125 0.051042 0.050000
0 0.922396 0.863542 0.026042 0.039583
0 0.883854 0.411458 0.048958 0.052083
0 0.264583 0.369792 0.050000 0.029167