0 0.317708 0.647396 0.039583 0.026042
0 0.568750 0.455208 0.047917 0.037500
0 0.892188 0.683854 0.030208 0.053125
0 0.655208 0.936458 0.039583 0.052083
0 0.812500 0.628125 0.037500 0.035417
0 0.285938 0.885417 0.038542 0.031250
0 0.136458 0.539583 0.031250 0.037500
0 0.236979 0.336979 0.048958 0.030208
0 0.155729 0.084375 0.036458 0.047917
0 0.544271 0.222396 0.040625 0.032292
0 0.203646 0.362500 0.026042 0.037500
0 0.097917 0.773958 0.027083 0.041667
0 0.106250 0.252604 0.050000 0.053125
0 0.776563 0.907292 0.048958 0.035417
0 0.657292 0.439063 0.027083 0.046875
0 0.404167 0.826042 0.047917 0.041667
0 0.776563 0.918750 0.023958 0.047917
0 0.750521 0.360938 0.042708 0.044792
0 0.653125 0.254688 0.027083 0.051042
0 0.519271 0.346354 0.044792 0.030208
0 0.400521 0.188021 0.046875 0.036458
0 0.096354 0.872396 0.028125 0.040625
0 0.815104 0.479687 0.034375 0.040625
0 0.285417 0.276562 0.039583 0.028125
0 0.907813 0.872917 0.046875 0.043750
0 0.352604 0.865625 0.030208 0.050000
0 0.712500 0.165625 0.027083 0.037500
0 0.858854 0.605208 0.038542 0.043750
0 0.415625 0.519792 0.022917 0.037500
0 0.529167 0.493750 0.043750 0.045833
0 0.469271 0.491146 0.034375 0.040625
0 0.609896 0.910417 0.042708 0.041667
0 0.083333 0.795312 0.050000 0.053125
0 0.595833 0.784896 0.025000 0.038542
0 0.908333 0.842187 0.031250 0.040625
0 0.758333 0.501563 0.039583 0.044792
0 0.715104 0.271875 0.034375 0.043750
0 0.545833 0.422396 0.037500 0.044792
0 0.797917 0.414583 0.039583 0.052083
0 0.108854 0.565104 0.046875 0.026042
0 0.252083 0.623437 0.020833 0.036458
0 0.830208 0.088542 0.045833 0.043750
0 0.270313 0.601042 0.048958 0.035417
0 0.722396 0.877604 0.019792 0.038542
0 0.675521 0.879687 0.038542 0.021875
0 0.232292 0.100521 0.039583 0.026042
0 0.359375 0.543229 0.041667 0.021875
0 0.440625 0.933333 0.050000 0.050000
0 0.766667 0.585417 0.043750 0.052083
0 0.186458 0.241146 0.033333 0.048958
0 0.602604 0.865104 0.044792 0.040625
0 0.354167 0.925521 0.033333 0.044792
0 0.626563 0.371354 0.030208 0.040625
0 0.929688 0.923438 0.038542 0.046875
0 0.078125 0.820833 0.037500 0.031250
0 0.082812 0.836458 0.042708 0.039583
0 0.414062 0.816146 0.021875 0.038542
0 0.764583 0.313542 0.031250 0.050000
0 0.296875 0.888542 0.029167 0.050000
0 0.134375 0.214062 0.033333 0.044792
0 0.867708 0.564583 0.037500 0.025000
0 0.161979 0.210938 0.053125 0.053125
0 0.756771 0.947917 0.046875 0.031250
0 0.416667 0.548958 0.037500 0.031250
0 0.502604 0.495312 0.038542 0.040625
0 0.744271 0.460417 0.036458 0.020833
0 0.236979 0.289583 0.046875 0.031250
0 0.128646 0.500000 0.021875 0.037500
0 0.207813 0.809375 0.021875 0.037500
0 0.479687 0.782813 0.048958 0.046875
0 0.529687 0.437500 0.036458 0.018750
0 0.134896 0.456250 0.046875 0.029167
0 0.360938 0.425521 0.017708 0.036458
0 0.253646 0.930729 0.030208 0.040625
0 0.769271 0.209375 0.023958 0.041667
0 0.194792 0.381771 0.047917 0.046875
0 0.702604 0.639062 0.048958 0.046875
0 0.249479 0.253646 0.044792 0.028125
0 0.401042 0.882292 0.047917 0.027083
0 0.401562 0.886979 0.040625 0.051042
0 0.828125 0.695833 0.037500 0.027083
0 0.911458 0.796354 0.039583 0.048958
0 0.434375 0.933333 0.037500 0.031250
0 0.396354 0.504687 0.048958 0.028125
0 0.595313 0.635417 0.051042 0.031250
0 0.513542 0.517188 0.043750 0.026042
0 0.551042 0.295833 0.041667 0.031250
0 0.539062 0.119271 0.053125 0.034375
0 0.436458 0.518750 0.047917 0.041667
0 0.123438 0.821354 0.023958 0.042708
0 0.481250 0.112500 0.039583 0.022917
0 0.313542 0.693750 0.020833 0.035417
0 0.308854 0.836979 0.046875 0.023958
0 0.425521 0.442188 0.055208 0.051042
0 0.206771 0.944792 0.048958 0.041667
0 0.338021 0.482292 0.053125 0.041667
0 0.601042 0.839063 0.035417 0.040625
0 0.083854 0.932292 0.038542 0.029167
0 0.263542 0.695833 0.052083 0.035417
0 0.942187 0.358854 0.051042 0.034375
0 0.258854 0.436979 0.032292 0.040625
0 0.749479 0.787500 0.040625 0.020833
0 0.590625 0.528646 0.045833 0.036458
0 0.623437 0.858333 0.032292 0.043750
0 0.895833 0.180729 0.037500 0.044792
0 0.279687 0.513542 0.051042 0.029167
0 0.292708 0.606771 0.022917 0.038542
0 0.953646 0.394792 0.040625 0.041667
0 0.906250 0.846875 0.050000 0.050000
0 0.571875 0.426042 0.035417 0.052083
0 0.774479 0.744271 0.051042 0.038542
0 0.330208 0.850521 0.020833 0.036458
0 0.567187 0.070312 0.046875 0.036458
0 0.408333 0.873958 0.039583 0.041667
0 0.702083 0.317188 0.050000 0.034375
0 0.932813 0.907292 0.036458 0.037500
0 0.359896 0.871354 0.040625 0.044792
0 0.923438 0.262500 0.042708 0.031250
0 0.382812 0.364063 0.048958 0.046875
0 0.700521 0.675521 0.034375 0.051042
0 0.776042 0.089063 0.037500 0.044792
0 0.322396 0.889062 0.051042 0.053125
0 0.211458 0.309375 0.052083 0.041667
0 0.588021 0.446875 0.044792 0.027083
0 0.076042 0.744792 0.041667 0.029167
0 0.191667 0.890104 0.043750 0.028125
0 0.628125 0.695833 0.031250 0.037500
0 0.741146 0.352083 0.044792 0.054167
0 0.094271 0.151042 0.053125 0.039583
0 0.808854 0.416146 0.023958 0.042708
0 0.820833 0.321354 0.050000 0.038542
0 0.222917 0.318229 0.039583 0.044792
0 0.527604 0.671354 0.040625 0.019792
0 0.368750 0.161458 0.035417 0.037500
0 0.708333 0.098958 0.050000 0.047917
0 0.879687 0.420833 0.038542 0.022917
0 0.576042 0.269271 0.037500 0.021875
0 0.747917 0.501563 0.025000 0.046875
0 0.779687 0.436979 0.036458 0.051042
0 0.779167 0.440625 0.033333 0.047917
0 0.539062 0.358333 0.036458 0.037500
0 0.867708 0.628125 0.039583 0.020833
0 0.696354 0.552083 0.051042 0.033333
0 0.373437 0.206771 0.044792 0.026042
0 0.523958 0.341146 0.050000 0.053125
0 0.782292 0.457813 0.043750 0.048958
0 0.510417 0.859896 0.031250 0.044792
0 0.503125 0.457813 0.039583 0.023958
0 0.808854 0.516146 0.048958 0.030208
0 0.830208 0.252083 0.043750 0.033333
0 0.512500 0.132292 0.052083 0.041667
0 0.168229 0.707292 0.046875 0.029167
0 0.271354 0.152083 0.032292 0.052083
0 0.349479 0.320312 0.036458 0.040625
0 0.661458 0.124479 0.047917 0.046875
0 0.478646 0.724479 0.040625 0.030208
0 0.287500 0.201563 0.039583 0.036458
0 0.301042 0.432812 0.039583 0.023958
0 0.490104 0.389583 0.038542 0.027083
0 0.536979 0.240625 0.053125 0.043750
0 0.413542 0.711458 0.033333 0.043750
0 0.759375 0.239063 0.035417 0.044792
0 0.336458 0.070833 0.033333 0.037500
0 0.534375 0.180208 0.033333 0.050000
0 0.895833 0.755208 0.031250 0.041667
0 0.744792 0.633854 0.037500 0.038542
0 0.635938 0.545312 0.042708 0.044792
0 0.683333 0.831250 0.037500 0.041667
0 0.760938 0.479687 0.026042 0.040625
0 0.218229 0.906250 0.028125 0.045833
0 0.469271 0.893750 0.048958 0.052083
0 0.876042 0.358854 0.035417 0.048958
0 0.531771 0.732292 0.042708 0.029167
0 0.221354 0.586979 0.055208 0.048958
0 0.534896 0.131771 0.040625 0.036458
0 0.140625 0.319271 0.043750 0.026042
0 0.126042 0.465625 0.029167 0.050000
0 0.653125 0.341667 0.035417 0.037500
0 0.082292 0.963021 0.043750 0.048958
0 0.543229 0.323958 0.038542 0.043750
0 0.767188 0.448958 0.036458 0.037500
0 0.517188 0.090104 0.040625 0.034375
0 0.318229 0.257292 0.032292 0.052083
0 0.754167 0.719271 0.033333 0.053125
0 0.746875 0.598958 0.037500 0.029167
0 0.511979 0.366667 0.048958 0.025000
0 0.423958 0.647917 0.037500 0.035417
0 0.366146 0.484375 0.036458 0.043750
0 0.122917 0.131771 0.045833 0.038542
0 0.350521 0.089063 0.042708 0.051042
0 0.513021 0.693229 0.053125 0.030208
0 0.902083 0.528646 0.047917 0.028125
0 0.614062 0.719792 0.042708 0.031250
0 0.230208 0.902083 0.025000 0.039583
0 0.906250 0.090104 0.045833 0.023958
0 0.495312 0.683854 0.040625 0.036458
0 0.576562 0.718229 0.046875 0.026042
0 0.487500 0.685417 0.031250 0.041667
0 0.505208 0.958333 0.047917 0.027083
0 0.407813 0.802604 0.046875 0.036458
0 0.326562 0.723437 0.046875 0.048958
0 0.374479 0.499479 0.051042 0.034375
0 0.271875 0.325521 0.039583 0.030208
0 0.733333 0.960938 0.052083 0.034375
0 0.880208 0.948958 0.035417 0.020833
0 0.835938 0.953125 0.023958 0.041667
0 0.471875 0.308333 0.022917 0.043750
0 0.751042 0.835417 0.047917 0.027083
0 0.584375 0.557292 0.027083 0.047917
0 0.659896 0.205208 0.026042 0.041667
0 0.716146 0.673438 0.051042 0.053125
0 0.677604 0.365625 0.053125 0.041667
0 0.268229 0.164062 0.055208 0.040625
0 0.659896 0.119271 0.051042 0.030208
0 0.866667 0.455729 0.029167 0.040625
0 0.618750 0.426563 0.045833 0.048958
0 0.806250 0.203646 0.047917 0.032292
0 0.919271 0.459896 0.030208 0.044792
0 0.658854 0.289062 0.030208 0.053125
0 0.508854 0.138021 0.036458 0.040625
0 0.700521 0.378646 0.036458 0.051042
0 0.077083 0.503125 0.050000 0.033333
0 0.816146 0.428125 0.023958 0.041667
0 0.178125 0.173958 0.050000 0.033333
0 0.525521 0.733333 0.038542 0.031250
0 0.093750 0.897396 0.031250 0.040625
0 0.469271 0.337500 0.053125 0.039583
0 0.627604 0.603646 0.040625 0.044792
0 0.873437 0.963542 0.023958 0.043750
0 0.518750 0.089063 0.052083 0.051042
0 0.208854 0.432292 0.038542 0.029167
0 0.636458 0.860938 0.050000 0.040625
0 0.676562 0.888542 0.053125 0.039583
0 0.679167 0.121875 0.039583 0.022917
0 0.333854 0.233333 0.038542 0.033333
0 0.360417 0.392708 0.041667 0.027083
0 0.180208 0.798438 0.050000 0.044792
0 0.798958 0.655208 0.037500 0.033333
0 0.073438 0.620313 0.028125 0.048958
0 0.127604 0.155729 0.046875 0.034375
0 0.585938 0.365104 0.051042 0.026042
0 0.732292 0.781771 0.047917 0.053125
0 0.885938 0.903125 0.040625 0.043750
0 0.588021 0.169792 0.042708 0.025000
0 0.353125 0.129167 0.035417 0.037500
0 0.210938 0.870313 0.042708 0.055208
0 0.511458 0.836458 0.037500 0.033333
0 0.325521 0.427604 0.051042 0.042708
0 0.555729 0.613021 0.026042 0.044792
0 0.628646 0.117708 0.038542 0.052083
0 0.940104 0.153646 0.042708 0.044792
0 0.743229 0.666146 0.038542 0.038542
0 0.701562 0.344271 0.048958 0.046875
0 0.332813 0.424479 0.040625 0.044792
0 0.311979 0.090104 0.055208 0.040625
0 0.678125 0.796354 0.052083 0.051042
0 0.791146 0.569792 0.021875 0.037500
0 0.318750 0.601042 0.045833 0.029167
0 0.921354 0.481250 0.053125 0.045833
0 0.966146 0.291146 0.040625 0.055208
0 0.667188 0.350521 0.040625 0.026042
0 0.342708 0.440625 0.041667 0.029167
0 0.951042 0.386458 0.039583 0.020833
0 0.868229 0.690625 0.044792 0.033333
0 0.421354 0.701562 0.053125 0.032292
0 0.520833 0.730729 0.043750 0.048958
0 0.227604 0.763542 0.036458 0.022917
0 0.926562 0.675000 0.038542 0.047917
0 0.776563 0.289062 0.040625 0.032292
0 0.839583 0.892708 0.033333 0.037500
0 0.453646 0.716667 0.023958 0.047917
0 0.376563 0.935937 0.034375 0.053125
0 0.931771 0.860417 0.048958 0.035417
0 0.761979 0.613542 0.032292 0.039583
0 0.325521 0.099479 0.055208 0.046875
0 0.168750 0.514583 0.031250 0.050000
0 0.901042 0.363542 0.029167 0.045833
0 0.530208 0.920833 0.047917 0.037500
0 0.907292 0.493750 0.047917 0.037500
0 0.763021 0.528125 0.044792 0.022917
0 0.135417 0.121354 0.039583 0.038542
0 0.550000 0.798438 0.037500 0.053125
0 0.245312 0.820312 0.028125 0.048958
0 0.878646 0.452604 0.042708 0.051042
0 0.496354 0.267188 0.044792 0.028125
0 0.959896 0.649479 0.053125 0.030208
0 0.560937 0.651563 0.055208 0.046875
0 0.527083 0.762500 0.027083 0.043750
0 0.396354 0.266667 0.046875 0.031250
0 0.568229 0.856771 0.044792 0.030208
0 0.388542 0.783854 0.043750 0.040625
0 0.228125 0.857812 0.052083 0.030208
0 0.122396 0.592187 0.036458 0.051042
0 0.717708 0.092708 0.033333 0.043750
0 0.759896 0.892188 0.055208 0.048958
0 0.264062 0.428125 0.048958 0.052083
0 0.816146 0.470833 0.042708 0.031250
0 0.426042 0.889583 0.031250 0.041667
0 0.167187 0.105729 0.044792 0.030208
0 0.635417 0.611979 0.050000 0.042708
0 0.537500 0.242188 0.045833 0.026042
0 0.102604 0.692708 0.046875 0.031250
0 0.620313 0.954167 0.040625 0.047917
0 0.348438 0.715625 0.053125 0.037500
0 0.963021 0.504167 0.038542 0.022917
0 0.840625 0.230729 0.050000 0.028125
0 0.848958 0.741667 0.031250 0.043750
0 0.880729 0.158854 0.038542 0.046875
0 0.764062 0.495312 0.026042 0.040625
0 0.686458 0.875000 0.035417 0.052083
0 0.382292 0.444271 0.039583 0.030208
0 0.473958 0.455729 0.045833 0.034375
0 0.629167 0.538542 0.052083 0.041667
0 0.285938 0.234896 0.042708 0.051042
0 0.708333 0.461979 0.037500 0.038542
0 0.171354 0.779687 0.038542 0.040625
0 0.596875 0.649479 0.045833 0.023958
0 0.256250 0.329167 0.027083 0.043750
0 0.295312 0.559375 0.019792 0.037500
0 0.214062 0.702604 0.046875 0.034375
0 0.541667 0.161979 0.035417 0.053125
0 0.230208 0.856250 0.020833 0.035417
0 0.494271 0.191667 0.053125 0.045833
0 0.835417 0.657292 0.041667 0.039583
0 0.309375 0.298958 0.037500 0.047917
0 0.237500 0.283333 0.043750 0.031250
0 0.968229 0.221875 0.042708 0.033333
0 0.106771 0.122917 0.036458 0.037500
0 0.922917 0.239583 0.035417 0.037500
0 0.641146 0.777083 0.044792 0.054167
0 0.598437 0.345833 0.023958 0.041667
0 0.864062 0.805208 0.032292 0.043750
0 0.741146 0.900521 0.044792 0.030208
0 0.192188 0.883854 0.048958 0.055208
0 0.142187 0.455729 0.040625 0.034375
0 0.708333 0.600000 0.029167 0.037500
0 0.309375 0.560417 0.041667 0.025000
0 0.819271 0.493229 0.040625 0.032292
0 0.618750 0.521875 0.047917 0.027083
0 0.188542 0.159375 0.037500 0.047917
0 0.611458 0.446354 0.045833 0.038542
0 0.830208 0.503646 0.050000 0.053125
0 0.488021 0.599479 0.040625 0.030208
0 0.545312 0.232292 0.034375 0.037500
0 0.386979 0.614062 0.046875 0.028125
0 0.650000 0.193229 0.050000 0.042708
0 0.360417 0.466667 0.039583 0.022917
0 0.205208 0.411979 0.043750 0.048958
0 0.230729 0.302604 0.053125 0.032292
0 0.391667 0.244271 0.045833 0.055208
0 0.721354 0.251563 0.053125 0.053125
0 0.265625 0.470313 0.050000 0.034375
0 0.703125 0.847917 0.031250 0.043750
0 0.483333 0.355729 0.029167 0.046875
0 0.263021 0.357292 0.051042 0.033333
0 0.700000 0.541667 0.018750 0.035417
0 0.528125 0.076563 0.043750 0.048958
0 0.635938 0.922917 0.036458 0.037500
0 0.551042 0.886458 0.029167 0.037500
0 0.602604 0.205729 0.055208 0.040625
0 0.766667 0.646875 0.043750 0.022917
0 0.116146 0.594271 0.034375 0.053125
0 0.217708 0.547917 0.039583 0.052083
0 0.529687 0.770833 0.040625 0.022917
0 0.536458 0.143229 0.037500 0.040625
0 0.193229 0.079167 0.046875 0.027083
0 0.596354 0.608854 0.051042 0.044792
0 0.554167 0.943750 0.047917 0.052083
0 0.855208 0.165625 0.027083 0.037500
0 0.941146 0.085938 0.026042 0.044792
0 0.099479 0.313021 0.048958 0.030208
0 0.238021 0.724479 0.048958 0.046875
0 0.767708 0.207292 0.045833 0.029167
0 0.745833 0.443750 0.027083 0.047917
0 0.399479 0.258854 0.048958 0.046875
0 0.760417 0.589063 0.035417 0.048958
0 0.078125 0.225000 0.052083 0.039583
0 0.311979 0.620833 0.042708 0.027083
0 0.301042 0.878125 0.047917 0.037500
0 0.672917 0.315104 0.047917 0.028125
0 0.352604 0.674479 0.055208 0.048958
0 0.912500 0.746354 0.035417 0.048958
0 0.286458 0.489063 0.039583 0.032292
0 0.285417 0.145313 0.050000 0.038542
0 0.900521 0.297396 0.044792 0.028125
0 0.119792 0.355729 0.052083 0.051042
0 0.660937 0.134896 0.055208 0.042708
0 0.139063 0.810937 0.038542 0.019792
0 0.483333 0.077604 0.037500 0.019792
0 0.721354 0.628125 0.042708 0.054167
0 0.786979 0.364063 0.051042 0.040625
0 0.627083 0.768229 0.050000 0.042708
0 0.502083 0.688021 0.043750 0.021875
0 0.284375 0.676042 0.045833 0.052083
0 0.444792 0.166667 0.043750 0.045833
0 0.955729 0.456250 0.038542 0.029167
0 0.300000 0.321875 0.025000 0.043750
0 0.554688 0.604688 0.055208 0.038542
0 0.331771 0.385937 0.040625 0.051042
0 0.823958 0.166667 0.041667 0.027083
0 0.646875 0.462500 0.031250 0.037500
0 0.586458 0.203125 0.050000 0.029167
0 0.910417 0.733333 0.033333 0.047917
0 0.633854 0.811458 0.028125 0.039583
0 0.161979 0.782292 0.051042 0.031250
0 0.471354 0.267188 0.040625 0.034375
0 0.617708 0.836979 0.027083 0.040625
0 0.409375 0.891146 0.054167 0.048958
0 0.355208 0.594271 0.041667 0.048958
0 0.349479 0.641146 0.051042 0.053125
0 0.228125 0.251563 0.033333 0.040625
0 0.082292 0.942187 0.050000 0.036458
0 0.236458 0.269792 0.043750 0.025000
0 0.874479 0.899479 0.051042 0.042708
0 0.820833 0.436979 0.054167 0.046875
0 0.466146 0.962500 0.040625 0.047917
0 0.498958 0.673958 0.047917 0.033333
0 0.776563 0.450521 0.040625 0.038542
0 0.083333 0.450000 0.027083 0.045833
0 0.355208 0.921354 0.050000 0.042708
0 0.825000 0.154688 0.050000 0.042708
0 0.073958 0.902083 0.035417 0.022917
0 0.084375 0.914062 0.029167 0.040625
0 0.932292 0.150521 0.037500 0.044792
0 0.198958 0.241667 0.043750 0.045833
0 0.147917 0.218229 0.033333 0.048958
0 0.746875 0.941667 0.035417 0.020833
0 0.220833 0.521875 0.043750 0.035417
0 0.120833 0.304167 0.029167 0.041667
0 0.942187 0.591667 0.038542 0.022917
0 0.406771 0.834375 0.038542 0.047917
0 0.850521 0.557813 0.034375 0.051042
0 0.439583 0.843229 0.054167 0.040625
0 0.489583 0.240104 0.045833 0.048958
0 0.814583 0.185938 0.050000 0.044792
0 0.885938 0.944792 0.044792 0.045833
0 0.967187 0.122396 0.055208 0.042708
0 0.750000 0.952604 0.047917 0.044792
0 0.156771 0.105208 0.042708 0.039583
0 0.833333 0.392708 0.035417 0.043750
0 0.960417 0.642708 0.039583 0.022917
0 0.828125 0.668750 0.047917 0.041667
0 0.446875 0.569792 0.041667 0.047917
0 0.362500 0.527083 0.037500 0.031250
0 0.472917 0.503125 0.035417 0.020833
0 0.892188 0.233333 0.038542 0.031250
0 0.832292 0.101562 0.043750 0.032292
0 0.755729 0.721354 0.046875 0.023958
0 0.776042 0.830729 0.043750 0.042708