0 0.414062 0.885417 0.028125 0.050000
0 0.693229 0.386979 0.026042 0.046875
0 0.890104 0.073438 0.044792 0.040625
0 0.071354 0.356250 0.036458 0.043750
0 0.866667 0.436979 0.039583 0.055208
0 0.285417 0.638542 0.031250 0.045833
0 0.277604 0.731771 0.046875 0.055208
0 0.785417 0.584896 0.052083 0.032292
0 0.289062 0.227604 0.040625 0.034375
0 0.302083 0.260417 0.031250 0.050000
0 0.305729 0.482812 0.055208 0.046875
0 0.435937 0.735938 0.046875 0.034375
0 0.342187 0.857812 0.019792 0.038542
0 0.210417 0.680208 0.022917 0.037500
0 0.386458 0.889062 0.035417 0.044792
0 0.774479 0.114583 0.042708 0.025000
0 0.623958 0.433333 0.025000 0.037500
0 0.743229 0.688021 0.040625 0.051042
0 0.598437 0.446875 0.028125 0.039583
0 0.118229 0.361458 0.038542 0.025000
0 0.235937 0.792188 0.042708 0.021875
0 0.373958 0.516667 0.052083 0.043750
0 0.163542 0.505208 0.052083 0.037500
0 0.847396 0.214062 0.055208 0.048958
0 0.960938 0.502083 0.046875 0.043750
0 0.722396 0.157812 0.026042 0.044792
0 0.139583 0.872917 0.020833 0.035417
0 0.606250 0.953646 0.045833 0.055208
0 0.511458 0.146354 0.050000 0.026042
0 0.927083 0.276042 0.043750 0.025000
0 0.347396 0.084896 0.038542 0.055208
0 0.306250 0.603125 0.052083 0.045833
0 0.954688 0.649479 0.038542 0.055208
0 0.454688 0.467708 0.021875 0.043750
0 0.769792 0.522917 0.027083 0.045833
0 0.955208 0.283854 0.037500 0.044792
0 0.333333 0.928125 0.037500 0.033333
0 0.913542 0.132292 0.022917 0.039583
0 0.725521 0.313542 0.042708 0.039583
0 0.727604 0.888542 0.036458 0.047917
0 0.453646 0.414062 0.030208 0.044792
0 0.548958 0.380208 0.041667 0.039583
0 0.757812 0.281250 0.034375 0.037500
0 0.213021 0.677604 0.028125 0.046875
0 0.787500 0.859375 0.027083 0.037500
0 0.367188 0.924479 0.030208 0.044792
0 0.397917 0.850521 0.039583 0.028125
0 0.171875 0.416667 0.043750 0.035417
0 0.656250 0.330729 0.027083 0.046875
0 0.388542 0.873437 0.043750 0.028125
0 0.584896 0.134896 0.053125 0.034375
0 0.118229 0.389583 0.019792 0.035417
0 0.630729 0.566667 0.028125 0.045833
0 0.160938 0.670833 0.038542 0.031250
0 0.879687 0.783333 0.053125 0.035417
0 0.585938 0.941667 0.044792 0.025000
0 0.503125 0.184375 0.035417 0.052083
0 0.694271 0.362500 0.053125 0.035417
0 0.082812 0.539583 0.051042 0.033333
0 0.568750 0.570833 0.045833 0.052083
0 0.213021 0.802083 0.036458 0.043750
0 0.186458 0.962500 0.031250 0.045833
0 0.224479 0.522396 0.036458 0.051042
0 0.236979 0.585938 0.048958 0.048958
0 0.865625 0.420312 0.043750 0.042708
0 0.480729 0.898438 0.023958 0.040625
0 0.432292 0.207813 0.039583 0.044792
0 0.822917 0.453646 0.037500 0.038542
0 0.267708 0.754687 0.025000 0.038542
0 0.853125 0.333333 0.039583 0.052083
0 0.149479 0.299479 0.046875 0.036458
0 0.282292 0.105208 0.052083 0.047917
0 0.807292 0.728125 0.025000 0.037500
0 0.403646 0.881771 0.026042 0.040625
0 0.708854 0.211458 0.042708 0.039583
0 0.682292 0.283854 0.029167 0.044792
0 0.532292 0.718229 0.035417 0.044792
0 0.248438 0.072917 0.042708 0.041667
0 0.889062 0.163021 0.046875 0.034375
0 0.236458 0.379688 0.037500 0.048958
0 0.569271 0.081771 0.044792 0.042708
0 0.133333 0.276042 0.033333 0.047917
0 0.816146 0.734896 0.023958 0.042708
0 0.690104 0.258854 0.040625 0.034375
0 0.942187 0.104688 0.023958 0.040625
0 0.115625 0.091667 0.052083 0.037500
0 0.744792 0.114583 0.020833 0.035417
0 0.217188 0.514583 0.040625 0.022917
0 0.116667 0.240104 0.041667 0.032292
0 0.623958 0.773958 0.050000 0.050000
0 0.803646 0.229167 0.046875 0.031250
0 0.843750 0.168229 0.054167 0.040625
0 0.751042 0.180208 0.037500 0.052083
0 0.269792 0.748958 0.035417 0.018750
0 0.791667 0.919271 0.039583 0.036458
0 0.675000 0.504687 0.039583 0.028125
0 0.184896 0.897917 0.038542 0.027083
0 0.117708 0.143229 0.027083 0.051042
0 0.507292 0.750521 0.033333 0.040625
0 0.671875 0.075000 0.025000 0.041667
0 0.086979 0.593229 0.048958 0.046875
0 0.522917 0.573958 0.041667 0.039583
0 0.622917 0.931771 0.018750 0.036458
0 0.931771 0.863542 0.036458 0.047917
0 0.080208 0.130208 0.043750 0.033333
0 0.840625 0.395313 0.052083 0.051042
0 0.364063 0.385417 0.023958 0.041667
0 0.579688 0.129167 0.023958 0.041667
0 0.319792 0.634896 0.025000 0.042708
0 0.126042 0.078125 0.020833 0.041667
0 0.139583 0.609896 0.052083 0.034375
0 0.930208 0.929167 0.037500 0.033333
0 0.932292 0.892708 0.039583 0.052083
0 0.661458 0.454167 0.041667 0.047917
0 0.218750 0.243750 0.052083 0.039583
0 0.283854 0.740625 0.048958 0.027083
0 0.503646 0.838021 0.046875 0.028125
0 0.431250 0.459896 0.043750 0.048958
0 0.915625 0.802083 0.039583 0.041667
0 0.188021 0.223438 0.042708 0.051042
0 0.930208 0.964583 0.031250 0.045833
0 0.236979 0.945312 0.038542 0.055208
0 0.432812 0.769271 0.055208 0.048958
0 0.565625 0.939063 0.043750 0.026042
0 0.775000 0.682813 0.045833 0.055208
0 0.238542 0.693229 0.027083 0.042708
0 0.557292 0.887500 0.041667 0.039583
0 0.366146 0.459375 0.044792 0.047917
0 0.715104 0.921875 0.038542 0.029167
0 0.124479 0.179688 0.044792 0.048958
0 0.288021 0.642188 0.048958 0.032292
0 0.635417 0.865625 0.031250 0.045833
0 0.523438 0.653646 0.028125 0.040625
0 0.262500 0.691667 0.027083 0.037500
0 0.645312 0.736979 0.053125 0.034375
0 0.339583 0.223438 0.031250 0.044792
0 0.591146 0.879687 0.055208 0.048958
0 0.404167 0.158854 0.033333 0.053125
0 0.114583 0.890625 0.041667 0.039583
0 0.608333 0.212500 0.041667 0.047917
0 0.827604 0.805208 0.036458 0.043750
0 0.202083 0.805729 0.041667 0.044792
0 0.725000 0.790625 0.045833 0.043750
0 0.520312 0.083854 0.026042 0.046875
0 0.613021 0.433854 0.034375 0.046875
0 0.257812 0.100521 0.044792 0.042708
0 0.880729 0.695312 0.040625 0.038542
0 0.763021 0.157292 0.038542 0.031250
0 0.214583 0.898438 0.050000 0.044792
0 0.140104 0.695833 0.034375 0.052083
0 0.538021 0.689063 0.055208 0.042708
0 0.754167 0.871875 0.037500 0.033333
0 0.680208 0.800521 0.039583 0.026042
0 0.775000 0.805208 0.025000 0.047917
0 0.433333 0.912500 0.022917 0.039583
0 0.539583 0.649479 0.035417 0.044792
0 0.729688 0.183333 0.042708 0.047917
0 0.532292 0.402604 0.039583 0.038542
0 0.227604 0.293750 0.036458 0.037500
0 0.330208 0.152083 0.047917 0.041667
0 0.421354 0.524479 0.055208 0.046875
0 0.302083 0.480208 0.031250 0.037500
0 0.828646 0.381771 0.034375 0.040625
0 0.253646 0.323437 0.055208 0.038542
0 0.090104 0.493229 0.051042 0.053125
0 0.308854 0.743750 0.021875 0.037500
0 0.134896 0.147917 0.038542 0.035417
0 0.530208 0.202083 0.043750 0.045833
0 0.613021 0.079167 0.046875 0.029167
0 0.469271 0.392708 0.034375 0.039583
0 0.928646 0.326042 0.034375 0.043750
0 0.686458 0.865625 0.045833 0.029167
0 0.352604 0.865104 0.028125 0.040625
0 0.232292 0.550521 0.054167 0.048958
0 0.147917 0.629167 0.037500 0.033333
0 0.081250 0.078646 0.050000 0.053125
0 0.322917 0.113021 0.039583 0.053125
0 0.558333 0.958333 0.050000 0.031250
0 0.793750 0.927604 0.039583 0.048958
0 0.838021 0.750521 0.048958 0.046875
0 0.447917 0.870313 0.037500 0.021875
0 0.129688 0.958854 0.021875 0.038542
0 0.795312 0.438542 0.042708 0.037500
0 0.927604 0.843229 0.034375 0.040625
0 0.094271 0.626042 0.048958 0.041667
0 0.958333 0.676042 0.037500 0.043750
0 0.302604 0.364063 0.040625 0.051042
0 0.392708 0.687500 0.039583 0.041667
0 0.658333 0.205208 0.043750 0.052083
0 0.158333 0.067708 0.037500 0.029167
0 0.721875 0.488542 0.045833 0.052083
0 0.967187 0.172917 0.038542 0.043750
0 0.948438 0.455208 0.021875 0.039583
0 0.723437 0.261979 0.042708 0.051042
0 0.115104 0.550521 0.040625 0.055208
0 0.653646 0.464583 0.038542 0.043750
0 0.418750 0.254688 0.052083 0.051042
0 0.755729 0.665625 0.046875 0.031250
0 0.326042 0.154688 0.035417 0.053125
0 0.172396 0.877083 0.042708 0.029167
0 0.767708 0.898958 0.043750 0.022917
0 0.617708 0.628125 0.045833 0.029167
0 0.285417 0.534375 0.037500 0.022917
0 0.715625 0.818750 0.035417 0.047917
0 0.509375 0.490104 0.041667 0.032292
0 0.654167 0.740104 0.041667 0.044792
0 0.739583 0.286979 0.039583 0.048958
0 0.113542 0.175521 0.043750 0.026042
0 0.116667 0.344271 0.041667 0.044792
0 0.259375 0.256771 0.020833 0.036458
0 0.477083 0.489583 0.022917 0.039583
0 0.763021 0.795312 0.040625 0.034375
0 0.696875 0.514583 0.052083 0.045833
0 0.656250 0.952604 0.047917 0.030208
0 0.844271 0.456771 0.036458 0.046875
0 0.661979 0.357292 0.046875 0.043750
0 0.415625 0.291146 0.041667 0.044792
0 0.945312 0.360417 0.048958 0.041667
0 0.125521 0.696354 0.051042 0.042708
0 0.077604 0.676562 0.044792 0.026042
0 0.707812 0.284375 0.032292 0.039583
0 0.468750 0.932813 0.020833 0.038542
0 0.717708 0.847917 0.029167 0.037500
0 0.407813 0.928125 0.042708 0.037500
0 0.865104 0.385937 0.030208 0.048958
0 0.306771 0.241667 0.026042 0.041667
0 0.918229 0.855729 0.030208 0.040625
0 0.518750 0.720833 0.050000 0.050000
0 0.645312 0.468229 0.040625 0.034375
0 0.315104 0.815625 0.053125 0.035417
0 0.439583 0.937500 0.020833 0.035417
0 0.662500 0.568229 0.022917 0.040625
0 0.887500 0.489063 0.050000 0.053125
0 0.546354 0.567187 0.023958 0.042708
0 0.310937 0.928646 0.044792 0.055208
0 0.814583 0.466146 0.029167 0.040625
0 0.913021 0.274479 0.038542 0.023958
0 0.580729 0.728125 0.048958 0.037500
0 0.450000 0.922396 0.039583 0.044792
0 0.703646 0.600521 0.040625 0.038542
0 0.213542 0.137500 0.035417 0.035417
0 0.762500 0.947917 0.052083 0.035417
0 0.404687 0.660417 0.023958 0.043750
0 0.681771 0.811458 0.053125 0.043750
0 0.842708 0.641146 0.039583 0.044792
0 0.226562 0.098958 0.030208 0.050000
0 0.085417 0.427083 0.022917 0.043750
0 0.293229 0.417708 0.038542 0.052083
0 0.651563 0.670312 0.040625 0.036458
0 0.951562 0.497917 0.042708 0.031250
0 0.597917 0.419792 0.035417 0.043750
0 0.934896 0.329688 0.038542 0.019792
0 0.729688 0.880208 0.042708 0.054167
0 0.958854 0.481771 0.044792 0.040625
0 0.564063 0.914583 0.044792 0.035417
0 0.816667 0.187500 0.052083 0.037500
0 0.363021 0.603646 0.044792 0.044792
0 0.915625 0.683854 0.054167 0.048958
0 0.645833 0.313542 0.037500 0.047917
0 0.397917 0.220312 0.054167 0.036458
0 0.257292 0.243229 0.037500 0.021875
0 0.548438 0.869271 0.051042 0.053125
0 0.858854 0.323958 0.042708 0.039583
0 0.356250 0.162500 0.047917 0.037500
0 0.902604 0.172396 0.044792 0.040625
0 0.772917 0.265104 0.047917 0.030208
0 0.239063 0.382812 0.051042 0.044792
0 0.110417 0.379167 0.035417 0.052083
0 0.908333 0.318750 0.047917 0.050000
0 0.119271 0.077604 0.036458 0.040625
0 0.498958 0.825000 0.033333 0.043750
0 0.845833 0.244792 0.047917 0.039583
0 0.547396 0.307292 0.034375 0.047917
0 0.092708 0.218229 0.039583 0.044792
0 0.084896 0.474479 0.051042 0.034375
0 0.894792 0.771354 0.045833 0.034375
0 0.851042 0.831771 0.047917 0.030208
0 0.932292 0.674479 0.029167 0.040625
0 0.419792 0.487500 0.041667 0.047917
0 0.745313 0.820312 0.028125 0.046875
0 0.125000 0.342708 0.037500 0.035417
0 0.603125 0.342187 0.054167 0.038542
0 0.688021 0.913542 0.048958 0.027083
0 0.586458 0.647917 0.043750 0.052083
0 0.902604 0.529687 0.038542 0.051042
0 0.503646 0.930729 0.055208 0.042708
0 0.820833 0.906250 0.025000 0.037500
0 0.667708 0.718750 0.052083 0.039583
0 0.782813 0.417187 0.044792 0.055208
0 0.104688 0.395833 0.026042 0.041667
0 0.969792 0.465625 0.043750 0.052083
0 0.136979 0.245833 0.038542 0.047917
0 0.079687 0.671875 0.038542 0.035417
0 0.875521 0.124479 0.055208 0.046875
0 0.685417 0.421354 0.039583 0.044792
0 0.346875 0.456771 0.033333 0.044792
0 0.197917 0.165104 0.025000 0.038542
0 0.508854 0.308854 0.046875 0.036458
0 0.347396 0.321875 0.038542 0.043750
0 0.816146 0.746354 0.040625 0.026042
0 0.661458 0.618229 0.039583 0.026042
0 0.467187 0.733854 0.051042 0.044792
0 0.356250 0.764583 0.035417 0.037500
0 0.658854 0.436458 0.044792 0.047917
0 0.193750 0.756771 0.043750 0.026042
0 0.730729 0.104167 0.053125 0.043750
0 0.711458 0.804167 0.052083 0.043750
0 0.306771 0.599479 0.034375 0.046875
0 0.359896 0.742188 0.017708 0.036458
0 0.456250 0.327604 0.052083 0.051042
0 0.766146 0.332813 0.055208 0.040625
0 0.852083 0.577083 0.035417 0.052083
0 0.893229 0.401562 0.032292 0.053125
0 0.956250 0.400000 0.041667 0.047917
0 0.231250 0.223958 0.052083 0.043750
0 0.616146 0.688021 0.046875 0.055208
0 0.382292 0.569792 0.043750 0.033333
0 0.182292 0.550000 0.025000 0.041667
0 0.484375 0.164062 0.039583 0.048958
0 0.533854 0.614583 0.051042 0.050000
0 0.798438 0.097396 0.051042 0.055208
0 0.439063 0.689063 0.028125 0.044792
0 0.491146 0.478646 0.051042 0.028125
0 0.726042 0.670833 0.039583 0.022917
0 0.778646 0.872396 0.053125 0.032292
0 0.778125 0.447917 0.033333 0.037500
0 0.153646 0.155208 0.048958 0.033333
0 0.226562 0.839063 0.040625 0.028125
0 0.829167 0.459375 0.033333 0.050000
0 0.740104 0.925521 0.044792 0.042708
0 0.117708 0.495312 0.025000 0.042708
0 0.933854 0.644271 0.042708 0.051042
0 0.884375 0.600521 0.039583 0.023958
0 0.417187 0.567708 0.040625 0.022917
0 0.722396 0.810417 0.036458 0.020833
0 0.647396 0.455729 0.038542 0.019792
0 0.603125 0.883854 0.045833 0.038542
0 0.868229 0.826562 0.032292 0.048958
0 0.118229 0.591146 0.040625 0.055208
0 0.810937 0.632812 0.048958 0.046875
0 0.134375 0.542708 0.041667 0.037500
0 0.766667 0.508854 0.039583 0.036458
0 0.793229 0.368229 0.048958 0.048958
0 0.933333 0.631250 0.037500 0.031250
0 0.131771 0.816667 0.048958 0.041667
0 0.163021 0.127604 0.038542 0.021875
0 0.931250 0.241667 0.025000 0.037500
0 0.411458 0.584896 0.047917 0.046875
0 0.314063 0.545833 0.036458 0.037500
0 0.763021 0.471354 0.026042 0.040625
0 0.188542 0.843229 0.045833 0.048958
0 0.593229 0.275000 0.038542 0.031250
0 0.314063 0.637500 0.040625 0.020833
0 0.520833 0.304688 0.054167 0.046875
0 0.798958 0.414583 0.043750 0.052083
0 0.970313 0.779167 0.048958 0.027083
0 0.805208 0.369792 0.052083 0.035417
0 0.960938 0.531250 0.032292 0.039583
0 0.113021 0.948438 0.038542 0.051042
0 0.241146 0.307292 0.034375 0.043750
0 0.100000 0.835417 0.045833 0.052083
0 0.786979 0.444792 0.032292 0.043750
0 0.914583 0.527604 0.054167 0.044792
0 0.563542 0.884896 0.027083 0.048958
0 0.606771 0.366667 0.053125 0.045833
0 0.789062 0.232292 0.042708 0.054167
0 0.085938 0.271354 0.030208 0.044792
0 0.108333 0.658333 0.037500 0.029167
0 0.883333 0.850000 0.027083 0.047917
0 0.491667 0.658854 0.047917 0.046875
0 0.371354 0.264583 0.048958 0.041667
0 0.479167 0.489063 0.045833 0.048958
0 0.111979 0.771875 0.038542 0.035417
0 0.486458 0.605729 0.050000 0.044792
0 0.203646 0.753125 0.038542 0.033333
0 0.464583 0.120313 0.027083 0.046875
0 0.334896 0.643229 0.021875 0.038542
0 0.805729 0.101042 0.034375 0.052083
0 0.780208 0.217188 0.033333 0.040625
0 0.445833 0.570312 0.029167 0.040625
0 0.933854 0.209896 0.032292 0.048958
0 0.275521 0.073438 0.019792 0.038542
0 0.786979 0.939063 0.040625 0.051042
0 0.508333 0.915104 0.054167 0.048958
0 0.963021 0.907292 0.053125 0.047917
0 0.510938 0.447396 0.028125 0.044792
0 0.334896 0.328125 0.036458 0.037500
0 0.389583 0.673958 0.037500 0.035417
0 0.500521 0.215104 0.040625 0.030208
0 0.078125 0.217708 0.037500 0.035417
0 0.541667 0.178125 0.052083 0.035417
0 0.934375 0.234896 0.054167 0.036458
0 0.501563 0.225000 0.048958 0.041667
0 0.667708 0.897917 0.043750 0.035417
0 0.241146 0.631771 0.036458 0.051042
0 0.810417 0.592187 0.043750 0.055208
0 0.936979 0.801562 0.040625 0.026042
0 0.307812 0.904167 0.038542 0.047917
0 0.354167 0.341146 0.047917 0.055208
0 0.759375 0.857292 0.033333 0.050000
0 0.117188 0.803125 0.036458 0.043750
0 0.163021 0.946354 0.038542 0.038542
0 0.873437 0.798958 0.032292 0.047917
0 0.469792 0.142187 0.035417 0.053125
0 0.733854 0.592708 0.051042 0.050000
0 0.646875 0.630208 0.041667 0.039583
0 0.563021 0.110417 0.040625 0.047917
0 0.207292 0.342708 0.037500 0.041667
0 0.852083 0.502083 0.047917 0.052083
0 0.130729 0.431250 0.030208 0.047917
0 0.365104 0.372396 0.053125 0.030208
0 0.431771 0.925521 0.042708 0.044792
0 0.150521 0.645833 0.034375 0.043750
0 0.801042 0.434375 0.022917 0.039583
0 0.168750 0.963542 0.033333 0.037500
0 0.395313 0.681250 0.040625 0.047917
0 0.734375 0.119792 0.022917 0.035417
0 0.501563 0.901042 0.051042 0.035417
0 0.867188 0.279687 0.038542 0.038542
0 0.332813 0.219792 0.038542 0.027083
0 0.380729 0.956250 0.042708 0.041667
0 0.782292 0.278646 0.033333 0.048958
0 0.680208 0.357292 0.031250 0.041667
0 0.847917 0.258333 0.043750 0.045833
0 0.391667 0.304167 0.035417 0.043750
0 0.147917 0.219792 0.031250 0.050000
0 0.409375 0.931250 0.031250 0.045833
0 0.859375 0.799479 0.039583 0.023958
0 0.829688 0.887500 0.026042 0.047917
0 0.450000 0.657813 0.043750 0.028125
0 0.804167 0.875000 0.039583 0.022917
0 0.848437 0.163542 0.053125 0.039583
0 0.669271 0.285417 0.048958 0.052083
0 0.719792 0.966667 0.045833 0.043750
0 0.686458 0.617708 0.033333 0.037500
0 0.126042 0.322396 0.039583 0.038542
0 0.654687 0.970833 0.026042 0.045833
0 0.639583 0.539583 0.045833 0.043750
0 0.966146 0.538542 0.038542 0.031250
0 0.695833 0.606250 0.022917 0.037500
0 0.559375 0.178125 0.045833 0.027083
0 0.353646 0.656771 0.051042 0.038542
0 0.167708 0.571875 0.025000 0.037500
0 0.146875 0.655729 0.054167 0.044792
0 0.373437 0.960417 0.042708 0.029167
0 0.094271 0.103125 0.036458 0.037500
0 0.466146 0.273958 0.040625 0.022917
0 0.108854 0.785937 0.053125 0.034375
0 0.623958 0.318750 0.029167 0.045833
0 0.196875 0.266146 0.047917 0.046875
0 0.307812 0.440625 0.038542 0.029167
0 0.792708 0.109896 0.041667 0.021875
0 0.674479 0.312500 0.032292 0.047917
0 0.527083 0.097917 0.052083 0.041667
0 0.136458 0.570312 0.037500 0.044792
0 0.350000 0.122396 0.033333 0.053125
0 0.515625 0.296875 0.035417 0.052083
0 0.362500 0.667188 0.027083 0.046875
0 0.920312 0.572917 0.042708 0.031250
0 0.796875 0.288542 0.025000 0.043750
0 0.418229 0.647396 0.040625 0.032292
0 0.170313 0.641667 0.036458 0.052083
0 0.194792 0.885938 0.035417 0.040625
0 0.273438 0.349479 0.053125 0.053125
0 0.260417 0.426563 0.041667 0.032292
0 0.142708 0.723958 0.050000 0.047917
0 0.656771 0.130729 0.030208 0.044792
0 0.740625 0.446875 0.033333 0.037500
0 0.353125 0.896875 0.037500 0.047917
0 0.435417 0.718229 0.045833 0.048958
0 0.516667 0.571354 0.039583 0.023958
0 0.543229 0.965625 0.046875 0.052083
0 0.860938 0.648438 0.051042 0.038542
0 0.681250 0.752083 0.033333 0.052083
0 0.854688 0.928125 0.040625 0.047917
0 0.769792 0.231250 0.045833 0.045833
0 0.911458 0.878646 0.027083 0.040625
0 0.419792 0.588021 0.027083 0.040625
0 0.847396 0.675000 0.036458 0.037500
0 0.745313 0.608854 0.048958 0.046875
0 0.629687 0.598958 0.030208 0.043750
0 0.582812 0.767188 0.055208 0.044792
0 0.734896 0.119271 0.046875 0.048958
0 0.179688 0.221875 0.036458 0.043750
0 0.410417 0.202083 0.047917 0.041667
0 0.080208 0.147396 0.050000 0.036458
0 0.120313 0.945312 0.051042 0.053125
0 0.620833 0.736458 0.043750 0.033333
0 0.539583 0.395833 0.033333 0.043750
0 0.651042 0.332292 0.033333 0.052083
0 0.501042 0.896875 0.029167 0.050000
0 0.415625 0.311979 0.041667 0.032292
0 0.914062 0.773438 0.032292 0.040625
0 0.356771 0.486979 0.048958 0.055208
0 0.951562 0.302604 0.046875 0.048958
0 0.898438 0.404167 0.046875 0.022917
0 0.164062 0.369792 0.051042 0.031250
0 0.302083 0.958333 0.045833 0.045833
0 0.332813 0.760938 0.026042 0.051042
0 0.738021 0.083854 0.046875 0.036458
0 0.517708 0.533333 0.035417 0.043750
0 0.231250 0.113542 0.029167 0.050000
0 0.548438 0.535937 0.055208 0.036458
0 0.167708 0.561979 0.031250 0.048958
0 0.107813 0.263542 0.036458 0.052083
0 0.108854 0.601042 0.038542 0.043750
0 0.295833 0.230729 0.050000 0.040625
0 0.660937 0.431250 0.021875 0.039583
0 0.334896 0.384375 0.040625 0.022917
0 0.343750 0.481771 0.050000 0.053125
0 0.488542 0.201042 0.050000 0.029167
0 0.528646 0.751563 0.030208 0.053125
0 0.334375 0.574479 0.045833 0.036458
0 0.081250 0.418750 0.047917 0.027083
0 0.682813 0.278125 0.044792 0.045833
0 0.838021 0.225000 0.034375 0.043750
0 0.922396 0.712500 0.038542 0.035417
0 0.925000 0.445312 0.022917 0.040625
0 0.171354 0.908854 0.038542 0.040625
0 0.518750 0.512500 0.045833 0.043750
0 0.573438 0.126042 0.034375 0.043750
0 0.426042 0.135417 0.043750 0.052083
0 0.476562 0.234375 0.040625 0.041667
0 0.623437 0.071875 0.053125 0.037500
0 0.289583 0.208333 0.033333 0.043750
0 0.643750 0.363021 0.039583 0.048958
0 0.679688 0.822917 0.046875 0.043750
0 0.643229 0.627083 0.044792 0.052083
0 0.849479 0.257812 0.034375 0.046875
0 0.211979 0.301042 0.023958 0.041667
0 0.859896 0.173437 0.028125 0.051042
0 0.308333 0.546354 0.037500 0.053125
0 0.395313 0.395833 0.036458 0.047917
0 0.746875 0.323437 0.054167 0.038542
0 0.753646 0.548438 0.051042 0.044792
0 0.072396 0.113542 0.036458 0.020833
0 0.653646 0.075521 0.044792 0.042708
0 0.203125 0.517708 0.037500 0.031250
0 0.672917 0.343229 0.025000 0.048958
0 0.781250 0.545312 0.052083 0.032292
0 0.439063 0.740625 0.019792 0.035417
0 0.914062 0.889583 0.034375 0.039583
0 0.368229 0.569271 0.048958 0.046875
0 0.622396 0.897396 0.034375 0.046875
0 0.301042 0.773438 0.050000 0.053125
0 0.494792 0.651563 0.054167 0.046875
0 0.791146 0.756771 0.055208 0.048958
0 0.166146 0.190104 0.038542 0.019792
0 0.498437 0.220312 0.051042 0.040625
0 0.139583 0.170833 0.037500 0.041667
0 0.520312 0.760938 0.042708 0.023958
0 0.313542 0.948958 0.027083 0.045833
0 0.575521 0.236458 0.023958 0.037500
0 0.229167 0.948958 0.041667 0.052083
0 0.603646 0.579688 0.038542 0.023958
0 0.243750 0.850521 0.041667 0.023958
0 0.300521 0.710938 0.040625 0.028125
0 0.411458 0.557813 0.043750 0.028125
0 0.889062 0.374479 0.046875 0.038542
0 0.447917 0.819792 0.050000 0.050000
0 0.150000 0.717187 0.043750 0.042708
0 0.195833 0.822396 0.031250 0.040625
0 0.124479 0.547917 0.040625 0.041667
0 0.285938 0.767708 0.034375 0.052083
0 0.753125 0.204167 0.037500 0.047917
0 0.503646 0.824479 0.051042 0.042708
0 0.120313 0.792188 0.040625 0.036458
0 0.196354 0.594271 0.040625 0.032292
0 0.111458 0.542708 0.045833 0.043750
0 0.703125 0.888542 0.033333 0.043750
0 0.130208 0.823438 0.045833 0.032292
0 0.068750 0.819271 0.033333 0.048958
0 0.778646 0.167187 0.048958 0.030208
0 0.722917 0.616667 0.047917 0.027083
0 0.444792 0.428646 0.041667 0.032292
0 0.427083 0.147917 0.043750 0.025000
0 0.089063 0.219271 0.034375 0.040625
0 0.134375 0.349479 0.050000 0.038542
0 0.793229 0.296875 0.044792 0.047917
0 0.781250 0.756250 0.039583 0.047917
0 0.673958 0.570833 0.043750 0.033333
0 0.840104 0.659375 0.044792 0.047917
0 0.145313 0.251563 0.040625 0.036458
0 0.454167 0.559375 0.043750 0.052083
0 0.397396 0.605208 0.046875 0.043750
0 0.414583 0.246875 0.047917 0.027083
0 0.273958 0.919271 0.037500 0.038542
0 0.681771 0.818229 0.023958 0.046875
0 0.086979 0.926562 0.036458 0.051042
0 0.267708 0.119792 0.037500 0.027083
0 0.348438 0.818229 0.040625 0.038542
0 0.691146 0.254167 0.038542 0.022917
0 0.109375 0.640625 0.043750 0.045833
0 0.706771 0.861979 0.040625 0.044792
0 0.465625 0.238021 0.047917 0.053125
0 0.635417 0.127604 0.037500 0.019792
0 0.534896 0.519792 0.040625 0.041667
0 0.288021 0.390104 0.051042 0.028125
0 0.840104 0.942187 0.051042 0.042708
0 0.551042 0.630729 0.052083 0.030208
0 0.258333 0.659896 0.045833 0.026042
0 0.403125 0.510417 0.031250 0.037500
0 0.780729 0.788542 0.042708 0.027083
0 0.634896 0.107292 0.034375 0.039583
0 0.469271 0.639583 0.040625 0.043750
0 0.294792 0.727083 0.043750 0.035417
0 0.540104 0.840625 0.040625 0.047917
0 0.568750 0.451042 0.043750 0.031250
0 0.918750 0.482812 0.054167 0.038542
0 0.871354 0.733854 0.055208 0.036458
0 0.416146 0.798958 0.048958 0.025000
0 0.907813 0.788021 0.036458 0.051042
0 0.493750 0.944271 0.045833 0.034375
0 0.201563 0.892188 0.040625 0.051042
0 0.668229 0.625521 0.055208 0.048958
0 0.529167 0.679167 0.047917 0.052083
0 0.507292 0.915625 0.043750 0.025000
0 0.532292 0.338021 0.035417 0.044792
0 0.963542 0.875000 0.037500 0.029167
0 0.122917 0.385937 0.045833 0.055208
0 0.717187 0.950000 0.032292 0.047917
0 0.082292 0.198437 0.043750 0.042708
0 0.133854 0.745833 0.026042 0.039583
0 0.569792 0.132812 0.043750 0.042708
0 0.610938 0.883333 0.034375 0.039583
0 0.379688 0.752604 0.019792 0.038542
0 0.478125 0.127083 0.037500 0.018750
0 0.879167 0.721354 0.041667 0.044792
0 0.310937 0.334375 0.053125 0.047917
0 0.727604 0.132812 0.030208 0.053125
0 0.590625 0.930729 0.039583 0.038542
0 0.707812 0.192188 0.040625 0.044792
0 0.522917 0.789583 0.047917 0.035417
0 0.955208 0.256250 0.041667 0.039583
0 0.224479 0.642708 0.038542 0.029167
0 0.090104 0.139583 0.026042 0.045833
0 0.279687 0.165104 0.038542 0.019792
0 0.266146 0.465104 0.042708 0.023958
0 0.522917 0.073438 0.043750 0.030208
0 0.962500 0.586458 0.041667 0.029167
0 0.925000 0.777083 0.047917 0.025000
0 0.847917 0.658333 0.043750 0.033333
0 0.652083 0.196875 0.045833 0.027083
0 0.230729 0.954688 0.040625 0.051042
0 0.152083 0.916146 0.037500 0.021875
0 0.097396 0.604167 0.038542 0.022917
0 0.109896 0.594792 0.034375 0.043750
0 0.421875 0.659375 0.037500 0.047917
0 0.544271 0.790625 0.034375 0.043750
0 0.122917 0.103125 0.050000 0.047917
0 0.917708 0.779687 0.039583 0.044792
0 0.963542 0.725000 0.047917 0.035417
0 0.590625 0.572917 0.047917 0.035417
0 0.877083 0.501042 0.052083 0.043750
0 0.882812 0.484375 0.038542 0.029167
0 0.854688 0.953646 0.040625 0.026042
0 0.563542 0.774479 0.039583 0.036458
0 0.766146 0.597917 0.046875 0.031250
0 0.943229 0.532292 0.042708 0.037500
0 0.139583 0.789062 0.039583 0.032292
0 0.357812 0.363021 0.042708 0.051042
0 0.468750 0.963542 0.050000 0.031250
0 0.878646 0.809896 0.051042 0.040625
0 0.208333 0.471354 0.054167 0.042708
0 0.771354 0.509375 0.023958 0.041667
0 0.194271 0.263021 0.023958 0.040625
0 0.267188 0.216146 0.044792 0.028125
0 0.913021 0.579688 0.019792 0.038542
0 0.161979 0.942187 0.028125 0.046875
0 0.477604 0.143750 0.048958 0.027083
0 0.324479 0.084375 0.046875 0.031250
0 0.725521 0.900521 0.036458 0.040625
0 0.527083 0.425521 0.041667 0.044792
0 0.231250 0.920312 0.054167 0.038542
0 0.433854 0.311458 0.048958 0.052083
0 0.229167 0.608333 0.045833 0.052083
0 0.755729 0.556771 0.051042 0.038542
0 0.888021 0.750000 0.038542 0.033333
0 0.105729 0.694271 0.044792 0.026042
0 0.605208 0.453646 0.031250 0.053125
0 0.950000 0.405729 0.043750 0.030208
0 0.784375 0.427083 0.037500 0.035417
0 0.742708 0.854688 0.052083 0.051042
0 0.903125 0.908333 0.037500 0.029167
0 0.868750 0.714063 0.031250 0.040625
0 0.921354 0.235937 0.040625 0.034375
0 0.583333 0.104688 0.039583 0.038542
0 0.715625 0.504687 0.052083 0.030208
0 0.703646 0.323437 0.040625 0.034375
0 0.495833 0.717187 0.035417 0.053125
0 0.821875 0.479167 0.041667 0.047917
0 0.844792 0.633854 0.029167 0.051042
0 0.708854 0.656771 0.040625 0.051042
0 0.552083 0.082292 0.025000 0.039583
0 0.442708 0.800521 0.029167 0.040625
0 0.559375 0.343750 0.018750 0.035417
0 0.257292 0.625521 0.025000 0.038542
0 0.325521 0.629687 0.055208 0.051042
0 0.185938 0.839063 0.044792 0.051042
0 0.307292 0.482812 0.050000 0.036458
0 0.200521 0.532813 0.026042 0.040625
0 0.436458 0.843229 0.045833 0.034375
0 0.419792 0.354167 0.039583 0.025000
0 0.337500 0.659896 0.050000 0.026042
0 0.664062 0.664583 0.046875 0.031250
0 0.517188 0.110937 0.055208 0.040625
0 0.152604 0.631250 0.044792 0.052083
0 0.097396 0.171354 0.040625 0.038542
0 0.584896 0.606771 0.048958 0.023958
0 0.501042 0.826562 0.045833 0.048958
0 0.180208 0.529167 0.037500 0.035417
0 0.462500 0.520833 0.037500 0.031250
0 0.121354 0.391667 0.038542 0.035417
0 0.295312 0.451562 0.044792 0.055208
0 0.584375 0.584896 0.047917 0.028125
0 0.133854 0.459896 0.023958 0.038542
0 0.749479 0.411979 0.040625 0.044792
0 0.294271 0.971875 0.032292 0.052083
0 0.782813 0.505729 0.032292 0.053125
0 0.946875 0.132812 0.039583 0.044792
0 0.383854 0.230729 0.040625 0.036458
0 0.132812 0.189062 0.040625 0.026042
0 0.641146 0.093229 0.044792 0.042708
0 0.646354 0.726562 0.046875 0.055208