0 0.148958 0.867708 0.035417 0.052083
0 0.967708 0.747917 0.039583 0.041667
0 0.942708 0.258333 0.041667 0.052083
0 0.141146 0.659375 0.040625 0.020833
0 0.083333 0.651563 0.043750 0.042708
0 0.184896 0.957812 0.028125 0.051042
0 0.331771 0.847396 0.044792 0.051042
0 0.667708 0.544271 0.043750 0.026042
0 0.735938 0.578125 0.053125 0.035417
0 0.777604 0.551562 0.046875 0.038542
0 0.566146 0.856771 0.044792 0.032292
0 0.736979 0.717187 0.032292 0.048958
0 0.629687 0.946875 0.046875 0.045833
0 0.693229 0.263021 0.046875 0.048958
0 0.831250 0.313542 0.020833 0.039583
0 0.117188 0.179167 0.038542 0.027083
0 0.916146 0.103125 0.038542 0.025000
0 0.853125 0.447917 0.043750 0.035417
0 0.651042 0.594271 0.031250 0.044792
0 0.501563 0.691667 0.032292 0.043750
0 0.874479 0.601562 0.044792 0.028125
0 0.703125 0.712500 0.050000 0.031250
0 0.870833 0.268229 0.039583 0.026042
0 0.425521 0.412500 0.042708 0.039583
0 0.504167 0.191667 0.045833 0.027083
0 0.607812 0.829688 0.038542 0.055208
0 0.275000 0.152083 0.031250 0.037500
0 0.336979 0.341667 0.053125 0.041667
0 0.116667 0.346875 0.043750 0.033333
0 0.568229 0.545833 0.030208 0.039583
0 0.172396 0.506250 0.048958 0.027083
0 0.238542 0.813021 0.037500 0.038542
0 0.258333 0.959375 0.022917 0.039583
0 0.827083 0.306250 0.031250 0.041667
0 0.083333 0.933333 0.045833 0.031250
0 0.950521 0.540625 0.042708 0.047917
0 0.809896 0.216667 0.046875 0.022917
0 0.373437 0.676562 0.053125 0.051042
0 0.090625 0.203125 0.039583 0.022917
0 0.525521 0.391667 0.038542 0.033333
0 0.175000 0.384896 0.047917 0.046875
0 0.480729 0.478646 0.030208 0.040625
0 0.342708 0.579167 0.045833 0.027083
0 0.345833 0.265104 0.037500 0.044792
0 0.490104 0.785937 0.028125 0.046875
0 0.677083 0.351562 0.052083 0.051042
0 0.916146 0.910937 0.044792 0.042708
0 0.692708 0.673958 0.037500 0.033333
0 0.153125 0.371354 0.043750 0.028125
0 0.391667 0.321354 0.031250 0.044792
0 0.558333 0.283854 0.045833 0.026042
0 0.367188 0.947396 0.030208 0.040625
0 0.150521 0.171354 0.032292 0.053125
0 0.620833 0.183854 0.031250 0.044792
0 0.856250 0.376042 0.022917 0.043750
0 0.818750 0.095312 0.047917 0.032292
0 0.708333 0.389062 0.031250 0.040625
0 0.433333 0.673958 0.029167 0.041667
0 0.191667 0.255729 0.039583 0.036458
0 0.493750 0.190625 0.027083 0.045833
0 0.413021 0.243750 0.038542 0.035417
0 0.526563 0.318229 0.019792 0.040625
0 0.508854 0.753125 0.028125 0.050000
0 0.965625 0.581250 0.041667 0.039583
0 0.820312 0.479167 0.042708 0.031250
0 0.903125 0.121875 0.041667 0.037500
0 0.115625 0.726042 0.052083 0.047917
0 0.823958 0.075000 0.022917 0.039583
0 0.671354 0.114062 0.028125 0.048958
0 0.631250 0.462500 0.047917 0.027083
0 0.728125 0.446354 0.050000 0.042708
0 0.285417 0.933854 0.045833 0.038542
0 0.355208 0.384375 0.037500 0.025000
0 0.915104 0.686458 0.048958 0.035417
0 0.323437 0.810937 0.044792 0.051042
0 0.252604 0.604688 0.044792 0.040625
0 0.240104 0.176563 0.046875 0.048958
0 0.890625 0.446875 0.043750 0.033333
0 0.783333 0.876042 0.043750 0.033333
0 0.173437 0.461458 0.053125 0.043750
0 0.194792 0.667188 0.039583 0.030208
0 0.679688 0.258333 0.030208 0.043750
0 0.202604 0.169792 0.042708 0.039583
0 0.606771 0.135937 0.023958 0.042708
0 0.358333 0.360417 0.047917 0.041667
0 0.586979 0.342187 0.036458 0.040625
0 0.269792 0.855208 0.047917 0.039583
0 0.476042 0.469792 0.029167 0.037500
0 0.508333 0.120833 0.033333 0.043750
0 0.205729 0.647917 0.048958 0.039583
0 0.692708 0.768229 0.037500 0.040625
0 0.243229 0.856250 0.042708 0.033333
0 0.509375 0.841667 0.029167 0.041667
0 0.337500 0.870833 0.045833 0.043750
0 0.117708 0.422396 0.027083 0.042708
0 0.580208 0.310417 0.035417 0.037500
0 0.144271 0.690625 0.038542 0.025000
0 0.585938 0.427604 0.040625 0.032292
0 0.943229 0.669792 0.042708 0.039583
0 0.926042 0.568750 0.041667 0.027083
0 0.922396 0.349479 0.055208 0.044792
0 0.242708 0.959896 0.054167 0.046875
0 0.208854 0.825521 0.040625 0.034375
0 0.116146 0.377083 0.040625 0.052083
0 0.393229 0.597396 0.044792 0.040625
0 0.825000 0.305208 0.037500 0.018750
0 0.796354 0.091667 0.026042 0.041667
0 0.437500 0.896875 0.052083 0.035417
0 0.375521 0.809896 0.040625 0.055208
0 0.127604 0.133333 0.048958 0.027083
0 0.349479 0.474479 0.023958 0.040625
0 0.092708 0.955729 0.045833 0.026042
0 0.877604 0.311458 0.030208 0.050000
0 0.621354 0.627083 0.038542 0.052083
0 0.325521 0.775521 0.028125 0.040625
0 0.693229 0.110937 0.055208 0.040625
0 0.395313 0.941667 0.038542 0.043750
0 0.815625 0.113542 0.050000 0.031250
0 0.913542 0.812500 0.039583 0.020833
0 0.749479 0.302604 0.055208 0.042708
0 0.528125 0.365625 0.047917 0.050000
0 0.866667 0.735938 0.054167 0.042708
0 0.346354 0.485417 0.053125 0.037500
0 0.448437 0.655208 0.053125 0.037500
0 0.097396 0.843750 0.021875 0.039583
0 0.400521 0.871354 0.046875 0.048958
0 0.294792 0.128646 0.052083 0.053125
0 0.591667 0.515625 0.052083 0.037500
0 0.893750 0.472396 0.043750 0.028125
0 0.400521 0.693750 0.034375 0.052083
0 0.435417 0.430729 0.054167 0.042708
0 0.482812 0.145833 0.032292 0.052083
0 0.465104 0.579688 0.051042 0.053125
0 0.402083 0.366146 0.035417 0.040625
0 0.354167 0.851042 0.018750 0.037500
0 0.339062 0.177083 0.028125 0.043750
0 0.840625 0.769792 0.047917 0.041667
0 0.480729 0.666146 0.030208 0.040625
0 0.325521 0.680208 0.034375 0.052083
0 0.399479 0.276042 0.028125 0.041667
0 0.610417 0.939063 0.033333 0.044792
0 0.329167 0.780208 0.037500 0.027083
0 0.669271 0.597396 0.044792 0.051042
0 0.605729 0.341667 0.046875 0.052083
0 0.740625 0.920312 0.025000 0.048958
0 0.615625 0.321875 0.050000 0.050000
0 0.957812 0.752604 0.051042 0.034375
0 0.311458 0.291146 0.045833 0.034375
0 0.907292 0.126042 0.035417 0.043750
0 0.814063 0.114062 0.040625 0.044792
0 0.169792 0.892708 0.035417 0.043750
0 0.308854 0.768750 0.038542 0.035417
0 0.911458 0.128125 0.047917 0.037500
0 0.729688 0.297917 0.040625 0.022917
0 0.665104 0.289583 0.038542 0.029167
0 0.468229 0.282292 0.038542 0.043750
0 0.113542 0.111979 0.043750 0.055208
0 0.592708 0.686458 0.041667 0.047917
0 0.769271 0.636979 0.040625 0.034375
0 0.602083 0.946875 0.050000 0.031250
0 0.693229 0.616667 0.038542 0.025000
0 0.344792 0.765625 0.052083 0.035417
0 0.613542 0.081771 0.052083 0.034375
0 0.163542 0.512500 0.045833 0.027083
0 0.631250 0.374479 0.050000 0.034375
0 0.294271 0.508854 0.042708 0.044792
0 0.965104 0.389583 0.036458 0.020833
0 0.754167 0.498437 0.039583 0.019792
0 0.953125 0.185417 0.041667 0.052083
0 0.154688 0.434896 0.048958 0.046875
0 0.891146 0.938021 0.040625 0.044792
0 0.733333 0.894792 0.035417 0.022917
0 0.418229 0.243229 0.040625 0.044792
0 0.427083 0.701562 0.041667 0.048958
0 0.440625 0.070833 0.043750 0.035417
0 0.798438 0.826562 0.030208 0.044792
0 0.719792 0.650000 0.045833 0.029167
0 0.100521 0.826562 0.042708 0.023958
0 0.951042 0.429688 0.033333 0.040625
0 0.884375 0.468750 0.035417 0.043750
0 0.856250 0.084896 0.022917 0.046875
0 0.601042 0.639062 0.027083 0.038542
0 0.717187 0.141146 0.051042 0.038542
0 0.931250 0.679167 0.029167 0.041667
0 0.087500 0.178125 0.027083 0.041667
0 0.303646 0.549479 0.040625 0.032292
0 0.920312 0.526563 0.053125 0.034375
0 0.392188 0.404167 0.034375 0.037500
0 0.264062 0.686979 0.044792 0.055208
0 0.957292 0.118750 0.045833 0.045833
0 0.226562 0.736458 0.034375 0.043750
0 0.707292 0.720313 0.050000 0.040625
0 0.888542 0.426042 0.047917 0.041667
0 0.828125 0.923958 0.037500 0.027083
0 0.520312 0.642188 0.046875 0.055208
0 0.336458 0.267708 0.035417 0.043750
0 0.235937 0.569271 0.040625 0.055208
0 0.104688 0.156771 0.023958 0.042708
0 0.188021 0.535937 0.055208 0.051042
0 0.378646 0.121354 0.040625 0.036458
0 0.873437 0.371354 0.044792 0.040625
0 0.679167 0.694271 0.041667 0.055208
0 0.342708 0.413542 0.047917 0.039583
0 0.632812 0.625000 0.042708 0.029167
0 0.859896 0.962500 0.028125 0.043750
0 0.447396 0.669792 0.023958 0.043750
0 0.755208 0.179688 0.050000 0.034375
0 0.778646 0.298958 0.046875 0.029167
0 0.353125 0.152604 0.054167 0.038542
0 0.528646 0.959375 0.040625 0.041667
0 0.517188 0.554167 0.038542 0.043750
0 0.199479 0.340625 0.042708 0.039583
0 0.937500 0.767708 0.052083 0.043750
0 0.831250 0.092708 0.029167 0.045833
0 0.259896 0.547917 0.040625 0.054167
0 0.388542 0.496875 0.029167 0.041667
0 0.622396 0.603125 0.032292 0.047917
0 0.321875 0.782813 0.050000 0.034375
0 0.237500 0.438021 0.033333 0.040625
0 0.613542 0.203125 0.047917 0.050000
0 0.805729 0.712500 0.051042 0.050000
0 0.309375 0.921875 0.052083 0.045833
0 0.222917 0.909375 0.050000 0.033333
0 0.295833 0.219271 0.043750 0.048958
0 0.297396 0.863542 0.042708 0.054167
0 0.643750 0.239583 0.041667 0.025000
0 0.363542 0.426042 0.052083 0.045833
0 0.143750 0.444271 0.054167 0.036458
0 0.759896 0.477604 0.034375 0.053125
0 0.325521 0.661979 0.040625 0.028125
0 0.582812 0.318750 0.026042 0.045833
0 0.348958 0.875521 0.050000 0.036458
0 0.894271 0.575000 0.038542 0.033333
0 0.363021 0.350521 0.040625 0.028125
0 0.214583 0.495833 0.041667 0.039583
0 0.584375 0.763021 0.039583 0.053125
0 0.628125 0.590104 0.054167 0.038542
0 0.680208 0.180208 0.047917 0.035417
0 0.714583 0.158854 0.054167 0.048958
0 0.887500 0.073438 0.045833 0.038542
0 0.903646 0.577083 0.051042 0.031250
0 0.912500 0.205208 0.033333 0.047917
0 0.622396 0.139583 0.040625 0.022917
0 0.725521 0.799479 0.053125 0.053125
0 0.758333 0.502083 0.041667 0.041667
0 0.853646 0.519271 0.044792 0.042708
0 0.894271 0.193229 0.042708 0.051042
0 0.338021 0.551562 0.046875 0.048958
0 0.248958 0.909896 0.054167 0.044792
0 0.792188 0.376563 0.026042 0.044792
0 0.252604 0.748958 0.026042 0.041667
0 0.467187 0.076042 0.051042 0.035417
0 0.138542 0.133854 0.054167 0.048958
0 0.189583 0.543750 0.035417 0.037500
0 0.319271 0.425000 0.019792 0.037500
0 0.489063 0.543229 0.034375 0.046875
0 0.127083 0.718750 0.031250 0.037500
0 0.630208 0.313542 0.037500 0.035417
0 0.712500 0.161979 0.054167 0.044792
0 0.878125 0.391667 0.033333 0.037500
0 0.085417 0.550000 0.029167 0.045833
0 0.946875 0.291146 0.043750 0.048958
0 0.288021 0.698958 0.044792 0.052083
0 0.486979 0.914583 0.046875 0.031250
0 0.930208 0.659375 0.022917 0.043750
0 0.266146 0.928125 0.051042 0.050000
0 0.366146 0.451042 0.032292 0.043750
0 0.771875 0.222917 0.029167 0.041667
0 0.914583 0.283333 0.041667 0.029167
0 0.104167 0.195833 0.033333 0.043750
0 0.135417 0.085938 0.039583 0.026042
0 0.826562 0.945312 0.038542 0.021875
0 0.755729 0.340625 0.053125 0.037500
0 0.851042 0.760938 0.037500 0.021875
0 0.474479 0.871354 0.053125 0.034375
0 0.451042 0.750521 0.043750 0.040625
0 0.493750 0.076042 0.052083 0.041667
0 0.394271 0.475521 0.028125 0.046875
0 0.151562 0.691667 0.051042 0.050000
0 0.154688 0.454167 0.038542 0.035417
0 0.927083 0.685417 0.041667 0.037500
0 0.688021 0.640104 0.040625 0.034375
0 0.273958 0.702604 0.035417 0.048958
0 0.806250 0.657292 0.052083 0.033333
0 0.110417 0.231771 0.045833 0.048958
0 0.675000 0.114583 0.029167 0.045833
0 0.589063 0.080208 0.021875 0.037500
0 0.767188 0.720313 0.044792 0.042708
0 0.619792 0.125000 0.041667 0.027083
0 0.273958 0.688542 0.035417 0.020833
0 0.087500 0.358333 0.047917 0.035417
0 0.711979 0.132292 0.019792 0.037500
0 0.635938 0.942708 0.042708 0.041667
0 0.407292 0.207292 0.041667 0.037500
0 0.885417 0.734896 0.045833 0.023958
0 0.450000 0.487500 0.031250 0.037500
0 0.303125 0.696354 0.050000 0.053125
0 0.645312 0.095312 0.046875 0.048958
0 0.488021 0.670312 0.040625 0.028125
0 0.414062 0.401562 0.034375 0.040625
0 0.138021 0.214062 0.040625 0.026042
0 0.365104 0.849479 0.046875 0.038542
0 0.283854 0.521354 0.044792 0.051042
0 0.433854 0.247396 0.038542 0.055208
0 0.155208 0.454688 0.054167 0.048958
0 0.370833 0.747917 0.041667 0.039583
0 0.656250 0.680729 0.043750 0.048958
0 0.289062 0.577083 0.051042 0.033333
0 0.823958 0.309896 0.043750 0.042708
0 0.311458 0.070312 0.045833 0.036458
0 0.550000 0.243229 0.047917 0.046875
0 0.308854 0.464062 0.036458 0.017708
0 0.784896 0.117188 0.046875 0.048958
0 0.941667 0.139583 0.035417 0.020833
0 0.179167 0.422396 0.039583 0.044792
0 0.490625 0.281771 0.054167 0.048958
0 0.078646 0.765104 0.051042 0.028125
0 0.491667 0.348958 0.037500 0.029167
0 0.353125 0.143750 0.033333 0.037500
0 0.102604 0.516667 0.032292 0.043750
0 0.390104 0.646875 0.042708 0.031250
0 0.373958 0.133333 0.041667 0.039583
0 0.478125 0.090625 0.050000 0.050000
0 0.345313 0.709375 0.036458 0.037500
0 0.073958 0.246354 0.031250 0.051042
0 0.924479 0.526563 0.036458 0.046875
0 0.385937 0.625521 0.046875 0.055208
0 0.827083 0.298958 0.025000 0.041667
0 0.491667 0.157812 0.039583 0.053125
0 0.258854 0.864062 0.046875 0.026042
0 0.552604 0.433854 0.038542 0.040625
0 0.160938 0.386458 0.019792 0.035417
0 0.957292 0.269792 0.045833 0.022917
0 0.365104 0.104688 0.038542 0.055208
0 0.944271 0.256250 0.042708 0.041667
0 0.709896 0.500000 0.030208 0.047917
0 0.181250 0.111458 0.037500 0.029167
0 0.925521 0.935937 0.044792 0.044792
0 0.669792 0.793750 0.041667 0.041667
0 0.923958 0.504687 0.047917 0.028125
0 0.161458 0.543750 0.052083 0.043750
0 0.744792 0.496354 0.039583 0.030208
0 0.300521 0.589063 0.021875 0.038542
0 0.166146 0.558854 0.030208 0.048958
0 0.858333 0.956771 0.031250 0.053125
0 0.370312 0.748437 0.040625 0.023958
0 0.963021 0.213021 0.055208 0.048958
0 0.297396 0.565104 0.046875 0.048958
0 0.831250 0.483333 0.037500 0.041667
0 0.128646 0.664062 0.053125 0.032292
0 0.442188 0.775521 0.044792 0.026042
0 0.616667 0.907292 0.022917 0.039583
0 0.422396 0.159375 0.038542 0.043750
0 0.112500 0.648958 0.045833 0.043750
0 0.307292 0.860417 0.045833 0.022917
0 0.321875 0.543229 0.047917 0.053125
0 0.578125 0.606771 0.031250 0.044792
0 0.870313 0.590625 0.042708 0.027083
0 0.339062 0.443229 0.055208 0.048958
0 0.754167 0.317188 0.039583 0.032292
0 0.447396 0.175521 0.048958 0.046875
0 0.270313 0.376042 0.026042 0.047917
0 0.680729 0.376563 0.038542 0.055208
0 0.591146 0.286458 0.044792 0.035417
0 0.888021 0.743229 0.028125 0.051042
0 0.358333 0.895312 0.041667 0.023958
0 0.240625 0.610417 0.041667 0.029167
0 0.745833 0.737500 0.045833 0.031250
0 0.690104 0.758854 0.040625 0.019792
0 0.430729 0.608854 0.032292 0.053125
0 0.353646 0.396875 0.036458 0.052083
0 0.570833 0.910937 0.045833 0.040625
0 0.806250 0.493750 0.018750 0.037500
0 0.675000 0.126042 0.041667 0.052083
0 0.924479 0.341146 0.044792 0.042708
0 0.705208 0.946354 0.039583 0.048958
0 0.303125 0.347917 0.037500 0.027083
0 0.316667 0.421875 0.035417 0.020833
0 0.848437 0.513542 0.046875 0.033333
0 0.363021 0.672396 0.055208 0.046875
0 0.162500 0.801042 0.041667 0.029167
0 0.316667 0.350521 0.047917 0.046875
0 0.280208 0.248438 0.039583 0.030208
0 0.144792 0.246354 0.031250 0.040625
0 0.818229 0.842187 0.038542 0.046875
0 0.392708 0.254167 0.045833 0.029167
0 0.638542 0.504687 0.045833 0.023958
0 0.227604 0.328125 0.038542 0.047917
0 0.259375 0.634896 0.047917 0.044792
0 0.380208 0.581250 0.043750 0.035417
0 0.164583 0.927083 0.052083 0.041667
0 0.195833 0.600521 0.037500 0.040625
0 0.618750 0.951042 0.043750 0.022917
0 0.113542 0.771354 0.031250 0.053125
0 0.890625 0.454167 0.047917 0.037500
0 0.413021 0.698958 0.021875 0.037500
0 0.578125 0.774479 0.045833 0.026042
0 0.400521 0.166667 0.053125 0.035417
0 0.364063 0.960417 0.030208 0.039583
0 0.776042 0.117708 0.043750 0.027083
0 0.529687 0.769271 0.055208 0.051042
0 0.871354 0.222917 0.044792 0.052083
0 0.256250 0.782813 0.041667 0.055208
0 0.130729 0.946875 0.026042 0.039583
0 0.183333 0.259375 0.027083 0.037500