0 0.284896 0.135417 0.023958 0.047917
0 0.245312 0.892188 0.021875 0.038542
0 0.176563 0.708333 0.048958 0.025000
0 0.275000 0.897917 0.018750 0.035417
0 0.945312 0.095312 0.048958 0.046875
0 0.576562 0.430208 0.036458 0.052083
0 0.557292 0.534896 0.045833 0.032292
0 0.429167 0.844271 0.033333 0.044792
0 0.647917 0.644271 0.037500 0.053125
0 0.088021 0.432812 0.028125 0.040625
0 0.948958 0.284375 0.035417 0.043750
0 0.679688 0.456250 0.044792 0.033333
0 0.888542 0.102083 0.035417 0.035417
0 0.625521 0.096354 0.040625 0.034375
0 0.460938 0.650521 0.048958 0.044792
0 0.884375 0.728125 0.041667 0.039583
0 0.184896 0.328646 0.051042 0.028125
0 0.179688 0.469271 0.044792 0.051042
0 0.609375 0.345313 0.031250 0.040625
0 0.325521 0.591146 0.030208 0.044792
0 0.908333 0.511458 0.047917 0.041667
0 0.683333 0.409375 0.039583 0.047917
0 0.890104 0.110417 0.032292 0.047917
0 0.825521 0.566667 0.046875 0.027083
0 0.803646 0.206771 0.026042 0.040625
0 0.320833 0.387500 0.045833 0.043750
0 0.382812 0.749479 0.030208 0.048958
0 0.634375 0.860417 0.031250 0.050000
0 0.738021 0.689583 0.044792 0.022917
0 0.795312 0.114062 0.048958 0.048958
0 0.851042 0.263021 0.029167 0.051042
0 0.902083 0.296875 0.035417 0.020833
0 0.468750 0.292187 0.054167 0.051042
0 0.530729 0.818229 0.032292 0.044792
0 0.297396 0.714583 0.034375 0.047917
0 0.518229 0.919792 0.034375 0.039583
0 0.530729 0.371354 0.032292 0.040625
0 0.458333 0.799479 0.018750 0.036458
0 0.233333 0.315104 0.045833 0.036458
0 0.472917 0.353125 0.047917 0.025000
0 0.408333 0.972396 0.035417 0.053125
0 0.842187 0.243229 0.028125 0.051042
0 0.150000 0.527083 0.041667 0.029167
0 0.369271 0.443750 0.038542 0.027083
0 0.722396 0.384896 0.038542 0.046875
0 0.223438 0.116146 0.055208 0.048958
0 0.354167 0.849479 0.039583 0.030208
0 0.489063 0.909896 0.040625 0.028125
0 0.377083 0.146875 0.045833 0.045833
0 0.142187 0.638542 0.040625 0.020833
0 0.559375 0.548438 0.041667 0.021875
0 0.660417 0.946875 0.045833 0.029167
0 0.822396 0.817708 0.053125 0.043750
0 0.406771 0.642708 0.038542 0.033333
0 0.879167 0.474479 0.047917 0.030208
0 0.146875 0.936458 0.047917 0.041667
0 0.434375 0.333333 0.037500 0.035417
0 0.356250 0.491667 0.045833 0.052083
0 0.630208 0.368750 0.033333 0.043750
0 0.194271 0.807292 0.021875 0.037500
0 0.782813 0.369792 0.040625 0.041667
0 0.307292 0.827083 0.033333 0.050000
0 0.319792 0.578646 0.047917 0.032292
0 0.574479 0.279167 0.051042 0.033333
0 0.097396 0.146354 0.051042 0.038542
0 0.908333 0.727604 0.050000 0.053125
0 0.608854 0.148958 0.044792 0.054167
0 0.710417 0.243229 0.027083 0.042708
0 0.376042 0.333333 0.033333 0.037500
0 0.178125 0.323437 0.033333 0.040625
0 0.344792 0.118229 0.052083 0.034375
0 0.698958 0.115104 0.041667 0.044792
0 0.102604 0.403646 0.040625 0.030208
0 0.790104 0.709375 0.038542 0.037500
0 0.935417 0.580208 0.022917 0.043750
0 0.608854 0.552604 0.038542 0.055208
0 0.421354 0.332813 0.055208 0.044792
0 0.774479 0.233854 0.046875 0.055208
0 0.776563 0.486458 0.042708 0.029167
0 0.779687 0.106771 0.023958 0.048958
0 0.130208 0.654167 0.041667 0.041667
0 0.284375 0.159896 0.045833 0.055208
0 0.191146 0.200000 0.038542 0.025000
0 0.096354 0.802083 0.038542 0.035417
0 0.720833 0.607292 0.041667 0.020833
0 0.467708 0.316146 0.037500 0.038542
0 0.443750 0.843750 0.035417 0.052083
0 0.886458 0.082292 0.041667 0.031250
0 0.897917 0.941667 0.045833 0.029167
0 0.095833 0.524479 0.054167 0.046875
0 0.420312 0.900521 0.044792 0.028125
0 0.543750 0.867708 0.035417 0.037500
0 0.505208 0.880208 0.050000 0.033333
0 0.790625 0.835417 0.037500 0.047917
0 0.713021 0.467187 0.053125 0.053125
0 0.142708 0.394792 0.047917 0.041667
0 0.475000 0.662500 0.041667 0.039583
0 0.684375 0.545833 0.035417 0.043750
0 0.292708 0.590625 0.047917 0.052083
0 0.507292 0.477604 0.047917 0.028125
0 0.633854 0.433854 0.055208 0.040625
0 0.540104 0.154688 0.040625 0.032292
0 0.465104 0.933333 0.038542 0.035417
0 0.538542 0.848958 0.041667 0.027083
0 0.714063 0.278125 0.053125 0.045833
0 0.775521 0.143229 0.040625 0.051042
0 0.844792 0.161458 0.045833 0.043750
0 0.714583 0.857812 0.037500 0.021875
0 0.766146 0.535417 0.023958 0.041667
0 0.704688 0.302604 0.053125 0.032292
0 0.548958 0.693750 0.035417 0.037500
0 0.855208 0.745833 0.050000 0.050000
0 0.778125 0.903646 0.047917 0.046875
0 0.688021 0.208854 0.044792 0.042708
0 0.326562 0.526563 0.040625 0.044792
0 0.813542 0.119792 0.025000 0.043750
0 0.398958 0.164062 0.045833 0.034375
0 0.704688 0.469792 0.046875 0.029167
0 0.618229 0.114583 0.053125 0.037500
0 0.690625 0.523958 0.047917 0.052083
0 0.340625 0.618750 0.052083 0.041667
0 0.675521 0.663542 0.038542 0.033333
0 0.286979 0.307292 0.038542 0.043750
0 0.429167 0.723437 0.033333 0.053125
0 0.533854 0.716667 0.048958 0.041667
0 0.803125 0.348438 0.054167 0.046875
0 0.922917 0.291146 0.043750 0.030208
0 0.758333 0.464062 0.047917 0.032292
0 0.436979 0.510417 0.042708 0.027083
0 0.568229 0.251042 0.038542 0.035417
0 0.868750 0.339583 0.039583 0.052083
0 0.685937 0.820833 0.053125 0.039583
0 0.136979 0.578646 0.038542 0.021875
0 0.534896 0.122396 0.032292 0.046875
0 0.127604 0.694792 0.021875 0.037500
0 0.900000 0.870313 0.052083 0.030208
0 0.421354 0.316146 0.051042 0.028125
0 0.329167 0.347917 0.020833 0.035417
0 0.315625 0.560937 0.050000 0.034375
0 0.920312 0.118750 0.034375 0.039583
0 0.275000 0.505729 0.041667 0.023958
0 0.156771 0.079687 0.044792 0.040625
0 0.484896 0.496875 0.028125 0.039583
0 0.754687 0.644792 0.038542 0.035417
0 0.522917 0.279167 0.037500 0.035417
0 0.094792 0.721875 0.033333 0.050000
0 0.344271 0.440625 0.044792 0.033333
0 0.431250 0.627604 0.031250 0.044792
0 0.537500 0.768750 0.047917 0.035417
0 0.703646 0.712500 0.046875 0.031250
0 0.900521 0.584375 0.038542 0.025000
0 0.807813 0.482812 0.046875 0.048958
0 0.270833 0.235937 0.045833 0.032292
0 0.725521 0.646875 0.034375 0.039583
0 0.956771 0.874479 0.046875 0.034375
0 0.393229 0.704167 0.046875 0.052083
0 0.554167 0.914062 0.043750 0.055208
0 0.482812 0.296875 0.051042 0.029167
0 0.704167 0.361458 0.037500 0.022917
0 0.196354 0.394792 0.019792 0.039583
0 0.634375 0.086458 0.052083 0.045833
0 0.160417 0.115625 0.037500 0.029167
0 0.092188 0.350000 0.038542 0.033333
0 0.338542 0.188542 0.037500 0.031250
0 0.566146 0.734896 0.053125 0.051042
0 0.475000 0.829167 0.033333 0.037500
0 0.120313 0.605729 0.051042 0.053125
0 0.479687 0.551042 0.044792 0.033333
0 0.595833 0.146875 0.050000 0.029167
0 0.101562 0.519792 0.044792 0.022917
0 0.531771 0.376042 0.042708 0.029167
0 0.811979 0.138021 0.044792 0.051042
0 0.309896 0.830729 0.034375 0.040625
0 0.636979 0.316667 0.023958 0.041667
0 0.155208 0.581771 0.047917 0.053125
0 0.404687 0.593750 0.026042 0.041667
0 0.809375 0.477604 0.039583 0.036458
0 0.653646 0.887500 0.026042 0.050000
0 0.592187 0.476562 0.028125 0.040625
0 0.773438 0.875521 0.055208 0.051042
0 0.719271 0.302604 0.026042 0.051042
0 0.929167 0.193229 0.037500 0.048958
0 0.840625 0.288542 0.031250 0.045833
0 0.413021 0.564583 0.044792 0.047917
0 0.899479 0.128125 0.038542 0.027083
0 0.348438 0.529167 0.044792 0.035417
0 0.216667 0.615104 0.027083 0.046875
0 0.825000 0.365625 0.052083 0.047917
0 0.841667 0.229167 0.039583 0.047917
0 0.418750 0.210417 0.035417 0.047917
0 0.231250 0.588021 0.035417 0.040625
0 0.544271 0.196354 0.055208 0.048958
0 0.914062 0.400000 0.044792 0.045833
0 0.176563 0.782813 0.042708 0.023958
0 0.490625 0.804688 0.047917 0.023958
0 0.946875 0.610417 0.043750 0.045833
0 0.481250 0.536979 0.033333 0.040625
0 0.743229 0.140104 0.042708 0.021875
0 0.730208 0.242708 0.018750 0.035417
0 0.511458 0.271875 0.025000 0.043750
0 0.075521 0.309375 0.026042 0.039583
0 0.781771 0.264062 0.023958 0.046875
0 0.425000 0.544792 0.052083 0.043750
0 0.672917 0.253125 0.029167 0.041667
0 0.561458 0.517708 0.025000 0.037500
0 0.309896 0.140104 0.053125 0.034375
0 0.659375 0.801562 0.031250 0.040625
0 0.176042 0.081250 0.052083 0.041667
0 0.844792 0.217708 0.031250 0.050000
0 0.136458 0.438021 0.043750 0.048958
0 0.231250 0.218229 0.039583 0.044792
0 0.223438 0.386979 0.042708 0.055208
0 0.503125 0.152604 0.050000 0.036458
0 0.712500 0.816146 0.039583 0.036458
0 0.221354 0.201042 0.038542 0.031250
0 0.527604 0.889583 0.032292 0.043750
0 0.371354 0.377604 0.051042 0.042708
0 0.929167 0.400521 0.050000 0.053125
0 0.602083 0.292187 0.025000 0.042708
0 0.365625 0.624479 0.050000 0.042708
0 0.532292 0.343229 0.047917 0.055208
0 0.392708 0.247396 0.037500 0.044792
0 0.131250 0.752083 0.029167 0.050000
0 0.354687 0.780208 0.042708 0.041667
0 0.276042 0.734896 0.047917 0.053125
0 0.489583 0.359375 0.041667 0.025000
0 0.438021 0.864583 0.034375 0.047917
0 0.952604 0.593229 0.046875 0.048958
0 0.882812 0.396875 0.028125 0.039583
0 0.148438 0.089063 0.055208 0.040625
0 0.330729 0.755729 0.028125 0.040625
0 0.088542 0.202604 0.037500 0.040625
0 0.491667 0.177604 0.037500 0.038542
0 0.793750 0.456250 0.037500 0.052083
0 0.100000 0.385937 0.035417 0.044792
0 0.204167 0.364583 0.045833 0.031250
0 0.348438 0.579167 0.046875 0.045833
0 0.408854 0.372396 0.032292 0.053125
0 0.500521 0.097917 0.021875 0.039583
0 0.213542 0.364063 0.050000 0.036458
0 0.817187 0.458333 0.038542 0.035417
0 0.297396 0.457292 0.038542 0.027083
0 0.504687 0.925000 0.023958 0.037500
0 0.203125 0.284375 0.027083 0.037500
0 0.773438 0.199479 0.038542 0.051042
0 0.183854 0.578646 0.044792 0.051042
0 0.679688 0.487500 0.038542 0.035417
0 0.161979 0.586458 0.046875 0.031250
0 0.372396 0.586979 0.048958 0.028125
0 0.869792 0.700521 0.045833 0.023958
0 0.084896 0.330208 0.044792 0.025000
0 0.954167 0.675521 0.020833 0.040625
0 0.626042 0.463542 0.052083 0.039583
0 0.919271 0.776563 0.032292 0.046875
0 0.513542 0.584896 0.052083 0.032292
0 0.595833 0.283333 0.029167 0.045833
0 0.810937 0.202083 0.038542 0.031250
0 0.890625 0.710417 0.039583 0.041667
0 0.403646 0.082292 0.034375 0.052083
0 0.213542 0.252604 0.039583 0.055208
0 0.247917 0.597396 0.027083 0.046875
0 0.450521 0.548958 0.032292 0.043750
0 0.633854 0.763021 0.051042 0.042708
0 0.195833 0.123958 0.047917 0.039583
0 0.155208 0.368229 0.039583 0.048958
0 0.096354 0.221875 0.051042 0.033333
0 0.316667 0.853125 0.037500 0.027083
0 0.970313 0.433333 0.044792 0.035417
0 0.717187 0.127083 0.040625 0.041667
0 0.473958 0.365625 0.037500 0.047917
0 0.716146 0.352604 0.055208 0.044792
0 0.670833 0.846354 0.035417 0.040625
0 0.595833 0.198437 0.039583 0.038542
0 0.161458 0.515625 0.029167 0.045833
0 0.775521 0.351562 0.040625 0.032292
0 0.632292 0.740625 0.041667 0.039583
0 0.810937 0.939063 0.051042 0.028125
0 0.427604 0.380729 0.046875 0.026042
0 0.568229 0.830729 0.040625 0.034375
0 0.430729 0.891667 0.044792 0.027083
0 0.475521 0.436979 0.036458 0.046875
0 0.270313 0.336979 0.044792 0.055208
0 0.450521 0.191146 0.055208 0.038542
0 0.651563 0.711458 0.028125 0.039583
0 0.390104 0.581771 0.032292 0.053125
0 0.947917 0.488021 0.031250 0.053125
0 0.348438 0.744271 0.046875 0.036458
0 0.933854 0.739062 0.036458 0.055208
0 0.731771 0.951562 0.053125 0.034375
0 0.194792 0.577083 0.041667 0.031250
0 0.693750 0.897396 0.037500 0.023958
0 0.347917 0.759896 0.039583 0.026042
0 0.118750 0.679167 0.039583 0.041667
0 0.126562 0.761979 0.055208 0.040625
0 0.301042 0.756771 0.037500 0.048958
0 0.966667 0.472396 0.039583 0.053125
0 0.863021 0.410417 0.038542 0.033333
0 0.939063 0.840625 0.038542 0.025000
0 0.549479 0.357292 0.044792 0.033333
0 0.916667 0.715104 0.054167 0.048958
0 0.556771 0.821875 0.028125 0.041667
0 0.311458 0.141146 0.037500 0.053125
0 0.164583 0.201042 0.041667 0.027083
0 0.287500 0.819271 0.033333 0.040625
0 0.210938 0.906771 0.023958 0.040625
0 0.169792 0.490104 0.039583 0.036458
0 0.639062 0.471875 0.023958 0.037500
0 0.911979 0.350000 0.034375 0.037500
0 0.715625 0.340104 0.050000 0.053125
0 0.367708 0.163542 0.041667 0.047917
0 0.227604 0.177083 0.053125 0.039583
0 0.402604 0.820833 0.038542 0.033333
0 0.104167 0.454167 0.035417 0.037500
0 0.452604 0.921354 0.048958 0.044792
0 0.571875 0.559896 0.025000 0.042708
0 0.618229 0.307812 0.053125 0.053125
0 0.372396 0.944792 0.028125 0.050000
0 0.250000 0.797917 0.025000 0.039583
0 0.220833 0.679167 0.039583 0.052083
0 0.334896 0.593229 0.038542 0.040625
0 0.690104 0.884896 0.040625 0.038542
0 0.671354 0.532292 0.048958 0.039583
0 0.771875 0.766146 0.031250 0.048958
0 0.202083 0.786458 0.043750 0.033333
0 0.693750 0.135417 0.045833 0.043750
0 0.550000 0.844792 0.037500 0.052083
0 0.965625 0.404167 0.045833 0.043750
0 0.730729 0.327083 0.032292 0.043750
0 0.830208 0.341146 0.039583 0.023958
0 0.735938 0.400000 0.023958 0.043750
0 0.272396 0.729688 0.028125 0.040625
0 0.415625 0.748958 0.029167 0.045833
0 0.700521 0.230729 0.051042 0.053125
0 0.806771 0.252604 0.032292 0.053125
0 0.966667 0.529167 0.037500 0.029167
0 0.811979 0.220833 0.053125 0.037500
0 0.179688 0.330729 0.042708 0.051042
0 0.076042 0.611458 0.035417 0.020833
0 0.442708 0.917188 0.039583 0.023958
0 0.648438 0.442708 0.048958 0.033333
0 0.443229 0.654687 0.051042 0.042708
0 0.702604 0.145313 0.055208 0.044792
0 0.569271 0.273958 0.036458 0.047917
0 0.526563 0.459896 0.040625 0.023958
0 0.839583 0.935417 0.043750 0.045833
0 0.656771 0.276042 0.048958 0.041667
0 0.685417 0.805729 0.043750 0.040625
0 0.270833 0.825000 0.047917 0.033333
0 0.453646 0.789062 0.055208 0.042708
0 0.202083 0.201042 0.050000 0.047917
0 0.310417 0.118229 0.045833 0.032292
0 0.597917 0.677083 0.050000 0.050000
0 0.307292 0.457813 0.039583 0.028125
0 0.279687 0.894792 0.034375 0.052083
0 0.280729 0.289062 0.051042 0.038542
0 0.689583 0.393229 0.029167 0.040625
0 0.883854 0.267708 0.038542 0.033333
0 0.155729 0.201042 0.048958 0.052083
0 0.759375 0.368229 0.039583 0.038542
0 0.804167 0.928646 0.041667 0.044792
0 0.813542 0.441146 0.033333 0.040625
0 0.800521 0.758333 0.053125 0.043750
0 0.153646 0.900521 0.040625 0.055208
0 0.278125 0.229687 0.052083 0.032292
0 0.540104 0.869271 0.040625 0.034375
0 0.336979 0.661458 0.053125 0.041667
0 0.117188 0.522396 0.040625 0.038542
0 0.831771 0.391667 0.034375 0.047917
0 0.856771 0.596354 0.051042 0.055208
0 0.326042 0.321354 0.050000 0.053125
0 0.404167 0.464062 0.050000 0.028125
0 0.493229 0.693750 0.040625 0.022917
0 0.562500 0.517188 0.031250 0.044792
0 0.272917 0.645833 0.033333 0.043750
0 0.628125 0.722917 0.043750 0.045833
0 0.540104 0.910417 0.048958 0.039583
0 0.319271 0.850521 0.040625 0.028125
0 0.294271 0.085938 0.044792 0.044792
0 0.917188 0.829688 0.038542 0.038542
0 0.534896 0.708333 0.046875 0.045833
0 0.281771 0.916146 0.055208 0.042708
0 0.210938 0.441667 0.051042 0.047917
0 0.810417 0.475000 0.045833 0.043750
0 0.498437 0.421354 0.044792 0.051042
0 0.600521 0.130208 0.042708 0.037500
0 0.734896 0.653125 0.032292 0.047917
0 0.764583 0.864062 0.025000 0.046875
0 0.850000 0.919271 0.050000 0.038542
0 0.936979 0.476042 0.042708 0.027083
0 0.418750 0.596875 0.045833 0.043750
0 0.089583 0.588021 0.054167 0.046875
0 0.345833 0.356771 0.054167 0.038542
0 0.822917 0.458854 0.039583 0.036458
0 0.585938 0.654687 0.051042 0.053125
0 0.187500 0.768750 0.050000 0.033333
0 0.498437 0.409375 0.042708 0.039583
0 0.944792 0.258333 0.039583 0.022917
0 0.817187 0.769271 0.042708 0.051042
0 0.350521 0.248958 0.051042 0.050000
0 0.766667 0.338021 0.047917 0.028125
0 0.459375 0.533333 0.045833 0.043750
0 0.242188 0.888021 0.040625 0.023958
0 0.336458 0.682813 0.045833 0.055208
0 0.442188 0.750000 0.042708 0.039583
0 0.472917 0.825521 0.045833 0.048958
0 0.592708 0.926562 0.043750 0.042708
0 0.789583 0.571875 0.037500 0.041667
0 0.777083 0.109375 0.037500 0.022917
0 0.117188 0.316667 0.032292 0.043750
0 0.155208 0.175000 0.041667 0.037500
0 0.451042 0.317188 0.025000 0.038542
0 0.389062 0.131771 0.040625 0.028125
0 0.792708 0.934896 0.037500 0.019792
0 0.406771 0.814063 0.023958 0.038542
0 0.561458 0.793229 0.054167 0.044792
0 0.442708 0.219792 0.037500 0.031250
0 0.751042 0.350000 0.027083 0.037500
0 0.121875 0.164062 0.050000 0.036458
0 0.829167 0.947917 0.050000 0.047917
0 0.968750 0.383854 0.043750 0.030208
0 0.716667 0.864583 0.037500 0.031250
0 0.081250 0.914583 0.041667 0.029167
0 0.351562 0.336458 0.034375 0.043750
0 0.776042 0.366146 0.050000 0.026042
0 0.638021 0.289062 0.019792 0.038542
0 0.477083 0.808333 0.037500 0.033333
0 0.750521 0.352083 0.044792 0.022917
0 0.257812 0.590104 0.040625 0.051042
0 0.155208 0.277604 0.050000 0.034375
0 0.946354 0.923958 0.036458 0.018750
0 0.543750 0.575521 0.029167 0.051042
0 0.170313 0.231771 0.046875 0.036458
0 0.871354 0.247917 0.036458 0.043750
0 0.187500 0.096354 0.047917 0.044792
0 0.636458 0.214583 0.045833 0.043750
0 0.409375 0.100000 0.037500 0.035417
0 0.504687 0.552083 0.026042 0.037500
0 0.089583 0.663021 0.045833 0.036458
0 0.414583 0.388021 0.050000 0.053125
0 0.935417 0.806250 0.022917 0.039583
0 0.631250 0.866146 0.035417 0.048958
0 0.598437 0.335938 0.028125 0.044792
0 0.480208 0.848437 0.039583 0.038542
0 0.523958 0.496875 0.025000 0.039583
0 0.865104 0.173958 0.042708 0.033333
0 0.410938 0.088542 0.034375 0.039583
0 0.602604 0.401562 0.051042 0.038542
0 0.377604 0.843229 0.048958 0.034375
0 0.238021 0.230208 0.044792 0.025000
0 0.484896 0.639583 0.051042 0.031250
0 0.826042 0.198437 0.020833 0.036458
0 0.843750 0.266667 0.018750 0.035417
0 0.474479 0.825521 0.036458 0.046875
0 0.635938 0.716667 0.036458 0.043750
0 0.073958 0.502083 0.039583 0.041667
0 0.283333 0.811979 0.047917 0.053125
0 0.518750 0.169271 0.037500 0.044792
0 0.675521 0.435417 0.036458 0.043750
0 0.646354 0.159896 0.040625 0.030208
0 0.472917 0.281250 0.047917 0.035417
0 0.236458 0.884375 0.027083 0.041667
0 0.772396 0.848437 0.051042 0.055208
0 0.100521 0.583854 0.046875 0.034375
0 0.594792 0.186458 0.035417 0.043750
0 0.846354 0.359375 0.021875 0.037500
0 0.391146 0.871354 0.046875 0.048958
0 0.104167 0.936458 0.031250 0.041667
0 0.808333 0.256771 0.033333 0.040625
0 0.206771 0.264583 0.026042 0.041667
0 0.126042 0.507812 0.035417 0.040625