0 0.964063 0.141146 0.032292 0.048958
0 0.580729 0.758854 0.034375 0.046875
0 0.127604 0.675000 0.044792 0.033333
0 0.125000 0.482292 0.041667 0.027083
0 0.661458 0.248438 0.047917 0.030208
0 0.550521 0.700521 0.044792 0.030208
0 0.870313 0.476562 0.026042 0.051042
0 0.107292 0.215625 0.039583 0.041667
0 0.156771 0.428646 0.026042 0.046875
0 0.681250 0.819271 0.054167 0.042708
0 0.376563 0.795312 0.019792 0.038542
0 0.906771 0.821354 0.040625 0.036458
0 0.194792 0.893229 0.039583 0.053125
0 0.691146 0.801042 0.030208 0.039583
0 0.744271 0.512500 0.053125 0.039583
0 0.338542 0.862500 0.037500 0.031250
0 0.900000 0.767188 0.037500 0.053125
0 0.368229 0.304688 0.038542 0.019792
0 0.527083 0.659375 0.045833 0.052083
0 0.584896 0.847917 0.048958 0.037500
0 0.837500 0.277604 0.050000 0.042708
0 0.817708 0.833333 0.033333 0.037500
0 0.432292 0.482812 0.043750 0.028125
0 0.311458 0.322917 0.041667 0.052083
0 0.915625 0.605208 0.033333 0.043750
0 0.311458 0.622396 0.047917 0.032292
0 0.161979 0.075000 0.048958 0.039583
0 0.554688 0.601042 0.044792 0.025000
0 0.853646 0.902083 0.038542 0.035417
0 0.821875 0.122917 0.043750 0.045833
0 0.628125 0.234896 0.041667 0.055208
0 0.509375 0.446354 0.050000 0.053125
0 0.873958 0.261458 0.025000 0.037500
0 0.711458 0.078646 0.039583 0.036458
0 0.795833 0.353125 0.025000 0.043750
0 0.216146 0.692708 0.038542 0.033333
0 0.795312 0.404167 0.036458 0.037500
0 0.473438 0.265104 0.044792 0.028125
0 0.417708 0.470313 0.025000 0.038542
0 0.968229 0.511979 0.046875 0.034375
0 0.608333 0.480729 0.039583 0.030208
0 0.889583 0.138542 0.041667 0.029167
0 0.165104 0.875000 0.040625 0.047917
0 0.788021 0.394271 0.051042 0.038542
0 0.714583 0.685417 0.047917 0.052083
0 0.433333 0.287500 0.027083 0.041667
0 0.784375 0.182812 0.041667 0.023958
0 0.231771 0.670312 0.040625 0.026042
0 0.534896 0.592708 0.036458 0.043750
0 0.160938 0.127083 0.044792 0.025000
0 0.232813 0.620313 0.034375 0.053125
0 0.764583 0.556771 0.037500 0.040625
0 0.870313 0.660937 0.034375 0.040625
0 0.851042 0.540625 0.047917 0.039583
0 0.802083 0.214583 0.041667 0.039583
0 0.411979 0.633333 0.021875 0.043750
0 0.285938 0.107813 0.046875 0.026042
0 0.842708 0.882812 0.050000 0.040625
0 0.954688 0.716667 0.042708 0.039583
0 0.782813 0.564063 0.034375 0.046875
0 0.895833 0.439063 0.033333 0.044792
0 0.165104 0.930208 0.048958 0.037500
0 0.754687 0.188021 0.048958 0.032292
0 0.563021 0.866667 0.038542 0.043750
0 0.933333 0.515104 0.031250 0.040625
0 0.625000 0.190625 0.033333 0.037500
0 0.577083 0.886979 0.018750 0.038542
0 0.099479 0.865104 0.028125 0.048958
0 0.645312 0.185417 0.053125 0.045833
0 0.154167 0.478125 0.037500 0.035417
0 0.920312 0.626042 0.036458 0.020833
0 0.113021 0.672396 0.034375 0.046875
0 0.134375 0.880208 0.033333 0.043750
0 0.161458 0.777604 0.050000 0.042708
0 0.370833 0.602604 0.037500 0.044792
0 0.746875 0.915104 0.035417 0.048958
0 0.476042 0.468750 0.045833 0.045833
0 0.245833 0.512500 0.041667 0.039583
0 0.227604 0.770833 0.028125 0.039583
0 0.929167 0.626042 0.020833 0.035417
0 0.590625 0.639583 0.043750 0.052083
0 0.529167 0.272396 0.035417 0.048958
0 0.350000 0.894271 0.029167 0.044792
0 0.757812 0.274479 0.026042 0.040625
0 0.128646 0.936979 0.040625 0.055208
0 0.129688 0.192708 0.042708 0.025000
0 0.256250 0.560417 0.027083 0.043750
0 0.346354 0.511458 0.036458 0.037500
0 0.656250 0.563021 0.045833 0.034375
0 0.436458 0.469271 0.043750 0.048958
0 0.959896 0.409375 0.026042 0.047917
0 0.515625 0.729688 0.041667 0.032292
0 0.126562 0.402083 0.038542 0.035417
0 0.174479 0.695312 0.032292 0.044792
0 0.951042 0.607812 0.050000 0.042708
0 0.404167 0.703125 0.052083 0.043750
0 0.897396 0.828646 0.044792 0.040625
0 0.408854 0.794792 0.036458 0.043750
0 0.507812 0.850521 0.055208 0.036458
0 0.357292 0.866667 0.052083 0.037500
0 0.591667 0.625000 0.018750 0.035417
0 0.332813 0.715625 0.030208 0.039583
0 0.834375 0.082812 0.052083 0.051042
0 0.534375 0.198437 0.043750 0.021875
0 0.603125 0.156771 0.043750 0.048958
0 0.742188 0.471354 0.040625 0.032292
0 0.852083 0.504687 0.050000 0.038542
0 0.495312 0.088542 0.034375 0.043750
0 0.739583 0.896354 0.027083 0.042708
0 0.626563 0.168229 0.048958 0.046875
0 0.148958 0.903646 0.052083 0.053125
0 0.605729 0.823438 0.055208 0.040625
0 0.351042 0.253646 0.039583 0.026042
0 0.338021 0.475521 0.046875 0.048958
0 0.508854 0.755729 0.040625 0.034375
0 0.589583 0.481771 0.054167 0.040625
0 0.944271 0.710938 0.044792 0.055208
0 0.945312 0.173437 0.040625 0.028125
0 0.176042 0.396875 0.033333 0.037500
0 0.198958 0.956250 0.047917 0.035417
0 0.300521 0.405729 0.026042 0.044792
0 0.078646 0.860417 0.026042 0.050000
0 0.686458 0.720313 0.041667 0.021875
0 0.177083 0.420833 0.041667 0.020833
0 0.478125 0.140104 0.037500 0.019792
0 0.636458 0.322396 0.039583 0.053125
0 0.791667 0.799479 0.022917 0.040625
0 0.205208 0.441667 0.041667 0.027083
0 0.354167 0.800521 0.041667 0.044792
0 0.578125 0.110937 0.041667 0.044792
0 0.878646 0.845833 0.040625 0.047917
0 0.916146 0.335938 0.040625 0.034375
0 0.867188 0.321875 0.038542 0.035417
0 0.502083 0.291146 0.016667 0.034375
0 0.788542 0.597396 0.045833 0.038542
0 0.262500 0.619792 0.037500 0.047917
0 0.668229 0.861979 0.034375 0.040625
0 0.677083 0.229687 0.047917 0.032292
0 0.751563 0.670833 0.032292 0.039583
0 0.291667 0.484375 0.047917 0.041667
0 0.364063 0.110937 0.026042 0.046875
0 0.354687 0.256250 0.038542 0.052083
0 0.604688 0.415104 0.051042 0.034375
0 0.285417 0.292708 0.039583 0.041667
0 0.379688 0.953125 0.046875 0.033333
0 0.280208 0.763542 0.050000 0.050000
0 0.525000 0.888542 0.035417 0.020833
0 0.537500 0.207813 0.031250 0.040625
0 0.088542 0.155208 0.037500 0.025000
0 0.504687 0.901563 0.040625 0.036458
0 0.835938 0.138542 0.048958 0.039583
0 0.900521 0.455729 0.044792 0.042708
0 0.353125 0.524479 0.050000 0.038542
0 0.508333 0.325521 0.043750 0.026042
0 0.118750 0.426042 0.045833 0.045833
0 0.693229 0.522396 0.055208 0.046875
0 0.914062 0.880729 0.036458 0.040625
0 0.932292 0.402604 0.037500 0.023958
0 0.425521 0.378646 0.055208 0.048958
0 0.753125 0.301563 0.047917 0.046875
0 0.143750 0.943229 0.041667 0.055208
0 0.422917 0.433333 0.037500 0.035417
0 0.600521 0.434375 0.036458 0.020833
0 0.372396 0.307812 0.023958 0.046875
0 0.452083 0.731250 0.052083 0.043750
0 0.480729 0.574479 0.044792 0.042708
0 0.648958 0.842708 0.029167 0.050000
0 0.171354 0.819792 0.051042 0.050000
0 0.907813 0.210417 0.046875 0.045833
0 0.882812 0.560417 0.036458 0.037500
0 0.463542 0.737500 0.037500 0.025000
0 0.261458 0.598958 0.029167 0.045833
0 0.790104 0.732812 0.051042 0.053125
0 0.633333 0.205729 0.037500 0.021875
0 0.597396 0.332813 0.048958 0.046875
0 0.923958 0.264062 0.041667 0.032292
0 0.298438 0.120833 0.044792 0.033333
0 0.447917 0.138542 0.041667 0.039583
0 0.465625 0.280208 0.045833 0.045833
0 0.528125 0.836458 0.037500 0.035417
0 0.498437 0.659375 0.034375 0.047917
0 0.722396 0.239583 0.046875 0.045833
0 0.250521 0.726042 0.040625 0.020833
0 0.511458 0.272396 0.045833 0.028125
0 0.928646 0.319792 0.030208 0.039583
0 0.861458 0.785937 0.039583 0.026042
0 0.269271 0.284375 0.046875 0.045833
0 0.846354 0.437500 0.048958 0.027083
0 0.442708 0.393750 0.043750 0.045833
0 0.621875 0.323437 0.035417 0.044792
0 0.514583 0.900521 0.050000 0.053125
0 0.095312 0.772917 0.036458 0.047917
0 0.947917 0.134375 0.047917 0.027083
0 0.813021 0.130729 0.030208 0.053125
0 0.778125 0.160938 0.050000 0.053125
0 0.168229 0.782813 0.055208 0.046875
0 0.255729 0.658854 0.019792 0.038542
0 0.297917 0.269271 0.025000 0.042708
0 0.447396 0.664583 0.046875 0.052083
0 0.528125 0.931771 0.039583 0.030208
0 0.863021 0.630729 0.051042 0.042708
0 0.182292 0.728646 0.035417 0.044792
0 0.731250 0.207292 0.037500 0.031250
0 0.253646 0.747396 0.040625 0.030208
0 0.876042 0.533854 0.041667 0.044792
0 0.454688 0.432812 0.051042 0.028125
0 0.604688 0.298958 0.040625 0.020833
0 0.470833 0.962500 0.041667 0.029167
0 0.489583 0.779167 0.037500 0.033333
0 0.206771 0.522396 0.051042 0.042708
0 0.491667 0.868229 0.045833 0.048958
0 0.155729 0.256250 0.051042 0.050000
0 0.848437 0.792188 0.046875 0.034375
0 0.265104 0.848958 0.034375 0.039583
0 0.884375 0.923438 0.037500 0.038542
0 0.810417 0.539062 0.029167 0.051042
0 0.307812 0.631771 0.040625 0.034375
0 0.255208 0.509375 0.037500 0.035417
0 0.604688 0.183333 0.040625 0.041667
0 0.348438 0.496354 0.040625 0.044792
0 0.261458 0.770833 0.041667 0.047917
0 0.290625 0.333854 0.043750 0.032292
0 0.134896 0.935937 0.053125 0.051042
0 0.159375 0.696354 0.039583 0.026042
0 0.906250 0.131250 0.043750 0.037500
0 0.953646 0.706250 0.048958 0.037500
0 0.393750 0.775521 0.054167 0.048958
0 0.838542 0.074479 0.037500 0.019792
0 0.229167 0.231250 0.045833 0.045833
0 0.733854 0.300000 0.032292 0.052083
0 0.621875 0.598958 0.020833 0.035417
0 0.846875 0.084896 0.037500 0.040625
0 0.487500 0.483333 0.045833 0.043750
0 0.158854 0.526042 0.044792 0.047917
0 0.738021 0.899479 0.051042 0.034375
0 0.322917 0.863021 0.045833 0.038542
0 0.509375 0.583854 0.045833 0.036458
0 0.701562 0.456771 0.048958 0.028125
0 0.376042 0.544792 0.052083 0.035417
0 0.814583 0.571875 0.047917 0.052083
0 0.859375 0.649479 0.047917 0.053125
0 0.378125 0.411979 0.054167 0.036458
0 0.450521 0.902083 0.044792 0.052083
0 0.428125 0.905729 0.054167 0.038542
0 0.591146 0.228125 0.028125 0.039583
0 0.671354 0.191146 0.023958 0.038542
0 0.171875 0.614062 0.027083 0.040625
0 0.231771 0.691667 0.021875 0.037500
0 0.474479 0.680208 0.034375 0.043750
0 0.860938 0.892188 0.046875 0.023958
0 0.711458 0.783333 0.025000 0.039583
0 0.710417 0.860417 0.037500 0.033333
0 0.482812 0.488542 0.030208 0.047917
0 0.106771 0.760938 0.042708 0.044792
0 0.805208 0.459896 0.029167 0.040625
0 0.838021 0.391146 0.055208 0.036458
0 0.190104 0.352604 0.042708 0.023958
0 0.900000 0.075000 0.047917 0.041667
0 0.654687 0.769792 0.042708 0.031250
0 0.867188 0.165104 0.051042 0.028125
0 0.660937 0.457292 0.036458 0.037500
0 0.123958 0.499479 0.045833 0.034375
0 0.632812 0.352604 0.046875 0.036458
0 0.749479 0.435417 0.038542 0.029167
0 0.918750 0.179167 0.029167 0.041667
0 0.718229 0.587500 0.032292 0.039583
0 0.632812 0.194792 0.048958 0.035417
0 0.712500 0.934896 0.039583 0.038542
0 0.164583 0.827083 0.050000 0.029167
0 0.897396 0.314583 0.042708 0.037500
0 0.110937 0.241667 0.046875 0.027083
0 0.316146 0.730208 0.036458 0.037500
0 0.472917 0.746354 0.054167 0.046875
0 0.851042 0.473438 0.037500 0.040625
0 0.437500 0.520312 0.045833 0.032292
0 0.620313 0.627083 0.038542 0.027083
0 0.552083 0.612500 0.047917 0.039583
0 0.109896 0.591146 0.034375 0.046875
0 0.080208 0.834375 0.039583 0.041667
0 0.110417 0.288021 0.039583 0.026042
0 0.780729 0.515104 0.032292 0.044792
0 0.554167 0.932292 0.037500 0.033333
0 0.644792 0.558333 0.039583 0.022917
0 0.508854 0.663542 0.046875 0.031250
0 0.094271 0.773958 0.034375 0.052083
0 0.680729 0.715104 0.044792 0.021875
0 0.266667 0.640625 0.043750 0.033333
0 0.222917 0.588542 0.033333 0.047917
0 0.626042 0.734375 0.041667 0.027083
0 0.678646 0.402604 0.034375 0.053125
0 0.445312 0.753646 0.048958 0.046875
0 0.289583 0.831250 0.033333 0.037500
0 0.127083 0.220833 0.027083 0.037500
0 0.798958 0.214062 0.045833 0.038542
0 0.140625 0.877604 0.035417 0.040625
0 0.837500 0.130729 0.054167 0.048958
0 0.541146 0.900521 0.040625 0.038542
0 0.764583 0.165625 0.031250 0.050000
0 0.393229 0.089063 0.036458 0.051042
0 0.945833 0.482812 0.039583 0.044792
0 0.597396 0.275521 0.046875 0.023958
0 0.323437 0.204687 0.038542 0.051042
0 0.191146 0.151562 0.030208 0.048958
0 0.545833 0.490104 0.043750 0.048958
0 0.734896 0.658854 0.051042 0.055208
0 0.396875 0.937500 0.052083 0.047917
0 0.128646 0.249479 0.042708 0.055208
0 0.796875 0.281250 0.022917 0.043750
0 0.400000 0.578125 0.033333 0.037500
0 0.362500 0.905208 0.039583 0.022917
0 0.525000 0.816146 0.035417 0.053125
0 0.885938 0.115104 0.046875 0.048958
0 0.082292 0.275000 0.052083 0.043750
0 0.339062 0.695833 0.051042 0.033333
0 0.364583 0.764062 0.039583 0.026042
0 0.740625 0.137500 0.045833 0.029167
0 0.077083 0.692187 0.025000 0.038542
0 0.451042 0.728646 0.020833 0.038542
0 0.406771 0.102604 0.026042 0.051042
0 0.638542 0.352083 0.043750 0.035417
0 0.741667 0.303646 0.050000 0.040625
0 0.623958 0.128646 0.025000 0.046875
0 0.755208 0.877083 0.050000 0.047917
0 0.505729 0.242188 0.030208 0.044792
0 0.708333 0.748958 0.037500 0.035417
0 0.338542 0.272917 0.047917 0.037500
0 0.331771 0.238542 0.040625 0.041667
0 0.375000 0.490104 0.050000 0.034375
0 0.583854 0.752083 0.042708 0.027083
0 0.392188 0.760938 0.044792 0.051042
0 0.822917 0.201563 0.045833 0.048958
0 0.596354 0.919271 0.051042 0.053125
0 0.839063 0.534375 0.042708 0.047917
0 0.342187 0.278646 0.038542 0.019792
0 0.422917 0.592708 0.047917 0.039583
0 0.432812 0.611979 0.055208 0.042708
0 0.638021 0.739583 0.028125 0.050000
0 0.092188 0.954167 0.038542 0.047917
0 0.100521 0.370312 0.040625 0.034375
0 0.205208 0.346354 0.039583 0.036458
0 0.936979 0.763542 0.030208 0.050000
0 0.764583 0.889062 0.029167 0.051042
0 0.108854 0.303646 0.053125 0.030208
0 0.864583 0.395313 0.022917 0.038542
0 0.087500 0.417708 0.052083 0.045833
0 0.354167 0.165104 0.045833 0.023958
0 0.742708 0.189583 0.043750 0.031250
0 0.668229 0.253125 0.046875 0.033333
0 0.964063 0.571354 0.032292 0.040625
0 0.342708 0.555729 0.037500 0.038542
0 0.598437 0.657813 0.026042 0.044792
0 0.691146 0.271875 0.026042 0.039583
0 0.381250 0.225000 0.022917 0.043750
0 0.878125 0.958854 0.047917 0.030208
0 0.561458 0.961979 0.029167 0.051042
0 0.191146 0.356771 0.055208 0.038542
0 0.193750 0.495312 0.054167 0.044792
0 0.104688 0.776563 0.036458 0.051042
0 0.424479 0.576562 0.044792 0.028125
0 0.808854 0.141146 0.044792 0.042708
0 0.627083 0.888542 0.037500 0.027083
0 0.633333 0.175000 0.031250 0.050000
0 0.244792 0.969792 0.041667 0.047917
0 0.215104 0.441146 0.026042 0.046875
0 0.547396 0.952083 0.048958 0.041667
0 0.697396 0.925000 0.046875 0.045833
0 0.339583 0.585417 0.022917 0.037500
0 0.275000 0.248438 0.047917 0.030208
0 0.579167 0.696875 0.025000 0.041667
0 0.136458 0.144271 0.041667 0.032292
0 0.532292 0.678646 0.054167 0.051042
0 0.237500 0.651042 0.033333 0.037500
0 0.190104 0.515104 0.046875 0.038542
0 0.507292 0.763542 0.033333 0.037500
0 0.475000 0.941146 0.039583 0.044792
0 0.924479 0.539583 0.038542 0.033333
0 0.847396 0.597396 0.053125 0.030208
0 0.830208 0.953646 0.041667 0.044792
0 0.316667 0.278125 0.043750 0.033333
0 0.121354 0.154167 0.038542 0.027083
0 0.868229 0.434375 0.034375 0.039583
0 0.801042 0.510938 0.031250 0.044792
0 0.282813 0.917188 0.055208 0.040625
0 0.140625 0.148958 0.033333 0.043750
0 0.801042 0.904167 0.045833 0.045833
0 0.338021 0.437500 0.034375 0.039583
0 0.466667 0.664062 0.027083 0.046875
0 0.371354 0.453646 0.023958 0.040625
0 0.464062 0.290104 0.021875 0.042708
0 0.339062 0.516667 0.053125 0.045833
0 0.613021 0.265104 0.028125 0.046875
0 0.838542 0.267188 0.029167 0.048958
0 0.617188 0.269792 0.053125 0.039583
0 0.876042 0.322396 0.033333 0.048958
0 0.407813 0.256250 0.036458 0.047917
0 0.948958 0.714583 0.037500 0.035417
0 0.128646 0.206771 0.046875 0.023958
0 0.407813 0.352604 0.055208 0.044792
0 0.853646 0.966667 0.028125 0.039583
0 0.902604 0.966667 0.044792 0.037500
0 0.267188 0.728125 0.034375 0.052083
0 0.815625 0.671875 0.039583 0.047917
0 0.376042 0.448437 0.039583 0.026042
0 0.788021 0.295833 0.019792 0.035417
0 0.209896 0.333854 0.044792 0.051042
0 0.925000 0.238542 0.031250 0.050000
0 0.271354 0.696354 0.055208 0.046875
0 0.431771 0.751042 0.021875 0.041667
0 0.672396 0.465625 0.032292 0.043750
0 0.568229 0.085417 0.044792 0.022917
0 0.713021 0.570312 0.028125 0.044792
0 0.782292 0.958854 0.054167 0.048958
0 0.079167 0.773438 0.039583 0.030208
0 0.732812 0.643750 0.034375 0.043750
0 0.970833 0.904687 0.054167 0.042708
0 0.175521 0.218750 0.040625 0.041667
0 0.675000 0.128125 0.045833 0.043750
0 0.925521 0.744792 0.032292 0.039583
0 0.914062 0.450521 0.055208 0.051042
0 0.766146 0.722396 0.042708 0.023958
0 0.180729 0.285938 0.030208 0.048958
0 0.271875 0.451042 0.043750 0.035417
0 0.280729 0.426042 0.026042 0.039583
0 0.315104 0.500000 0.023958 0.043750
0 0.844792 0.333333 0.022917 0.037500
0 0.261979 0.374479 0.040625 0.034375
0 0.472917 0.288542 0.043750 0.022917
0 0.290104 0.279167 0.051042 0.035417
0 0.876563 0.665625 0.038542 0.018750
0 0.878646 0.931250 0.034375 0.047917
0 0.280208 0.860938 0.020833 0.042708
0 0.788021 0.107813 0.046875 0.028125
0 0.172396 0.193750 0.019792 0.039583
0 0.509896 0.673958 0.028125 0.050000
0 0.326562 0.556250 0.046875 0.033333
0 0.269271 0.607292 0.044792 0.052083
0 0.143229 0.149479 0.021875 0.038542
0 0.571354 0.564583 0.053125 0.037500
0 0.721354 0.269792 0.023958 0.037500
0 0.388021 0.182812 0.051042 0.036458
0 0.864583 0.329167 0.045833 0.031250
0 0.229167 0.841146 0.041667 0.055208
0 0.656771 0.755729 0.026042 0.040625
0 0.289583 0.133854 0.025000 0.048958
0 0.539583 0.894271 0.039583 0.023958
0 0.833854 0.768750 0.040625 0.020833
0 0.634375 0.089583 0.045833 0.029167
0 0.317708 0.621354 0.045833 0.036458
0 0.383333 0.175521 0.031250 0.040625
0 0.276042 0.080208 0.041667 0.025000
0 0.865104 0.283854 0.040625 0.051042
0 0.636458 0.251042 0.047917 0.035417
0 0.769271 0.960417 0.046875 0.043750
0 0.376042 0.309375 0.035417 0.052083
0 0.318229 0.745833 0.036458 0.020833
0 0.617708 0.639583 0.045833 0.043750
0 0.894271 0.760938 0.040625 0.026042
0 0.532292 0.801042 0.037500 0.035417
0 0.429167 0.752604 0.027083 0.042708
0 0.202604 0.469792 0.048958 0.050000
0 0.810937 0.471354 0.042708 0.044792
0 0.257812 0.698958 0.038542 0.033333
0 0.725000 0.444792 0.027083 0.037500
0 0.543229 0.362500 0.051042 0.033333
0 0.756771 0.381250 0.032292 0.047917
0 0.130208 0.126562 0.037500 0.038542
0 0.404687 0.500000 0.040625 0.041667
0 0.189062 0.453125 0.040625 0.041667
0 0.196875 0.746354 0.045833 0.038542
0 0.261979 0.186458 0.038542 0.035417
0 0.481771 0.890625 0.038542 0.027083
0 0.193229 0.733333 0.042708 0.025000
0 0.351562 0.505208 0.034375 0.039583
0 0.514062 0.739062 0.044792 0.032292
0 0.356250 0.367188 0.020833 0.038542
0 0.239583 0.423958 0.045833 0.031250
0 0.117708 0.188021 0.029167 0.046875
0 0.903646 0.487500 0.046875 0.045833
0 0.681771 0.350000 0.021875 0.037500
0 0.360417 0.768750 0.033333 0.047917
0 0.873958 0.530729 0.037500 0.044792
0 0.664062 0.673438 0.044792 0.042708
0 0.302083 0.379167 0.027083 0.037500
0 0.351562 0.121354 0.034375 0.046875
0 0.805729 0.599479 0.036458 0.051042
0 0.692187 0.875521 0.048958 0.046875
0 0.797917 0.164062 0.050000 0.038542
0 0.830208 0.304688 0.039583 0.044792
0 0.425521 0.315104 0.040625 0.055208
0 0.827604 0.674479 0.036458 0.040625
0 0.673438 0.669792 0.030208 0.039583
0 0.122917 0.088021 0.031250 0.048958
0 0.756250 0.538542 0.037500 0.025000
0 0.753125 0.171354 0.039583 0.036458
0 0.701562 0.627083 0.026042 0.037500
0 0.319271 0.667708 0.051042 0.050000
0 0.409375 0.909375 0.037500 0.035417
0 0.739062 0.819792 0.042708 0.047917
0 0.318229 0.126562 0.044792 0.030208
0 0.679167 0.938021 0.037500 0.048958
0 0.342708 0.517188 0.037500 0.044792
0 0.106250 0.819792 0.039583 0.025000
0 0.814063 0.251563 0.034375 0.053125
0 0.473958 0.624479 0.029167 0.051042
0 0.234896 0.763542 0.019792 0.035417
0 0.483854 0.271354 0.040625 0.055208
0 0.194271 0.483854 0.038542 0.038542
0 0.884375 0.726042 0.031250 0.045833
0 0.189583 0.271875 0.037500 0.043750
0 0.800521 0.783333 0.044792 0.033333
0 0.773958 0.684375 0.041667 0.037500
0 0.075000 0.900000 0.031250 0.045833
0 0.188021 0.407813 0.036458 0.051042
0 0.074479 0.316146 0.040625 0.038542
0 0.517708 0.220312 0.054167 0.048958
0 0.616146 0.603125 0.034375 0.043750
0 0.657292 0.318750 0.050000 0.047917
0 0.780208 0.764062 0.045833 0.026042
0 0.566146 0.577083 0.048958 0.052083
0 0.826562 0.303125 0.042708 0.020833
0 0.556250 0.620833 0.052083 0.035417
0 0.206250 0.085938 0.033333 0.044792
0 0.280208 0.692708 0.033333 0.037500
0 0.313021 0.283854 0.044792 0.028125
0 0.209375 0.249479 0.020833 0.036458
0 0.489583 0.351562 0.050000 0.044792
0 0.446875 0.779167 0.052083 0.043750
0 0.385937 0.084896 0.023958 0.040625
0 0.522396 0.692708 0.038542 0.047917
0 0.524479 0.220312 0.030208 0.040625
0 0.885417 0.590625 0.035417 0.020833
0 0.820833 0.316146 0.052083 0.034375
0 0.863542 0.133333 0.047917 0.037500
0 0.882812 0.787500 0.048958 0.041667
0 0.310417 0.535937 0.043750 0.042708
0 0.801042 0.697396 0.054167 0.040625
0 0.190104 0.881771 0.023958 0.042708
0 0.261458 0.588542 0.039583 0.052083
0 0.556771 0.710938 0.042708 0.044792
0 0.229167 0.587500 0.035417 0.047917
0 0.346875 0.143750 0.043750 0.037500
0 0.425000 0.351042 0.045833 0.029167