0 0.569792 0.733854 0.054167 0.048958
0 0.327604 0.352083 0.046875 0.045833
0 0.436979 0.156250 0.036458 0.047917
0 0.293229 0.942187 0.055208 0.048958
0 0.863542 0.142708 0.022917 0.037500
0 0.172396 0.508854 0.055208 0.048958
0 0.279167 0.237500 0.029167 0.050000
0 0.185938 0.144792 0.036458 0.022917
0 0.557813 0.627083 0.026042 0.045833
0 0.080729 0.481771 0.040625 0.028125
0 0.416667 0.807292 0.052083 0.047917
0 0.217188 0.394792 0.040625 0.043750
0 0.238542 0.813542 0.025000 0.041667
0 0.412500 0.521875 0.035417 0.043750
0 0.889583 0.656771 0.039583 0.028125
0 0.586458 0.161979 0.050000 0.044792
0 0.200521 0.904167 0.026042 0.039583
0 0.897917 0.172917 0.052083 0.041667
0 0.282292 0.221354 0.039583 0.038542
0 0.773438 0.288021 0.051042 0.040625
0 0.476562 0.211979 0.038542 0.021875
0 0.502083 0.297917 0.033333 0.037500
0 0.645312 0.572396 0.028125 0.040625
0 0.575000 0.366146 0.037500 0.044792
0 0.213542 0.758854 0.045833 0.036458
0 0.307812 0.868229 0.034375 0.046875
0 0.120833 0.948958 0.037500 0.035417
0 0.146875 0.316146 0.054167 0.048958
0 0.227083 0.339583 0.052083 0.047917
0 0.325521 0.536979 0.046875 0.055208
0 0.778125 0.862500 0.043750 0.052083
0 0.797917 0.946875 0.033333 0.037500
0 0.505729 0.934896 0.032292 0.040625
0 0.759896 0.115625 0.021875 0.037500
0 0.867708 0.128125 0.031250 0.037500
0 0.816667 0.601562 0.027083 0.042708
0 0.544271 0.705208 0.042708 0.047917
0 0.439063 0.925521 0.046875 0.048958
0 0.383333 0.666667 0.047917 0.050000
0 0.564583 0.230208 0.045833 0.045833
0 0.082812 0.421875 0.051042 0.050000
0 0.230208 0.316146 0.050000 0.028125
0 0.891146 0.190104 0.028125 0.051042
0 0.575000 0.413542 0.052083 0.047917
0 0.864062 0.507292 0.038542 0.031250
0 0.397396 0.607812 0.032292 0.040625
0 0.165104 0.270833 0.028125 0.050000
0 0.952083 0.747396 0.050000 0.026042
0 0.256771 0.396875 0.021875 0.043750
0 0.118750 0.275000 0.047917 0.050000
0 0.260417 0.428646 0.050000 0.036458
0 0.159896 0.541146 0.051042 0.036458
0 0.283854 0.317188 0.055208 0.036458
0 0.951042 0.778125 0.022917 0.037500
0 0.909896 0.311458 0.038542 0.035417
0 0.256771 0.244271 0.030208 0.044792
0 0.709375 0.893229 0.033333 0.040625
0 0.720833 0.260937 0.037500 0.044792
0 0.591667 0.247396 0.054167 0.040625
0 0.556250 0.725521 0.043750 0.040625
0 0.670312 0.135937 0.040625 0.044792
0 0.469271 0.544792 0.038542 0.027083
0 0.814583 0.143750 0.033333 0.037500
0 0.482292 0.864062 0.033333 0.040625
0 0.500000 0.443229 0.047917 0.044792
0 0.768229 0.690625 0.028125 0.039583
0 0.788542 0.702604 0.027083 0.048958
0 0.730729 0.577083 0.038542 0.047917
0 0.152604 0.606250 0.028125 0.041667
0 0.734375 0.649479 0.054167 0.036458
0 0.769271 0.133854 0.048958 0.034375
0 0.086458 0.080208 0.025000 0.041667
0 0.165104 0.713021 0.051042 0.040625
0 0.084375 0.548958 0.041667 0.039583
0 0.276562 0.497396 0.046875 0.032292
0 0.738542 0.483854 0.037500 0.048958
0 0.128125 0.756771 0.050000 0.053125
0 0.620313 0.255729 0.040625 0.023958
0 0.607292 0.148958 0.035417 0.037500
0 0.473958 0.349479 0.039583 0.023958
0 0.910937 0.082292 0.048958 0.052083
0 0.304167 0.943750 0.041667 0.031250
0 0.934375 0.921875 0.052083 0.045833
0 0.696354 0.497396 0.032292 0.040625
0 0.879167 0.143750 0.041667 0.029167
0 0.853646 0.585938 0.030208 0.044792
0 0.429688 0.567708 0.028125 0.043750
0 0.103646 0.558854 0.021875 0.044792
0 0.918750 0.450000 0.035417 0.037500
0 0.591667 0.351562 0.022917 0.038542
0 0.188021 0.698438 0.055208 0.048958
0 0.961458 0.664062 0.054167 0.048958
0 0.526042 0.617188 0.020833 0.038542
0 0.738542 0.265104 0.045833 0.032292
0 0.485417 0.207292 0.035417 0.043750
0 0.330208 0.736979 0.037500 0.038542
0 0.417708 0.597917 0.022917 0.043750
0 0.327083 0.489063 0.020833 0.040625
0 0.311458 0.075521 0.054167 0.038542
0 0.731771 0.184375 0.021875 0.037500
0 0.421354 0.622396 0.026042 0.044792
0 0.541146 0.177083 0.053125 0.047917
0 0.926042 0.133854 0.039583 0.044792
0 0.095833 0.314583 0.052083 0.043750
0 0.957292 0.168229 0.043750 0.042708
0 0.098437 0.693229 0.034375 0.053125
0 0.590625 0.084896 0.050000 0.042708
0 0.147396 0.345313 0.026042 0.046875
0 0.558333 0.681771 0.025000 0.042708
0 0.480208 0.525000 0.039583 0.041667
0 0.705729 0.266667 0.038542 0.035417
0 0.282813 0.331250 0.051042 0.050000
0 0.734375 0.586458 0.037500 0.031250
0 0.322917 0.761458 0.037500 0.043750
0 0.951042 0.309896 0.041667 0.023958
0 0.942708 0.413021 0.043750 0.030208
0 0.912500 0.751042 0.043750 0.052083
0 0.304688 0.822396 0.051042 0.042708
0 0.321354 0.192708 0.028125 0.043750
0 0.643229 0.918229 0.038542 0.046875
0 0.723958 0.610938 0.050000 0.034375
0 0.271875 0.316146 0.031250 0.051042
0 0.758854 0.757812 0.055208 0.042708
0 0.882812 0.470313 0.028125 0.051042
0 0.454688 0.469792 0.030208 0.039583
0 0.548958 0.905208 0.039583 0.020833
0 0.189583 0.758333 0.037500 0.041667
0 0.103646 0.703125 0.038542 0.043750
0 0.531250 0.304688 0.025000 0.046875
0 0.955208 0.936979 0.039583 0.030208
0 0.302083 0.830729 0.039583 0.048958
0 0.375521 0.169271 0.036458 0.051042
0 0.180208 0.618750 0.041667 0.025000
0 0.783333 0.214583 0.027083 0.041667
0 0.227083 0.452083 0.045833 0.029167
0 0.749479 0.170833 0.046875 0.031250
0 0.855208 0.909375 0.025000 0.037500
0 0.265104 0.300521 0.030208 0.051042
0 0.172917 0.716146 0.047917 0.053125
0 0.072917 0.200521 0.029167 0.040625
0 0.131250 0.122396 0.022917 0.044792
0 0.440104 0.755729 0.038542 0.051042
0 0.685417 0.615104 0.039583 0.038542
0 0.704688 0.864583 0.053125 0.039583
0 0.825521 0.891146 0.038542 0.051042
0 0.483854 0.070833 0.038542 0.029167
0 0.600000 0.758333 0.037500 0.029167
0 0.516667 0.408854 0.054167 0.044792
0 0.561458 0.486458 0.037500 0.029167
0 0.467708 0.418750 0.025000 0.043750
0 0.413542 0.321354 0.043750 0.055208
0 0.466667 0.813021 0.041667 0.021875
0 0.823958 0.601562 0.045833 0.032292
0 0.899479 0.652083 0.048958 0.052083
0 0.472396 0.718750 0.051042 0.033333
0 0.779167 0.362500 0.027083 0.047917
0 0.865625 0.794271 0.050000 0.053125
0 0.371354 0.816146 0.042708 0.051042
0 0.084896 0.360938 0.044792 0.048958
0 0.543750 0.326562 0.029167 0.051042
0 0.430208 0.952083 0.043750 0.052083
0 0.830208 0.151562 0.035417 0.048958
0 0.448958 0.406250 0.039583 0.041667
0 0.132812 0.835938 0.051042 0.042708
0 0.727604 0.643229 0.032292 0.053125
0 0.669792 0.964063 0.022917 0.040625
0 0.481771 0.363542 0.042708 0.054167
0 0.500000 0.262500 0.029167 0.041667
0 0.896875 0.280729 0.045833 0.032292
0 0.785417 0.253646 0.045833 0.023958
0 0.863542 0.970313 0.025000 0.044792
0 0.775521 0.390104 0.036458 0.040625
0 0.390625 0.171875 0.031250 0.037500
0 0.372396 0.243229 0.040625 0.023958
0 0.694792 0.513021 0.039583 0.023958
0 0.471875 0.695312 0.033333 0.040625
0 0.388542 0.635938 0.031250 0.051042
0 0.072917 0.517708 0.025000 0.037500
0 0.191667 0.805729 0.045833 0.055208
0 0.388542 0.826042 0.047917 0.041667
0 0.926042 0.413542 0.043750 0.045833
0 0.457292 0.499479 0.043750 0.026042
0 0.640625 0.704167 0.041667 0.025000
0 0.743750 0.545312 0.039583 0.048958
0 0.689063 0.078125 0.053125 0.039583
0 0.801042 0.897396 0.029167 0.044792
0 0.335938 0.785417 0.034375 0.043750
0 0.304688 0.128646 0.038542 0.040625
0 0.647396 0.246875 0.026042 0.045833
0 0.329167 0.658854 0.045833 0.026042
0 0.506250 0.672917 0.045833 0.043750
0 0.795312 0.730208 0.048958 0.039583
0 0.134896 0.657292 0.048958 0.041667
0 0.251563 0.463021 0.042708 0.044792
0 0.683854 0.631771 0.040625 0.051042
0 0.618750 0.422917 0.033333 0.037500
0 0.764062 0.393229 0.026042 0.040625
0 0.893750 0.746354 0.025000 0.046875
0 0.251042 0.436979 0.043750 0.030208
0 0.439583 0.301042 0.043750 0.035417
0 0.958854 0.626563 0.040625 0.026042
0 0.684896 0.448958 0.034375 0.043750
0 0.281250 0.925521 0.041667 0.055208
0 0.640625 0.229167 0.052083 0.043750
0 0.911979 0.113021 0.040625 0.036458
0 0.418750 0.266146 0.052083 0.053125
0 0.077604 0.067708 0.038542 0.031250
0 0.544792 0.582292 0.045833 0.052083
0 0.329688 0.692187 0.038542 0.040625
0 0.831771 0.883854 0.023958 0.042708
0 0.961458 0.399479 0.035417 0.040625
0 0.331771 0.502604 0.046875 0.023958
0 0.373437 0.272917 0.023958 0.041667
0 0.557813 0.215104 0.046875 0.048958
0 0.856771 0.267188 0.038542 0.046875
0 0.913542 0.543229 0.043750 0.055208
0 0.162500 0.675000 0.043750 0.045833
0 0.950000 0.097396 0.039583 0.026042
0 0.740625 0.681250 0.050000 0.047917
0 0.301563 0.795833 0.053125 0.043750
0 0.934375 0.512500 0.045833 0.031250
0 0.120833 0.231771 0.052083 0.051042
0 0.127083 0.790104 0.047917 0.046875
0 0.705729 0.298958 0.038542 0.052083
0 0.768229 0.586979 0.040625 0.036458
0 0.159896 0.782813 0.044792 0.055208
0 0.377604 0.581250 0.038542 0.025000
0 0.704167 0.420833 0.041667 0.039583
0 0.273958 0.396875 0.029167 0.045833
0 0.893750 0.403125 0.037500 0.022917
0 0.184896 0.817187 0.042708 0.044792
0 0.258333 0.607292 0.043750 0.052083
0 0.609896 0.332292 0.038542 0.027083
0 0.949479 0.916146 0.046875 0.036458
0 0.418229 0.251042 0.036458 0.037500
0 0.359375 0.665625 0.035417 0.043750
0 0.481250 0.596354 0.037500 0.019792
0 0.562500 0.705208 0.047917 0.025000
0 0.314063 0.356250 0.044792 0.047917
0 0.806771 0.346354 0.017708 0.036458
0 0.936458 0.948438 0.054167 0.040625
0 0.713542 0.956250 0.025000 0.043750
0 0.308333 0.747917 0.047917 0.039583
0 0.603125 0.743750 0.027083 0.047917
0 0.520312 0.076563 0.036458 0.040625
0 0.420833 0.606771 0.043750 0.042708
0 0.668229 0.884896 0.055208 0.036458
0 0.835938 0.373958 0.034375 0.037500
0 0.497917 0.852604 0.033333 0.053125
0 0.777083 0.716667 0.045833 0.033333
0 0.947396 0.683854 0.040625 0.034375
0 0.605729 0.856771 0.038542 0.040625
0 0.487500 0.685417 0.037500 0.022917
0 0.786979 0.855208 0.044792 0.033333
0 0.354167 0.402604 0.039583 0.026042
0 0.930208 0.948438 0.045833 0.038542
0 0.301042 0.185417 0.052083 0.037500
0 0.858333 0.538021 0.035417 0.040625
0 0.503125 0.077604 0.041667 0.044792
0 0.320833 0.285938 0.054167 0.040625
0 0.430208 0.712500 0.031250 0.037500
0 0.645312 0.476042 0.032292 0.043750
0 0.960417 0.204687 0.035417 0.040625
0 0.329688 0.428646 0.044792 0.032292
0 0.398958 0.203125 0.037500 0.033333
0 0.879167 0.296875 0.043750 0.033333
0 0.613542 0.850000 0.039583 0.047917
0 0.950000 0.729167 0.037500 0.025000
0 0.448437 0.520312 0.044792 0.042708
0 0.797396 0.593750 0.053125 0.037500
0 0.691667 0.935937 0.027083 0.048958
0 0.788542 0.836458 0.043750 0.033333
0 0.252604 0.117188 0.040625 0.051042
0 0.531250 0.213021 0.037500 0.019792
0 0.886979 0.172917 0.038542 0.027083
0 0.239583 0.882812 0.039583 0.030208
0 0.752604 0.831250 0.036458 0.037500
0 0.794271 0.200000 0.048958 0.039583
0 0.205729 0.807813 0.034375 0.046875
0 0.965104 0.263542 0.036458 0.018750
0 0.788021 0.732812 0.051042 0.034375
0 0.743229 0.945833 0.051042 0.050000
0 0.213021 0.471875 0.032292 0.039583
0 0.590625 0.564063 0.035417 0.040625
0 0.333333 0.455729 0.037500 0.044792
0 0.945312 0.521354 0.046875 0.026042
0 0.600000 0.107292 0.045833 0.031250
0 0.783854 0.100000 0.053125 0.041667
0 0.239063 0.797396 0.038542 0.046875
0 0.615104 0.242188 0.038542 0.055208
0 0.179167 0.221875 0.045833 0.029167
0 0.600521 0.863021 0.021875 0.038542
0 0.529687 0.265625 0.038542 0.035417
0 0.730208 0.270833 0.037500 0.031250
0 0.616146 0.761458 0.044792 0.025000
0 0.435937 0.107813 0.028125 0.040625
0 0.823958 0.368750 0.035417 0.037500
0 0.614062 0.723958 0.046875 0.029167
0 0.418229 0.890104 0.055208 0.044792
0 0.344792 0.592187 0.029167 0.040625
0 0.330208 0.436979 0.045833 0.055208
0 0.939583 0.682292 0.041667 0.039583
0 0.272396 0.390104 0.055208 0.040625
0 0.188021 0.242708 0.026042 0.045833
0 0.116667 0.164583 0.035417 0.052083
0 0.284375 0.103125 0.035417 0.020833
0 0.819792 0.962500 0.022917 0.037500
0 0.394792 0.512500 0.035417 0.035417
0 0.316667 0.234896 0.033333 0.044792
0 0.909375 0.845313 0.037500 0.038542
0 0.173958 0.345833 0.045833 0.043750
0 0.639583 0.152604 0.043750 0.030208
0 0.938021 0.802083 0.036458 0.037500
0 0.364063 0.796875 0.042708 0.037500
0 0.475521 0.870313 0.051042 0.040625
0 0.302604 0.773438 0.051042 0.044792
0 0.422917 0.938542 0.035417 0.052083
0 0.389062 0.674479 0.038542 0.019792
0 0.325521 0.722917 0.051042 0.029167
0 0.191146 0.811979 0.044792 0.048958
0 0.796875 0.795833 0.037500 0.047917
0 0.609896 0.331250 0.023958 0.037500
0 0.450000 0.285938 0.029167 0.040625
0 0.735417 0.450000 0.039583 0.020833
0 0.423438 0.441146 0.023958 0.046875
0 0.878125 0.566667 0.041667 0.031250
0 0.804167 0.303646 0.029167 0.051042
0 0.180729 0.430729 0.042708 0.055208
0 0.434375 0.073438 0.043750 0.042708
0 0.656771 0.416146 0.040625 0.051042
0 0.602604 0.190625 0.040625 0.025000
0 0.107813 0.647396 0.040625 0.051042
0 0.354167 0.789583 0.029167 0.037500
0 0.130208 0.366667 0.029167 0.050000
0 0.800521 0.214062 0.040625 0.038542
0 0.126042 0.379688 0.025000 0.038542
0 0.198958 0.223438 0.047917 0.028125
0 0.751042 0.341667 0.025000 0.037500
0 0.840625 0.485938 0.043750 0.028125
0 0.129688 0.292708 0.051042 0.050000
0 0.871875 0.269792 0.033333 0.047917
0 0.418750 0.082292 0.043750 0.027083
0 0.398438 0.390104 0.038542 0.040625
0 0.954688 0.875521 0.028125 0.040625
0 0.442188 0.669792 0.046875 0.029167
0 0.609896 0.435937 0.046875 0.032292
0 0.707812 0.197917 0.028125 0.039583
0 0.263021 0.346354 0.044792 0.028125
0 0.909375 0.434896 0.039583 0.044792
0 0.881771 0.556250 0.032292 0.039583
0 0.362500 0.618750 0.025000 0.047917
0 0.246354 0.150000 0.038542 0.033333
0 0.457292 0.771354 0.050000 0.040625
0 0.398958 0.292708 0.039583 0.041667
0 0.801042 0.539583 0.035417 0.037500
0 0.081771 0.786979 0.046875 0.034375
0 0.182812 0.596354 0.040625 0.032292
0 0.253125 0.319271 0.041667 0.023958
0 0.949479 0.906771 0.042708 0.051042
0 0.825000 0.145313 0.037500 0.038542
0 0.890625 0.157292 0.052083 0.043750
0 0.751042 0.889583 0.052083 0.035417
0 0.325521 0.957812 0.048958 0.044792
0 0.834896 0.647917 0.046875 0.029167
0 0.443750 0.114062 0.039583 0.030208
0 0.464583 0.491667 0.018750 0.035417
0 0.234375 0.411979 0.037500 0.021875
0 0.442188 0.365104 0.023958 0.042708
0 0.856771 0.769792 0.044792 0.047917
0 0.584896 0.128125 0.051042 0.050000
0 0.194271 0.854688 0.032292 0.046875
0 0.880729 0.760417 0.048958 0.041667
0 0.129688 0.644271 0.053125 0.051042
0 0.423438 0.695833 0.038542 0.031250
0 0.347917 0.374479 0.039583 0.028125
0 0.543229 0.240104 0.053125 0.051042
0 0.432812 0.605208 0.053125 0.045833
0 0.551562 0.619271 0.023958 0.046875
0 0.660937 0.085417 0.038542 0.027083
0 0.921875 0.191146 0.035417 0.048958
0 0.711458 0.885938 0.047917 0.046875
0 0.422396 0.170833 0.048958 0.037500
0 0.568229 0.668750 0.030208 0.050000
0 0.781250 0.466146 0.039583 0.019792
0 0.214062 0.163542 0.038542 0.033333
0 0.361458 0.249479 0.029167 0.044792
0 0.529687 0.786979 0.026042 0.040625
0 0.669271 0.652083 0.051042 0.029167
0 0.080208 0.957812 0.039583 0.028125
0 0.427083 0.245312 0.045833 0.048958
0 0.106771 0.796354 0.030208 0.040625
0 0.473958 0.876042 0.029167 0.041667
0 0.673438 0.502083 0.038542 0.033333
0 0.124479 0.250521 0.021875 0.038542
0 0.237500 0.549479 0.052083 0.030208
0 0.529167 0.181771 0.037500 0.044792
0 0.535937 0.388542 0.051042 0.033333
0 0.809375 0.559375 0.029167 0.037500
0 0.773958 0.406771 0.029167 0.051042
0 0.697917 0.229167 0.037500 0.047917
0 0.242188 0.311979 0.023958 0.042708
0 0.512500 0.925521 0.027083 0.048958
0 0.438542 0.140104 0.043750 0.042708
0 0.675000 0.121354 0.039583 0.032292
0 0.489063 0.185417 0.046875 0.031250
0 0.456250 0.547917 0.035417 0.043750
0 0.130208 0.559375 0.045833 0.027083
0 0.760417 0.439063 0.022917 0.046875
0 0.677604 0.644271 0.051042 0.042708
0 0.088021 0.430729 0.051042 0.040625
0 0.817708 0.351042 0.047917 0.052083
0 0.142187 0.115104 0.040625 0.034375
0 0.643750 0.810417 0.035417 0.043750
0 0.643229 0.127083 0.044792 0.054167
0 0.342708 0.626563 0.050000 0.053125
0 0.559375 0.827083 0.047917 0.037500
0 0.170313 0.258333 0.034375 0.047917
0 0.339583 0.412500 0.037500 0.025000
0 0.890104 0.716667 0.032292 0.047917
0 0.841146 0.158333 0.038542 0.033333
0 0.233854 0.540104 0.051042 0.053125
0 0.335417 0.100000 0.037500 0.025000
0 0.552604 0.398438 0.038542 0.046875
0 0.381250 0.420312 0.033333 0.053125
0 0.637500 0.197917 0.041667 0.031250
0 0.609375 0.868229 0.050000 0.038542
0 0.875000 0.376563 0.052083 0.030208
0 0.121354 0.179688 0.048958 0.046875
0 0.291146 0.453125 0.046875 0.043750
0 0.344792 0.597396 0.027083 0.048958
0 0.316146 0.555208 0.032292 0.043750
0 0.790625 0.718750 0.052083 0.045833
0 0.923958 0.618750 0.052083 0.043750
0 0.570833 0.311979 0.041667 0.021875
0 0.642708 0.659375 0.037500 0.035417
0 0.101042 0.941146 0.043750 0.042708
0 0.425000 0.519792 0.020833 0.035417
0 0.125521 0.386979 0.030208 0.044792
0 0.271875 0.202604 0.033333 0.040625
0 0.429688 0.505208 0.028125 0.041667
0 0.594792 0.608333 0.025000 0.037500
0 0.086458 0.104688 0.029167 0.046875
0 0.915625 0.347917 0.041667 0.025000
0 0.931771 0.171875 0.038542 0.031250
0 0.311979 0.108854 0.032292 0.053125
0 0.490625 0.540104 0.039583 0.038542
0 0.268229 0.871875 0.023958 0.037500
0 0.169271 0.617188 0.044792 0.028125
0 0.195833 0.653646 0.039583 0.030208
0 0.553125 0.590625 0.039583 0.041667
0 0.822917 0.203646 0.039583 0.036458
0 0.582812 0.825521 0.028125 0.051042
0 0.478646 0.476042 0.040625 0.041667
0 0.914583 0.584896 0.045833 0.040625
0 0.875521 0.202604 0.034375 0.046875
0 0.670312 0.183333 0.053125 0.039583
0 0.624479 0.361458 0.042708 0.054167
0 0.314583 0.756250 0.025000 0.037500
0 0.688021 0.580729 0.046875 0.048958
0 0.487500 0.922917 0.043750 0.035417
0 0.179688 0.859896 0.044792 0.021875
0 0.089063 0.456250 0.046875 0.052083
0 0.280729 0.773438 0.040625 0.051042
0 0.394792 0.922396 0.039583 0.030208
0 0.841146 0.852083 0.028125 0.043750
0 0.475000 0.764583 0.037500 0.031250
0 0.930729 0.734375 0.032292 0.039583
0 0.569271 0.109896 0.040625 0.034375
0 0.819792 0.294271 0.050000 0.040625
0 0.654167 0.149479 0.043750 0.042708
0 0.075521 0.256771 0.038542 0.021875
0 0.109896 0.532813 0.046875 0.048958
0 0.121875 0.767188 0.027083 0.042708
0 0.815104 0.222396 0.026042 0.040625
0 0.128125 0.754167 0.022917 0.037500
0 0.592187 0.495312 0.046875 0.040625
0 0.745833 0.373437 0.045833 0.048958
0 0.232292 0.838542 0.052083 0.043750
0 0.456771 0.528125 0.028125 0.041667
0 0.869271 0.312500 0.046875 0.027083
0 0.413542 0.083333 0.043750 0.035417
0 0.083333 0.220833 0.047917 0.041667
0 0.365104 0.860417 0.021875 0.037500
0 0.886979 0.631771 0.044792 0.030208
0 0.795833 0.956771 0.045833 0.038542
0 0.271875 0.147917 0.039583 0.022917
0 0.683854 0.518750 0.042708 0.031250
0 0.493750 0.180208 0.041667 0.031250
0 0.955208 0.082292 0.043750 0.022917
0 0.958854 0.755208 0.032292 0.043750
0 0.511458 0.761979 0.033333 0.048958
0 0.643229 0.476042 0.021875 0.037500
0 0.469271 0.746354 0.055208 0.038542
0 0.460417 0.797396 0.045833 0.036458
0 0.484375 0.096875 0.031250 0.050000
0 0.819271 0.895833 0.036458 0.018750
0 0.695833 0.175000 0.041667 0.039583
0 0.793750 0.541146 0.031250 0.053125
0 0.830208 0.626042 0.047917 0.033333
0 0.830208 0.550521 0.039583 0.038542
0 0.473958 0.267188 0.043750 0.042708
0 0.294271 0.340625 0.044792 0.047917
0 0.923958 0.909896 0.033333 0.048958
0 0.663542 0.947917 0.031250 0.050000
0 0.585938 0.160417 0.042708 0.039583
0 0.896875 0.626042 0.037500 0.035417
0 0.251563 0.555208 0.038542 0.027083
0 0.893750 0.472917 0.039583 0.052083
0 0.900521 0.703646 0.048958 0.034375
0 0.274479 0.557292 0.026042 0.039583
0 0.408333 0.907292 0.052083 0.043750
0 0.581250 0.934375 0.037500 0.041667
0 0.239063 0.184375 0.048958 0.039583
0 0.085938 0.804688 0.055208 0.036458
0 0.568750 0.805729 0.043750 0.055208
0 0.551562 0.955729 0.042708 0.051042
0 0.386979 0.709896 0.055208 0.046875
0 0.648438 0.918750 0.042708 0.047917
0 0.752604 0.257812 0.036458 0.040625
0 0.545312 0.740625 0.032292 0.043750
0 0.806771 0.655208 0.051042 0.050000
0 0.430208 0.358333 0.045833 0.045833
0 0.175521 0.462500 0.044792 0.052083
0 0.241146 0.319792 0.053125 0.043750
0 0.310417 0.914062 0.050000 0.036458
0 0.359375 0.087500 0.033333 0.050000
0 0.781250 0.153646 0.045833 0.038542
0 0.784375 0.786979 0.039583 0.044792
0 0.170313 0.588542 0.053125 0.043750
0 0.092188 0.928125 0.048958 0.041667
0 0.743750 0.529687 0.025000 0.048958
0 0.624479 0.429688 0.034375 0.040625
0 0.763542 0.378125 0.052083 0.039583
0 0.145313 0.376563 0.040625 0.036458
0 0.295833 0.755208 0.035417 0.018750
0 0.117188 0.481250 0.023958 0.045833
0 0.325000 0.640625 0.033333 0.043750
0 0.925000 0.409375 0.041667 0.039583
0 0.210417 0.247396 0.050000 0.040625
0 0.246875 0.164062 0.037500 0.038542
0 0.486979 0.489583 0.038542 0.035417
0 0.526563 0.587500 0.030208 0.047917
0 0.896354 0.382292 0.036458 0.020833
0 0.769792 0.636979 0.050000 0.042708
0 0.634896 0.109896 0.042708 0.044792
0 0.273438 0.191667 0.034375 0.043750
0 0.681250 0.937500 0.029167 0.041667
0 0.423958 0.541667 0.039583 0.041667
0 0.695312 0.416667 0.038542 0.029167
0 0.693229 0.548958 0.032292 0.039583
0 0.237500 0.630208 0.029167 0.037500
0 0.267708 0.903125 0.037500 0.033333
0 0.269271 0.657813 0.051042 0.053125
0 0.847396 0.584375 0.036458 0.037500
0 0.552083 0.092708 0.041667 0.025000
0 0.848437 0.275521 0.053125 0.032292
0 0.560417 0.489063 0.050000 0.028125
0 0.147917 0.575521 0.043750 0.048958
0 0.546354 0.533854 0.032292 0.044792
0 0.564583 0.472917 0.025000 0.043750
0 0.895312 0.936979 0.055208 0.046875
0 0.162500 0.650521 0.031250 0.044792
0 0.948438 0.282813 0.038542 0.046875
0 0.073438 0.578646 0.019792 0.038542
0 0.770312 0.628646 0.055208 0.038542
0 0.428646 0.554167 0.026042 0.041667
0 0.065625 0.782292 0.022917 0.039583
0 0.091667 0.482812 0.043750 0.042708
0 0.888021 0.248438 0.053125 0.051042
0 0.526563 0.880208 0.048958 0.027083
0 0.252604 0.460938 0.032292 0.040625
0 0.103125 0.666667 0.035417 0.020833
0 0.881250 0.461979 0.025000 0.038542
0 0.731250 0.183333 0.037500 0.029167
0 0.670312 0.216667 0.042708 0.047917
0 0.660937 0.600000 0.048958 0.039583
0 0.770833 0.316146 0.039583 0.053125
0 0.813542 0.466667 0.031250 0.037500
0 0.293750 0.282292 0.037500 0.033333
0 0.454688 0.618750 0.038542 0.035417
0 0.928125 0.267188 0.027083 0.040625
0 0.548438 0.882812 0.026042 0.051042
0 0.477604 0.819792 0.044792 0.054167
0 0.839583 0.872396 0.033333 0.044792
0 0.249479 0.614583 0.038542 0.033333
0 0.454167 0.382292 0.029167 0.045833
0 0.527604 0.082292 0.048958 0.037500
0 0.875000 0.599479 0.039583 0.034375
0 0.388021 0.430729 0.040625 0.044792
0 0.388021 0.928125 0.034375 0.052083
0 0.304167 0.773958 0.027083 0.047917
0 0.568750 0.275521 0.043750 0.040625
0 0.569792 0.067708 0.039583 0.020833
0 0.306250 0.809896 0.045833 0.032292
0 0.353646 0.701042 0.028125 0.045833
0 0.181771 0.333333 0.042708 0.031250
0 0.239583 0.669271 0.035417 0.044792
0 0.344271 0.791667 0.048958 0.037500
0 0.106250 0.836979 0.037500 0.048958
0 0.083333 0.742188 0.039583 0.038542
0 0.529167 0.398958 0.050000 0.050000
0 0.773958 0.492188 0.050000 0.042708
0 0.569792 0.554167 0.037500 0.027083
0 0.423438 0.840625 0.051042 0.029167
0 0.280208 0.953125 0.031250 0.043750
0 0.683333 0.968229 0.047917 0.053125
0 0.255729 0.330208 0.038542 0.025000
0 0.527604 0.832292 0.040625 0.054167
0 0.204687 0.437500 0.036458 0.020833
0 0.963542 0.560937 0.054167 0.044792
0 0.555729 0.151562 0.038542 0.019792
0 0.661458 0.804688 0.039583 0.023958
0 0.147396 0.750000 0.042708 0.037500
0 0.153646 0.204687 0.040625 0.036458
0 0.231771 0.193229 0.044792 0.042708
0 0.945312 0.694271 0.038542 0.051042
0 0.122396 0.939583 0.036458 0.020833
0 0.678125 0.446875 0.022917 0.037500
0 0.300000 0.360417 0.050000 0.029167
0 0.605208 0.904167 0.041667 0.031250
0 0.401042 0.564063 0.047917 0.030208
0 0.083854 0.359375 0.042708 0.047917
0 0.210938 0.353125 0.038542 0.052083
0 0.191667 0.196354 0.035417 0.040625
0 0.532813 0.304688 0.040625 0.028125
0 0.160417 0.148438 0.029167 0.046875
0 0.777083 0.397396 0.041667 0.021875
0 0.893229 0.615104 0.042708 0.044792
0 0.758854 0.191667 0.030208 0.039583
0 0.596354 0.370833 0.042708 0.047917
0 0.351042 0.569271 0.054167 0.044792
0 0.860417 0.073438 0.039583 0.034375
0 0.750000 0.360938 0.037500 0.040625