0 0.741667 0.416146 0.045833 0.048958
0 0.937500 0.901042 0.031250 0.041667
0 0.597917 0.716667 0.033333 0.037500
0 0.262500 0.355729 0.037500 0.053125
0 0.370833 0.815104 0.039583 0.032292
0 0.488542 0.881771 0.033333 0.040625
0 0.960417 0.396875 0.037500 0.043750
0 0.128646 0.842187 0.044792 0.051042
0 0.277604 0.944792 0.032292 0.039583
0 0.529167 0.932813 0.033333 0.040625
0 0.112500 0.297396 0.031250 0.040625
0 0.831771 0.183854 0.023958 0.046875
0 0.074479 0.483854 0.036458 0.046875
0 0.816146 0.212500 0.046875 0.043750
0 0.245312 0.461458 0.053125 0.043750
0 0.620833 0.148958 0.035417 0.020833
0 0.903125 0.078125 0.025000 0.037500
0 0.860938 0.723958 0.040625 0.047917
0 0.379688 0.342708 0.040625 0.022917
0 0.291667 0.122917 0.047917 0.033333
0 0.089063 0.520312 0.053125 0.051042
0 0.578646 0.514062 0.044792 0.026042
0 0.942708 0.168750 0.052083 0.045833
0 0.634375 0.154167 0.037500 0.027083
0 0.318229 0.421875 0.042708 0.033333
0 0.593229 0.084896 0.034375 0.040625
0 0.218229 0.667708 0.040625 0.041667
0 0.228125 0.373437 0.050000 0.053125
0 0.416667 0.790104 0.027083 0.046875
0 0.145313 0.528646 0.030208 0.040625
0 0.492708 0.555208 0.039583 0.041667
0 0.779687 0.956771 0.040625 0.023958
0 0.855729 0.077083 0.026042 0.039583
0 0.405208 0.438021 0.039583 0.036458
0 0.660417 0.080208 0.037500 0.031250
0 0.759375 0.308854 0.047917 0.028125
0 0.934896 0.291146 0.055208 0.048958
0 0.290104 0.808854 0.044792 0.042708
0 0.226042 0.577604 0.027083 0.046875
0 0.475521 0.196875 0.038542 0.035417
0 0.768750 0.513021 0.039583 0.036458
0 0.868229 0.610417 0.042708 0.020833
0 0.121354 0.205208 0.048958 0.027083
0 0.668229 0.669271 0.032292 0.048958
0 0.708333 0.689063 0.050000 0.040625
0 0.592708 0.941667 0.037500 0.047917
0 0.880729 0.586458 0.048958 0.050000
0 0.352604 0.814063 0.051042 0.042708
0 0.470313 0.732292 0.044792 0.045833
0 0.360938 0.579688 0.048958 0.032292
0 0.328646 0.828125 0.026042 0.041667
0 0.789062 0.875521 0.048958 0.055208
0 0.905208 0.473438 0.043750 0.040625
0 0.366667 0.150000 0.037500 0.027083
0 0.169792 0.546354 0.039583 0.023958
0 0.446354 0.665104 0.036458 0.046875
0 0.102604 0.943750 0.053125 0.041667
0 0.785417 0.492188 0.039583 0.034375
0 0.897917 0.768229 0.039583 0.044792
0 0.932292 0.606771 0.037500 0.044792
0 0.134375 0.502604 0.020833 0.038542
0 0.130729 0.953646 0.038542 0.040625
0 0.404687 0.484375 0.044792 0.035417
0 0.792708 0.549479 0.041667 0.032292
0 0.645833 0.738542 0.041667 0.047917
0 0.893229 0.824479 0.044792 0.042708
0 0.963542 0.479167 0.047917 0.033333
0 0.746354 0.754687 0.030208 0.040625
0 0.536458 0.113021 0.020833 0.040625
0 0.421875 0.138021 0.025000 0.042708
0 0.355208 0.400521 0.045833 0.040625
0 0.654167 0.307812 0.043750 0.040625
0 0.369271 0.317708 0.034375 0.047917
0 0.247396 0.141146 0.048958 0.046875
0 0.462500 0.570833 0.035417 0.052083
0 0.567187 0.121875 0.038542 0.035417
0 0.601042 0.083854 0.041667 0.021875
0 0.494271 0.077604 0.051042 0.034375
0 0.197917 0.161458 0.041667 0.037500
0 0.220312 0.929688 0.038542 0.046875
0 0.179167 0.922396 0.050000 0.036458
0 0.418750 0.497396 0.037500 0.053125
0 0.609375 0.168750 0.027083 0.043750
0 0.870313 0.238542 0.040625 0.041667
0 0.268750 0.927083 0.039583 0.047917
0 0.819792 0.970833 0.043750 0.045833
0 0.288021 0.526042 0.046875 0.052083
0 0.795833 0.668750 0.041667 0.029167
0 0.249479 0.146875 0.053125 0.043750
0 0.370833 0.330729 0.043750 0.030208
0 0.407292 0.116667 0.033333 0.037500
0 0.708333 0.438542 0.050000 0.031250
0 0.443750 0.133333 0.037500 0.031250
0 0.344792 0.766146 0.025000 0.038542
0 0.639062 0.507292 0.023958 0.037500
0 0.692708 0.231771 0.037500 0.044792
0 0.877604 0.588542 0.042708 0.029167
0 0.615104 0.143750 0.036458 0.020833
0 0.227604 0.127604 0.040625 0.032292
0 0.129688 0.221875 0.040625 0.054167
0 0.153646 0.808854 0.040625 0.026042
0 0.391146 0.799479 0.055208 0.036458
0 0.926042 0.825000 0.037500 0.027083
0 0.296354 0.576562 0.032292 0.044792
0 0.736458 0.545833 0.052083 0.043750
0 0.835417 0.402083 0.052083 0.047917
0 0.567708 0.352604 0.045833 0.036458
0 0.836979 0.324479 0.048958 0.030208
0 0.109896 0.459896 0.040625 0.032292
0 0.653646 0.211979 0.048958 0.055208
0 0.086458 0.584375 0.041667 0.025000
0 0.251042 0.915104 0.041667 0.055208
0 0.117188 0.448958 0.038542 0.043750
0 0.299479 0.573958 0.046875 0.033333
0 0.741146 0.528646 0.055208 0.051042
0 0.166667 0.078646 0.054167 0.044792
0 0.151562 0.388542 0.048958 0.050000
0 0.806250 0.215104 0.050000 0.036458
0 0.608854 0.717708 0.048958 0.052083
0 0.626042 0.785417 0.045833 0.045833
0 0.477083 0.584375 0.033333 0.037500
0 0.508333 0.110417 0.047917 0.027083
0 0.209375 0.109375 0.031250 0.050000
0 0.770312 0.114583 0.034375 0.047917
0 0.413542 0.253646 0.043750 0.030208
0 0.584375 0.089583 0.029167 0.041667
0 0.872396 0.497396 0.051042 0.038542
0 0.162500 0.675521 0.029167 0.044792
0 0.765625 0.946354 0.039583 0.034375
0 0.781250 0.467708 0.027083 0.041667
0 0.607292 0.086458 0.045833 0.043750
0 0.609375 0.599479 0.039583 0.028125
0 0.522396 0.529687 0.055208 0.046875
0 0.844792 0.584375 0.037500 0.035417
0 0.620833 0.652604 0.039583 0.030208
0 0.432812 0.876563 0.030208 0.040625
0 0.694271 0.474479 0.055208 0.040625
0 0.281771 0.110937 0.042708 0.051042
0 0.935417 0.629167 0.047917 0.037500
0 0.123958 0.847917 0.041667 0.029167
0 0.125521 0.683333 0.021875 0.037500
0 0.743750 0.428646 0.041667 0.042708
0 0.630208 0.386458 0.035417 0.043750
0 0.878646 0.101042 0.026042 0.037500
0 0.220833 0.755208 0.031250 0.050000
0 0.687500 0.600521 0.037500 0.044792
0 0.459375 0.894271 0.043750 0.055208
0 0.421354 0.541667 0.026042 0.045833
0 0.536979 0.215625 0.034375 0.043750
0 0.260417 0.396354 0.045833 0.038542
0 0.595833 0.643229 0.052083 0.034375
0 0.895833 0.717708 0.035417 0.043750
0 0.602083 0.654167 0.037500 0.052083
0 0.872396 0.393229 0.055208 0.040625
0 0.524479 0.527604 0.023958 0.042708
0 0.613542 0.610938 0.050000 0.042708
0 0.434375 0.317708 0.027083 0.037500
0 0.105208 0.223438 0.022917 0.038542
0 0.208333 0.661979 0.031250 0.044792
0 0.903125 0.895833 0.050000 0.050000
0 0.203125 0.678125 0.043750 0.022917
0 0.685937 0.367188 0.028125 0.044792
0 0.514583 0.216146 0.029167 0.044792
0 0.420312 0.703646 0.040625 0.028125
0 0.268229 0.673958 0.042708 0.037500
0 0.534896 0.458854 0.026042 0.040625
0 0.810417 0.775521 0.031250 0.040625
0 0.152083 0.530729 0.031250 0.040625
0 0.736458 0.143229 0.054167 0.046875
0 0.196354 0.281771 0.044792 0.042708
0 0.841667 0.165104 0.029167 0.051042
0 0.924479 0.818750 0.019792 0.035417
0 0.080729 0.447396 0.048958 0.046875
0 0.246354 0.593750 0.026042 0.039583
0 0.886458 0.226042 0.033333 0.047917
0 0.617708 0.371354 0.039583 0.028125
0 0.167708 0.077604 0.054167 0.038542
0 0.179688 0.123958 0.042708 0.054167
0 0.100000 0.495833 0.020833 0.035417
0 0.420312 0.200000 0.048958 0.027083
0 0.145313 0.664062 0.040625 0.034375
0 0.831250 0.476042 0.033333 0.037500
0 0.873437 0.541667 0.053125 0.035417
0 0.264062 0.067708 0.042708 0.025000
0 0.775000 0.321875 0.041667 0.039583
0 0.888542 0.470313 0.027083 0.046875
0 0.470313 0.427083 0.030208 0.039583
0 0.278125 0.306771 0.050000 0.040625
0 0.793229 0.095833 0.021875 0.043750
0 0.255208 0.844792 0.047917 0.050000
0 0.424479 0.330208 0.046875 0.043750
0 0.859375 0.285417 0.047917 0.037500
0 0.878646 0.436979 0.028125 0.044792
0 0.282292 0.126562 0.031250 0.048958
0 0.850000 0.469792 0.035417 0.037500
0 0.742188 0.194271 0.038542 0.038542
0 0.894792 0.794792 0.029167 0.045833
0 0.897917 0.343229 0.035417 0.048958
0 0.254688 0.108854 0.030208 0.048958
0 0.689063 0.966667 0.032292 0.047917
0 0.623437 0.536458 0.030208 0.039583
0 0.307812 0.457813 0.046875 0.023958
0 0.682813 0.266667 0.028125 0.043750
0 0.366146 0.457813 0.040625 0.038542
0 0.563542 0.884896 0.031250 0.044792
0 0.353125 0.143750 0.043750 0.027083
0 0.485417 0.611458 0.037500 0.018750
0 0.471354 0.403125 0.048958 0.025000
0 0.342187 0.597396 0.036458 0.046875
0 0.311458 0.872396 0.035417 0.017708
0 0.551562 0.625000 0.023958 0.037500
0 0.249479 0.482292 0.038542 0.035417
0 0.939063 0.878125 0.036458 0.047917
0 0.678646 0.482812 0.030208 0.044792
0 0.119792 0.561979 0.050000 0.042708
0 0.461979 0.485417 0.044792 0.045833
0 0.809896 0.954688 0.042708 0.023958
0 0.525521 0.506771 0.042708 0.055208
0 0.133333 0.300521 0.041667 0.042708
0 0.906250 0.151042 0.050000 0.047917
0 0.096875 0.522396 0.050000 0.044792
0 0.653646 0.712500 0.040625 0.041667
0 0.535937 0.755208 0.028125 0.039583
0 0.900521 0.300000 0.034375 0.047917
0 0.283854 0.103125 0.036458 0.020833
0 0.720313 0.221354 0.023958 0.042708
0 0.342187 0.315104 0.044792 0.042708
0 0.731771 0.808333 0.046875 0.043750
0 0.842187 0.097917 0.032292 0.052083
0 0.261979 0.207813 0.046875 0.048958
0 0.877604 0.818750 0.048958 0.041667
0 0.319792 0.692708 0.027083 0.041667
0 0.181771 0.955208 0.032292 0.039583
0 0.297917 0.232292 0.050000 0.050000
0 0.158333 0.953646 0.039583 0.034375
0 0.206771 0.546354 0.044792 0.032292
0 0.182812 0.351042 0.038542 0.022917
0 0.490625 0.756771 0.043750 0.042708
0 0.598437 0.133854 0.053125 0.053125
0 0.118229 0.500521 0.044792 0.032292
0 0.750521 0.442708 0.042708 0.039583
0 0.840625 0.388542 0.027083 0.037500
0 0.330208 0.966667 0.037500 0.047917
0 0.646875 0.558333 0.037500 0.035417
0 0.611458 0.085417 0.047917 0.033333
0 0.430729 0.757292 0.028125 0.045833
0 0.896875 0.333854 0.041667 0.044792
0 0.816146 0.126562 0.044792 0.055208
0 0.365625 0.445833 0.018750 0.037500
0 0.845833 0.158854 0.039583 0.036458
0 0.929167 0.387500 0.020833 0.035417
0 0.263542 0.133854 0.050000 0.028125
0 0.861458 0.722917 0.047917 0.037500
0 0.934375 0.129688 0.039583 0.030208
0 0.629687 0.122396 0.046875 0.026042
0 0.526563 0.693229 0.040625 0.034375
0 0.091667 0.096875 0.041667 0.047917
0 0.900521 0.306250 0.048958 0.037500
0 0.694271 0.960938 0.038542 0.040625
0 0.078646 0.706771 0.034375 0.046875
0 0.847396 0.513542 0.034375 0.039583
0 0.745833 0.718750 0.018750 0.035417
0 0.178125 0.500000 0.035417 0.047917
0 0.495312 0.472917 0.051042 0.029167
0 0.117708 0.111979 0.035417 0.040625
0 0.171875 0.902083 0.022917 0.043750
0 0.162500 0.448437 0.037500 0.048958
0 0.334375 0.867188 0.050000 0.053125
0 0.355729 0.880729 0.034375 0.040625
0 0.655729 0.327604 0.051042 0.038542
0 0.303125 0.694271 0.037500 0.044792
0 0.299479 0.556250 0.048958 0.052083
0 0.775521 0.285417 0.044792 0.052083
0 0.197396 0.284375 0.042708 0.031250
0 0.089063 0.234896 0.040625 0.034375
0 0.265104 0.418750 0.044792 0.045833
0 0.787500 0.931771 0.054167 0.046875
0 0.201042 0.936458 0.043750 0.052083
0 0.161979 0.519271 0.040625 0.051042
0 0.330208 0.395313 0.039583 0.032292
0 0.293229 0.792188 0.044792 0.055208
0 0.740625 0.078646 0.037500 0.053125
0 0.216146 0.836979 0.044792 0.051042
0 0.085938 0.644271 0.046875 0.048958
0 0.891146 0.354687 0.055208 0.044792
0 0.578125 0.359896 0.043750 0.040625
0 0.236979 0.677604 0.038542 0.055208
0 0.786458 0.293750 0.022917 0.039583
0 0.850521 0.321354 0.019792 0.038542
0 0.105208 0.672917 0.043750 0.052083
0 0.181250 0.177083 0.037500 0.047917
0 0.817187 0.628646 0.030208 0.048958
0 0.698958 0.783333 0.043750 0.033333
0 0.203646 0.691667 0.048958 0.052083
0 0.489063 0.789583 0.048958 0.052083
0 0.663021 0.468750 0.042708 0.047917
0 0.613021 0.971354 0.046875 0.048958
0 0.471354 0.907292 0.026042 0.045833
0 0.676562 0.254167 0.028125 0.039583
0 0.588021 0.851562 0.048958 0.032292
0 0.834896 0.772917 0.038542 0.033333
0 0.349479 0.441146 0.044792 0.051042
0 0.363542 0.671354 0.037500 0.038542
0 0.848958 0.314063 0.045833 0.038542
0 0.727083 0.932813 0.054167 0.038542
0 0.603125 0.215625 0.041667 0.047917
0 0.263021 0.576042 0.036458 0.043750
0 0.673438 0.614062 0.038542 0.051042
0 0.119792 0.128125 0.025000 0.047917
0 0.960417 0.743229 0.033333 0.040625
0 0.691146 0.739583 0.053125 0.039583
0 0.327083 0.746875 0.043750 0.037500
0 0.303125 0.508854 0.045833 0.026042
0 0.958333 0.761458 0.047917 0.027083
0 0.238542 0.594271 0.041667 0.042708
0 0.717708 0.748437 0.035417 0.053125
0 0.913542 0.876563 0.020833 0.042708
0 0.444792 0.856771 0.054167 0.036458
0 0.737500 0.322917 0.043750 0.045833
0 0.719792 0.620313 0.047917 0.055208
0 0.501042 0.480729 0.037500 0.053125
0 0.156250 0.663542 0.037500 0.025000
0 0.513021 0.921354 0.044792 0.030208
0 0.347396 0.239583 0.042708 0.047917
0 0.161458 0.139063 0.039583 0.036458
0 0.923958 0.276042 0.035417 0.052083
0 0.169792 0.677604 0.039583 0.026042
0 0.695312 0.844792 0.021875 0.037500
0 0.772917 0.664583 0.037500 0.052083
0 0.455208 0.908333 0.052083 0.045833
0 0.603646 0.422396 0.055208 0.038542
0 0.885417 0.901563 0.054167 0.044792
0 0.537500 0.353125 0.033333 0.043750
0 0.419271 0.415625 0.053125 0.039583
0 0.123438 0.770312 0.053125 0.034375
0 0.779167 0.208333 0.022917 0.037500
0 0.381250 0.810417 0.037500 0.033333
0 0.609896 0.416667 0.038542 0.031250
0 0.401562 0.546354 0.051042 0.028125
0 0.127083 0.346875 0.041667 0.039583
0 0.179167 0.764583 0.035417 0.020833
0 0.161979 0.629167 0.044792 0.052083
0 0.951562 0.480208 0.044792 0.033333
0 0.309896 0.860417 0.034375 0.047917
0 0.209375 0.689063 0.043750 0.040625
0 0.179167 0.284375 0.039583 0.041667
0 0.481771 0.200521 0.046875 0.048958
0 0.448958 0.102604 0.031250 0.044792
0 0.678646 0.111458 0.036458 0.043750
0 0.559896 0.340625 0.023958 0.041667
0 0.656771 0.940625 0.034375 0.047917
0 0.742708 0.680208 0.037500 0.029167
0 0.838021 0.536979 0.051042 0.055208
0 0.726562 0.171354 0.046875 0.055208
0 0.350521 0.570833 0.034375 0.039583
0 0.168750 0.573958 0.041667 0.027083
0 0.614062 0.896875 0.042708 0.037500
0 0.596875 0.652083 0.052083 0.047917
0 0.215104 0.431250 0.030208 0.039583
0 0.513021 0.894792 0.044792 0.025000
0 0.564063 0.435937 0.046875 0.023958
0 0.489583 0.686979 0.052083 0.051042
0 0.632292 0.077083 0.047917 0.033333
0 0.833854 0.745313 0.044792 0.051042
0 0.874479 0.866146 0.026042 0.051042
0 0.844792 0.844792 0.031250 0.041667
0 0.777083 0.734375 0.037500 0.027083
0 0.720313 0.896875 0.042708 0.027083
0 0.351562 0.627604 0.040625 0.038542
0 0.750000 0.375521 0.047917 0.053125
0 0.110937 0.289583 0.032292 0.043750
0 0.688542 0.244271 0.041667 0.044792
0 0.556250 0.211979 0.050000 0.028125
0 0.591146 0.348438 0.051042 0.026042
0 0.774479 0.579688 0.055208 0.044792
0 0.531771 0.438021 0.038542 0.051042
0 0.933333 0.164583 0.016667 0.033333
0 0.713542 0.234896 0.020833 0.038542
0 0.423438 0.357292 0.053125 0.041667
0 0.392188 0.403646 0.046875 0.038542
0 0.170313 0.561979 0.038542 0.046875
0 0.236458 0.666667 0.043750 0.035417
0 0.121354 0.467187 0.051042 0.044792
0 0.366667 0.164583 0.018750 0.035417
0 0.103125 0.777604 0.047917 0.046875
0 0.696875 0.709896 0.027083 0.038542
0 0.382812 0.401042 0.036458 0.020833
0 0.147917 0.905208 0.029167 0.037500
0 0.940625 0.612500 0.037500 0.041667
0 0.480208 0.706250 0.035417 0.037500
0 0.252604 0.118229 0.038542 0.019792
0 0.959375 0.103125 0.039583 0.041667
0 0.366146 0.911979 0.038542 0.023958
0 0.455208 0.178125 0.037500 0.043750
0 0.954688 0.649479 0.038542 0.038542
0 0.523438 0.313542 0.040625 0.020833
0 0.861979 0.941667 0.042708 0.029167
0 0.942708 0.628125 0.045833 0.043750
0 0.230729 0.767188 0.055208 0.046875
0 0.790625 0.517188 0.035417 0.048958
0 0.103646 0.896354 0.042708 0.021875
0 0.851562 0.589063 0.044792 0.030208
0 0.883333 0.522396 0.035417 0.044792
0 0.309375 0.818750 0.039583 0.047917
0 0.859375 0.369271 0.050000 0.042708
0 0.083854 0.156250 0.038542 0.043750
0 0.245312 0.470833 0.038542 0.035417
0 0.577604 0.229687 0.042708 0.044792
0 0.505208 0.075000 0.035417 0.018750
0 0.726042 0.753125 0.031250 0.050000
0 0.600521 0.847917 0.040625 0.041667
0 0.081250 0.450000 0.037500 0.031250
0 0.154167 0.944792 0.052083 0.043750
0 0.134375 0.483854 0.054167 0.051042
0 0.756771 0.156771 0.040625 0.026042
0 0.424479 0.206771 0.026042 0.040625
0 0.195833 0.827604 0.035417 0.053125
0 0.934896 0.205729 0.040625 0.055208
0 0.860938 0.203125 0.030208 0.039583
0 0.139583 0.270833 0.033333 0.037500
0 0.196354 0.940625 0.053125 0.047917
0 0.130208 0.558333 0.037500 0.033333
0 0.947396 0.810417 0.053125 0.043750
0 0.111458 0.883854 0.050000 0.053125
0 0.117188 0.306250 0.044792 0.047917
0 0.480729 0.927604 0.038542 0.038542
0 0.771354 0.187500 0.042708 0.039583
0 0.794792 0.726562 0.050000 0.053125
0 0.874479 0.893229 0.034375 0.046875
0 0.711979 0.642188 0.055208 0.048958
0 0.276562 0.463542 0.044792 0.054167
0 0.135937 0.555208 0.048958 0.052083
0 0.885938 0.278646 0.046875 0.048958
0 0.317708 0.343750 0.039583 0.041667
0 0.634896 0.821354 0.040625 0.023958
0 0.387500 0.334896 0.041667 0.044792
0 0.707812 0.301042 0.042708 0.039583
0 0.615104 0.422396 0.044792 0.026042
0 0.200521 0.550521 0.046875 0.048958
0 0.886979 0.584375 0.026042 0.050000
0 0.184896 0.641667 0.023958 0.037500
0 0.342187 0.110417 0.046875 0.052083
0 0.780729 0.331250 0.044792 0.025000
0 0.346875 0.364063 0.043750 0.042708
0 0.283854 0.364063 0.055208 0.046875
0 0.315104 0.736979 0.040625 0.030208
0 0.340625 0.072917 0.037500 0.035417
0 0.805729 0.472396 0.038542 0.051042
0 0.277083 0.732292 0.047917 0.050000
0 0.446875 0.416667 0.043750 0.033333
0 0.854688 0.370312 0.044792 0.042708
0 0.797396 0.324479 0.051042 0.042708
0 0.114583 0.595313 0.033333 0.048958
0 0.795833 0.746354 0.041667 0.048958
0 0.689063 0.916667 0.028125 0.043750
0 0.510417 0.766146 0.029167 0.046875
0 0.108333 0.376042 0.039583 0.041667
0 0.736458 0.825000 0.035417 0.037500
0 0.581771 0.477604 0.038542 0.051042
0 0.839063 0.346875 0.028125 0.041667
0 0.853646 0.872917 0.030208 0.050000
0 0.959896 0.607812 0.048958 0.032292
0 0.613021 0.359375 0.023958 0.037500
0 0.268750 0.223958 0.035417 0.037500
0 0.809896 0.710417 0.032292 0.052083
0 0.902604 0.133854 0.048958 0.034375
0 0.941146 0.216667 0.042708 0.047917
0 0.333333 0.947917 0.052083 0.045833
0 0.382812 0.164062 0.051042 0.034375
0 0.785937 0.702604 0.034375 0.053125
0 0.187500 0.847917 0.037500 0.027083
0 0.535417 0.848958 0.029167 0.041667
0 0.702604 0.243229 0.048958 0.046875
0 0.139583 0.581771 0.031250 0.044792
0 0.582812 0.073958 0.038542 0.035417
0 0.782813 0.507812 0.036458 0.040625
0 0.891146 0.668750 0.034375 0.043750
0 0.397396 0.133333 0.023958 0.041667
0 0.613542 0.690104 0.025000 0.042708
0 0.674479 0.429688 0.040625 0.030208
0 0.217708 0.193229 0.039583 0.044792
0 0.782292 0.761979 0.039583 0.030208
0 0.430208 0.235937 0.047917 0.030208
0 0.826042 0.531250 0.037500 0.035417
0 0.181250 0.712500 0.043750 0.025000
0 0.503646 0.832292 0.038542 0.035417
0 0.855208 0.066146 0.041667 0.021875
0 0.929167 0.809896 0.045833 0.034375
0 0.296875 0.639583 0.025000 0.043750
0 0.099479 0.200000 0.040625 0.041667
0 0.839063 0.882812 0.038542 0.019792
0 0.274479 0.614062 0.038542 0.038542
0 0.195833 0.620313 0.041667 0.044792
0 0.922917 0.080208 0.035417 0.043750
0 0.085417 0.789062 0.045833 0.034375
0 0.370833 0.327604 0.050000 0.040625
0 0.625000 0.692708 0.047917 0.037500
0 0.766146 0.816667 0.051042 0.050000
0 0.617708 0.666146 0.043750 0.040625
0 0.840104 0.143229 0.036458 0.051042
0 0.748437 0.370312 0.042708 0.021875
0 0.756250 0.713542 0.033333 0.043750
0 0.155729 0.375000 0.021875 0.041667
0 0.211979 0.317708 0.040625 0.047917
0 0.973437 0.577604 0.051042 0.030208
0 0.638542 0.476042 0.037500 0.031250
0 0.565625 0.709896 0.033333 0.044792
0 0.248958 0.184375 0.035417 0.043750
0 0.117708 0.185938 0.035417 0.053125
0 0.424479 0.728125 0.038542 0.031250
0 0.292187 0.959896 0.023958 0.040625
0 0.845833 0.956250 0.031250 0.037500
0 0.153646 0.362500 0.032292 0.039583
0 0.139063 0.455729 0.028125 0.051042
0 0.458333 0.421875 0.022917 0.039583
0 0.146875 0.666667 0.025000 0.037500
0 0.733333 0.486979 0.041667 0.048958
0 0.535417 0.667188 0.052083 0.051042
0 0.553125 0.389062 0.039583 0.028125
0 0.363021 0.530208 0.040625 0.022917
0 0.236979 0.706250 0.036458 0.018750
0 0.451042 0.922917 0.045833 0.045833
0 0.303646 0.833854 0.040625 0.032292
0 0.634375 0.703125 0.027083 0.037500
0 0.314583 0.229687 0.047917 0.030208
0 0.729688 0.104688 0.044792 0.051042
0 0.216146 0.369271 0.044792 0.040625
0 0.380208 0.856771 0.027083 0.051042
0 0.688542 0.542708 0.037500 0.033333
0 0.811458 0.305729 0.052083 0.032292
0 0.066146 0.650000 0.028125 0.043750
0 0.231771 0.654167 0.038542 0.035417
0 0.555208 0.251563 0.045833 0.048958
0 0.300521 0.117708 0.036458 0.047917
0 0.808854 0.965104 0.055208 0.051042
0 0.778125 0.818750 0.035417 0.043750
0 0.510417 0.727604 0.047917 0.046875
0 0.796354 0.206771 0.046875 0.032292
0 0.180208 0.788021 0.043750 0.048958
0 0.537500 0.701562 0.039583 0.055208