0 0.538542 0.760417 0.047917 0.033333
0 0.734375 0.711979 0.050000 0.053125
0 0.411979 0.320833 0.026042 0.039583
0 0.520312 0.546875 0.051042 0.047917
0 0.071875 0.685417 0.037500 0.029167
0 0.318229 0.265104 0.055208 0.044792
0 0.956771 0.954688 0.026042 0.040625
0 0.148438 0.464583 0.038542 0.029167
0 0.776563 0.200000 0.044792 0.035417
0 0.529687 0.231771 0.046875 0.034375
0 0.652083 0.265625 0.037500 0.033333
0 0.421875 0.911979 0.052083 0.051042
0 0.923958 0.808333 0.043750 0.035417
0 0.566146 0.487500 0.044792 0.025000
0 0.787500 0.779687 0.039583 0.048958
0 0.457813 0.604167 0.048958 0.041667
0 0.609896 0.914583 0.023958 0.045833
0 0.388542 0.597917 0.020833 0.035417
0 0.667188 0.083333 0.044792 0.052083
0 0.637500 0.338021 0.043750 0.055208
0 0.782813 0.552604 0.019792 0.038542
0 0.345833 0.770833 0.041667 0.039583
0 0.896875 0.169271 0.035417 0.044792
0 0.117188 0.818750 0.028125 0.043750
0 0.252083 0.686979 0.039583 0.026042
0 0.877604 0.666667 0.036458 0.052083
0 0.878125 0.153646 0.037500 0.053125
0 0.481771 0.819271 0.028125 0.040625
0 0.803646 0.876042 0.026042 0.037500
0 0.254167 0.428646 0.054167 0.046875
0 0.509896 0.234896 0.048958 0.055208
0 0.661979 0.956250 0.046875 0.031250
0 0.236458 0.299479 0.037500 0.048958
0 0.602604 0.420833 0.026042 0.039583
0 0.216667 0.371875 0.037500 0.035417
0 0.196875 0.648958 0.029167 0.045833
0 0.791667 0.834375 0.035417 0.043750
0 0.455208 0.838542 0.050000 0.047917
0 0.702083 0.951562 0.033333 0.048958
0 0.680208 0.342708 0.037500 0.047917
0 0.886979 0.238021 0.030208 0.040625
0 0.687500 0.882812 0.052083 0.051042
0 0.298438 0.817187 0.040625 0.028125
0 0.354167 0.453646 0.052083 0.032292
0 0.758333 0.959375 0.041667 0.047917
0 0.310937 0.715104 0.044792 0.021875
0 0.959896 0.909375 0.046875 0.027083
0 0.862500 0.593229 0.039583 0.044792
0 0.420312 0.392188 0.042708 0.055208
0 0.818229 0.490104 0.038542 0.040625
0 0.728646 0.737500 0.026042 0.045833
0 0.546354 0.945833 0.026042 0.037500
0 0.788021 0.955208 0.023958 0.047917
0 0.454167 0.300521 0.029167 0.046875
0 0.804688 0.571875 0.038542 0.033333
0 0.953125 0.531250 0.047917 0.037500
0 0.254688 0.706250 0.042708 0.041667
0 0.248438 0.363542 0.028125 0.039583
0 0.100000 0.704688 0.025000 0.044792
0 0.340104 0.582812 0.046875 0.028125
0 0.828125 0.124479 0.050000 0.036458
0 0.408854 0.325521 0.036458 0.051042
0 0.502083 0.376563 0.031250 0.053125
0 0.426563 0.665104 0.036458 0.046875
0 0.320833 0.381771 0.043750 0.030208
0 0.805208 0.290625 0.031250 0.045833
0 0.570833 0.163021 0.039583 0.036458
0 0.311979 0.776563 0.051042 0.038542
0 0.783854 0.735417 0.051042 0.050000
0 0.528125 0.718750 0.037500 0.025000
0 0.086458 0.893229 0.029167 0.044792
0 0.169271 0.537500 0.026042 0.050000
0 0.499479 0.081250 0.053125 0.039583
0 0.168229 0.361458 0.046875 0.031250
0 0.875521 0.161458 0.036458 0.037500
0 0.919271 0.570833 0.030208 0.043750
0 0.409375 0.650521 0.050000 0.053125
0 0.743750 0.090625 0.022917 0.043750
0 0.453125 0.907813 0.039583 0.030208
0 0.400521 0.416146 0.046875 0.038542
0 0.745313 0.856250 0.048958 0.039583
0 0.447396 0.296875 0.038542 0.035417
0 0.282292 0.215104 0.027083 0.040625
0 0.225521 0.136458 0.051042 0.031250
0 0.120313 0.885938 0.032292 0.040625
0 0.147917 0.897917 0.037500 0.033333
0 0.453646 0.836458 0.042708 0.037500
0 0.397917 0.084375 0.052083 0.039583
0 0.437500 0.350521 0.045833 0.034375
0 0.704167 0.634896 0.025000 0.046875
0 0.907292 0.081771 0.043750 0.042708
0 0.953125 0.952604 0.045833 0.034375
0 0.561979 0.713021 0.046875 0.023958
0 0.571875 0.741146 0.054167 0.042708
0 0.897396 0.838542 0.044792 0.035417
0 0.226042 0.170313 0.041667 0.048958
0 0.406250 0.679688 0.043750 0.055208
0 0.263021 0.740625 0.048958 0.035417
0 0.807813 0.883854 0.048958 0.028125
0 0.619271 0.134896 0.032292 0.040625
0 0.348958 0.189062 0.047917 0.030208
0 0.573958 0.381250 0.052083 0.035417
0 0.101042 0.431250 0.035417 0.037500
0 0.130729 0.688542 0.021875 0.043750
0 0.456771 0.491146 0.048958 0.046875
0 0.861979 0.281250 0.021875 0.037500
0 0.935417 0.500000 0.020833 0.039583
0 0.953646 0.840625 0.021875 0.037500
0 0.518229 0.126042 0.021875 0.043750
0 0.228125 0.735417 0.039583 0.041667
0 0.501563 0.236979 0.053125 0.032292
0 0.795312 0.404167 0.051042 0.031250
0 0.890104 0.456771 0.053125 0.034375
0 0.340625 0.522917 0.035417 0.018750
0 0.763021 0.479167 0.023958 0.043750
0 0.108333 0.721875 0.037500 0.033333
0 0.108854 0.658333 0.042708 0.047917
0 0.710938 0.444792 0.048958 0.037500
0 0.403646 0.194792 0.034375 0.043750
0 0.090625 0.252604 0.041667 0.055208
0 0.602083 0.636458 0.033333 0.045833
0 0.427604 0.554688 0.051042 0.053125
0 0.663542 0.232813 0.052083 0.034375
0 0.711458 0.203125 0.027083 0.047917
0 0.329688 0.181250 0.044792 0.052083
0 0.723958 0.150000 0.043750 0.035417
0 0.542708 0.358854 0.050000 0.044792
0 0.653646 0.241146 0.051042 0.055208
0 0.526042 0.317708 0.020833 0.035417
0 0.558854 0.109375 0.046875 0.027083
0 0.304688 0.642708 0.053125 0.045833
0 0.225521 0.073958 0.023958 0.043750
0 0.170833 0.929167 0.045833 0.043750
0 0.069792 0.172396 0.031250 0.053125
0 0.884375 0.865104 0.037500 0.019792
0 0.270313 0.324479 0.051042 0.042708
0 0.681250 0.138542 0.037500 0.025000
0 0.443750 0.640104 0.047917 0.030208
0 0.302083 0.609896 0.043750 0.040625
0 0.229167 0.291146 0.029167 0.048958
0 0.823438 0.121875 0.040625 0.022917
0 0.879167 0.394792 0.037500 0.041667
0 0.779167 0.634896 0.037500 0.044792
0 0.328125 0.758854 0.039583 0.055208
0 0.396354 0.621875 0.034375 0.047917
0 0.822917 0.169792 0.035417 0.052083
0 0.188542 0.082292 0.045833 0.029167
0 0.145313 0.356771 0.038542 0.046875
0 0.500521 0.086458 0.046875 0.029167
0 0.919792 0.106771 0.047917 0.053125
0 0.435937 0.453125 0.042708 0.054167
0 0.559375 0.280729 0.033333 0.048958
0 0.201042 0.169792 0.037500 0.033333
0 0.229167 0.148438 0.054167 0.044792
0 0.577604 0.289062 0.036458 0.055208
0 0.766146 0.364583 0.030208 0.039583
0 0.536979 0.372917 0.028125 0.043750
0 0.958333 0.575000 0.037500 0.031250
0 0.667188 0.329688 0.046875 0.036458
0 0.708854 0.852083 0.051042 0.050000
0 0.419271 0.669792 0.042708 0.054167
0 0.142187 0.214062 0.042708 0.055208
0 0.717708 0.218750 0.037500 0.031250
0 0.847917 0.361458 0.035417 0.043750
0 0.560937 0.874479 0.040625 0.044792
0 0.264062 0.436979 0.048958 0.046875
0 0.838542 0.674479 0.039583 0.034375
0 0.768229 0.358854 0.032292 0.040625
0 0.714583 0.340104 0.039583 0.044792
0 0.679167 0.956250 0.043750 0.025000
0 0.167187 0.376563 0.032292 0.048958
0 0.445833 0.186458 0.035417 0.020833
0 0.688021 0.723958 0.038542 0.025000
0 0.637500 0.551562 0.031250 0.048958
0 0.936458 0.323958 0.025000 0.037500
0 0.767708 0.150521 0.045833 0.028125
0 0.634375 0.231250 0.035417 0.047917
0 0.094271 0.295312 0.046875 0.038542
0 0.642188 0.707812 0.042708 0.051042
0 0.521875 0.599479 0.050000 0.036458
0 0.643750 0.939063 0.039583 0.044792
0 0.612500 0.757812 0.029167 0.051042
0 0.177604 0.500521 0.055208 0.040625
0 0.778646 0.813542 0.028125 0.045833
0 0.208333 0.302604 0.047917 0.046875
0 0.566146 0.603125 0.048958 0.025000
0 0.618750 0.133333 0.041667 0.039583
0 0.599479 0.338542 0.034375 0.052083
0 0.701562 0.405729 0.042708 0.023958
0 0.241667 0.649479 0.039583 0.036458
0 0.928125 0.608333 0.033333 0.043750
0 0.480729 0.868750 0.040625 0.041667
0 0.796875 0.830208 0.029167 0.037500
0 0.514062 0.540104 0.036458 0.040625
0 0.116667 0.096354 0.035417 0.044792
0 0.413542 0.509375 0.029167 0.037500
0 0.959896 0.568750 0.042708 0.039583
0 0.704688 0.504167 0.038542 0.043750
0 0.790625 0.447396 0.037500 0.053125
0 0.378646 0.568229 0.036458 0.046875
0 0.600000 0.289583 0.022917 0.037500
0 0.501563 0.350000 0.036458 0.020833
0 0.109375 0.633333 0.050000 0.047917
0 0.688021 0.840625 0.046875 0.052083
0 0.273958 0.507812 0.025000 0.044792
0 0.301042 0.819271 0.047917 0.023958
0 0.484896 0.397396 0.055208 0.046875
0 0.695833 0.568229 0.037500 0.048958
0 0.518750 0.571875 0.027083 0.041667
0 0.783333 0.393750 0.043750 0.035417
0 0.486979 0.905729 0.034375 0.046875
0 0.881771 0.135417 0.036458 0.037500
0 0.282292 0.729688 0.054167 0.046875
0 0.852604 0.553125 0.042708 0.054167
0 0.803646 0.140104 0.048958 0.028125
0 0.847396 0.372396 0.048958 0.046875
0 0.613021 0.553646 0.044792 0.028125
0 0.322396 0.454688 0.034375 0.040625
0 0.698958 0.598958 0.037500 0.041667
0 0.360417 0.166146 0.054167 0.040625
0 0.254167 0.864062 0.052083 0.032292
0 0.463021 0.783854 0.032292 0.048958
0 0.679688 0.892188 0.030208 0.040625
0 0.806250 0.775000 0.025000 0.047917
0 0.527604 0.077083 0.040625 0.022917
0 0.688542 0.292187 0.045833 0.032292
0 0.430729 0.140625 0.051042 0.029167
0 0.818750 0.741146 0.050000 0.042708
0 0.338542 0.176563 0.027083 0.042708
0 0.718229 0.658333 0.042708 0.039583
0 0.269792 0.403646 0.039583 0.028125
0 0.254688 0.354687 0.055208 0.036458
0 0.172396 0.905208 0.034375 0.052083
0 0.144792 0.575521 0.039583 0.036458
0 0.782813 0.154688 0.044792 0.051042
0 0.895312 0.725521 0.055208 0.042708
0 0.327604 0.959375 0.048958 0.027083
0 0.616146 0.323437 0.053125 0.051042
0 0.279167 0.913021 0.043750 0.030208
0 0.186979 0.910937 0.046875 0.038542
0 0.643750 0.091146 0.052083 0.051042
0 0.620833 0.727083 0.050000 0.050000
0 0.118750 0.781250 0.037500 0.041667
0 0.582812 0.727083 0.048958 0.052083
0 0.392188 0.960938 0.030208 0.040625
0 0.191667 0.167708 0.043750 0.031250
0 0.288021 0.124479 0.051042 0.026042
0 0.617188 0.279167 0.046875 0.043750
0 0.759375 0.571354 0.041667 0.055208
0 0.301563 0.180208 0.046875 0.043750
0 0.438021 0.822917 0.034375 0.043750
0 0.836458 0.067708 0.047917 0.027083
0 0.815104 0.721354 0.051042 0.038542
0 0.505208 0.280729 0.043750 0.055208
0 0.628646 0.656771 0.032292 0.048958
0 0.235417 0.247396 0.039583 0.026042
0 0.757292 0.956250 0.045833 0.052083
0 0.164583 0.374479 0.050000 0.036458
0 0.369271 0.356250 0.048958 0.039583
0 0.735938 0.702083 0.021875 0.037500
0 0.471354 0.863021 0.046875 0.023958
0 0.577604 0.545312 0.055208 0.036458
0 0.672396 0.730208 0.053125 0.041667
0 0.143750 0.810417 0.047917 0.035417
0 0.377083 0.300000 0.045833 0.029167
0 0.158854 0.180208 0.030208 0.039583
0 0.761979 0.563021 0.051042 0.026042
0 0.638542 0.863021 0.031250 0.051042
0 0.695833 0.175521 0.029167 0.051042
0 0.186979 0.227083 0.048958 0.027083
0 0.640625 0.263542 0.037500 0.035417
0 0.598958 0.256771 0.052083 0.032292
0 0.961458 0.913021 0.033333 0.040625
0 0.818750 0.707292 0.050000 0.033333
0 0.776563 0.847917 0.030208 0.039583
0 0.602604 0.552604 0.017708 0.036458
0 0.763542 0.932292 0.037500 0.031250
0 0.183854 0.594271 0.019792 0.038542
0 0.492708 0.655729 0.039583 0.036458
0 0.146875 0.796354 0.039583 0.048958
0 0.608333 0.813542 0.052083 0.037500
0 0.672917 0.305208 0.043750 0.052083
0 0.451562 0.842187 0.040625 0.038542
0 0.072917 0.764583 0.025000 0.043750
0 0.658854 0.266667 0.028125 0.045833
0 0.378646 0.323437 0.053125 0.030208
0 0.114062 0.702604 0.046875 0.036458
0 0.594271 0.725000 0.030208 0.050000
0 0.626563 0.557813 0.044792 0.032292
0 0.916667 0.183333 0.047917 0.025000
0 0.708854 0.774479 0.026042 0.051042
0 0.400000 0.429688 0.031250 0.048958
0 0.805208 0.340625 0.043750 0.052083
0 0.397396 0.454688 0.038542 0.046875
0 0.150000 0.523438 0.027083 0.046875
0 0.571354 0.658854 0.042708 0.051042
0 0.545312 0.971354 0.023958 0.046875
0 0.535937 0.756771 0.030208 0.040625
0 0.461458 0.722396 0.033333 0.048958
0 0.891146 0.940104 0.048958 0.030208
0 0.778646 0.452604 0.044792 0.040625
0 0.516667 0.710417 0.045833 0.052083
0 0.953646 0.689583 0.032292 0.047917
0 0.940625 0.960417 0.043750 0.025000
0 0.426042 0.485938 0.037500 0.019792
0 0.689583 0.590104 0.043750 0.048958
0 0.525000 0.409896 0.037500 0.038542
0 0.705729 0.202083 0.036458 0.018750
0 0.863021 0.256250 0.040625 0.041667
0 0.927604 0.634375 0.026042 0.037500
0 0.790104 0.409375 0.051042 0.031250
0 0.436979 0.807292 0.044792 0.035417
0 0.822917 0.165104 0.039583 0.034375
0 0.394271 0.194271 0.044792 0.042708
0 0.347917 0.430729 0.041667 0.023958
0 0.085938 0.111458 0.038542 0.033333
0 0.307812 0.729688 0.048958 0.055208
0 0.811458 0.423958 0.043750 0.045833
0 0.329688 0.259896 0.028125 0.044792
0 0.074479 0.516146 0.044792 0.042708
0 0.108854 0.767708 0.030208 0.047917
0 0.928125 0.720313 0.033333 0.044792
0 0.185938 0.697396 0.046875 0.034375
0 0.641667 0.256250 0.033333 0.043750
0 0.161979 0.620833 0.036458 0.037500
0 0.341146 0.294271 0.044792 0.055208
0 0.592708 0.086458 0.037500 0.031250
0 0.454167 0.242188 0.033333 0.048958
0 0.108333 0.412500 0.029167 0.041667
0 0.350521 0.254167 0.032292 0.052083
0 0.567187 0.500521 0.044792 0.026042
0 0.913542 0.319792 0.043750 0.033333
0 0.220833 0.716146 0.037500 0.044792
0 0.699479 0.644792 0.042708 0.037500
0 0.942708 0.290625 0.043750 0.045833
0 0.631250 0.542188 0.037500 0.021875
0 0.415104 0.665104 0.040625 0.023958
0 0.215104 0.186458 0.042708 0.041667
0 0.302083 0.919792 0.043750 0.033333
0 0.294271 0.214583 0.040625 0.041667
0 0.536979 0.517188 0.044792 0.055208
0 0.852083 0.458854 0.020833 0.038542
0 0.715104 0.710938 0.040625 0.038542
0 0.474479 0.364063 0.040625 0.028125
0 0.365625 0.533854 0.037500 0.048958
0 0.783854 0.684896 0.028125 0.040625
0 0.333854 0.518229 0.051042 0.053125
0 0.700521 0.384896 0.042708 0.023958
0 0.852083 0.922396 0.052083 0.034375
0 0.858333 0.659896 0.031250 0.053125
0 0.766667 0.768229 0.029167 0.044792
0 0.579688 0.283854 0.040625 0.044792
0 0.924479 0.570833 0.048958 0.052083
0 0.397396 0.678646 0.034375 0.053125
0 0.827604 0.566146 0.040625 0.030208
0 0.805208 0.852604 0.045833 0.036458
0 0.965104 0.922917 0.042708 0.031250
0 0.922917 0.074479 0.029167 0.040625
0 0.167708 0.275521 0.022917 0.038542
0 0.352604 0.959896 0.051042 0.038542
0 0.400000 0.293750 0.027083 0.047917
0 0.154688 0.802083 0.036458 0.043750
0 0.767708 0.314583 0.041667 0.039583
0 0.750521 0.198437 0.046875 0.028125
0 0.964063 0.816667 0.048958 0.050000
0 0.203125 0.536458 0.037500 0.033333
0 0.508854 0.917708 0.053125 0.045833
0 0.206771 0.307292 0.026042 0.039583
0 0.364583 0.586979 0.033333 0.044792
0 0.920312 0.702083 0.023958 0.041667
0 0.542708 0.840104 0.043750 0.030208
0 0.132812 0.158333 0.044792 0.045833
0 0.127604 0.831250 0.038542 0.043750
0 0.758854 0.782292 0.038542 0.043750
0 0.425521 0.528125 0.042708 0.037500
0 0.332292 0.952083 0.033333 0.037500
0 0.545312 0.245312 0.051042 0.040625
0 0.468750 0.498437 0.029167 0.046875
0 0.496875 0.536979 0.047917 0.028125
0 0.824479 0.378646 0.051042 0.038542
0 0.705729 0.093229 0.034375 0.040625
0 0.906250 0.842708 0.022917 0.037500
0 0.748958 0.625521 0.027083 0.040625
0 0.790625 0.591667 0.027083 0.037500
0 0.305729 0.223958 0.048958 0.035417
0 0.414062 0.236979 0.026042 0.040625
0 0.180208 0.764583 0.033333 0.047917
0 0.082292 0.272917 0.043750 0.052083
0 0.139583 0.270313 0.052083 0.034375
0 0.486458 0.084375 0.041667 0.025000
0 0.882292 0.653125 0.029167 0.050000
0 0.273958 0.829167 0.050000 0.050000
0 0.661979 0.386458 0.034375 0.052083
0 0.295833 0.269271 0.029167 0.051042
0 0.515625 0.883854 0.041667 0.048958
0 0.669271 0.660417 0.051042 0.031250
0 0.656771 0.638021 0.055208 0.040625
0 0.938021 0.738021 0.038542 0.055208
0 0.781250 0.753646 0.031250 0.048958
0 0.308333 0.486458 0.031250 0.050000
0 0.884375 0.553646 0.035417 0.053125
0 0.562500 0.705729 0.047917 0.030208
0 0.872396 0.309896 0.040625 0.038542
0 0.394271 0.874479 0.040625 0.030208
0 0.679688 0.920833 0.026042 0.041667
0 0.418229 0.594271 0.034375 0.046875
0 0.524479 0.935937 0.021875 0.042708
0 0.618229 0.826562 0.036458 0.055208
0 0.705729 0.735938 0.036458 0.040625
0 0.552604 0.731250 0.046875 0.045833
0 0.910937 0.351042 0.046875 0.043750
0 0.850521 0.778646 0.040625 0.023958
0 0.717708 0.928646 0.027083 0.040625
0 0.927083 0.217708 0.043750 0.033333
0 0.665104 0.841146 0.030208 0.053125
0 0.943750 0.652083 0.018750 0.035417
0 0.465104 0.407813 0.048958 0.046875
0 0.461458 0.143750 0.050000 0.050000
0 0.344792 0.702083 0.037500 0.027083
0 0.714063 0.493229 0.051042 0.028125
0 0.196875 0.750000 0.043750 0.045833
0 0.736458 0.468229 0.050000 0.053125
0 0.214062 0.854688 0.055208 0.040625
0 0.228646 0.395833 0.048958 0.052083
0 0.085938 0.644271 0.032292 0.053125
0 0.216146 0.170313 0.040625 0.032292
0 0.950521 0.964063 0.044792 0.044792
0 0.488021 0.667708 0.053125 0.037500
0 0.137500 0.514062 0.039583 0.053125
0 0.254167 0.259375 0.029167 0.041667
0 0.311458 0.517708 0.037500 0.041667
0 0.777604 0.288542 0.046875 0.022917
0 0.830729 0.676042 0.021875 0.039583
0 0.773438 0.870833 0.048958 0.041667
0 0.893750 0.622917 0.045833 0.029167
0 0.206250 0.657813 0.054167 0.036458
0 0.494271 0.561979 0.026042 0.046875
0 0.437500 0.863542 0.052083 0.047917
0 0.098958 0.710417 0.041667 0.031250
0 0.786458 0.082812 0.029167 0.044792
0 0.194792 0.321354 0.031250 0.044792
0 0.297396 0.975521 0.038542 0.055208
0 0.585938 0.104688 0.051042 0.040625
0 0.750521 0.296354 0.046875 0.038542
0 0.519271 0.292708 0.036458 0.037500
0 0.468750 0.806250 0.043750 0.022917
0 0.428646 0.356771 0.042708 0.055208
0 0.220833 0.361458 0.047917 0.037500
0 0.338542 0.913021 0.039583 0.030208
0 0.766146 0.584375 0.038542 0.025000
0 0.553646 0.713021 0.055208 0.046875
0 0.105729 0.599479 0.048958 0.046875
0 0.629687 0.483854 0.055208 0.044792
0 0.557292 0.446354 0.045833 0.034375
0 0.230729 0.589583 0.053125 0.039583
0 0.392188 0.231250 0.038542 0.025000
0 0.778646 0.554167 0.053125 0.045833
0 0.854688 0.224479 0.040625 0.030208
0 0.539062 0.591667 0.046875 0.045833
0 0.504687 0.141146 0.040625 0.034375
0 0.703125 0.966146 0.022917 0.046875
0 0.805729 0.134896 0.026042 0.040625
0 0.683333 0.548438 0.025000 0.046875
0 0.245312 0.231771 0.044792 0.051042
0 0.875521 0.093750 0.026042 0.041667
0 0.661979 0.289062 0.040625 0.032292
0 0.773438 0.900000 0.046875 0.043750
0 0.221875 0.521354 0.041667 0.048958
0 0.181250 0.150521 0.052083 0.030208
0 0.678646 0.562500 0.042708 0.037500
0 0.924479 0.090625 0.028125 0.043750
0 0.352604 0.273958 0.044792 0.054167
0 0.783854 0.215625 0.028125 0.045833
0 0.667188 0.303646 0.055208 0.044792
0 0.470833 0.842708 0.035417 0.018750
0 0.132292 0.347396 0.045833 0.036458
0 0.822917 0.528646 0.039583 0.036458
0 0.833854 0.832812 0.046875 0.036458
0 0.820833 0.811979 0.043750 0.055208
0 0.636458 0.439583 0.043750 0.045833
0 0.122917 0.845313 0.039583 0.034375
0 0.682292 0.207292 0.047917 0.037500
0 0.801042 0.089583 0.043750 0.045833
0 0.230208 0.777083 0.022917 0.039583
0 0.239583 0.420833 0.039583 0.020833
0 0.888542 0.380208 0.043750 0.022917
0 0.787500 0.092188 0.054167 0.046875
0 0.500521 0.336458 0.053125 0.043750
0 0.652083 0.150521 0.041667 0.048958
0 0.262500 0.625521 0.050000 0.044792
0 0.647396 0.146354 0.038542 0.038542
0 0.946875 0.289583 0.039583 0.041667
0 0.945833 0.847396 0.043750 0.028125
0 0.121354 0.485417 0.044792 0.027083
0 0.289062 0.276042 0.051042 0.050000
0 0.830729 0.963542 0.038542 0.037500
0 0.735417 0.641667 0.037500 0.025000
0 0.557813 0.200000 0.046875 0.029167
0 0.191667 0.481250 0.039583 0.020833
0 0.855729 0.831771 0.048958 0.023958
0 0.346354 0.083333 0.038542 0.031250
0 0.101562 0.238021 0.046875 0.026042
0 0.750521 0.488542 0.040625 0.041667
0 0.353646 0.734896 0.026042 0.040625
0 0.497396 0.553125 0.036458 0.047917
0 0.724479 0.213021 0.046875 0.038542
0 0.806250 0.744271 0.041667 0.021875
0 0.633333 0.394271 0.045833 0.038542
0 0.384896 0.184896 0.046875 0.026042
0 0.372396 0.764062 0.051042 0.040625
0 0.958854 0.383333 0.048958 0.052083
0 0.777083 0.320312 0.045833 0.023958
0 0.333333 0.567708 0.033333 0.052083
0 0.279687 0.343750 0.042708 0.037500
0 0.728125 0.608854 0.052083 0.051042
0 0.795312 0.139583 0.028125 0.039583
0 0.920312 0.876563 0.040625 0.026042
0 0.892188 0.350521 0.055208 0.036458
0 0.294271 0.636979 0.034375 0.053125
0 0.961979 0.727083 0.040625 0.054167
0 0.433854 0.478646 0.040625 0.038542
0 0.718229 0.159375 0.046875 0.052083
0 0.946354 0.200521 0.038542 0.046875
0 0.556250 0.406771 0.029167 0.040625
0 0.322396 0.158333 0.019792 0.035417
0 0.693229 0.446354 0.044792 0.032292
0 0.567187 0.280208 0.048958 0.039583
0 0.815625 0.259375 0.033333 0.050000
0 0.355729 0.257812 0.053125 0.051042
0 0.740625 0.954688 0.039583 0.055208
0 0.912500 0.148438 0.050000 0.042708
0 0.364063 0.209375 0.038542 0.022917
0 0.458854 0.635417 0.051042 0.033333