0 0.911979 0.545312 0.048958 0.032292
0 0.961979 0.772917 0.038542 0.043750
0 0.483333 0.430208 0.039583 0.041667
0 0.422917 0.930208 0.043750 0.035417
0 0.942708 0.765104 0.039583 0.036458
0 0.685417 0.209896 0.039583 0.026042
0 0.775521 0.520833 0.038542 0.047917
0 0.166667 0.866667 0.025000 0.037500
0 0.191667 0.459375 0.037500 0.035417
0 0.539062 0.643229 0.055208 0.051042
0 0.762500 0.164062 0.047917 0.046875
0 0.767188 0.246354 0.046875 0.040625
0 0.603125 0.626042 0.052083 0.041667
0 0.130208 0.905729 0.045833 0.038542
0 0.122396 0.646354 0.051042 0.042708
0 0.469271 0.898958 0.044792 0.035417
0 0.401562 0.266667 0.038542 0.043750
0 0.543229 0.239583 0.023958 0.037500
0 0.103125 0.332813 0.033333 0.044792
0 0.585417 0.950521 0.035417 0.044792
0 0.560417 0.452604 0.027083 0.042708
0 0.303646 0.861979 0.044792 0.051042
0 0.320833 0.427083 0.022917 0.043750
0 0.705729 0.794792 0.048958 0.039583
0 0.155729 0.773438 0.028125 0.040625
0 0.552604 0.369271 0.026042 0.044792
0 0.245833 0.930208 0.045833 0.031250
0 0.667188 0.866667 0.042708 0.037500
0 0.183333 0.333333 0.052083 0.037500
0 0.543229 0.741667 0.042708 0.031250
0 0.458333 0.690104 0.039583 0.023958
0 0.584375 0.643229 0.035417 0.053125
0 0.207813 0.204687 0.042708 0.044792
0 0.386458 0.415625 0.020833 0.035417
0 0.405208 0.151042 0.050000 0.029167
0 0.949479 0.856771 0.040625 0.036458
0 0.436979 0.415625 0.053125 0.039583
0 0.288542 0.427083 0.039583 0.041667
0 0.663021 0.852083 0.038542 0.052083
0 0.501042 0.159896 0.033333 0.044792
0 0.107813 0.129688 0.044792 0.040625
0 0.353125 0.486979 0.050000 0.042708
0 0.554688 0.488021 0.053125 0.053125
0 0.392188 0.840104 0.040625 0.038542
0 0.377083 0.870833 0.037500 0.035417
0 0.260937 0.635938 0.036458 0.040625
0 0.677604 0.950521 0.046875 0.048958
0 0.654687 0.540104 0.034375 0.040625
0 0.378125 0.499479 0.025000 0.042708
0 0.317708 0.766146 0.037500 0.038542
0 0.766146 0.544792 0.030208 0.043750
0 0.103646 0.776042 0.051042 0.050000
0 0.340104 0.707812 0.044792 0.028125
0 0.896354 0.211458 0.038542 0.031250
0 0.696354 0.173958 0.044792 0.052083
0 0.083854 0.740104 0.040625 0.044792
0 0.575000 0.526042 0.037500 0.047917
0 0.249479 0.630729 0.051042 0.040625
0 0.813542 0.569792 0.047917 0.027083
0 0.247917 0.332813 0.052083 0.051042
0 0.199479 0.249479 0.051042 0.042708
0 0.747917 0.669792 0.035417 0.037500
0 0.269271 0.964583 0.021875 0.043750
0 0.606771 0.842708 0.032292 0.052083
0 0.276042 0.940104 0.029167 0.046875
0 0.269271 0.893750 0.046875 0.031250
0 0.682813 0.706771 0.046875 0.048958
0 0.649479 0.727604 0.051042 0.038542
0 0.439583 0.372396 0.035417 0.040625
0 0.491667 0.371875 0.043750 0.025000
0 0.496875 0.706771 0.050000 0.034375
0 0.704688 0.286979 0.032292 0.046875
0 0.624479 0.741146 0.048958 0.032292
0 0.565104 0.504167 0.048958 0.037500
0 0.548438 0.093750 0.026042 0.045833
0 0.659375 0.289583 0.037500 0.035417
0 0.251563 0.807292 0.048958 0.052083
0 0.535937 0.717187 0.030208 0.044792
0 0.540104 0.542708 0.044792 0.047917
0 0.883333 0.135417 0.020833 0.041667
0 0.848437 0.207813 0.044792 0.048958
0 0.642188 0.666146 0.026042 0.040625
0 0.277083 0.753125 0.045833 0.052083
0 0.445833 0.830729 0.045833 0.048958
0 0.829167 0.141667 0.033333 0.043750
0 0.701042 0.717708 0.052083 0.035417
0 0.303646 0.587500 0.036458 0.047917
0 0.781250 0.684896 0.033333 0.040625
0 0.934375 0.508333 0.041667 0.047917
0 0.691146 0.538021 0.040625 0.032292
0 0.373958 0.838542 0.027083 0.037500
0 0.920833 0.366667 0.035417 0.018750
0 0.604688 0.769792 0.030208 0.050000
0 0.558854 0.547917 0.038542 0.033333
0 0.469792 0.541146 0.035417 0.040625
0 0.800000 0.939583 0.045833 0.045833
0 0.765104 0.688542 0.046875 0.052083
0 0.138542 0.463542 0.043750 0.033333
0 0.805729 0.592708 0.051042 0.050000
0 0.913542 0.257812 0.029167 0.048958
0 0.790625 0.540625 0.037500 0.031250
0 0.448958 0.618229 0.041667 0.048958
0 0.456250 0.659896 0.031250 0.040625
0 0.111979 0.492188 0.046875 0.048958
0 0.591146 0.636979 0.038542 0.038542
0 0.109375 0.836979 0.041667 0.044792
0 0.660937 0.576562 0.038542 0.051042
0 0.944271 0.520312 0.053125 0.051042
0 0.233333 0.707292 0.041667 0.039583
0 0.380729 0.561458 0.026042 0.041667
0 0.949479 0.228646 0.042708 0.051042
0 0.796875 0.656771 0.029167 0.051042
0 0.161979 0.352083 0.042708 0.029167
0 0.898438 0.636979 0.042708 0.044792
0 0.521875 0.153646 0.039583 0.032292
0 0.744792 0.676042 0.031250 0.050000
0 0.837500 0.776563 0.052083 0.032292
0 0.154688 0.357292 0.040625 0.047917
0 0.220312 0.404687 0.053125 0.051042
0 0.875000 0.669271 0.045833 0.038542
0 0.143750 0.967187 0.037500 0.044792
0 0.355729 0.932292 0.034375 0.039583
0 0.341667 0.520833 0.020833 0.039583
0 0.192708 0.188021 0.045833 0.036458
0 0.517188 0.422917 0.034375 0.016667
0 0.654167 0.461979 0.047917 0.046875
0 0.662500 0.162500 0.041667 0.027083
0 0.856771 0.279687 0.026042 0.040625
0 0.754167 0.791667 0.029167 0.045833
0 0.472917 0.780208 0.035417 0.037500
0 0.641146 0.318229 0.040625 0.028125
0 0.130208 0.485938 0.037500 0.021875
0 0.231771 0.173958 0.034375 0.052083
0 0.709896 0.829688 0.040625 0.051042
0 0.107813 0.239063 0.046875 0.034375
0 0.962500 0.747396 0.039583 0.028125
0 0.914583 0.424479 0.020833 0.040625
0 0.297396 0.522917 0.042708 0.037500
0 0.220833 0.115625 0.047917 0.050000
0 0.650000 0.803646 0.050000 0.042708
0 0.274479 0.223438 0.040625 0.032292
0 0.576042 0.479687 0.043750 0.028125
0 0.201042 0.869792 0.043750 0.025000
0 0.121354 0.482812 0.053125 0.051042
0 0.423958 0.503125 0.041667 0.047917
0 0.131250 0.281250 0.047917 0.039583
0 0.129167 0.875521 0.035417 0.040625
0 0.896875 0.120833 0.020833 0.039583
0 0.665104 0.757292 0.046875 0.052083
0 0.093229 0.073958 0.048958 0.027083
0 0.330729 0.374479 0.038542 0.051042
0 0.355208 0.689583 0.039583 0.041667
0 0.161458 0.873437 0.037500 0.019792
0 0.865104 0.554167 0.023958 0.037500
0 0.295833 0.786979 0.052083 0.034375
0 0.306250 0.470833 0.043750 0.035417
0 0.592708 0.760417 0.031250 0.050000
0 0.516146 0.703646 0.055208 0.051042
0 0.579167 0.201563 0.039583 0.055208
0 0.559375 0.511458 0.050000 0.047917
0 0.544792 0.266667 0.047917 0.041667
0 0.621354 0.818750 0.036458 0.037500
0 0.919792 0.295312 0.050000 0.053125
0 0.368750 0.872917 0.031250 0.037500
0 0.436458 0.505729 0.054167 0.038542
0 0.743229 0.364583 0.053125 0.045833
0 0.716146 0.214583 0.046875 0.022917
0 0.444271 0.534896 0.038542 0.051042
0 0.373437 0.672396 0.038542 0.021875
0 0.439063 0.565625 0.048958 0.027083
0 0.250000 0.509896 0.039583 0.036458
0 0.714583 0.438021 0.041667 0.044792
0 0.784896 0.278125 0.046875 0.027083
0 0.119271 0.890104 0.040625 0.055208
0 0.676042 0.521875 0.047917 0.039583
0 0.547917 0.750521 0.054167 0.048958
0 0.367188 0.432812 0.038542 0.040625
0 0.856771 0.290625 0.042708 0.027083
0 0.145313 0.103646 0.051042 0.040625
0 0.091667 0.559896 0.029167 0.051042
0 0.753646 0.272396 0.036458 0.055208
0 0.279687 0.344792 0.026042 0.045833
0 0.297917 0.361458 0.027083 0.037500
0 0.206771 0.080729 0.028125 0.040625
0 0.475521 0.885938 0.040625 0.034375
0 0.690104 0.740104 0.036458 0.051042
0 0.778125 0.636979 0.037500 0.019792
0 0.116667 0.794792 0.052083 0.045833
0 0.898958 0.296875 0.033333 0.043750
0 0.396354 0.531771 0.048958 0.028125
0 0.352604 0.353646 0.036458 0.040625
0 0.479167 0.252604 0.050000 0.034375
0 0.761979 0.790104 0.046875 0.036458
0 0.711458 0.928646 0.041667 0.021875
0 0.736979 0.147917 0.042708 0.039583
0 0.936979 0.085417 0.048958 0.041667
0 0.638021 0.839583 0.040625 0.020833
0 0.473958 0.949479 0.035417 0.044792
0 0.132292 0.096875 0.035417 0.047917
0 0.814063 0.697396 0.036458 0.040625
0 0.822917 0.658854 0.050000 0.034375
0 0.632812 0.444271 0.048958 0.046875
0 0.893750 0.398438 0.045833 0.040625
0 0.392708 0.508854 0.043750 0.042708
0 0.943750 0.363542 0.027083 0.037500
0 0.137500 0.841667 0.037500 0.052083
0 0.759896 0.739583 0.036458 0.047917
0 0.201563 0.938021 0.034375 0.046875
0 0.114583 0.455729 0.039583 0.030208
0 0.947917 0.230729 0.029167 0.046875
0 0.674479 0.495312 0.026042 0.040625
0 0.150521 0.610938 0.034375 0.046875
0 0.529687 0.959896 0.044792 0.040625
0 0.852083 0.646354 0.039583 0.036458
0 0.584896 0.367708 0.042708 0.037500
0 0.381771 0.848437 0.023958 0.038542
0 0.485938 0.942708 0.019792 0.037500
0 0.312500 0.419792 0.043750 0.025000
0 0.511979 0.080729 0.053125 0.032292
0 0.264583 0.831250 0.041667 0.039583
0 0.184896 0.775521 0.021875 0.038542
0 0.730208 0.328125 0.037500 0.027083
0 0.143229 0.483854 0.038542 0.051042
0 0.400521 0.682292 0.040625 0.041667
0 0.706250 0.545312 0.047917 0.028125
0 0.446875 0.788021 0.039583 0.023958
0 0.447917 0.487500 0.031250 0.045833
0 0.321354 0.536458 0.046875 0.052083
0 0.148958 0.275521 0.041667 0.048958
0 0.936458 0.847396 0.020833 0.040625
0 0.593750 0.163021 0.035417 0.040625
0 0.743750 0.633333 0.037500 0.033333
0 0.894271 0.800000 0.040625 0.047917
0 0.231250 0.297917 0.050000 0.031250
0 0.816667 0.685937 0.054167 0.046875
0 0.792188 0.845313 0.040625 0.034375
0 0.847917 0.846875 0.018750 0.035417
0 0.441667 0.816146 0.020833 0.040625
0 0.544271 0.850521 0.030208 0.048958
0 0.805208 0.444792 0.037500 0.043750
0 0.327083 0.158854 0.035417 0.053125
0 0.354167 0.969792 0.037500 0.047917
0 0.156771 0.764583 0.051042 0.047917
0 0.953646 0.319792 0.040625 0.022917
0 0.714063 0.782813 0.046875 0.048958
0 0.247396 0.845833 0.021875 0.037500
0 0.396354 0.379167 0.053125 0.043750
0 0.803125 0.317708 0.029167 0.045833
0 0.477604 0.231771 0.036458 0.055208
0 0.637500 0.648438 0.035417 0.053125
0 0.225000 0.130729 0.043750 0.026042
0 0.396354 0.595833 0.040625 0.052083
0 0.242188 0.696875 0.053125 0.039583
0 0.472917 0.734896 0.033333 0.053125
0 0.295312 0.124479 0.036458 0.046875
0 0.410417 0.857292 0.025000 0.037500
0 0.869271 0.155729 0.034375 0.040625
0 0.147917 0.538021 0.041667 0.044792
0 0.270313 0.108333 0.030208 0.039583
0 0.648958 0.258333 0.037500 0.029167
0 0.312500 0.939583 0.047917 0.041667
0 0.489583 0.474479 0.041667 0.048958
0 0.965625 0.907813 0.039583 0.048958
0 0.589063 0.629167 0.026042 0.037500
0 0.089583 0.459896 0.050000 0.038542
0 0.805729 0.812500 0.046875 0.031250
0 0.905729 0.266667 0.026042 0.041667
0 0.243229 0.845313 0.038542 0.046875
0 0.106250 0.120313 0.050000 0.040625
0 0.636458 0.723437 0.043750 0.048958
0 0.154167 0.730208 0.037500 0.041667
0 0.745833 0.315625 0.041667 0.047917
0 0.194271 0.414062 0.036458 0.040625
0 0.769792 0.572917 0.039583 0.041667
0 0.584375 0.595313 0.039583 0.026042
0 0.381771 0.725521 0.040625 0.038542
0 0.451042 0.724479 0.037500 0.021875
0 0.302083 0.373958 0.041667 0.039583
0 0.897396 0.940104 0.046875 0.048958
0 0.106771 0.704688 0.046875 0.055208
0 0.505208 0.193750 0.035417 0.035417
0 0.899479 0.807813 0.051042 0.028125
0 0.591667 0.459375 0.029167 0.045833
0 0.527083 0.880729 0.045833 0.034375
0 0.882812 0.622396 0.040625 0.034375
0 0.585417 0.682813 0.050000 0.044792
0 0.183333 0.523958 0.035417 0.043750
0 0.500521 0.528646 0.055208 0.051042
0 0.198437 0.447396 0.038542 0.051042
0 0.145833 0.938021 0.037500 0.019792
0 0.891146 0.735938 0.036458 0.040625
0 0.230729 0.798958 0.053125 0.045833
0 0.155208 0.844792 0.033333 0.047917
0 0.501563 0.497917 0.046875 0.045833
0 0.606250 0.786458 0.043750 0.022917
0 0.775000 0.796354 0.047917 0.030208
0 0.808333 0.961979 0.054167 0.038542
0 0.934375 0.427083 0.025000 0.047917
0 0.927083 0.194271 0.041667 0.048958
0 0.920312 0.942187 0.030208 0.048958
0 0.650000 0.416146 0.039583 0.028125
0 0.347917 0.073438 0.050000 0.042708
0 0.795312 0.880208 0.040625 0.022917
0 0.845833 0.757812 0.025000 0.044792
0 0.700000 0.442708 0.052083 0.045833
0 0.365104 0.652604 0.040625 0.038542
0 0.557813 0.476042 0.048958 0.052083
0 0.642188 0.169271 0.046875 0.023958
0 0.446354 0.837500 0.036458 0.047917
0 0.515625 0.367708 0.045833 0.043750
0 0.346354 0.522396 0.038542 0.040625
0 0.134375 0.319271 0.047917 0.032292
0 0.133854 0.957292 0.032292 0.052083
0 0.904687 0.628646 0.040625 0.034375
0 0.736458 0.288542 0.043750 0.052083
0 0.777083 0.609375 0.047917 0.037500
0 0.681771 0.228125 0.038542 0.022917
0 0.101042 0.925521 0.031250 0.044792
0 0.890104 0.086458 0.051042 0.035417
0 0.532292 0.807292 0.037500 0.035417
0 0.881771 0.119271 0.053125 0.032292
0 0.073438 0.387500 0.038542 0.047917
0 0.540104 0.380208 0.032292 0.039583
0 0.135417 0.570312 0.041667 0.023958
0 0.761979 0.928646 0.036458 0.055208
0 0.745833 0.911979 0.041667 0.032292
0 0.133854 0.300000 0.042708 0.020833
0 0.121354 0.815104 0.036458 0.046875
0 0.580208 0.342708 0.037500 0.035417
0 0.598437 0.780729 0.034375 0.046875
0 0.741667 0.557292 0.029167 0.037500
0 0.440104 0.870833 0.026042 0.045833
0 0.312500 0.793229 0.041667 0.044792
0 0.610938 0.401562 0.040625 0.051042
0 0.937500 0.091667 0.047917 0.037500
0 0.255208 0.277083 0.035417 0.020833
0 0.266667 0.747917 0.045833 0.045833
0 0.692708 0.254688 0.052083 0.051042
0 0.804688 0.880208 0.038542 0.047917
0 0.671354 0.664062 0.040625 0.032292
0 0.243750 0.494792 0.041667 0.047917
0 0.265104 0.526563 0.055208 0.046875
0 0.868750 0.326562 0.039583 0.038542
0 0.402604 0.833854 0.044792 0.048958
0 0.775521 0.141667 0.038542 0.031250
0 0.123438 0.828646 0.034375 0.046875
0 0.409375 0.714583 0.035417 0.043750
0 0.165625 0.354167 0.029167 0.041667
0 0.203125 0.486979 0.054167 0.040625
0 0.285938 0.826042 0.019792 0.037500
0 0.805729 0.801042 0.032292 0.039583
0 0.186458 0.878125 0.052083 0.043750
0 0.791146 0.801042 0.044792 0.047917
0 0.137500 0.341667 0.037500 0.035417
0 0.233333 0.238542 0.047917 0.035417
0 0.922396 0.153646 0.042708 0.044792
0 0.447917 0.400521 0.045833 0.026042
0 0.185417 0.423438 0.039583 0.034375
0 0.454688 0.800000 0.044792 0.022917
0 0.594271 0.120833 0.051042 0.033333
0 0.962500 0.525000 0.033333 0.037500
0 0.250521 0.235417 0.038542 0.043750
0 0.156771 0.119271 0.055208 0.048958
0 0.217708 0.103125 0.029167 0.045833
0 0.957292 0.738542 0.035417 0.047917
0 0.873958 0.759896 0.050000 0.028125
0 0.530729 0.813542 0.040625 0.020833
0 0.943229 0.923958 0.046875 0.022917
0 0.673438 0.608854 0.055208 0.044792
0 0.343750 0.126042 0.037500 0.031250
0 0.108333 0.714063 0.025000 0.042708
0 0.756771 0.786979 0.030208 0.044792
0 0.891667 0.750521 0.029167 0.044792
0 0.385417 0.108854 0.031250 0.040625
0 0.304688 0.128125 0.038542 0.031250
0 0.147396 0.665625 0.042708 0.039583
0 0.214583 0.882812 0.045833 0.034375
0 0.266146 0.165625 0.036458 0.037500
0 0.741146 0.616667 0.040625 0.047917
0 0.433854 0.369792 0.036458 0.047917
0 0.667708 0.284896 0.033333 0.044792
0 0.902604 0.733333 0.048958 0.037500
0 0.336458 0.187500 0.035417 0.020833
0 0.885417 0.424479 0.041667 0.048958
0 0.468750 0.730729 0.050000 0.040625
0 0.431771 0.805729 0.055208 0.051042
0 0.639583 0.458333 0.018750 0.035417
0 0.110937 0.639583 0.038542 0.035417
0 0.570312 0.627083 0.034375 0.043750
0 0.409896 0.133333 0.023958 0.043750
0 0.417708 0.340104 0.039583 0.034375
0 0.598437 0.522396 0.048958 0.055208
0 0.395833 0.514062 0.039583 0.048958
0 0.622396 0.694792 0.032292 0.052083
0 0.442188 0.450521 0.055208 0.048958
0 0.292708 0.492188 0.052083 0.051042
0 0.540104 0.609896 0.036458 0.055208
0 0.781771 0.398438 0.044792 0.028125
0 0.512500 0.194271 0.043750 0.042708
0 0.948958 0.563542 0.052083 0.045833
0 0.308333 0.753125 0.052083 0.045833
0 0.218229 0.591146 0.048958 0.055208
0 0.266146 0.078646 0.040625 0.028125
0 0.518229 0.547396 0.055208 0.040625
0 0.560937 0.532813 0.053125 0.034375
0 0.257812 0.342187 0.038542 0.040625
0 0.633333 0.614062 0.033333 0.040625
0 0.722917 0.706771 0.039583 0.030208
0 0.859375 0.645312 0.050000 0.034375
0 0.810417 0.094792 0.039583 0.022917
0 0.201563 0.833854 0.051042 0.034375
0 0.834375 0.644271 0.052083 0.051042
0 0.936458 0.689063 0.043750 0.028125
0 0.960938 0.592187 0.032292 0.048958
0 0.817708 0.490104 0.050000 0.053125
0 0.760938 0.390104 0.046875 0.038542
0 0.760417 0.365625 0.037500 0.029167
0 0.086458 0.969792 0.050000 0.050000
0 0.885938 0.092188 0.046875 0.055208
0 0.620313 0.859896 0.046875 0.048958
0 0.393750 0.690625 0.052083 0.037500
0 0.179167 0.176563 0.039583 0.048958
0 0.770312 0.626042 0.038542 0.029167
0 0.820833 0.449479 0.050000 0.036458
0 0.717187 0.332813 0.044792 0.028125
0 0.389062 0.111979 0.046875 0.048958
0 0.396875 0.895312 0.037500 0.040625
0 0.688542 0.659896 0.031250 0.048958
0 0.857812 0.759375 0.040625 0.054167
0 0.956771 0.548958 0.036458 0.043750
0 0.669271 0.817187 0.051042 0.040625
0 0.122396 0.923958 0.036458 0.047917
0 0.604688 0.373437 0.036458 0.055208
0 0.162500 0.698438 0.043750 0.030208
0 0.952604 0.186979 0.044792 0.051042
0 0.230729 0.078125 0.053125 0.039583
0 0.838021 0.897396 0.055208 0.042708
0 0.444271 0.953646 0.040625 0.038542
0 0.786979 0.871875 0.040625 0.041667
0 0.786979 0.820312 0.040625 0.038542
0 0.661458 0.678125 0.037500 0.035417
0 0.820312 0.893750 0.036458 0.043750
0 0.591667 0.477083 0.041667 0.052083
0 0.290104 0.810937 0.042708 0.023958
0 0.249479 0.228125 0.030208 0.039583
0 0.535417 0.345313 0.037500 0.038542
0 0.121354 0.154688 0.038542 0.038542
0 0.815625 0.348438 0.050000 0.053125
0 0.871875 0.316667 0.047917 0.039583
0 0.914062 0.846354 0.036458 0.017708
0 0.919792 0.654167 0.043750 0.022917
0 0.703125 0.534375 0.025000 0.037500
0 0.571875 0.478125 0.025000 0.037500
0 0.543229 0.344271 0.053125 0.051042
0 0.634896 0.542708 0.040625 0.041667
0 0.608854 0.411458 0.032292 0.052083
0 0.430208 0.075000 0.027083 0.041667
0 0.531250 0.560417 0.027083 0.047917
0 0.829688 0.201042 0.038542 0.035417
0 0.558333 0.507292 0.037500 0.027083
0 0.298958 0.334375 0.039583 0.041667
0 0.089063 0.888021 0.051042 0.044792
0 0.828125 0.377083 0.029167 0.041667
0 0.230729 0.553125 0.038542 0.035417
0 0.828646 0.083333 0.038542 0.033333
0 0.226042 0.748958 0.033333 0.047917
0 0.573438 0.466667 0.034375 0.052083
0 0.248958 0.206250 0.041667 0.047917
0 0.254167 0.303646 0.045833 0.026042
0 0.208333 0.409896 0.054167 0.042708
0 0.201563 0.408333 0.023958 0.047917
0 0.804167 0.750521 0.054167 0.046875
0 0.123958 0.476042 0.035417 0.037500
0 0.223438 0.869271 0.044792 0.040625
0 0.197917 0.924479 0.050000 0.053125
0 0.396354 0.421354 0.044792 0.055208
0 0.745833 0.837500 0.031250 0.041667
0 0.822917 0.285417 0.043750 0.052083
0 0.373958 0.106771 0.039583 0.034375
0 0.208333 0.539062 0.033333 0.040625
0 0.529167 0.320833 0.033333 0.047917
0 0.617188 0.683333 0.032292 0.047917
0 0.420833 0.373958 0.039583 0.041667
0 0.200000 0.835938 0.031250 0.051042
0 0.922396 0.954167 0.048958 0.035417
0 0.909896 0.279167 0.028125 0.041667
0 0.477083 0.374479 0.039583 0.023958
0 0.280208 0.163542 0.037500 0.047917
0 0.603646 0.289062 0.048958 0.046875
0 0.100521 0.380208 0.042708 0.029167
0 0.543229 0.695312 0.044792 0.042708
0 0.861979 0.222396 0.038542 0.055208
0 0.510938 0.884375 0.051042 0.047917
0 0.534896 0.912500 0.051042 0.029167
0 0.158333 0.264583 0.022917 0.039583
0 0.345833 0.588542 0.039583 0.052083
0 0.873437 0.770312 0.044792 0.051042
0 0.587500 0.221875 0.037500 0.022917
0 0.499479 0.319271 0.051042 0.040625
0 0.746875 0.272396 0.031250 0.040625
0 0.341667 0.380208 0.033333 0.050000
0 0.681771 0.441146 0.040625 0.046875
0 0.726042 0.737500 0.041667 0.020833
0 0.232292 0.202604 0.047917 0.046875
0 0.377083 0.588021 0.050000 0.044792
0 0.459896 0.958333 0.023958 0.045833
0 0.560937 0.440625 0.042708 0.047917
0 0.341667 0.969271 0.052083 0.051042
0 0.607812 0.741146 0.044792 0.042708
0 0.534896 0.600521 0.038542 0.038542
0 0.785417 0.226042 0.020833 0.035417
0 0.840104 0.172396 0.055208 0.044792
0 0.741667 0.326042 0.020833 0.039583
0 0.948438 0.347917 0.021875 0.039583
0 0.703646 0.435417 0.051042 0.050000
0 0.955729 0.716146 0.032292 0.044792
0 0.132292 0.118229 0.035417 0.053125
0 0.139063 0.517188 0.038542 0.021875
0 0.957292 0.309375 0.039583 0.052083
0 0.215625 0.137500 0.043750 0.022917
0 0.808333 0.944792 0.035417 0.020833
0 0.731771 0.317708 0.044792 0.035417
0 0.213021 0.522396 0.040625 0.032292
0 0.629167 0.289583 0.052083 0.045833
0 0.391146 0.444271 0.046875 0.026042
0 0.586979 0.157292 0.040625 0.043750
0 0.229167 0.897917 0.033333 0.043750
0 0.697396 0.267188 0.032292 0.040625
0 0.142708 0.619792 0.029167 0.037500
0 0.230729 0.178125 0.046875 0.052083
0 0.174479 0.705208 0.038542 0.043750
0 0.144271 0.397396 0.053125 0.032292
0 0.136979 0.960417 0.048958 0.050000
0 0.855208 0.937500 0.043750 0.033333
0 0.260417 0.668750 0.041667 0.027083
0 0.358854 0.571875 0.040625 0.041667
0 0.951562 0.116146 0.040625 0.032292
0 0.185938 0.160417 0.021875 0.039583
0 0.310417 0.820312 0.031250 0.053125
0 0.515625 0.538542 0.037500 0.027083
0 0.183854 0.591667 0.034375 0.043750
0 0.790625 0.550000 0.037500 0.035417
0 0.671354 0.900521 0.028125 0.044792
0 0.466146 0.255208 0.048958 0.052083
0 0.793750 0.469792 0.047917 0.039583
0 0.592187 0.788021 0.038542 0.055208
0 0.084896 0.854167 0.048958 0.037500
0 0.642188 0.888542 0.032292 0.043750
0 0.242708 0.289062 0.039583 0.026042
0 0.879687 0.863542 0.038542 0.031250
0 0.932813 0.138021 0.046875 0.026042
0 0.952604 0.321354 0.046875 0.036458
0 0.444271 0.453125 0.038542 0.025000
0 0.413021 0.573438 0.040625 0.038542
0 0.403646 0.969271 0.030208 0.044792
0 0.615625 0.454167 0.039583 0.052083
0 0.855729 0.448958 0.046875 0.045833
0 0.627083 0.488542 0.041667 0.047917
0 0.227083 0.691146 0.035417 0.040625
0 0.314583 0.917188 0.031250 0.044792
0 0.156250 0.234375 0.029167 0.041667
0 0.093750 0.779687 0.043750 0.040625
0 0.416146 0.227083 0.019792 0.039583
0 0.342187 0.132812 0.032292 0.053125
0 0.810937 0.821875 0.032292 0.043750
0 0.661458 0.877083 0.029167 0.037500
0 0.894792 0.796354 0.054167 0.042708
0 0.882812 0.954167 0.021875 0.037500
0 0.276562 0.298438 0.040625 0.051042
0 0.605208 0.782292 0.039583 0.047917
0 0.276042 0.963542 0.035417 0.043750
0 0.509375 0.701562 0.054167 0.051042
0 0.404167 0.812500 0.045833 0.043750
0 0.493229 0.791667 0.042708 0.027083
0 0.875000 0.538542 0.041667 0.025000
0 0.679167 0.443750 0.052083 0.047917
0 0.547917 0.704688 0.043750 0.055208
0 0.314583 0.832292 0.033333 0.037500
0 0.717708 0.509375 0.045833 0.027083
0 0.157812 0.123438 0.055208 0.046875
0 0.385417 0.378125 0.041667 0.037500
0 0.565104 0.667188 0.040625 0.038542
0 0.518750 0.636458 0.050000 0.050000
0 0.761458 0.482292 0.052083 0.045833
0 0.326562 0.081771 0.044792 0.055208
0 0.811458 0.886458 0.043750 0.022917
0 0.404167 0.751042 0.050000 0.047917
0 0.877083 0.956771 0.047917 0.032292
0 0.740104 0.745313 0.030208 0.053125
0 0.571354 0.404167 0.042708 0.025000
0 0.797917 0.712500 0.031250 0.037500
0 0.586979 0.974479 0.046875 0.055208
0 0.543229 0.869792 0.034375 0.043750
0 0.684896 0.628125 0.032292 0.039583
0 0.784375 0.807292 0.037500 0.047917
0 0.235417 0.318229 0.054167 0.046875
0 0.544792 0.451562 0.045833 0.048958
0 0.741146 0.913542 0.032292 0.043750