0 0.877604 0.868750 0.042708 0.029167
0 0.250521 0.228125 0.042708 0.047917
0 0.419271 0.530729 0.048958 0.030208
0 0.775000 0.728646 0.052083 0.051042
0 0.830208 0.741667 0.043750 0.045833
0 0.143750 0.213542 0.033333 0.043750
0 0.838542 0.502604 0.045833 0.040625
0 0.276042 0.410938 0.041667 0.044792
0 0.246875 0.420312 0.050000 0.044792
0 0.272917 0.771354 0.054167 0.046875
0 0.442708 0.910417 0.029167 0.050000
0 0.571354 0.838021 0.046875 0.036458
0 0.548438 0.343750 0.048958 0.052083
0 0.878646 0.450521 0.034375 0.046875
0 0.565625 0.741146 0.039583 0.038542
0 0.786979 0.944792 0.038542 0.033333
0 0.750000 0.171354 0.054167 0.036458
0 0.761979 0.750000 0.028125 0.039583
0 0.616667 0.281250 0.027083 0.045833
0 0.398438 0.214062 0.026042 0.044792
0 0.507812 0.170833 0.044792 0.047917
0 0.157292 0.379688 0.054167 0.044792
0 0.202083 0.833333 0.050000 0.050000
0 0.378646 0.879687 0.030208 0.044792
0 0.526042 0.196875 0.027083 0.041667
0 0.290625 0.328125 0.022917 0.035417
0 0.218750 0.825521 0.054167 0.048958
0 0.638542 0.632812 0.054167 0.046875
0 0.315625 0.232292 0.041667 0.027083
0 0.947396 0.688542 0.036458 0.037500
0 0.649479 0.607292 0.034375 0.043750
0 0.967708 0.744271 0.054167 0.051042
0 0.314063 0.358854 0.040625 0.034375
0 0.576042 0.138542 0.043750 0.033333
0 0.622917 0.472917 0.052083 0.037500
0 0.940104 0.342187 0.044792 0.055208
0 0.353125 0.797917 0.050000 0.050000
0 0.095833 0.441146 0.018750 0.036458
0 0.865625 0.946354 0.025000 0.038542
0 0.711458 0.579167 0.045833 0.043750
0 0.249479 0.539583 0.046875 0.029167
0 0.313021 0.683333 0.034375 0.039583
0 0.395313 0.459896 0.032292 0.040625
0 0.788542 0.561458 0.047917 0.039583
0 0.709375 0.867708 0.041667 0.031250
0 0.500521 0.781250 0.036458 0.037500
0 0.818750 0.860938 0.039583 0.034375
0 0.632812 0.933854 0.023958 0.042708
0 0.836458 0.705208 0.039583 0.041667
0 0.743750 0.422917 0.037500 0.035417
0 0.780729 0.188542 0.042708 0.029167
0 0.949479 0.494271 0.038542 0.046875
0 0.297396 0.554167 0.048958 0.052083
0 0.675521 0.167187 0.044792 0.051042
0 0.232292 0.961979 0.043750 0.055208
0 0.172917 0.793750 0.039583 0.041667
0 0.346354 0.507292 0.036458 0.047917
0 0.227604 0.584896 0.051042 0.038542
0 0.291146 0.361979 0.034375 0.053125
0 0.679167 0.462500 0.039583 0.020833
0 0.175521 0.673958 0.028125 0.039583
0 0.762500 0.441667 0.047917 0.033333
0 0.388021 0.447396 0.032292 0.048958
0 0.930208 0.962500 0.025000 0.043750
0 0.329167 0.265625 0.037500 0.033333
0 0.234896 0.503125 0.046875 0.031250
0 0.707292 0.963021 0.039583 0.030208
0 0.661458 0.520833 0.043750 0.033333
0 0.470833 0.084375 0.035417 0.020833
0 0.668750 0.782292 0.033333 0.050000
0 0.341667 0.690104 0.047917 0.046875
0 0.826042 0.354167 0.043750 0.035417
0 0.888542 0.539062 0.039583 0.044792
0 0.420312 0.456250 0.036458 0.037500
0 0.819271 0.670312 0.036458 0.040625
0 0.411458 0.189583 0.039583 0.020833
0 0.909896 0.821354 0.042708 0.044792
0 0.078646 0.459375 0.036458 0.043750
0 0.483854 0.498958 0.048958 0.041667
0 0.139063 0.778125 0.038542 0.029167
0 0.790104 0.875521 0.040625 0.032292
0 0.287500 0.206771 0.047917 0.046875
0 0.122917 0.173437 0.025000 0.046875
0 0.911979 0.720313 0.042708 0.051042
0 0.573438 0.959896 0.046875 0.034375
0 0.780208 0.256250 0.047917 0.025000
0 0.257812 0.681250 0.036458 0.022917
0 0.914062 0.848958 0.038542 0.027083
0 0.494271 0.525521 0.055208 0.046875
0 0.768229 0.542708 0.051042 0.031250
0 0.864583 0.865104 0.025000 0.042708
0 0.849479 0.396875 0.038542 0.025000
0 0.144271 0.712500 0.048958 0.050000
0 0.766146 0.767708 0.048958 0.027083
0 0.738542 0.856250 0.043750 0.045833
0 0.439063 0.236458 0.028125 0.045833
0 0.851562 0.654687 0.044792 0.040625
0 0.602604 0.351562 0.023958 0.042708
0 0.875000 0.831250 0.045833 0.033333
0 0.468750 0.536458 0.045833 0.043750
0 0.388542 0.918750 0.037500 0.031250
0 0.465625 0.377604 0.050000 0.053125
0 0.524479 0.553125 0.038542 0.022917
0 0.500000 0.517708 0.037500 0.022917
0 0.689063 0.390104 0.053125 0.053125
0 0.607292 0.844271 0.035417 0.053125
0 0.141667 0.307812 0.039583 0.034375
0 0.160417 0.684375 0.045833 0.029167
0 0.323958 0.461979 0.027083 0.051042
0 0.553125 0.789062 0.043750 0.042708
0 0.318229 0.813021 0.028125 0.040625
0 0.507292 0.639583 0.027083 0.047917
0 0.228125 0.829167 0.045833 0.043750
0 0.298438 0.405729 0.044792 0.051042
0 0.819792 0.225521 0.043750 0.040625
0 0.410417 0.219271 0.045833 0.048958
0 0.213542 0.848958 0.041667 0.039583
0 0.552083 0.098958 0.047917 0.041667
0 0.509375 0.555729 0.043750 0.030208
0 0.827083 0.507292 0.033333 0.037500
0 0.146354 0.730729 0.040625 0.026042
0 0.452083 0.489063 0.033333 0.040625
0 0.920312 0.268750 0.034375 0.043750
0 0.503125 0.097917 0.052083 0.039583
0 0.694792 0.119792 0.029167 0.041667
0 0.237500 0.645833 0.027083 0.047917
0 0.147396 0.211979 0.040625 0.023958
0 0.448958 0.340625 0.037500 0.027083
0 0.960417 0.598958 0.033333 0.037500
0 0.713542 0.316667 0.020833 0.035417
0 0.609896 0.689063 0.021875 0.042708
0 0.697396 0.612500 0.040625 0.041667
0 0.091667 0.778646 0.050000 0.036458
0 0.493229 0.095312 0.034375 0.046875
0 0.801562 0.090104 0.051042 0.055208
0 0.199479 0.373958 0.048958 0.039583
0 0.533854 0.914583 0.042708 0.031250
0 0.607292 0.283333 0.033333 0.037500
0 0.447396 0.648438 0.040625 0.055208
0 0.898438 0.788542 0.036458 0.022917
0 0.157292 0.108854 0.045833 0.034375
0 0.352083 0.637500 0.033333 0.037500
0 0.927604 0.665104 0.040625 0.034375
0 0.131250 0.191667 0.031250 0.041667
0 0.790104 0.485938 0.051042 0.026042
0 0.914062 0.570312 0.036458 0.055208
0 0.492708 0.632292 0.041667 0.027083
0 0.469271 0.403125 0.036458 0.052083
0 0.484375 0.723437 0.043750 0.055208
0 0.956771 0.480729 0.046875 0.034375
0 0.207813 0.117708 0.042708 0.031250
0 0.488021 0.393750 0.053125 0.041667
0 0.215104 0.476042 0.048958 0.041667
0 0.160938 0.486979 0.040625 0.034375
0 0.166667 0.573958 0.043750 0.052083
0 0.808333 0.672396 0.045833 0.038542
0 0.255208 0.896354 0.041667 0.042708
0 0.470313 0.302083 0.048958 0.027083
0 0.211458 0.534375 0.041667 0.052083
0 0.955729 0.392708 0.053125 0.035417
0 0.836979 0.385417 0.034375 0.043750
0 0.532813 0.156250 0.046875 0.031250
0 0.927083 0.276562 0.029167 0.044792
0 0.479687 0.627604 0.055208 0.044792
0 0.467187 0.703646 0.028125 0.040625
0 0.781250 0.446875 0.037500 0.047917
0 0.812500 0.846875 0.033333 0.047917
0 0.768750 0.940104 0.033333 0.040625
0 0.232292 0.757292 0.050000 0.050000
0 0.807813 0.139583 0.048958 0.037500
0 0.109375 0.740625 0.037500 0.022917
0 0.227604 0.742188 0.055208 0.046875
0 0.886458 0.593750 0.045833 0.043750
0 0.442708 0.859375 0.037500 0.035417
0 0.693229 0.328125 0.048958 0.035417
0 0.153646 0.251563 0.026042 0.040625
0 0.667708 0.340625 0.052083 0.047917
0 0.133854 0.687500 0.051042 0.031250
0 0.743750 0.655729 0.025000 0.038542
0 0.610938 0.572917 0.034375 0.037500
0 0.397396 0.238021 0.042708 0.055208
0 0.892188 0.142187 0.051042 0.036458
0 0.490104 0.327604 0.028125 0.048958
0 0.097917 0.249479 0.037500 0.044792
0 0.195833 0.760417 0.020833 0.039583
0 0.430729 0.170313 0.030208 0.053125
0 0.831250 0.548438 0.045833 0.040625
0 0.948958 0.459896 0.047917 0.028125
0 0.356250 0.385937 0.052083 0.051042
0 0.670312 0.645312 0.040625 0.055208
0 0.515625 0.480208 0.018750 0.035417
0 0.121875 0.472396 0.039583 0.038542
0 0.161979 0.867188 0.019792 0.038542
0 0.089583 0.487500 0.031250 0.037500
0 0.782813 0.801562 0.032292 0.040625
0 0.200521 0.411458 0.042708 0.039583
0 0.894271 0.296875 0.038542 0.033333
0 0.267708 0.355729 0.052083 0.032292
0 0.273958 0.878646 0.054167 0.044792
0 0.332292 0.218750 0.050000 0.033333
0 0.260937 0.508854 0.030208 0.044792
0 0.959375 0.781250 0.045833 0.029167
0 0.948958 0.285938 0.037500 0.019792
0 0.129167 0.119792 0.045833 0.052083
0 0.703125 0.440104 0.031250 0.051042
0 0.608333 0.239063 0.039583 0.036458
0 0.135937 0.526042 0.053125 0.035417
0 0.329167 0.559375 0.037500 0.031250
0 0.588542 0.138021 0.039583 0.019792
0 0.879167 0.836979 0.054167 0.044792
0 0.264062 0.681250 0.034375 0.052083
0 0.691146 0.786458 0.048958 0.052083
0 0.435417 0.181771 0.054167 0.046875
0 0.780208 0.443229 0.039583 0.044792
0 0.408854 0.198437 0.036458 0.046875
0 0.720313 0.892708 0.042708 0.041667
0 0.262500 0.696354 0.054167 0.036458
0 0.297917 0.102604 0.039583 0.038542
0 0.312500 0.108854 0.035417 0.040625
0 0.431250 0.243750 0.050000 0.050000
0 0.754687 0.384896 0.034375 0.053125
0 0.123958 0.486458 0.045833 0.029167
0 0.558854 0.746354 0.055208 0.044792
0 0.710938 0.860938 0.023958 0.042708
0 0.642188 0.383854 0.046875 0.032292
0 0.257292 0.161458 0.047917 0.039583
0 0.907292 0.514583 0.033333 0.037500
0 0.378125 0.845833 0.029167 0.037500
0 0.325521 0.187500 0.036458 0.043750
0 0.875521 0.576562 0.048958 0.048958
0 0.451562 0.167708 0.034375 0.037500
0 0.139063 0.742188 0.055208 0.048958
0 0.401562 0.854167 0.040625 0.047917
0 0.206771 0.773438 0.032292 0.046875
0 0.616667 0.738542 0.041667 0.031250
0 0.246875 0.099479 0.050000 0.028125
0 0.489063 0.889062 0.038542 0.046875
0 0.347396 0.169271 0.048958 0.055208
0 0.559375 0.755208 0.045833 0.031250
0 0.105208 0.384375 0.025000 0.047917
0 0.435937 0.151042 0.046875 0.022917
0 0.543229 0.183854 0.036458 0.040625
0 0.281250 0.132812 0.029167 0.040625
0 0.416146 0.880729 0.032292 0.040625
0 0.945833 0.210938 0.033333 0.053125
0 0.170313 0.794792 0.036458 0.047917
0 0.809375 0.730729 0.054167 0.036458
0 0.393750 0.185938 0.029167 0.044792
0 0.658854 0.563542 0.044792 0.045833
0 0.264062 0.709896 0.028125 0.051042
0 0.373437 0.353646 0.040625 0.034375
0 0.434896 0.652604 0.028125 0.051042
0 0.074479 0.706771 0.021875 0.044792
0 0.726562 0.420833 0.044792 0.052083
0 0.843229 0.245833 0.040625 0.022917
0 0.185417 0.657813 0.050000 0.053125
0 0.122396 0.535417 0.048958 0.027083
0 0.638021 0.093750 0.046875 0.031250
0 0.321875 0.648958 0.043750 0.035417
0 0.229687 0.464062 0.044792 0.028125
0 0.452083 0.076042 0.027083 0.047917
0 0.554167 0.857292 0.045833 0.029167
0 0.532813 0.884896 0.051042 0.053125
0 0.295312 0.457813 0.017708 0.036458
0 0.192188 0.942708 0.053125 0.043750
0 0.459896 0.303125 0.028125 0.039583
0 0.736458 0.334896 0.035417 0.040625
0 0.429167 0.888021 0.045833 0.055208
0 0.688542 0.684896 0.037500 0.048958
0 0.379167 0.096875 0.041667 0.037500
0 0.414062 0.929167 0.036458 0.052083
0 0.353125 0.504687 0.033333 0.048958
0 0.077604 0.151562 0.032292 0.044792
0 0.525521 0.522396 0.040625 0.028125
0 0.223438 0.910417 0.046875 0.043750
0 0.650000 0.082292 0.020833 0.041667
0 0.892708 0.854167 0.047917 0.052083
0 0.631250 0.640104 0.022917 0.044792
0 0.497396 0.398438 0.040625 0.034375
0 0.405729 0.337500 0.021875 0.037500
0 0.503125 0.129688 0.050000 0.042708
0 0.403125 0.268750 0.027083 0.045833
0 0.341146 0.809375 0.053125 0.035417
0 0.778125 0.445312 0.052083 0.030208
0 0.865104 0.567187 0.040625 0.038542
0 0.941146 0.953646 0.036458 0.046875
0 0.880208 0.501042 0.047917 0.033333
0 0.597917 0.927083 0.037500 0.052083
0 0.718229 0.298438 0.044792 0.055208
0 0.310417 0.572396 0.043750 0.028125
0 0.399479 0.499479 0.055208 0.042708
0 0.558333 0.422917 0.039583 0.047917
0 0.556250 0.523958 0.025000 0.037500
0 0.592187 0.562500 0.048958 0.041667
0 0.134375 0.773438 0.043750 0.026042
0 0.568750 0.787500 0.033333 0.045833
0 0.275521 0.520312 0.042708 0.044792
0 0.757292 0.148438 0.033333 0.048958
0 0.311458 0.182292 0.043750 0.035417
0 0.729167 0.488021 0.039583 0.036458
0 0.605729 0.353125 0.034375 0.047917
0 0.684896 0.175000 0.032292 0.052083
0 0.276562 0.814063 0.051042 0.040625
0 0.234375 0.267188 0.039583 0.026042
0 0.791667 0.574479 0.052083 0.051042
0 0.359896 0.611458 0.038542 0.047917
0 0.327083 0.527604 0.037500 0.040625
0 0.793750 0.736979 0.047917 0.030208
0 0.698438 0.299479 0.032292 0.048958
0 0.913021 0.429167 0.038542 0.043750
0 0.782292 0.873437 0.041667 0.023958
0 0.874479 0.525000 0.048958 0.025000
0 0.563021 0.272917 0.046875 0.031250
0 0.286979 0.184896 0.048958 0.030208
0 0.256771 0.553646 0.038542 0.038542
0 0.269792 0.420312 0.045833 0.036458
0 0.768229 0.347917 0.051042 0.033333
0 0.325000 0.721354 0.052083 0.053125
0 0.170313 0.091667 0.021875 0.039583
0 0.205208 0.580208 0.041667 0.031250
0 0.863542 0.773438 0.025000 0.046875
0 0.101562 0.286979 0.040625 0.051042
0 0.109375 0.639062 0.047917 0.028125
0 0.586979 0.708333 0.038542 0.031250
0 0.835417 0.544792 0.047917 0.039583
0 0.783333 0.092188 0.031250 0.040625
0 0.138021 0.231250 0.021875 0.037500
0 0.528125 0.780729 0.020833 0.038542
0 0.118229 0.598958 0.030208 0.047917
0 0.662500 0.837500 0.020833 0.039583
0 0.354687 0.569271 0.038542 0.051042
0 0.695833 0.697396 0.027083 0.040625
0 0.811458 0.134896 0.043750 0.042708
0 0.536979 0.132292 0.036458 0.037500
0 0.964583 0.467708 0.045833 0.045833
0 0.221875 0.601562 0.039583 0.044792
0 0.967708 0.105729 0.050000 0.036458
0 0.485417 0.314583 0.033333 0.047917
0 0.536979 0.505729 0.028125 0.040625
0 0.184375 0.754687 0.041667 0.044792
0 0.759375 0.850000 0.037500 0.031250
0 0.393750 0.597917 0.043750 0.033333
0 0.893229 0.530208 0.044792 0.025000
0 0.481771 0.242708 0.036458 0.018750
0 0.626042 0.076042 0.043750 0.035417
0 0.225521 0.288021 0.030208 0.044792
0 0.155208 0.247917 0.031250 0.037500
0 0.852083 0.266146 0.043750 0.026042
0 0.813021 0.908333 0.036458 0.052083
0 0.220312 0.943750 0.030208 0.043750
0 0.355208 0.445312 0.047917 0.053125
0 0.818750 0.816146 0.054167 0.044792
0 0.948958 0.563021 0.054167 0.042708
0 0.484375 0.336458 0.033333 0.047917
0 0.368229 0.571354 0.032292 0.048958
0 0.498958 0.128125 0.050000 0.029167
0 0.475521 0.872917 0.042708 0.047917
0 0.259375 0.453646 0.039583 0.023958
0 0.096354 0.354687 0.044792 0.040625
0 0.267708 0.938021 0.043750 0.055208
0 0.763542 0.806250 0.035417 0.047917
0 0.541146 0.781771 0.042708 0.055208
0 0.559896 0.795312 0.040625 0.026042
0 0.877083 0.307812 0.029167 0.044792
0 0.543229 0.735938 0.034375 0.040625
0 0.572396 0.392708 0.030208 0.039583
0 0.798438 0.546875 0.046875 0.029167
0 0.212500 0.821875 0.037500 0.033333
0 0.311979 0.490625 0.040625 0.041667
0 0.226042 0.611979 0.039583 0.023958
0 0.920312 0.833333 0.051042 0.029167
0 0.133333 0.454688 0.029167 0.046875
0 0.687500 0.190104 0.037500 0.044792
0 0.505208 0.459375 0.047917 0.027083
0 0.305208 0.832292 0.041667 0.025000
0 0.739062 0.895833 0.042708 0.027083
0 0.896354 0.641667 0.034375 0.039583
0 0.547917 0.924479 0.031250 0.051042
0 0.741146 0.822917 0.051042 0.047917
0 0.394271 0.772917 0.040625 0.047917
0 0.522396 0.177604 0.038542 0.038542
0 0.152604 0.788542 0.028125 0.039583
0 0.156250 0.865625 0.020833 0.039583
0 0.338542 0.441667 0.041667 0.037500
0 0.543750 0.667188 0.033333 0.053125
0 0.401042 0.200521 0.050000 0.028125
0 0.518229 0.966146 0.028125 0.051042
0 0.480729 0.717187 0.046875 0.028125
0 0.577083 0.424479 0.041667 0.055208
0 0.102083 0.722396 0.029167 0.048958
0 0.123958 0.386979 0.050000 0.042708
0 0.500521 0.726562 0.040625 0.051042
0 0.869792 0.226562 0.045833 0.036458
0 0.279687 0.411979 0.048958 0.028125
0 0.113542 0.062500 0.041667 0.020833
0 0.582812 0.464062 0.034375 0.040625
0 0.088542 0.503125 0.052083 0.039583
0 0.074479 0.103125 0.042708 0.025000
0 0.698958 0.884375 0.047917 0.035417
0 0.265625 0.241146 0.054167 0.048958
0 0.713021 0.822917 0.046875 0.043750
0 0.300521 0.765104 0.044792 0.040625
0 0.582812 0.613021 0.042708 0.023958
0 0.550521 0.596354 0.028125 0.040625
0 0.680208 0.144792 0.037500 0.041667
0 0.071875 0.639583 0.025000 0.037500
0 0.175521 0.664583 0.038542 0.035417
0 0.502083 0.658333 0.045833 0.045833
0 0.730729 0.890625 0.053125 0.043750
0 0.616667 0.440104 0.039583 0.034375
0 0.769792 0.558854 0.037500 0.044792
0 0.257292 0.924479 0.041667 0.023958
0 0.572917 0.229167 0.037500 0.027083
0 0.631771 0.298958 0.051042 0.031250
0 0.193750 0.651563 0.029167 0.046875
0 0.882812 0.318750 0.051042 0.047917
0 0.949479 0.761979 0.036458 0.040625
0 0.114583 0.081250 0.033333 0.043750
0 0.778646 0.948438 0.032292 0.040625
0 0.505729 0.742708 0.034375 0.047917
0 0.529687 0.256771 0.055208 0.042708
0 0.081771 0.895312 0.044792 0.055208
0 0.236458 0.774479 0.041667 0.032292
0 0.291667 0.776563 0.033333 0.044792
0 0.820833 0.739583 0.027083 0.037500
0 0.685937 0.856771 0.038542 0.023958
0 0.547917 0.647917 0.043750 0.045833
0 0.907813 0.847396 0.032292 0.053125
0 0.960417 0.116146 0.052083 0.032292
0 0.316146 0.615104 0.044792 0.040625
0 0.306771 0.132292 0.019792 0.035417
0 0.971354 0.291667 0.048958 0.035417
0 0.646875 0.269271 0.043750 0.030208
0 0.541146 0.327604 0.051042 0.053125
0 0.267708 0.363542 0.029167 0.045833
0 0.104688 0.181771 0.038542 0.023958
0 0.723958 0.903646 0.029167 0.051042
0 0.190625 0.501042 0.052083 0.043750
0 0.184375 0.651563 0.039583 0.034375
0 0.194271 0.283333 0.053125 0.041667
0 0.586458 0.094271 0.035417 0.040625
0 0.101042 0.433854 0.054167 0.038542
0 0.727604 0.813021 0.038542 0.040625
0 0.390625 0.617708 0.047917 0.033333
0 0.682292 0.480208 0.031250 0.041667
0 0.171875 0.699479 0.039583 0.026042
0 0.360938 0.444792 0.048958 0.037500
0 0.437500 0.420312 0.045833 0.036458
0 0.930208 0.867708 0.045833 0.029167
0 0.334896 0.685937 0.036458 0.051042
0 0.926042 0.406250 0.041667 0.037500
0 0.904167 0.825521 0.031250 0.044792
0 0.160417 0.103646 0.035417 0.044792
0 0.410417 0.825000 0.047917 0.039583
0 0.651563 0.480208 0.040625 0.041667
0 0.609896 0.816667 0.038542 0.025000
0 0.715104 0.798958 0.036458 0.018750
0 0.256250 0.160938 0.045833 0.023958
0 0.925521 0.563542 0.053125 0.043750
0 0.644271 0.429167 0.048958 0.052083
0 0.714063 0.526563 0.040625 0.026042
0 0.539062 0.200521 0.051042 0.036458
0 0.761979 0.929688 0.046875 0.034375
0 0.433333 0.928125 0.027083 0.045833
0 0.679167 0.161979 0.018750 0.036458
0 0.495312 0.479687 0.028125 0.040625
0 0.160417 0.541667 0.052083 0.043750
0 0.603646 0.399479 0.046875 0.055208
0 0.521875 0.641146 0.035417 0.040625
0 0.638021 0.670833 0.032292 0.039583
0 0.630208 0.957292 0.050000 0.050000
0 0.310417 0.122396 0.039583 0.038542
0 0.104688 0.353646 0.040625 0.036458
0 0.543229 0.351562 0.044792 0.042708
0 0.161979 0.888542 0.038542 0.031250
0 0.497917 0.169792 0.039583 0.022917
0 0.713021 0.083333 0.048958 0.041667
0 0.240104 0.077604 0.042708 0.051042
0 0.148438 0.834896 0.040625 0.030208
0 0.574479 0.750521 0.023958 0.042708
0 0.613542 0.897917 0.052083 0.045833
0 0.830208 0.873958 0.020833 0.035417
0 0.274479 0.640625 0.038542 0.033333
0 0.678125 0.358333 0.045833 0.027083
0 0.120313 0.122396 0.040625 0.028125
0 0.120313 0.685937 0.042708 0.055208
0 0.705729 0.509375 0.034375 0.037500
0 0.598437 0.463021 0.030208 0.048958
0 0.419792 0.772396 0.043750 0.021875
0 0.810417 0.780729 0.043750 0.040625
0 0.643229 0.246354 0.021875 0.038542
0 0.128125 0.236979 0.050000 0.026042
0 0.187500 0.729167 0.041667 0.047917
0 0.886458 0.841146 0.050000 0.038542
0 0.194792 0.957812 0.050000 0.040625
0 0.867188 0.333333 0.053125 0.039583
0 0.448958 0.835417 0.041667 0.047917
0 0.184375 0.312500 0.041667 0.039583
0 0.309896 0.471875 0.038542 0.031250
0 0.108854 0.526042 0.038542 0.047917
0 0.251563 0.441146 0.019792 0.038542
0 0.106250 0.640625 0.037500 0.031250
0 0.614062 0.161458 0.046875 0.043750
0 0.967187 0.305729 0.051042 0.038542
0 0.448437 0.948958 0.030208 0.050000
0 0.073438 0.335417 0.040625 0.020833
0 0.528646 0.740625 0.048958 0.027083
0 0.180729 0.506250 0.036458 0.043750
0 0.624479 0.326042 0.051042 0.031250
0 0.740104 0.327083 0.019792 0.039583
0 0.744792 0.404167 0.052083 0.041667
0 0.531250 0.783854 0.047917 0.046875
0 0.581250 0.113021 0.035417 0.044792
0 0.246875 0.807813 0.033333 0.044792
0 0.447396 0.965104 0.048958 0.046875
0 0.670833 0.339062 0.025000 0.042708
0 0.530729 0.282292 0.036458 0.020833
0 0.810417 0.247396 0.050000 0.040625
0 0.816667 0.922917 0.045833 0.043750
0 0.795833 0.902083 0.037500 0.035417
0 0.161979 0.763542 0.048958 0.050000
0 0.842708 0.522917 0.037500 0.031250
0 0.756250 0.100000 0.047917 0.052083
0 0.142187 0.360417 0.044792 0.025000
0 0.604688 0.641146 0.040625 0.030208
0 0.480208 0.127083 0.039583 0.022917
0 0.107292 0.898438 0.025000 0.046875
0 0.947396 0.327604 0.026042 0.046875
0 0.524479 0.406250 0.038542 0.031250
0 0.734375 0.786458 0.035417 0.037500
0 0.396354 0.452083 0.046875 0.052083
0 0.177604 0.899479 0.026042 0.044792
0 0.960938 0.252083 0.044792 0.052083
0 0.809896 0.612500 0.046875 0.045833
0 0.279167 0.157292 0.035417 0.037500
0 0.133333 0.254167 0.039583 0.041667
0 0.500521 0.139583 0.038542 0.031250
0 0.736979 0.341667 0.051042 0.031250
0 0.485938 0.821354 0.048958 0.044792
0 0.726562 0.535417 0.042708 0.054167
0 0.502604 0.704167 0.036458 0.037500
0 0.818750 0.435937 0.047917 0.053125
0 0.310417 0.776042 0.037500 0.033333
0 0.093229 0.565104 0.040625 0.028125
0 0.283333 0.522396 0.039583 0.026042
0 0.738021 0.605729 0.038542 0.021875
0 0.486979 0.446354 0.032292 0.044792
0 0.622396 0.326042 0.023958 0.043750
0 0.437500 0.518229 0.043750 0.026042
0 0.860938 0.198958 0.040625 0.054167
0 0.816146 0.753646 0.036458 0.040625
0 0.459896 0.481250 0.030208 0.039583
0 0.808333 0.836458 0.029167 0.045833
0 0.415104 0.144271 0.055208 0.040625
0 0.116667 0.281250 0.029167 0.037500
0 0.938542 0.605729 0.052083 0.051042
0 0.832812 0.447396 0.046875 0.034375
0 0.545312 0.498437 0.051042 0.038542
0 0.649479 0.877604 0.023958 0.038542
0 0.473438 0.942708 0.042708 0.054167
0 0.147917 0.568750 0.047917 0.025000
0 0.796875 0.385417 0.041667 0.047917
0 0.717187 0.176042 0.048958 0.027083
0 0.889062 0.531250 0.030208 0.047917
0 0.856771 0.247396 0.036458 0.051042
0 0.791667 0.896354 0.054167 0.048958
0 0.858854 0.529167 0.053125 0.037500
0 0.882812 0.577083 0.028125 0.039583
0 0.442188 0.265625 0.036458 0.018750
0 0.292708 0.565104 0.045833 0.048958
0 0.452604 0.546875 0.046875 0.031250
0 0.711458 0.400000 0.035417 0.020833
0 0.791667 0.418229 0.043750 0.040625
0 0.902604 0.273438 0.055208 0.046875
0 0.328125 0.684896 0.050000 0.053125
0 0.655729 0.311458 0.042708 0.039583
0 0.280729 0.629687 0.028125 0.044792
0 0.493229 0.104167 0.046875 0.052083
0 0.729167 0.080208 0.047917 0.041667
0 0.143750 0.184896 0.043750 0.055208
0 0.167187 0.638542 0.040625 0.052083
0 0.955208 0.935937 0.039583 0.036458
0 0.382812 0.447396 0.040625 0.036458
0 0.326042 0.547917 0.022917 0.037500
0 0.435417 0.157292 0.047917 0.037500
0 0.811979 0.717187 0.048958 0.055208
0 0.744792 0.775000 0.035417 0.052083
0 0.181250 0.685417 0.047917 0.033333
0 0.072396 0.897396 0.038542 0.051042
0 0.420312 0.100000 0.044792 0.025000
0 0.522917 0.950521 0.054167 0.046875
0 0.336458 0.923438 0.045833 0.055208
0 0.701042 0.806250 0.037500 0.047917
0 0.431250 0.422917 0.045833 0.052083
0 0.581250 0.870833 0.025000 0.041667
0 0.819271 0.419271 0.055208 0.046875
0 0.502604 0.361458 0.023958 0.043750
0 0.281771 0.872917 0.038542 0.043750
0 0.363542 0.277604 0.041667 0.048958
0 0.472917 0.618229 0.043750 0.042708
0 0.446354 0.237500 0.046875 0.022917
0 0.348438 0.968229 0.026042 0.046875
0 0.601042 0.866667 0.043750 0.035417
0 0.623437 0.703125 0.044792 0.052083
0 0.606250 0.297396 0.039583 0.030208
0 0.180729 0.522917 0.038542 0.043750
0 0.240104 0.953125 0.038542 0.018750
0 0.819792 0.775521 0.047917 0.032292
0 0.134896 0.920312 0.040625 0.032292
0 0.695833 0.756771 0.047917 0.046875
0 0.439063 0.110937 0.038542 0.046875
0 0.382292 0.305729 0.045833 0.034375
0 0.534375 0.790104 0.041667 0.044792
0 0.521875 0.558854 0.035417 0.017708
0 0.587500 0.288542 0.027083 0.047917
0 0.445833 0.612500 0.027083 0.047917
0 0.486458 0.186458 0.037500 0.025000
0 0.486458 0.667188 0.035417 0.048958
0 0.837500 0.314063 0.037500 0.053125
0 0.079687 0.606250 0.036458 0.018750
0 0.459896 0.540104 0.053125 0.051042
0 0.795833 0.206771 0.022917 0.038542
0 0.840104 0.740625 0.048958 0.037500
0 0.480729 0.821875 0.042708 0.054167
0 0.382292 0.224479 0.031250 0.040625
0 0.353646 0.818229 0.040625 0.023958
0 0.684896 0.428125 0.040625 0.047917
0 0.247917 0.757292 0.033333 0.047917
0 0.346875 0.122917 0.041667 0.039583
0 0.203646 0.587500 0.036458 0.047917
0 0.434896 0.858854 0.051042 0.042708
0 0.903125 0.238021 0.039583 0.030208
0 0.822917 0.415625 0.041667 0.031250
0 0.348958 0.589063 0.037500 0.048958
0 0.435937 0.333854 0.038542 0.055208
0 0.475521 0.143229 0.023958 0.040625
0 0.105208 0.710417 0.037500 0.027083
0 0.695833 0.229687 0.037500 0.044792
0 0.468750 0.935417 0.037500 0.022917
0 0.518229 0.580729 0.021875 0.042708
0 0.578125 0.937500 0.047917 0.039583
0 0.951562 0.733854 0.051042 0.040625
0 0.376563 0.712500 0.040625 0.022917
0 0.436458 0.685417 0.041667 0.027083
0 0.081771 0.917188 0.040625 0.036458
0 0.807292 0.783854 0.027083 0.046875
0 0.369271 0.179167 0.021875 0.037500
0 0.309375 0.709896 0.029167 0.044792
0 0.582812 0.726562 0.044792 0.021875
0 0.832812 0.537500 0.038542 0.047917
0 0.616146 0.207292 0.030208 0.039583
0 0.859375 0.629167 0.043750 0.052083
0 0.225000 0.071875 0.031250 0.037500
0 0.281250 0.635938 0.033333 0.053125
0 0.513021 0.544792 0.040625 0.020833
0 0.179167 0.397917 0.029167 0.041667
0 0.434896 0.416667 0.034375 0.037500
0 0.373958 0.759375 0.035417 0.043750
0 0.756771 0.880729 0.038542 0.040625
0 0.856250 0.801042 0.041667 0.037500
0 0.220833 0.806771 0.054167 0.048958
0 0.143750 0.531771 0.033333 0.044792
0 0.815625 0.690104 0.039583 0.038542
0 0.192188 0.760417 0.028125 0.043750
0 0.506771 0.283333 0.042708 0.031250
0 0.544792 0.159375 0.039583 0.052083
0 0.434375 0.300000 0.045833 0.043750
0 0.746354 0.579167 0.046875 0.033333
0 0.883854 0.271875 0.032292 0.047917
0 0.843229 0.765104 0.053125 0.051042
0 0.593229 0.884896 0.034375 0.040625
0 0.336979 0.456250 0.046875 0.031250
0 0.944271 0.840104 0.048958 0.032292
0 0.593750 0.110937 0.037500 0.038542
0 0.319271 0.381250 0.034375 0.052083
0 0.873958 0.290625 0.037500 0.031250
0 0.106771 0.782292 0.021875 0.037500
0 0.489583 0.400521 0.045833 0.032292
0 0.189062 0.439063 0.040625 0.036458
0 0.153646 0.328646 0.040625 0.030208
0 0.243229 0.659375 0.036458 0.018750
0 0.210417 0.760938 0.050000 0.034375
0 0.252604 0.576562 0.040625 0.051042