0 0.441146 0.385937 0.040625 0.055208
0 0.243229 0.293750 0.046875 0.043750
0 0.751563 0.491667 0.038542 0.027083
0 0.813542 0.604167 0.043750 0.045833
0 0.248958 0.330208 0.037500 0.033333
0 0.359375 0.755729 0.050000 0.034375
0 0.917708 0.120833 0.045833 0.031250
0 0.193229 0.795312 0.040625 0.055208
0 0.235937 0.166667 0.038542 0.047917
0 0.138021 0.498958 0.038542 0.031250
0 0.461458 0.366146 0.047917 0.046875
0 0.201042 0.725000 0.041667 0.037500
0 0.642188 0.860938 0.051042 0.042708
0 0.421875 0.648438 0.037500 0.044792
0 0.683333 0.931771 0.033333 0.040625
0 0.348438 0.419271 0.023958 0.042708
0 0.119271 0.685937 0.038542 0.046875
0 0.458854 0.969792 0.044792 0.052083
0 0.833854 0.742188 0.038542 0.019792
0 0.618229 0.198958 0.026042 0.037500
0 0.169792 0.503125 0.045833 0.031250
0 0.828125 0.596875 0.041667 0.029167
0 0.520312 0.144271 0.040625 0.032292
0 0.934375 0.438021 0.029167 0.040625
0 0.130729 0.092708 0.042708 0.041667
0 0.123438 0.506250 0.040625 0.041667
0 0.117708 0.854688 0.029167 0.040625
0 0.152083 0.190625 0.050000 0.047917
0 0.507812 0.644792 0.038542 0.031250
0 0.279167 0.920833 0.037500 0.035417
0 0.622917 0.517708 0.037500 0.047917
0 0.852604 0.474479 0.055208 0.036458
0 0.881771 0.460417 0.023958 0.047917
0 0.783333 0.773958 0.047917 0.052083
0 0.080208 0.539062 0.039583 0.044792
0 0.435937 0.345313 0.026042 0.040625
0 0.628646 0.556250 0.048958 0.052083
0 0.202604 0.772396 0.036458 0.046875
0 0.755729 0.096354 0.040625 0.036458
0 0.924479 0.360938 0.051042 0.040625
0 0.422396 0.135937 0.055208 0.051042
0 0.254688 0.145833 0.038542 0.031250
0 0.113021 0.665104 0.046875 0.048958
0 0.079167 0.843750 0.045833 0.029167
0 0.373437 0.164062 0.042708 0.044792
0 0.671354 0.921875 0.040625 0.041667
0 0.291667 0.278646 0.033333 0.044792
0 0.790104 0.308333 0.048958 0.027083
0 0.664583 0.280208 0.047917 0.039583
0 0.965625 0.910417 0.047917 0.041667
0 0.517708 0.880208 0.029167 0.037500
0 0.371875 0.551562 0.039583 0.032292
0 0.933854 0.203125 0.038542 0.043750
0 0.482292 0.885938 0.039583 0.030208
0 0.545312 0.159896 0.021875 0.038542
0 0.843229 0.322396 0.051042 0.038542
0 0.538021 0.384896 0.032292 0.046875
0 0.516146 0.154688 0.034375 0.040625
0 0.876563 0.917188 0.046875 0.034375
0 0.306250 0.184896 0.050000 0.042708
0 0.578125 0.680208 0.035417 0.037500
0 0.489583 0.661458 0.037500 0.029167
0 0.545312 0.327604 0.030208 0.044792
0 0.519792 0.140104 0.039583 0.026042
0 0.886458 0.508854 0.035417 0.053125
0 0.516667 0.426563 0.054167 0.048958
0 0.398958 0.934375 0.050000 0.029167
0 0.313021 0.692708 0.028125 0.045833
0 0.325521 0.482812 0.040625 0.046875
0 0.333333 0.332292 0.052083 0.043750
0 0.790625 0.867188 0.039583 0.048958
0 0.682292 0.525521 0.027083 0.042708
0 0.632812 0.739062 0.044792 0.055208
0 0.371354 0.859375 0.048958 0.033333
0 0.534375 0.092188 0.039583 0.023958
0 0.651563 0.464583 0.048958 0.039583
0 0.547917 0.313021 0.054167 0.044792
0 0.357812 0.154167 0.044792 0.052083
0 0.378646 0.531771 0.036458 0.040625
0 0.868229 0.666667 0.040625 0.041667
0 0.233333 0.606250 0.027083 0.037500
0 0.535417 0.228125 0.037500 0.025000
0 0.726562 0.148958 0.038542 0.052083
0 0.692187 0.188542 0.048958 0.041667
0 0.748437 0.080729 0.055208 0.044792
0 0.705729 0.204687 0.030208 0.040625
0 0.161979 0.678646 0.040625 0.034375
0 0.803125 0.572396 0.031250 0.040625
0 0.745833 0.808854 0.047917 0.046875
0 0.682292 0.114062 0.033333 0.040625
0 0.475000 0.227604 0.043750 0.048958
0 0.769792 0.563542 0.050000 0.031250
0 0.884896 0.746875 0.044792 0.037500
0 0.292187 0.695312 0.021875 0.038542
0 0.511458 0.878646 0.041667 0.021875
0 0.865625 0.150521 0.054167 0.044792
0 0.920312 0.529687 0.030208 0.048958
0 0.406771 0.442188 0.044792 0.026042
0 0.268229 0.321354 0.044792 0.028125
0 0.444271 0.582292 0.021875 0.039583
0 0.348958 0.632812 0.031250 0.048958
0 0.233333 0.626042 0.039583 0.022917
0 0.535417 0.374479 0.054167 0.046875
0 0.865104 0.265104 0.036458 0.017708
0 0.263021 0.810937 0.051042 0.042708
0 0.524479 0.300521 0.021875 0.038542
0 0.906250 0.654167 0.052083 0.043750
0 0.623437 0.901042 0.053125 0.043750
0 0.452604 0.861458 0.034375 0.043750
0 0.427083 0.086458 0.043750 0.035417
0 0.608333 0.843229 0.033333 0.044792
0 0.587500 0.666667 0.031250 0.037500
0 0.445833 0.141146 0.033333 0.048958
0 0.687500 0.583333 0.047917 0.037500
0 0.486458 0.522396 0.020833 0.038542
0 0.578646 0.464062 0.044792 0.030208
0 0.424479 0.838542 0.030208 0.050000
0 0.289062 0.822917 0.032292 0.043750
0 0.081771 0.431250 0.023958 0.041667
0 0.664583 0.633333 0.035417 0.037500
0 0.511979 0.918750 0.038542 0.043750
0 0.463021 0.780208 0.042708 0.027083
0 0.614583 0.258854 0.050000 0.028125
0 0.526563 0.202604 0.021875 0.038542
0 0.523958 0.596354 0.031250 0.048958
0 0.764062 0.518750 0.026042 0.039583
0 0.876042 0.369792 0.031250 0.045833
0 0.565625 0.584375 0.043750 0.035417
0 0.619792 0.080729 0.035417 0.044792
0 0.498437 0.203125 0.030208 0.047917
0 0.921875 0.547396 0.029167 0.051042
0 0.833333 0.613021 0.039583 0.026042
0 0.088021 0.385937 0.030208 0.040625
0 0.811458 0.107813 0.033333 0.040625
0 0.326562 0.298958 0.042708 0.054167
0 0.404167 0.437500 0.041667 0.031250
0 0.640104 0.881250 0.030208 0.039583
0 0.341146 0.728125 0.040625 0.025000
0 0.375521 0.885938 0.038542 0.019792
0 0.441667 0.672396 0.043750 0.040625
0 0.563542 0.197917 0.020833 0.035417
0 0.386979 0.423438 0.051042 0.026042
0 0.209896 0.451562 0.048958 0.028125
0 0.923438 0.379167 0.038542 0.031250
0 0.895312 0.653646 0.023958 0.046875
0 0.166146 0.694271 0.038542 0.019792
0 0.807813 0.484375 0.028125 0.041667
0 0.956250 0.671354 0.027083 0.042708
0 0.609375 0.917708 0.025000 0.043750
0 0.625000 0.577083 0.037500 0.041667
0 0.899479 0.854167 0.048958 0.041667
0 0.126562 0.399479 0.053125 0.053125
0 0.591667 0.138542 0.022917 0.037500
0 0.085417 0.835938 0.045833 0.038542
0 0.498437 0.073438 0.038542 0.023958
0 0.247396 0.598437 0.023958 0.046875
0 0.782813 0.474479 0.034375 0.040625
0 0.376563 0.724479 0.048958 0.032292
0 0.541146 0.486979 0.048958 0.030208
0 0.866667 0.195833 0.041667 0.052083
0 0.089583 0.423438 0.050000 0.040625
0 0.247396 0.142708 0.021875 0.041667
0 0.527083 0.454167 0.050000 0.050000
0 0.355729 0.098437 0.040625 0.036458
0 0.758333 0.493750 0.045833 0.045833
0 0.097396 0.202083 0.038542 0.047917
0 0.681771 0.614583 0.048958 0.033333
0 0.499479 0.916146 0.026042 0.046875
0 0.192708 0.331250 0.052083 0.043750
0 0.806250 0.878646 0.029167 0.040625
0 0.072917 0.379688 0.037500 0.048958
0 0.469792 0.373958 0.033333 0.052083
0 0.201042 0.101562 0.041667 0.032292
0 0.369271 0.704688 0.032292 0.048958
0 0.901563 0.348958 0.026042 0.041667
0 0.252604 0.766667 0.044792 0.052083
0 0.678646 0.614583 0.053125 0.041667
0 0.638542 0.131250 0.041667 0.027083
0 0.634375 0.526042 0.041667 0.052083
0 0.239063 0.448437 0.040625 0.051042
0 0.462500 0.445312 0.041667 0.044792
0 0.944792 0.703646 0.054167 0.040625
0 0.952083 0.541146 0.041667 0.048958
0 0.763021 0.591146 0.038542 0.023958
0 0.082292 0.788542 0.041667 0.047917
0 0.504687 0.504687 0.051042 0.044792
0 0.920833 0.603125 0.039583 0.022917
0 0.448958 0.471875 0.037500 0.035417
0 0.413542 0.878125 0.045833 0.045833
0 0.618229 0.936458 0.036458 0.037500
0 0.774479 0.641667 0.036458 0.047917
0 0.391667 0.942187 0.037500 0.019792
0 0.859375 0.351042 0.035417 0.037500
0 0.951562 0.383333 0.042708 0.054167
0 0.126042 0.685937 0.039583 0.044792
0 0.180729 0.946354 0.051042 0.034375
0 0.970313 0.937500 0.053125 0.045833
0 0.588542 0.196354 0.050000 0.034375
0 0.726562 0.714063 0.026042 0.040625
0 0.581771 0.861979 0.055208 0.048958
0 0.718750 0.231771 0.050000 0.028125
0 0.751042 0.270833 0.047917 0.037500
0 0.723437 0.080208 0.030208 0.043750
0 0.306771 0.232292 0.026042 0.041667
0 0.766667 0.580729 0.035417 0.040625
0 0.253125 0.510417 0.041667 0.031250
0 0.633333 0.088542 0.043750 0.025000
0 0.101042 0.948438 0.054167 0.040625
0 0.659375 0.325000 0.020833 0.035417
0 0.531771 0.736979 0.040625 0.036458
0 0.902083 0.076042 0.043750 0.045833
0 0.583333 0.868229 0.050000 0.036458
0 0.157812 0.721354 0.053125 0.051042
0 0.441146 0.947396 0.019792 0.038542
0 0.662500 0.506771 0.050000 0.053125
0 0.264062 0.598958 0.046875 0.031250
0 0.482812 0.521354 0.046875 0.055208
0 0.361458 0.302604 0.050000 0.053125
0 0.502604 0.141146 0.055208 0.046875
0 0.118750 0.135417 0.045833 0.052083
0 0.355208 0.721354 0.047917 0.046875
0 0.520312 0.230208 0.042708 0.037500
0 0.458854 0.075000 0.021875 0.037500
0 0.144271 0.376042 0.048958 0.033333
0 0.585417 0.919792 0.035417 0.020833
0 0.667188 0.619792 0.028125 0.050000
0 0.201563 0.077083 0.038542 0.035417
0 0.351562 0.744271 0.032292 0.044792
0 0.883333 0.693229 0.033333 0.040625
0 0.920312 0.473438 0.034375 0.040625
0 0.675521 0.441146 0.055208 0.051042
0 0.515104 0.073438 0.053125 0.034375
0 0.676042 0.626042 0.045833 0.043750
0 0.157812 0.201563 0.034375 0.053125
0 0.891146 0.827604 0.026042 0.051042
0 0.467187 0.246354 0.053125 0.032292
0 0.690625 0.456771 0.043750 0.042708
0 0.756250 0.194792 0.020833 0.039583
0 0.455729 0.196875 0.030208 0.039583
0 0.439063 0.490104 0.053125 0.032292
0 0.216667 0.108854 0.054167 0.038542
0 0.610417 0.174479 0.050000 0.026042
0 0.942187 0.152604 0.023958 0.046875
0 0.878646 0.458854 0.040625 0.019792
0 0.438542 0.532813 0.050000 0.053125
0 0.246354 0.687500 0.023958 0.045833
0 0.506771 0.491146 0.055208 0.046875
0 0.188021 0.874479 0.036458 0.040625
0 0.765625 0.859896 0.037500 0.044792
0 0.198437 0.922917 0.026042 0.037500
0 0.405729 0.434375 0.032292 0.047917
0 0.152604 0.312500 0.036458 0.022917
0 0.370312 0.177083 0.028125 0.039583
0 0.735938 0.158333 0.034375 0.047917
0 0.259375 0.891667 0.050000 0.047917
0 0.701042 0.239063 0.037500 0.048958
0 0.927083 0.372396 0.039583 0.036458
0 0.283333 0.311979 0.052083 0.032292
0 0.581771 0.179688 0.038542 0.055208
0 0.288542 0.298438 0.045833 0.032292
0 0.080729 0.905208 0.038542 0.029167
0 0.420312 0.625000 0.048958 0.035417
0 0.516146 0.820833 0.036458 0.018750
0 0.759896 0.678646 0.026042 0.040625
0 0.714583 0.631771 0.054167 0.048958
0 0.682813 0.298438 0.038542 0.023958
0 0.674479 0.082812 0.040625 0.034375
0 0.252083 0.327604 0.045833 0.026042
0 0.186979 0.177083 0.048958 0.039583
0 0.311458 0.532813 0.045833 0.026042
0 0.950000 0.097396 0.054167 0.042708
0 0.842187 0.241667 0.040625 0.054167
0 0.946875 0.201042 0.041667 0.029167
0 0.529167 0.950521 0.041667 0.023958
0 0.747396 0.881250 0.048958 0.027083
0 0.563021 0.277604 0.021875 0.038542
0 0.720313 0.259896 0.044792 0.040625
0 0.440104 0.443229 0.040625 0.038542
0 0.117708 0.642708 0.050000 0.029167
0 0.826042 0.927083 0.035417 0.037500
0 0.207292 0.825000 0.031250 0.045833
0 0.327604 0.139063 0.046875 0.032292
0 0.791667 0.788542 0.041667 0.029167
0 0.258333 0.891146 0.039583 0.026042
0 0.755208 0.828125 0.037500 0.027083
0 0.659375 0.609375 0.047917 0.035417
0 0.244271 0.512500 0.053125 0.047917
0 0.145833 0.479167 0.027083 0.041667
0 0.518750 0.324479 0.031250 0.040625
0 0.613542 0.520312 0.052083 0.051042
0 0.659375 0.902604 0.033333 0.048958
0 0.263021 0.817187 0.042708 0.051042
0 0.492708 0.501042 0.039583 0.041667
0 0.179688 0.242708 0.034375 0.043750
0 0.393750 0.531771 0.041667 0.048958
0 0.139063 0.508333 0.038542 0.029167
0 0.381250 0.852083 0.052083 0.047917
0 0.411979 0.352604 0.055208 0.040625
0 0.909896 0.167187 0.044792 0.044792
0 0.484896 0.221875 0.032292 0.043750
0 0.710417 0.418229 0.052083 0.051042
0 0.234375 0.495312 0.039583 0.026042
0 0.788021 0.916146 0.055208 0.046875
0 0.540104 0.925521 0.040625 0.030208
0 0.954167 0.576562 0.045833 0.038542
0 0.968229 0.600000 0.053125 0.039583
0 0.315104 0.241667 0.021875 0.037500
0 0.289062 0.623958 0.048958 0.033333
0 0.253646 0.601042 0.053125 0.041667
0 0.064583 0.725521 0.025000 0.044792
0 0.884896 0.604688 0.053125 0.051042
0 0.178125 0.747396 0.054167 0.044792
0 0.926562 0.400521 0.040625 0.036458
0 0.591146 0.210938 0.036458 0.040625
0 0.491146 0.503125 0.042708 0.029167
0 0.826562 0.278646 0.040625 0.055208
0 0.766667 0.748958 0.029167 0.050000
0 0.094792 0.519792 0.041667 0.029167
0 0.556771 0.776042 0.036458 0.037500
0 0.698958 0.442708 0.047917 0.033333
0 0.523438 0.609896 0.028125 0.048958
0 0.230208 0.242188 0.039583 0.032292
0 0.230208 0.804167 0.033333 0.037500
0 0.223958 0.216146 0.052083 0.032292
0 0.679688 0.391667 0.044792 0.052083
0 0.351562 0.526042 0.019792 0.037500
0 0.349479 0.510417 0.038542 0.031250
0 0.355729 0.490625 0.036458 0.037500
0 0.754167 0.494271 0.054167 0.042708
0 0.941146 0.183333 0.051042 0.031250
0 0.699479 0.804688 0.032292 0.053125
0 0.157292 0.456771 0.045833 0.026042
0 0.764062 0.587500 0.048958 0.041667
0 0.565104 0.780729 0.048958 0.030208
0 0.918229 0.149479 0.051042 0.053125
0 0.611979 0.959375 0.048958 0.035417
0 0.328125 0.794271 0.037500 0.019792
0 0.779167 0.281250 0.045833 0.043750
0 0.382292 0.461979 0.039583 0.048958
0 0.563021 0.494271 0.055208 0.044792
0 0.868229 0.736979 0.038542 0.019792
0 0.969271 0.661458 0.042708 0.039583
0 0.866146 0.817708 0.053125 0.037500
0 0.187500 0.227083 0.050000 0.050000
0 0.567708 0.243229 0.029167 0.040625
0 0.924479 0.782292 0.034375 0.043750
0 0.408333 0.765104 0.033333 0.048958
0 0.176042 0.439063 0.039583 0.055208
0 0.780729 0.753646 0.044792 0.026042
0 0.594792 0.505729 0.033333 0.040625
0 0.454167 0.800521 0.050000 0.042708
0 0.949479 0.470833 0.023958 0.037500
0 0.554688 0.527604 0.030208 0.048958
0 0.256250 0.511458 0.052083 0.037500
0 0.580208 0.836458 0.037500 0.033333
0 0.915104 0.878646 0.040625 0.028125
0 0.709375 0.825521 0.045833 0.038542
0 0.138021 0.669792 0.046875 0.045833
0 0.303646 0.833854 0.034375 0.048958
0 0.128646 0.481250 0.040625 0.022917
0 0.898958 0.488021 0.018750 0.036458
0 0.669271 0.267708 0.046875 0.031250
0 0.437500 0.866667 0.045833 0.052083
0 0.256771 0.378125 0.053125 0.043750
0 0.253646 0.228125 0.046875 0.052083
0 0.957812 0.904687 0.023958 0.042708
0 0.894792 0.647917 0.052083 0.035417
0 0.176563 0.950521 0.040625 0.023958
0 0.111458 0.507812 0.050000 0.042708
0 0.227083 0.589583 0.039583 0.041667
0 0.520833 0.450000 0.035417 0.020833
0 0.219792 0.105208 0.052083 0.045833
0 0.893750 0.723958 0.052083 0.045833
0 0.109896 0.289583 0.023958 0.047917
0 0.131250 0.729167 0.047917 0.037500
0 0.350000 0.365104 0.035417 0.040625
0 0.950000 0.266667 0.047917 0.039583
0 0.230208 0.697396 0.045833 0.023958
0 0.664583 0.730729 0.027083 0.051042
0 0.752083 0.895833 0.041667 0.047917
0 0.718750 0.528646 0.045833 0.038542
0 0.521875 0.144271 0.037500 0.040625
0 0.645312 0.119792 0.038542 0.052083
0 0.480208 0.129167 0.037500 0.027083