0 0.743750 0.703646 0.043750 0.028125
0 0.167187 0.538021 0.048958 0.028125
0 0.904687 0.269271 0.021875 0.042708
0 0.462500 0.929167 0.047917 0.039583
0 0.766146 0.601562 0.051042 0.038542
0 0.316667 0.652604 0.039583 0.036458
0 0.736458 0.885417 0.045833 0.031250
0 0.164583 0.929167 0.052083 0.035417
0 0.259375 0.067187 0.037500 0.019792
0 0.894792 0.722917 0.037500 0.035417
0 0.154167 0.621875 0.039583 0.041667
0 0.076563 0.817708 0.038542 0.052083
0 0.844271 0.516667 0.048958 0.035417
0 0.942708 0.333854 0.043750 0.055208
0 0.164062 0.835417 0.040625 0.054167
0 0.821875 0.143229 0.035417 0.040625
0 0.948958 0.864062 0.045833 0.034375
0 0.806250 0.597396 0.039583 0.034375
0 0.603646 0.380208 0.044792 0.052083
0 0.949479 0.357812 0.028125 0.040625
0 0.218229 0.615625 0.048958 0.033333
0 0.756771 0.111979 0.038542 0.021875
0 0.441146 0.934375 0.046875 0.052083
0 0.470833 0.402604 0.022917 0.040625
0 0.714583 0.325521 0.029167 0.040625
0 0.082812 0.095312 0.051042 0.055208
0 0.534896 0.586979 0.040625 0.030208
0 0.365104 0.945312 0.040625 0.055208
0 0.732292 0.626563 0.031250 0.051042
0 0.171354 0.266146 0.038542 0.019792
0 0.070833 0.157292 0.029167 0.041667
0 0.469271 0.470833 0.030208 0.047917
0 0.947396 0.736458 0.034375 0.043750
0 0.831771 0.275000 0.046875 0.045833
0 0.439063 0.518750 0.028125 0.050000
0 0.115104 0.775000 0.034375 0.043750
0 0.637500 0.857292 0.047917 0.033333
0 0.360938 0.658854 0.040625 0.026042
0 0.542188 0.486979 0.044792 0.040625
0 0.722396 0.888542 0.042708 0.031250
0 0.102083 0.159375 0.029167 0.037500
0 0.406771 0.706250 0.048958 0.037500
0 0.180208 0.637500 0.041667 0.029167
0 0.903125 0.695312 0.029167 0.046875
0 0.788542 0.845833 0.037500 0.031250
0 0.897917 0.846354 0.052083 0.051042
0 0.218750 0.866146 0.050000 0.038542
0 0.339062 0.881771 0.038542 0.023958
0 0.885417 0.675000 0.045833 0.029167
0 0.777604 0.855208 0.051042 0.031250
0 0.894792 0.176042 0.045833 0.052083
0 0.534375 0.686458 0.037500 0.029167
0 0.088542 0.463021 0.045833 0.023958
0 0.410417 0.557813 0.050000 0.053125
0 0.163021 0.885417 0.053125 0.041667
0 0.890104 0.770312 0.028125 0.040625
0 0.322396 0.435937 0.034375 0.046875
0 0.103125 0.548438 0.047917 0.053125
0 0.872396 0.176042 0.028125 0.043750
0 0.713542 0.268750 0.020833 0.039583
0 0.914583 0.218229 0.035417 0.040625
0 0.825521 0.179167 0.051042 0.029167
0 0.277083 0.897917 0.031250 0.045833
0 0.363542 0.082292 0.029167 0.045833
0 0.408333 0.091667 0.035417 0.037500
0 0.784896 0.239583 0.028125 0.050000
0 0.240625 0.222917 0.037500 0.043750
0 0.800000 0.589583 0.052083 0.037500
0 0.663021 0.892188 0.042708 0.044792
0 0.177083 0.187500 0.052083 0.043750
0 0.481250 0.616667 0.050000 0.050000
0 0.425000 0.131250 0.025000 0.047917
0 0.616667 0.459896 0.031250 0.048958
0 0.218229 0.326562 0.051042 0.038542
0 0.380208 0.799479 0.037500 0.048958
0 0.254688 0.470313 0.019792 0.038542
0 0.413542 0.523958 0.033333 0.047917
0 0.134375 0.291146 0.041667 0.023958
0 0.729167 0.515104 0.054167 0.038542
0 0.389062 0.936458 0.044792 0.047917
0 0.191146 0.714063 0.055208 0.046875
0 0.610938 0.886458 0.048958 0.037500
0 0.883333 0.853125 0.045833 0.052083
0 0.470833 0.222396 0.054167 0.036458
0 0.584375 0.798958 0.039583 0.022917
0 0.548958 0.397917 0.039583 0.052083
0 0.834896 0.752083 0.021875 0.043750
0 0.825521 0.842708 0.044792 0.045833
0 0.334375 0.601042 0.052083 0.043750
0 0.367188 0.355208 0.021875 0.039583
0 0.446875 0.254688 0.047917 0.032292
0 0.181771 0.153646 0.055208 0.046875
0 0.401562 0.816667 0.046875 0.045833
0 0.228125 0.838542 0.033333 0.037500
0 0.364583 0.894792 0.041667 0.039583
0 0.528646 0.646354 0.038542 0.051042
0 0.303125 0.947917 0.052083 0.039583
0 0.371875 0.571875 0.037500 0.041667
0 0.716146 0.908854 0.046875 0.034375
0 0.849479 0.766146 0.030208 0.040625
0 0.827604 0.608333 0.044792 0.037500
0 0.638021 0.542188 0.019792 0.040625
0 0.529167 0.093750 0.035417 0.037500
0 0.231250 0.213021 0.052083 0.051042
0 0.590104 0.094792 0.048958 0.039583
0 0.833854 0.278646 0.023958 0.040625
0 0.195312 0.963021 0.040625 0.036458
0 0.893229 0.191146 0.046875 0.055208
0 0.756250 0.327083 0.050000 0.031250
0 0.852083 0.291146 0.037500 0.053125
0 0.648958 0.752604 0.052083 0.051042
0 0.561458 0.328125 0.045833 0.022917
0 0.769792 0.906250 0.041667 0.052083
0 0.380729 0.889583 0.044792 0.035417
0 0.501563 0.648958 0.036458 0.037500
0 0.602604 0.827604 0.023958 0.042708
0 0.430208 0.689583 0.052083 0.041667
0 0.689583 0.713542 0.025000 0.041667
0 0.165104 0.917188 0.046875 0.036458
0 0.650000 0.958333 0.050000 0.029167
0 0.613542 0.559375 0.033333 0.037500
0 0.486458 0.201563 0.035417 0.040625
0 0.567708 0.867708 0.050000 0.033333
0 0.769792 0.652083 0.022917 0.039583
0 0.783854 0.634896 0.034375 0.046875
0 0.783333 0.878646 0.043750 0.028125
0 0.802604 0.117708 0.036458 0.020833
0 0.139583 0.661979 0.029167 0.040625
0 0.670312 0.457813 0.036458 0.051042
0 0.746875 0.313021 0.054167 0.046875
0 0.115104 0.478646 0.040625 0.051042
0 0.397917 0.349479 0.031250 0.040625
0 0.904167 0.579167 0.041667 0.039583
0 0.141667 0.595313 0.039583 0.048958
0 0.668750 0.278646 0.045833 0.040625
0 0.777083 0.185417 0.031250 0.050000
0 0.961458 0.832292 0.027083 0.043750
0 0.270313 0.518229 0.019792 0.038542
0 0.324479 0.227604 0.051042 0.040625
0 0.515625 0.639062 0.052083 0.034375
0 0.428125 0.381250 0.052083 0.033333
0 0.847396 0.330729 0.036458 0.046875
0 0.607292 0.952604 0.052083 0.051042
0 0.377604 0.513021 0.038542 0.055208
0 0.900000 0.190625 0.047917 0.027083
0 0.956250 0.968750 0.045833 0.043750
0 0.944792 0.556771 0.031250 0.044792
0 0.318229 0.318750 0.046875 0.022917
0 0.888021 0.467708 0.040625 0.020833
0 0.126562 0.102604 0.044792 0.040625
0 0.193229 0.112500 0.038542 0.033333
0 0.791667 0.961458 0.052083 0.043750
0 0.204167 0.921875 0.043750 0.045833
0 0.083854 0.559375 0.034375 0.039583
0 0.116146 0.479687 0.051042 0.036458
0 0.369792 0.847396 0.033333 0.048958
0 0.165104 0.073438 0.048958 0.032292
0 0.272917 0.177083 0.037500 0.027083
0 0.489583 0.580208 0.018750 0.035417
0 0.712500 0.923958 0.039583 0.041667
0 0.379688 0.960938 0.046875 0.032292
0 0.816667 0.726562 0.037500 0.038542
0 0.111979 0.552083 0.036458 0.020833
0 0.575000 0.431250 0.037500 0.033333
0 0.294271 0.603125 0.026042 0.041667
0 0.344792 0.533854 0.054167 0.042708
0 0.564063 0.270833 0.048958 0.033333
0 0.837500 0.792188 0.050000 0.040625
0 0.689063 0.122396 0.042708 0.044792
0 0.932292 0.833854 0.047917 0.030208
0 0.677604 0.910937 0.036458 0.046875
0 0.200521 0.093229 0.040625 0.038542
0 0.365625 0.280208 0.035417 0.018750
0 0.118750 0.173437 0.045833 0.034375
0 0.526563 0.726042 0.046875 0.031250
0 0.173437 0.359896 0.038542 0.040625
0 0.540104 0.816667 0.036458 0.018750
0 0.302083 0.687500 0.037500 0.029167
0 0.610938 0.833333 0.042708 0.041667
0 0.766667 0.950521 0.043750 0.026042
0 0.622917 0.176042 0.033333 0.043750
0 0.101042 0.227604 0.050000 0.053125
0 0.498437 0.661979 0.055208 0.046875
0 0.811458 0.236979 0.027083 0.040625
0 0.497917 0.686458 0.041667 0.039583
0 0.242188 0.829688 0.048958 0.032292
0 0.559896 0.426563 0.046875 0.034375
0 0.645312 0.181250 0.032292 0.039583
0 0.858333 0.861979 0.045833 0.032292
0 0.368229 0.815625 0.038542 0.043750
0 0.433854 0.310417 0.034375 0.043750
0 0.513542 0.154167 0.043750 0.025000
0 0.297917 0.351042 0.043750 0.033333
0 0.124479 0.678125 0.017708 0.035417
0 0.314583 0.541146 0.031250 0.048958
0 0.211979 0.543229 0.038542 0.040625
0 0.679167 0.277604 0.027083 0.048958
0 0.891146 0.205729 0.044792 0.030208
0 0.460938 0.215104 0.038542 0.038542
0 0.240625 0.086979 0.043750 0.030208
0 0.793229 0.838542 0.048958 0.027083
0 0.572396 0.503125 0.038542 0.035417
0 0.301563 0.269792 0.038542 0.035417
0 0.472396 0.754167 0.042708 0.025000
0 0.285938 0.741667 0.046875 0.029167
0 0.766667 0.640104 0.041667 0.044792
0 0.113542 0.653646 0.033333 0.044792
0 0.797917 0.353646 0.047917 0.032292
0 0.909896 0.615104 0.040625 0.023958
0 0.839583 0.920312 0.037500 0.038542
0 0.766667 0.195312 0.050000 0.042708
0 0.629687 0.695833 0.036458 0.037500
0 0.810417 0.684896 0.041667 0.044792
0 0.335938 0.330208 0.053125 0.043750
0 0.277083 0.807813 0.031250 0.048958
0 0.743750 0.455208 0.045833 0.052083
0 0.466146 0.283333 0.044792 0.025000
0 0.963021 0.678125 0.042708 0.025000
0 0.644271 0.922917 0.046875 0.052083
0 0.786458 0.853646 0.047917 0.032292
0 0.792708 0.448958 0.043750 0.052083
0 0.908854 0.777083 0.028125 0.045833
0 0.532292 0.488542 0.045833 0.052083
0 0.394271 0.699479 0.034375 0.046875
0 0.820312 0.829167 0.026042 0.041667
0 0.327083 0.309375 0.039583 0.041667
0 0.858854 0.730208 0.038542 0.031250
0 0.412500 0.849479 0.033333 0.040625
0 0.689063 0.417187 0.042708 0.044792
0 0.193750 0.102604 0.050000 0.038542
0 0.179688 0.786458 0.040625 0.041667
0 0.082812 0.399479 0.044792 0.042708
0 0.247396 0.240625 0.038542 0.043750
0 0.858333 0.229167 0.022917 0.037500
0 0.318229 0.119792 0.038542 0.033333
0 0.693229 0.123958 0.017708 0.035417
0 0.736979 0.065625 0.046875 0.022917
0 0.700521 0.663542 0.042708 0.039583
0 0.357292 0.588021 0.022917 0.038542
0 0.308854 0.736979 0.038542 0.040625
0 0.670312 0.149479 0.046875 0.048958
0 0.113542 0.275521 0.045833 0.032292
0 0.787500 0.448437 0.045833 0.023958
0 0.209896 0.688542 0.036458 0.020833
0 0.250521 0.121354 0.040625 0.034375
0 0.836458 0.330208 0.052083 0.039583
0 0.872396 0.152604 0.044792 0.051042
0 0.676042 0.708854 0.039583 0.048958
0 0.460938 0.836979 0.055208 0.040625
0 0.253646 0.273958 0.038542 0.027083
0 0.738021 0.156771 0.023958 0.040625
0 0.386979 0.821354 0.055208 0.040625
0 0.127604 0.431250 0.038542 0.025000
0 0.187500 0.794792 0.025000 0.047917
0 0.842708 0.475521 0.045833 0.055208
0 0.426563 0.369271 0.046875 0.048958
0 0.465104 0.727604 0.023958 0.046875
0 0.752083 0.893229 0.043750 0.030208
0 0.467187 0.863021 0.051042 0.042708
0 0.466146 0.635417 0.046875 0.022917
0 0.935417 0.603646 0.041667 0.044792
0 0.536979 0.815104 0.046875 0.026042
0 0.586458 0.226042 0.047917 0.039583
0 0.446354 0.522396 0.036458 0.040625
0 0.722396 0.582812 0.038542 0.021875
0 0.832292 0.180208 0.045833 0.029167
0 0.594792 0.259896 0.047917 0.023958
0 0.280729 0.954167 0.023958 0.043750
0 0.754167 0.731771 0.047917 0.030208
0 0.088021 0.433333 0.042708 0.039583
0 0.428125 0.439583 0.045833 0.031250
0 0.230729 0.860938 0.040625 0.051042
0 0.565104 0.273958 0.026042 0.041667
0 0.203125 0.129688 0.031250 0.048958
0 0.403125 0.683854 0.020833 0.036458
0 0.406771 0.626042 0.028125 0.043750
0 0.128125 0.455208 0.043750 0.035417
0 0.620313 0.798958 0.048958 0.052083
0 0.623437 0.319271 0.044792 0.026042
0 0.189583 0.810937 0.022917 0.040625
0 0.188542 0.198958 0.022917 0.043750
0 0.441146 0.378125 0.030208 0.039583
0 0.610417 0.827083 0.052083 0.041667
0 0.113021 0.910937 0.051042 0.055208
0 0.808854 0.438021 0.040625 0.026042
0 0.253125 0.586979 0.043750 0.040625
0 0.376563 0.939583 0.026042 0.047917
0 0.558333 0.797396 0.041667 0.048958
0 0.434896 0.165104 0.023958 0.042708
0 0.800521 0.788542 0.036458 0.020833
0 0.336458 0.500000 0.025000 0.037500
0 0.563542 0.907292 0.037500 0.029167
0 0.838542 0.839063 0.043750 0.032292
0 0.381771 0.222917 0.023958 0.041667
0 0.295312 0.426563 0.048958 0.048958
0 0.577083 0.278125 0.052083 0.043750
0 0.138542 0.319271 0.039583 0.026042
0 0.635938 0.211979 0.040625 0.038542
0 0.131250 0.397917 0.039583 0.020833
0 0.928646 0.846354 0.026042 0.051042
0 0.127083 0.430208 0.037500 0.025000
0 0.940104 0.145313 0.055208 0.040625
0 0.486458 0.360938 0.039583 0.048958
0 0.570833 0.891667 0.039583 0.041667
0 0.907292 0.105208 0.052083 0.043750
0 0.221875 0.315104 0.031250 0.051042
0 0.308333 0.584375 0.052083 0.035417
0 0.752604 0.445833 0.019792 0.037500
0 0.335938 0.771354 0.044792 0.026042
0 0.423438 0.764583 0.032292 0.043750
0 0.425521 0.750000 0.036458 0.043750
0 0.220833 0.763542 0.052083 0.045833
0 0.757812 0.138542 0.040625 0.041667
0 0.410417 0.519792 0.035417 0.043750
0 0.293229 0.734375 0.038542 0.035417
0 0.490625 0.529687 0.029167 0.040625
0 0.488542 0.618229 0.031250 0.053125
0 0.629687 0.380729 0.046875 0.055208
0 0.302604 0.381771 0.046875 0.036458
0 0.084896 0.926042 0.040625 0.041667
0 0.120833 0.809375 0.031250 0.041667
0 0.937500 0.636979 0.050000 0.044792
0 0.704167 0.625000 0.052083 0.035417
0 0.629687 0.441667 0.032292 0.047917
0 0.539583 0.463542 0.041667 0.047917
0 0.130729 0.925521 0.046875 0.055208
0 0.783333 0.360938 0.052083 0.053125
0 0.391667 0.171354 0.027083 0.042708
0 0.477604 0.186458 0.026042 0.037500
0 0.533854 0.727604 0.036458 0.040625
0 0.193229 0.940104 0.028125 0.040625
0 0.383854 0.459375 0.042708 0.031250
0 0.132292 0.166667 0.022917 0.037500
0 0.185417 0.592708 0.035417 0.052083
0 0.243750 0.928125 0.022917 0.043750
0 0.895833 0.513021 0.033333 0.040625
0 0.272396 0.552083 0.038542 0.027083
0 0.345313 0.657292 0.026042 0.047917
0 0.521354 0.291146 0.040625 0.055208
0 0.742708 0.083854 0.054167 0.040625
0 0.607812 0.265625 0.046875 0.045833
0 0.648958 0.757292 0.047917 0.033333
0 0.153125 0.506250 0.041667 0.039583
0 0.300000 0.217708 0.037500 0.029167
0 0.726042 0.201042 0.047917 0.052083
0 0.756250 0.613542 0.047917 0.050000
0 0.966667 0.373958 0.050000 0.031250
0 0.434375 0.965104 0.037500 0.053125
0 0.448958 0.668750 0.035417 0.018750
0 0.094792 0.543229 0.025000 0.046875
0 0.941667 0.619271 0.047917 0.030208
0 0.119792 0.879687 0.039583 0.038542
0 0.375000 0.925521 0.050000 0.053125
0 0.265104 0.489063 0.044792 0.040625
0 0.364583 0.640104 0.031250 0.040625
0 0.634375 0.638021 0.027083 0.040625
0 0.603125 0.095312 0.037500 0.048958
0 0.416667 0.733333 0.043750 0.031250
0 0.624479 0.398958 0.053125 0.043750
0 0.296354 0.089063 0.044792 0.040625
0 0.306250 0.909896 0.050000 0.053125
0 0.317708 0.229167 0.029167 0.045833
0 0.183333 0.734375 0.052083 0.045833
0 0.442708 0.732812 0.039583 0.044792
0 0.199479 0.834375 0.048958 0.050000
0 0.869792 0.292187 0.029167 0.051042
0 0.839583 0.188021 0.047917 0.053125
0 0.154688 0.322396 0.040625 0.028125
0 0.607292 0.604688 0.050000 0.042708
0 0.323958 0.595313 0.047917 0.046875
0 0.277604 0.878125 0.053125 0.045833
0 0.225000 0.913542 0.041667 0.037500
0 0.500521 0.597396 0.042708 0.023958
0 0.484896 0.825521 0.053125 0.051042
0 0.218229 0.334375 0.046875 0.052083
0 0.239063 0.432292 0.048958 0.033333
0 0.858854 0.090625 0.046875 0.027083
0 0.235417 0.521354 0.033333 0.040625
0 0.263542 0.291667 0.037500 0.029167
0 0.143750 0.165625 0.039583 0.020833
0 0.122396 0.136458 0.038542 0.031250
0 0.381771 0.708854 0.044792 0.055208
0 0.304167 0.529167 0.050000 0.033333
0 0.781771 0.837500 0.042708 0.037500
0 0.562500 0.675521 0.045833 0.034375
0 0.922917 0.939583 0.050000 0.031250
0 0.646354 0.491146 0.055208 0.048958
0 0.265104 0.191667 0.046875 0.052083
0 0.768229 0.259375 0.023958 0.041667
0 0.891146 0.251042 0.040625 0.022917
0 0.571354 0.683854 0.048958 0.055208
0 0.678125 0.362500 0.041667 0.041667
0 0.743229 0.196875 0.046875 0.031250
0 0.392708 0.591146 0.054167 0.044792
0 0.610938 0.506250 0.036458 0.018750
0 0.431771 0.116146 0.030208 0.048958
0 0.122917 0.188021 0.035417 0.040625
0 0.771354 0.482812 0.055208 0.051042
0 0.373958 0.623958 0.031250 0.037500
0 0.386979 0.122917 0.044792 0.047917
0 0.813542 0.204167 0.031250 0.050000
0 0.294792 0.483854 0.037500 0.021875
0 0.534375 0.769271 0.043750 0.026042
0 0.893229 0.155208 0.026042 0.041667
0 0.391667 0.851042 0.025000 0.037500
0 0.369271 0.614062 0.055208 0.036458
0 0.792708 0.736979 0.035417 0.017708
0 0.228125 0.545312 0.054167 0.044792
0 0.403125 0.246875 0.052083 0.045833
0 0.727604 0.198437 0.051042 0.040625
0 0.322917 0.821875 0.031250 0.037500
0 0.401042 0.214583 0.052083 0.035417
0 0.162500 0.908333 0.035417 0.037500
0 0.623437 0.544792 0.053125 0.041667
0 0.853646 0.936458 0.051042 0.031250
0 0.717708 0.744271 0.025000 0.042708
0 0.638542 0.755729 0.025000 0.046875
0 0.505208 0.321354 0.047917 0.046875
0 0.222917 0.866146 0.043750 0.042708
0 0.686458 0.276562 0.041667 0.032292
0 0.325521 0.525521 0.038542 0.021875
0 0.584896 0.169792 0.036458 0.047917
0 0.453125 0.103646 0.043750 0.026042
0 0.380729 0.726042 0.038542 0.043750
0 0.097396 0.756250 0.040625 0.041667
0 0.638542 0.878125 0.047917 0.027083
0 0.265625 0.730208 0.050000 0.047917
0 0.731771 0.473958 0.034375 0.043750
0 0.120833 0.428125 0.045833 0.029167
0 0.647396 0.490104 0.046875 0.036458
0 0.868229 0.709896 0.028125 0.051042
0 0.963542 0.166667 0.037500 0.031250
0 0.553125 0.509375 0.047917 0.050000
0 0.433333 0.577083 0.035417 0.037500
0 0.795312 0.803646 0.034375 0.051042
0 0.157292 0.591146 0.047917 0.046875
0 0.702604 0.394792 0.038542 0.031250
0 0.726562 0.881771 0.048958 0.028125
0 0.487500 0.667708 0.033333 0.037500
0 0.903125 0.452083 0.043750 0.022917
0 0.765625 0.153646 0.045833 0.032292
0 0.672917 0.344792 0.037500 0.027083
0 0.773438 0.514583 0.048958 0.037500
0 0.097917 0.410938 0.050000 0.028125
0 0.874479 0.326042 0.042708 0.029167
0 0.302604 0.794792 0.044792 0.025000
0 0.826042 0.690625 0.039583 0.041667
0 0.696354 0.877083 0.036458 0.037500
0 0.564583 0.135417 0.031250 0.037500
0 0.625521 0.113542 0.053125 0.037500
0 0.294792 0.761458 0.041667 0.039583
0 0.803646 0.510417 0.028125 0.039583
0 0.706771 0.225521 0.036458 0.051042
0 0.932813 0.423438 0.042708 0.044792
0 0.163021 0.234896 0.034375 0.048958
0 0.655729 0.252604 0.048958 0.055208
0 0.911979 0.170313 0.044792 0.028125
0 0.467187 0.924479 0.055208 0.040625
0 0.835417 0.630729 0.037500 0.048958
0 0.660417 0.171875 0.035417 0.043750
0 0.650000 0.194271 0.054167 0.048958
0 0.658854 0.125000 0.040625 0.041667
0 0.692708 0.385937 0.045833 0.048958
0 0.150521 0.628646 0.040625 0.044792
0 0.091667 0.804688 0.031250 0.040625
0 0.233854 0.335417 0.034375 0.043750
0 0.912500 0.219271 0.050000 0.042708
0 0.368750 0.696354 0.035417 0.053125
0 0.276042 0.399479 0.035417 0.040625
0 0.871354 0.797396 0.044792 0.030208
0 0.493750 0.370312 0.052083 0.051042
0 0.220833 0.321875 0.022917 0.039583
0 0.351042 0.789583 0.022917 0.037500
0 0.527083 0.498958 0.031250 0.037500
0 0.453125 0.591667 0.043750 0.045833
0 0.836979 0.143229 0.038542 0.055208
0 0.568750 0.672917 0.043750 0.037500
0 0.345313 0.137500 0.034375 0.047917
0 0.324479 0.115104 0.028125 0.044792
0 0.604167 0.499479 0.029167 0.040625
0 0.808854 0.097917 0.046875 0.052083
0 0.748437 0.356771 0.040625 0.032292
0 0.605729 0.177083 0.026042 0.050000
0 0.308333 0.608854 0.039583 0.038542
0 0.759896 0.355208 0.036458 0.047917
0 0.365104 0.797396 0.048958 0.023958
0 0.739583 0.450000 0.037500 0.027083
0 0.746354 0.680208 0.038542 0.029167
0 0.948958 0.236458 0.041667 0.039583
0 0.716146 0.278125 0.038542 0.033333
0 0.699479 0.105208 0.048958 0.041667
0 0.627604 0.729688 0.040625 0.032292
0 0.669271 0.845313 0.044792 0.042708
0 0.659896 0.697917 0.026042 0.039583
0 0.232292 0.249479 0.037500 0.044792
0 0.288542 0.944271 0.039583 0.044792
0 0.901563 0.132292 0.038542 0.031250
0 0.938021 0.290625 0.046875 0.027083
0 0.214062 0.686979 0.040625 0.036458
0 0.631771 0.253125 0.046875 0.043750
0 0.236458 0.555729 0.035417 0.044792
0 0.172917 0.817708 0.027083 0.037500
0 0.533854 0.764062 0.019792 0.038542
0 0.515625 0.501563 0.045833 0.034375
0 0.531771 0.221354 0.051042 0.026042
0 0.381250 0.857292 0.039583 0.041667
0 0.291667 0.933333 0.047917 0.037500
0 0.684375 0.663542 0.041667 0.052083
0 0.481250 0.304688 0.037500 0.044792
0 0.509896 0.364063 0.028125 0.051042
0 0.306250 0.296354 0.035417 0.040625
0 0.097917 0.432292 0.041667 0.047917
0 0.901563 0.395833 0.042708 0.033333
0 0.856250 0.576042 0.033333 0.016667
0 0.869792 0.360417 0.039583 0.022917
0 0.601042 0.251563 0.039583 0.036458
0 0.418229 0.190104 0.040625 0.036458
0 0.114583 0.131771 0.045833 0.048958
0 0.443750 0.257292 0.031250 0.037500
0 0.574479 0.223958 0.038542 0.031250
0 0.722396 0.707292 0.046875 0.029167
0 0.245833 0.656250 0.043750 0.035417
0 0.130208 0.179688 0.050000 0.028125
0 0.227083 0.083333 0.022917 0.039583
0 0.689583 0.633333 0.025000 0.037500
0 0.413542 0.573438 0.047917 0.030208
0 0.130208 0.122396 0.047917 0.028125
0 0.351042 0.969792 0.045833 0.043750
0 0.816667 0.913021 0.041667 0.055208
0 0.857292 0.813542 0.041667 0.027083
0 0.334896 0.790625 0.038542 0.025000
0 0.405208 0.773438 0.020833 0.036458
0 0.866146 0.227083 0.028125 0.050000
0 0.729167 0.455208 0.029167 0.037500
0 0.836979 0.712500 0.046875 0.043750
0 0.908854 0.610417 0.042708 0.031250
0 0.735417 0.513021 0.039583 0.038542
0 0.862500 0.414583 0.052083 0.041667
0 0.619792 0.165104 0.047917 0.044792
0 0.131250 0.930729 0.050000 0.053125
0 0.513542 0.153125 0.047917 0.039583
0 0.341146 0.882292 0.038542 0.033333
0 0.454167 0.801562 0.041667 0.021875
0 0.226562 0.823438 0.044792 0.042708
0 0.342187 0.414583 0.053125 0.047917
0 0.233854 0.093229 0.040625 0.023958
0 0.677604 0.652083 0.038542 0.025000
0 0.371354 0.932813 0.044792 0.032292
0 0.431771 0.100000 0.023958 0.043750
0 0.957812 0.909375 0.040625 0.047917
0 0.122917 0.944271 0.045833 0.040625
0 0.865104 0.920833 0.030208 0.039583
0 0.390625 0.401562 0.047917 0.028125
0 0.561979 0.265625 0.034375 0.047917
0 0.368750 0.107813 0.045833 0.038542
0 0.186458 0.543750 0.037500 0.052083
0 0.434896 0.665625 0.046875 0.027083
0 0.452604 0.195312 0.036458 0.051042
0 0.840625 0.864583 0.033333 0.043750
0 0.577083 0.305729 0.029167 0.040625
0 0.713021 0.785937 0.048958 0.055208
0 0.141146 0.660937 0.042708 0.044792
0 0.802604 0.099479 0.032292 0.053125
0 0.923438 0.684896 0.032292 0.044792
0 0.857292 0.187500 0.037500 0.035417
0 0.261458 0.677083 0.025000 0.047917
0 0.413021 0.149479 0.055208 0.036458
0 0.308854 0.389583 0.044792 0.045833
0 0.964063 0.847396 0.040625 0.019792
0 0.141146 0.317708 0.042708 0.039583
0 0.960938 0.695312 0.040625 0.036458
0 0.867708 0.416667 0.033333 0.043750
0 0.523958 0.080729 0.047917 0.053125
0 0.693229 0.955208 0.040625 0.047917
0 0.906250 0.383333 0.041667 0.025000
0 0.108333 0.079167 0.043750 0.022917
0 0.504687 0.966146 0.044792 0.042708
0 0.969271 0.408333 0.044792 0.022917
0 0.302604 0.765625 0.051042 0.035417
0 0.244792 0.488542 0.035417 0.020833
0 0.408854 0.403646 0.044792 0.040625
0 0.285417 0.713542 0.037500 0.027083
0 0.435937 0.426042 0.044792 0.025000
0 0.087500 0.608333 0.035417 0.037500
0 0.739062 0.563021 0.040625 0.044792
0 0.368229 0.957812 0.030208 0.040625
0 0.323958 0.233854 0.033333 0.040625
0 0.617708 0.185417 0.041667 0.025000