0 0.178646 0.839063 0.044792 0.042708
0 0.455208 0.750521 0.025000 0.042708
0 0.649479 0.242188 0.034375 0.051042
0 0.728125 0.800521 0.022917 0.044792
0 0.132292 0.630729 0.029167 0.040625
0 0.439583 0.923958 0.027083 0.043750
0 0.607812 0.509375 0.040625 0.043750
0 0.475000 0.538021 0.029167 0.048958
0 0.437500 0.830729 0.025000 0.046875
0 0.494271 0.394792 0.048958 0.037500
0 0.852604 0.157292 0.026042 0.039583
0 0.502604 0.745833 0.034375 0.043750
0 0.715625 0.502604 0.041667 0.048958
0 0.257812 0.346354 0.053125 0.034375
0 0.490104 0.706771 0.030208 0.040625
0 0.228646 0.742188 0.044792 0.040625
0 0.690625 0.813542 0.033333 0.016667
0 0.947917 0.654167 0.039583 0.052083
0 0.525000 0.287500 0.022917 0.039583
0 0.939063 0.470313 0.040625 0.055208
0 0.447396 0.361979 0.053125 0.053125
0 0.246875 0.443750 0.037500 0.029167
0 0.614583 0.221875 0.037500 0.031250
0 0.827604 0.895312 0.028125 0.046875
0 0.419271 0.894271 0.023958 0.038542
0 0.673958 0.281250 0.020833 0.039583
0 0.717708 0.453646 0.052083 0.034375
0 0.140625 0.407292 0.052083 0.041667
0 0.708854 0.434896 0.046875 0.023958
0 0.476042 0.081771 0.050000 0.044792
0 0.713021 0.829688 0.019792 0.038542
0 0.636979 0.661979 0.038542 0.055208
0 0.684375 0.785417 0.052083 0.041667
0 0.106250 0.743229 0.043750 0.040625
0 0.480729 0.640104 0.051042 0.044792
0 0.392188 0.849479 0.032292 0.048958
0 0.713542 0.342187 0.045833 0.032292
0 0.846875 0.910417 0.027083 0.041667
0 0.740104 0.922396 0.036458 0.040625
0 0.132292 0.572917 0.029167 0.041667
0 0.860417 0.754687 0.025000 0.038542
0 0.224479 0.774479 0.055208 0.038542
0 0.685417 0.651563 0.050000 0.042708
0 0.380208 0.313542 0.027083 0.045833
0 0.950521 0.155729 0.036458 0.051042
0 0.604688 0.299479 0.040625 0.044792
0 0.252083 0.916146 0.033333 0.048958
0 0.171354 0.463021 0.048958 0.034375
0 0.460417 0.657813 0.037500 0.038542
0 0.769271 0.255729 0.028125 0.040625
0 0.823958 0.165104 0.029167 0.051042
0 0.726562 0.239583 0.034375 0.052083
0 0.391667 0.359375 0.052083 0.047917
0 0.405729 0.156250 0.038542 0.031250
0 0.295312 0.605208 0.042708 0.041667
0 0.268229 0.772917 0.038542 0.035417
0 0.315625 0.959375 0.039583 0.052083
0 0.528646 0.110937 0.044792 0.055208
0 0.887500 0.086458 0.037500 0.025000
0 0.669271 0.967187 0.048958 0.046875
0 0.329167 0.730729 0.043750 0.055208
0 0.368750 0.645833 0.029167 0.037500
0 0.462500 0.617188 0.029167 0.048958
0 0.588542 0.293750 0.043750 0.025000
0 0.329167 0.931250 0.047917 0.035417
0 0.806771 0.536979 0.051042 0.026042
0 0.293229 0.302604 0.044792 0.055208
0 0.145313 0.120833 0.044792 0.052083
0 0.134896 0.829688 0.040625 0.051042
0 0.356250 0.257812 0.037500 0.021875
0 0.077604 0.692708 0.021875 0.037500
0 0.507292 0.940625 0.041667 0.037500
0 0.158333 0.220833 0.037500 0.033333
0 0.241146 0.600521 0.040625 0.023958
0 0.894792 0.209375 0.018750 0.035417
0 0.107813 0.146875 0.036458 0.052083
0 0.934896 0.457813 0.026042 0.040625
0 0.513542 0.833854 0.045833 0.034375
0 0.159375 0.663542 0.033333 0.052083
0 0.296354 0.703646 0.040625 0.034375
0 0.453646 0.242188 0.032292 0.048958
0 0.701042 0.533333 0.041667 0.037500
0 0.859375 0.819792 0.029167 0.037500
0 0.936458 0.213542 0.033333 0.045833
0 0.711458 0.246354 0.031250 0.040625
0 0.642708 0.807813 0.050000 0.034375
0 0.122396 0.596875 0.042708 0.033333
0 0.888542 0.235417 0.041667 0.027083
0 0.822917 0.474479 0.035417 0.053125
0 0.356771 0.563021 0.040625 0.038542
0 0.416146 0.344271 0.042708 0.055208
0 0.902083 0.701042 0.041667 0.037500
0 0.076042 0.174479 0.047917 0.053125
0 0.857292 0.452604 0.045833 0.040625
0 0.462500 0.453646 0.050000 0.044792
0 0.296354 0.572396 0.051042 0.034375
0 0.791667 0.416667 0.039583 0.022917
0 0.264062 0.862500 0.048958 0.035417
0 0.465104 0.623958 0.038542 0.031250
0 0.627083 0.379167 0.029167 0.045833
0 0.218750 0.179167 0.047917 0.041667
0 0.680208 0.606771 0.039583 0.036458
0 0.197917 0.799479 0.039583 0.036458
0 0.415104 0.507292 0.038542 0.035417
0 0.205729 0.529167 0.040625 0.020833
0 0.482812 0.115104 0.044792 0.028125
0 0.374479 0.910417 0.028125 0.050000
0 0.902083 0.132292 0.025000 0.041667
0 0.878125 0.238542 0.037500 0.047917
0 0.303646 0.446875 0.026042 0.037500
0 0.366146 0.801562 0.044792 0.040625
0 0.477083 0.842708 0.052083 0.043750
0 0.081250 0.941146 0.035417 0.048958
0 0.604167 0.099479 0.043750 0.040625
0 0.902604 0.122917 0.048958 0.035417
0 0.616667 0.673438 0.045833 0.038542
0 0.327083 0.241667 0.037500 0.041667
0 0.411458 0.379167 0.029167 0.037500
0 0.867188 0.448958 0.036458 0.020833
0 0.480208 0.689583 0.037500 0.035417
0 0.848437 0.938542 0.042708 0.031250
0 0.230729 0.785417 0.040625 0.041667
0 0.258854 0.366146 0.046875 0.026042
0 0.300521 0.333333 0.042708 0.039583
0 0.673958 0.305729 0.037500 0.044792
0 0.452083 0.710417 0.045833 0.052083
0 0.090104 0.755208 0.042708 0.039583
0 0.546354 0.445833 0.036458 0.052083
0 0.216667 0.177083 0.027083 0.043750
0 0.200521 0.903646 0.046875 0.032292
0 0.288542 0.232292 0.052083 0.035417
0 0.930729 0.950521 0.053125 0.034375
0 0.401042 0.468750 0.035417 0.043750
0 0.938021 0.273958 0.040625 0.041667
0 0.241146 0.260937 0.040625 0.051042
0 0.196354 0.665104 0.040625 0.034375
0 0.769271 0.766667 0.053125 0.045833
0 0.663542 0.343229 0.054167 0.048958
0 0.743750 0.631771 0.031250 0.048958
0 0.679167 0.166667 0.050000 0.047917
0 0.128646 0.590625 0.034375 0.037500
0 0.376563 0.107813 0.038542 0.055208
0 0.666146 0.855208 0.048958 0.052083
0 0.116667 0.142708 0.041667 0.052083
0 0.302604 0.696354 0.040625 0.036458
0 0.936979 0.460417 0.051042 0.033333
0 0.666146 0.860938 0.051042 0.055208
0 0.551042 0.531250 0.037500 0.052083
0 0.098958 0.474479 0.047917 0.028125
0 0.888542 0.964583 0.037500 0.041667
0 0.833854 0.946354 0.026042 0.040625
0 0.415104 0.264062 0.026042 0.040625
0 0.371354 0.445312 0.040625 0.034375
0 0.344792 0.182292 0.037500 0.031250
0 0.855208 0.883854 0.039583 0.032292
0 0.156250 0.409896 0.020833 0.036458
0 0.810937 0.704688 0.048958 0.046875
0 0.757812 0.476042 0.048958 0.037500
0 0.284896 0.822396 0.038542 0.051042
0 0.789583 0.252083 0.020833 0.039583
0 0.073958 0.891146 0.039583 0.019792
0 0.859896 0.635417 0.034375 0.037500
0 0.808854 0.283854 0.055208 0.036458
0 0.906250 0.949479 0.043750 0.028125
0 0.716667 0.768229 0.039583 0.023958
0 0.233854 0.083333 0.023958 0.041667
0 0.620833 0.793750 0.052083 0.041667
0 0.194271 0.829167 0.038542 0.025000
0 0.201042 0.213542 0.047917 0.050000
0 0.532813 0.765625 0.040625 0.047917
0 0.946875 0.487500 0.047917 0.050000
0 0.881771 0.544792 0.053125 0.037500
0 0.309375 0.630208 0.045833 0.029167
0 0.793750 0.340104 0.047917 0.030208
0 0.688542 0.551562 0.045833 0.048958
0 0.676562 0.602604 0.055208 0.046875
0 0.783333 0.529167 0.037500 0.047917
0 0.714063 0.611458 0.038542 0.022917
0 0.434375 0.141667 0.047917 0.025000
0 0.195833 0.946875 0.043750 0.022917
0 0.894792 0.778646 0.045833 0.055208
0 0.222917 0.659896 0.033333 0.040625
0 0.871875 0.242188 0.020833 0.038542
0 0.292708 0.652083 0.029167 0.037500
0 0.545312 0.946875 0.048958 0.037500
0 0.196354 0.201563 0.042708 0.055208
0 0.805208 0.951562 0.039583 0.030208
0 0.430729 0.257812 0.026042 0.046875
0 0.878646 0.358333 0.046875 0.027083
0 0.179688 0.432292 0.038542 0.035417
0 0.939583 0.276562 0.027083 0.046875
0 0.534375 0.291146 0.027083 0.051042
0 0.367188 0.322917 0.048958 0.039583
0 0.945312 0.497396 0.040625 0.023958
0 0.180208 0.450521 0.037500 0.044792
0 0.878125 0.417708 0.047917 0.050000
0 0.258854 0.473958 0.048958 0.033333
0 0.313542 0.362500 0.035417 0.052083
0 0.230208 0.922396 0.035417 0.053125
0 0.589063 0.536458 0.038542 0.031250
0 0.597396 0.446875 0.046875 0.031250
0 0.263542 0.454688 0.047917 0.032292
0 0.696875 0.134375 0.043750 0.027083
0 0.647917 0.508333 0.043750 0.045833
0 0.671354 0.725521 0.032292 0.044792
0 0.096875 0.335938 0.033333 0.048958
0 0.950000 0.886458 0.031250 0.045833
0 0.285417 0.937500 0.035417 0.020833
0 0.233333 0.716146 0.029167 0.040625
0 0.519271 0.534375 0.030208 0.039583
0 0.629687 0.844792 0.053125 0.047917
0 0.626563 0.531771 0.044792 0.032292
0 0.697917 0.231771 0.039583 0.034375
0 0.086979 0.640625 0.036458 0.020833
0 0.803125 0.804167 0.025000 0.043750
0 0.541146 0.316146 0.038542 0.051042
0 0.801042 0.101562 0.054167 0.044792
0 0.941146 0.361979 0.046875 0.036458
0 0.206250 0.386979 0.050000 0.036458
0 0.503646 0.946354 0.023958 0.040625
0 0.530729 0.805729 0.048958 0.032292
0 0.817708 0.765104 0.045833 0.032292
0 0.701562 0.957292 0.030208 0.039583
0 0.535937 0.176563 0.040625 0.032292
0 0.634375 0.300521 0.054167 0.048958
0 0.936979 0.830729 0.040625 0.036458
0 0.609896 0.685417 0.048958 0.039583
0 0.236458 0.951562 0.031250 0.048958
0 0.708854 0.215625 0.046875 0.043750
0 0.343750 0.648438 0.039583 0.034375
0 0.915625 0.790625 0.037500 0.027083
0 0.769792 0.464583 0.029167 0.045833
0 0.713542 0.845313 0.047917 0.032292
0 0.855729 0.766667 0.044792 0.047917
0 0.646354 0.881771 0.040625 0.044792
0 0.211458 0.793750 0.050000 0.029167
0 0.227604 0.574479 0.053125 0.053125
0 0.931771 0.341667 0.036458 0.020833
0 0.773438 0.233854 0.038542 0.051042
0 0.242708 0.365104 0.045833 0.048958
0 0.495312 0.726562 0.046875 0.048958
0 0.084375 0.369792 0.025000 0.037500
0 0.720313 0.115625 0.042708 0.047917
0 0.558854 0.179688 0.042708 0.044792
0 0.126562 0.226042 0.023958 0.045833
0 0.543229 0.416667 0.036458 0.052083
0 0.826562 0.079167 0.051042 0.033333
0 0.918229 0.642708 0.038542 0.047917
0 0.765104 0.542188 0.040625 0.028125
0 0.771354 0.711458 0.042708 0.027083
0 0.159896 0.657292 0.038542 0.029167
0 0.687500 0.701562 0.054167 0.042708
0 0.169271 0.155208 0.053125 0.045833
0 0.819271 0.464583 0.048958 0.041667
0 0.342187 0.514062 0.055208 0.051042
0 0.730729 0.269271 0.038542 0.021875
0 0.161458 0.193229 0.043750 0.055208
0 0.395833 0.230729 0.033333 0.044792
0 0.896354 0.098437 0.028125 0.040625
0 0.332813 0.277083 0.036458 0.037500
0 0.481250 0.741146 0.037500 0.021875
0 0.547917 0.871354 0.047917 0.053125
0 0.544792 0.703646 0.054167 0.042708
0 0.622917 0.140625 0.039583 0.052083
0 0.619792 0.352604 0.047917 0.046875
0 0.781250 0.956771 0.054167 0.046875
0 0.270833 0.582812 0.031250 0.048958
0 0.435937 0.640625 0.038542 0.052083
0 0.489583 0.497917 0.041667 0.029167
0 0.811458 0.632292 0.043750 0.052083
0 0.600521 0.207813 0.044792 0.042708
0 0.601562 0.899479 0.019792 0.038542
0 0.653646 0.490625 0.040625 0.022917
0 0.340104 0.575521 0.040625 0.044792
0 0.893750 0.465104 0.039583 0.048958
0 0.088021 0.953125 0.048958 0.035417
0 0.102604 0.357812 0.040625 0.030208
0 0.084375 0.096875 0.031250 0.037500
0 0.539583 0.066667 0.047917 0.025000
0 0.344792 0.772917 0.041667 0.041667
0 0.890104 0.733854 0.040625 0.028125
0 0.193229 0.289583 0.053125 0.041667
0 0.840625 0.665625 0.050000 0.047917
0 0.922917 0.247396 0.041667 0.032292
0 0.624479 0.204687 0.032292 0.040625
0 0.092188 0.870313 0.053125 0.053125
0 0.273438 0.548958 0.032292 0.047917
0 0.235937 0.166667 0.048958 0.039583
0 0.689063 0.323958 0.042708 0.039583
0 0.397396 0.272396 0.034375 0.051042
0 0.698958 0.795312 0.033333 0.048958
0 0.455208 0.305208 0.037500 0.029167
0 0.466146 0.352083 0.048958 0.033333
0 0.309896 0.344792 0.042708 0.031250
0 0.358854 0.339062 0.044792 0.051042
0 0.278646 0.831250 0.053125 0.043750
0 0.252083 0.363542 0.035417 0.022917
0 0.695312 0.256771 0.040625 0.055208
0 0.513021 0.434896 0.040625 0.051042
0 0.401562 0.165104 0.044792 0.028125
0 0.767708 0.089063 0.037500 0.040625
0 0.182812 0.230208 0.040625 0.047917
0 0.222917 0.904167 0.041667 0.047917
0 0.597917 0.476042 0.035417 0.037500
0 0.798438 0.786458 0.042708 0.037500
0 0.528125 0.144792 0.029167 0.045833
0 0.642188 0.913021 0.040625 0.055208
0 0.404687 0.172396 0.030208 0.048958
0 0.136458 0.557292 0.045833 0.043750
0 0.232292 0.508854 0.033333 0.044792
0 0.108854 0.879687 0.036458 0.046875
0 0.865104 0.244271 0.028125 0.046875
0 0.638021 0.102083 0.032292 0.039583
0 0.513021 0.876042 0.019792 0.035417
0 0.378125 0.282813 0.039583 0.026042
0 0.440625 0.104688 0.033333 0.044792
0 0.176042 0.358333 0.045833 0.043750
0 0.631250 0.843229 0.029167 0.040625
0 0.552083 0.256250 0.052083 0.045833
0 0.921354 0.462500 0.040625 0.054167
0 0.859375 0.438021 0.037500 0.038542
0 0.335417 0.283854 0.027083 0.038542
0 0.432812 0.491667 0.053125 0.047917
0 0.086458 0.331250 0.035417 0.037500
0 0.870313 0.256771 0.046875 0.026042
0 0.396875 0.886979 0.039583 0.038542
0 0.597917 0.470833 0.022917 0.043750
0 0.968229 0.787500 0.042708 0.037500
0 0.623958 0.879687 0.047917 0.032292
0 0.391667 0.908333 0.052083 0.045833
0 0.592187 0.588542 0.040625 0.054167
0 0.250521 0.171875 0.021875 0.037500
0 0.812500 0.665104 0.043750 0.048958
0 0.179688 0.458854 0.046875 0.038542
0 0.940625 0.134896 0.043750 0.042708
0 0.415104 0.781771 0.055208 0.044792
0 0.755208 0.891146 0.054167 0.038542
0 0.778125 0.257812 0.050000 0.036458
0 0.125521 0.677083 0.044792 0.022917
0 0.417708 0.898958 0.050000 0.031250
0 0.704167 0.799479 0.039583 0.055208
0 0.486458 0.888542 0.039583 0.020833
0 0.921875 0.580208 0.052083 0.039583
0 0.883854 0.793750 0.034375 0.047917
0 0.609896 0.355208 0.038542 0.043750
0 0.967187 0.134375 0.048958 0.025000
0 0.592708 0.154167 0.050000 0.050000
0 0.111458 0.633854 0.039583 0.044792
0 0.607292 0.713021 0.050000 0.038542
0 0.936979 0.146875 0.036458 0.037500
0 0.208854 0.508333 0.042708 0.031250
0 0.646875 0.570833 0.041667 0.039583
0 0.640625 0.072396 0.043750 0.021875
0 0.940625 0.717187 0.027083 0.051042
0 0.761458 0.767708 0.029167 0.050000
0 0.336458 0.111979 0.039583 0.038542
0 0.302604 0.698958 0.042708 0.039583
0 0.483854 0.204167 0.046875 0.052083
0 0.124479 0.758333 0.048958 0.052083
0 0.144271 0.283333 0.040625 0.054167
0 0.712500 0.963542 0.020833 0.035417
0 0.301042 0.297917 0.035417 0.020833
0 0.676042 0.792708 0.018750 0.035417
0 0.434375 0.594271 0.050000 0.036458
0 0.836458 0.359375 0.041667 0.039583
0 0.767708 0.639583 0.035417 0.047917
0 0.959896 0.520312 0.040625 0.032292
0 0.416667 0.603646 0.025000 0.038542
0 0.189062 0.862500 0.038542 0.033333
0 0.569271 0.272396 0.046875 0.048958
0 0.735938 0.861458 0.051042 0.029167
0 0.319792 0.787500 0.031250 0.045833
0 0.865625 0.266146 0.037500 0.044792
0 0.145833 0.692708 0.052083 0.033333
0 0.446354 0.518229 0.051042 0.042708
0 0.572917 0.756250 0.052083 0.039583
0 0.392708 0.776563 0.054167 0.042708
0 0.695833 0.966667 0.033333 0.047917
0 0.272396 0.135417 0.044792 0.035417
0 0.673958 0.900521 0.031250 0.048958
0 0.308333 0.398958 0.041667 0.031250
0 0.284896 0.716667 0.053125 0.045833
0 0.220833 0.955208 0.050000 0.047917
0 0.648438 0.894271 0.051042 0.055208
0 0.200521 0.522917 0.042708 0.027083
0 0.287500 0.457813 0.033333 0.053125
0 0.647396 0.190104 0.040625 0.055208
0 0.884375 0.635417 0.043750 0.035417
0 0.504167 0.405729 0.045833 0.048958
0 0.679688 0.530208 0.053125 0.045833
0 0.218229 0.527083 0.034375 0.052083
0 0.546875 0.514583 0.018750 0.035417
0 0.885417 0.363021 0.054167 0.046875
0 0.436458 0.139063 0.052083 0.051042
0 0.724479 0.139063 0.055208 0.051042
0 0.713021 0.598437 0.040625 0.044792
0 0.881771 0.908333 0.023958 0.037500
0 0.205208 0.319792 0.041667 0.039583
0 0.107292 0.919792 0.033333 0.043750
0 0.905729 0.115104 0.053125 0.030208
0 0.238021 0.678646 0.055208 0.048958
0 0.562500 0.380729 0.037500 0.019792
0 0.074479 0.590104 0.040625 0.055208
0 0.383854 0.935937 0.028125 0.046875
0 0.903646 0.572917 0.032292 0.052083
0 0.507292 0.328125 0.041667 0.047917
0 0.567187 0.640625 0.046875 0.033333
0 0.915104 0.321354 0.028125 0.040625
0 0.178125 0.856250 0.035417 0.035417
0 0.583333 0.417187 0.035417 0.040625
0 0.805729 0.161458 0.032292 0.047917
0 0.729167 0.959896 0.029167 0.051042
0 0.094792 0.958333 0.047917 0.033333
0 0.783333 0.350000 0.035417 0.018750
0 0.498958 0.837500 0.052083 0.035417
0 0.489063 0.458333 0.053125 0.045833
0 0.947396 0.437500 0.034375 0.039583
0 0.579688 0.438021 0.055208 0.038542
0 0.400000 0.536458 0.025000 0.043750
0 0.504167 0.726562 0.052083 0.034375
0 0.418750 0.450000 0.047917 0.037500
0 0.851042 0.579167 0.029167 0.045833
0 0.279687 0.940625 0.053125 0.045833
0 0.102604 0.596875 0.038542 0.018750
0 0.931771 0.306771 0.044792 0.055208
0 0.246354 0.303125 0.038542 0.029167
0 0.710417 0.958854 0.039583 0.038542
0 0.729167 0.869271 0.039583 0.055208
0 0.315625 0.631771 0.025000 0.038542
0 0.505729 0.106771 0.051042 0.030208
0 0.822396 0.645312 0.044792 0.055208
0 0.952604 0.386458 0.040625 0.025000
0 0.179688 0.286979 0.051042 0.026042
0 0.520312 0.730729 0.021875 0.038542
0 0.858333 0.478646 0.037500 0.019792
0 0.543229 0.188542 0.028125 0.041667
0 0.552083 0.506250 0.037500 0.029167
0 0.678646 0.309375 0.036458 0.043750
0 0.627604 0.188542 0.040625 0.020833
0 0.848958 0.145833 0.025000 0.043750
0 0.263542 0.129167 0.041667 0.029167
0 0.870313 0.756250 0.053125 0.043750
0 0.264062 0.831771 0.042708 0.023958
0 0.397917 0.905208 0.043750 0.022917
0 0.138542 0.854688 0.027083 0.046875
0 0.590104 0.398438 0.038542 0.046875
0 0.235417 0.871354 0.047917 0.030208
0 0.106771 0.897396 0.044792 0.030208
0 0.520833 0.098437 0.027083 0.038542
0 0.751563 0.214062 0.021875 0.042708
0 0.892188 0.166146 0.038542 0.019792
0 0.576562 0.364583 0.051042 0.033333
0 0.253125 0.533854 0.029167 0.040625
0 0.166146 0.315104 0.048958 0.046875
0 0.228125 0.292187 0.045833 0.032292
0 0.162500 0.432812 0.050000 0.042708
0 0.156771 0.109375 0.044792 0.052083
0 0.880208 0.416667 0.022917 0.039583
0 0.658333 0.770312 0.039583 0.048958
0 0.322396 0.136979 0.042708 0.023958
0 0.719792 0.609896 0.047917 0.046875
0 0.620833 0.179167 0.037500 0.031250
0 0.915625 0.580729 0.031250 0.040625
0 0.468750 0.286458 0.033333 0.037500
0 0.204687 0.454167 0.051042 0.050000
0 0.567708 0.876042 0.037500 0.029167
0 0.078646 0.873958 0.053125 0.045833
0 0.498437 0.683333 0.044792 0.022917
0 0.714583 0.460938 0.054167 0.051042
0 0.708333 0.379688 0.039583 0.028125
0 0.648438 0.296875 0.036458 0.043750
0 0.638021 0.857812 0.055208 0.048958
0 0.382292 0.886458 0.029167 0.041667
0 0.508854 0.090625 0.036458 0.043750
0 0.673958 0.659375 0.025000 0.037500
0 0.960417 0.233333 0.035417 0.018750
0 0.317188 0.485417 0.028125 0.045833
0 0.171354 0.565625 0.042708 0.047917
0 0.602604 0.931250 0.046875 0.052083
0 0.084896 0.170833 0.028125 0.045833
0 0.438021 0.242708 0.040625 0.041667
0 0.418229 0.403646 0.051042 0.034375
0 0.791146 0.822396 0.023958 0.046875
0 0.966667 0.534375 0.041667 0.039583
0 0.130729 0.416146 0.036458 0.046875
0 0.361458 0.424479 0.050000 0.040625
0 0.766667 0.453125 0.050000 0.050000
0 0.293750 0.391667 0.037500 0.047917
0 0.418229 0.241146 0.042708 0.023958
0 0.459375 0.645312 0.037500 0.044792
0 0.472917 0.110937 0.033333 0.040625
0 0.672396 0.680208 0.051042 0.029167
0 0.455208 0.304167 0.050000 0.031250
0 0.450000 0.331771 0.047917 0.028125
0 0.752083 0.453646 0.045833 0.038542
0 0.296354 0.307292 0.028125 0.043750
0 0.902604 0.895833 0.034375 0.043750
0 0.553125 0.614583 0.039583 0.022917
0 0.722396 0.419271 0.042708 0.044792
0 0.416146 0.116146 0.048958 0.046875
0 0.707812 0.284375 0.046875 0.043750
0 0.270313 0.141667 0.034375 0.043750
0 0.884375 0.500000 0.025000 0.037500
0 0.192708 0.919792 0.045833 0.052083
0 0.457292 0.107292 0.022917 0.045833
0 0.661979 0.113542 0.044792 0.033333
0 0.751042 0.176563 0.052083 0.051042
0 0.821354 0.673958 0.038542 0.052083
0 0.910937 0.783333 0.038542 0.031250
0 0.411979 0.565104 0.053125 0.051042
0 0.519271 0.916146 0.032292 0.048958
0 0.566146 0.423438 0.055208 0.044792
0 0.593229 0.311458 0.036458 0.043750
0 0.919792 0.447917 0.020833 0.039583
0 0.249479 0.427083 0.048958 0.037500
0 0.893229 0.458854 0.048958 0.055208
0 0.783333 0.671875 0.047917 0.037500
0 0.605208 0.225000 0.043750 0.045833
0 0.196875 0.439583 0.027083 0.045833
0 0.141146 0.608333 0.030208 0.043750
0 0.477604 0.896875 0.040625 0.041667
0 0.506250 0.513542 0.018750 0.035417
0 0.201563 0.396354 0.044792 0.028125
0 0.314583 0.616667 0.039583 0.022917
0 0.471354 0.506250 0.048958 0.033333
0 0.571354 0.282292 0.042708 0.054167
0 0.614062 0.752604 0.048958 0.046875
0 0.683333 0.544792 0.033333 0.043750
0 0.727083 0.496875 0.047917 0.033333
0 0.400521 0.810417 0.046875 0.045833
0 0.688021 0.229167 0.042708 0.041667
0 0.594792 0.700521 0.037500 0.044792
0 0.729167 0.770312 0.037500 0.021875
0 0.463542 0.426563 0.054167 0.048958
0 0.108854 0.679688 0.046875 0.055208
0 0.971875 0.840104 0.050000 0.028125
0 0.367708 0.845313 0.050000 0.028125
0 0.445312 0.963021 0.042708 0.044792