0 0.807813 0.075521 0.051042 0.036458
0 0.599479 0.184896 0.055208 0.046875
0 0.752604 0.254688 0.051042 0.053125
0 0.971875 0.754687 0.050000 0.028125
0 0.710938 0.405729 0.028125 0.040625
0 0.405729 0.668229 0.040625 0.026042
0 0.301563 0.272917 0.048958 0.027083
0 0.601562 0.453646 0.036458 0.040625
0 0.521354 0.335938 0.038542 0.051042
0 0.388542 0.763021 0.035417 0.044792
0 0.582292 0.226042 0.039583 0.020833
0 0.726042 0.802604 0.045833 0.048958
0 0.909896 0.749479 0.021875 0.042708
0 0.538542 0.486458 0.027083 0.041667
0 0.671875 0.849479 0.047917 0.028125
0 0.921354 0.566667 0.038542 0.035417
0 0.737500 0.610938 0.050000 0.042708
0 0.357812 0.473438 0.042708 0.055208
0 0.086979 0.601562 0.051042 0.042708
0 0.276042 0.962500 0.052083 0.039583
0 0.243229 0.283333 0.023958 0.041667
0 0.545312 0.629167 0.053125 0.041667
0 0.134375 0.270313 0.039583 0.030208
0 0.560937 0.435417 0.038542 0.025000
0 0.780208 0.471354 0.043750 0.028125
0 0.795833 0.415625 0.047917 0.050000
0 0.736979 0.357292 0.042708 0.039583
0 0.291667 0.483333 0.033333 0.037500
0 0.259375 0.501042 0.037500 0.035417
0 0.774479 0.319271 0.055208 0.038542
0 0.720833 0.295312 0.045833 0.026042
0 0.802083 0.387500 0.045833 0.027083
0 0.729688 0.360417 0.028125 0.039583
0 0.704167 0.596875 0.027083 0.047917
0 0.127083 0.184375 0.041667 0.039583
0 0.694792 0.897917 0.041667 0.025000
0 0.802083 0.452083 0.047917 0.035417
0 0.252083 0.235417 0.045833 0.043750
0 0.364063 0.788542 0.046875 0.027083
0 0.321354 0.410417 0.042708 0.033333
0 0.746354 0.858854 0.051042 0.055208
0 0.678646 0.115104 0.030208 0.040625
0 0.905208 0.718229 0.045833 0.023958
0 0.631771 0.400000 0.053125 0.047917
0 0.545833 0.664583 0.050000 0.031250
0 0.443229 0.953125 0.048958 0.039583
0 0.217188 0.449479 0.038542 0.040625
0 0.433854 0.439583 0.038542 0.043750
0 0.722396 0.416667 0.044792 0.033333
0 0.580208 0.313542 0.018750 0.035417
0 0.263021 0.476042 0.048958 0.052083
0 0.879167 0.595313 0.031250 0.053125
0 0.381250 0.166146 0.041667 0.032292
0 0.924479 0.530208 0.036458 0.037500
0 0.835417 0.078646 0.050000 0.026042
0 0.567187 0.631771 0.026042 0.040625
0 0.226042 0.198958 0.052083 0.037500
0 0.597396 0.111458 0.042708 0.039583
0 0.139063 0.828646 0.021875 0.038542
0 0.151562 0.756250 0.046875 0.045833
0 0.668750 0.815625 0.037500 0.029167
0 0.822917 0.864583 0.043750 0.045833
0 0.466667 0.456250 0.041667 0.029167
0 0.431250 0.680208 0.052083 0.045833
0 0.920833 0.769271 0.045833 0.028125
0 0.611458 0.734375 0.035417 0.020833
0 0.947917 0.477604 0.050000 0.042708
0 0.604688 0.321354 0.023958 0.040625
0 0.187500 0.946354 0.037500 0.038542
0 0.603125 0.773438 0.029167 0.044792
0 0.361979 0.891146 0.046875 0.055208
0 0.209896 0.871354 0.055208 0.042708
0 0.351042 0.771354 0.050000 0.038542
0 0.143750 0.133854 0.039583 0.019792
0 0.785937 0.248958 0.044792 0.033333
0 0.878125 0.663542 0.035417 0.037500
0 0.180729 0.665104 0.046875 0.038542
0 0.172917 0.491146 0.022917 0.046875
0 0.814583 0.340104 0.039583 0.044792
0 0.325521 0.647917 0.038542 0.025000
0 0.739583 0.561979 0.037500 0.038542
0 0.479167 0.606250 0.043750 0.035417
0 0.891667 0.377604 0.052083 0.032292
0 0.078646 0.926562 0.030208 0.044792
0 0.105729 0.117708 0.048958 0.039583
0 0.619792 0.815104 0.027083 0.040625
0 0.267188 0.113021 0.046875 0.036458
0 0.664062 0.484896 0.040625 0.036458
0 0.143229 0.250000 0.053125 0.037500
0 0.380729 0.551562 0.044792 0.042708
0 0.186458 0.625000 0.039583 0.041667
0 0.635938 0.963542 0.026042 0.041667
0 0.551562 0.404687 0.040625 0.023958
0 0.862500 0.626563 0.047917 0.032292
0 0.366667 0.715104 0.027083 0.046875
0 0.733333 0.682813 0.039583 0.038542
0 0.425000 0.351562 0.050000 0.034375
0 0.835417 0.448958 0.050000 0.033333
0 0.178646 0.229687 0.021875 0.038542
0 0.682292 0.360417 0.052083 0.047917
0 0.566146 0.231771 0.040625 0.055208
0 0.648438 0.175000 0.019792 0.035417
0 0.903646 0.538021 0.040625 0.034375
0 0.148438 0.134375 0.036458 0.022917
0 0.617188 0.185938 0.053125 0.053125
0 0.573438 0.169271 0.055208 0.048958
0 0.226562 0.148958 0.044792 0.025000
0 0.240104 0.605729 0.034375 0.053125
0 0.554167 0.656250 0.039583 0.052083
0 0.927604 0.964583 0.042708 0.054167
0 0.133854 0.607292 0.030208 0.039583
0 0.705208 0.390104 0.035417 0.048958
0 0.192708 0.541146 0.054167 0.042708
0 0.567187 0.179688 0.019792 0.038542
0 0.332292 0.416146 0.039583 0.026042
0 0.671875 0.287500 0.041667 0.029167
0 0.927604 0.700521 0.032292 0.040625
0 0.392708 0.231771 0.035417 0.040625
0 0.347917 0.078125 0.037500 0.041667
0 0.865625 0.450000 0.025000 0.037500
0 0.145313 0.955208 0.019792 0.035417
0 0.530729 0.842187 0.023958 0.038542
0 0.604167 0.756771 0.031250 0.048958
0 0.631250 0.321354 0.045833 0.026042
0 0.891146 0.539583 0.040625 0.047917
0 0.804167 0.859896 0.039583 0.036458
0 0.414062 0.702083 0.048958 0.039583
0 0.857812 0.322917 0.044792 0.027083
0 0.357812 0.816146 0.030208 0.040625
0 0.376042 0.131771 0.031250 0.044792
0 0.759896 0.226562 0.038542 0.051042
0 0.107292 0.117188 0.039583 0.026042
0 0.217708 0.555208 0.037500 0.047917
0 0.385417 0.439063 0.029167 0.051042
0 0.875521 0.385937 0.038542 0.051042
0 0.133854 0.661979 0.034375 0.051042
0 0.358854 0.502604 0.048958 0.034375
0 0.436979 0.070833 0.017708 0.035417
0 0.841667 0.594792 0.052083 0.043750
0 0.621354 0.625000 0.038542 0.025000
0 0.498958 0.140104 0.037500 0.038542
0 0.705208 0.575521 0.047917 0.046875
0 0.506771 0.895312 0.055208 0.042708
0 0.544792 0.270313 0.037500 0.038542
0 0.812500 0.571354 0.039583 0.038542
0 0.791146 0.391146 0.044792 0.042708
0 0.329688 0.705729 0.042708 0.023958
0 0.949479 0.240104 0.048958 0.055208
0 0.272396 0.835938 0.021875 0.042708
0 0.089063 0.759375 0.036458 0.037500
0 0.701562 0.605729 0.046875 0.038542
0 0.631771 0.146354 0.038542 0.051042
0 0.681771 0.596875 0.042708 0.054167
0 0.202083 0.101562 0.054167 0.036458
0 0.317708 0.077083 0.037500 0.035417
0 0.690104 0.679167 0.044792 0.025000
0 0.158333 0.234375 0.037500 0.041667
0 0.967187 0.445312 0.040625 0.038542
0 0.178125 0.229167 0.047917 0.041667
0 0.624479 0.073958 0.030208 0.039583
0 0.666146 0.846875 0.038542 0.033333
0 0.834375 0.268750 0.052083 0.037500
0 0.432292 0.801042 0.047917 0.041667
0 0.419792 0.191667 0.043750 0.033333
0 0.644792 0.266146 0.039583 0.036458
0 0.113021 0.692708 0.026042 0.039583
0 0.235417 0.488542 0.022917 0.043750
0 0.678125 0.741146 0.045833 0.055208
0 0.473958 0.484896 0.041667 0.032292
0 0.182292 0.085938 0.037500 0.040625
0 0.439063 0.507292 0.030208 0.043750
0 0.381771 0.623958 0.038542 0.031250
0 0.924479 0.172917 0.023958 0.041667
0 0.828125 0.369271 0.039583 0.028125
0 0.228125 0.918229 0.045833 0.026042
0 0.554688 0.283854 0.034375 0.046875
0 0.091146 0.800521 0.055208 0.040625
0 0.785417 0.309375 0.047917 0.037500
0 0.234375 0.866667 0.035417 0.020833
0 0.932813 0.696875 0.048958 0.025000
0 0.626042 0.911979 0.041667 0.042708
0 0.091146 0.120313 0.044792 0.044792
0 0.170833 0.617188 0.043750 0.048958
0 0.652083 0.500521 0.052083 0.051042
0 0.943229 0.109896 0.032292 0.040625
0 0.552083 0.730729 0.054167 0.046875
0 0.284896 0.233854 0.034375 0.040625
0 0.788021 0.881771 0.046875 0.038542
0 0.747396 0.427083 0.042708 0.039583
0 0.147917 0.260937 0.039583 0.028125
0 0.297917 0.351042 0.052083 0.039583
0 0.319271 0.713021 0.044792 0.051042
0 0.754687 0.775521 0.048958 0.055208
0 0.797917 0.202083 0.039583 0.041667
0 0.131771 0.707812 0.038542 0.038542
0 0.642188 0.170313 0.023958 0.042708
0 0.310937 0.871875 0.034375 0.052083
0 0.373437 0.930729 0.042708 0.055208
0 0.144792 0.463542 0.031250 0.037500
0 0.140625 0.449479 0.033333 0.048958
0 0.875521 0.418229 0.046875 0.034375
0 0.128646 0.917708 0.030208 0.047917
0 0.897396 0.603125 0.053125 0.047917
0 0.147917 0.811979 0.045833 0.040625
0 0.566146 0.529687 0.036458 0.046875
0 0.094792 0.258854 0.025000 0.042708
0 0.079687 0.107292 0.038542 0.035417
0 0.610938 0.504687 0.044792 0.030208
0 0.589063 0.715104 0.048958 0.032292
0 0.806771 0.095833 0.040625 0.041667
0 0.068750 0.561458 0.033333 0.052083
0 0.960417 0.906771 0.050000 0.028125
0 0.347396 0.400000 0.023958 0.041667
0 0.706771 0.951042 0.044792 0.052083
0 0.476042 0.757812 0.043750 0.030208
0 0.928646 0.707812 0.051042 0.053125
0 0.446354 0.607292 0.053125 0.047917
0 0.832292 0.533333 0.037500 0.041667
0 0.302604 0.455208 0.028125 0.043750
0 0.603646 0.848958 0.046875 0.043750
0 0.405208 0.190625 0.039583 0.041667
0 0.919271 0.563021 0.044792 0.032292
0 0.518229 0.494792 0.026042 0.041667
0 0.315104 0.950000 0.036458 0.020833
0 0.666667 0.357292 0.037500 0.027083
0 0.729688 0.598958 0.026042 0.037500
0 0.522396 0.717187 0.040625 0.023958
0 0.265104 0.228646 0.053125 0.030208
0 0.946354 0.299479 0.036458 0.046875
0 0.963021 0.741667 0.046875 0.031250
0 0.835417 0.883333 0.025000 0.039583
0 0.495312 0.757812 0.040625 0.044792
0 0.419271 0.222917 0.042708 0.039583
0 0.719271 0.844792 0.028125 0.041667
0 0.082812 0.150521 0.040625 0.034375
0 0.335938 0.805208 0.044792 0.052083
0 0.321875 0.320833 0.041667 0.029167
0 0.361458 0.965104 0.031250 0.040625
0 0.178646 0.246354 0.032292 0.044792
0 0.896875 0.584896 0.052083 0.051042
0 0.550521 0.457292 0.030208 0.047917
0 0.079687 0.670312 0.051042 0.040625
0 0.189583 0.245312 0.039583 0.044792
0 0.439583 0.933333 0.020833 0.039583
0 0.835938 0.093229 0.051042 0.038542
0 0.795312 0.691667 0.021875 0.037500
0 0.239583 0.258854 0.039583 0.023958
0 0.706771 0.680729 0.042708 0.023958
0 0.129167 0.714583 0.035417 0.037500
0 0.898438 0.163021 0.053125 0.051042
0 0.929688 0.441667 0.046875 0.033333
0 0.477604 0.749479 0.034375 0.046875
0 0.357812 0.482292 0.053125 0.045833
0 0.394271 0.495312 0.034375 0.048958
0 0.939583 0.701562 0.050000 0.026042
0 0.318229 0.321875 0.036458 0.037500
0 0.422917 0.740104 0.039583 0.055208
0 0.693229 0.794792 0.021875 0.039583
0 0.294792 0.486458 0.041667 0.041667
0 0.889583 0.670312 0.047917 0.046875
0 0.410417 0.143750 0.033333 0.052083
0 0.255208 0.790104 0.027083 0.046875
0 0.290104 0.373958 0.034375 0.047917
0 0.748437 0.288542 0.048958 0.041667
0 0.879167 0.894792 0.045833 0.043750
0 0.444271 0.609896 0.044792 0.028125
0 0.096354 0.113542 0.038542 0.027083
0 0.397917 0.630729 0.035417 0.040625
0 0.971354 0.651042 0.048958 0.039583
0 0.673958 0.852083 0.027083 0.037500
0 0.506771 0.831250 0.036458 0.037500
0 0.354167 0.154688 0.047917 0.053125
0 0.500000 0.107813 0.037500 0.040625
0 0.615625 0.379688 0.043750 0.048958
0 0.950521 0.573958 0.046875 0.031250
0 0.358854 0.106250 0.030208 0.047917
0 0.284896 0.500521 0.053125 0.053125
0 0.504167 0.546875 0.039583 0.052083
0 0.713021 0.250000 0.026042 0.039583
0 0.813542 0.331771 0.045833 0.036458
0 0.498958 0.329688 0.050000 0.042708
0 0.282813 0.816667 0.021875 0.037500
0 0.601042 0.218750 0.045833 0.043750
0 0.318750 0.522917 0.047917 0.050000
0 0.156250 0.835417 0.041667 0.047917
0 0.363021 0.418750 0.040625 0.041667
0 0.086979 0.789583 0.042708 0.054167
0 0.266146 0.434375 0.038542 0.025000
0 0.860938 0.265104 0.044792 0.055208
0 0.681250 0.441146 0.052083 0.034375
0 0.258333 0.233333 0.033333 0.050000
0 0.747917 0.279687 0.050000 0.034375
0 0.323437 0.193750 0.048958 0.035417
0 0.569271 0.534375 0.026042 0.037500
0 0.794271 0.803125 0.036458 0.043750
0 0.806771 0.090625 0.042708 0.047917
0 0.614062 0.329167 0.048958 0.037500
0 0.180208 0.139063 0.039583 0.023958
0 0.203646 0.901042 0.034375 0.043750
0 0.125000 0.129688 0.037500 0.044792
0 0.550000 0.631250 0.037500 0.029167
0 0.884896 0.085417 0.051042 0.031250
0 0.939583 0.933333 0.037500 0.025000
0 0.768750 0.492708 0.043750 0.033333
0 0.448958 0.361979 0.022917 0.038542
0 0.733854 0.353125 0.030208 0.039583
0 0.857292 0.931771 0.025000 0.038542
0 0.203125 0.198958 0.033333 0.050000
0 0.175521 0.368229 0.040625 0.023958
0 0.743750 0.072917 0.033333 0.037500
0 0.689583 0.264062 0.039583 0.044792
0 0.219271 0.240104 0.051042 0.040625
0 0.154688 0.925000 0.036458 0.018750
0 0.727604 0.806771 0.051042 0.038542
0 0.575521 0.388542 0.030208 0.047917
0 0.842708 0.190104 0.043750 0.028125
0 0.833333 0.210938 0.052083 0.034375
0 0.878646 0.757292 0.038542 0.043750
0 0.456771 0.724479 0.046875 0.048958
0 0.755729 0.790625 0.038542 0.035417
0 0.744792 0.156771 0.050000 0.042708
0 0.569271 0.514062 0.051042 0.042708
0 0.503646 0.451562 0.040625 0.044792
0 0.216146 0.929167 0.030208 0.039583
0 0.586979 0.501563 0.032292 0.040625
0 0.482812 0.802604 0.048958 0.032292
0 0.729688 0.561979 0.051042 0.036458
0 0.947396 0.227083 0.034375 0.043750
0 0.564063 0.183854 0.046875 0.028125
0 0.402604 0.159375 0.046875 0.027083
0 0.078125 0.226562 0.043750 0.021875
0 0.167708 0.242708 0.047917 0.033333
0 0.654687 0.922396 0.040625 0.030208
0 0.113542 0.520833 0.037500 0.027083
0 0.176042 0.350000 0.027083 0.037500
0 0.358854 0.955208 0.048958 0.041667
0 0.569792 0.678646 0.043750 0.055208
0 0.576042 0.920833 0.033333 0.043750
0 0.423438 0.642188 0.032292 0.040625
0 0.197917 0.459896 0.025000 0.038542
0 0.890625 0.385937 0.027083 0.042708
0 0.113021 0.459896 0.023958 0.046875
0 0.138542 0.655208 0.031250 0.043750
0 0.552083 0.290104 0.029167 0.051042
0 0.490104 0.663021 0.034375 0.053125
0 0.421354 0.884896 0.026042 0.046875
0 0.253646 0.786458 0.034375 0.047917
0 0.863021 0.670312 0.048958 0.032292
0 0.461979 0.315104 0.036458 0.040625
0 0.615104 0.677083 0.023958 0.041667
0 0.849479 0.143229 0.048958 0.055208
0 0.640104 0.764583 0.040625 0.020833
0 0.864062 0.938542 0.044792 0.045833
0 0.528125 0.805208 0.035417 0.043750
0 0.600521 0.840625 0.028125 0.050000
0 0.168750 0.181250 0.039583 0.041667
0 0.747396 0.489583 0.048958 0.037500
0 0.489583 0.538021 0.041667 0.032292
0 0.131250 0.971354 0.039583 0.048958
0 0.154167 0.836458 0.025000 0.047917
0 0.826042 0.303646 0.041667 0.032292
0 0.613542 0.638542 0.045833 0.052083
0 0.208333 0.784375 0.037500 0.035417
0 0.697917 0.180729 0.033333 0.044792
0 0.581250 0.330208 0.043750 0.033333
0 0.575521 0.113542 0.030208 0.047917
0 0.582292 0.261458 0.047917 0.027083
0 0.512500 0.430208 0.037500 0.025000
0 0.740625 0.343229 0.027083 0.040625
0 0.758333 0.543229 0.050000 0.028125
0 0.216667 0.355208 0.029167 0.041667
0 0.754167 0.155729 0.052083 0.051042
0 0.621875 0.601042 0.043750 0.045833
0 0.225521 0.557292 0.030208 0.043750
0 0.135937 0.333333 0.038542 0.043750
0 0.729688 0.089063 0.038542 0.046875
0 0.781771 0.121875 0.040625 0.041667
0 0.891667 0.950000 0.037500 0.029167
0 0.295312 0.872917 0.034375 0.037500
0 0.511458 0.638021 0.045833 0.055208
0 0.106250 0.813021 0.041667 0.023958
0 0.528646 0.197396 0.044792 0.042708
0 0.875521 0.657813 0.048958 0.046875
0 0.574479 0.592187 0.038542 0.046875
0 0.466667 0.704688 0.027083 0.038542
0 0.471354 0.495312 0.055208 0.051042
0 0.238021 0.665104 0.046875 0.048958
0 0.554167 0.800521 0.052083 0.032292
0 0.353125 0.554167 0.047917 0.025000
0 0.608333 0.129167 0.041667 0.031250
0 0.095833 0.768229 0.043750 0.030208
0 0.473958 0.455729 0.041667 0.044792
0 0.812500 0.744271 0.041667 0.044792
0 0.139583 0.865625 0.045833 0.027083
0 0.833854 0.123958 0.030208 0.039583
0 0.502604 0.820312 0.026042 0.046875
0 0.944792 0.746875 0.052083 0.047917
0 0.430729 0.708333 0.042708 0.031250
0 0.808854 0.773438 0.021875 0.042708
0 0.646354 0.939063 0.028125 0.046875
0 0.474479 0.903125 0.026042 0.041667
0 0.666667 0.778125 0.045833 0.027083
0 0.171875 0.647396 0.054167 0.046875
0 0.798438 0.306771 0.026042 0.046875
0 0.122917 0.453125 0.033333 0.043750
0 0.817708 0.679167 0.041667 0.039583
0 0.469792 0.962500 0.022917 0.043750
0 0.369271 0.146354 0.053125 0.034375
0 0.664062 0.944792 0.042708 0.031250
0 0.791146 0.174479 0.026042 0.040625
0 0.157292 0.177604 0.045833 0.048958
0 0.627604 0.593229 0.038542 0.046875
0 0.104688 0.281771 0.048958 0.044792
0 0.411458 0.573438 0.029167 0.048958
0 0.732292 0.577604 0.050000 0.040625
0 0.447917 0.098958 0.045833 0.043750
0 0.646875 0.463021 0.020833 0.038542
0 0.632292 0.597917 0.039583 0.047917
0 0.901042 0.488542 0.025000 0.041667
0 0.074479 0.278125 0.038542 0.029167
0 0.247396 0.893229 0.048958 0.032292
0 0.860417 0.928646 0.039583 0.038542
0 0.146875 0.432812 0.050000 0.053125
0 0.537500 0.789583 0.041667 0.047917
0 0.936979 0.416146 0.040625 0.030208
0 0.091667 0.519271 0.045833 0.038542
0 0.093229 0.631250 0.038542 0.043750
0 0.926562 0.168229 0.051042 0.034375
0 0.320312 0.923958 0.038542 0.025000
0 0.940625 0.377604 0.043750 0.040625
0 0.821354 0.508333 0.044792 0.025000
0 0.835938 0.598958 0.046875 0.031250
0 0.946354 0.664062 0.036458 0.040625
0 0.420833 0.857812 0.050000 0.026042
0 0.851562 0.428125 0.048958 0.039583
0 0.701562 0.458854 0.051042 0.038542
0 0.099479 0.761979 0.042708 0.044792
0 0.540104 0.129688 0.021875 0.038542
0 0.941146 0.833854 0.038542 0.046875
0 0.637500 0.110417 0.033333 0.016667