0 0.340625 0.472917 0.052083 0.045833
0 0.873437 0.663021 0.026042 0.046875
0 0.935417 0.423958 0.037500 0.031250
0 0.786979 0.513021 0.051042 0.055208
0 0.175000 0.268750 0.047917 0.025000
0 0.686458 0.862500 0.037500 0.035417
0 0.604688 0.316146 0.030208 0.040625
0 0.595833 0.753125 0.052083 0.045833
0 0.791667 0.339062 0.054167 0.044792
0 0.261979 0.845313 0.051042 0.038542
0 0.108854 0.930729 0.044792 0.055208
0 0.539583 0.195833 0.043750 0.035417
0 0.314063 0.372917 0.042708 0.039583
0 0.273958 0.419792 0.025000 0.047917
0 0.088021 0.809896 0.032292 0.044792
0 0.431250 0.677083 0.029167 0.050000
0 0.786979 0.940104 0.040625 0.036458
0 0.412500 0.234896 0.031250 0.048958
0 0.143750 0.149479 0.027083 0.040625
0 0.150521 0.851042 0.032292 0.043750
0 0.268229 0.579167 0.030208 0.039583
0 0.297917 0.777604 0.045833 0.038542
0 0.936979 0.236458 0.036458 0.020833
0 0.685937 0.168229 0.044792 0.042708
0 0.830729 0.533854 0.030208 0.044792
0 0.647396 0.218229 0.044792 0.032292
0 0.760417 0.933333 0.047917 0.041667
0 0.111458 0.731771 0.052083 0.051042
0 0.805729 0.543229 0.026042 0.040625
0 0.810417 0.316667 0.025000 0.041667
0 0.562500 0.490625 0.037500 0.047917
0 0.751563 0.959375 0.030208 0.043750
0 0.428125 0.112500 0.037500 0.047917
0 0.919271 0.165104 0.034375 0.051042
0 0.252604 0.660937 0.044792 0.040625
0 0.801042 0.876042 0.031250 0.050000
0 0.371354 0.186979 0.044792 0.055208
0 0.576562 0.919792 0.044792 0.025000
0 0.331771 0.504167 0.032292 0.047917
0 0.477083 0.452083 0.041667 0.027083
0 0.311458 0.313021 0.035417 0.048958
0 0.557813 0.880208 0.038542 0.035417
0 0.210938 0.557813 0.034375 0.053125
0 0.438021 0.486979 0.034375 0.040625
0 0.179688 0.237500 0.026042 0.041667
0 0.193229 0.305208 0.048958 0.033333
0 0.358854 0.604688 0.051042 0.030208
0 0.797917 0.321875 0.050000 0.050000
0 0.239063 0.456250 0.036458 0.047917
0 0.877604 0.939063 0.032292 0.048958
0 0.623437 0.122396 0.040625 0.023958
0 0.132292 0.099479 0.043750 0.030208
0 0.497396 0.126042 0.034375 0.047917
0 0.484375 0.555729 0.033333 0.053125
0 0.344271 0.630208 0.048958 0.027083
0 0.204167 0.897396 0.035417 0.044792
0 0.813021 0.081771 0.040625 0.046875
0 0.833333 0.381771 0.033333 0.040625
0 0.683854 0.920833 0.048958 0.027083
0 0.268229 0.922396 0.032292 0.053125
0 0.220312 0.288542 0.048958 0.041667
0 0.082292 0.786979 0.045833 0.023958
0 0.151042 0.731771 0.050000 0.036458
0 0.779687 0.521875 0.034375 0.039583
0 0.798958 0.669792 0.037500 0.031250
0 0.888542 0.957292 0.035417 0.052083
0 0.891146 0.466667 0.044792 0.033333
0 0.769271 0.350000 0.053125 0.037500
0 0.540104 0.712500 0.038542 0.031250
0 0.902604 0.828646 0.044792 0.044792
0 0.581250 0.808333 0.045833 0.029167
0 0.229167 0.556250 0.043750 0.045833
0 0.401562 0.558854 0.040625 0.036458
0 0.269792 0.240104 0.035417 0.017708
0 0.088542 0.966146 0.045833 0.040625
0 0.945833 0.229167 0.035417 0.022917
0 0.322396 0.322917 0.053125 0.047917
0 0.547917 0.482812 0.041667 0.048958
0 0.785417 0.154688 0.022917 0.038542
0 0.140625 0.354167 0.045833 0.031250
0 0.319792 0.769271 0.035417 0.044792
0 0.831771 0.547396 0.042708 0.021875
0 0.588021 0.876563 0.046875 0.048958
0 0.344271 0.233854 0.046875 0.038542
0 0.077604 0.123438 0.046875 0.026042
0 0.865625 0.180729 0.041667 0.044792
0 0.391146 0.439583 0.036458 0.018750
0 0.841146 0.341146 0.051042 0.036458
0 0.847396 0.674479 0.034375 0.051042
0 0.502083 0.115104 0.052083 0.053125
0 0.565104 0.859896 0.032292 0.053125
0 0.098437 0.257292 0.042708 0.029167
0 0.204687 0.856250 0.044792 0.033333
0 0.422917 0.240104 0.033333 0.040625
0 0.112500 0.161458 0.047917 0.035417
0 0.454688 0.101042 0.038542 0.031250
0 0.215625 0.174479 0.025000 0.042708
0 0.617188 0.841667 0.038542 0.047917
0 0.948958 0.847396 0.047917 0.032292
0 0.238021 0.359375 0.021875 0.037500
0 0.280729 0.942708 0.028125 0.039583
0 0.221354 0.251042 0.038542 0.035417
0 0.690625 0.855208 0.043750 0.025000
0 0.850521 0.185417 0.038542 0.043750
0 0.720313 0.935937 0.051042 0.042708
0 0.361458 0.377604 0.027083 0.040625
0 0.589063 0.335417 0.038542 0.035417
0 0.918229 0.780208 0.046875 0.045833
0 0.768229 0.541146 0.036458 0.055208
0 0.845833 0.807813 0.027083 0.046875
0 0.796875 0.918229 0.022917 0.042708
0 0.506771 0.098437 0.030208 0.044792
0 0.617708 0.361979 0.037500 0.021875
0 0.267708 0.919271 0.052083 0.030208
0 0.516667 0.359375 0.035417 0.018750
0 0.382292 0.505208 0.025000 0.041667
0 0.468750 0.072396 0.020833 0.036458
0 0.687500 0.494271 0.039583 0.036458
0 0.733854 0.690625 0.042708 0.039583
0 0.457292 0.692708 0.022917 0.039583
0 0.787500 0.554167 0.029167 0.041667
0 0.089583 0.687500 0.041667 0.039583
0 0.562500 0.360938 0.031250 0.048958
0 0.428125 0.684896 0.043750 0.048958
0 0.589063 0.779687 0.032292 0.053125
0 0.900521 0.793229 0.034375 0.051042
0 0.725521 0.292187 0.055208 0.051042
0 0.175000 0.822396 0.018750 0.036458
0 0.147917 0.211979 0.022917 0.040625
0 0.552083 0.972396 0.041667 0.048958
0 0.331250 0.435417 0.052083 0.039583
0 0.732812 0.092708 0.048958 0.035417
0 0.828125 0.855729 0.041667 0.044792
0 0.492708 0.224479 0.054167 0.044792
0 0.354167 0.338542 0.037500 0.041667
0 0.831250 0.190104 0.027083 0.051042
0 0.597917 0.426042 0.041667 0.037500
0 0.280729 0.725521 0.032292 0.053125
0 0.471875 0.632812 0.039583 0.038542
0 0.688542 0.307812 0.047917 0.046875
0 0.332813 0.720313 0.046875 0.034375
0 0.641146 0.133333 0.053125 0.039583
0 0.106250 0.294271 0.025000 0.044792
0 0.784896 0.420312 0.040625 0.030208
0 0.928646 0.246875 0.053125 0.035417
0 0.482812 0.275521 0.046875 0.026042
0 0.357812 0.257812 0.053125 0.053125
0 0.095833 0.233333 0.047917 0.037500
0 0.671354 0.931771 0.046875 0.055208
0 0.654167 0.165625 0.037500 0.035417
0 0.235937 0.719271 0.044792 0.040625
0 0.692187 0.298438 0.048958 0.028125
0 0.777083 0.623437 0.045833 0.038542
0 0.340104 0.856771 0.046875 0.034375
0 0.161458 0.250521 0.029167 0.040625
0 0.538542 0.498437 0.041667 0.044792
0 0.313021 0.270313 0.036458 0.040625
0 0.480729 0.070833 0.019792 0.035417
0 0.470833 0.893750 0.041667 0.025000
0 0.475000 0.165625 0.039583 0.020833
0 0.553125 0.740104 0.041667 0.021875
0 0.478646 0.445312 0.038542 0.051042
0 0.446354 0.304688 0.042708 0.044792
0 0.750000 0.626563 0.050000 0.028125
0 0.151562 0.943750 0.040625 0.041667
0 0.568750 0.717187 0.047917 0.046875
0 0.564583 0.809896 0.047917 0.046875
0 0.230208 0.861458 0.052083 0.041667
0 0.266146 0.513542 0.044792 0.022917
0 0.498437 0.217188 0.023958 0.040625
0 0.090104 0.413542 0.038542 0.047917
0 0.087500 0.082812 0.050000 0.034375
0 0.862500 0.283854 0.047917 0.046875
0 0.132292 0.303125 0.047917 0.039583
0 0.865625 0.755729 0.039583 0.032292
0 0.694792 0.230729 0.043750 0.028125
0 0.109896 0.717187 0.046875 0.036458
0 0.766146 0.754167 0.026042 0.047917
0 0.134375 0.446354 0.035417 0.044792
0 0.500521 0.138021 0.051042 0.042708
0 0.635417 0.575000 0.031250 0.041667
0 0.671354 0.603646 0.055208 0.044792
0 0.396875 0.386458 0.045833 0.043750
0 0.607812 0.309375 0.032292 0.047917
0 0.087500 0.156771 0.039583 0.036458
0 0.197917 0.388021 0.041667 0.048958
0 0.426042 0.875000 0.029167 0.050000
0 0.916146 0.954167 0.036458 0.018750
0 0.674479 0.940625 0.042708 0.054167
0 0.152604 0.769792 0.030208 0.047917
0 0.165104 0.746875 0.051042 0.050000
0 0.969271 0.146875 0.046875 0.052083
0 0.464583 0.073958 0.029167 0.041667
0 0.411458 0.613542 0.029167 0.041667
0 0.280208 0.086458 0.039583 0.041667
0 0.204167 0.887500 0.041667 0.047917
0 0.694271 0.539062 0.048958 0.030208
0 0.261979 0.826042 0.040625 0.041667
0 0.906771 0.818229 0.028125 0.051042
0 0.888542 0.644792 0.047917 0.041667
0 0.112500 0.500521 0.039583 0.028125
0 0.455208 0.934896 0.037500 0.044792
0 0.520312 0.729688 0.042708 0.021875
0 0.198958 0.078646 0.027083 0.046875
0 0.154167 0.676042 0.043750 0.052083
0 0.181250 0.585417 0.037500 0.027083
0 0.806250 0.853125 0.052083 0.035417
0 0.441667 0.834375 0.050000 0.031250
0 0.709896 0.157812 0.030208 0.051042
0 0.125000 0.581771 0.050000 0.042708
0 0.246354 0.282292 0.038542 0.031250
0 0.517708 0.085417 0.031250 0.041667
0 0.470833 0.964583 0.041667 0.047917
0 0.089063 0.246875 0.017708 0.035417
0 0.463542 0.190104 0.043750 0.040625
0 0.399479 0.680729 0.053125 0.034375
0 0.793229 0.934375 0.048958 0.039583
0 0.293229 0.490625 0.030208 0.047917
0 0.510417 0.200000 0.022917 0.039583
0 0.695833 0.347917 0.031250 0.041667
0 0.917708 0.944792 0.050000 0.029167
0 0.407813 0.479167 0.044792 0.045833
0 0.580729 0.771875 0.038542 0.033333
0 0.558333 0.925000 0.037500 0.025000
0 0.634896 0.256250 0.034375 0.047917
0 0.722396 0.536979 0.044792 0.030208
0 0.243750 0.234896 0.052083 0.034375
0 0.294271 0.489063 0.042708 0.051042
0 0.834896 0.734375 0.038542 0.025000
0 0.302604 0.419271 0.048958 0.048958
0 0.357812 0.591667 0.026042 0.039583
0 0.454167 0.878125 0.029167 0.037500
0 0.589583 0.873958 0.020833 0.035417
0 0.930208 0.629167 0.050000 0.050000
0 0.501563 0.097917 0.048958 0.041667
0 0.407292 0.453125 0.037500 0.031250
0 0.138021 0.669792 0.051042 0.035417
0 0.269792 0.592187 0.050000 0.036458
0 0.761979 0.180729 0.055208 0.040625
0 0.520312 0.405208 0.030208 0.047917
0 0.227083 0.336458 0.045833 0.052083
0 0.704167 0.138021 0.027083 0.046875
0 0.882812 0.101042 0.046875 0.052083
0 0.169271 0.947917 0.040625 0.054167
0 0.209375 0.390104 0.054167 0.038542
0 0.561979 0.403125 0.042708 0.027083
0 0.089063 0.852604 0.042708 0.023958
0 0.813021 0.139063 0.040625 0.038542
0 0.786458 0.078125 0.041667 0.041667
0 0.694271 0.075000 0.053125 0.041667
0 0.360938 0.696354 0.044792 0.026042
0 0.735417 0.534896 0.045833 0.048958
0 0.510938 0.847917 0.053125 0.039583
0 0.175521 0.724479 0.055208 0.040625
0 0.556771 0.844792 0.046875 0.022917
0 0.674479 0.458854 0.028125 0.048958
0 0.354687 0.100000 0.051042 0.033333
0 0.936458 0.673958 0.039583 0.020833
0 0.822917 0.743229 0.033333 0.053125
0 0.332292 0.526042 0.029167 0.045833
0 0.678125 0.670833 0.041667 0.029167
0 0.601042 0.817187 0.050000 0.034375
0 0.900521 0.709375 0.040625 0.020833
0 0.327604 0.428646 0.055208 0.044792
0 0.186458 0.495833 0.037500 0.033333
0 0.186979 0.530729 0.038542 0.051042
0 0.152083 0.857812 0.039583 0.026042
0 0.530729 0.644792 0.051042 0.029167
0 0.313021 0.113021 0.051042 0.044792
0 0.080729 0.690104 0.051042 0.044792
0 0.568229 0.614062 0.042708 0.023958
0 0.783333 0.135417 0.027083 0.047917
0 0.139583 0.933854 0.052083 0.051042
0 0.313542 0.871354 0.037500 0.044792
0 0.817708 0.868750 0.041667 0.025000
0 0.211979 0.078125 0.038542 0.043750
0 0.657292 0.796875 0.043750 0.031250
0 0.776042 0.088021 0.041667 0.032292
0 0.882292 0.676562 0.035417 0.040625
0 0.090104 0.797917 0.053125 0.047917
0 0.597396 0.383854 0.055208 0.048958
0 0.856250 0.488021 0.054167 0.042708
0 0.114062 0.924479 0.032292 0.044792
0 0.483333 0.100000 0.035417 0.022917
0 0.190625 0.158333 0.025000 0.043750
0 0.339583 0.114062 0.020833 0.038542
0 0.920312 0.347917 0.040625 0.043750
0 0.799479 0.332813 0.051042 0.038542
0 0.213021 0.320312 0.048958 0.028125
0 0.877604 0.682292 0.044792 0.052083
0 0.182292 0.927604 0.050000 0.053125
0 0.750000 0.583854 0.041667 0.032292
0 0.255208 0.419792 0.033333 0.037500
0 0.503125 0.200000 0.029167 0.041667
0 0.611979 0.698438 0.034375 0.053125
0 0.745313 0.481771 0.028125 0.051042
0 0.515104 0.826562 0.021875 0.042708
0 0.850000 0.957812 0.039583 0.026042
0 0.381771 0.114062 0.042708 0.051042
0 0.488542 0.191667 0.031250 0.050000
0 0.969792 0.646354 0.047917 0.046875
0 0.819792 0.322917 0.031250 0.037500
0 0.593750 0.100000 0.022917 0.039583
0 0.555208 0.354687 0.052083 0.032292
0 0.890625 0.081250 0.047917 0.035417
0 0.401562 0.832292 0.038542 0.029167
0 0.685417 0.381250 0.035417 0.037500
0 0.316146 0.914062 0.026042 0.046875
0 0.582812 0.752083 0.026042 0.045833
0 0.434375 0.222396 0.054167 0.048958
0 0.851562 0.371354 0.044792 0.040625