0 0.156771 0.219271 0.026042 0.040625
0 0.708854 0.655729 0.040625 0.055208
0 0.459896 0.679688 0.046875 0.040625
0 0.847396 0.559375 0.032292 0.047917
0 0.757292 0.895833 0.022917 0.043750
0 0.089063 0.150000 0.038542 0.018750
0 0.126562 0.909375 0.038542 0.027083
0 0.529687 0.644271 0.038542 0.023958
0 0.373958 0.201563 0.047917 0.032292
0 0.443750 0.351562 0.054167 0.046875
0 0.725521 0.132812 0.038542 0.023958
0 0.340104 0.280729 0.038542 0.051042
0 0.265625 0.651563 0.037500 0.038542
0 0.150000 0.215104 0.020833 0.042708
0 0.957812 0.395313 0.044792 0.040625
0 0.611979 0.477604 0.044792 0.032292
0 0.409896 0.900000 0.044792 0.054167
0 0.707292 0.414583 0.027083 0.045833
0 0.416667 0.239583 0.027083 0.041667
0 0.759896 0.140104 0.051042 0.044792
0 0.111458 0.691667 0.020833 0.035417
0 0.480208 0.207813 0.035417 0.040625
0 0.873437 0.798438 0.023958 0.042708
0 0.780208 0.173958 0.047917 0.041667
0 0.739583 0.928125 0.052083 0.047917
0 0.406771 0.290625 0.028125 0.050000
0 0.780208 0.708333 0.047917 0.050000
0 0.644792 0.627083 0.037500 0.031250
0 0.428125 0.966146 0.027083 0.048958
0 0.848958 0.735938 0.039583 0.038542
0 0.898438 0.931250 0.042708 0.037500
0 0.442188 0.585417 0.028125 0.043750
0 0.366667 0.443229 0.035417 0.044792
0 0.131250 0.142708 0.045833 0.052083
0 0.314583 0.254167 0.047917 0.041667
0 0.419792 0.527604 0.041667 0.044792
0 0.386458 0.535417 0.035417 0.020833
0 0.696875 0.582292 0.052083 0.039583
0 0.368750 0.375521 0.054167 0.046875
0 0.683333 0.726562 0.043750 0.032292
0 0.409375 0.168750 0.050000 0.031250
0 0.606771 0.277083 0.051042 0.033333
0 0.814063 0.471875 0.034375 0.037500
0 0.940625 0.795833 0.043750 0.035417
0 0.941146 0.738021 0.042708 0.044792
0 0.889583 0.893750 0.050000 0.029167
0 0.837500 0.601562 0.054167 0.048958
0 0.950000 0.836979 0.050000 0.044792
0 0.720833 0.293229 0.039583 0.048958
0 0.804167 0.407292 0.037500 0.031250
0 0.140104 0.569271 0.055208 0.044792
0 0.684375 0.870833 0.047917 0.025000
0 0.106250 0.101042 0.052083 0.039583
0 0.527604 0.570833 0.036458 0.020833
0 0.638021 0.894271 0.040625 0.044792
0 0.274479 0.659896 0.026042 0.040625
0 0.167708 0.602604 0.054167 0.048958
0 0.906771 0.710417 0.034375 0.039583
0 0.647917 0.520312 0.052083 0.051042
0 0.638021 0.492188 0.055208 0.038542
0 0.533854 0.595313 0.055208 0.046875
0 0.632812 0.759896 0.048958 0.055208
0 0.147396 0.081250 0.044792 0.035417
0 0.331250 0.238021 0.054167 0.048958
0 0.139583 0.677604 0.045833 0.048958
0 0.876563 0.823438 0.051042 0.034375
0 0.468750 0.743750 0.043750 0.025000
0 0.865625 0.316146 0.045833 0.036458
0 0.684896 0.934896 0.046875 0.048958
0 0.717187 0.369271 0.038542 0.021875
0 0.665625 0.108854 0.047917 0.046875
0 0.454167 0.218750 0.018750 0.035417
0 0.711979 0.793229 0.040625 0.026042
0 0.573958 0.428646 0.050000 0.044792
0 0.621875 0.832812 0.027083 0.046875
0 0.171354 0.916667 0.046875 0.052083
0 0.641146 0.611458 0.038542 0.029167
0 0.577604 0.498437 0.040625 0.034375
0 0.097396 0.698438 0.021875 0.038542
0 0.683854 0.758333 0.040625 0.043750
0 0.395833 0.741146 0.022917 0.044792
0 0.445833 0.947396 0.025000 0.038542
0 0.820833 0.644792 0.039583 0.041667
0 0.798438 0.291667 0.030208 0.039583
0 0.204687 0.324479 0.051042 0.034375
0 0.836458 0.501563 0.029167 0.040625
0 0.163542 0.911979 0.054167 0.040625
0 0.714583 0.840104 0.052083 0.051042
0 0.202604 0.609375 0.036458 0.037500
0 0.939063 0.369271 0.040625 0.044792
0 0.916667 0.642708 0.052083 0.039583
0 0.267708 0.566146 0.052083 0.051042
0 0.879167 0.870833 0.037500 0.027083
0 0.871875 0.488021 0.043750 0.028125
0 0.573958 0.818229 0.045833 0.040625
0 0.440104 0.204167 0.042708 0.039583
0 0.475000 0.680208 0.022917 0.037500
0 0.916667 0.120833 0.037500 0.047917
0 0.344271 0.804167 0.042708 0.020833
0 0.454688 0.281250 0.038542 0.027083
0 0.255729 0.917708 0.044792 0.047917
0 0.677604 0.158333 0.042708 0.031250
0 0.311979 0.231771 0.030208 0.048958
0 0.515104 0.759896 0.023958 0.040625
0 0.189583 0.635938 0.033333 0.048958
0 0.293750 0.285938 0.050000 0.028125
0 0.611458 0.584375 0.020833 0.039583
0 0.071875 0.430729 0.027083 0.046875
0 0.416667 0.219792 0.041667 0.020833
0 0.836458 0.917188 0.033333 0.048958
0 0.688021 0.915104 0.055208 0.044792
0 0.464062 0.679688 0.038542 0.038542
0 0.721875 0.894792 0.031250 0.037500
0 0.233333 0.219792 0.045833 0.043750
0 0.219271 0.841667 0.019792 0.039583
0 0.752604 0.900000 0.044792 0.022917
0 0.400000 0.454688 0.045833 0.038542
0 0.558333 0.537500 0.037500 0.027083
0 0.620833 0.803646 0.020833 0.036458
0 0.211458 0.452604 0.033333 0.040625
0 0.897396 0.304167 0.046875 0.045833
0 0.277604 0.559375 0.042708 0.039583
0 0.498437 0.444271 0.038542 0.055208
0 0.174479 0.203125 0.048958 0.039583
0 0.642708 0.883854 0.045833 0.034375
0 0.328125 0.558333 0.027083 0.045833
0 0.934896 0.725521 0.032292 0.040625
0 0.407292 0.509375 0.052083 0.041667
0 0.260417 0.686458 0.029167 0.037500
0 0.473958 0.085417 0.052083 0.043750
0 0.098958 0.871354 0.050000 0.044792
0 0.369271 0.521354 0.034375 0.048958
0 0.322396 0.663021 0.046875 0.038542
0 0.878125 0.557813 0.043750 0.048958
0 0.354167 0.112500 0.043750 0.025000
0 0.146875 0.584375 0.043750 0.052083
0 0.102083 0.073438 0.045833 0.040625
0 0.394792 0.877083 0.047917 0.039583
0 0.354167 0.601562 0.039583 0.055208
0 0.908333 0.257292 0.050000 0.050000
0 0.476562 0.733333 0.023958 0.037500
0 0.491667 0.242708 0.045833 0.027083
0 0.960417 0.790104 0.041667 0.032292
0 0.250000 0.169792 0.029167 0.045833
0 0.106771 0.878125 0.038542 0.033333
0 0.814583 0.707812 0.050000 0.036458
0 0.452083 0.455208 0.035417 0.043750
0 0.884896 0.147396 0.053125 0.053125
0 0.206250 0.375521 0.054167 0.036458
0 0.697396 0.323437 0.051042 0.042708
0 0.720313 0.888542 0.036458 0.020833
0 0.733854 0.222396 0.044792 0.042708
0 0.352083 0.211979 0.054167 0.038542
0 0.164062 0.242708 0.051042 0.031250
0 0.880729 0.791667 0.032292 0.039583
0 0.367188 0.485417 0.042708 0.041667
0 0.454167 0.743229 0.041667 0.021875
0 0.767188 0.155729 0.038542 0.051042
0 0.477604 0.620313 0.044792 0.030208
0 0.403646 0.111979 0.046875 0.034375
0 0.552083 0.845313 0.027083 0.042708
0 0.610938 0.376563 0.042708 0.023958
0 0.421354 0.611979 0.042708 0.051042
0 0.857292 0.211458 0.037500 0.033333
0 0.953125 0.718229 0.050000 0.040625
0 0.565104 0.833854 0.038542 0.019792
0 0.669792 0.332292 0.052083 0.045833
0 0.966146 0.691667 0.042708 0.027083
0 0.611458 0.677083 0.052083 0.037500
0 0.298438 0.215104 0.042708 0.021875
0 0.328646 0.563021 0.046875 0.036458
0 0.627604 0.133854 0.028125 0.044792
0 0.168229 0.309375 0.038542 0.037500
0 0.449479 0.619792 0.051042 0.033333
0 0.247396 0.417187 0.038542 0.038542
0 0.213021 0.804688 0.023958 0.040625
0 0.203125 0.805208 0.037500 0.027083
0 0.497917 0.738021 0.045833 0.026042
0 0.755729 0.144792 0.051042 0.033333
0 0.093750 0.723958 0.045833 0.052083
0 0.869271 0.115625 0.046875 0.031250
0 0.868750 0.813542 0.041667 0.052083
0 0.188542 0.448958 0.052083 0.045833
0 0.716146 0.358333 0.023958 0.043750
0 0.943750 0.306250 0.029167 0.037500
0 0.180729 0.206771 0.028125 0.051042
0 0.596354 0.407813 0.048958 0.046875
0 0.436979 0.846354 0.028125 0.040625
0 0.703646 0.228125 0.040625 0.020833
0 0.222917 0.798958 0.037500 0.041667
0 0.668229 0.267188 0.038542 0.051042
0 0.335938 0.559375 0.021875 0.037500
0 0.884896 0.277083 0.028125 0.039583
0 0.821875 0.415625 0.047917 0.041667
0 0.791146 0.127604 0.038542 0.019792
0 0.821354 0.644792 0.053125 0.035417
0 0.769792 0.638542 0.043750 0.025000
0 0.668750 0.785937 0.041667 0.044792
0 0.624479 0.367708 0.046875 0.022917
0 0.368229 0.485938 0.030208 0.044792
0 0.209896 0.406250 0.042708 0.047917
0 0.495833 0.183854 0.033333 0.044792
0 0.499479 0.326042 0.019792 0.035417
0 0.784375 0.884896 0.039583 0.044792
0 0.383333 0.565625 0.043750 0.033333
0 0.433333 0.789583 0.052083 0.037500
0 0.144271 0.645312 0.040625 0.019792
0 0.703646 0.600000 0.040625 0.020833
0 0.393750 0.238021 0.054167 0.048958
0 0.328125 0.552604 0.031250 0.044792
0 0.556250 0.372917 0.037500 0.033333
0 0.802083 0.571875 0.041667 0.052083
0 0.460938 0.253125 0.044792 0.045833
0 0.775521 0.615104 0.021875 0.042708
0 0.605729 0.476562 0.026042 0.051042
0 0.887500 0.584896 0.022917 0.038542
0 0.170833 0.655208 0.043750 0.045833
0 0.238542 0.116146 0.045833 0.038542
0 0.179167 0.676562 0.050000 0.040625
0 0.196354 0.250000 0.038542 0.035417
0 0.136458 0.224479 0.041667 0.021875
0 0.235937 0.295312 0.036458 0.046875
0 0.757812 0.955208 0.042708 0.047917
0 0.399479 0.766667 0.038542 0.035417
0 0.522396 0.095833 0.053125 0.045833
0 0.429167 0.472917 0.025000 0.037500
0 0.561979 0.504167 0.032292 0.052083
0 0.153646 0.521354 0.038542 0.021875
0 0.145313 0.352083 0.053125 0.045833
0 0.302083 0.534896 0.041667 0.023958
0 0.427083 0.636979 0.052083 0.051042
0 0.705208 0.107292 0.029167 0.037500
0 0.813021 0.096354 0.046875 0.034375
0 0.097917 0.911458 0.050000 0.047917
0 0.411979 0.727083 0.048958 0.052083
0 0.137500 0.291667 0.025000 0.043750
0 0.357812 0.804688 0.040625 0.034375
0 0.836979 0.619792 0.042708 0.027083
0 0.163542 0.359375 0.037500 0.047917
0 0.793229 0.847917 0.040625 0.022917
0 0.390625 0.360938 0.037500 0.044792
0 0.695833 0.449479 0.045833 0.038542
0 0.849479 0.431250 0.040625 0.047917
0 0.260417 0.438021 0.039583 0.048958
0 0.746354 0.857812 0.046875 0.055208
0 0.104167 0.096354 0.037500 0.053125
0 0.692187 0.530208 0.042708 0.025000
0 0.384896 0.809896 0.034375 0.040625
0 0.910937 0.292187 0.032292 0.040625
0 0.400000 0.573438 0.052083 0.051042
0 0.494271 0.936458 0.040625 0.041667
0 0.169792 0.713542 0.033333 0.050000
0 0.664583 0.135937 0.031250 0.048958
0 0.156250 0.170833 0.041667 0.029167
0 0.255208 0.572917 0.045833 0.045833
0 0.903646 0.141146 0.034375 0.046875
0 0.131771 0.528646 0.046875 0.036458
0 0.507812 0.273438 0.040625 0.055208
0 0.795312 0.454167 0.030208 0.043750
0 0.177604 0.419271 0.040625 0.034375
0 0.832292 0.543750 0.037500 0.052083
0 0.922917 0.682813 0.039583 0.036458
0 0.767188 0.268229 0.028125 0.051042
0 0.752604 0.143229 0.034375 0.051042
0 0.158854 0.229687 0.046875 0.048958
0 0.417708 0.129167 0.018750 0.035417
0 0.553646 0.826042 0.044792 0.035417
0 0.346875 0.254688 0.039583 0.023958
0 0.219792 0.767708 0.035417 0.020833
0 0.081250 0.966146 0.035417 0.040625
0 0.556771 0.673438 0.040625 0.032292
0 0.600521 0.496875 0.042708 0.047917
0 0.620833 0.434896 0.043750 0.040625
0 0.847917 0.247396 0.031250 0.048958
0 0.171354 0.910417 0.034375 0.039583
0 0.910417 0.768750 0.037500 0.025000
0 0.110417 0.302083 0.020833 0.039583
0 0.700521 0.305208 0.030208 0.050000
0 0.092708 0.831771 0.050000 0.028125
0 0.801042 0.217708 0.041667 0.047917
0 0.246354 0.436979 0.023958 0.046875
0 0.642188 0.403125 0.036458 0.037500
0 0.564063 0.746354 0.053125 0.053125
0 0.653646 0.770312 0.051042 0.038542
0 0.965104 0.927604 0.053125 0.053125
0 0.427604 0.603125 0.046875 0.045833
0 0.233854 0.497917 0.048958 0.035417
0 0.497396 0.748437 0.030208 0.040625
0 0.886979 0.718229 0.028125 0.040625
0 0.776042 0.651042 0.045833 0.043750
0 0.958333 0.739062 0.029167 0.040625
0 0.966146 0.557292 0.042708 0.029167
0 0.393750 0.653125 0.043750 0.052083
0 0.138542 0.411458 0.037500 0.029167
0 0.185938 0.470313 0.042708 0.055208
0 0.500000 0.719271 0.031250 0.040625
0 0.788542 0.541146 0.041667 0.044792
0 0.357292 0.207292 0.037500 0.047917
0 0.885417 0.626563 0.039583 0.038542
0 0.850000 0.584375 0.037500 0.041667
0 0.555729 0.170313 0.044792 0.055208
0 0.270833 0.779167 0.047917 0.033333
0 0.127083 0.586458 0.029167 0.045833
0 0.378125 0.470833 0.043750 0.045833
0 0.932292 0.375000 0.037500 0.035417
0 0.713021 0.253646 0.026042 0.051042
0 0.932292 0.839583 0.041667 0.052083
0 0.665625 0.235937 0.031250 0.040625
0 0.856771 0.088542 0.053125 0.045833
0 0.139063 0.914062 0.055208 0.042708
0 0.963021 0.622917 0.040625 0.020833
0 0.233854 0.112500 0.028125 0.039583
0 0.497917 0.448958 0.041667 0.047917
0 0.937500 0.240104 0.039583 0.023958
0 0.211458 0.457813 0.047917 0.053125
0 0.710938 0.672917 0.036458 0.018750
0 0.329167 0.233854 0.029167 0.051042
0 0.950521 0.409375 0.046875 0.029167
0 0.322396 0.265104 0.051042 0.042708
0 0.433333 0.843229 0.045833 0.048958
0 0.316146 0.233854 0.040625 0.036458
0 0.455729 0.578646 0.028125 0.044792
0 0.632292 0.827604 0.052083 0.034375
0 0.554167 0.568750 0.045833 0.052083
0 0.751042 0.211458 0.052083 0.039583
0 0.130208 0.559375 0.020833 0.035417
0 0.509375 0.498958 0.045833 0.031250
0 0.231250 0.238021 0.041667 0.032292
0 0.626042 0.181250 0.035417 0.022917
0 0.195833 0.205729 0.050000 0.040625
0 0.390104 0.471354 0.023958 0.042708
0 0.395833 0.943229 0.050000 0.042708
0 0.545312 0.725000 0.038542 0.043750
0 0.182292 0.960417 0.037500 0.029167
0 0.273438 0.156250 0.026042 0.041667
0 0.365104 0.531771 0.044792 0.040625
0 0.225000 0.485417 0.041667 0.047917
0 0.207813 0.815625 0.028125 0.039583
0 0.107292 0.219271 0.050000 0.034375
0 0.904687 0.447917 0.040625 0.041667
0 0.397917 0.665104 0.043750 0.042708
0 0.395833 0.482292 0.052083 0.043750
0 0.418229 0.109375 0.038542 0.043750
0 0.271875 0.483333 0.037500 0.033333
0 0.553125 0.761458 0.050000 0.050000
0 0.561979 0.635938 0.044792 0.040625
0 0.775000 0.197396 0.054167 0.042708
0 0.319792 0.711979 0.029167 0.040625
0 0.322396 0.545312 0.051042 0.040625
0 0.918229 0.512500 0.021875 0.037500
0 0.233854 0.893750 0.044792 0.035417
0 0.320833 0.427083 0.045833 0.031250
0 0.299479 0.856771 0.034375 0.040625
0 0.488021 0.546875 0.038542 0.027083
0 0.766667 0.275521 0.035417 0.044792
0 0.166667 0.735417 0.045833 0.031250
0 0.373958 0.308333 0.052083 0.047917
0 0.812500 0.430208 0.033333 0.016667
0 0.604688 0.092708 0.042708 0.041667
0 0.082292 0.951562 0.027083 0.038542
0 0.614062 0.765104 0.051042 0.042708
0 0.225521 0.134375 0.051042 0.050000
0 0.514062 0.320312 0.021875 0.038542
0 0.631250 0.087500 0.037500 0.052083
0 0.883854 0.272917 0.034375 0.047917
0 0.601562 0.714063 0.048958 0.046875
0 0.252604 0.863542 0.042708 0.020833
0 0.155729 0.092188 0.046875 0.034375
0 0.538021 0.760417 0.023958 0.041667
0 0.953125 0.623437 0.039583 0.026042
0 0.718229 0.671354 0.053125 0.051042