0 0.155208 0.087500 0.043750 0.045833
0 0.660937 0.152604 0.042708 0.023958
0 0.190104 0.303646 0.042708 0.051042
0 0.085417 0.084896 0.031250 0.040625
0 0.920833 0.583333 0.050000 0.050000
0 0.301042 0.892708 0.043750 0.045833
0 0.128646 0.439063 0.026042 0.051042
0 0.190625 0.617188 0.037500 0.021875
0 0.486458 0.398438 0.054167 0.042708
0 0.691667 0.600521 0.043750 0.030208
0 0.872396 0.270313 0.044792 0.040625
0 0.504167 0.146875 0.025000 0.047917
0 0.484375 0.460417 0.050000 0.031250
0 0.141667 0.419271 0.054167 0.038542
0 0.089583 0.368229 0.029167 0.046875
0 0.091146 0.093750 0.046875 0.052083
0 0.216146 0.787500 0.034375 0.016667
0 0.351562 0.414062 0.048958 0.032292
0 0.831771 0.198958 0.053125 0.041667
0 0.491667 0.100521 0.050000 0.034375
0 0.946875 0.541146 0.045833 0.048958
0 0.313021 0.234375 0.021875 0.043750
0 0.614062 0.395833 0.053125 0.035417
0 0.150000 0.727083 0.029167 0.037500
0 0.476562 0.536979 0.026042 0.051042
0 0.593229 0.950000 0.021875 0.043750
0 0.663542 0.953125 0.033333 0.045833
0 0.414062 0.275521 0.053125 0.053125
0 0.159896 0.528125 0.021875 0.039583
0 0.154688 0.503125 0.046875 0.043750
0 0.657813 0.437500 0.026042 0.039583
0 0.334896 0.299479 0.042708 0.044792
0 0.685417 0.638542 0.035417 0.043750
0 0.831771 0.107813 0.032292 0.048958
0 0.561979 0.622396 0.042708 0.021875
0 0.354167 0.522396 0.039583 0.030208
0 0.405729 0.938021 0.034375 0.046875
0 0.093750 0.376042 0.047917 0.050000
0 0.851562 0.547917 0.053125 0.039583
0 0.590625 0.751563 0.020833 0.038542
0 0.677083 0.108854 0.039583 0.036458
0 0.879687 0.645312 0.046875 0.032292
0 0.669271 0.964583 0.038542 0.047917
0 0.480729 0.804688 0.048958 0.034375
0 0.821354 0.966146 0.040625 0.046875
0 0.602604 0.882292 0.048958 0.033333
0 0.807813 0.857292 0.030208 0.047917
0 0.688542 0.597396 0.027083 0.042708
0 0.791146 0.356771 0.048958 0.044792
0 0.901042 0.413542 0.027083 0.037500
0 0.821354 0.882812 0.051042 0.036458
0 0.782292 0.435417 0.025000 0.047917
0 0.302604 0.492708 0.036458 0.052083
0 0.432812 0.814063 0.051042 0.034375
0 0.703646 0.472396 0.026042 0.040625
0 0.861458 0.903646 0.039583 0.055208
0 0.439583 0.705729 0.035417 0.048958
0 0.353125 0.568750 0.025000 0.037500
0 0.265625 0.803125 0.031250 0.043750
0 0.265104 0.194271 0.051042 0.042708
0 0.180729 0.214583 0.044792 0.047917
0 0.369271 0.666146 0.042708 0.021875
0 0.330729 0.415104 0.032292 0.044792
0 0.485417 0.664583 0.041667 0.031250
0 0.798438 0.905729 0.040625 0.026042
0 0.301563 0.371875 0.034375 0.047917
0 0.571875 0.439063 0.039583 0.030208
0 0.416667 0.631250 0.052083 0.041667
0 0.458854 0.237500 0.040625 0.020833
0 0.442708 0.432292 0.033333 0.037500
0 0.592708 0.199479 0.045833 0.032292
0 0.619271 0.426042 0.028125 0.045833
0 0.751042 0.600000 0.050000 0.047917
0 0.954688 0.178646 0.034375 0.040625
0 0.483854 0.956250 0.040625 0.025000
0 0.154688 0.469271 0.023958 0.040625
0 0.092708 0.351042 0.035417 0.037500
0 0.481250 0.583333 0.043750 0.025000
0 0.107292 0.957292 0.050000 0.050000
0 0.328125 0.584896 0.037500 0.038542
0 0.327083 0.894792 0.052083 0.037500
0 0.589063 0.467708 0.036458 0.052083
0 0.891667 0.615104 0.027083 0.046875
0 0.289583 0.574479 0.039583 0.030208
0 0.948438 0.840625 0.023958 0.043750
0 0.678125 0.471875 0.045833 0.052083
0 0.322917 0.864062 0.047917 0.030208
0 0.308854 0.639062 0.044792 0.040625
0 0.738021 0.259375 0.017708 0.035417
0 0.258333 0.252604 0.050000 0.028125
0 0.322917 0.870313 0.039583 0.032292
0 0.613021 0.779167 0.048958 0.041667
0 0.338021 0.432292 0.048958 0.041667
0 0.823958 0.201042 0.037500 0.035417
0 0.148438 0.698438 0.023958 0.042708
0 0.886458 0.511979 0.037500 0.038542
0 0.543750 0.816146 0.039583 0.044792
0 0.754687 0.083854 0.042708 0.023958
0 0.300000 0.379688 0.029167 0.040625
0 0.588021 0.096354 0.044792 0.051042
0 0.884896 0.465104 0.032292 0.044792
0 0.528646 0.825521 0.040625 0.034375
0 0.732812 0.501042 0.044792 0.035417
0 0.150000 0.347396 0.029167 0.040625
0 0.488542 0.858333 0.045833 0.045833
0 0.683854 0.313021 0.038542 0.040625
0 0.141667 0.782292 0.052083 0.037500
0 0.767708 0.642188 0.027083 0.042708
0 0.953125 0.332292 0.043750 0.035417
0 0.188021 0.098958 0.040625 0.025000
0 0.566146 0.382292 0.048958 0.027083
0 0.531250 0.841667 0.045833 0.043750
0 0.930208 0.755729 0.043750 0.028125
0 0.334375 0.226562 0.020833 0.042708
0 0.890625 0.643229 0.035417 0.053125
0 0.309375 0.609896 0.029167 0.046875
0 0.400000 0.247917 0.035417 0.018750
0 0.276042 0.299479 0.035417 0.017708
0 0.421354 0.732292 0.030208 0.043750
0 0.921875 0.301563 0.043750 0.048958
0 0.320833 0.621354 0.035417 0.048958
0 0.261979 0.830729 0.040625 0.044792
0 0.419792 0.536979 0.045833 0.032292
0 0.409896 0.632812 0.053125 0.053125
0 0.916667 0.917188 0.039583 0.030208
0 0.726042 0.508854 0.025000 0.046875
0 0.695833 0.753125 0.037500 0.052083
0 0.203125 0.756771 0.031250 0.040625
0 0.405208 0.819792 0.031250 0.050000
0 0.355729 0.546875 0.032292 0.039583
0 0.714583 0.732812 0.054167 0.046875
0 0.524479 0.821875 0.044792 0.027083
0 0.733333 0.538542 0.037500 0.052083
0 0.382292 0.265625 0.047917 0.037500
0 0.189062 0.134896 0.044792 0.030208
0 0.643229 0.491667 0.034375 0.039583
0 0.614583 0.454688 0.043750 0.042708
0 0.616146 0.816146 0.042708 0.023958
0 0.231771 0.859375 0.046875 0.029167
0 0.596875 0.956771 0.027083 0.040625
0 0.510938 0.476562 0.044792 0.030208
0 0.861979 0.892188 0.040625 0.026042
0 0.779687 0.943229 0.055208 0.044792
0 0.472396 0.573958 0.034375 0.052083
0 0.479687 0.627604 0.040625 0.051042
0 0.410938 0.104688 0.026042 0.044792
0 0.072917 0.179167 0.041667 0.025000
0 0.441146 0.663542 0.040625 0.041667
0 0.106771 0.932292 0.038542 0.043750
0 0.189583 0.388021 0.043750 0.055208
0 0.175000 0.493750 0.052083 0.043750
0 0.287500 0.363542 0.045833 0.029167
0 0.595833 0.301042 0.035417 0.018750
0 0.457292 0.106250 0.037500 0.052083
0 0.273958 0.367188 0.043750 0.042708
0 0.907292 0.081250 0.052083 0.043750
0 0.945312 0.801562 0.042708 0.044792
0 0.420833 0.648438 0.045833 0.040625
0 0.208854 0.713542 0.036458 0.047917
0 0.330729 0.864062 0.053125 0.034375
0 0.911979 0.782813 0.034375 0.053125
0 0.437500 0.267188 0.039583 0.053125
0 0.958854 0.603646 0.055208 0.036458
0 0.623958 0.879167 0.020833 0.039583
0 0.323437 0.288021 0.032292 0.053125
0 0.154167 0.860417 0.037500 0.052083
0 0.745313 0.624479 0.055208 0.048958
0 0.756771 0.566667 0.034375 0.043750
0 0.859896 0.715104 0.046875 0.048958
0 0.280208 0.332813 0.037500 0.038542
0 0.242188 0.283854 0.040625 0.034375
0 0.921354 0.761458 0.028125 0.039583
0 0.230729 0.260937 0.030208 0.044792
0 0.617188 0.553125 0.048958 0.050000
0 0.481771 0.731771 0.044792 0.055208
0 0.715104 0.298958 0.040625 0.020833
0 0.370312 0.518229 0.042708 0.044792
0 0.283333 0.766146 0.054167 0.042708
0 0.439583 0.655208 0.037500 0.035417
0 0.471875 0.938542 0.037500 0.035417
0 0.861979 0.148438 0.051042 0.034375
0 0.083333 0.268750 0.052083 0.039583
0 0.580729 0.292708 0.040625 0.052083
0 0.126042 0.318229 0.045833 0.048958
0 0.509896 0.720833 0.034375 0.037500
0 0.538021 0.689583 0.036458 0.047917
0 0.163021 0.779687 0.040625 0.028125
0 0.507812 0.751563 0.048958 0.030208
0 0.642188 0.519271 0.040625 0.030208
0 0.115625 0.838542 0.037500 0.043750
0 0.690625 0.151042 0.050000 0.029167
0 0.827604 0.210938 0.034375 0.053125
0 0.894271 0.650521 0.038542 0.051042
0 0.159896 0.525521 0.044792 0.044792
0 0.267708 0.582292 0.052083 0.043750
0 0.336458 0.851562 0.039583 0.055208
0 0.217708 0.750000 0.045833 0.029167
0 0.241667 0.160938 0.043750 0.042708
0 0.454688 0.535417 0.044792 0.047917
0 0.150000 0.374479 0.033333 0.048958
0 0.406771 0.418750 0.046875 0.031250
0 0.252083 0.401562 0.039583 0.055208
0 0.691146 0.792188 0.038542 0.019792
0 0.791667 0.811979 0.045833 0.034375
0 0.483333 0.164583 0.031250 0.037500
0 0.945312 0.152604 0.055208 0.042708
0 0.519271 0.310937 0.051042 0.028125
0 0.292187 0.579167 0.046875 0.043750
0 0.648438 0.457813 0.055208 0.048958
0 0.952604 0.544792 0.042708 0.041667
0 0.343750 0.501042 0.029167 0.041667
0 0.479687 0.908854 0.038542 0.055208
0 0.161458 0.586979 0.031250 0.040625
0 0.881771 0.142708 0.051042 0.031250
0 0.883333 0.469271 0.047917 0.030208
0 0.854167 0.281771 0.041667 0.044792
0 0.334896 0.129167 0.032292 0.039583
0 0.627083 0.439063 0.031250 0.044792
0 0.643229 0.450000 0.038542 0.047917
0 0.929167 0.726562 0.043750 0.055208
0 0.163021 0.100521 0.040625 0.032292
0 0.392188 0.349479 0.034375 0.040625
0 0.096875 0.266146 0.041667 0.023958
0 0.642708 0.640104 0.039583 0.044792
0 0.516146 0.811979 0.053125 0.032292
0 0.870313 0.643229 0.051042 0.034375
0 0.213021 0.818750 0.042708 0.027083
0 0.634896 0.581250 0.046875 0.031250
0 0.513021 0.686979 0.044792 0.028125
0 0.149479 0.359375 0.046875 0.031250
0 0.433333 0.937500 0.033333 0.052083
0 0.764583 0.240625 0.041667 0.027083
0 0.691667 0.337500 0.045833 0.045833
0 0.751042 0.235937 0.039583 0.048958
0 0.853125 0.896354 0.043750 0.026042
0 0.670833 0.322917 0.052083 0.045833
0 0.176563 0.834375 0.030208 0.050000
0 0.458333 0.830208 0.045833 0.043750
0 0.530208 0.690104 0.035417 0.040625
0 0.803125 0.925521 0.054167 0.040625
0 0.085417 0.677604 0.039583 0.030208
0 0.124479 0.206250 0.053125 0.041667
0 0.468750 0.470833 0.050000 0.033333
0 0.205208 0.947917 0.050000 0.031250
0 0.776563 0.826042 0.034375 0.047917
0 0.159896 0.095312 0.038542 0.046875
0 0.467187 0.457292 0.026042 0.047917
0 0.369792 0.815625 0.050000 0.050000
0 0.840625 0.624479 0.033333 0.040625
0 0.869792 0.105208 0.035417 0.047917
0 0.446875 0.634375 0.037500 0.035417
0 0.398438 0.605729 0.040625 0.019792
0 0.783854 0.182812 0.044792 0.026042
0 0.513542 0.115104 0.050000 0.034375
0 0.911458 0.886979 0.054167 0.048958
0 0.304688 0.201563 0.051042 0.055208
0 0.840104 0.889062 0.026042 0.044792
0 0.197917 0.398958 0.041667 0.029167
0 0.697396 0.545312 0.048958 0.046875
0 0.166146 0.130208 0.042708 0.029167
0 0.463542 0.373958 0.045833 0.052083
0 0.576042 0.325000 0.045833 0.027083
0 0.440625 0.639062 0.045833 0.048958
0 0.961979 0.302083 0.036458 0.047917
0 0.863542 0.883333 0.037500 0.041667
0 0.895312 0.727083 0.032292 0.039583
0 0.921875 0.155729 0.029167 0.046875
0 0.864583 0.096354 0.050000 0.036458
0 0.755729 0.462500 0.036458 0.037500
0 0.772917 0.288542 0.035417 0.020833
0 0.836979 0.828646 0.032292 0.040625
0 0.346354 0.084375 0.036458 0.018750
0 0.736979 0.712500 0.023958 0.045833
0 0.799479 0.447917 0.038542 0.031250
0 0.335417 0.730729 0.029167 0.040625
0 0.294792 0.148438 0.022917 0.046875
0 0.773438 0.176042 0.028125 0.039583
0 0.090104 0.106250 0.040625 0.041667
0 0.966146 0.479167 0.038542 0.031250
0 0.242188 0.325521 0.030208 0.044792
0 0.373437 0.279167 0.038542 0.047917
0 0.567187 0.842187 0.036458 0.046875
0 0.742188 0.265625 0.044792 0.033333
0 0.345833 0.943229 0.054167 0.048958
0 0.218750 0.498437 0.043750 0.042708
0 0.376563 0.585417 0.042708 0.039583
0 0.455208 0.659375 0.035417 0.043750
0 0.196875 0.888542 0.047917 0.039583
0 0.616146 0.463021 0.038542 0.040625
0 0.760938 0.907813 0.046875 0.048958
0 0.126042 0.846875 0.037500 0.022917
0 0.397396 0.332813 0.048958 0.055208
0 0.694271 0.528125 0.023958 0.041667
0 0.673438 0.387500 0.036458 0.018750
0 0.259896 0.362500 0.051042 0.033333
0 0.309375 0.283854 0.029167 0.051042
0 0.909375 0.313021 0.037500 0.019792
0 0.443229 0.306771 0.055208 0.042708
0 0.867188 0.513021 0.053125 0.034375
0 0.421875 0.293750 0.047917 0.041667
0 0.933333 0.608854 0.043750 0.028125
0 0.079167 0.663021 0.054167 0.048958
0 0.451562 0.134375 0.038542 0.043750
0 0.956771 0.906250 0.053125 0.047917
0 0.259896 0.568750 0.034375 0.043750
0 0.781250 0.788021 0.043750 0.042708
0 0.217188 0.720833 0.044792 0.047917
0 0.840625 0.723437 0.039583 0.026042
0 0.356250 0.575000 0.047917 0.050000
0 0.229167 0.890625 0.029167 0.037500
0 0.369271 0.919271 0.051042 0.036458
0 0.518750 0.804167 0.027083 0.037500
0 0.367708 0.847396 0.039583 0.028125
0 0.861458 0.477083 0.045833 0.031250
0 0.089063 0.603125 0.023958 0.047917
0 0.545312 0.561458 0.048958 0.039583
0 0.684375 0.131250 0.047917 0.039583
0 0.671354 0.485938 0.053125 0.051042
0 0.745313 0.773958 0.038542 0.052083
0 0.813021 0.832812 0.051042 0.038542
0 0.893229 0.286458 0.048958 0.025000
0 0.259896 0.626042 0.038542 0.047917
0 0.769792 0.169271 0.045833 0.048958
0 0.868750 0.083854 0.047917 0.046875
0 0.698438 0.164583 0.046875 0.043750
0 0.106771 0.419792 0.032292 0.043750
0 0.281771 0.236458 0.028125 0.039583
0 0.456771 0.628646 0.053125 0.051042
0 0.479687 0.084896 0.040625 0.023958
0 0.848437 0.342708 0.046875 0.052083
0 0.659896 0.814063 0.040625 0.038542
0 0.285417 0.552604 0.037500 0.040625
0 0.084896 0.141667 0.036458 0.020833
0 0.318750 0.753125 0.039583 0.020833
0 0.127604 0.475000 0.044792 0.033333
0 0.176042 0.243750 0.037500 0.047917
0 0.944792 0.385937 0.054167 0.048958
0 0.946354 0.171875 0.028125 0.039583
0 0.481250 0.418750 0.047917 0.041667
0 0.136979 0.204687 0.048958 0.028125
0 0.172917 0.956250 0.050000 0.050000
0 0.617188 0.883333 0.038542 0.027083
0 0.958854 0.072396 0.040625 0.023958
0 0.772917 0.676562 0.047917 0.046875
0 0.615104 0.105729 0.044792 0.042708
0 0.807292 0.157812 0.052083 0.030208
0 0.325521 0.121354 0.046875 0.055208
0 0.272396 0.825521 0.028125 0.044792
0 0.127604 0.395833 0.038542 0.035417
0 0.474479 0.684375 0.038542 0.027083
0 0.601042 0.826562 0.054167 0.040625
0 0.654687 0.883333 0.042708 0.029167
0 0.478646 0.851562 0.036458 0.055208
0 0.352083 0.972396 0.027083 0.051042
0 0.354687 0.863542 0.053125 0.047917
0 0.419271 0.825521 0.042708 0.044792
0 0.890104 0.746354 0.023958 0.040625
0 0.663542 0.492708 0.047917 0.050000
0 0.565625 0.523438 0.045833 0.040625
0 0.944792 0.763542 0.035417 0.018750
0 0.643750 0.485938 0.045833 0.038542
0 0.170313 0.903646 0.044792 0.030208
0 0.798958 0.390625 0.043750 0.045833
0 0.767708 0.670833 0.047917 0.033333
0 0.557292 0.554167 0.043750 0.045833
0 0.211458 0.586979 0.050000 0.053125
0 0.947917 0.914062 0.041667 0.044792
0 0.114062 0.406250 0.019792 0.039583
0 0.280208 0.602083 0.041667 0.029167
0 0.421354 0.591667 0.028125 0.050000
0 0.440104 0.074479 0.030208 0.040625
0 0.757812 0.807813 0.044792 0.032292
0 0.125000 0.583854 0.025000 0.046875
0 0.591667 0.090625 0.041667 0.029167
0 0.783333 0.469271 0.033333 0.040625
0 0.621875 0.385417 0.022917 0.039583
0 0.694792 0.757812 0.050000 0.038542
0 0.958333 0.823438 0.041667 0.032292
0 0.893229 0.176042 0.023958 0.047917
0 0.107813 0.095312 0.048958 0.032292
0 0.385937 0.933854 0.048958 0.046875
0 0.732292 0.176563 0.043750 0.042708
0 0.771354 0.490625 0.040625 0.047917
0 0.677604 0.850000 0.051042 0.033333
0 0.106771 0.084896 0.053125 0.051042
0 0.722396 0.227083 0.026042 0.039583
0 0.348438 0.265104 0.030208 0.048958
0 0.918229 0.175521 0.044792 0.032292
0 0.802604 0.591146 0.042708 0.044792
0 0.714583 0.906771 0.029167 0.044792
0 0.622396 0.375000 0.046875 0.043750
0 0.705208 0.920833 0.025000 0.037500
0 0.859375 0.609896 0.054167 0.042708
0 0.121354 0.494271 0.032292 0.040625
0 0.247917 0.221354 0.052083 0.053125
0 0.836979 0.565104 0.026042 0.051042
0 0.650521 0.632812 0.040625 0.026042
0 0.214583 0.105208 0.047917 0.041667
0 0.553646 0.722917 0.038542 0.033333
0 0.245833 0.592187 0.037500 0.048958
0 0.576562 0.854167 0.040625 0.022917
0 0.701042 0.727604 0.043750 0.048958
0 0.347917 0.327604 0.050000 0.028125
0 0.661979 0.613021 0.030208 0.051042
0 0.891146 0.454688 0.038542 0.021875
0 0.241146 0.871354 0.028125 0.051042
0 0.601562 0.686458 0.042708 0.039583
0 0.785417 0.879167 0.037500 0.027083
0 0.305208 0.848437 0.039583 0.044792
0 0.701562 0.785937 0.036458 0.046875
0 0.459896 0.464062 0.055208 0.044792
0 0.088021 0.679167 0.040625 0.047917
0 0.270313 0.862500 0.053125 0.041667
0 0.955729 0.952604 0.028125 0.051042
0 0.586979 0.903125 0.048958 0.041667
0 0.567708 0.236458 0.043750 0.025000
0 0.501563 0.845833 0.048958 0.052083
0 0.806771 0.815104 0.038542 0.046875
0 0.541146 0.863021 0.026042 0.046875
0 0.478125 0.320312 0.047917 0.032292
0 0.890625 0.644792 0.037500 0.033333
0 0.555208 0.309375 0.022917 0.043750
0 0.473438 0.582812 0.028125 0.040625
0 0.264062 0.243750 0.030208 0.047917
0 0.563021 0.327083 0.046875 0.043750
0 0.189062 0.509375 0.048958 0.033333
0 0.141667 0.080729 0.041667 0.044792
0 0.331771 0.170313 0.034375 0.053125
0 0.737500 0.583854 0.045833 0.048958
0 0.835417 0.401562 0.029167 0.051042
0 0.090625 0.775000 0.045833 0.043750
0 0.616667 0.743229 0.052083 0.053125
0 0.084375 0.871354 0.022917 0.044792
0 0.125521 0.717708 0.021875 0.037500
0 0.669792 0.821875 0.041667 0.039583
0 0.171875 0.725521 0.031250 0.044792
0 0.290104 0.411458 0.048958 0.039583
0 0.324479 0.389062 0.055208 0.040625
0 0.217188 0.464062 0.044792 0.032292
0 0.188542 0.072396 0.041667 0.021875
0 0.428125 0.708854 0.050000 0.036458
0 0.180729 0.848958 0.040625 0.041667
0 0.353646 0.119271 0.038542 0.046875
0 0.693229 0.737500 0.053125 0.039583
0 0.849479 0.625000 0.044792 0.025000
0 0.529167 0.814063 0.027083 0.040625
0 0.604167 0.547396 0.054167 0.042708
0 0.509375 0.185938 0.052083 0.032292
0 0.789062 0.510417 0.023958 0.041667
0 0.320312 0.658333 0.028125 0.039583
0 0.501563 0.201042 0.040625 0.020833
0 0.204167 0.936979 0.031250 0.048958
0 0.869792 0.387500 0.031250 0.041667
0 0.575000 0.679167 0.035417 0.052083
0 0.163021 0.364583 0.044792 0.035417
0 0.295833 0.522917 0.031250 0.050000
0 0.645312 0.112500 0.019792 0.037500
0 0.930208 0.595833 0.050000 0.050000
0 0.847396 0.279687 0.048958 0.044792
0 0.272396 0.818229 0.048958 0.034375
0 0.390104 0.885938 0.046875 0.036458
0 0.832292 0.940625 0.037500 0.035417
0 0.683333 0.274479 0.041667 0.048958
0 0.535937 0.310937 0.038542 0.051042
0 0.914583 0.498437 0.039583 0.044792
0 0.097396 0.263542 0.051042 0.029167
0 0.330208 0.258854 0.041667 0.021875
0 0.864062 0.481771 0.051042 0.044792
0 0.228125 0.879687 0.037500 0.038542
0 0.677604 0.292187 0.055208 0.042708
0 0.425521 0.560937 0.055208 0.040625
0 0.421875 0.704688 0.039583 0.034375
0 0.266667 0.358854 0.035417 0.040625
0 0.736979 0.831250 0.032292 0.039583
0 0.868229 0.767188 0.040625 0.028125
0 0.862500 0.599479 0.031250 0.040625
0 0.426042 0.082292 0.025000 0.043750
0 0.783854 0.795312 0.042708 0.023958
0 0.602604 0.897396 0.044792 0.051042
0 0.154688 0.100000 0.038542 0.047917
0 0.808333 0.647917 0.033333 0.043750
0 0.295833 0.672396 0.047917 0.046875
0 0.700000 0.175521 0.039583 0.026042
0 0.332813 0.781771 0.053125 0.051042
0 0.416667 0.352083 0.039583 0.022917
0 0.340625 0.746354 0.039583 0.034375
0 0.229167 0.491146 0.047917 0.055208
0 0.341146 0.538542 0.042708 0.041667
0 0.133333 0.584896 0.041667 0.044792
0 0.721875 0.460938 0.035417 0.040625
0 0.769792 0.369792 0.037500 0.025000
0 0.109375 0.709896 0.041667 0.044792
0 0.955729 0.428646 0.021875 0.042708
0 0.569271 0.478125 0.048958 0.039583
0 0.526563 0.923958 0.034375 0.043750
0 0.935937 0.455208 0.036458 0.037500
0 0.951562 0.839063 0.038542 0.046875
0 0.457813 0.713021 0.051042 0.036458
0 0.539583 0.227604 0.050000 0.042708
0 0.604688 0.426042 0.053125 0.043750
0 0.617188 0.140104 0.034375 0.040625
0 0.791667 0.459896 0.037500 0.040625
0 0.491667 0.814063 0.050000 0.028125
0 0.918229 0.149479 0.055208 0.044792
0 0.935417 0.444792 0.037500 0.047917
0 0.426042 0.287500 0.020833 0.039583
0 0.191146 0.669792 0.044792 0.033333
0 0.744271 0.581250 0.042708 0.054167
0 0.783854 0.594792 0.040625 0.020833
0 0.088542 0.541667 0.043750 0.035417
0 0.615625 0.568750 0.020833 0.035417
0 0.465625 0.141146 0.050000 0.038542
0 0.103125 0.876563 0.037500 0.019792
0 0.604688 0.667708 0.036458 0.037500
0 0.840625 0.697917 0.039583 0.047917
0 0.143750 0.371354 0.039583 0.023958
0 0.543750 0.187500 0.037500 0.041667
0 0.220312 0.538021 0.055208 0.038542
0 0.913021 0.652604 0.036458 0.051042
0 0.852604 0.280208 0.051042 0.033333
0 0.794792 0.745313 0.031250 0.044792
0 0.942708 0.558854 0.039583 0.026042
0 0.730729 0.908854 0.030208 0.048958
0 0.594271 0.180208 0.038542 0.029167
0 0.536458 0.659375 0.047917 0.050000
0 0.888021 0.211979 0.030208 0.048958
0 0.508333 0.806771 0.027083 0.040625
0 0.119792 0.667188 0.043750 0.048958
0 0.801042 0.916667 0.039583 0.020833
0 0.450521 0.558854 0.026042 0.040625
0 0.892188 0.799479 0.051042 0.034375
0 0.340104 0.197396 0.038542 0.021875
0 0.960417 0.066146 0.043750 0.026042
0 0.597917 0.711458 0.052083 0.045833
0 0.260937 0.515104 0.038542 0.046875
0 0.564063 0.890625 0.032292 0.047917
0 0.881250 0.277604 0.043750 0.030208
0 0.440104 0.679167 0.048958 0.039583
0 0.922396 0.361458 0.042708 0.037500
0 0.267188 0.877604 0.040625 0.023958
0 0.665625 0.330208 0.037500 0.052083
0 0.661979 0.310937 0.046875 0.040625
0 0.914062 0.116667 0.038542 0.018750
0 0.320833 0.169792 0.037500 0.035417
0 0.568229 0.397917 0.053125 0.035417
0 0.622917 0.289583 0.031250 0.037500
0 0.628125 0.284896 0.031250 0.044792
0 0.133854 0.700000 0.034375 0.039583
0 0.748437 0.574479 0.040625 0.038542
0 0.907813 0.752604 0.055208 0.046875
0 0.367188 0.959375 0.048958 0.035417
0 0.122396 0.520833 0.044792 0.045833
0 0.464583 0.072396 0.041667 0.021875
0 0.490104 0.590625 0.034375 0.037500
0 0.716667 0.963542 0.027083 0.037500
0 0.485417 0.880729 0.050000 0.040625
0 0.773438 0.885417 0.032292 0.039583
0 0.397917 0.472396 0.052083 0.051042
0 0.168229 0.402083 0.032292 0.039583
0 0.445833 0.568229 0.043750 0.030208
0 0.420833 0.119271 0.054167 0.044792
0 0.140104 0.216146 0.055208 0.046875
0 0.564583 0.897917 0.039583 0.025000
0 0.533333 0.778646 0.037500 0.044792
0 0.922917 0.560417 0.039583 0.041667
0 0.444792 0.292187 0.022917 0.038542
0 0.510417 0.394792 0.041667 0.029167
0 0.231771 0.358854 0.044792 0.044792
0 0.243750 0.286458 0.050000 0.050000
0 0.783333 0.894271 0.039583 0.044792
0 0.707292 0.605208 0.041667 0.039583
0 0.253125 0.556250 0.033333 0.047917
0 0.748437 0.877083 0.028125 0.050000
0 0.251042 0.157812 0.025000 0.042708
0 0.962500 0.655208 0.041667 0.031250
0 0.875000 0.233854 0.033333 0.040625
0 0.816667 0.766146 0.035417 0.040625
0 0.205208 0.919792 0.031250 0.041667
0 0.635938 0.520312 0.038542 0.046875
0 0.763542 0.863542 0.043750 0.035417
0 0.397917 0.242188 0.047917 0.030208
0 0.713542 0.489063 0.043750 0.042708
0 0.406250 0.486979 0.022917 0.042708
0 0.917188 0.171354 0.051042 0.028125
0 0.677083 0.410938 0.043750 0.032292
0 0.775521 0.797917 0.036458 0.043750
0 0.372917 0.941146 0.025000 0.038542
0 0.332813 0.088021 0.053125 0.030208
0 0.335417 0.689583 0.043750 0.033333
0 0.272396 0.675000 0.036458 0.018750
0 0.747917 0.212500 0.035417 0.037500
0 0.235937 0.515104 0.051042 0.036458
0 0.752604 0.316146 0.023958 0.042708
0 0.110937 0.682813 0.040625 0.023958
0 0.438021 0.071875 0.019792 0.035417
0 0.589063 0.438021 0.046875 0.048958
0 0.142187 0.557813 0.051042 0.036458
0 0.217708 0.284375 0.050000 0.047917
0 0.240104 0.472396 0.040625 0.044792
0 0.205208 0.723958 0.037500 0.041667
0 0.807813 0.140104 0.038542 0.038542
0 0.366667 0.438542 0.052083 0.043750
0 0.158333 0.276562 0.035417 0.044792
0 0.776563 0.228646 0.034375 0.053125
0 0.655729 0.242188 0.044792 0.051042
0 0.508333 0.807813 0.054167 0.051042
0 0.278125 0.839583 0.035417 0.020833
0 0.351042 0.654687 0.027083 0.042708
0 0.710938 0.265625 0.042708 0.027083
0 0.571875 0.426042 0.052083 0.043750
0 0.213021 0.287500 0.044792 0.022917
0 0.778646 0.185938 0.046875 0.048958
0 0.658333 0.853646 0.052083 0.051042
0 0.076563 0.340104 0.038542 0.023958
0 0.129688 0.710938 0.023958 0.046875
0 0.689063 0.579688 0.030208 0.044792