0 0.170833 0.625000 0.039583 0.025000
0 0.299479 0.625521 0.044792 0.040625
0 0.467187 0.183333 0.036458 0.052083
0 0.941146 0.913021 0.036458 0.051042
0 0.284896 0.261979 0.036458 0.046875
0 0.806771 0.960938 0.046875 0.036458
0 0.135417 0.189583 0.047917 0.041667
0 0.886979 0.710938 0.034375 0.046875
0 0.928125 0.344792 0.043750 0.045833
0 0.254688 0.744792 0.034375 0.052083
0 0.481250 0.933854 0.045833 0.038542
0 0.442708 0.769271 0.041667 0.021875
0 0.367708 0.128646 0.039583 0.023958
0 0.418750 0.945312 0.033333 0.040625
0 0.856250 0.743229 0.045833 0.028125
0 0.588542 0.691667 0.027083 0.045833
0 0.836979 0.890104 0.028125 0.044792
0 0.358333 0.166146 0.035417 0.040625
0 0.592708 0.222396 0.033333 0.048958
0 0.951562 0.384375 0.046875 0.043750
0 0.404167 0.591667 0.022917 0.037500
0 0.880729 0.823438 0.026042 0.044792
0 0.530208 0.303125 0.037500 0.033333
0 0.848437 0.410938 0.042708 0.021875
0 0.492708 0.913021 0.054167 0.042708
0 0.528646 0.901563 0.044792 0.040625
0 0.069792 0.164062 0.033333 0.040625
0 0.180208 0.360417 0.031250 0.043750
0 0.921875 0.466146 0.031250 0.053125
0 0.735417 0.230729 0.033333 0.053125
0 0.784375 0.350521 0.045833 0.048958
0 0.626042 0.853125 0.020833 0.039583
0 0.100521 0.828646 0.040625 0.034375
0 0.726562 0.300521 0.048958 0.030208
0 0.903125 0.552604 0.033333 0.040625
0 0.196354 0.581771 0.038542 0.051042
0 0.273438 0.679688 0.021875 0.042708
0 0.843229 0.596875 0.038542 0.043750
0 0.433333 0.701562 0.022917 0.040625
0 0.665625 0.525521 0.047917 0.032292
0 0.288542 0.199479 0.043750 0.048958
0 0.816146 0.226042 0.042708 0.031250
0 0.169792 0.568229 0.029167 0.044792
0 0.594271 0.628646 0.030208 0.051042
0 0.533333 0.227604 0.054167 0.048958
0 0.077604 0.759375 0.044792 0.045833
0 0.098958 0.202604 0.050000 0.040625
0 0.782292 0.420833 0.043750 0.052083
0 0.791667 0.660937 0.050000 0.034375
0 0.246875 0.275521 0.029167 0.040625
0 0.814583 0.790104 0.050000 0.038542
0 0.429688 0.335938 0.030208 0.048958
0 0.285417 0.143229 0.045833 0.034375
0 0.804688 0.886458 0.034375 0.047917
0 0.319792 0.780208 0.043750 0.035417
0 0.523958 0.744792 0.037500 0.035417
0 0.847396 0.395313 0.040625 0.036458
0 0.815625 0.927604 0.045833 0.034375
0 0.880208 0.161458 0.047917 0.039583
0 0.147396 0.426563 0.032292 0.040625
0 0.486458 0.470833 0.041667 0.029167
0 0.769271 0.118750 0.040625 0.022917
0 0.431771 0.717187 0.030208 0.051042
0 0.134375 0.638021 0.025000 0.038542
0 0.556771 0.208854 0.044792 0.032292
0 0.372917 0.116667 0.029167 0.041667
0 0.405729 0.496875 0.026042 0.045833
0 0.643229 0.297396 0.051042 0.030208
0 0.603646 0.157812 0.028125 0.048958
0 0.246875 0.574479 0.054167 0.036458
0 0.169792 0.152083 0.037500 0.025000
0 0.855208 0.919271 0.041667 0.044792
0 0.763021 0.543229 0.055208 0.040625
0 0.604688 0.408854 0.040625 0.044792
0 0.752083 0.088021 0.047917 0.046875
0 0.418750 0.124479 0.039583 0.048958
0 0.344271 0.832292 0.048958 0.052083
0 0.339062 0.627604 0.023958 0.042708
0 0.391146 0.791667 0.051042 0.050000
0 0.375000 0.480208 0.041667 0.052083
0 0.822917 0.661979 0.045833 0.048958
0 0.648958 0.316146 0.054167 0.042708
0 0.575000 0.431771 0.039583 0.044792
0 0.146875 0.564063 0.025000 0.038542
0 0.776042 0.920312 0.039583 0.026042
0 0.827604 0.917188 0.038542 0.019792
0 0.252083 0.673438 0.054167 0.044792
0 0.756250 0.880208 0.029167 0.041667
0 0.891146 0.697917 0.048958 0.025000
0 0.165104 0.670833 0.040625 0.041667
0 0.202083 0.253646 0.047917 0.030208
0 0.398958 0.814063 0.029167 0.051042
0 0.311458 0.117708 0.052083 0.045833
0 0.956771 0.514062 0.021875 0.044792
0 0.150000 0.113021 0.025000 0.042708
0 0.559375 0.704167 0.047917 0.052083
0 0.346354 0.164062 0.051042 0.036458
0 0.851562 0.958854 0.044792 0.040625
0 0.309375 0.732812 0.029167 0.044792
0 0.777083 0.631771 0.050000 0.038542
0 0.427604 0.357292 0.038542 0.025000
0 0.632812 0.500000 0.053125 0.041667
0 0.209896 0.754687 0.046875 0.036458
0 0.871354 0.175000 0.026042 0.045833
0 0.377083 0.260937 0.054167 0.040625
0 0.242708 0.640104 0.054167 0.040625
0 0.197396 0.472917 0.038542 0.043750
0 0.366146 0.941146 0.055208 0.038542
0 0.748958 0.264583 0.033333 0.043750
0 0.444271 0.831250 0.042708 0.047917
0 0.428646 0.608333 0.038542 0.027083
0 0.731771 0.869792 0.026042 0.050000
0 0.402604 0.919792 0.048958 0.041667
0 0.259375 0.550521 0.045833 0.036458
0 0.450000 0.811979 0.041667 0.021875
0 0.607292 0.358333 0.043750 0.033333
0 0.599479 0.476562 0.038542 0.040625
0 0.444792 0.838542 0.020833 0.041667
0 0.394271 0.291146 0.053125 0.051042
0 0.084375 0.870313 0.035417 0.017708
0 0.600521 0.815625 0.034375 0.039583
0 0.547917 0.741146 0.054167 0.042708
0 0.901563 0.688021 0.044792 0.040625
0 0.582292 0.446875 0.033333 0.037500
0 0.631771 0.489583 0.034375 0.052083
0 0.842708 0.901563 0.037500 0.053125
0 0.928646 0.078646 0.048958 0.028125
0 0.219271 0.674479 0.046875 0.034375
0 0.774479 0.240625 0.034375 0.039583
0 0.793750 0.442708 0.027083 0.047917
0 0.080208 0.880729 0.037500 0.019792
0 0.692187 0.176563 0.034375 0.053125
0 0.266146 0.255208 0.048958 0.025000
0 0.736979 0.444271 0.042708 0.023958
0 0.264583 0.895833 0.037500 0.035417
0 0.066667 0.525521 0.029167 0.044792
0 0.072396 0.327083 0.040625 0.020833
0 0.306771 0.333333 0.046875 0.029167
0 0.317708 0.540625 0.035417 0.018750
0 0.327604 0.540625 0.032292 0.052083
0 0.452083 0.502083 0.052083 0.039583
0 0.878646 0.625000 0.042708 0.047917
0 0.762500 0.405208 0.039583 0.041667
0 0.585417 0.255729 0.045833 0.036458
0 0.794792 0.392188 0.052083 0.032292
0 0.567187 0.163542 0.038542 0.033333
0 0.901563 0.083854 0.051042 0.026042
0 0.821354 0.751042 0.036458 0.052083
0 0.479687 0.150000 0.019792 0.035417
0 0.797917 0.840625 0.027083 0.045833
0 0.347917 0.744271 0.031250 0.040625
0 0.185938 0.291146 0.044792 0.021875
0 0.338542 0.655208 0.045833 0.027083
0 0.736458 0.784375 0.037500 0.033333
0 0.267708 0.392188 0.039583 0.032292
0 0.461458 0.627083 0.050000 0.050000
0 0.815104 0.102604 0.046875 0.026042
0 0.176563 0.355208 0.040625 0.041667
0 0.589583 0.658333 0.043750 0.031250
0 0.419271 0.641146 0.026042 0.044792
0 0.257812 0.775521 0.040625 0.055208
0 0.868229 0.601042 0.036458 0.037500
0 0.518229 0.888542 0.038542 0.035417
0 0.557292 0.730208 0.037500 0.035417
0 0.623958 0.955208 0.047917 0.035417
0 0.097396 0.314583 0.051042 0.050000
0 0.146875 0.271354 0.047917 0.055208
0 0.493229 0.597396 0.040625 0.023958
0 0.909375 0.834375 0.029167 0.037500
0 0.790625 0.707292 0.033333 0.047917
0 0.189583 0.271354 0.045833 0.038542
0 0.683854 0.607292 0.051042 0.047917
0 0.753125 0.507292 0.039583 0.041667
0 0.286979 0.913542 0.048958 0.035417
0 0.210417 0.568229 0.027083 0.048958
0 0.436979 0.629167 0.038542 0.047917
0 0.706250 0.370312 0.027083 0.048958
0 0.422396 0.529167 0.053125 0.039583
0 0.947917 0.602604 0.047917 0.046875
0 0.176042 0.490625 0.027083 0.047917
0 0.442188 0.469792 0.019792 0.035417
0 0.574479 0.219271 0.040625 0.044792
0 0.957292 0.799479 0.045833 0.036458
0 0.302604 0.883333 0.034375 0.039583
0 0.354687 0.446875 0.038542 0.031250
0 0.389062 0.937500 0.038542 0.035417
0 0.520833 0.107292 0.037500 0.035417
0 0.817708 0.523438 0.054167 0.036458
0 0.407813 0.769271 0.040625 0.051042
0 0.279687 0.705208 0.046875 0.029167
0 0.640625 0.435417 0.052083 0.033333
0 0.080208 0.126562 0.041667 0.048958
0 0.404687 0.342187 0.030208 0.048958
0 0.692187 0.364583 0.040625 0.047917
0 0.389062 0.150521 0.044792 0.044792
0 0.558854 0.469271 0.046875 0.036458
0 0.580729 0.663542 0.051042 0.031250
0 0.952083 0.690104 0.047917 0.053125
0 0.138021 0.659896 0.046875 0.040625
0 0.794792 0.177083 0.027083 0.043750
0 0.162500 0.753125 0.037500 0.052083
0 0.868750 0.283333 0.031250 0.041667
0 0.682813 0.944271 0.030208 0.040625
0 0.355729 0.413021 0.055208 0.051042
0 0.968750 0.671354 0.047917 0.023958
0 0.081771 0.728125 0.034375 0.016667
0 0.582812 0.138542 0.046875 0.029167
0 0.719271 0.872917 0.040625 0.043750
0 0.838021 0.798958 0.038542 0.035417
0 0.757812 0.925521 0.046875 0.038542
0 0.969271 0.235937 0.046875 0.026042
0 0.828125 0.310937 0.047917 0.032292
0 0.729167 0.550521 0.027083 0.051042
0 0.237500 0.744271 0.039583 0.030208
0 0.607292 0.760417 0.047917 0.025000
0 0.599479 0.509375 0.051042 0.029167
0 0.448958 0.273958 0.050000 0.050000
0 0.328125 0.796875 0.033333 0.050000
0 0.722396 0.508854 0.042708 0.023958
0 0.387500 0.207292 0.045833 0.027083
0 0.336458 0.505729 0.027083 0.038542
0 0.213542 0.645312 0.039583 0.032292
0 0.616146 0.583854 0.046875 0.038542
0 0.526042 0.738542 0.039583 0.041667
0 0.334375 0.477083 0.043750 0.045833
0 0.858854 0.648438 0.048958 0.034375
0 0.539583 0.744271 0.025000 0.046875
0 0.709896 0.116667 0.036458 0.037500
0 0.850521 0.094792 0.042708 0.027083
0 0.779167 0.662500 0.037500 0.047917
0 0.639583 0.594271 0.039583 0.034375
0 0.332292 0.382812 0.018750 0.036458
0 0.686979 0.336979 0.053125 0.051042
0 0.492188 0.161979 0.053125 0.051042
0 0.203646 0.452083 0.051042 0.031250
0 0.328125 0.761979 0.045833 0.023958
0 0.297396 0.511458 0.030208 0.043750
0 0.434375 0.405729 0.035417 0.048958
0 0.939063 0.870833 0.046875 0.027083
0 0.819271 0.226562 0.051042 0.042708
0 0.171875 0.848958 0.035417 0.043750
0 0.743229 0.923438 0.046875 0.036458
0 0.217708 0.372917 0.035417 0.020833
0 0.665104 0.643750 0.034375 0.039583
0 0.385417 0.660417 0.047917 0.033333
0 0.236979 0.495312 0.048958 0.030208
0 0.335938 0.586458 0.028125 0.041667
0 0.656771 0.294271 0.046875 0.055208
0 0.954688 0.760938 0.040625 0.038542
0 0.557292 0.224479 0.054167 0.048958
0 0.883854 0.804688 0.055208 0.046875
0 0.340625 0.781771 0.027083 0.040625
0 0.488542 0.291667 0.041667 0.037500
0 0.871875 0.306250 0.035417 0.052083
0 0.513021 0.721875 0.021875 0.037500
0 0.736979 0.114062 0.036458 0.040625
0 0.516667 0.343750 0.041667 0.029167
0 0.669271 0.516667 0.044792 0.033333
0 0.953125 0.736979 0.045833 0.034375
0 0.428646 0.793750 0.046875 0.043750
0 0.311979 0.856771 0.036458 0.046875
0 0.467708 0.256771 0.041667 0.021875
0 0.634375 0.115625 0.052083 0.037500
0 0.609375 0.750000 0.022917 0.045833
0 0.119792 0.777604 0.043750 0.040625
0 0.096875 0.357292 0.041667 0.031250
0 0.707812 0.761458 0.038542 0.025000
0 0.646354 0.855729 0.051042 0.040625
0 0.677083 0.268229 0.025000 0.038542
0 0.963542 0.886979 0.039583 0.032292
0 0.263021 0.805729 0.032292 0.048958
0 0.646875 0.486979 0.016667 0.034375
0 0.443229 0.403646 0.055208 0.048958
0 0.924479 0.371354 0.040625 0.032292
0 0.591667 0.591146 0.050000 0.053125
0 0.372917 0.844792 0.039583 0.022917
0 0.389583 0.418750 0.037500 0.027083
0 0.335938 0.367188 0.055208 0.036458
0 0.603125 0.349479 0.025000 0.048958
0 0.436458 0.852604 0.022917 0.038542
0 0.242708 0.838021 0.033333 0.048958
0 0.138021 0.505208 0.036458 0.047917
0 0.419271 0.186458 0.034375 0.039583
0 0.285938 0.935417 0.030208 0.039583
0 0.496354 0.292708 0.038542 0.022917
0 0.169271 0.676562 0.040625 0.036458
0 0.651042 0.623437 0.050000 0.040625
0 0.153646 0.683333 0.046875 0.052083
0 0.259375 0.490625 0.037500 0.029167
0 0.120833 0.732292 0.033333 0.050000
0 0.171354 0.070833 0.038542 0.033333
0 0.682813 0.110417 0.028125 0.043750
0 0.544792 0.538021 0.047917 0.048958
0 0.452604 0.392188 0.021875 0.038542
0 0.326562 0.955729 0.032292 0.044792
0 0.124479 0.611458 0.044792 0.025000
0 0.805208 0.431771 0.043750 0.040625
0 0.116667 0.191667 0.047917 0.050000
0 0.255208 0.331771 0.027083 0.042708
0 0.900521 0.579167 0.034375 0.039583
0 0.268750 0.579688 0.045833 0.055208
0 0.245312 0.658854 0.042708 0.055208
0 0.518750 0.128646 0.039583 0.030208
0 0.547396 0.547396 0.046875 0.028125
0 0.677604 0.082812 0.028125 0.040625
0 0.558333 0.431250 0.033333 0.043750
0 0.473438 0.820833 0.048958 0.052083
0 0.633333 0.956250 0.045833 0.043750
0 0.851042 0.836458 0.047917 0.033333
0 0.301563 0.314063 0.046875 0.048958
0 0.225521 0.791667 0.021875 0.037500
0 0.338021 0.457292 0.023958 0.041667
0 0.108333 0.805729 0.035417 0.040625
0 0.659375 0.322917 0.045833 0.043750
0 0.155729 0.527083 0.038542 0.035417
0 0.429688 0.772917 0.053125 0.041667
0 0.797917 0.233333 0.037500 0.041667
0 0.395313 0.340625 0.036458 0.037500
0 0.525000 0.972917 0.047917 0.052083
0 0.911458 0.784896 0.041667 0.032292
0 0.751563 0.313542 0.032292 0.047917
0 0.461979 0.739583 0.021875 0.041667
0 0.418750 0.109375 0.043750 0.052083
0 0.938542 0.470313 0.054167 0.036458
0 0.901563 0.653125 0.042708 0.047917
0 0.215104 0.928646 0.042708 0.044792
0 0.436458 0.382812 0.054167 0.046875
0 0.865625 0.285938 0.045833 0.055208
0 0.435937 0.121875 0.042708 0.054167
0 0.532813 0.643750 0.034375 0.043750
0 0.230729 0.660417 0.032292 0.039583
0 0.861979 0.550521 0.048958 0.028125
0 0.663542 0.585938 0.039583 0.032292
0 0.800521 0.480208 0.042708 0.037500
0 0.869792 0.168229 0.037500 0.021875
0 0.204687 0.904167 0.040625 0.047917
0 0.216667 0.200521 0.020833 0.038542
0 0.915104 0.277083 0.017708 0.035417
0 0.189583 0.850521 0.052083 0.051042
0 0.483854 0.304167 0.036458 0.037500
0 0.756771 0.912500 0.038542 0.043750
0 0.139063 0.847917 0.048958 0.035417
0 0.365625 0.929688 0.045833 0.048958
0 0.159375 0.529167 0.037500 0.033333
0 0.353646 0.951562 0.048958 0.055208
0 0.287500 0.071354 0.041667 0.023958
0 0.560417 0.258333 0.047917 0.027083
0 0.622396 0.846875 0.051042 0.050000
0 0.280729 0.706250 0.053125 0.047917
0 0.835938 0.842187 0.021875 0.044792
0 0.232292 0.707292 0.041667 0.037500
0 0.962500 0.869792 0.043750 0.035417
0 0.768229 0.622917 0.028125 0.050000
0 0.508333 0.099479 0.043750 0.042708
0 0.898438 0.355729 0.040625 0.034375
0 0.545312 0.101042 0.044792 0.052083
0 0.392708 0.422396 0.037500 0.040625
0 0.338021 0.677604 0.032292 0.044792
0 0.493750 0.839583 0.047917 0.027083
0 0.837500 0.241146 0.033333 0.048958
0 0.918229 0.585938 0.040625 0.023958
0 0.707292 0.871875 0.050000 0.029167
0 0.706250 0.788021 0.027083 0.038542
0 0.391667 0.135417 0.020833 0.035417
0 0.541667 0.079687 0.050000 0.040625
0 0.400521 0.354167 0.032292 0.043750
0 0.597917 0.927604 0.054167 0.044792
0 0.202604 0.306250 0.042708 0.041667
0 0.618750 0.692708 0.037500 0.025000
0 0.637500 0.665104 0.039583 0.019792
0 0.466146 0.937500 0.048958 0.052083
0 0.769792 0.331250 0.033333 0.050000
0 0.649479 0.261979 0.055208 0.040625
0 0.640104 0.533854 0.048958 0.055208
0 0.250521 0.671354 0.051042 0.044792
0 0.571875 0.810937 0.054167 0.036458
0 0.725000 0.366667 0.047917 0.041667
0 0.465625 0.632812 0.054167 0.048958
0 0.469792 0.451042 0.037500 0.027083
0 0.261979 0.497917 0.044792 0.045833
0 0.296875 0.271875 0.037500 0.033333
0 0.239063 0.562500 0.051042 0.031250
0 0.388021 0.182292 0.040625 0.020833
0 0.882292 0.328646 0.039583 0.048958
0 0.791667 0.875521 0.022917 0.042708
0 0.254167 0.817708 0.047917 0.041667
0 0.547396 0.639583 0.051042 0.050000
0 0.892708 0.571354 0.041667 0.044792
0 0.365104 0.401042 0.038542 0.035417
0 0.180208 0.454688 0.052083 0.034375
0 0.803646 0.566667 0.051042 0.029167
0 0.505729 0.907813 0.038542 0.046875
0 0.876042 0.573438 0.029167 0.040625
0 0.918750 0.190625 0.033333 0.037500
0 0.588021 0.448958 0.044792 0.025000
0 0.440104 0.110417 0.028125 0.043750
0 0.194271 0.501563 0.046875 0.036458
0 0.789583 0.867188 0.027083 0.042708
0 0.783333 0.245312 0.039583 0.036458
0 0.901042 0.928646 0.039583 0.036458
0 0.542188 0.073958 0.044792 0.025000
0 0.312500 0.672396 0.054167 0.048958
0 0.158854 0.700521 0.030208 0.044792
0 0.886979 0.280729 0.032292 0.040625
0 0.640625 0.810937 0.043750 0.042708
0 0.369271 0.519271 0.023958 0.046875
0 0.200000 0.454167 0.033333 0.045833
0 0.423958 0.897396 0.043750 0.048958
0 0.533333 0.225521 0.037500 0.019792
0 0.442188 0.807813 0.040625 0.051042
0 0.860417 0.475000 0.033333 0.045833
0 0.607812 0.578646 0.030208 0.040625
0 0.366146 0.644792 0.036458 0.052083
0 0.526563 0.752083 0.023958 0.041667
0 0.679167 0.378646 0.039583 0.044792
0 0.745313 0.130208 0.038542 0.029167
0 0.270833 0.722917 0.041667 0.031250
0 0.788021 0.215625 0.023958 0.045833
0 0.835938 0.692708 0.044792 0.025000
0 0.690625 0.873437 0.025000 0.042708
0 0.101042 0.546875 0.025000 0.037500
0 0.667188 0.291146 0.040625 0.026042
0 0.700521 0.708854 0.055208 0.040625
0 0.859375 0.772917 0.029167 0.037500
0 0.419792 0.488021 0.041667 0.021875
0 0.169792 0.461979 0.027083 0.040625
0 0.689063 0.331250 0.051042 0.031250
0 0.398958 0.847917 0.035417 0.035417
0 0.435937 0.315104 0.046875 0.040625
0 0.908333 0.826042 0.029167 0.037500
0 0.965104 0.789062 0.051042 0.038542
0 0.734375 0.523438 0.031250 0.040625
0 0.146875 0.375521 0.037500 0.038542
0 0.590104 0.453646 0.044792 0.055208
0 0.343750 0.179167 0.037500 0.027083
0 0.576562 0.863542 0.048958 0.027083
0 0.668750 0.576562 0.037500 0.044792
0 0.845833 0.959375 0.037500 0.033333
0 0.177604 0.473438 0.044792 0.021875
0 0.276042 0.469792 0.041667 0.027083
0 0.518750 0.614583 0.043750 0.052083
0 0.342708 0.774479 0.039583 0.036458
0 0.424479 0.829167 0.038542 0.033333
0 0.571875 0.770833 0.037500 0.025000
0 0.651563 0.543229 0.038542 0.021875
0 0.514062 0.905729 0.040625 0.028125
0 0.454167 0.760938 0.045833 0.055208
0 0.780729 0.345313 0.019792 0.040625
0 0.550521 0.835938 0.048958 0.055208
0 0.088021 0.422396 0.046875 0.032292
0 0.969271 0.563542 0.051042 0.050000
0 0.407813 0.280729 0.023958 0.042708
0 0.333333 0.232292 0.045833 0.043750
0 0.763021 0.429688 0.023958 0.046875
0 0.856250 0.752604 0.041667 0.023958
0 0.435417 0.926562 0.029167 0.044792
0 0.439063 0.619271 0.021875 0.038542
0 0.792708 0.359375 0.047917 0.035417
0 0.821354 0.331771 0.046875 0.034375
0 0.164062 0.103125 0.028125 0.045833
0 0.255208 0.198958 0.035417 0.037500
0 0.522396 0.467708 0.048958 0.052083
0 0.447917 0.719792 0.031250 0.045833
0 0.140625 0.863021 0.037500 0.048958
0 0.849479 0.148958 0.030208 0.047917
0 0.791146 0.659896 0.036458 0.040625
0 0.801042 0.429688 0.041667 0.055208
0 0.185938 0.126562 0.055208 0.042708
0 0.507292 0.558854 0.031250 0.051042
0 0.194792 0.691667 0.047917 0.037500
0 0.825521 0.354167 0.040625 0.022917
0 0.183333 0.160938 0.043750 0.048958
0 0.672917 0.531771 0.050000 0.034375
0 0.110417 0.923958 0.045833 0.043750
0 0.113021 0.272917 0.034375 0.052083
0 0.795833 0.700521 0.041667 0.048958
0 0.625000 0.934375 0.037500 0.031250
0 0.241146 0.698958 0.026042 0.037500
0 0.962500 0.112500 0.035417 0.047917
0 0.134896 0.872917 0.042708 0.027083
0 0.745313 0.560417 0.046875 0.043750
0 0.142187 0.453646 0.038542 0.040625
0 0.745833 0.296354 0.050000 0.034375
0 0.703125 0.752604 0.039583 0.044792
0 0.371875 0.271354 0.027083 0.046875
0 0.577083 0.885417 0.033333 0.047917
0 0.533854 0.618750 0.044792 0.025000
0 0.215104 0.420312 0.034375 0.040625
0 0.180208 0.767708 0.027083 0.047917
0 0.144792 0.370833 0.031250 0.045833
0 0.166146 0.928125 0.036458 0.020833
0 0.818229 0.307812 0.051042 0.053125
0 0.766146 0.778125 0.040625 0.041667
0 0.147396 0.860417 0.034375 0.047917