0 0.786979 0.503646 0.044792 0.040625
0 0.779687 0.270313 0.046875 0.055208
0 0.614583 0.161458 0.039583 0.020833
0 0.636979 0.371875 0.048958 0.037500
0 0.523958 0.555208 0.050000 0.050000
0 0.716667 0.228125 0.035417 0.052083
0 0.944271 0.866667 0.048958 0.041667
0 0.251042 0.294271 0.039583 0.030208
0 0.189062 0.861458 0.053125 0.039583
0 0.908854 0.368229 0.026042 0.040625
0 0.651042 0.734896 0.043750 0.040625
0 0.938542 0.079687 0.047917 0.044792
0 0.145313 0.340625 0.040625 0.020833
0 0.959375 0.259896 0.043750 0.030208
0 0.867188 0.845313 0.046875 0.028125
0 0.539583 0.096354 0.022917 0.040625
0 0.535937 0.768229 0.044792 0.042708
0 0.192188 0.339062 0.053125 0.032292
0 0.964063 0.366146 0.046875 0.032292
0 0.639583 0.255729 0.045833 0.036458
0 0.552604 0.724479 0.044792 0.044792
0 0.105208 0.161458 0.018750 0.035417
0 0.565104 0.618229 0.040625 0.038542
0 0.627083 0.270833 0.052083 0.043750
0 0.140104 0.338542 0.036458 0.018750
0 0.250000 0.217188 0.047917 0.046875
0 0.152083 0.503646 0.029167 0.040625
0 0.378125 0.733333 0.043750 0.052083
0 0.915104 0.189583 0.042708 0.039583
0 0.289062 0.525521 0.026042 0.044792
0 0.723958 0.840104 0.031250 0.040625
0 0.661458 0.844792 0.035417 0.022917
0 0.338542 0.801042 0.041667 0.039583
0 0.871875 0.801042 0.043750 0.027083
0 0.941667 0.586458 0.043750 0.052083
0 0.497396 0.384375 0.028125 0.050000
0 0.749479 0.588021 0.021875 0.038542
0 0.896875 0.161979 0.039583 0.034375
0 0.660417 0.667708 0.052083 0.035417
0 0.241667 0.341667 0.041667 0.047917
0 0.652083 0.821354 0.039583 0.044792
0 0.423438 0.676562 0.040625 0.055208
0 0.127083 0.747917 0.050000 0.029167
0 0.113021 0.765625 0.030208 0.050000
0 0.374479 0.213542 0.046875 0.022917
0 0.817187 0.356250 0.038542 0.025000
0 0.356771 0.281250 0.038542 0.043750
0 0.208854 0.457292 0.053125 0.047917
0 0.585938 0.203646 0.048958 0.046875
0 0.597396 0.886458 0.042708 0.027083
0 0.448437 0.526042 0.048958 0.033333
0 0.861458 0.473438 0.052083 0.032292
0 0.840625 0.722917 0.047917 0.041667
0 0.081250 0.828125 0.041667 0.037500
0 0.894792 0.208333 0.047917 0.041667
0 0.681771 0.775000 0.036458 0.047917
0 0.408333 0.844792 0.041667 0.047917
0 0.624479 0.111979 0.026042 0.040625
0 0.264583 0.124479 0.037500 0.044792
0 0.181250 0.416146 0.043750 0.026042
0 0.707812 0.100521 0.055208 0.044792
0 0.800521 0.548438 0.036458 0.040625
0 0.831771 0.611458 0.042708 0.027083
0 0.759375 0.456771 0.041667 0.048958
0 0.767708 0.683854 0.037500 0.021875
0 0.316667 0.498437 0.039583 0.036458
0 0.427604 0.155208 0.036458 0.037500
0 0.257812 0.893750 0.036458 0.047917
0 0.431250 0.083333 0.037500 0.035417
0 0.501563 0.749479 0.038542 0.021875
0 0.301042 0.811458 0.029167 0.045833
0 0.526042 0.311979 0.052083 0.051042
0 0.895833 0.197917 0.041667 0.052083
0 0.497396 0.684375 0.053125 0.043750
0 0.880729 0.228646 0.026042 0.046875
0 0.355729 0.516667 0.038542 0.018750
0 0.548958 0.347396 0.043750 0.028125
0 0.585417 0.600000 0.031250 0.041667
0 0.523438 0.555208 0.044792 0.022917
0 0.378125 0.117188 0.037500 0.019792
0 0.278646 0.211458 0.046875 0.045833
0 0.576562 0.823958 0.046875 0.052083
0 0.316667 0.802083 0.035417 0.022917
0 0.803646 0.753125 0.053125 0.045833
0 0.487500 0.303125 0.035417 0.037500
0 0.809375 0.450000 0.025000 0.041667
0 0.678125 0.198958 0.037500 0.047917
0 0.292187 0.216146 0.055208 0.046875
0 0.701042 0.968750 0.025000 0.043750
0 0.689583 0.602604 0.050000 0.028125
0 0.941146 0.459375 0.044792 0.047917
0 0.536458 0.736458 0.043750 0.045833
0 0.909896 0.547396 0.044792 0.042708
0 0.722396 0.869271 0.040625 0.046875
0 0.425000 0.900000 0.039583 0.052083
0 0.617708 0.708333 0.052083 0.039583
0 0.193750 0.647917 0.050000 0.047917
0 0.790104 0.242708 0.042708 0.027083
0 0.263542 0.364063 0.052083 0.034375
0 0.746354 0.440104 0.053125 0.053125
0 0.590104 0.286979 0.040625 0.026042
0 0.494792 0.585417 0.033333 0.037500
0 0.377604 0.796875 0.040625 0.054167
0 0.566146 0.145833 0.036458 0.018750
0 0.130729 0.857812 0.042708 0.023958
0 0.907292 0.962500 0.027083 0.037500
0 0.667188 0.835938 0.055208 0.036458
0 0.405208 0.609896 0.041667 0.021875
0 0.465625 0.441667 0.052083 0.039583
0 0.575521 0.792188 0.055208 0.046875
0 0.861979 0.088542 0.038542 0.027083
0 0.240104 0.100000 0.028125 0.041667
0 0.681250 0.759375 0.029167 0.050000
0 0.096875 0.113542 0.025000 0.047917
0 0.683854 0.308854 0.046875 0.048958
0 0.175521 0.827604 0.038542 0.046875
0 0.346354 0.832292 0.048958 0.052083
0 0.769792 0.565625 0.037500 0.052083
0 0.386979 0.596354 0.040625 0.023958
0 0.144792 0.655729 0.050000 0.042708
0 0.193229 0.085417 0.036458 0.043750
0 0.247396 0.083854 0.044792 0.051042
0 0.810417 0.742188 0.050000 0.044792
0 0.509375 0.413021 0.047917 0.030208
0 0.752083 0.713021 0.025000 0.042708
0 0.125521 0.169271 0.048958 0.048958
0 0.072396 0.768229 0.040625 0.026042
0 0.097917 0.294271 0.031250 0.051042
0 0.370312 0.840104 0.055208 0.044792
0 0.390104 0.951042 0.038542 0.052083
0 0.538542 0.784375 0.041667 0.037500
0 0.743229 0.669792 0.051042 0.050000
0 0.904687 0.406250 0.053125 0.035417
0 0.129167 0.910417 0.047917 0.039583
0 0.707292 0.319792 0.022917 0.039583
0 0.537500 0.470313 0.054167 0.046875
0 0.865104 0.801042 0.048958 0.052083
0 0.529687 0.750000 0.034375 0.043750
0 0.401042 0.331250 0.037500 0.022917
0 0.308333 0.851042 0.041667 0.037500
0 0.202604 0.698958 0.030208 0.047917
0 0.756250 0.526563 0.037500 0.044792
0 0.271875 0.092188 0.047917 0.032292
0 0.647917 0.557292 0.050000 0.050000
0 0.113542 0.667708 0.041667 0.029167
0 0.432292 0.519271 0.022917 0.040625
0 0.191146 0.366667 0.028125 0.050000
0 0.434896 0.536979 0.023958 0.042708
0 0.395313 0.776042 0.032292 0.039583
0 0.524479 0.892188 0.055208 0.038542
0 0.102083 0.661458 0.035417 0.037500
0 0.900521 0.272917 0.048958 0.037500
0 0.950000 0.327083 0.050000 0.029167
0 0.403125 0.341146 0.035417 0.048958
0 0.890104 0.375000 0.028125 0.045833
0 0.481771 0.545312 0.044792 0.048958
0 0.082812 0.802604 0.023958 0.040625
0 0.377604 0.217188 0.055208 0.038542
0 0.933333 0.185417 0.037500 0.033333
0 0.628646 0.389062 0.042708 0.051042
0 0.920833 0.963021 0.054167 0.046875
0 0.727083 0.703125 0.035417 0.047917
0 0.594792 0.263542 0.045833 0.031250
0 0.235417 0.232813 0.041667 0.032292
0 0.492708 0.633333 0.029167 0.045833
0 0.799479 0.614583 0.042708 0.047917
0 0.786979 0.206771 0.048958 0.055208
0 0.928125 0.666667 0.025000 0.037500
0 0.851042 0.402604 0.047917 0.053125
0 0.388021 0.690625 0.051042 0.029167
0 0.439063 0.914062 0.042708 0.055208
0 0.296875 0.591667 0.043750 0.052083
0 0.426042 0.362500 0.041667 0.039583
0 0.358854 0.923438 0.040625 0.036458
0 0.952083 0.916667 0.033333 0.047917
0 0.246354 0.512500 0.032292 0.043750
0 0.352083 0.559375 0.052083 0.037500
0 0.551042 0.147917 0.031250 0.050000
0 0.638021 0.338021 0.055208 0.044792
0 0.227083 0.662500 0.041667 0.052083
0 0.273958 0.172917 0.022917 0.043750
0 0.325000 0.433854 0.054167 0.048958
0 0.783333 0.647396 0.035417 0.040625
0 0.280208 0.366146 0.050000 0.040625
0 0.230208 0.088021 0.050000 0.042708
0 0.153646 0.867708 0.042708 0.025000
0 0.691146 0.536979 0.046875 0.048958
0 0.269271 0.276042 0.032292 0.052083
0 0.179688 0.612500 0.021875 0.037500
0 0.392188 0.533854 0.051042 0.040625
0 0.922917 0.423438 0.050000 0.034375
0 0.563021 0.415104 0.042708 0.021875
0 0.947396 0.521354 0.040625 0.046875
0 0.183854 0.823438 0.044792 0.032292
0 0.372917 0.647396 0.035417 0.040625
0 0.940104 0.386979 0.026042 0.040625
0 0.181250 0.473438 0.039583 0.032292
0 0.504167 0.638542 0.037500 0.031250
0 0.819792 0.371875 0.037500 0.035417
0 0.952604 0.935937 0.040625 0.044792
0 0.291146 0.820833 0.030208 0.050000
0 0.381250 0.876042 0.033333 0.047917
0 0.813021 0.722917 0.053125 0.045833
0 0.876042 0.075000 0.033333 0.037500
0 0.503646 0.838021 0.042708 0.021875
0 0.077604 0.469792 0.036458 0.018750
0 0.228646 0.928125 0.028125 0.045833
0 0.813542 0.247396 0.039583 0.044792
0 0.672917 0.859375 0.041667 0.037500
0 0.714063 0.811458 0.034375 0.052083
0 0.178646 0.758333 0.036458 0.052083
0 0.677083 0.228125 0.052083 0.047917
0 0.482812 0.785937 0.040625 0.032292
0 0.531771 0.708333 0.042708 0.039583
0 0.181250 0.829167 0.037500 0.035417
0 0.685417 0.935937 0.039583 0.019792
0 0.246354 0.289062 0.036458 0.046875
0 0.156771 0.952083 0.042708 0.041667
0 0.888021 0.200000 0.042708 0.039583
0 0.127604 0.186979 0.040625 0.046875
0 0.842187 0.456771 0.051042 0.034375
0 0.338542 0.382292 0.045833 0.043750
0 0.236458 0.636458 0.047917 0.041667
0 0.326042 0.551042 0.041667 0.031250
0 0.823438 0.233333 0.023958 0.043750
0 0.180208 0.794792 0.043750 0.045833
0 0.307812 0.095833 0.048958 0.035417
0 0.270313 0.575000 0.038542 0.029167
0 0.303125 0.134375 0.031250 0.041667
0 0.950000 0.252083 0.027083 0.037500
0 0.927083 0.201042 0.047917 0.050000
0 0.770833 0.157812 0.045833 0.032292
0 0.772396 0.658854 0.038542 0.051042
0 0.419271 0.378125 0.030208 0.047917
0 0.835938 0.220312 0.046875 0.038542
0 0.534375 0.691146 0.037500 0.038542
0 0.499479 0.496354 0.040625 0.030208
0 0.327604 0.379167 0.042708 0.031250
0 0.179688 0.677083 0.038542 0.031250
0 0.515104 0.634375 0.036458 0.047917
0 0.553125 0.349479 0.054167 0.046875
0 0.800000 0.582812 0.052083 0.051042
0 0.344792 0.324479 0.052083 0.034375
0 0.683333 0.615104 0.029167 0.040625
0 0.378125 0.432292 0.033333 0.052083
0 0.357812 0.523438 0.048958 0.046875
0 0.292187 0.676042 0.023958 0.047917
0 0.940625 0.931250 0.037500 0.047917
0 0.295833 0.813542 0.052083 0.047917
0 0.131250 0.559375 0.041667 0.027083
0 0.521354 0.404687 0.055208 0.044792
0 0.871875 0.367708 0.041667 0.039583
0 0.533854 0.924479 0.036458 0.040625
0 0.194271 0.143750 0.030208 0.039583
0 0.437500 0.463021 0.041667 0.055208
0 0.750521 0.456250 0.046875 0.045833
0 0.471354 0.757292 0.042708 0.039583
0 0.535417 0.391146 0.047917 0.030208
0 0.720313 0.924479 0.051042 0.030208
0 0.519271 0.161458 0.044792 0.052083
0 0.065104 0.147917 0.026042 0.050000
0 0.096875 0.225000 0.050000 0.031250
0 0.145313 0.876042 0.048958 0.027083
0 0.939583 0.681771 0.029167 0.048958
0 0.933854 0.691146 0.044792 0.055208
0 0.183854 0.738021 0.042708 0.044792
0 0.406771 0.629687 0.038542 0.021875
0 0.860417 0.481250 0.039583 0.052083
0 0.731771 0.415625 0.034375 0.043750
0 0.645833 0.668750 0.050000 0.050000
0 0.527083 0.850521 0.050000 0.040625
0 0.631771 0.188542 0.021875 0.039583
0 0.640104 0.574479 0.038542 0.040625
0 0.593229 0.599479 0.051042 0.042708
0 0.854167 0.323958 0.041667 0.047917
0 0.705729 0.125521 0.040625 0.055208
0 0.491667 0.535417 0.037500 0.035417
0 0.828125 0.267188 0.043750 0.026042
0 0.957292 0.297396 0.039583 0.038542
0 0.722917 0.069271 0.045833 0.023958
0 0.827604 0.492708 0.038542 0.037500
0 0.803125 0.896354 0.043750 0.026042
0 0.410417 0.084896 0.037500 0.038542
0 0.947917 0.583854 0.022917 0.046875
0 0.333854 0.073958 0.032292 0.043750
0 0.507292 0.815104 0.043750 0.040625
0 0.392708 0.349479 0.027083 0.040625
0 0.355208 0.727604 0.037500 0.048958
0 0.370312 0.863542 0.019792 0.037500
0 0.702083 0.561458 0.047917 0.035417
0 0.604688 0.466667 0.030208 0.050000
0 0.921875 0.271875 0.031250 0.041667
0 0.300521 0.580729 0.038542 0.038542
0 0.173958 0.626563 0.025000 0.042708
0 0.659896 0.384896 0.030208 0.044792
0 0.465625 0.185417 0.043750 0.045833
0 0.134896 0.206250 0.048958 0.041667
0 0.263021 0.603125 0.036458 0.037500
0 0.277604 0.142187 0.051042 0.055208
0 0.607812 0.288542 0.046875 0.027083
0 0.276562 0.250000 0.044792 0.052083
0 0.319792 0.403125 0.045833 0.027083
0 0.573958 0.475000 0.045833 0.031250
0 0.963542 0.379688 0.035417 0.044792
0 0.591667 0.589063 0.035417 0.040625
0 0.306250 0.210417 0.035417 0.037500
0 0.766667 0.651563 0.045833 0.026042
0 0.493750 0.946354 0.027083 0.042708
0 0.857812 0.849479 0.046875 0.034375
0 0.820312 0.556250 0.028125 0.039583
0 0.117188 0.569792 0.048958 0.041667
0 0.394271 0.676042 0.019792 0.039583
0 0.117708 0.939583 0.020833 0.039583
0 0.697396 0.841146 0.032292 0.044792
0 0.300521 0.589583 0.026042 0.047917
0 0.667708 0.684896 0.043750 0.026042
0 0.493229 0.646875 0.051042 0.047917
0 0.290104 0.884896 0.053125 0.051042
0 0.645312 0.573958 0.051042 0.029167
0 0.085417 0.729167 0.037500 0.052083
0 0.571354 0.779687 0.048958 0.055208
0 0.761979 0.373958 0.053125 0.041667
0 0.690625 0.289583 0.037500 0.031250
0 0.190625 0.876563 0.018750 0.036458
0 0.505729 0.318750 0.046875 0.045833
0 0.568229 0.674479 0.044792 0.040625
0 0.364583 0.094792 0.035417 0.020833
0 0.902083 0.568750 0.039583 0.041667
0 0.823438 0.090625 0.048958 0.035417
0 0.761458 0.804167 0.041667 0.052083
0 0.204687 0.740625 0.030208 0.047917
0 0.645312 0.742188 0.053125 0.051042
0 0.194271 0.548438 0.038542 0.038542
0 0.542188 0.102604 0.051042 0.030208
0 0.363542 0.303125 0.041667 0.027083
0 0.259375 0.374479 0.054167 0.040625
0 0.870833 0.362500 0.043750 0.025000
0 0.792708 0.797917 0.020833 0.039583
0 0.764062 0.163542 0.040625 0.054167
0 0.511979 0.948958 0.048958 0.027083
0 0.840625 0.443750 0.045833 0.029167
0 0.151042 0.395833 0.043750 0.045833
0 0.652083 0.167187 0.047917 0.044792
0 0.121875 0.837500 0.041667 0.039583
0 0.534375 0.316667 0.018750 0.035417
0 0.928646 0.184375 0.048958 0.052083
0 0.485417 0.610417 0.047917 0.027083
0 0.535937 0.474479 0.048958 0.023958
0 0.510938 0.852604 0.055208 0.038542
0 0.584896 0.688021 0.040625 0.034375
0 0.726042 0.554688 0.047917 0.030208
0 0.076563 0.120833 0.042708 0.020833
0 0.474479 0.182292 0.042708 0.031250
0 0.461979 0.670833 0.044792 0.022917
0 0.523438 0.307812 0.046875 0.038542
0 0.405208 0.510938 0.043750 0.028125
0 0.745313 0.472396 0.048958 0.046875
0 0.177604 0.579688 0.048958 0.055208
0 0.537500 0.801042 0.045833 0.052083
0 0.388542 0.923958 0.045833 0.052083
0 0.338021 0.921354 0.023958 0.040625
0 0.723437 0.133854 0.055208 0.040625
0 0.859896 0.638542 0.036458 0.018750
0 0.969271 0.079687 0.048958 0.046875
0 0.530208 0.525521 0.052083 0.053125
0 0.679688 0.558333 0.048958 0.035417
0 0.182292 0.342708 0.052083 0.043750
0 0.691146 0.441667 0.036458 0.052083
0 0.878125 0.949479 0.039583 0.036458
0 0.959896 0.455729 0.026042 0.040625
0 0.852604 0.831250 0.034375 0.043750
0 0.260417 0.910417 0.041667 0.047917
0 0.799479 0.541146 0.044792 0.042708
0 0.795312 0.903125 0.038542 0.027083
0 0.552083 0.602083 0.037500 0.043750
0 0.143750 0.215625 0.050000 0.031250
0 0.459896 0.687500 0.044792 0.045833
0 0.440625 0.568750 0.047917 0.033333
0 0.708333 0.163021 0.035417 0.048958
0 0.083854 0.463542 0.053125 0.039583
0 0.841667 0.567187 0.043750 0.048958
0 0.883333 0.575521 0.047917 0.032292
0 0.270833 0.717708 0.041667 0.039583
0 0.694271 0.453125 0.053125 0.045833
0 0.926562 0.382812 0.042708 0.044792
0 0.356250 0.163542 0.037500 0.022917
0 0.905208 0.735417 0.027083 0.037500
0 0.195312 0.167187 0.028125 0.040625
0 0.347917 0.350521 0.037500 0.040625
0 0.801042 0.916146 0.045833 0.036458
0 0.266667 0.405729 0.043750 0.048958
0 0.216667 0.452604 0.027083 0.046875
0 0.170833 0.786458 0.031250 0.037500
0 0.518229 0.598958 0.030208 0.039583
0 0.796354 0.282813 0.038542 0.038542
0 0.779167 0.639583 0.037500 0.052083
0 0.430729 0.853125 0.023958 0.041667
0 0.814583 0.078646 0.052083 0.053125
0 0.873437 0.895833 0.023958 0.041667
0 0.360417 0.239583 0.037500 0.041667
0 0.888021 0.410417 0.046875 0.043750
0 0.506771 0.518229 0.040625 0.055208
0 0.856771 0.599479 0.030208 0.053125
0 0.961458 0.471875 0.037500 0.033333
0 0.319271 0.616667 0.044792 0.025000
0 0.532813 0.318229 0.036458 0.040625
0 0.579167 0.280729 0.037500 0.048958
0 0.640625 0.895312 0.052083 0.051042
0 0.935937 0.886458 0.023958 0.037500
0 0.852083 0.536979 0.045833 0.048958
0 0.957292 0.351042 0.043750 0.035417
0 0.656771 0.139583 0.034375 0.039583
0 0.650521 0.732812 0.048958 0.055208
0 0.695833 0.708854 0.050000 0.040625
0 0.939063 0.685937 0.028125 0.040625
0 0.452604 0.174479 0.034375 0.046875
0 0.258333 0.559375 0.045833 0.033333
0 0.220833 0.905729 0.045833 0.034375
0 0.584375 0.894271 0.043750 0.026042
0 0.919271 0.339062 0.044792 0.040625
0 0.435937 0.065625 0.036458 0.018750
0 0.697396 0.397917 0.036458 0.022917
0 0.539583 0.581771 0.037500 0.019792
0 0.954167 0.556250 0.041667 0.039583
0 0.843229 0.213021 0.048958 0.028125
0 0.223438 0.675000 0.040625 0.020833
0 0.474479 0.769792 0.038542 0.047917
0 0.161979 0.927083 0.044792 0.045833
0 0.782292 0.711458 0.033333 0.043750
0 0.379688 0.821875 0.032292 0.047917
0 0.393750 0.510417 0.027083 0.037500
0 0.135937 0.927083 0.038542 0.035417
0 0.083854 0.323958 0.036458 0.020833
0 0.602083 0.904167 0.037500 0.031250
0 0.695312 0.432812 0.051042 0.038542
0 0.943229 0.607812 0.040625 0.030208
0 0.791146 0.484896 0.032292 0.053125
0 0.381250 0.417708 0.035417 0.047917
0 0.162500 0.741146 0.039583 0.036458
0 0.652604 0.254167 0.038542 0.031250
0 0.190104 0.352604 0.051042 0.036458
0 0.558854 0.123958 0.036458 0.047917
0 0.316146 0.429688 0.036458 0.017708
0 0.485938 0.445833 0.038542 0.035417
0 0.472917 0.718229 0.041667 0.055208
0 0.417187 0.189583 0.042708 0.039583
0 0.681250 0.259375 0.052083 0.033333
0 0.751563 0.332813 0.044792 0.044792
0 0.236979 0.486979 0.055208 0.044792
0 0.579688 0.096875 0.032292 0.047917
0 0.671354 0.605729 0.038542 0.019792
0 0.860938 0.214062 0.040625 0.030208
0 0.071354 0.522917 0.034375 0.047917
0 0.457292 0.094792 0.035417 0.043750
0 0.736979 0.391667 0.040625 0.041667
0 0.533854 0.484375 0.048958 0.041667
0 0.265625 0.883854 0.050000 0.042708
0 0.581771 0.926042 0.038542 0.033333
0 0.720313 0.676562 0.040625 0.038542
0 0.216667 0.825521 0.033333 0.040625
0 0.303125 0.383333 0.033333 0.045833
0 0.472396 0.728125 0.042708 0.029167
0 0.929167 0.829688 0.039583 0.023958
0 0.225000 0.217188 0.054167 0.046875
0 0.671354 0.572396 0.040625 0.038542
0 0.806771 0.140104 0.038542 0.019792
0 0.290104 0.640625 0.053125 0.047917
0 0.138021 0.637500 0.036458 0.037500
0 0.589063 0.233333 0.032292 0.052083
0 0.376042 0.823958 0.035417 0.043750
0 0.358854 0.339583 0.034375 0.037500
0 0.363021 0.898438 0.034375 0.040625
0 0.278125 0.388542 0.037500 0.035417
0 0.756771 0.872396 0.038542 0.046875
0 0.323958 0.171875 0.041667 0.047917
0 0.370833 0.108854 0.041667 0.042708
0 0.363542 0.670833 0.025000 0.043750
0 0.787500 0.117708 0.031250 0.041667
0 0.806250 0.122917 0.041667 0.029167
0 0.713542 0.441667 0.016667 0.033333
0 0.483854 0.896354 0.040625 0.030208
0 0.556250 0.954688 0.035417 0.053125
0 0.680729 0.854167 0.030208 0.047917
0 0.953646 0.204687 0.040625 0.028125
0 0.192188 0.543229 0.026042 0.040625
0 0.593229 0.106771 0.053125 0.051042
0 0.835417 0.430208 0.037500 0.027083
0 0.133854 0.240625 0.038542 0.035417
0 0.805208 0.706250 0.047917 0.025000
0 0.880729 0.161458 0.038542 0.025000
0 0.891146 0.478125 0.044792 0.052083
0 0.192708 0.093750 0.052083 0.039583
0 0.729688 0.511979 0.048958 0.044792
0 0.455729 0.428646 0.040625 0.028125
0 0.450521 0.190104 0.046875 0.055208
0 0.958333 0.922917 0.041667 0.027083
0 0.645833 0.672917 0.041667 0.039583
0 0.463021 0.261458 0.040625 0.041667
0 0.917188 0.912500 0.051042 0.047917
0 0.956771 0.831771 0.021875 0.038542
0 0.448958 0.563542 0.037500 0.033333
0 0.681250 0.653125 0.052083 0.035417