0 0.188542 0.783854 0.033333 0.040625
0 0.688542 0.275000 0.033333 0.037500
0 0.963542 0.250000 0.037500 0.035417
0 0.530208 0.832812 0.054167 0.036458
0 0.768229 0.635417 0.028125 0.041667
0 0.368229 0.168229 0.038542 0.038542
0 0.945312 0.280729 0.040625 0.032292
0 0.825000 0.353125 0.041667 0.025000
0 0.483333 0.139583 0.033333 0.037500
0 0.784896 0.555729 0.040625 0.019792
0 0.743750 0.277604 0.054167 0.051042
0 0.709896 0.553646 0.028125 0.040625
0 0.917188 0.723437 0.051042 0.055208
0 0.876042 0.325521 0.041667 0.055208
0 0.684896 0.836458 0.053125 0.043750
0 0.342708 0.468229 0.043750 0.026042
0 0.761458 0.968229 0.043750 0.055208
0 0.729167 0.910937 0.039583 0.038542
0 0.592187 0.545833 0.019792 0.039583
0 0.592708 0.522917 0.045833 0.027083
0 0.495833 0.638021 0.033333 0.040625
0 0.735938 0.083854 0.053125 0.032292
0 0.411458 0.581250 0.047917 0.041667
0 0.874479 0.714063 0.051042 0.053125
0 0.899479 0.293229 0.053125 0.032292
0 0.259896 0.633854 0.051042 0.038542
0 0.785937 0.341146 0.032292 0.048958
0 0.253646 0.393750 0.032292 0.047917
0 0.089583 0.363021 0.043750 0.028125
0 0.807813 0.809375 0.030208 0.050000
0 0.570833 0.413542 0.041667 0.029167
0 0.093229 0.934375 0.046875 0.043750
0 0.211979 0.472917 0.019792 0.035417
0 0.517708 0.475521 0.054167 0.044792
0 0.950000 0.346875 0.047917 0.033333
0 0.883854 0.454688 0.032292 0.048958
0 0.073438 0.336979 0.034375 0.053125
0 0.344271 0.215625 0.048958 0.037500
0 0.215625 0.792708 0.037500 0.029167
0 0.265625 0.947396 0.020833 0.040625
0 0.825521 0.914062 0.044792 0.028125
0 0.261979 0.374479 0.036458 0.040625
0 0.458333 0.808333 0.039583 0.047917
0 0.481250 0.115625 0.027083 0.047917
0 0.123438 0.548438 0.036458 0.040625
0 0.935937 0.113021 0.055208 0.046875
0 0.880729 0.917188 0.040625 0.055208
0 0.128125 0.550000 0.039583 0.020833
0 0.625521 0.485938 0.055208 0.051042
0 0.517188 0.780208 0.038542 0.029167
0 0.629167 0.691146 0.054167 0.044792
0 0.856771 0.957812 0.042708 0.055208
0 0.256250 0.521354 0.029167 0.040625
0 0.089063 0.494271 0.032292 0.048958
0 0.852604 0.258854 0.053125 0.030208
0 0.728125 0.875521 0.050000 0.038542
0 0.536458 0.162500 0.031250 0.050000
0 0.291146 0.146875 0.036458 0.047917
0 0.386979 0.317188 0.044792 0.042708
0 0.607292 0.735938 0.050000 0.040625
0 0.597396 0.628646 0.040625 0.036458
0 0.932813 0.099479 0.051042 0.042708
0 0.274479 0.733854 0.040625 0.026042
0 0.352083 0.547917 0.035417 0.022917
0 0.440104 0.656771 0.026042 0.040625
0 0.225521 0.306771 0.046875 0.048958
0 0.751563 0.698958 0.044792 0.035417
0 0.277083 0.935937 0.022917 0.044792
0 0.097917 0.360417 0.041667 0.041667
0 0.535937 0.429167 0.038542 0.043750
0 0.235417 0.259896 0.041667 0.044792
0 0.193229 0.262500 0.053125 0.043750
0 0.221875 0.132812 0.050000 0.053125
0 0.779167 0.303125 0.035417 0.052083
0 0.594792 0.906250 0.029167 0.037500
0 0.248438 0.479687 0.055208 0.038542
0 0.357812 0.554688 0.019792 0.038542
0 0.110417 0.559896 0.045833 0.036458
0 0.191667 0.731771 0.031250 0.040625
0 0.271875 0.481250 0.039583 0.022917
0 0.268229 0.603125 0.046875 0.045833
0 0.524479 0.223958 0.036458 0.047917
0 0.836979 0.843750 0.038542 0.025000
0 0.801562 0.225521 0.023958 0.042708
0 0.647917 0.530208 0.037500 0.052083
0 0.618750 0.260417 0.052083 0.047917
0 0.951562 0.200521 0.046875 0.034375
0 0.271354 0.686458 0.048958 0.035417
0 0.448958 0.811979 0.050000 0.026042
0 0.336979 0.564063 0.055208 0.048958
0 0.415104 0.844792 0.023958 0.045833
0 0.856771 0.864583 0.038542 0.043750
0 0.782292 0.630208 0.027083 0.037500
0 0.182292 0.367708 0.052083 0.043750
0 0.870833 0.729688 0.037500 0.053125
0 0.354687 0.160417 0.034375 0.043750
0 0.790104 0.545833 0.026042 0.041667
0 0.655208 0.213542 0.043750 0.035417
0 0.866667 0.455208 0.016667 0.033333
0 0.872917 0.293229 0.025000 0.046875
0 0.427604 0.927604 0.044792 0.042708
0 0.584375 0.215625 0.045833 0.045833
0 0.539062 0.776563 0.051042 0.036458
0 0.145313 0.645312 0.036458 0.040625
0 0.601562 0.739583 0.038542 0.025000
0 0.697396 0.259375 0.034375 0.047917
0 0.653125 0.844792 0.050000 0.031250
0 0.518229 0.209896 0.040625 0.038542
0 0.713021 0.515625 0.048958 0.052083
0 0.277083 0.776042 0.043750 0.045833
0 0.080208 0.817708 0.043750 0.035417
0 0.309896 0.218229 0.055208 0.042708
0 0.835417 0.833333 0.039583 0.047917
0 0.429167 0.758333 0.029167 0.050000
0 0.113542 0.509896 0.041667 0.048958
0 0.666667 0.718229 0.041667 0.055208
0 0.581250 0.481250 0.047917 0.039583
0 0.610417 0.536458 0.041667 0.031250
0 0.183854 0.419271 0.053125 0.051042
0 0.840625 0.650000 0.047917 0.039583
0 0.890625 0.498958 0.052083 0.041667
0 0.851042 0.412500 0.039583 0.047917
0 0.142187 0.652083 0.030208 0.043750
0 0.495312 0.094792 0.044792 0.052083
0 0.927083 0.191146 0.033333 0.040625
0 0.100000 0.551042 0.033333 0.047917
0 0.362500 0.491146 0.054167 0.040625
0 0.616667 0.272917 0.039583 0.052083
0 0.494792 0.231250 0.035417 0.018750
0 0.082812 0.715104 0.038542 0.051042
0 0.152604 0.256250 0.038542 0.043750
0 0.573438 0.097917 0.042708 0.031250
0 0.934375 0.905208 0.052083 0.043750
0 0.359896 0.814583 0.040625 0.041667
0 0.955729 0.664583 0.038542 0.025000
0 0.653646 0.252604 0.055208 0.044792
0 0.854167 0.267708 0.050000 0.029167
0 0.140625 0.622917 0.047917 0.033333
0 0.368229 0.721875 0.044792 0.047917
0 0.687500 0.855729 0.041667 0.055208
0 0.534896 0.350000 0.030208 0.039583
0 0.290625 0.922396 0.035417 0.040625
0 0.221875 0.685937 0.054167 0.040625
0 0.821875 0.446354 0.037500 0.044792
0 0.330208 0.718229 0.031250 0.044792
0 0.199479 0.773438 0.028125 0.051042
0 0.815104 0.385417 0.019792 0.037500
0 0.713542 0.414583 0.052083 0.045833
0 0.080729 0.167708 0.044792 0.054167
0 0.772917 0.386979 0.043750 0.040625
0 0.837500 0.416667 0.035417 0.043750
0 0.795833 0.311979 0.047917 0.053125
0 0.711979 0.784896 0.044792 0.042708
0 0.202604 0.864062 0.040625 0.051042
0 0.444271 0.281771 0.042708 0.055208
0 0.708854 0.084375 0.053125 0.037500
0 0.256250 0.136458 0.043750 0.045833
0 0.143229 0.757812 0.034375 0.046875
0 0.155729 0.555729 0.044792 0.042708
0 0.292187 0.486979 0.051042 0.036458
0 0.204687 0.836458 0.036458 0.043750
0 0.568750 0.728125 0.050000 0.031250
0 0.833333 0.717187 0.033333 0.048958
0 0.501563 0.202083 0.038542 0.025000
0 0.233333 0.674479 0.054167 0.051042
0 0.388021 0.098437 0.044792 0.051042
0 0.456250 0.661458 0.022917 0.035417
0 0.182292 0.152604 0.035417 0.048958
0 0.436458 0.646875 0.018750 0.035417
0 0.557292 0.638021 0.020833 0.038542
0 0.099479 0.179167 0.023958 0.041667
0 0.832292 0.750000 0.027083 0.037500
0 0.338542 0.301563 0.050000 0.042708
0 0.077604 0.196354 0.026042 0.044792
0 0.583854 0.955729 0.048958 0.030208
0 0.607292 0.681771 0.054167 0.048958
0 0.320312 0.902604 0.048958 0.032292
0 0.654167 0.346354 0.039583 0.028125
0 0.964583 0.361979 0.050000 0.042708
0 0.499479 0.726042 0.038542 0.043750
0 0.456250 0.720313 0.050000 0.042708
0 0.750521 0.955208 0.053125 0.035417
0 0.078125 0.754167 0.050000 0.031250
0 0.253646 0.349479 0.042708 0.051042
0 0.696875 0.509375 0.037500 0.035417
0 0.259375 0.802083 0.041667 0.031250
0 0.640625 0.766146 0.037500 0.019792
0 0.363542 0.309375 0.029167 0.045833
0 0.877083 0.408333 0.047917 0.041667
0 0.614583 0.791146 0.037500 0.038542
0 0.185417 0.902083 0.035417 0.037500
0 0.331250 0.859375 0.020833 0.041667
0 0.206250 0.391146 0.027083 0.040625
0 0.420312 0.222917 0.019792 0.037500
0 0.938542 0.333333 0.035417 0.037500
0 0.641146 0.631771 0.055208 0.042708
0 0.340625 0.307292 0.033333 0.052083
0 0.465625 0.810417 0.025000 0.037500
0 0.659896 0.368750 0.053125 0.043750
0 0.762500 0.447917 0.050000 0.047917
0 0.660937 0.868750 0.046875 0.052083
0 0.790625 0.525521 0.037500 0.044792
0 0.117708 0.195312 0.043750 0.048958
0 0.322917 0.806771 0.047917 0.030208
0 0.668229 0.830208 0.021875 0.043750
0 0.584375 0.105208 0.047917 0.027083
0 0.619271 0.859375 0.036458 0.037500
0 0.889062 0.472396 0.036458 0.046875
0 0.610417 0.375000 0.041667 0.031250
0 0.541667 0.798438 0.052083 0.051042
0 0.391146 0.860938 0.055208 0.040625
0 0.667708 0.820312 0.052083 0.034375
0 0.922396 0.094792 0.038542 0.022917
0 0.910417 0.582812 0.054167 0.036458
0 0.688021 0.578646 0.036458 0.040625
0 0.942708 0.566667 0.052083 0.039583
0 0.247396 0.632812 0.040625 0.051042
0 0.781771 0.621354 0.051042 0.034375
0 0.338542 0.385937 0.043750 0.026042
0 0.555729 0.425521 0.040625 0.051042
0 0.295833 0.351562 0.035417 0.044792
0 0.773438 0.081771 0.034375 0.053125
0 0.566667 0.796875 0.037500 0.047917
0 0.625000 0.117188 0.043750 0.042708
0 0.590104 0.077083 0.030208 0.043750
0 0.205729 0.845313 0.051042 0.040625
0 0.432812 0.969271 0.055208 0.044792
0 0.930729 0.875521 0.040625 0.051042
0 0.754167 0.227604 0.045833 0.026042
0 0.148438 0.692708 0.038542 0.018750
0 0.589063 0.414062 0.048958 0.030208
0 0.683333 0.210417 0.037500 0.047917
0 0.851042 0.564063 0.054167 0.042708
0 0.733333 0.273958 0.029167 0.050000
0 0.073438 0.360417 0.042708 0.047917
0 0.687500 0.882292 0.025000 0.041667
0 0.543750 0.849479 0.054167 0.044792
0 0.467187 0.514062 0.028125 0.048958
0 0.166667 0.469271 0.050000 0.042708
0 0.606250 0.380208 0.043750 0.035417
0 0.703646 0.864062 0.026042 0.040625
0 0.453125 0.818229 0.039583 0.034375
0 0.786979 0.329688 0.051042 0.053125
0 0.498437 0.565625 0.044792 0.052083
0 0.355208 0.945833 0.052083 0.047917
0 0.810417 0.365625 0.033333 0.047917
0 0.318229 0.090104 0.038542 0.019792
0 0.918229 0.839583 0.038542 0.031250
0 0.345313 0.704167 0.038542 0.035417
0 0.444271 0.742708 0.026042 0.039583
0 0.705208 0.434896 0.050000 0.036458
0 0.224479 0.430729 0.021875 0.038542
0 0.080729 0.774479 0.040625 0.023958
0 0.385937 0.540104 0.046875 0.040625
0 0.284896 0.397396 0.046875 0.028125
0 0.676042 0.102604 0.018750 0.036458
0 0.758333 0.947396 0.037500 0.021875
0 0.820312 0.086458 0.053125 0.039583
0 0.672396 0.780729 0.023958 0.040625
0 0.891667 0.317188 0.052083 0.051042
0 0.665625 0.261979 0.050000 0.040625
0 0.286979 0.298438 0.044792 0.042708
0 0.080208 0.209896 0.041667 0.048958
0 0.887500 0.841146 0.043750 0.030208
0 0.789062 0.717187 0.036458 0.046875
0 0.477083 0.863542 0.033333 0.047917
0 0.687500 0.613542 0.047917 0.041667
0 0.549479 0.558333 0.046875 0.045833
0 0.571875 0.195833 0.043750 0.045833
0 0.772917 0.463542 0.045833 0.043750
0 0.700521 0.270833 0.032292 0.052083
0 0.730729 0.243229 0.030208 0.040625
0 0.429167 0.088021 0.037500 0.021875
0 0.916667 0.182292 0.041667 0.047917
0 0.727083 0.209896 0.039583 0.023958
0 0.614062 0.488542 0.042708 0.039583
0 0.742708 0.800521 0.041667 0.048958
0 0.490104 0.607292 0.030208 0.039583
0 0.067708 0.763021 0.029167 0.051042
0 0.481250 0.425000 0.029167 0.045833
0 0.194792 0.382292 0.050000 0.050000
0 0.647917 0.119271 0.052083 0.051042
0 0.889583 0.476042 0.041667 0.029167
0 0.502604 0.181250 0.023958 0.037500
0 0.855208 0.377604 0.050000 0.042708
0 0.510938 0.693229 0.044792 0.032292
0 0.855729 0.081771 0.019792 0.038542
0 0.341667 0.712500 0.035417 0.047917
0 0.290104 0.460417 0.048958 0.050000
0 0.088542 0.233333 0.041667 0.031250
0 0.958333 0.582292 0.050000 0.050000
0 0.882292 0.339062 0.039583 0.034375
0 0.156771 0.255729 0.042708 0.021875
0 0.643229 0.273438 0.044792 0.042708
0 0.288542 0.160938 0.043750 0.042708
0 0.486458 0.604688 0.050000 0.028125
0 0.531771 0.657813 0.030208 0.040625
0 0.552083 0.436458 0.037500 0.033333
0 0.507812 0.111979 0.055208 0.046875
0 0.697396 0.763542 0.034375 0.043750
0 0.695312 0.760417 0.053125 0.047917
0 0.232813 0.835938 0.048958 0.032292
0 0.770312 0.760417 0.046875 0.029167
0 0.315625 0.814063 0.043750 0.042708
0 0.744271 0.390104 0.032292 0.040625
0 0.273958 0.884375 0.041667 0.047917
0 0.345833 0.206250 0.037500 0.035417
0 0.901563 0.754687 0.040625 0.023958
0 0.879167 0.455208 0.033333 0.037500