0 0.346875 0.290625 0.043750 0.035417
0 0.236979 0.576042 0.042708 0.031250
0 0.767708 0.742708 0.020833 0.035417
0 0.778125 0.575000 0.022917 0.039583
0 0.477604 0.207813 0.040625 0.034375
0 0.366667 0.428646 0.045833 0.034375
0 0.777083 0.951042 0.041667 0.039583
0 0.600521 0.842187 0.019792 0.038542
0 0.190625 0.445312 0.029167 0.051042
0 0.123958 0.508333 0.050000 0.033333
0 0.825000 0.356771 0.031250 0.040625
0 0.393750 0.254167 0.052083 0.041667
0 0.790104 0.094271 0.051042 0.044792
0 0.551562 0.156771 0.040625 0.030208
0 0.399479 0.245312 0.044792 0.042708
0 0.467187 0.227083 0.038542 0.031250
0 0.703646 0.905729 0.040625 0.026042
0 0.435417 0.468229 0.035417 0.040625
0 0.386979 0.883854 0.019792 0.038542
0 0.676562 0.283854 0.048958 0.023958
0 0.959896 0.580208 0.046875 0.045833
0 0.963021 0.549479 0.042708 0.021875
0 0.180729 0.400521 0.048958 0.048958
0 0.498437 0.270313 0.053125 0.030208
0 0.575521 0.491667 0.042708 0.054167
0 0.753125 0.376042 0.052083 0.035417
0 0.808854 0.919271 0.044792 0.042708
0 0.892188 0.776042 0.044792 0.052083
0 0.668229 0.670312 0.038542 0.055208
0 0.779167 0.644792 0.029167 0.037500
0 0.523958 0.191667 0.047917 0.027083
0 0.749479 0.206771 0.032292 0.040625
0 0.112500 0.466146 0.050000 0.053125
0 0.117708 0.370312 0.039583 0.032292
0 0.393750 0.734896 0.043750 0.040625
0 0.089063 0.108854 0.040625 0.028125
0 0.576042 0.515104 0.050000 0.036458
0 0.516146 0.241146 0.042708 0.044792
0 0.245312 0.939063 0.048958 0.032292
0 0.759375 0.679167 0.025000 0.043750
0 0.852083 0.562500 0.037500 0.033333
0 0.359896 0.260417 0.040625 0.041667
0 0.367188 0.591146 0.032292 0.048958
0 0.436979 0.779687 0.044792 0.028125
0 0.695833 0.346354 0.025000 0.044792
0 0.609896 0.147396 0.048958 0.028125
0 0.203125 0.257812 0.043750 0.026042
0 0.098437 0.898958 0.048958 0.035417
0 0.733854 0.925000 0.028125 0.039583
0 0.466667 0.915625 0.039583 0.041667
0 0.246354 0.635417 0.036458 0.047917
0 0.817708 0.572396 0.047917 0.048958
0 0.354687 0.564583 0.042708 0.027083
0 0.360417 0.485938 0.050000 0.042708
0 0.278646 0.942187 0.021875 0.042708
0 0.207292 0.966667 0.039583 0.047917
0 0.958333 0.113021 0.043750 0.042708
0 0.475000 0.465625 0.035417 0.052083
0 0.458333 0.416667 0.035417 0.037500
0 0.882812 0.517188 0.048958 0.046875
0 0.338021 0.083854 0.034375 0.046875
0 0.705208 0.295833 0.035417 0.018750
0 0.498958 0.142708 0.047917 0.041667
0 0.230208 0.290625 0.043750 0.052083
0 0.900000 0.683854 0.047917 0.032292
0 0.546354 0.103125 0.053125 0.043750
0 0.398438 0.501042 0.053125 0.037500
0 0.810417 0.234896 0.025000 0.042708
0 0.646875 0.293750 0.029167 0.050000
0 0.957812 0.448437 0.046875 0.036458
0 0.572917 0.667188 0.045833 0.038542
0 0.680208 0.641146 0.052083 0.032292
0 0.686458 0.674479 0.037500 0.040625
0 0.267188 0.564583 0.046875 0.033333
0 0.691667 0.319271 0.027083 0.046875
0 0.189062 0.661979 0.023958 0.040625
0 0.869792 0.482292 0.052083 0.039583
0 0.275000 0.847396 0.045833 0.048958
0 0.372396 0.531250 0.040625 0.047917
0 0.731250 0.373958 0.045833 0.029167
0 0.906771 0.310937 0.038542 0.040625
0 0.452604 0.098958 0.030208 0.039583
0 0.597917 0.186458 0.043750 0.027083
0 0.858333 0.603125 0.052083 0.035417
0 0.282292 0.787500 0.033333 0.043750
0 0.342708 0.573438 0.050000 0.044792
0 0.404167 0.146354 0.031250 0.040625
0 0.282813 0.228125 0.053125 0.039583
0 0.642708 0.371875 0.027083 0.037500
0 0.204167 0.804688 0.047917 0.028125
0 0.426563 0.404167 0.036458 0.043750
0 0.086979 0.892188 0.042708 0.023958
0 0.715625 0.910417 0.037500 0.031250
0 0.958333 0.665625 0.045833 0.052083
0 0.462500 0.638021 0.039583 0.038542
0 0.372917 0.581771 0.043750 0.030208
0 0.871875 0.886979 0.050000 0.053125
0 0.360938 0.409896 0.053125 0.030208
0 0.767188 0.450521 0.053125 0.051042
0 0.793750 0.949479 0.029167 0.046875
0 0.595833 0.844792 0.031250 0.050000
0 0.632812 0.937500 0.044792 0.025000
0 0.130729 0.806771 0.038542 0.021875
0 0.622917 0.605729 0.039583 0.030208
0 0.614583 0.920833 0.037500 0.052083
0 0.867708 0.864583 0.031250 0.045833
0 0.558854 0.714063 0.023958 0.038542
0 0.104688 0.436979 0.026042 0.046875
0 0.096875 0.540625 0.041667 0.031250
0 0.132812 0.173437 0.051042 0.036458
0 0.409375 0.839063 0.054167 0.044792
0 0.102083 0.550000 0.041667 0.029167
0 0.626042 0.447396 0.050000 0.038542
0 0.214062 0.378125 0.044792 0.045833
0 0.582812 0.551042 0.053125 0.035417
0 0.740104 0.152604 0.040625 0.032292
0 0.829688 0.301563 0.040625 0.026042
0 0.238021 0.277604 0.048958 0.046875
0 0.712500 0.212500 0.033333 0.037500
0 0.542188 0.457292 0.030208 0.047917
0 0.201563 0.257812 0.038542 0.040625
0 0.747917 0.779687 0.050000 0.053125
0 0.669271 0.843750 0.036458 0.043750
0 0.192708 0.700521 0.037500 0.044792
0 0.617188 0.384896 0.040625 0.030208
0 0.777083 0.944271 0.039583 0.038542
0 0.086458 0.134375 0.037500 0.029167
0 0.954688 0.490625 0.038542 0.025000
0 0.184375 0.823958 0.037500 0.027083
0 0.738021 0.156250 0.036458 0.047917
0 0.936979 0.690625 0.032292 0.039583
0 0.758854 0.858333 0.030208 0.047917
0 0.390625 0.885417 0.022917 0.039583
0 0.863542 0.364583 0.035417 0.035417
0 0.183854 0.802083 0.040625 0.020833
0 0.192708 0.628646 0.035417 0.048958
0 0.527604 0.573958 0.038542 0.025000
0 0.134375 0.421875 0.035417 0.037500
0 0.723958 0.793229 0.054167 0.040625
0 0.678125 0.106250 0.037500 0.033333
0 0.222917 0.449479 0.033333 0.053125
0 0.523438 0.666667 0.036458 0.043750
0 0.808333 0.094271 0.047917 0.046875
0 0.674479 0.884375 0.042708 0.029167
0 0.777604 0.670833 0.051042 0.050000
0 0.279167 0.211979 0.029167 0.044792
0 0.523958 0.214583 0.033333 0.043750
0 0.329688 0.759375 0.046875 0.029167
0 0.254167 0.827083 0.035417 0.020833
0 0.312500 0.458333 0.041667 0.039583
0 0.622917 0.400521 0.039583 0.026042
0 0.600000 0.945833 0.031250 0.041667
0 0.690104 0.859896 0.044792 0.040625
0 0.171875 0.662500 0.045833 0.031250
0 0.222917 0.370312 0.033333 0.040625
0 0.246875 0.935417 0.045833 0.043750
0 0.142187 0.540625 0.051042 0.050000
0 0.155208 0.111458 0.037500 0.029167
0 0.910417 0.718750 0.050000 0.047917
0 0.835417 0.229167 0.022917 0.037500
0 0.350000 0.425521 0.037500 0.048958
0 0.556771 0.656250 0.048958 0.033333
0 0.495312 0.893229 0.051042 0.040625
0 0.397917 0.633333 0.037500 0.022917
0 0.720313 0.478646 0.055208 0.044792
0 0.194792 0.766667 0.045833 0.043750
0 0.440104 0.896354 0.040625 0.046875
0 0.931771 0.452604 0.038542 0.046875
0 0.154688 0.498437 0.026042 0.046875
0 0.238542 0.377083 0.031250 0.037500
0 0.218750 0.722396 0.043750 0.055208
0 0.552083 0.952604 0.029167 0.044792
0 0.885938 0.457292 0.032292 0.043750
0 0.743229 0.318229 0.040625 0.038542
0 0.736979 0.141667 0.044792 0.022917
0 0.407813 0.592187 0.048958 0.046875
0 0.241146 0.157812 0.021875 0.042708
0 0.228125 0.160417 0.035417 0.037500
0 0.084375 0.764062 0.045833 0.036458
0 0.108854 0.901563 0.055208 0.048958
0 0.079687 0.782813 0.046875 0.034375
0 0.408333 0.597396 0.043750 0.048958
0 0.796354 0.254688 0.038542 0.019792
0 0.486458 0.418229 0.035417 0.048958
0 0.934896 0.848958 0.030208 0.039583
0 0.916667 0.798958 0.043750 0.025000
0 0.270313 0.718750 0.026042 0.041667
0 0.926042 0.551042 0.041667 0.039583
0 0.477083 0.104688 0.020833 0.036458
0 0.466667 0.206250 0.035417 0.043750
0 0.366667 0.635938 0.033333 0.040625
0 0.478646 0.311979 0.055208 0.044792
0 0.802083 0.103125 0.052083 0.045833
0 0.875521 0.794271 0.046875 0.034375
0 0.610417 0.345313 0.043750 0.030208
0 0.778646 0.634896 0.040625 0.044792
0 0.258854 0.359896 0.026042 0.040625
0 0.108854 0.299479 0.044792 0.032292
0 0.344792 0.159896 0.050000 0.053125
0 0.923438 0.246354 0.046875 0.038542
0 0.108854 0.269271 0.030208 0.048958
0 0.169271 0.348438 0.046875 0.055208
0 0.935417 0.812500 0.037500 0.035417
0 0.254167 0.170833 0.041667 0.047917
0 0.575000 0.231771 0.035417 0.040625
0 0.465104 0.660417 0.042708 0.047917
0 0.222917 0.120833 0.031250 0.050000
0 0.899479 0.164583 0.053125 0.035417
0 0.692708 0.333333 0.052083 0.037500
0 0.639583 0.265625 0.052083 0.037500
0 0.634375 0.450000 0.033333 0.047917
0 0.363021 0.122396 0.051042 0.040625
0 0.619271 0.415104 0.046875 0.034375
0 0.177604 0.790625 0.044792 0.045833
0 0.271354 0.935417 0.021875 0.037500
0 0.572917 0.103646 0.043750 0.030208
0 0.267188 0.846875 0.021875 0.037500
0 0.618750 0.504687 0.037500 0.048958
0 0.321354 0.766667 0.046875 0.029167
0 0.798958 0.706771 0.029167 0.051042
0 0.353125 0.795833 0.041667 0.027083
0 0.111979 0.460938 0.026042 0.044792
0 0.330729 0.795312 0.038542 0.023958
0 0.769792 0.800521 0.050000 0.034375
0 0.414583 0.121875 0.029167 0.037500
0 0.518229 0.486458 0.051042 0.050000
0 0.551562 0.174479 0.048958 0.046875
0 0.565625 0.296354 0.047917 0.032292
0 0.667708 0.079167 0.031250 0.050000
0 0.649479 0.415104 0.051042 0.040625
0 0.573958 0.070833 0.050000 0.029167
0 0.698438 0.500521 0.040625 0.028125
0 0.181250 0.891146 0.045833 0.055208
0 0.314583 0.081771 0.050000 0.040625
0 0.519792 0.600000 0.029167 0.045833
0 0.096875 0.082292 0.035417 0.018750
0 0.596354 0.561458 0.042708 0.037500
0 0.546875 0.376042 0.037500 0.022917
0 0.645312 0.547917 0.032292 0.039583
0 0.922917 0.661458 0.037500 0.033333
0 0.722917 0.884375 0.047917 0.027083
0 0.407292 0.190625 0.037500 0.033333
0 0.610417 0.955208 0.027083 0.043750
0 0.078125 0.521354 0.039583 0.028125
0 0.072917 0.438021 0.039583 0.028125
0 0.231250 0.671875 0.035417 0.047917
0 0.654167 0.334375 0.043750 0.025000
0 0.652604 0.718229 0.026042 0.044792
0 0.921354 0.114583 0.036458 0.043750
0 0.777604 0.625000 0.038542 0.047917
0 0.840625 0.654167 0.029167 0.041667
0 0.690625 0.275000 0.025000 0.037500
0 0.761979 0.495312 0.038542 0.046875
0 0.897917 0.405729 0.027083 0.040625
0 0.371875 0.476562 0.045833 0.048958
0 0.682292 0.418750 0.045833 0.027083
0 0.862500 0.613021 0.027083 0.040625
0 0.679688 0.716667 0.038542 0.043750
0 0.970313 0.130208 0.046875 0.052083
0 0.093229 0.182812 0.046875 0.026042
0 0.703646 0.877604 0.040625 0.028125
0 0.394792 0.280729 0.037500 0.040625
0 0.953125 0.790104 0.045833 0.038542
0 0.551562 0.511979 0.040625 0.028125
0 0.926042 0.396875 0.039583 0.041667
0 0.934375 0.242708 0.039583 0.047917
0 0.516667 0.352083 0.043750 0.033333
0 0.108854 0.163021 0.038542 0.046875
0 0.416146 0.615104 0.036458 0.051042
0 0.617188 0.193229 0.044792 0.055208
0 0.795312 0.883854 0.042708 0.044792
0 0.602604 0.126562 0.040625 0.032292
0 0.688021 0.600000 0.040625 0.041667
0 0.365104 0.660937 0.038542 0.021875
0 0.464062 0.216667 0.038542 0.047917
0 0.727604 0.898958 0.053125 0.039583
0 0.132812 0.321875 0.040625 0.041667
0 0.438021 0.393229 0.053125 0.051042
0 0.344792 0.232813 0.047917 0.030208
0 0.123958 0.821875 0.035417 0.020833
0 0.620833 0.745313 0.037500 0.038542
0 0.709896 0.104167 0.032292 0.047917
0 0.209896 0.712500 0.042708 0.029167
0 0.495312 0.906250 0.042708 0.054167
0 0.582292 0.578125 0.037500 0.029167
0 0.192708 0.073958 0.045833 0.029167
0 0.397396 0.229167 0.048958 0.041667
0 0.257812 0.929688 0.051042 0.053125
0 0.241667 0.675521 0.041667 0.055208
0 0.179688 0.235937 0.019792 0.038542
0 0.406250 0.177604 0.041667 0.044792
0 0.577604 0.564063 0.038542 0.055208
0 0.319792 0.077083 0.039583 0.047917
0 0.671354 0.406250 0.053125 0.045833
0 0.258333 0.881250 0.047917 0.039583
0 0.146354 0.655729 0.051042 0.044792
0 0.455729 0.893750 0.038542 0.027083
0 0.628125 0.871875 0.045833 0.045833
0 0.227083 0.484896 0.050000 0.034375
0 0.518229 0.479167 0.038542 0.018750
0 0.317188 0.417187 0.051042 0.038542
0 0.915104 0.681250 0.030208 0.039583
0 0.663021 0.111979 0.044792 0.055208
0 0.795312 0.945833 0.032292 0.039583
0 0.132812 0.680729 0.038542 0.021875
0 0.141667 0.102083 0.037500 0.035417
0 0.743229 0.433854 0.046875 0.032292
0 0.577083 0.582292 0.033333 0.052083
0 0.134896 0.536979 0.042708 0.051042
0 0.488542 0.896875 0.025000 0.037500
0 0.515625 0.456250 0.043750 0.025000
0 0.452083 0.718750 0.031250 0.041667
0 0.270833 0.896354 0.039583 0.048958
0 0.180208 0.530208 0.035417 0.037500
0 0.208333 0.272917 0.022917 0.037500
0 0.100521 0.745313 0.038542 0.038542
0 0.228125 0.200000 0.043750 0.035417
0 0.669792 0.516667 0.045833 0.045833
0 0.917188 0.260937 0.051042 0.026042
0 0.502083 0.249479 0.054167 0.036458
0 0.076042 0.536458 0.029167 0.050000
0 0.961458 0.445312 0.039583 0.036458
0 0.651042 0.515625 0.018750 0.035417
0 0.847396 0.804167 0.040625 0.025000
0 0.118750 0.523958 0.041667 0.029167
0 0.835938 0.283333 0.034375 0.052083
0 0.437500 0.596875 0.035417 0.037500
0 0.380729 0.877604 0.040625 0.019792
0 0.375521 0.412500 0.032292 0.043750
0 0.328646 0.129167 0.046875 0.045833
0 0.616146 0.261458 0.048958 0.037500
0 0.679688 0.408333 0.046875 0.029167
0 0.246354 0.576562 0.040625 0.034375
0 0.413542 0.573438 0.039583 0.055208
0 0.653646 0.838542 0.032292 0.039583
0 0.236458 0.527604 0.054167 0.048958
0 0.609375 0.336979 0.045833 0.036458
0 0.084375 0.773958 0.041667 0.052083
0 0.919792 0.811979 0.020833 0.038542
0 0.533854 0.825521 0.036458 0.051042
0 0.408854 0.766667 0.051042 0.050000
0 0.342187 0.096354 0.044792 0.040625
0 0.728646 0.220833 0.023958 0.037500
0 0.723437 0.786458 0.036458 0.037500
0 0.419792 0.384375 0.045833 0.052083
0 0.305208 0.759375 0.045833 0.052083
0 0.439583 0.227083 0.043750 0.025000
0 0.317188 0.324479 0.044792 0.055208
0 0.969792 0.511979 0.047917 0.055208
0 0.600521 0.249479 0.032292 0.053125
0 0.139583 0.614583 0.025000 0.037500
0 0.921875 0.351562 0.027083 0.046875
0 0.488542 0.467187 0.054167 0.040625
0 0.701562 0.558333 0.051042 0.031250
0 0.413542 0.691146 0.025000 0.046875
0 0.455729 0.782292 0.028125 0.045833
0 0.475000 0.812500 0.043750 0.045833
0 0.115104 0.831250 0.044792 0.033333
0 0.117708 0.259375 0.037500 0.035417
0 0.790104 0.533333 0.036458 0.037500
0 0.786458 0.188542 0.039583 0.020833
0 0.255729 0.284896 0.040625 0.036458
0 0.132812 0.542188 0.053125 0.053125
0 0.861458 0.587500 0.039583 0.041667
0 0.420312 0.418750 0.042708 0.039583
0 0.552083 0.709896 0.039583 0.026042
0 0.127604 0.253646 0.055208 0.040625
0 0.185938 0.205208 0.040625 0.041667
0 0.894792 0.371354 0.054167 0.044792
0 0.410938 0.428646 0.048958 0.032292
0 0.707292 0.951562 0.054167 0.042708
0 0.401562 0.415625 0.048958 0.039583
0 0.697917 0.546875 0.045833 0.031250
0 0.310417 0.668229 0.022917 0.044792
0 0.639062 0.966146 0.040625 0.046875
0 0.309896 0.125521 0.038542 0.040625
0 0.142708 0.829688 0.029167 0.051042
0 0.290104 0.734896 0.042708 0.055208
0 0.205729 0.691667 0.034375 0.043750
0 0.165104 0.090104 0.046875 0.048958
0 0.373437 0.345313 0.036458 0.055208
0 0.788021 0.650000 0.038542 0.035417
0 0.769792 0.318229 0.035417 0.044792
0 0.636458 0.968229 0.043750 0.040625
0 0.142187 0.550000 0.026042 0.050000
0 0.832292 0.655208 0.027083 0.045833
0 0.166146 0.661458 0.032292 0.039583
0 0.352083 0.715104 0.050000 0.034375
0 0.920833 0.099479 0.029167 0.040625
0 0.373437 0.647396 0.046875 0.038542
0 0.847396 0.198958 0.021875 0.041667
0 0.475000 0.968229 0.037500 0.044792
0 0.571875 0.247396 0.039583 0.044792
0 0.068750 0.474479 0.033333 0.053125
0 0.386979 0.078125 0.051042 0.050000
0 0.904687 0.648438 0.038542 0.019792
0 0.873958 0.504167 0.045833 0.052083
0 0.794271 0.758854 0.051042 0.034375
0 0.797917 0.411979 0.039583 0.028125
0 0.667708 0.496875 0.035417 0.037500
0 0.079687 0.847396 0.021875 0.038542
0 0.520833 0.774479 0.047917 0.030208
0 0.466146 0.568229 0.051042 0.040625
0 0.198437 0.744271 0.036458 0.051042
0 0.303125 0.301042 0.033333 0.050000
0 0.720833 0.715625 0.039583 0.041667
0 0.703646 0.645312 0.038542 0.051042
0 0.280729 0.263542 0.044792 0.022917
0 0.463021 0.328646 0.038542 0.051042
0 0.632292 0.498437 0.031250 0.044792
0 0.636979 0.354167 0.038542 0.033333
0 0.142708 0.538021 0.037500 0.044792
0 0.099479 0.919271 0.036458 0.017708
0 0.796875 0.893229 0.043750 0.048958
0 0.297917 0.287500 0.052083 0.041667
0 0.770312 0.556250 0.053125 0.045833
0 0.865625 0.304167 0.041667 0.039583
0 0.642188 0.819792 0.048958 0.037500
0 0.473958 0.851562 0.041667 0.032292
0 0.828646 0.409896 0.028125 0.051042
0 0.080729 0.959375 0.048958 0.039583
0 0.320833 0.808854 0.050000 0.053125
0 0.081250 0.605208 0.045833 0.045833
0 0.529167 0.475000 0.047917 0.041667
0 0.283333 0.230729 0.035417 0.017708
0 0.227604 0.833854 0.044792 0.055208
0 0.935937 0.260937 0.044792 0.042708
0 0.212500 0.590104 0.039583 0.044792
0 0.625000 0.411458 0.047917 0.035417
0 0.822917 0.923958 0.033333 0.043750
0 0.326562 0.680729 0.028125 0.048958
0 0.278125 0.118750 0.029167 0.041667
0 0.152604 0.226562 0.042708 0.055208
0 0.467708 0.807292 0.043750 0.022917
0 0.333333 0.919271 0.027083 0.046875
0 0.295833 0.245833 0.035417 0.037500
0 0.179688 0.497396 0.044792 0.042708
0 0.776042 0.423438 0.037500 0.019792
0 0.666146 0.532292 0.042708 0.031250
0 0.717708 0.652604 0.045833 0.048958
0 0.148438 0.277604 0.044792 0.042708
0 0.545312 0.631250 0.036458 0.052083
0 0.910937 0.761979 0.053125 0.053125
0 0.700000 0.363542 0.043750 0.022917
0 0.494792 0.785937 0.037500 0.038542
0 0.424479 0.441667 0.028125 0.039583
0 0.834375 0.480208 0.052083 0.037500
0 0.762500 0.573438 0.050000 0.053125
0 0.654687 0.721354 0.042708 0.055208
0 0.944271 0.330729 0.051042 0.038542
0 0.294792 0.760417 0.025000 0.043750
0 0.236979 0.202604 0.040625 0.051042
0 0.600521 0.632812 0.055208 0.036458
0 0.582292 0.811458 0.045833 0.045833
0 0.416146 0.902083 0.023958 0.043750
0 0.439583 0.768750 0.020833 0.035417
0 0.562500 0.301042 0.041667 0.041667
0 0.894271 0.193750 0.030208 0.043750
0 0.513542 0.666667 0.037500 0.033333
0 0.839583 0.789583 0.018750 0.035417
0 0.814583 0.155729 0.037500 0.038542
0 0.797396 0.208333 0.038542 0.035417
0 0.915104 0.165104 0.051042 0.044792
0 0.084896 0.253646 0.036458 0.046875
0 0.518750 0.401562 0.050000 0.044792
0 0.429167 0.075000 0.045833 0.029167
0 0.554167 0.341667 0.022917 0.043750
0 0.397396 0.718229 0.051042 0.038542
0 0.164583 0.871354 0.052083 0.032292
0 0.107292 0.738542 0.035417 0.047917
0 0.678125 0.369792 0.045833 0.043750
0 0.771354 0.520833 0.034375 0.047917
0 0.592708 0.585417 0.027083 0.047917
0 0.720833 0.559896 0.025000 0.042708
0 0.641146 0.922917 0.048958 0.033333
0 0.599479 0.119271 0.051042 0.036458
0 0.439063 0.567187 0.048958 0.046875
0 0.093750 0.296354 0.054167 0.036458
0 0.414062 0.571875 0.046875 0.029167
0 0.693229 0.771354 0.026042 0.040625
0 0.261979 0.461458 0.051042 0.050000
0 0.225521 0.343229 0.038542 0.051042
0 0.745833 0.756250 0.037500 0.035417
0 0.962500 0.744271 0.037500 0.040625
0 0.536979 0.341667 0.026042 0.050000
0 0.787500 0.847396 0.043750 0.040625
0 0.203125 0.226562 0.037500 0.048958
0 0.914583 0.554688 0.050000 0.036458
0 0.538542 0.464583 0.041667 0.025000
0 0.854688 0.580208 0.053125 0.037500
0 0.076042 0.611979 0.039583 0.028125
0 0.091146 0.275521 0.042708 0.023958
0 0.637500 0.333333 0.050000 0.033333
0 0.864062 0.882812 0.030208 0.053125
0 0.956250 0.148958 0.037500 0.022917
0 0.148958 0.270833 0.033333 0.037500
0 0.815104 0.323958 0.053125 0.043750
0 0.793750 0.486979 0.050000 0.053125
0 0.168229 0.648438 0.036458 0.051042
0 0.397917 0.108333 0.041667 0.041667
0 0.540625 0.145313 0.035417 0.040625
0 0.458854 0.576562 0.055208 0.040625
0 0.740625 0.172396 0.039583 0.028125
0 0.203125 0.294271 0.031250 0.044792
0 0.638542 0.855729 0.045833 0.036458
0 0.101562 0.067708 0.038542 0.027083
0 0.936458 0.831771 0.045833 0.038542
0 0.464583 0.650000 0.037500 0.031250
0 0.298958 0.613542 0.052083 0.043750
0 0.277604 0.272917 0.042708 0.029167
0 0.833333 0.164583 0.027083 0.047917
0 0.727604 0.405729 0.055208 0.040625
0 0.946875 0.513542 0.037500 0.029167
0 0.493229 0.200521 0.055208 0.044792
0 0.384896 0.286458 0.040625 0.022917
0 0.634896 0.720833 0.042708 0.037500
0 0.883333 0.925000 0.043750 0.025000
0 0.132812 0.922917 0.030208 0.047917
0 0.727083 0.397917 0.027083 0.047917
0 0.473438 0.263021 0.051042 0.044792
0 0.455208 0.595833 0.022917 0.035417
0 0.624479 0.181771 0.034375 0.046875
0 0.657292 0.547396 0.054167 0.048958
0 0.872917 0.394792 0.047917 0.039583
0 0.310937 0.471354 0.032292 0.053125
0 0.578125 0.131250 0.025000 0.043750
0 0.958333 0.803646 0.039583 0.034375
0 0.678646 0.781250 0.036458 0.043750
0 0.697917 0.607812 0.039583 0.034375
0 0.884375 0.570312 0.039583 0.030208
0 0.272917 0.932292 0.039583 0.022917
0 0.755729 0.954688 0.042708 0.044792
0 0.270833 0.686979 0.031250 0.040625
0 0.964583 0.962500 0.045833 0.043750
0 0.251563 0.661979 0.053125 0.034375
0 0.567708 0.136979 0.025000 0.042708
0 0.867708 0.743229 0.033333 0.053125
0 0.264583 0.284896 0.033333 0.053125
0 0.626042 0.137500 0.037500 0.022917
0 0.321354 0.679688 0.030208 0.044792
0 0.331771 0.370312 0.030208 0.040625
0 0.423958 0.320312 0.027083 0.040625
0 0.596354 0.656250 0.036458 0.018750
0 0.925521 0.741667 0.038542 0.033333
0 0.741667 0.623958 0.039583 0.052083
0 0.913542 0.324479 0.054167 0.046875
0 0.838542 0.648958 0.047917 0.039583
0 0.585938 0.733333 0.036458 0.018750
0 0.220312 0.065625 0.038542 0.025000
0 0.930208 0.624479 0.022917 0.040625
0 0.907813 0.156250 0.026042 0.041667
0 0.395313 0.214583 0.053125 0.045833
0 0.120313 0.437500 0.019792 0.039583
0 0.742708 0.837500 0.037500 0.025000
0 0.267188 0.265625 0.044792 0.037500
0 0.602083 0.904167 0.020833 0.039583
0 0.134896 0.321875 0.042708 0.039583
0 0.905729 0.798438 0.036458 0.040625
0 0.272396 0.634896 0.044792 0.032292
0 0.375000 0.195833 0.041667 0.029167
0 0.921875 0.878125 0.045833 0.027083
0 0.130208 0.406250 0.043750 0.045833
0 0.660417 0.914062 0.041667 0.032292
0 0.315625 0.225000 0.027083 0.045833
0 0.521354 0.590104 0.040625 0.038542
0 0.316667 0.473958 0.039583 0.047917
0 0.614062 0.079167 0.036458 0.018750
0 0.207292 0.572917 0.050000 0.033333
0 0.691667 0.153125 0.035417 0.037500
0 0.873958 0.819271 0.043750 0.042708
0 0.795833 0.160938 0.043750 0.030208
0 0.583854 0.402604 0.046875 0.038542
0 0.789062 0.956250 0.046875 0.052083
0 0.456250 0.295833 0.052083 0.035417
0 0.236458 0.235937 0.029167 0.051042
0 0.764062 0.294271 0.040625 0.034375
0 0.614062 0.958333 0.034375 0.052083
0 0.156250 0.637500 0.041667 0.041667
0 0.160938 0.554688 0.038542 0.055208
0 0.814583 0.587500 0.043750 0.035417
0 0.113021 0.342187 0.046875 0.026042
0 0.967187 0.714063 0.051042 0.036458
0 0.275521 0.842708 0.042708 0.027083
0 0.423438 0.644271 0.040625 0.023958
0 0.403125 0.869792 0.022917 0.039583
0 0.370312 0.960417 0.038542 0.033333
0 0.201042 0.964063 0.045833 0.036458
0 0.548958 0.447917 0.041667 0.052083
0 0.528125 0.752604 0.052083 0.034375
0 0.220312 0.416146 0.040625 0.026042
0 0.522917 0.273438 0.054167 0.048958
0 0.806250 0.496354 0.027083 0.042708
0 0.622917 0.690625 0.043750 0.031250
0 0.557292 0.089063 0.045833 0.026042
0 0.956771 0.482292 0.038542 0.043750
0 0.802083 0.459896 0.018750 0.036458
0 0.922396 0.580729 0.044792 0.040625
0 0.061458 0.296354 0.018750 0.036458
0 0.293750 0.905729 0.039583 0.048958
0 0.579167 0.082812 0.037500 0.044792
0 0.800521 0.156771 0.046875 0.038542
0 0.438021 0.117708 0.051042 0.031250
0 0.279687 0.838021 0.023958 0.040625
0 0.220833 0.633333 0.018750 0.035417
0 0.205208 0.724479 0.022917 0.040625
0 0.177604 0.330208 0.042708 0.031250
0 0.216146 0.538542 0.042708 0.031250
0 0.276562 0.938542 0.023958 0.041667
0 0.229167 0.920312 0.050000 0.044792
0 0.094792 0.729167 0.047917 0.050000
0 0.620313 0.507292 0.042708 0.054167
0 0.837500 0.201042 0.047917 0.039583
0 0.471875 0.716146 0.050000 0.040625
0 0.856771 0.940104 0.023958 0.038542
0 0.337500 0.397396 0.050000 0.040625