0 0.566146 0.634375 0.044792 0.045833
0 0.954167 0.809375 0.043750 0.052083
0 0.781250 0.729167 0.020833 0.039583
0 0.807813 0.554688 0.042708 0.044792
0 0.771354 0.539583 0.038542 0.047917
0 0.471875 0.478125 0.050000 0.050000
0 0.281250 0.110937 0.033333 0.053125
0 0.531771 0.952604 0.048958 0.028125
0 0.365104 0.544792 0.053125 0.039583
0 0.747396 0.834375 0.030208 0.050000
0 0.536979 0.311458 0.034375 0.043750
0 0.800521 0.389583 0.053125 0.045833
0 0.820833 0.931771 0.043750 0.030208
0 0.530729 0.712500 0.036458 0.047917
0 0.892708 0.641667 0.037500 0.029167
0 0.591146 0.681771 0.030208 0.048958
0 0.173958 0.651563 0.041667 0.048958
0 0.465625 0.083854 0.050000 0.042708
0 0.611979 0.830729 0.019792 0.038542
0 0.678646 0.559896 0.051042 0.044792
0 0.296354 0.769792 0.051042 0.050000
0 0.385417 0.314583 0.025000 0.041667
0 0.591146 0.082292 0.028125 0.045833
0 0.177083 0.949479 0.045833 0.048958
0 0.801562 0.254167 0.042708 0.031250
0 0.523438 0.361458 0.036458 0.043750
0 0.355208 0.725000 0.047917 0.041667
0 0.152604 0.266667 0.053125 0.045833
0 0.354687 0.191146 0.048958 0.028125
0 0.548438 0.422917 0.042708 0.025000
0 0.827604 0.603125 0.048958 0.052083
0 0.652083 0.238021 0.039583 0.053125
0 0.482292 0.227083 0.043750 0.052083
0 0.961979 0.093750 0.044792 0.052083
0 0.720833 0.326562 0.043750 0.042708
0 0.275521 0.306250 0.040625 0.041667
0 0.829688 0.516667 0.042708 0.047917
0 0.449479 0.828125 0.040625 0.041667
0 0.819271 0.441146 0.038542 0.046875
0 0.526042 0.311458 0.037500 0.033333
0 0.232813 0.400000 0.021875 0.039583
0 0.158854 0.503646 0.055208 0.048958
0 0.542708 0.192708 0.033333 0.037500
0 0.540104 0.851562 0.023958 0.042708
0 0.431250 0.467187 0.045833 0.023958
0 0.815104 0.318750 0.044792 0.025000
0 0.372396 0.629687 0.036458 0.046875
0 0.597396 0.901042 0.036458 0.052083
0 0.838542 0.741667 0.045833 0.027083
0 0.480208 0.219271 0.041667 0.048958
0 0.394792 0.351562 0.050000 0.028125
0 0.676042 0.872396 0.039583 0.036458
0 0.845313 0.168229 0.046875 0.036458
0 0.179167 0.204167 0.041667 0.039583
0 0.103646 0.419271 0.040625 0.023958
0 0.757812 0.702604 0.048958 0.032292
0 0.600000 0.151042 0.037500 0.031250
0 0.530729 0.951562 0.026042 0.046875
0 0.315625 0.098958 0.052083 0.039583
0 0.170313 0.094792 0.048958 0.039583
0 0.385937 0.318229 0.046875 0.028125
0 0.161979 0.411979 0.044792 0.042708
0 0.302083 0.860938 0.031250 0.051042
0 0.620313 0.729167 0.034375 0.039583
0 0.911979 0.398958 0.048958 0.027083
0 0.659896 0.440104 0.042708 0.044792
0 0.254688 0.689583 0.048958 0.041667
0 0.951562 0.075521 0.034375 0.040625
0 0.489583 0.198958 0.033333 0.037500
0 0.781250 0.543229 0.043750 0.042708
0 0.700521 0.102083 0.046875 0.052083
0 0.396354 0.850000 0.032292 0.052083
0 0.535417 0.931771 0.041667 0.042708
0 0.742708 0.443750 0.047917 0.033333
0 0.498437 0.546875 0.036458 0.047917
0 0.738021 0.788021 0.038542 0.051042
0 0.837500 0.228646 0.039583 0.036458
0 0.295833 0.927083 0.025000 0.037500
0 0.190625 0.620833 0.039583 0.041667
0 0.533854 0.802083 0.038542 0.035417
0 0.969271 0.116667 0.051042 0.050000
0 0.276562 0.701042 0.040625 0.020833
0 0.331250 0.267188 0.047917 0.046875
0 0.566667 0.407813 0.043750 0.055208
0 0.160938 0.418750 0.046875 0.031250
0 0.900000 0.193229 0.045833 0.040625
0 0.157292 0.246875 0.037500 0.033333
0 0.505729 0.382292 0.053125 0.045833
0 0.849479 0.567187 0.046875 0.048958
0 0.217708 0.205208 0.029167 0.037500
0 0.844271 0.941146 0.046875 0.055208
0 0.134375 0.492188 0.020833 0.036458
0 0.900521 0.652604 0.040625 0.046875
0 0.283333 0.893229 0.025000 0.046875
0 0.162500 0.838542 0.031250 0.050000
0 0.073438 0.426563 0.036458 0.055208
0 0.330729 0.572396 0.044792 0.028125
0 0.106771 0.746875 0.038542 0.033333
0 0.552604 0.628125 0.038542 0.052083
0 0.233854 0.942187 0.040625 0.055208
0 0.079687 0.259375 0.040625 0.041667
0 0.963542 0.735417 0.047917 0.039583
0 0.703646 0.154688 0.032292 0.044792
0 0.078125 0.413542 0.031250 0.037500
0 0.927083 0.143750 0.037500 0.027083
0 0.701562 0.777604 0.055208 0.036458
0 0.155208 0.947917 0.025000 0.043750
0 0.897917 0.084375 0.022917 0.037500
0 0.806250 0.118750 0.033333 0.045833
0 0.329688 0.621354 0.051042 0.044792
0 0.834896 0.174479 0.028125 0.051042
0 0.438542 0.358854 0.047917 0.028125
0 0.250521 0.576562 0.028125 0.044792
0 0.442188 0.685417 0.036458 0.043750
0 0.899479 0.363021 0.034375 0.040625
0 0.718750 0.652604 0.043750 0.042708
0 0.592708 0.876042 0.027083 0.045833
0 0.223438 0.190104 0.055208 0.046875
0 0.431250 0.505208 0.052083 0.037500
0 0.931771 0.072917 0.042708 0.029167
0 0.542188 0.627604 0.028125 0.051042
0 0.270833 0.633333 0.043750 0.027083
0 0.960938 0.272396 0.040625 0.030208
0 0.746354 0.190625 0.046875 0.022917
0 0.379167 0.550000 0.039583 0.041667
0 0.559896 0.557292 0.038542 0.027083
0 0.116146 0.413021 0.040625 0.055208
0 0.132812 0.762500 0.034375 0.039583
0 0.814063 0.792188 0.023958 0.042708
0 0.688542 0.114583 0.027083 0.037500
0 0.545312 0.111979 0.026042 0.046875
0 0.547396 0.154167 0.042708 0.029167
0 0.854167 0.424479 0.052083 0.032292
0 0.523438 0.474479 0.046875 0.026042
0 0.905208 0.805729 0.045833 0.038542
0 0.379688 0.083333 0.044792 0.052083
0 0.262500 0.240104 0.043750 0.040625
0 0.312500 0.486979 0.027083 0.042708
0 0.407292 0.202604 0.029167 0.044792
0 0.169271 0.096875 0.030208 0.039583
0 0.357292 0.457813 0.039583 0.030208
0 0.872917 0.752604 0.045833 0.023958
0 0.715625 0.275000 0.022917 0.037500
0 0.818229 0.256771 0.051042 0.053125
0 0.175521 0.884896 0.046875 0.038542
0 0.660417 0.477604 0.035417 0.040625
0 0.798958 0.645312 0.025000 0.038542
0 0.368229 0.960417 0.038542 0.043750
0 0.168750 0.744271 0.039583 0.044792
0 0.115104 0.216146 0.032292 0.044792
0 0.693750 0.899479 0.029167 0.046875
0 0.650000 0.409896 0.027083 0.042708
0 0.776563 0.494792 0.026042 0.039583
0 0.079167 0.704167 0.050000 0.050000
0 0.075000 0.178646 0.039583 0.034375
0 0.506250 0.674479 0.047917 0.053125
0 0.386458 0.892188 0.039583 0.023958
0 0.372396 0.131771 0.036458 0.040625
0 0.384896 0.474479 0.042708 0.023958
0 0.796354 0.389583 0.044792 0.022917
0 0.901042 0.671875 0.041667 0.025000
0 0.933333 0.208854 0.031250 0.053125
0 0.955729 0.302083 0.038542 0.043750
0 0.365625 0.384375 0.047917 0.027083
0 0.785937 0.328125 0.048958 0.039583
0 0.674479 0.261979 0.040625 0.051042
0 0.870833 0.275000 0.052083 0.043750
0 0.590104 0.193750 0.040625 0.020833
0 0.704688 0.726042 0.026042 0.047917
0 0.619792 0.834896 0.035417 0.040625
0 0.190625 0.591667 0.027083 0.041667
0 0.194792 0.723437 0.037500 0.044792
0 0.926042 0.446354 0.027083 0.040625
0 0.647396 0.306771 0.040625 0.038542
0 0.438021 0.134375 0.044792 0.047917
0 0.332813 0.446354 0.040625 0.051042
0 0.525521 0.452604 0.034375 0.051042
0 0.668229 0.738542 0.048958 0.039583
0 0.747917 0.300000 0.027083 0.037500
0 0.383854 0.731250 0.044792 0.025000
0 0.419792 0.624479 0.035417 0.044792
0 0.904687 0.087500 0.040625 0.041667
0 0.146354 0.197917 0.030208 0.039583
0 0.870833 0.323958 0.045833 0.045833
0 0.769792 0.272917 0.047917 0.035417
0 0.489063 0.720833 0.040625 0.043750
0 0.927604 0.380729 0.044792 0.055208
0 0.758854 0.125521 0.040625 0.034375
0 0.598437 0.126042 0.042708 0.029167
0 0.803125 0.785417 0.037500 0.047917
0 0.501042 0.592187 0.054167 0.046875
0 0.604688 0.456771 0.040625 0.026042
0 0.337500 0.703646 0.033333 0.040625
0 0.422917 0.086979 0.033333 0.040625
0 0.465104 0.173437 0.032292 0.046875
0 0.942187 0.589583 0.048958 0.052083
0 0.294792 0.860938 0.054167 0.046875
0 0.877083 0.350000 0.050000 0.029167
0 0.544792 0.554688 0.047917 0.046875
0 0.666146 0.285938 0.055208 0.042708
0 0.955208 0.806771 0.031250 0.044792
0 0.898958 0.810417 0.050000 0.031250
0 0.257292 0.088021 0.035417 0.053125
0 0.307812 0.426042 0.023958 0.041667
0 0.417187 0.367708 0.046875 0.045833
0 0.089063 0.540625 0.044792 0.033333
0 0.743229 0.218750 0.034375 0.047917
0 0.343229 0.462500 0.040625 0.020833
0 0.286458 0.857292 0.052083 0.047917
0 0.185417 0.838542 0.039583 0.025000
0 0.767708 0.660417 0.045833 0.043750
0 0.323437 0.411458 0.048958 0.025000
0 0.386458 0.716146 0.037500 0.038542
0 0.861458 0.667708 0.025000 0.047917
0 0.128125 0.391146 0.039583 0.048958
0 0.400521 0.133333 0.042708 0.031250
0 0.932292 0.884375 0.027083 0.041667
0 0.565104 0.825521 0.034375 0.053125
0 0.169271 0.948958 0.026042 0.039583
0 0.651563 0.361458 0.030208 0.043750
0 0.495312 0.952083 0.051042 0.050000
0 0.745313 0.425000 0.038542 0.025000
0 0.475521 0.552083 0.042708 0.025000
0 0.184375 0.540104 0.039583 0.055208
0 0.810417 0.704167 0.037500 0.047917
0 0.527083 0.129688 0.037500 0.038542
0 0.171875 0.627604 0.041667 0.044792
0 0.809896 0.173437 0.034375 0.040625
0 0.370833 0.082292 0.039583 0.047917
0 0.348958 0.333854 0.039583 0.036458
0 0.121354 0.567187 0.026042 0.040625
0 0.329688 0.817708 0.046875 0.043750
0 0.157812 0.290625 0.021875 0.039583
0 0.342708 0.471875 0.052083 0.043750
0 0.673958 0.125521 0.033333 0.044792
0 0.121354 0.925000 0.038542 0.025000
0 0.484375 0.643229 0.054167 0.048958
0 0.269271 0.127604 0.046875 0.048958
0 0.104688 0.442188 0.040625 0.036458
0 0.530729 0.468229 0.038542 0.019792
0 0.459375 0.180729 0.037500 0.038542
0 0.608333 0.585417 0.041667 0.039583
0 0.505729 0.576562 0.046875 0.036458
0 0.801562 0.646875 0.053125 0.045833
0 0.541146 0.151562 0.053125 0.030208
0 0.722917 0.139583 0.022917 0.035417
0 0.291146 0.144271 0.040625 0.036458
0 0.390104 0.201563 0.044792 0.028125
0 0.967187 0.513542 0.046875 0.031250
0 0.084896 0.307812 0.042708 0.023958
0 0.303125 0.189583 0.022917 0.045833
0 0.083854 0.800000 0.030208 0.043750
0 0.419792 0.814583 0.035417 0.043750
0 0.384896 0.296354 0.028125 0.040625
0 0.469271 0.491146 0.023958 0.038542
0 0.364583 0.572917 0.029167 0.037500
0 0.385937 0.517188 0.051042 0.038542
0 0.457292 0.658854 0.050000 0.028125
0 0.365104 0.415625 0.038542 0.043750
0 0.735938 0.640625 0.034375 0.039583
0 0.621875 0.623958 0.043750 0.045833
0 0.571875 0.163021 0.050000 0.038542
0 0.292708 0.558333 0.029167 0.045833
0 0.500521 0.794271 0.023958 0.046875
0 0.203125 0.688021 0.041667 0.021875
0 0.801042 0.668229 0.033333 0.048958
0 0.379167 0.514583 0.031250 0.050000
0 0.221354 0.698438 0.021875 0.038542
0 0.884375 0.807292 0.027083 0.047917
0 0.533854 0.415625 0.038542 0.027083
0 0.721875 0.161979 0.039583 0.032292
0 0.665104 0.144792 0.030208 0.047917
0 0.484375 0.492188 0.045833 0.048958
0 0.463542 0.880729 0.050000 0.028125
0 0.271875 0.697917 0.047917 0.027083
0 0.766667 0.217188 0.045833 0.034375
0 0.563542 0.401562 0.027083 0.051042
0 0.111979 0.553125 0.038542 0.033333
0 0.298958 0.801042 0.045833 0.045833
0 0.465104 0.950521 0.034375 0.040625
0 0.934375 0.735938 0.054167 0.048958
0 0.423958 0.601562 0.054167 0.040625
0 0.077083 0.248958 0.047917 0.039583
0 0.296354 0.234896 0.046875 0.038542
0 0.250000 0.369792 0.047917 0.037500
0 0.908854 0.763542 0.042708 0.029167
0 0.139063 0.507812 0.034375 0.040625
0 0.741146 0.863021 0.034375 0.051042
0 0.618750 0.841146 0.047917 0.048958
0 0.890104 0.719792 0.042708 0.031250
0 0.889062 0.096354 0.021875 0.038542
0 0.918750 0.869271 0.045833 0.036458
0 0.256771 0.167708 0.036458 0.020833
0 0.684375 0.148958 0.045833 0.029167
0 0.783854 0.639583 0.021875 0.043750
0 0.300000 0.406250 0.052083 0.035417
0 0.501042 0.651563 0.043750 0.042708
0 0.606250 0.797917 0.035417 0.052083
0 0.188021 0.264062 0.038542 0.019792
0 0.486458 0.848958 0.037500 0.027083
0 0.567708 0.864062 0.043750 0.032292
0 0.961979 0.650000 0.053125 0.047917
0 0.725521 0.811458 0.042708 0.025000
0 0.658333 0.235417 0.052083 0.043750
0 0.123958 0.278125 0.035417 0.037500
0 0.165625 0.145313 0.047917 0.048958
0 0.906250 0.110417 0.037500 0.031250
0 0.806250 0.150000 0.043750 0.052083
0 0.616146 0.118750 0.028125 0.043750
0 0.266667 0.372396 0.025000 0.038542
0 0.594271 0.190104 0.046875 0.040625
0 0.505729 0.930208 0.042708 0.033333
0 0.234896 0.602083 0.044792 0.035417
0 0.135417 0.723958 0.029167 0.050000
0 0.345833 0.733333 0.031250 0.050000
0 0.183854 0.843229 0.051042 0.030208
0 0.736979 0.841146 0.048958 0.034375
0 0.421875 0.073958 0.031250 0.037500
0 0.737500 0.890625 0.045833 0.029167
0 0.851562 0.310417 0.021875 0.039583
0 0.151042 0.182292 0.043750 0.022917
0 0.677083 0.470313 0.039583 0.026042
0 0.316146 0.416146 0.023958 0.038542
0 0.800000 0.371875 0.037500 0.031250
0 0.553125 0.545312 0.029167 0.046875
0 0.577083 0.726042 0.033333 0.050000
0 0.164583 0.768229 0.029167 0.044792
0 0.517188 0.560937 0.040625 0.023958
0 0.779167 0.231250 0.039583 0.041667
0 0.246354 0.519271 0.046875 0.038542
0 0.574479 0.813542 0.040625 0.025000
0 0.559375 0.857292 0.037500 0.027083
0 0.607292 0.444792 0.039583 0.052083
0 0.278646 0.361979 0.040625 0.034375
0 0.368229 0.335938 0.055208 0.038542
0 0.485417 0.599479 0.031250 0.040625
0 0.428125 0.326562 0.054167 0.048958
0 0.213542 0.429688 0.045833 0.023958
0 0.692187 0.917708 0.044792 0.035417
0 0.647917 0.086458 0.037500 0.041667
0 0.588542 0.202604 0.043750 0.040625
0 0.744792 0.339583 0.033333 0.037500
0 0.698438 0.204167 0.038542 0.035417
0 0.315625 0.636458 0.037500 0.029167
0 0.971354 0.797917 0.048958 0.041667
0 0.356771 0.786979 0.055208 0.046875
0 0.965104 0.341146 0.034375 0.040625
0 0.737500 0.735938 0.029167 0.040625
0 0.708333 0.723437 0.045833 0.040625
0 0.285938 0.262500 0.036458 0.037500
0 0.928646 0.123958 0.036458 0.043750
0 0.422396 0.734375 0.034375 0.052083
0 0.694792 0.300521 0.041667 0.042708
0 0.105208 0.448958 0.027083 0.037500
0 0.086458 0.589583 0.041667 0.025000
0 0.636458 0.800000 0.022917 0.039583
0 0.942187 0.675521 0.040625 0.030208
0 0.108333 0.798438 0.025000 0.038542
0 0.328125 0.617188 0.029167 0.051042
0 0.711458 0.872396 0.027083 0.040625