0 0.771875 0.766146 0.037500 0.048958
0 0.490104 0.474479 0.030208 0.053125
0 0.249479 0.670312 0.046875 0.038542
0 0.544271 0.772396 0.042708 0.051042
0 0.678125 0.514062 0.033333 0.040625
0 0.952604 0.760938 0.044792 0.040625
0 0.205729 0.685937 0.021875 0.038542
0 0.649479 0.574479 0.040625 0.030208
0 0.731771 0.688021 0.034375 0.040625
0 0.130729 0.920312 0.044792 0.028125
0 0.606771 0.758333 0.036458 0.018750
0 0.910417 0.700000 0.050000 0.031250
0 0.344792 0.244271 0.035417 0.044792
0 0.208854 0.324479 0.053125 0.034375
0 0.281250 0.430729 0.039583 0.055208
0 0.837500 0.464062 0.039583 0.026042
0 0.237500 0.589583 0.033333 0.043750
0 0.407813 0.677604 0.055208 0.048958
0 0.697396 0.171354 0.044792 0.026042
0 0.467708 0.682292 0.043750 0.033333
0 0.313542 0.081250 0.041667 0.039583
0 0.920312 0.670833 0.038542 0.025000
0 0.281250 0.358333 0.031250 0.045833
0 0.658854 0.622917 0.053125 0.041667
0 0.563021 0.497396 0.023958 0.042708
0 0.752083 0.903125 0.037500 0.027083
0 0.716146 0.505208 0.036458 0.020833
0 0.634896 0.537500 0.038542 0.027083
0 0.931250 0.759896 0.033333 0.044792
0 0.733333 0.174479 0.035417 0.048958
0 0.130729 0.416146 0.046875 0.034375
0 0.253646 0.661458 0.046875 0.045833
0 0.263542 0.876042 0.047917 0.052083
0 0.566146 0.379167 0.034375 0.052083
0 0.261979 0.082292 0.051042 0.050000
0 0.150521 0.945833 0.044792 0.047917
0 0.239583 0.125000 0.033333 0.037500
0 0.814063 0.532292 0.040625 0.020833
0 0.717708 0.397396 0.050000 0.042708
0 0.245833 0.103125 0.037500 0.043750
0 0.239583 0.682292 0.031250 0.037500
0 0.628125 0.704688 0.050000 0.044792
0 0.307292 0.517708 0.037500 0.047917
0 0.770312 0.906250 0.038542 0.047917
0 0.132292 0.274479 0.033333 0.040625
0 0.636979 0.609896 0.038542 0.055208
0 0.750521 0.747396 0.051042 0.055208
0 0.102083 0.333854 0.050000 0.040625
0 0.905729 0.183333 0.040625 0.041667
0 0.583854 0.488542 0.030208 0.050000
0 0.764062 0.207813 0.044792 0.030208
0 0.307812 0.686979 0.030208 0.053125
0 0.879167 0.290625 0.037500 0.025000
0 0.417708 0.866667 0.037500 0.031250
0 0.787500 0.614062 0.043750 0.042708
0 0.728125 0.760938 0.031250 0.053125
0 0.676042 0.557292 0.035417 0.018750
0 0.702083 0.922396 0.027083 0.042708
0 0.657813 0.925000 0.030208 0.050000
0 0.531771 0.279687 0.040625 0.036458
0 0.871875 0.203125 0.035417 0.037500
0 0.101562 0.140104 0.055208 0.048958
0 0.442188 0.840104 0.019792 0.040625
0 0.973437 0.333854 0.051042 0.053125
0 0.591667 0.756250 0.029167 0.045833
0 0.656771 0.595313 0.036458 0.051042
0 0.078646 0.171875 0.028125 0.039583
0 0.076042 0.273438 0.020833 0.040625
0 0.948438 0.915104 0.026042 0.051042
0 0.205729 0.120313 0.038542 0.040625
0 0.857292 0.944271 0.045833 0.038542
0 0.656250 0.558333 0.050000 0.029167
0 0.939063 0.715625 0.042708 0.047917
0 0.611979 0.888021 0.044792 0.030208
0 0.529687 0.865104 0.040625 0.055208
0 0.104167 0.864583 0.033333 0.050000
0 0.481771 0.339583 0.026042 0.045833
0 0.484896 0.207813 0.028125 0.051042
0 0.525000 0.287500 0.052083 0.039583
0 0.933333 0.670312 0.037500 0.038542
0 0.835417 0.768750 0.025000 0.043750
0 0.613021 0.313542 0.040625 0.041667
0 0.313542 0.106250 0.041667 0.025000
0 0.381771 0.533333 0.028125 0.045833
0 0.327083 0.231250 0.047917 0.052083
0 0.587500 0.173437 0.039583 0.028125
0 0.842708 0.655208 0.047917 0.025000
0 0.349479 0.370833 0.032292 0.052083
0 0.255729 0.454167 0.032292 0.039583
0 0.786458 0.465104 0.052083 0.030208
0 0.511458 0.207292 0.041667 0.039583
0 0.385417 0.291667 0.052083 0.035417
0 0.761979 0.836979 0.055208 0.036458
0 0.532292 0.180208 0.045833 0.052083
0 0.600521 0.379688 0.040625 0.036458
0 0.359896 0.334896 0.021875 0.042708
0 0.406250 0.801042 0.037500 0.035417
0 0.924479 0.104688 0.032292 0.053125
0 0.632292 0.964583 0.037500 0.033333
0 0.473958 0.962500 0.031250 0.037500
0 0.864583 0.130729 0.039583 0.053125
0 0.834375 0.098437 0.029167 0.046875
0 0.617188 0.682292 0.048958 0.039583
0 0.457813 0.434896 0.053125 0.030208
0 0.860417 0.781250 0.029167 0.045833
0 0.950521 0.080208 0.051042 0.033333
0 0.548958 0.652083 0.033333 0.047917
0 0.724479 0.720313 0.048958 0.046875
0 0.725000 0.548958 0.037500 0.031250
0 0.515104 0.641667 0.053125 0.037500
0 0.539583 0.819271 0.041667 0.044792
0 0.951042 0.654167 0.050000 0.050000
0 0.489583 0.846354 0.039583 0.023958
0 0.208333 0.325000 0.047917 0.037500
0 0.322396 0.266667 0.038542 0.047917
0 0.544792 0.678646 0.031250 0.044792
0 0.130208 0.802083 0.035417 0.037500
0 0.581771 0.868229 0.044792 0.051042
0 0.153646 0.188021 0.048958 0.028125
0 0.114062 0.370833 0.034375 0.039583
0 0.535417 0.491667 0.045833 0.031250
0 0.157292 0.312500 0.045833 0.031250
0 0.691146 0.571354 0.051042 0.042708
0 0.383854 0.920312 0.030208 0.053125
0 0.691146 0.642188 0.023958 0.040625
0 0.255208 0.718229 0.050000 0.044792
0 0.871354 0.626563 0.040625 0.036458
0 0.142708 0.595313 0.027083 0.040625
0 0.851562 0.865625 0.040625 0.047917
0 0.143229 0.661458 0.042708 0.039583
0 0.547917 0.822396 0.043750 0.042708
0 0.900521 0.632292 0.051042 0.050000
0 0.509896 0.929688 0.048958 0.028125
0 0.909896 0.330729 0.044792 0.040625
0 0.489583 0.832292 0.029167 0.045833
0 0.234375 0.635938 0.045833 0.034375
0 0.812500 0.128125 0.025000 0.037500
0 0.799479 0.910417 0.044792 0.045833
0 0.713021 0.372917 0.032292 0.039583
0 0.284375 0.618229 0.050000 0.042708
0 0.519271 0.560937 0.055208 0.036458
0 0.299479 0.300000 0.028125 0.039583
0 0.343229 0.682292 0.026042 0.039583
0 0.344792 0.733854 0.039583 0.023958
0 0.449479 0.908854 0.034375 0.051042
0 0.128125 0.187500 0.025000 0.047917
0 0.471875 0.738021 0.029167 0.040625
0 0.230208 0.365625 0.029167 0.045833
0 0.691146 0.786979 0.038542 0.046875
0 0.277604 0.901563 0.040625 0.055208
0 0.796354 0.403125 0.034375 0.037500
0 0.858333 0.684896 0.050000 0.042708
0 0.805729 0.267188 0.028125 0.051042
0 0.119792 0.750521 0.054167 0.036458
0 0.577083 0.945833 0.035417 0.052083
0 0.213542 0.570833 0.047917 0.041667
0 0.411979 0.157292 0.051042 0.031250
0 0.889062 0.258854 0.036458 0.055208
0 0.760938 0.272917 0.028125 0.045833
0 0.317188 0.186979 0.026042 0.040625
0 0.446875 0.684375 0.050000 0.031250
0 0.421875 0.675521 0.047917 0.053125
0 0.300521 0.955729 0.046875 0.038542
0 0.838021 0.563021 0.023958 0.046875
0 0.545833 0.216146 0.050000 0.026042
0 0.225000 0.897917 0.045833 0.045833
0 0.186458 0.804167 0.041667 0.029167
0 0.585417 0.855208 0.047917 0.050000
0 0.693229 0.510417 0.046875 0.052083
0 0.695833 0.520312 0.022917 0.040625
0 0.845313 0.738542 0.023958 0.047917
0 0.456771 0.676042 0.044792 0.052083
0 0.868750 0.632292 0.047917 0.039583
0 0.757812 0.873437 0.038542 0.051042
0 0.326042 0.184375 0.041667 0.025000
0 0.155208 0.897396 0.037500 0.053125
0 0.368229 0.296354 0.055208 0.048958
0 0.112500 0.356250 0.039583 0.022917
0 0.122396 0.745833 0.051042 0.050000
0 0.455729 0.731771 0.021875 0.042708
0 0.585938 0.712500 0.051042 0.031250
0 0.876042 0.457813 0.039583 0.048958
0 0.540104 0.265104 0.042708 0.051042
0 0.336979 0.659375 0.036458 0.037500
0 0.926042 0.356250 0.025000 0.047917
0 0.419792 0.512500 0.031250 0.043750
0 0.142187 0.455208 0.053125 0.043750
0 0.939063 0.936458 0.038542 0.033333
0 0.355208 0.167708 0.029167 0.041667
0 0.786979 0.168229 0.042708 0.021875
0 0.236458 0.158854 0.045833 0.036458
0 0.557292 0.145313 0.052083 0.030208
0 0.747396 0.490104 0.019792 0.040625
0 0.688021 0.121354 0.051042 0.053125
0 0.286458 0.088021 0.045833 0.023958
0 0.282292 0.632292 0.025000 0.041667
0 0.681771 0.557813 0.042708 0.021875
0 0.368229 0.398958 0.046875 0.052083
0 0.294271 0.102604 0.026042 0.046875
0 0.554688 0.076042 0.042708 0.025000
0 0.406771 0.536458 0.048958 0.041667
0 0.079167 0.246354 0.029167 0.044792
0 0.874479 0.270313 0.046875 0.038542
0 0.573958 0.085938 0.037500 0.038542
0 0.385937 0.792708 0.036458 0.022917
0 0.843229 0.573438 0.040625 0.055208
0 0.312500 0.585938 0.041667 0.032292
0 0.080729 0.545312 0.040625 0.036458
0 0.288021 0.480208 0.040625 0.022917
0 0.446354 0.446875 0.044792 0.052083
0 0.811979 0.115625 0.042708 0.037500
0 0.285417 0.680208 0.037500 0.022917
0 0.870313 0.779687 0.032292 0.040625
0 0.482292 0.604688 0.047917 0.053125
0 0.288021 0.532813 0.032292 0.048958
0 0.215625 0.727604 0.029167 0.048958
0 0.693750 0.793229 0.037500 0.044792
0 0.248958 0.248958 0.035417 0.037500
0 0.175000 0.702083 0.045833 0.027083
0 0.785417 0.800000 0.029167 0.041667
0 0.371354 0.693750 0.034375 0.052083
0 0.368750 0.367708 0.035417 0.047917
0 0.570833 0.716146 0.020833 0.036458
0 0.200521 0.670833 0.023958 0.037500
0 0.536979 0.414062 0.040625 0.032292
0 0.592708 0.900000 0.037500 0.035417
0 0.901042 0.784896 0.031250 0.040625
0 0.304688 0.188021 0.051042 0.042708
0 0.869792 0.233854 0.041667 0.042708
0 0.685417 0.707292 0.037500 0.052083
0 0.892188 0.693229 0.044792 0.040625
0 0.527604 0.638021 0.036458 0.040625
0 0.853646 0.491146 0.055208 0.044792
0 0.533333 0.479167 0.025000 0.047917
0 0.184375 0.493750 0.037500 0.022917
0 0.228125 0.289062 0.039583 0.053125
0 0.085417 0.292187 0.025000 0.042708
0 0.152604 0.458333 0.030208 0.047917
0 0.132292 0.206250 0.050000 0.029167
0 0.584896 0.333333 0.032292 0.047917
0 0.141146 0.860938 0.030208 0.040625
0 0.365104 0.414583 0.028125 0.050000
0 0.673958 0.504687 0.054167 0.036458
0 0.836979 0.718229 0.053125 0.051042
0 0.956250 0.247917 0.045833 0.029167
0 0.546354 0.338542 0.046875 0.043750
0 0.592708 0.758333 0.027083 0.037500
0 0.223958 0.272396 0.045833 0.036458
0 0.885938 0.548958 0.030208 0.043750
0 0.936979 0.929167 0.042708 0.054167
0 0.394271 0.512500 0.032292 0.039583
0 0.863021 0.889583 0.038542 0.047917
0 0.806771 0.877083 0.040625 0.047917
0 0.521875 0.566667 0.041667 0.031250
0 0.940625 0.112500 0.033333 0.043750
0 0.298958 0.398958 0.037500 0.047917
0 0.107813 0.852604 0.038542 0.038542
0 0.680208 0.792708 0.033333 0.050000
0 0.756250 0.851562 0.047917 0.053125
0 0.768750 0.164062 0.033333 0.044792
0 0.542188 0.814063 0.032292 0.048958
0 0.735417 0.407292 0.037500 0.047917
0 0.152604 0.147396 0.019792 0.038542
0 0.326562 0.181771 0.044792 0.040625
0 0.692187 0.472396 0.036458 0.051042
0 0.931250 0.396875 0.047917 0.052083
0 0.694792 0.515104 0.037500 0.021875
0 0.111458 0.419792 0.043750 0.033333
0 0.807292 0.480729 0.031250 0.040625
0 0.077604 0.700521 0.034375 0.040625
0 0.917188 0.717187 0.051042 0.042708
0 0.765104 0.857812 0.032292 0.048958
0 0.316667 0.864062 0.047917 0.032292
0 0.551042 0.184896 0.052083 0.030208
0 0.220312 0.286979 0.030208 0.040625
0 0.880208 0.457813 0.045833 0.023958