0 0.391667 0.440104 0.054167 0.044792
0 0.790104 0.113021 0.028125 0.044792
0 0.724479 0.133333 0.048958 0.041667
0 0.210938 0.547917 0.021875 0.039583
0 0.664062 0.269271 0.046875 0.036458
0 0.633333 0.891667 0.045833 0.043750
0 0.416146 0.917708 0.042708 0.039583
0 0.537500 0.907813 0.045833 0.034375
0 0.650521 0.322396 0.046875 0.040625
0 0.772396 0.569792 0.028125 0.039583
0 0.417187 0.142187 0.055208 0.036458
0 0.683854 0.423438 0.040625 0.036458
0 0.866146 0.214062 0.051042 0.036458
0 0.211458 0.740625 0.047917 0.037500
0 0.246875 0.459896 0.025000 0.048958
0 0.595833 0.390104 0.029167 0.044792
0 0.243229 0.142187 0.034375 0.048958
0 0.539062 0.397917 0.044792 0.047917
0 0.727083 0.305208 0.029167 0.045833
0 0.572917 0.560417 0.052083 0.039583
0 0.431771 0.834896 0.021875 0.038542
0 0.076563 0.689583 0.030208 0.050000
0 0.735938 0.203646 0.053125 0.051042
0 0.365625 0.811979 0.039583 0.034375
0 0.440625 0.888021 0.047917 0.030208
0 0.671875 0.555208 0.029167 0.041667
0 0.681250 0.830729 0.029167 0.044792
0 0.610938 0.901042 0.046875 0.052083
0 0.271354 0.159896 0.044792 0.028125
0 0.381250 0.687500 0.043750 0.033333
0 0.478646 0.451562 0.036458 0.046875
0 0.656771 0.696875 0.051042 0.031250
0 0.071875 0.705729 0.037500 0.053125
0 0.311979 0.496354 0.028125 0.044792
0 0.318750 0.493750 0.020833 0.035417
0 0.527083 0.807813 0.025000 0.046875
0 0.116667 0.522396 0.027083 0.048958
0 0.600521 0.638542 0.038542 0.027083
0 0.606771 0.124479 0.040625 0.030208
0 0.952083 0.717187 0.033333 0.048958
0 0.557292 0.603125 0.052083 0.043750
0 0.088542 0.785417 0.037500 0.035417
0 0.768229 0.714583 0.023958 0.041667
0 0.490104 0.356771 0.042708 0.055208
0 0.110417 0.138021 0.031250 0.040625
0 0.865625 0.884896 0.047917 0.046875
0 0.669792 0.618229 0.031250 0.040625
0 0.963542 0.424479 0.035417 0.044792
0 0.372396 0.154688 0.028125 0.051042
0 0.946875 0.667188 0.041667 0.048958
0 0.215625 0.319271 0.045833 0.048958
0 0.184896 0.866667 0.026042 0.047917
0 0.556250 0.370312 0.045833 0.038542
0 0.919271 0.843229 0.038542 0.051042
0 0.484896 0.881250 0.053125 0.035417
0 0.867708 0.417187 0.045833 0.026042
0 0.358333 0.653646 0.041667 0.055208
0 0.426563 0.658333 0.026042 0.045833
0 0.253125 0.252604 0.031250 0.048958
0 0.299479 0.970313 0.036458 0.046875
0 0.617708 0.734375 0.043750 0.033333
0 0.963021 0.756250 0.046875 0.031250
0 0.902083 0.264062 0.045833 0.040625
0 0.872917 0.511979 0.035417 0.048958
0 0.376563 0.139063 0.036458 0.040625
0 0.232292 0.469271 0.045833 0.034375
0 0.559375 0.488542 0.033333 0.045833
0 0.767188 0.737500 0.046875 0.031250
0 0.678125 0.735938 0.039583 0.019792
0 0.196875 0.668229 0.047917 0.048958
0 0.460417 0.437500 0.037500 0.041667
0 0.300000 0.543750 0.043750 0.022917
0 0.358333 0.381771 0.043750 0.028125
0 0.793229 0.931771 0.038542 0.040625
0 0.121875 0.728125 0.043750 0.033333
0 0.773438 0.270313 0.026042 0.046875
0 0.347396 0.776563 0.023958 0.042708
0 0.248958 0.554167 0.037500 0.047917
0 0.768229 0.723958 0.036458 0.018750
0 0.738021 0.372917 0.040625 0.041667
0 0.633854 0.526042 0.042708 0.039583
0 0.133333 0.268229 0.054167 0.051042
0 0.202604 0.825000 0.034375 0.043750
0 0.672917 0.475521 0.029167 0.046875
0 0.210938 0.269792 0.042708 0.054167
0 0.815625 0.546354 0.045833 0.040625
0 0.356250 0.633854 0.037500 0.021875
0 0.326562 0.413542 0.030208 0.039583
0 0.475521 0.269271 0.036458 0.046875
0 0.207813 0.892188 0.036458 0.051042
0 0.797396 0.305208 0.032292 0.047917
0 0.852083 0.529167 0.039583 0.020833
0 0.756250 0.190104 0.031250 0.040625
0 0.085938 0.830208 0.023958 0.047917
0 0.558854 0.226042 0.048958 0.039583
0 0.893229 0.838542 0.046875 0.031250
0 0.409375 0.622396 0.037500 0.053125
0 0.377083 0.573438 0.041667 0.044792
0 0.225521 0.948438 0.032292 0.048958
0 0.451562 0.888021 0.040625 0.028125
0 0.385937 0.919271 0.040625 0.051042
0 0.836458 0.388542 0.022917 0.043750
0 0.369792 0.677083 0.045833 0.031250
0 0.098437 0.382812 0.046875 0.048958
0 0.283333 0.252083 0.037500 0.041667
0 0.783854 0.395313 0.046875 0.036458
0 0.859896 0.769271 0.036458 0.040625
0 0.968750 0.533333 0.043750 0.045833
0 0.222396 0.560937 0.046875 0.055208
0 0.098958 0.924479 0.027083 0.046875
0 0.203646 0.105729 0.044792 0.042708
0 0.116146 0.973437 0.040625 0.055208
0 0.423438 0.924479 0.030208 0.044792
0 0.682292 0.282813 0.031250 0.040625
0 0.611979 0.930208 0.044792 0.047917
0 0.102604 0.467187 0.051042 0.040625
0 0.129167 0.086979 0.031250 0.048958
0 0.820312 0.323437 0.046875 0.040625
0 0.869271 0.605729 0.036458 0.055208
0 0.551042 0.457813 0.025000 0.038542
0 0.877604 0.094271 0.044792 0.042708
0 0.433854 0.448958 0.040625 0.054167
0 0.669792 0.406771 0.045833 0.055208
0 0.181771 0.183854 0.055208 0.048958
0 0.327604 0.618750 0.048958 0.033333
0 0.887500 0.532813 0.045833 0.036458
0 0.781771 0.878646 0.026042 0.046875
0 0.070833 0.366146 0.027083 0.040625
0 0.644271 0.725000 0.030208 0.039583
0 0.438542 0.743750 0.022917 0.039583
0 0.709896 0.650521 0.046875 0.036458
0 0.642708 0.760938 0.033333 0.040625
0 0.458333 0.619271 0.039583 0.053125
0 0.523958 0.372396 0.041667 0.044792
0 0.801042 0.252604 0.054167 0.036458
0 0.423958 0.901563 0.035417 0.053125
0 0.100000 0.842708 0.033333 0.043750
0 0.431771 0.154167 0.048958 0.052083
0 0.392708 0.820833 0.033333 0.050000
0 0.257812 0.152083 0.046875 0.031250
0 0.158333 0.811979 0.039583 0.048958
0 0.902604 0.676562 0.034375 0.051042
0 0.870833 0.109375 0.043750 0.045833
0 0.190625 0.400521 0.043750 0.026042
0 0.371875 0.632292 0.052083 0.047917
0 0.302604 0.907813 0.040625 0.034375
0 0.689583 0.604167 0.052083 0.037500
0 0.206771 0.868229 0.055208 0.046875
0 0.480729 0.306771 0.053125 0.053125
0 0.419271 0.280729 0.040625 0.038542
0 0.293229 0.545833 0.048958 0.041667
0 0.479687 0.647917 0.046875 0.045833
0 0.159896 0.913021 0.036458 0.051042
0 0.762500 0.375000 0.039583 0.022917
0 0.490625 0.298438 0.052083 0.032292
0 0.844271 0.661979 0.044792 0.021875
0 0.929688 0.916146 0.028125 0.051042
0 0.527604 0.503646 0.055208 0.042708
0 0.792188 0.706771 0.040625 0.038542
0 0.154167 0.079167 0.041667 0.029167
0 0.489063 0.913542 0.042708 0.054167
0 0.334375 0.381771 0.043750 0.048958
0 0.915625 0.429167 0.029167 0.037500
0 0.619271 0.883333 0.034375 0.047917
0 0.332813 0.586458 0.023958 0.043750
0 0.386979 0.233333 0.021875 0.041667
0 0.371354 0.639583 0.042708 0.041667
0 0.332813 0.280208 0.034375 0.039583
0 0.285417 0.607812 0.035417 0.040625
0 0.369271 0.119792 0.053125 0.041667
0 0.792708 0.678125 0.039583 0.020833
0 0.663021 0.109375 0.030208 0.039583
0 0.578646 0.259896 0.036458 0.040625
0 0.578646 0.584896 0.038542 0.040625
0 0.615625 0.182292 0.043750 0.045833
0 0.731250 0.778646 0.039583 0.038542
0 0.327604 0.207292 0.036458 0.020833
0 0.793750 0.754687 0.043750 0.048958
0 0.138021 0.844271 0.046875 0.034375
0 0.748437 0.854167 0.053125 0.037500
0 0.912500 0.389583 0.033333 0.052083
0 0.789062 0.625521 0.046875 0.026042
0 0.151562 0.734375 0.044792 0.052083
0 0.754687 0.654167 0.048958 0.027083
0 0.086458 0.117708 0.037500 0.031250
0 0.689063 0.170833 0.038542 0.043750
0 0.613542 0.359896 0.029167 0.040625
0 0.697917 0.404167 0.045833 0.052083
0 0.954688 0.068229 0.048958 0.030208
0 0.879167 0.705729 0.035417 0.044792
0 0.970833 0.843750 0.045833 0.022917
0 0.216146 0.521354 0.044792 0.030208
0 0.892188 0.420833 0.040625 0.022917
0 0.450521 0.286979 0.038542 0.040625
0 0.280208 0.964583 0.020833 0.039583
0 0.764062 0.659375 0.030208 0.043750
0 0.220833 0.348438 0.050000 0.053125
0 0.483333 0.648438 0.039583 0.044792
0 0.707292 0.311979 0.037500 0.044792
0 0.242188 0.648958 0.034375 0.052083
0 0.645833 0.565104 0.039583 0.030208
0 0.127083 0.457813 0.041667 0.023958
0 0.478125 0.932813 0.045833 0.038542
0 0.115625 0.093229 0.045833 0.055208
0 0.119271 0.502083 0.023958 0.041667
0 0.590104 0.495312 0.051042 0.044792
0 0.886979 0.891146 0.038542 0.038542
0 0.456771 0.806250 0.023958 0.041667
0 0.796354 0.778125 0.048958 0.052083
0 0.536979 0.894271 0.044792 0.042708
0 0.682292 0.093750 0.045833 0.052083
0 0.242708 0.780208 0.022917 0.037500
0 0.569792 0.469271 0.050000 0.040625
0 0.311458 0.117708 0.031250 0.037500
0 0.872917 0.600000 0.031250 0.045833
0 0.223438 0.818750 0.044792 0.025000
0 0.608854 0.133333 0.028125 0.043750
0 0.585938 0.282813 0.028125 0.040625
0 0.411979 0.921354 0.048958 0.032292
0 0.579688 0.290104 0.038542 0.023958
0 0.493229 0.847396 0.036458 0.017708
0 0.356771 0.091146 0.055208 0.048958
0 0.521875 0.306250 0.041667 0.039583
0 0.766146 0.637500 0.046875 0.052083
0 0.151042 0.538542 0.018750 0.035417
0 0.702083 0.645833 0.043750 0.031250
0 0.716667 0.093750 0.052083 0.043750
0 0.738021 0.509896 0.023958 0.040625
0 0.449479 0.505729 0.044792 0.042708
0 0.750521 0.299479 0.046875 0.034375
0 0.274479 0.304688 0.038542 0.046875
0 0.930208 0.422917 0.045833 0.045833
0 0.544271 0.392188 0.055208 0.046875
0 0.769792 0.286979 0.045833 0.028125
0 0.084375 0.175521 0.045833 0.036458
0 0.776563 0.318750 0.036458 0.047917
0 0.210938 0.456250 0.021875 0.037500
0 0.635938 0.442708 0.046875 0.031250
0 0.648438 0.704167 0.053125 0.041667
0 0.327083 0.741146 0.037500 0.044792
0 0.293750 0.074479 0.045833 0.034375
0 0.640625 0.556771 0.029167 0.044792
0 0.566667 0.591667 0.029167 0.050000
0 0.395833 0.359375 0.039583 0.020833
0 0.654167 0.407292 0.045833 0.052083
0 0.659896 0.828125 0.030208 0.050000
0 0.414583 0.679688 0.039583 0.030208
0 0.393229 0.713542 0.048958 0.041667
0 0.414062 0.667188 0.019792 0.038542
0 0.593750 0.379167 0.037500 0.035417
0 0.787500 0.085938 0.050000 0.044792
0 0.827083 0.710938 0.052083 0.032292
0 0.920833 0.945833 0.033333 0.047917
0 0.747396 0.306771 0.034375 0.040625
0 0.871354 0.119271 0.019792 0.038542
0 0.802083 0.628646 0.037500 0.040625
0 0.498958 0.352083 0.041667 0.047917
0 0.533854 0.748437 0.032292 0.053125
0 0.619271 0.098958 0.044792 0.052083
0 0.324479 0.575000 0.036458 0.020833
0 0.829167 0.668750 0.037500 0.035417
0 0.908854 0.164062 0.034375 0.051042
0 0.492188 0.142708 0.042708 0.031250
0 0.938542 0.430208 0.020833 0.035417
0 0.446354 0.560937 0.046875 0.048958
0 0.578125 0.478646 0.047917 0.030208
0 0.777083 0.718229 0.033333 0.040625
0 0.615104 0.320833 0.046875 0.043750
0 0.595833 0.430729 0.039583 0.036458
0 0.437500 0.824479 0.050000 0.026042
0 0.295312 0.604167 0.023958 0.047917
0 0.197396 0.154688 0.040625 0.038542
0 0.430729 0.359375 0.026042 0.045833
0 0.619271 0.598437 0.051042 0.040625
0 0.807292 0.892188 0.027083 0.046875
0 0.722917 0.186458 0.037500 0.033333
0 0.412500 0.394792 0.020833 0.039583
0 0.331250 0.169792 0.052083 0.039583
0 0.898958 0.134375 0.050000 0.031250
0 0.891146 0.611458 0.026042 0.041667
0 0.961979 0.358854 0.038542 0.046875
0 0.227083 0.490625 0.035417 0.037500
0 0.729167 0.678646 0.045833 0.038542
0 0.454688 0.387500 0.030208 0.039583
0 0.826042 0.831250 0.037500 0.029167
0 0.501042 0.875521 0.039583 0.028125
0 0.643229 0.357812 0.048958 0.055208
0 0.136979 0.586979 0.021875 0.042708
0 0.441667 0.284375 0.045833 0.045833
0 0.231771 0.963542 0.044792 0.033333
0 0.461458 0.567708 0.052083 0.043750
0 0.583854 0.813021 0.046875 0.038542
0 0.471354 0.772917 0.040625 0.020833
0 0.949479 0.300521 0.046875 0.048958
0 0.236979 0.373437 0.026042 0.040625
0 0.608333 0.217188 0.047917 0.032292
0 0.741667 0.524479 0.039583 0.048958
0 0.338021 0.328646 0.040625 0.038542
0 0.490625 0.376042 0.045833 0.031250
0 0.883854 0.764583 0.042708 0.037500
0 0.880729 0.099479 0.048958 0.030208
0 0.438021 0.221354 0.042708 0.044792
0 0.667708 0.438021 0.025000 0.048958
0 0.561979 0.362500 0.053125 0.045833
0 0.940625 0.700521 0.050000 0.044792
0 0.876563 0.718750 0.053125 0.039583
0 0.427604 0.733854 0.044792 0.028125
0 0.276562 0.586458 0.046875 0.052083
0 0.674479 0.664062 0.032292 0.048958
0 0.328646 0.870313 0.053125 0.032292
0 0.416667 0.473958 0.043750 0.035417
0 0.576042 0.540104 0.043750 0.021875
0 0.146354 0.250000 0.036458 0.047917
0 0.202083 0.375521 0.047917 0.046875
0 0.659375 0.927083 0.039583 0.047917
0 0.133333 0.876042 0.022917 0.043750
0 0.408333 0.965104 0.022917 0.040625
0 0.280208 0.822396 0.043750 0.026042
0 0.256771 0.294792 0.026042 0.047917
0 0.445833 0.931771 0.039583 0.055208
0 0.165104 0.798438 0.044792 0.040625
0 0.458854 0.119271 0.042708 0.044792
0 0.096354 0.542708 0.036458 0.037500
0 0.970833 0.167187 0.045833 0.034375
0 0.437500 0.396354 0.039583 0.044792
0 0.420833 0.367188 0.033333 0.044792
0 0.823958 0.576042 0.047917 0.050000
0 0.714063 0.161458 0.032292 0.043750
0 0.919271 0.619792 0.040625 0.041667
0 0.625521 0.337500 0.042708 0.029167
0 0.150521 0.089583 0.030208 0.039583
0 0.804167 0.885938 0.043750 0.026042
0 0.690625 0.932813 0.045833 0.034375
0 0.211458 0.547917 0.037500 0.027083
0 0.176563 0.084896 0.046875 0.038542
0 0.866667 0.201563 0.045833 0.038542
0 0.577083 0.757292 0.047917 0.052083
0 0.281771 0.258333 0.044792 0.025000
0 0.617708 0.639062 0.045833 0.023958
0 0.581771 0.609896 0.026042 0.040625
0 0.095312 0.103646 0.048958 0.046875
0 0.924479 0.361979 0.046875 0.036458
0 0.868229 0.632292 0.038542 0.031250
0 0.388542 0.797396 0.047917 0.053125
0 0.497917 0.668750 0.045833 0.031250
0 0.254167 0.625000 0.041667 0.039583
0 0.475000 0.823958 0.043750 0.022917
0 0.415104 0.288021 0.044792 0.032292
0 0.291667 0.939583 0.029167 0.050000
0 0.200000 0.500000 0.037500 0.041667
0 0.265625 0.931250 0.047917 0.050000
0 0.225521 0.423438 0.028125 0.051042
0 0.198958 0.511979 0.020833 0.036458
0 0.875000 0.627083 0.037500 0.047917
0 0.464583 0.664583 0.022917 0.039583
0 0.861979 0.760417 0.021875 0.037500
0 0.148958 0.663542 0.035417 0.043750
0 0.888542 0.649479 0.047917 0.044792
0 0.584375 0.730729 0.050000 0.038542
0 0.682292 0.816667 0.035417 0.020833
0 0.086979 0.842708 0.044792 0.022917
0 0.714583 0.260417 0.037500 0.029167
0 0.668229 0.353646 0.048958 0.030208
0 0.439063 0.583333 0.048958 0.052083
0 0.950000 0.365625 0.047917 0.052083
0 0.590104 0.681250 0.028125 0.041667
0 0.620313 0.604688 0.044792 0.040625
0 0.126042 0.319271 0.045833 0.048958
0 0.562500 0.746354 0.041667 0.048958
0 0.941667 0.384375 0.037500 0.022917
0 0.947396 0.392708 0.040625 0.041667
0 0.377604 0.664583 0.026042 0.045833
0 0.753125 0.702083 0.022917 0.037500
0 0.547917 0.797917 0.041667 0.037500
0 0.691667 0.733333 0.045833 0.043750
0 0.477604 0.603646 0.034375 0.046875
0 0.628125 0.397396 0.033333 0.053125
0 0.453646 0.710938 0.048958 0.028125
0 0.346875 0.108854 0.045833 0.036458
0 0.747917 0.429688 0.025000 0.042708
0 0.261979 0.700521 0.040625 0.044792
0 0.469792 0.712500 0.047917 0.033333
0 0.405729 0.718750 0.040625 0.047917
0 0.902604 0.822396 0.021875 0.038542
0 0.804167 0.215104 0.043750 0.042708
0 0.529687 0.351042 0.042708 0.039583
0 0.497396 0.785417 0.053125 0.047917
0 0.645312 0.242708 0.044792 0.047917
0 0.816667 0.644792 0.033333 0.037500
0 0.514062 0.898958 0.023958 0.043750
0 0.773958 0.211458 0.041667 0.041667
0 0.310937 0.965625 0.038542 0.037500
0 0.903646 0.339062 0.051042 0.053125
0 0.869271 0.152083 0.053125 0.039583
0 0.707292 0.902083 0.052083 0.047917
0 0.119271 0.389062 0.038542 0.055208
0 0.832812 0.887500 0.051042 0.031250
0 0.610938 0.794271 0.051042 0.042708
0 0.549479 0.443750 0.048958 0.052083
0 0.081250 0.152604 0.052083 0.034375
0 0.308854 0.722917 0.036458 0.043750
0 0.630729 0.463021 0.044792 0.026042
0 0.163021 0.197917 0.051042 0.029167
0 0.900521 0.386979 0.046875 0.055208
0 0.483854 0.904687 0.046875 0.023958
0 0.627083 0.831771 0.037500 0.048958
0 0.141667 0.734375 0.043750 0.045833
0 0.375000 0.441667 0.052083 0.047917
0 0.630208 0.961979 0.043750 0.030208
0 0.430729 0.554688 0.051042 0.055208
0 0.821875 0.092708 0.029167 0.045833
0 0.152083 0.731250 0.037500 0.022917
0 0.115104 0.103125 0.042708 0.054167
0 0.086979 0.849479 0.046875 0.023958
0 0.141146 0.274479 0.032292 0.044792
0 0.141146 0.254688 0.034375 0.040625
0 0.452604 0.713542 0.021875 0.037500
0 0.067187 0.467708 0.021875 0.043750
0 0.768229 0.744792 0.044792 0.045833
0 0.251042 0.170833 0.037500 0.035417
0 0.614583 0.403646 0.045833 0.036458
0 0.337500 0.433854 0.045833 0.023958
0 0.777604 0.363021 0.053125 0.034375
0 0.150521 0.449479 0.032292 0.048958
0 0.797396 0.807813 0.051042 0.038542
0 0.348958 0.608854 0.037500 0.053125
0 0.764583 0.358333 0.037500 0.025000
0 0.147396 0.388542 0.048958 0.037500
0 0.915625 0.760938 0.022917 0.038542
0 0.782292 0.859375 0.039583 0.020833
0 0.804688 0.819271 0.053125 0.051042
0 0.281250 0.569792 0.027083 0.037500
0 0.582812 0.284896 0.026042 0.046875
0 0.831250 0.808854 0.050000 0.028125
0 0.842708 0.856250 0.037500 0.031250
0 0.696354 0.371875 0.036458 0.020833
0 0.738021 0.842187 0.030208 0.044792
0 0.218750 0.089583 0.041667 0.039583
0 0.341146 0.716667 0.023958 0.045833
0 0.809375 0.580729 0.037500 0.040625
0 0.661458 0.111979 0.045833 0.055208
0 0.314583 0.763021 0.031250 0.048958
0 0.340104 0.942187 0.042708 0.044792
0 0.945312 0.444792 0.048958 0.041667
0 0.918750 0.489063 0.041667 0.055208
0 0.444271 0.867188 0.021875 0.038542
0 0.483333 0.885417 0.041667 0.027083
0 0.572396 0.782292 0.034375 0.047917
0 0.655729 0.382292 0.040625 0.020833
0 0.634896 0.117708 0.044792 0.025000
0 0.457292 0.234375 0.045833 0.043750
0 0.774479 0.342187 0.038542 0.019792
0 0.646875 0.134375 0.045833 0.043750
0 0.631250 0.282292 0.033333 0.043750
0 0.394792 0.580729 0.050000 0.053125
0 0.897396 0.564063 0.032292 0.053125
0 0.436979 0.888542 0.044792 0.037500
0 0.646875 0.417708 0.047917 0.041667
0 0.325000 0.154167 0.029167 0.041667
0 0.866146 0.562500 0.048958 0.041667
0 0.266667 0.391667 0.029167 0.045833
0 0.547396 0.295312 0.040625 0.034375
0 0.065104 0.436979 0.021875 0.038542
0 0.730729 0.775521 0.034375 0.040625
0 0.646875 0.251042 0.037500 0.029167
0 0.211979 0.588542 0.036458 0.037500
0 0.492188 0.237500 0.038542 0.035417
0 0.528646 0.888021 0.055208 0.044792
0 0.953646 0.286979 0.048958 0.046875
0 0.884896 0.704688 0.023958 0.046875
0 0.938021 0.211979 0.046875 0.040625
0 0.275000 0.803125 0.037500 0.041667
0 0.476042 0.592708 0.033333 0.043750
0 0.119271 0.953125 0.038542 0.035417
0 0.973958 0.888021 0.052083 0.051042
0 0.245312 0.313021 0.040625 0.026042
0 0.394792 0.266146 0.043750 0.030208
0 0.270833 0.334375 0.037500 0.029167
0 0.517188 0.420833 0.036458 0.043750
0 0.603125 0.559375 0.027083 0.047917
0 0.170833 0.442188 0.054167 0.048958
0 0.360417 0.746875 0.043750 0.045833
0 0.113542 0.598958 0.041667 0.039583
0 0.727083 0.839583 0.047917 0.035417
0 0.472917 0.285938 0.052083 0.034375
0 0.585417 0.475521 0.039583 0.034375
0 0.221875 0.234375 0.022917 0.039583
0 0.822396 0.561979 0.026042 0.040625
0 0.776042 0.235937 0.025000 0.044792
0 0.382812 0.682292 0.046875 0.052083
0 0.559375 0.183854 0.037500 0.044792
0 0.854167 0.356250 0.045833 0.043750
0 0.816146 0.722917 0.042708 0.041667
0 0.127083 0.652604 0.052083 0.032292
0 0.413021 0.678125 0.042708 0.031250
0 0.301563 0.384375 0.042708 0.029167
0 0.211979 0.091146 0.051042 0.038542
0 0.678125 0.351562 0.054167 0.040625
0 0.615104 0.521354 0.038542 0.051042
0 0.358854 0.927604 0.048958 0.055208
0 0.084375 0.306771 0.035417 0.040625
0 0.602604 0.533854 0.038542 0.051042
0 0.119271 0.448958 0.028125 0.039583