0 0.499479 0.502083 0.053125 0.039583
0 0.364063 0.700000 0.023958 0.041667
0 0.310417 0.680208 0.027083 0.037500
0 0.389583 0.869271 0.054167 0.042708
0 0.440104 0.620313 0.046875 0.036458
0 0.090104 0.184375 0.034375 0.047917
0 0.372396 0.370312 0.038542 0.038542
0 0.668750 0.205208 0.043750 0.052083
0 0.588542 0.903125 0.022917 0.039583
0 0.241667 0.550521 0.039583 0.032292
0 0.825000 0.717187 0.050000 0.053125
0 0.945312 0.076563 0.040625 0.026042
0 0.568229 0.790104 0.044792 0.055208
0 0.480208 0.260937 0.041667 0.044792
0 0.907292 0.769271 0.054167 0.036458
0 0.250521 0.620833 0.040625 0.025000
0 0.526042 0.350521 0.039583 0.036458
0 0.488542 0.308333 0.037500 0.043750
0 0.089063 0.970833 0.026042 0.050000
0 0.180729 0.731250 0.048958 0.052083
0 0.360938 0.516146 0.032292 0.048958
0 0.716667 0.888021 0.031250 0.040625
0 0.754167 0.283854 0.035417 0.017708
0 0.571875 0.186458 0.035417 0.043750
0 0.965104 0.331250 0.053125 0.047917
0 0.596354 0.304688 0.030208 0.040625
0 0.119792 0.619792 0.052083 0.043750
0 0.155729 0.815104 0.032292 0.053125
0 0.597917 0.157292 0.020833 0.035417
0 0.243229 0.626042 0.042708 0.039583
0 0.914062 0.673958 0.026042 0.039583
0 0.395833 0.895312 0.041667 0.048958
0 0.427083 0.946354 0.052083 0.032292
0 0.346354 0.881250 0.042708 0.027083
0 0.236979 0.721354 0.038542 0.021875
0 0.856771 0.804167 0.038542 0.043750
0 0.179688 0.081250 0.038542 0.047917
0 0.241146 0.280729 0.032292 0.044792
0 0.530729 0.121875 0.046875 0.045833
0 0.415625 0.118229 0.045833 0.038542
0 0.855208 0.775521 0.043750 0.030208
0 0.126042 0.440104 0.035417 0.048958
0 0.772396 0.163542 0.038542 0.035417
0 0.458854 0.283333 0.026042 0.045833
0 0.790104 0.530729 0.044792 0.032292
0 0.109896 0.868229 0.040625 0.055208
0 0.256771 0.417708 0.023958 0.043750
0 0.184375 0.597396 0.054167 0.046875
0 0.792188 0.665625 0.042708 0.054167
0 0.289583 0.615625 0.039583 0.041667
0 0.701042 0.270833 0.047917 0.025000
0 0.840625 0.405729 0.033333 0.044792
0 0.439583 0.873958 0.039583 0.047917
0 0.248958 0.763021 0.039583 0.036458
0 0.699479 0.364063 0.053125 0.053125
0 0.498958 0.941667 0.043750 0.035417
0 0.399479 0.865625 0.042708 0.025000
0 0.259896 0.818750 0.040625 0.041667
0 0.383333 0.392708 0.045833 0.045833
0 0.647917 0.115625 0.041667 0.039583
0 0.095833 0.936458 0.047917 0.027083
0 0.524479 0.080208 0.042708 0.027083
0 0.163542 0.182292 0.039583 0.020833
0 0.155729 0.311979 0.032292 0.040625
0 0.427604 0.289583 0.028125 0.039583
0 0.352604 0.927083 0.042708 0.020833
0 0.248438 0.771875 0.023958 0.041667
0 0.739062 0.241146 0.044792 0.042708
0 0.792708 0.586458 0.037500 0.041667
0 0.411979 0.161979 0.040625 0.036458
0 0.909896 0.327604 0.055208 0.046875
0 0.781250 0.317188 0.050000 0.036458
0 0.861458 0.736979 0.035417 0.048958
0 0.154688 0.845833 0.038542 0.025000
0 0.098437 0.654687 0.036458 0.040625
0 0.954167 0.490625 0.052083 0.033333
0 0.279687 0.253646 0.053125 0.032292
0 0.410417 0.963021 0.043750 0.030208
0 0.865625 0.721875 0.029167 0.037500
0 0.777604 0.939063 0.040625 0.032292
0 0.544792 0.193229 0.039583 0.044792
0 0.074479 0.763021 0.040625 0.036458
0 0.114062 0.422917 0.042708 0.039583
0 0.767708 0.260937 0.052083 0.030208
0 0.599479 0.431250 0.051042 0.050000
0 0.441667 0.363542 0.043750 0.045833
0 0.670833 0.900521 0.039583 0.023958
0 0.541667 0.330729 0.037500 0.023958
0 0.470833 0.649479 0.039583 0.044792
0 0.417708 0.769271 0.031250 0.040625
0 0.252083 0.780729 0.029167 0.044792
0 0.780208 0.933854 0.035417 0.040625
0 0.776563 0.142708 0.034375 0.039583
0 0.566667 0.898958 0.033333 0.047917
0 0.255208 0.348958 0.033333 0.037500
0 0.778125 0.086458 0.043750 0.052083
0 0.381771 0.227083 0.051042 0.033333
0 0.754687 0.686979 0.051042 0.038542
0 0.187500 0.471875 0.022917 0.045833
0 0.863021 0.429167 0.036458 0.052083
0 0.727604 0.314063 0.034375 0.051042
0 0.256771 0.951042 0.034375 0.052083
0 0.529167 0.252083 0.025000 0.037500
0 0.648958 0.891146 0.052083 0.053125
0 0.217188 0.621354 0.017708 0.036458
0 0.216667 0.300521 0.043750 0.026042
0 0.481771 0.683333 0.046875 0.029167
0 0.873958 0.237500 0.037500 0.031250
0 0.632812 0.941146 0.036458 0.046875
0 0.418229 0.081250 0.046875 0.043750
0 0.279167 0.086458 0.052083 0.035417
0 0.717708 0.358333 0.022917 0.043750
0 0.081250 0.571354 0.045833 0.055208
0 0.249479 0.945833 0.048958 0.037500
0 0.417187 0.873958 0.048958 0.052083
0 0.606250 0.789062 0.039583 0.030208
0 0.452083 0.527083 0.037500 0.047917
0 0.537500 0.188542 0.041667 0.039583
0 0.153646 0.215104 0.040625 0.019792
0 0.934375 0.753125 0.029167 0.050000
0 0.623437 0.516667 0.026042 0.045833
0 0.923958 0.210417 0.043750 0.052083
0 0.734896 0.581771 0.030208 0.053125
0 0.880208 0.175000 0.020833 0.039583
0 0.226562 0.302083 0.038542 0.022917
0 0.358333 0.300000 0.020833 0.035417
0 0.191146 0.702083 0.032292 0.052083
0 0.667188 0.824479 0.040625 0.055208
0 0.626563 0.147396 0.040625 0.055208
0 0.490625 0.507292 0.037500 0.047917
0 0.395833 0.235417 0.022917 0.039583
0 0.186979 0.287500 0.021875 0.039583
0 0.342187 0.620833 0.038542 0.029167
0 0.226562 0.720313 0.044792 0.042708
0 0.507292 0.543750 0.027083 0.037500
0 0.621354 0.516667 0.048958 0.041667
0 0.093750 0.739062 0.047917 0.046875
0 0.586979 0.716667 0.030208 0.043750
0 0.317188 0.154167 0.046875 0.029167
0 0.316146 0.202083 0.048958 0.033333
0 0.115625 0.402604 0.043750 0.042708
0 0.111979 0.595313 0.028125 0.048958
0 0.074479 0.288021 0.030208 0.040625
0 0.696875 0.145833 0.031250 0.041667
0 0.897917 0.452604 0.020833 0.038542
0 0.585417 0.584375 0.031250 0.050000
0 0.215104 0.913021 0.030208 0.040625
0 0.910417 0.656771 0.039583 0.038542
0 0.702604 0.129688 0.026042 0.044792
0 0.438542 0.334375 0.052083 0.041667
0 0.097917 0.580208 0.039583 0.041667
0 0.533333 0.145313 0.043750 0.042708
0 0.215104 0.179688 0.032292 0.048958
0 0.772396 0.489063 0.032292 0.040625
0 0.267188 0.881771 0.048958 0.046875
0 0.898438 0.908854 0.040625 0.028125
0 0.615625 0.134896 0.039583 0.026042
0 0.208854 0.073438 0.030208 0.040625
0 0.415625 0.559375 0.035417 0.018750
0 0.724479 0.797396 0.032292 0.053125
0 0.532813 0.925521 0.030208 0.044792
0 0.080208 0.108333 0.043750 0.033333
0 0.112500 0.886458 0.043750 0.022917
0 0.615104 0.358333 0.042708 0.027083
0 0.703646 0.261979 0.051042 0.055208
0 0.393229 0.686979 0.048958 0.046875
0 0.329167 0.290104 0.054167 0.048958
0 0.294271 0.390625 0.044792 0.035417
0 0.856771 0.120313 0.030208 0.048958
0 0.652083 0.236979 0.025000 0.048958
0 0.550521 0.202604 0.040625 0.055208
0 0.886979 0.275521 0.055208 0.046875
0 0.461458 0.338542 0.027083 0.037500
0 0.679688 0.811979 0.030208 0.053125
0 0.655729 0.389062 0.046875 0.034375
0 0.259896 0.458333 0.026042 0.041667
0 0.429167 0.591146 0.031250 0.040625
0 0.564583 0.751563 0.041667 0.042708
0 0.332292 0.736458 0.047917 0.025000
0 0.671875 0.726042 0.027083 0.047917
0 0.168229 0.828646 0.023958 0.046875
0 0.384375 0.877083 0.043750 0.052083
0 0.878646 0.380729 0.023958 0.040625
0 0.691146 0.774479 0.055208 0.051042
0 0.363542 0.873437 0.037500 0.044792
0 0.536458 0.366146 0.050000 0.042708
0 0.493750 0.479167 0.031250 0.045833
0 0.535937 0.310937 0.021875 0.042708
0 0.866146 0.743750 0.046875 0.045833
0 0.233854 0.454688 0.040625 0.023958
0 0.350521 0.109896 0.040625 0.036458
0 0.155729 0.626563 0.048958 0.048958
0 0.952604 0.330208 0.019792 0.035417
0 0.526042 0.735417 0.041667 0.039583
0 0.389583 0.169792 0.047917 0.025000
0 0.107292 0.076042 0.052083 0.043750
0 0.878646 0.393229 0.030208 0.048958
0 0.484896 0.808854 0.051042 0.026042
0 0.915104 0.777083 0.030208 0.047917
0 0.740104 0.113021 0.044792 0.028125
0 0.842187 0.288021 0.030208 0.040625
0 0.768750 0.111979 0.039583 0.030208
0 0.591146 0.384375 0.030208 0.039583
0 0.159896 0.302083 0.044792 0.025000
0 0.672396 0.852083 0.048958 0.027083
0 0.942187 0.458854 0.046875 0.023958
0 0.202604 0.833333 0.036458 0.020833
0 0.089583 0.638542 0.037500 0.043750
0 0.878125 0.473958 0.047917 0.052083
0 0.470833 0.184896 0.025000 0.042708
0 0.274479 0.748958 0.036458 0.047917
0 0.306771 0.880729 0.028125 0.044792
0 0.579167 0.481250 0.025000 0.037500
0 0.778646 0.817187 0.040625 0.038542
0 0.456771 0.211979 0.048958 0.055208
0 0.739062 0.355729 0.032292 0.053125
0 0.459375 0.867188 0.037500 0.040625
0 0.693750 0.502604 0.054167 0.046875
0 0.371354 0.343750 0.051042 0.031250
0 0.455729 0.666667 0.048958 0.037500
0 0.438542 0.468750 0.035417 0.037500
0 0.716146 0.681771 0.040625 0.044792
0 0.677604 0.533854 0.040625 0.034375
0 0.578125 0.443229 0.041667 0.044792
0 0.462500 0.173958 0.037500 0.031250
0 0.967187 0.458333 0.044792 0.035417
0 0.589583 0.315104 0.027083 0.040625
0 0.352604 0.903125 0.046875 0.045833
0 0.070312 0.489583 0.030208 0.043750
0 0.904687 0.536458 0.036458 0.043750
0 0.144271 0.219271 0.032292 0.040625
0 0.683854 0.675000 0.036458 0.037500
0 0.826562 0.154167 0.044792 0.035417
0 0.317188 0.834896 0.028125 0.046875
0 0.347917 0.733854 0.054167 0.036458
0 0.674479 0.496875 0.042708 0.031250
0 0.173437 0.124479 0.040625 0.036458
0 0.226562 0.643229 0.055208 0.051042
0 0.931771 0.178646 0.053125 0.030208
0 0.578125 0.931771 0.039583 0.032292
0 0.427083 0.197396 0.045833 0.048958
0 0.708854 0.891667 0.042708 0.020833
0 0.307292 0.704167 0.025000 0.043750
0 0.866146 0.727604 0.046875 0.048958
0 0.956771 0.173437 0.042708 0.051042
0 0.746875 0.923958 0.041667 0.031250
0 0.464062 0.327083 0.053125 0.039583
0 0.080729 0.906771 0.038542 0.021875
0 0.962500 0.579688 0.031250 0.051042
0 0.359896 0.333333 0.048958 0.041667
0 0.685417 0.698438 0.047917 0.030208
0 0.356250 0.101562 0.045833 0.034375
0 0.369792 0.513021 0.029167 0.051042
0 0.523958 0.606250 0.045833 0.045833
0 0.588542 0.701562 0.037500 0.021875
0 0.909896 0.191146 0.038542 0.019792
0 0.381771 0.111458 0.032292 0.043750
0 0.570312 0.083333 0.051042 0.031250
0 0.942708 0.489063 0.050000 0.053125
0 0.317188 0.301042 0.032292 0.043750
0 0.545833 0.663021 0.054167 0.040625
0 0.504687 0.448437 0.051042 0.034375
0 0.177083 0.769271 0.045833 0.038542
0 0.803125 0.430729 0.047917 0.028125
0 0.947396 0.848958 0.036458 0.037500
0 0.484375 0.373437 0.039583 0.026042
0 0.111458 0.394792 0.037500 0.041667
0 0.317708 0.894271 0.050000 0.036458
0 0.326042 0.572917 0.043750 0.033333
0 0.506250 0.317708 0.047917 0.037500
0 0.473438 0.698958 0.046875 0.052083
0 0.521354 0.813542 0.038542 0.025000
0 0.309896 0.963542 0.030208 0.043750
0 0.568229 0.715104 0.046875 0.048958
0 0.708854 0.113542 0.030208 0.050000
0 0.125521 0.783333 0.036458 0.043750
0 0.613542 0.531771 0.050000 0.053125
0 0.119271 0.487500 0.053125 0.045833
0 0.109375 0.775000 0.029167 0.041667
0 0.742188 0.682813 0.055208 0.044792
0 0.661979 0.497917 0.036458 0.020833
0 0.777083 0.305208 0.035417 0.022917
0 0.522917 0.470833 0.052083 0.045833
0 0.669271 0.361979 0.040625 0.036458
0 0.826042 0.584375 0.037500 0.018750
0 0.284896 0.866667 0.048958 0.052083
0 0.133333 0.432812 0.054167 0.046875
0 0.250521 0.743750 0.046875 0.052083
0 0.268750 0.259375 0.041667 0.047917
0 0.773958 0.302083 0.022917 0.043750
0 0.502604 0.811458 0.044792 0.052083
0 0.815104 0.754167 0.032292 0.043750
0 0.543750 0.192188 0.041667 0.032292
0 0.810417 0.670312 0.054167 0.038542
0 0.330208 0.701562 0.043750 0.030208
0 0.517708 0.417187 0.035417 0.040625
0 0.556250 0.919271 0.043750 0.048958
0 0.606771 0.817708 0.030208 0.039583
0 0.383854 0.965625 0.034375 0.039583
0 0.500000 0.271875 0.035417 0.020833
0 0.339583 0.793229 0.027083 0.046875
0 0.455729 0.837500 0.048958 0.039583
0 0.107292 0.268750 0.037500 0.041667
0 0.447917 0.751563 0.039583 0.038542
0 0.445312 0.111979 0.048958 0.030208
0 0.700521 0.219271 0.034375 0.046875
0 0.576562 0.766146 0.034375 0.051042
0 0.078646 0.295312 0.028125 0.040625
0 0.311979 0.536458 0.040625 0.054167
0 0.644792 0.146875 0.031250 0.045833
0 0.544271 0.171354 0.040625 0.038542
0 0.190625 0.101562 0.045833 0.032292
0 0.406771 0.088021 0.023958 0.042708
0 0.424479 0.085938 0.040625 0.044792
0 0.248958 0.835417 0.047917 0.033333
0 0.705729 0.913542 0.021875 0.037500
0 0.645312 0.707292 0.048958 0.035417
0 0.148958 0.384375 0.052083 0.041667
0 0.937500 0.493229 0.043750 0.030208
0 0.707292 0.223438 0.050000 0.034375
0 0.268750 0.457813 0.050000 0.038542
0 0.557813 0.595833 0.038542 0.029167
0 0.736458 0.402604 0.050000 0.034375
0 0.627604 0.505729 0.051042 0.036458
0 0.434896 0.475000 0.030208 0.039583
0 0.962500 0.366667 0.037500 0.029167
0 0.870313 0.766667 0.034375 0.037500
0 0.277604 0.315625 0.040625 0.022917
0 0.690104 0.094271 0.046875 0.034375
0 0.155208 0.500521 0.037500 0.048958
0 0.327083 0.457813 0.039583 0.053125
0 0.195833 0.388542 0.047917 0.033333
0 0.605729 0.506250 0.042708 0.039583
0 0.856771 0.200521 0.034375 0.040625
0 0.401562 0.719271 0.046875 0.036458
0 0.657813 0.794271 0.048958 0.034375
0 0.543229 0.333333 0.023958 0.045833
0 0.541667 0.372917 0.052083 0.041667
0 0.315625 0.542708 0.047917 0.050000
0 0.216146 0.896354 0.042708 0.044792
0 0.868750 0.705208 0.037500 0.047917
0 0.383333 0.551042 0.027083 0.047917
0 0.387500 0.098437 0.039583 0.028125
0 0.694792 0.347396 0.031250 0.044792
0 0.704167 0.790625 0.039583 0.041667
0 0.764062 0.118229 0.026042 0.040625
0 0.178125 0.258854 0.043750 0.040625
0 0.102604 0.447396 0.040625 0.032292
0 0.706250 0.123438 0.033333 0.053125
0 0.372396 0.145313 0.021875 0.038542
0 0.715625 0.114583 0.047917 0.037500
0 0.238542 0.769792 0.031250 0.037500
0 0.778125 0.815104 0.037500 0.021875
0 0.227604 0.394792 0.038542 0.043750
0 0.411979 0.150000 0.038542 0.035417
0 0.192708 0.618229 0.039583 0.028125
0 0.092188 0.718229 0.040625 0.032292
0 0.867188 0.652083 0.053125 0.043750
0 0.826562 0.459896 0.032292 0.040625
0 0.197917 0.898438 0.047917 0.030208
0 0.503646 0.740104 0.036458 0.040625
0 0.439583 0.251042 0.039583 0.020833
0 0.285938 0.468750 0.038542 0.031250
0 0.311979 0.084375 0.036458 0.043750
0 0.473958 0.857812 0.020833 0.038542
0 0.917188 0.285938 0.032292 0.053125
0 0.600000 0.878125 0.027083 0.037500
0 0.593750 0.263021 0.045833 0.032292
0 0.252604 0.838021 0.040625 0.019792
0 0.571875 0.309375 0.035417 0.043750
0 0.627083 0.292187 0.037500 0.044792
0 0.392708 0.212500 0.037500 0.031250
0 0.567187 0.069792 0.042708 0.029167
0 0.787500 0.736458 0.041667 0.052083