0 0.303125 0.778646 0.025000 0.048958
0 0.468750 0.469792 0.027083 0.041667
0 0.881250 0.191667 0.045833 0.027083
0 0.786979 0.669271 0.040625 0.030208
0 0.190104 0.882812 0.040625 0.038542
0 0.870313 0.636458 0.036458 0.018750
0 0.636979 0.111979 0.053125 0.051042
0 0.932292 0.529687 0.050000 0.036458
0 0.823438 0.279687 0.026042 0.040625
0 0.485417 0.401042 0.037500 0.035417
0 0.907813 0.202604 0.044792 0.055208
0 0.596875 0.110417 0.050000 0.033333
0 0.823958 0.640625 0.045833 0.045833
0 0.624479 0.417708 0.040625 0.041667
0 0.791667 0.119271 0.037500 0.053125
0 0.808333 0.242188 0.052083 0.030208
0 0.190104 0.567708 0.046875 0.031250
0 0.219792 0.672396 0.039583 0.019792
0 0.715625 0.740104 0.035417 0.044792
0 0.606771 0.474479 0.051042 0.042708
0 0.469792 0.120833 0.041667 0.039583
0 0.852604 0.696354 0.040625 0.026042
0 0.483333 0.683333 0.050000 0.031250
0 0.941667 0.139063 0.047917 0.030208
0 0.794271 0.845833 0.038542 0.043750
0 0.320312 0.166667 0.028125 0.039583
0 0.522917 0.799479 0.037500 0.040625
0 0.703125 0.188021 0.047917 0.032292
0 0.792188 0.184896 0.026042 0.046875
0 0.548958 0.139583 0.047917 0.037500
0 0.350521 0.662500 0.044792 0.033333
0 0.464583 0.513542 0.031250 0.037500
0 0.408333 0.310417 0.029167 0.050000
0 0.382292 0.671354 0.043750 0.042708
0 0.272917 0.077604 0.037500 0.040625
0 0.740104 0.271875 0.030208 0.039583
0 0.682292 0.369271 0.041667 0.055208
0 0.950521 0.147917 0.053125 0.039583
0 0.743750 0.525000 0.037500 0.033333
0 0.218750 0.850521 0.041667 0.055208
0 0.207813 0.466667 0.038542 0.033333
0 0.088542 0.255208 0.041667 0.052083
0 0.665625 0.581771 0.045833 0.055208
0 0.409896 0.173958 0.040625 0.041667
0 0.944792 0.755729 0.037500 0.044792
0 0.801562 0.091667 0.046875 0.043750
0 0.701562 0.073438 0.051042 0.026042
0 0.902083 0.161979 0.043750 0.048958
0 0.674479 0.939063 0.053125 0.034375
0 0.472917 0.325000 0.037500 0.043750
0 0.520833 0.848958 0.052083 0.035417
0 0.668229 0.592708 0.051042 0.050000
0 0.782813 0.305729 0.040625 0.032292
0 0.834896 0.361979 0.034375 0.040625
0 0.847917 0.248958 0.033333 0.043750
0 0.834375 0.238542 0.047917 0.033333
0 0.801042 0.602083 0.045833 0.045833
0 0.150000 0.750000 0.035417 0.043750
0 0.403646 0.328125 0.034375 0.047917
0 0.671875 0.109375 0.052083 0.043750
0 0.510938 0.248438 0.051042 0.038542
0 0.473958 0.253646 0.039583 0.023958
0 0.442188 0.701042 0.046875 0.045833
0 0.679688 0.160938 0.042708 0.021875
0 0.400521 0.392708 0.046875 0.027083
0 0.755208 0.324479 0.047917 0.044792
0 0.260937 0.122396 0.040625 0.055208
0 0.925521 0.831771 0.026042 0.040625
0 0.253125 0.664062 0.050000 0.044792
0 0.132812 0.347396 0.053125 0.053125
0 0.528646 0.786979 0.051042 0.038542
0 0.373437 0.847396 0.034375 0.051042
0 0.472396 0.875521 0.030208 0.053125
0 0.358854 0.547917 0.030208 0.039583
0 0.808854 0.779167 0.038542 0.035417
0 0.570833 0.298438 0.025000 0.038542
0 0.448437 0.438542 0.048958 0.052083
0 0.103125 0.297396 0.050000 0.053125
0 0.426563 0.729688 0.023958 0.042708
0 0.936979 0.292708 0.051042 0.050000
0 0.117708 0.394271 0.020833 0.036458
0 0.641667 0.852604 0.045833 0.034375
0 0.091667 0.226562 0.037500 0.044792
0 0.533854 0.959896 0.055208 0.036458
0 0.894792 0.759896 0.039583 0.048958
0 0.688021 0.823958 0.040625 0.041667
0 0.242708 0.563021 0.018750 0.036458
0 0.905729 0.484375 0.048958 0.035417
0 0.192188 0.735938 0.040625 0.034375
0 0.097917 0.108854 0.047917 0.046875
0 0.840104 0.589583 0.051042 0.047917
0 0.110937 0.919271 0.030208 0.053125
0 0.192188 0.755208 0.036458 0.052083
0 0.653125 0.487500 0.047917 0.033333
0 0.932292 0.091146 0.054167 0.036458
0 0.586979 0.311979 0.040625 0.051042
0 0.547396 0.195833 0.053125 0.045833
0 0.319792 0.871354 0.039583 0.044792
0 0.306771 0.647396 0.044792 0.055208
0 0.148438 0.343229 0.044792 0.030208
0 0.082292 0.404167 0.041667 0.039583
0 0.635938 0.692708 0.046875 0.052083
0 0.092188 0.139583 0.036458 0.037500
0 0.949479 0.311458 0.051042 0.047917
0 0.588542 0.816146 0.047917 0.046875
0 0.677083 0.510417 0.045833 0.045833
0 0.106250 0.775521 0.047917 0.046875
0 0.507812 0.546875 0.038542 0.035417
0 0.835417 0.412500 0.033333 0.037500
0 0.598958 0.565104 0.037500 0.040625
0 0.574479 0.226562 0.044792 0.055208
0 0.092708 0.838021 0.043750 0.030208
0 0.925000 0.532292 0.045833 0.043750
0 0.675521 0.441667 0.053125 0.039583
0 0.866667 0.397396 0.050000 0.036458
0 0.132812 0.423438 0.046875 0.048958
0 0.310937 0.291146 0.051042 0.042708
0 0.601562 0.844792 0.040625 0.041667
0 0.724479 0.223438 0.036458 0.017708
0 0.558854 0.817708 0.053125 0.045833
0 0.614062 0.822917 0.048958 0.037500
0 0.334375 0.231771 0.045833 0.048958
0 0.603125 0.474479 0.047917 0.044792
0 0.070312 0.421354 0.030208 0.048958
0 0.653125 0.229167 0.052083 0.039583
0 0.481250 0.558333 0.043750 0.033333
0 0.689063 0.748437 0.040625 0.034375
0 0.336979 0.081771 0.044792 0.042708
0 0.531250 0.959375 0.045833 0.045833
0 0.951042 0.669792 0.035417 0.037500
0 0.758854 0.808854 0.046875 0.038542
0 0.719792 0.820833 0.039583 0.041667
0 0.850521 0.688021 0.051042 0.042708
0 0.418750 0.119792 0.052083 0.045833
0 0.126042 0.144792 0.037500 0.031250
0 0.214583 0.156250 0.045833 0.029167
0 0.080208 0.472396 0.039583 0.028125
0 0.671875 0.510417 0.037500 0.052083
0 0.429688 0.301563 0.042708 0.044792
0 0.290104 0.598437 0.040625 0.030208
0 0.407292 0.838021 0.039583 0.044792
0 0.932292 0.492708 0.045833 0.031250
0 0.498958 0.339583 0.025000 0.041667
0 0.877604 0.461458 0.044792 0.045833
0 0.260937 0.146354 0.034375 0.051042
0 0.226562 0.294792 0.032292 0.052083
0 0.673958 0.819792 0.035417 0.022917
0 0.851042 0.787500 0.039583 0.052083
0 0.536458 0.807292 0.018750 0.037500
0 0.381250 0.097917 0.039583 0.041667
0 0.373437 0.823958 0.051042 0.035417
0 0.669271 0.682813 0.044792 0.051042
0 0.550000 0.393750 0.052083 0.047917
0 0.548958 0.171875 0.035417 0.037500
0 0.207292 0.294271 0.052083 0.030208
0 0.355208 0.362500 0.037500 0.027083
0 0.863021 0.747396 0.040625 0.051042
0 0.348958 0.493750 0.041667 0.027083
0 0.378646 0.161979 0.038542 0.019792
0 0.527604 0.335417 0.044792 0.035417
0 0.566667 0.226562 0.033333 0.053125
0 0.644271 0.520312 0.021875 0.038542
0 0.455208 0.809375 0.047917 0.050000
0 0.305729 0.686979 0.048958 0.046875
0 0.501563 0.145833 0.021875 0.043750
0 0.746354 0.232813 0.038542 0.046875
0 0.146875 0.343229 0.047917 0.032292
0 0.949479 0.827604 0.042708 0.044792
0 0.755729 0.905208 0.042708 0.029167
0 0.246354 0.375521 0.036458 0.040625
0 0.128646 0.651042 0.032292 0.039583
0 0.764583 0.498437 0.043750 0.021875
0 0.902083 0.124479 0.050000 0.044792
0 0.077604 0.223438 0.038542 0.038542
0 0.614062 0.436979 0.053125 0.051042
0 0.521354 0.693750 0.036458 0.037500
0 0.194271 0.758854 0.040625 0.036458
0 0.635938 0.363021 0.048958 0.032292
0 0.104167 0.392708 0.052083 0.047917
0 0.585938 0.575000 0.040625 0.020833
0 0.204167 0.353125 0.041667 0.027083
0 0.160417 0.576042 0.052083 0.043750
0 0.901042 0.905208 0.035417 0.047917
0 0.301042 0.212500 0.029167 0.045833
0 0.217188 0.617188 0.053125 0.032292
0 0.523958 0.943229 0.054167 0.051042
0 0.647396 0.399479 0.055208 0.044792
0 0.229687 0.668229 0.048958 0.034375
0 0.553125 0.648958 0.029167 0.045833
0 0.131771 0.708333 0.044792 0.052083
0 0.619792 0.339583 0.035417 0.047917
0 0.195312 0.477083 0.053125 0.043750
0 0.113021 0.350521 0.030208 0.040625
0 0.398958 0.428646 0.039583 0.023958
0 0.499479 0.104167 0.046875 0.029167
0 0.706771 0.627604 0.053125 0.032292
0 0.743229 0.598437 0.046875 0.055208
0 0.950000 0.547917 0.037500 0.041667
0 0.687500 0.243229 0.031250 0.040625
0 0.213021 0.769271 0.044792 0.030208
0 0.399479 0.417708 0.046875 0.031250
0 0.865625 0.873958 0.047917 0.039583
0 0.216667 0.458333 0.037500 0.031250
0 0.527083 0.792708 0.039583 0.022917
0 0.536458 0.902604 0.039583 0.034375
0 0.786458 0.252083 0.039583 0.041667
0 0.452604 0.692187 0.038542 0.038542
0 0.673438 0.633333 0.044792 0.033333
0 0.490625 0.386458 0.029167 0.041667
0 0.192708 0.081771 0.052083 0.051042
0 0.550521 0.784896 0.044792 0.048958
0 0.192188 0.588542 0.030208 0.039583
0 0.150000 0.102083 0.043750 0.025000
0 0.455729 0.805729 0.038542 0.051042
0 0.349479 0.679167 0.042708 0.047917
0 0.910417 0.083333 0.039583 0.047917
0 0.667708 0.659896 0.039583 0.055208
0 0.153646 0.275521 0.046875 0.048958
0 0.686458 0.253125 0.020833 0.035417
0 0.765625 0.700000 0.029167 0.045833
0 0.509375 0.930729 0.054167 0.036458
0 0.702604 0.904167 0.026042 0.047917
0 0.845313 0.828125 0.038542 0.047917
0 0.532813 0.377083 0.038542 0.047917
0 0.209375 0.752083 0.022917 0.039583
0 0.464583 0.127083 0.033333 0.050000
0 0.255208 0.420312 0.035417 0.040625
0 0.234375 0.569792 0.037500 0.041667
0 0.356250 0.636458 0.039583 0.022917
0 0.445833 0.101042 0.025000 0.041667
0 0.628646 0.313021 0.046875 0.038542
0 0.063021 0.513021 0.021875 0.038542
0 0.543750 0.177083 0.043750 0.045833
0 0.276562 0.789583 0.053125 0.045833
0 0.190104 0.681771 0.036458 0.040625
0 0.120313 0.492708 0.040625 0.054167
0 0.921875 0.541667 0.035417 0.037500
0 0.340625 0.209896 0.047917 0.023958
0 0.617188 0.367188 0.048958 0.030208
0 0.828125 0.722917 0.037500 0.047917
0 0.685417 0.113542 0.052083 0.047917
0 0.641146 0.427604 0.038542 0.055208
0 0.270313 0.178646 0.042708 0.051042
0 0.340104 0.183333 0.051042 0.029167
0 0.454688 0.291667 0.030208 0.047917
0 0.336979 0.840625 0.038542 0.043750
0 0.966667 0.680729 0.043750 0.028125
0 0.226042 0.543229 0.029167 0.040625
0 0.191667 0.765625 0.031250 0.037500
0 0.229167 0.797917 0.052083 0.037500
0 0.355208 0.282813 0.039583 0.038542
0 0.641146 0.431250 0.040625 0.041667
0 0.140104 0.900000 0.040625 0.047917
0 0.246354 0.576562 0.046875 0.023958
0 0.276042 0.536979 0.050000 0.034375
0 0.271354 0.702083 0.036458 0.037500
0 0.841667 0.366146 0.047917 0.030208
0 0.898438 0.478646 0.051042 0.038542
0 0.357292 0.797917 0.025000 0.043750
0 0.566667 0.698958 0.031250 0.050000
0 0.776042 0.310937 0.033333 0.048958
0 0.373958 0.284375 0.033333 0.052083
0 0.901042 0.119792 0.027083 0.041667
0 0.743229 0.578646 0.044792 0.042708
0 0.174479 0.494271 0.036458 0.040625
0 0.308333 0.424479 0.020833 0.038542
0 0.403125 0.839063 0.045833 0.055208
0 0.450000 0.453125 0.043750 0.035417
0 0.290104 0.667708 0.046875 0.029167
0 0.733333 0.782292 0.037500 0.031250
0 0.516146 0.331771 0.034375 0.040625
0 0.102604 0.198958 0.046875 0.029167
0 0.339583 0.157812 0.027083 0.046875
0 0.674479 0.733333 0.048958 0.027083
0 0.744792 0.920833 0.020833 0.039583
0 0.506250 0.682813 0.039583 0.034375
0 0.592187 0.885938 0.055208 0.046875
0 0.086979 0.929167 0.046875 0.052083
0 0.928125 0.313021 0.045833 0.032292
0 0.626563 0.765104 0.040625 0.028125
0 0.539583 0.518750 0.037500 0.033333
0 0.311458 0.634896 0.031250 0.040625
0 0.743229 0.754687 0.028125 0.044792
0 0.418229 0.413542 0.042708 0.039583
0 0.514062 0.622396 0.030208 0.048958
0 0.340625 0.309896 0.045833 0.055208
0 0.472917 0.818750 0.035417 0.047917
0 0.341667 0.879167 0.033333 0.047917
0 0.714063 0.368750 0.042708 0.047917
0 0.319271 0.165104 0.032292 0.040625
0 0.720833 0.207292 0.022917 0.037500
0 0.116667 0.954167 0.037500 0.031250
0 0.205208 0.488542 0.029167 0.045833
0 0.818229 0.946354 0.048958 0.055208
0 0.611458 0.283333 0.037500 0.033333
0 0.451562 0.235417 0.036458 0.020833
0 0.724479 0.701562 0.032292 0.048958
0 0.353646 0.318229 0.040625 0.032292
0 0.660417 0.373437 0.022917 0.042708
0 0.580729 0.220833 0.036458 0.047917
0 0.647917 0.106771 0.033333 0.040625
0 0.115104 0.502083 0.053125 0.047917
0 0.666667 0.510938 0.045833 0.026042
0 0.766667 0.092708 0.052083 0.043750
0 0.717187 0.643229 0.044792 0.032292
0 0.452604 0.154688 0.040625 0.032292
0 0.747917 0.267188 0.039583 0.030208
0 0.215104 0.307812 0.021875 0.038542
0 0.536979 0.884896 0.032292 0.044792
0 0.880729 0.626042 0.036458 0.043750
0 0.904687 0.172917 0.053125 0.047917
0 0.796875 0.720313 0.045833 0.036458
0 0.306771 0.327604 0.036458 0.055208
0 0.117188 0.292708 0.038542 0.035417
0 0.668750 0.769271 0.029167 0.051042
0 0.359375 0.170833 0.047917 0.039583
0 0.111979 0.866146 0.040625 0.055208
0 0.415625 0.075521 0.050000 0.038542
0 0.216146 0.286979 0.026042 0.051042
0 0.645833 0.778646 0.045833 0.034375
0 0.777604 0.360417 0.053125 0.043750
0 0.796354 0.604167 0.044792 0.045833
0 0.603125 0.364063 0.047917 0.046875
0 0.150000 0.552604 0.039583 0.034375
0 0.142708 0.514062 0.047917 0.048958
0 0.644792 0.072917 0.052083 0.039583
0 0.505729 0.710938 0.048958 0.030208
0 0.916146 0.273958 0.053125 0.047917
0 0.788542 0.711458 0.052083 0.041667
0 0.745833 0.713542 0.045833 0.031250
0 0.522917 0.625521 0.025000 0.048958
0 0.438542 0.421875 0.039583 0.025000
0 0.443229 0.172917 0.038542 0.043750
0 0.186979 0.578646 0.051042 0.036458
0 0.459896 0.429167 0.034375 0.052083
0 0.953646 0.174479 0.040625 0.036458
0 0.844271 0.178125 0.048958 0.027083
0 0.766146 0.613021 0.034375 0.048958
0 0.100521 0.665625 0.042708 0.025000
0 0.109375 0.380729 0.043750 0.048958
0 0.132812 0.677083 0.051042 0.050000
0 0.640625 0.236458 0.052083 0.041667
0 0.530208 0.402604 0.054167 0.048958
0 0.164583 0.291667 0.039583 0.047917
0 0.483854 0.308854 0.053125 0.030208
0 0.905729 0.642708 0.032292 0.043750
0 0.211458 0.612500 0.052083 0.035417
0 0.672396 0.618750 0.030208 0.047917
0 0.186458 0.351042 0.050000 0.050000
0 0.341667 0.180729 0.033333 0.053125
0 0.076563 0.749479 0.046875 0.034375
0 0.461458 0.600521 0.033333 0.053125
0 0.882812 0.357812 0.051042 0.042708
0 0.675000 0.334375 0.045833 0.043750
0 0.373958 0.290625 0.029167 0.045833
0 0.745313 0.425521 0.046875 0.034375
0 0.949479 0.648958 0.051042 0.031250
0 0.711458 0.308854 0.031250 0.040625
0 0.121875 0.891146 0.045833 0.038542
0 0.488021 0.451042 0.048958 0.052083
0 0.965104 0.647396 0.034375 0.040625
0 0.605208 0.651042 0.047917 0.050000
0 0.907292 0.867708 0.031250 0.045833
0 0.809375 0.497917 0.052083 0.039583
0 0.731771 0.102083 0.038542 0.043750
0 0.402083 0.761979 0.037500 0.044792
0 0.295833 0.252604 0.037500 0.021875
0 0.146875 0.680208 0.031250 0.050000
0 0.235937 0.757812 0.028125 0.040625
0 0.811458 0.254167 0.047917 0.033333
0 0.108854 0.898438 0.040625 0.034375
0 0.717708 0.253646 0.054167 0.042708
0 0.289062 0.108854 0.046875 0.026042
0 0.725521 0.154167 0.048958 0.035417
0 0.591146 0.404167 0.021875 0.037500
0 0.094792 0.507292 0.041667 0.037500
0 0.731250 0.307292 0.035417 0.020833
0 0.394271 0.701042 0.038542 0.052083
0 0.614062 0.343229 0.040625 0.036458
0 0.916146 0.340104 0.044792 0.042708
0 0.813021 0.463021 0.046875 0.048958
0 0.937500 0.779167 0.043750 0.025000
0 0.590625 0.477083 0.050000 0.031250
0 0.510938 0.277083 0.042708 0.054167
0 0.875000 0.916667 0.052083 0.035417
0 0.430208 0.705729 0.043750 0.055208
0 0.812500 0.506250 0.043750 0.033333
0 0.944271 0.382292 0.038542 0.027083
0 0.298438 0.423958 0.044792 0.052083
0 0.578125 0.847396 0.052083 0.051042
0 0.232292 0.588542 0.041667 0.031250
0 0.097396 0.627083 0.038542 0.029167
0 0.941146 0.556771 0.038542 0.055208
0 0.500000 0.933854 0.039583 0.030208
0 0.753646 0.826562 0.030208 0.040625
0 0.724479 0.329167 0.053125 0.039583
0 0.701042 0.908333 0.047917 0.041667
0 0.210938 0.675521 0.046875 0.036458
0 0.817187 0.891146 0.040625 0.038542
0 0.402604 0.309896 0.055208 0.038542
0 0.186979 0.598437 0.034375 0.040625
0 0.469792 0.112500 0.033333 0.043750
0 0.419271 0.593229 0.053125 0.051042
0 0.719271 0.316146 0.051042 0.044792
0 0.286979 0.326042 0.051042 0.035417
0 0.369792 0.380208 0.035417 0.037500
0 0.210938 0.243229 0.026042 0.046875
0 0.893750 0.566146 0.045833 0.048958
0 0.718750 0.382292 0.045833 0.043750
0 0.210417 0.462500 0.045833 0.027083
0 0.176563 0.473958 0.046875 0.029167
0 0.720313 0.177604 0.046875 0.036458
0 0.072396 0.532292 0.036458 0.018750
0 0.964063 0.710938 0.038542 0.021875
0 0.228646 0.126042 0.038542 0.027083
0 0.096354 0.119792 0.032292 0.039583
0 0.963021 0.159896 0.030208 0.048958
0 0.765625 0.217188 0.052083 0.030208
0 0.203125 0.554688 0.054167 0.046875
0 0.601562 0.892188 0.040625 0.038542
0 0.447396 0.298438 0.038542 0.046875
0 0.618229 0.175521 0.051042 0.042708
0 0.940625 0.716146 0.020833 0.036458
0 0.876042 0.916146 0.020833 0.036458
0 0.708854 0.074479 0.044792 0.040625
0 0.768750 0.132812 0.031250 0.048958
0 0.866146 0.650000 0.046875 0.031250
0 0.105208 0.391667 0.043750 0.045833
0 0.733333 0.751042 0.020833 0.035417
0 0.725521 0.394271 0.051042 0.053125
0 0.615625 0.375000 0.039583 0.041667
0 0.800000 0.916667 0.047917 0.033333
0 0.245312 0.630208 0.040625 0.041667
0 0.576042 0.609896 0.043750 0.030208
0 0.431771 0.517708 0.030208 0.050000
0 0.623437 0.356250 0.028125 0.045833
0 0.826562 0.130208 0.044792 0.035417
0 0.220833 0.247917 0.043750 0.052083
0 0.867188 0.779167 0.042708 0.031250
0 0.188542 0.559375 0.041667 0.027083
0 0.075521 0.129688 0.040625 0.034375
0 0.257292 0.442188 0.039583 0.028125
0 0.472917 0.374479 0.045833 0.055208
0 0.117188 0.798438 0.051042 0.042708
0 0.650521 0.326042 0.048958 0.035417
0 0.872917 0.648958 0.027083 0.047917
0 0.950000 0.625000 0.039583 0.047917
0 0.579167 0.259375 0.039583 0.052083
0 0.656250 0.219271 0.047917 0.046875
0 0.167187 0.608854 0.032292 0.046875
0 0.813021 0.133854 0.034375 0.053125
0 0.315104 0.395833 0.034375 0.047917
0 0.795833 0.213021 0.037500 0.048958
0 0.917188 0.782292 0.042708 0.037500
0 0.329167 0.458854 0.035417 0.040625
0 0.370833 0.786458 0.037500 0.033333
0 0.887500 0.131771 0.054167 0.046875
0 0.569792 0.134375 0.039583 0.052083
0 0.484375 0.215104 0.045833 0.032292
0 0.375521 0.856771 0.053125 0.030208
0 0.793750 0.602083 0.035417 0.047917
0 0.915104 0.774479 0.042708 0.051042
0 0.815104 0.839583 0.038542 0.043750
0 0.859375 0.664583 0.047917 0.039583
0 0.780208 0.333854 0.039583 0.038542
0 0.859896 0.898438 0.028125 0.051042
0 0.655729 0.558333 0.042708 0.031250
0 0.610417 0.728125 0.029167 0.041667
0 0.440104 0.811458 0.028125 0.045833
0 0.756771 0.352083 0.028125 0.039583
0 0.806250 0.623437 0.029167 0.040625
0 0.871354 0.530208 0.038542 0.027083
0 0.370833 0.734896 0.043750 0.040625
0 0.627604 0.542708 0.046875 0.052083
0 0.764062 0.654167 0.034375 0.039583
0 0.642188 0.506771 0.040625 0.044792
0 0.584896 0.503125 0.028125 0.039583
0 0.243750 0.166667 0.050000 0.031250
0 0.854688 0.827604 0.051042 0.028125
0 0.746875 0.192708 0.037500 0.027083
0 0.897917 0.946354 0.035417 0.044792
0 0.828125 0.255729 0.047917 0.046875
0 0.108333 0.583333 0.043750 0.045833
0 0.572396 0.198958 0.034375 0.043750
0 0.631771 0.918750 0.026042 0.037500
0 0.598437 0.423438 0.032292 0.048958
0 0.585938 0.938542 0.038542 0.052083
0 0.228125 0.905729 0.035417 0.048958
0 0.410417 0.436979 0.037500 0.038542
0 0.605729 0.966146 0.048958 0.055208
0 0.580729 0.336458 0.038542 0.025000
0 0.810937 0.857292 0.044792 0.033333
0 0.553646 0.127604 0.044792 0.048958
0 0.885417 0.280729 0.043750 0.048958
0 0.857812 0.395313 0.053125 0.032292
0 0.824479 0.306250 0.032292 0.039583
0 0.544792 0.096354 0.041667 0.023958
0 0.078125 0.852083 0.041667 0.052083
0 0.490625 0.747917 0.047917 0.033333
0 0.225000 0.310417 0.020833 0.035417
0 0.428646 0.678646 0.040625 0.028125
0 0.770833 0.271354 0.041667 0.044792
0 0.591146 0.322917 0.038542 0.025000
0 0.161458 0.934896 0.031250 0.040625
0 0.143229 0.715625 0.042708 0.031250
0 0.732812 0.221354 0.042708 0.051042
0 0.680208 0.916667 0.035417 0.037500
0 0.684375 0.717708 0.045833 0.043750
0 0.940104 0.906771 0.030208 0.040625
0 0.768750 0.376042 0.037500 0.033333
0 0.781250 0.894792 0.037500 0.025000
0 0.875521 0.126042 0.042708 0.039583
0 0.699479 0.535417 0.044792 0.035417
0 0.923958 0.500521 0.041667 0.055208
0 0.557292 0.643229 0.025000 0.038542
0 0.956250 0.073958 0.050000 0.029167
0 0.551042 0.112500 0.052083 0.039583
0 0.504687 0.450521 0.030208 0.044792
0 0.834375 0.544792 0.052083 0.043750
0 0.223438 0.168750 0.040625 0.041667
0 0.505729 0.297917 0.032292 0.039583
0 0.081250 0.915625 0.035417 0.037500
0 0.519792 0.828646 0.045833 0.055208
0 0.701042 0.192188 0.018750 0.036458
0 0.150521 0.656250 0.046875 0.045833
0 0.197396 0.664583 0.040625 0.022917
0 0.174479 0.679688 0.026042 0.044792
0 0.245312 0.881250 0.036458 0.047917
0 0.868750 0.226042 0.043750 0.045833
0 0.193229 0.306250 0.036458 0.020833
0 0.652604 0.514583 0.036458 0.018750
0 0.191667 0.836458 0.039583 0.025000
0 0.951042 0.895833 0.052083 0.045833
0 0.744792 0.626042 0.047917 0.041667
0 0.625000 0.544792 0.035417 0.037500
0 0.800521 0.337500 0.042708 0.041667
0 0.846875 0.114062 0.041667 0.042708
0 0.239063 0.371354 0.030208 0.044792
0 0.229687 0.748958 0.044792 0.033333
0 0.455208 0.888021 0.039583 0.044792
0 0.162500 0.077604 0.035417 0.044792
0 0.788542 0.173958 0.037500 0.035417
0 0.958854 0.103646 0.051042 0.030208
0 0.464583 0.343229 0.043750 0.030208
0 0.762500 0.764583 0.045833 0.052083
0 0.483333 0.152083 0.047917 0.025000
0 0.380208 0.118229 0.037500 0.048958
0 0.202604 0.841146 0.048958 0.046875
0 0.938542 0.749479 0.033333 0.040625
0 0.849479 0.704167 0.044792 0.027083
0 0.583333 0.420312 0.045833 0.032292
0 0.435937 0.540625 0.038542 0.047917
0 0.533854 0.229167 0.046875 0.033333
0 0.700000 0.221875 0.052083 0.045833
0 0.616667 0.705208 0.035417 0.018750
0 0.692187 0.191667 0.032292 0.043750
0 0.804167 0.739062 0.031250 0.051042
0 0.870313 0.429688 0.032292 0.048958
0 0.615625 0.962500 0.037500 0.033333
0 0.868750 0.642708 0.029167 0.037500
0 0.531771 0.167187 0.048958 0.048958
0 0.754687 0.908333 0.038542 0.035417
0 0.500521 0.895833 0.046875 0.029167
0 0.274479 0.211458 0.053125 0.047917
0 0.461458 0.655208 0.037500 0.029167
0 0.360417 0.607812 0.037500 0.053125
0 0.801562 0.805729 0.055208 0.046875
0 0.488542 0.862500 0.052083 0.041667
0 0.622396 0.631250 0.040625 0.054167
0 0.423438 0.470313 0.051042 0.053125
0 0.739062 0.127604 0.040625 0.038542
0 0.885938 0.292187 0.030208 0.048958
0 0.297396 0.260937 0.055208 0.036458
0 0.315104 0.839063 0.040625 0.044792
0 0.466146 0.202083 0.023958 0.043750
0 0.215104 0.713021 0.040625 0.036458
0 0.609896 0.480208 0.042708 0.054167
0 0.476562 0.631250 0.036458 0.018750
0 0.722396 0.759896 0.036458 0.040625
0 0.417708 0.513021 0.052083 0.051042
0 0.770312 0.491146 0.028125 0.048958
0 0.475000 0.742708 0.041667 0.037500
0 0.105729 0.651042 0.053125 0.043750
0 0.510417 0.251042 0.027083 0.037500
0 0.148438 0.665104 0.023958 0.040625
0 0.516667 0.751563 0.041667 0.032292
0 0.958333 0.278646 0.050000 0.034375
0 0.665625 0.222396 0.054167 0.036458
0 0.884896 0.360417 0.046875 0.031250
0 0.536458 0.960938 0.050000 0.053125
0 0.326562 0.502604 0.051042 0.042708
0 0.218229 0.149479 0.055208 0.048958
0 0.822396 0.313542 0.040625 0.054167
0 0.888021 0.669792 0.044792 0.035417
0 0.136979 0.725521 0.048958 0.032292
0 0.314063 0.514583 0.026042 0.047917
0 0.913021 0.675000 0.038542 0.043750
0 0.207813 0.864583 0.030208 0.039583
0 0.573438 0.913542 0.040625 0.041667
0 0.457292 0.295312 0.045833 0.026042
0 0.463542 0.314063 0.029167 0.040625
0 0.168750 0.786979 0.039583 0.034375
0 0.082812 0.188021 0.032292 0.048958
0 0.819792 0.193750 0.039583 0.020833
0 0.155729 0.785417 0.046875 0.045833
0 0.333854 0.522917 0.038542 0.035417
0 0.862500 0.888542 0.047917 0.037500
0 0.118229 0.859896 0.046875 0.038542
0 0.673438 0.110937 0.055208 0.046875
0 0.367188 0.806250 0.034375 0.047917
0 0.359896 0.309896 0.044792 0.051042
0 0.247917 0.239063 0.043750 0.030208
0 0.805208 0.715104 0.039583 0.023958
0 0.542708 0.557813 0.047917 0.028125
0 0.654687 0.802083 0.023958 0.047917
0 0.488021 0.855729 0.034375 0.040625
0 0.755208 0.815104 0.047917 0.028125
0 0.793229 0.139063 0.051042 0.038542
0 0.952604 0.775000 0.040625 0.054167
0 0.718229 0.523958 0.034375 0.043750
0 0.821875 0.658333 0.043750 0.045833
0 0.968229 0.757292 0.042708 0.037500
0 0.279167 0.795312 0.043750 0.026042
0 0.601562 0.797917 0.030208 0.047917
0 0.139583 0.082812 0.033333 0.048958
0 0.751042 0.839583 0.047917 0.035417
0 0.483333 0.253646 0.035417 0.053125
0 0.323437 0.144792 0.032292 0.047917
0 0.630729 0.635417 0.021875 0.037500
0 0.597396 0.457813 0.042708 0.051042