0 0.821875 0.645833 0.035417 0.052083
0 0.948438 0.485938 0.044792 0.042708
0 0.766146 0.277083 0.034375 0.043750
0 0.308854 0.453125 0.023958 0.047917
0 0.527604 0.187500 0.023958 0.041667
0 0.433333 0.132292 0.031250 0.050000
0 0.354167 0.877604 0.054167 0.044792
0 0.601562 0.541667 0.030208 0.039583
0 0.242708 0.220312 0.039583 0.028125
0 0.212500 0.539062 0.039583 0.030208
0 0.674479 0.790104 0.053125 0.034375
0 0.417187 0.711979 0.028125 0.040625
0 0.133333 0.664062 0.033333 0.040625
0 0.721875 0.825000 0.043750 0.033333
0 0.522396 0.229167 0.036458 0.047917
0 0.148438 0.372396 0.055208 0.046875
0 0.170313 0.114583 0.042708 0.047917
0 0.570833 0.640104 0.047917 0.044792
0 0.946354 0.828646 0.055208 0.040625
0 0.919792 0.257292 0.041667 0.025000
0 0.738542 0.928125 0.047917 0.033333
0 0.957292 0.121354 0.033333 0.040625
0 0.661979 0.271875 0.038542 0.031250
0 0.617188 0.439063 0.042708 0.021875
0 0.110937 0.534896 0.042708 0.021875
0 0.937500 0.332292 0.052083 0.047917
0 0.540625 0.566146 0.029167 0.046875
0 0.117708 0.531771 0.041667 0.032292
0 0.285417 0.259375 0.033333 0.037500
0 0.841146 0.545833 0.048958 0.033333
0 0.604167 0.292708 0.031250 0.050000
0 0.765625 0.329167 0.029167 0.041667
0 0.220833 0.874479 0.039583 0.044792
0 0.548958 0.620313 0.043750 0.040625
0 0.740625 0.531771 0.041667 0.023958
0 0.438021 0.425521 0.038542 0.051042
0 0.961458 0.366667 0.043750 0.045833
0 0.220312 0.648438 0.051042 0.038542
0 0.915625 0.920833 0.035417 0.043750
0 0.097917 0.866146 0.052083 0.032292
0 0.686458 0.306250 0.037500 0.033333
0 0.798958 0.347917 0.047917 0.039583
0 0.645833 0.729167 0.037500 0.035417
0 0.528125 0.366146 0.037500 0.019792
0 0.327604 0.115625 0.038542 0.031250
0 0.899479 0.341146 0.055208 0.038542
0 0.422917 0.493750 0.050000 0.050000
0 0.443229 0.936979 0.040625 0.023958
0 0.197396 0.955208 0.036458 0.037500
0 0.502604 0.309375 0.036458 0.052083
0 0.212500 0.322917 0.047917 0.052083
0 0.355208 0.466146 0.022917 0.038542
0 0.388542 0.114062 0.033333 0.040625
0 0.607292 0.617188 0.045833 0.038542
0 0.523958 0.430208 0.043750 0.052083
0 0.913542 0.181771 0.045833 0.023958
0 0.618750 0.953646 0.045833 0.048958
0 0.359896 0.803646 0.042708 0.055208
0 0.097396 0.443229 0.053125 0.053125
0 0.528646 0.496354 0.051042 0.038542
0 0.595833 0.203646 0.029167 0.040625
0 0.936979 0.341667 0.042708 0.033333
0 0.789583 0.208854 0.033333 0.040625
0 0.902604 0.233854 0.026042 0.046875
0 0.316146 0.913021 0.036458 0.040625
0 0.317188 0.115104 0.038542 0.051042
0 0.468229 0.901042 0.044792 0.025000
0 0.239583 0.167708 0.047917 0.041667
0 0.591667 0.728125 0.047917 0.027083
0 0.150000 0.372396 0.029167 0.046875
0 0.383333 0.541667 0.041667 0.031250
0 0.705208 0.440104 0.050000 0.040625
0 0.751042 0.567187 0.027083 0.040625
0 0.545833 0.078646 0.025000 0.046875
0 0.873437 0.846354 0.048958 0.046875
0 0.482292 0.619271 0.043750 0.026042
0 0.494792 0.921354 0.041667 0.023958
0 0.523438 0.156771 0.048958 0.046875
0 0.515625 0.748958 0.031250 0.037500
0 0.649479 0.660417 0.051042 0.035417
0 0.957292 0.456771 0.047917 0.028125
0 0.616146 0.722917 0.053125 0.041667
0 0.597396 0.446875 0.046875 0.045833
0 0.851562 0.292708 0.044792 0.054167
0 0.120833 0.511979 0.047917 0.048958
0 0.703646 0.644792 0.038542 0.031250
0 0.407292 0.614062 0.039583 0.048958
0 0.844792 0.236979 0.050000 0.053125
0 0.715625 0.573438 0.050000 0.053125
0 0.652604 0.817187 0.040625 0.055208
0 0.920312 0.879167 0.030208 0.050000
0 0.880208 0.205208 0.029167 0.045833
0 0.420312 0.623437 0.030208 0.044792
0 0.295833 0.182292 0.043750 0.033333
0 0.303646 0.704688 0.046875 0.055208
0 0.175521 0.891667 0.028125 0.045833
0 0.652083 0.567187 0.027083 0.046875
0 0.213021 0.516667 0.040625 0.020833
0 0.738542 0.488542 0.043750 0.035417
0 0.743750 0.764583 0.037500 0.018750
0 0.955729 0.581771 0.040625 0.032292
0 0.247396 0.651563 0.051042 0.042708
0 0.866146 0.457292 0.028125 0.039583
0 0.181771 0.641146 0.034375 0.046875
0 0.508333 0.873958 0.047917 0.033333
0 0.293750 0.888542 0.037500 0.047917
0 0.880208 0.188021 0.039583 0.030208
0 0.175521 0.749479 0.046875 0.048958
0 0.654687 0.664583 0.038542 0.043750
0 0.503125 0.724479 0.039583 0.044792
0 0.577604 0.451562 0.044792 0.055208
0 0.272396 0.085938 0.040625 0.026042
0 0.484375 0.917708 0.029167 0.037500
0 0.566667 0.256250 0.052083 0.045833
0 0.582292 0.572396 0.041667 0.048958
0 0.616146 0.706771 0.048958 0.046875
0 0.929167 0.263021 0.039583 0.034375
0 0.367188 0.685937 0.040625 0.034375
0 0.921875 0.870833 0.037500 0.052083
0 0.153125 0.430729 0.041667 0.023958
0 0.258854 0.283854 0.023958 0.040625
0 0.093229 0.558333 0.034375 0.037500
0 0.660417 0.930208 0.031250 0.050000
0 0.801562 0.801562 0.055208 0.044792
0 0.422396 0.258333 0.042708 0.020833
0 0.831250 0.251042 0.052083 0.043750
0 0.613021 0.315625 0.034375 0.052083
0 0.171875 0.549479 0.054167 0.048958
0 0.550521 0.497917 0.032292 0.047917
0 0.132812 0.909896 0.044792 0.026042
0 0.971354 0.441146 0.051042 0.038542
0 0.592708 0.155208 0.035417 0.037500
0 0.853125 0.266146 0.031250 0.051042
0 0.419792 0.180208 0.037500 0.052083
0 0.548438 0.641667 0.040625 0.022917
0 0.665625 0.667188 0.039583 0.044792
0 0.241667 0.566146 0.039583 0.048958
0 0.395313 0.839063 0.042708 0.044792
0 0.572396 0.836458 0.028125 0.039583
0 0.473438 0.664583 0.019792 0.037500
0 0.642188 0.591667 0.030208 0.039583
0 0.702604 0.557813 0.028125 0.051042
0 0.942187 0.191146 0.055208 0.038542
0 0.281771 0.331771 0.048958 0.048958
0 0.443750 0.655208 0.022917 0.037500
0 0.467187 0.087500 0.038542 0.035417
0 0.185417 0.596354 0.043750 0.048958
0 0.579688 0.775521 0.040625 0.051042
0 0.136979 0.920312 0.034375 0.040625
0 0.891146 0.874479 0.042708 0.023958
0 0.482812 0.453646 0.030208 0.040625
0 0.490625 0.073958 0.031250 0.037500
0 0.786979 0.119792 0.023958 0.041667
0 0.951042 0.886979 0.037500 0.038542
0 0.080208 0.247396 0.047917 0.055208
0 0.701562 0.728125 0.032292 0.052083
0 0.516146 0.832292 0.034375 0.039583
0 0.832292 0.553646 0.022917 0.038542
0 0.389583 0.744271 0.020833 0.036458
0 0.850521 0.584375 0.038542 0.031250
0 0.175000 0.732292 0.035417 0.037500
0 0.569271 0.470833 0.044792 0.047917
0 0.469271 0.089583 0.038542 0.035417
0 0.497396 0.641667 0.034375 0.043750
0 0.964063 0.673438 0.044792 0.042708
0 0.128125 0.341146 0.041667 0.021875
0 0.687500 0.238542 0.047917 0.033333
0 0.332292 0.860417 0.041667 0.029167
0 0.801562 0.727083 0.032292 0.039583
0 0.697917 0.719792 0.037500 0.033333
0 0.901042 0.128125 0.041667 0.037500
0 0.790104 0.496875 0.042708 0.039583
0 0.454167 0.465104 0.045833 0.038542
0 0.388021 0.411979 0.044792 0.051042
0 0.891146 0.337500 0.048958 0.027083
0 0.344792 0.917188 0.045833 0.036458
0 0.701562 0.245312 0.055208 0.042708
0 0.120313 0.215625 0.034375 0.043750
0 0.203646 0.882812 0.046875 0.026042
0 0.960938 0.676562 0.036458 0.040625
0 0.654167 0.500521 0.031250 0.040625
0 0.839063 0.891667 0.053125 0.037500
0 0.963542 0.655208 0.035417 0.037500
0 0.303125 0.163021 0.043750 0.040625
0 0.640625 0.929167 0.031250 0.037500
0 0.764583 0.636979 0.039583 0.023958
0 0.971875 0.116667 0.047917 0.050000
0 0.433854 0.164583 0.053125 0.039583
0 0.267188 0.873958 0.048958 0.039583
0 0.404687 0.252604 0.040625 0.026042
0 0.698958 0.189062 0.025000 0.048958
0 0.271354 0.192188 0.048958 0.048958
0 0.638542 0.140625 0.031250 0.037500
0 0.531250 0.798958 0.037500 0.047917
0 0.585938 0.086458 0.053125 0.041667
0 0.446354 0.784896 0.023958 0.046875
0 0.700521 0.509375 0.026042 0.045833
0 0.650521 0.283333 0.053125 0.045833
0 0.615104 0.514583 0.036458 0.052083
0 0.914062 0.166667 0.048958 0.027083
0 0.244792 0.757292 0.031250 0.041667
0 0.486458 0.327083 0.035417 0.018750
0 0.813542 0.397917 0.035417 0.043750
0 0.784375 0.570833 0.039583 0.041667
0 0.898438 0.485938 0.030208 0.044792
0 0.604167 0.792708 0.039583 0.041667
0 0.432812 0.916667 0.036458 0.047917
0 0.566667 0.380208 0.037500 0.031250
0 0.639583 0.163542 0.043750 0.031250
0 0.579167 0.511979 0.047917 0.032292
0 0.796354 0.134896 0.034375 0.040625
0 0.908333 0.704167 0.045833 0.045833
0 0.085938 0.102083 0.051042 0.050000
0 0.172396 0.838542 0.044792 0.035417
0 0.382292 0.603646 0.029167 0.051042
0 0.371875 0.777083 0.047917 0.041667
0 0.378125 0.223958 0.027083 0.041667
0 0.812500 0.878125 0.035417 0.037500
0 0.813542 0.361979 0.025000 0.048958
0 0.597917 0.191667 0.041667 0.039583
0 0.570312 0.421875 0.023958 0.045833
0 0.486979 0.128125 0.038542 0.029167
0 0.788021 0.880208 0.023958 0.047917
0 0.363542 0.808333 0.039583 0.041667
0 0.228125 0.126562 0.050000 0.040625
0 0.489063 0.898958 0.042708 0.037500
0 0.786979 0.839063 0.042708 0.023958
0 0.758333 0.647917 0.037500 0.025000
0 0.463542 0.235417 0.039583 0.052083
0 0.617188 0.358854 0.038542 0.040625
0 0.641667 0.524479 0.047917 0.032292
0 0.175521 0.159375 0.053125 0.037500
0 0.394792 0.739583 0.027083 0.041667
0 0.532292 0.080208 0.018750 0.037500
0 0.718229 0.423438 0.046875 0.048958
0 0.214583 0.676562 0.054167 0.042708
0 0.144792 0.433854 0.025000 0.038542
0 0.160417 0.417187 0.047917 0.053125
0 0.399479 0.804688 0.038542 0.040625
0 0.953125 0.830729 0.033333 0.048958
0 0.345833 0.173958 0.039583 0.041667
0 0.825521 0.833854 0.048958 0.044792
0 0.932292 0.640625 0.052083 0.041667
0 0.330729 0.663021 0.048958 0.046875
0 0.424479 0.743750 0.030208 0.043750
0 0.589063 0.534896 0.046875 0.055208
0 0.195833 0.698438 0.041667 0.021875
0 0.637500 0.495312 0.045833 0.034375
0 0.168750 0.084896 0.039583 0.044792
0 0.952604 0.783854 0.046875 0.026042
0 0.459896 0.843229 0.021875 0.044792
0 0.879167 0.921875 0.047917 0.027083
0 0.729688 0.658854 0.055208 0.040625
0 0.834896 0.526563 0.040625 0.051042
0 0.919271 0.360417 0.038542 0.047917
0 0.953646 0.435417 0.030208 0.047917
0 0.103125 0.732292 0.037500 0.033333
0 0.525000 0.522917 0.047917 0.033333
0 0.567708 0.645833 0.041667 0.025000
0 0.777083 0.334896 0.039583 0.044792
0 0.371354 0.334375 0.053125 0.045833
0 0.510938 0.938542 0.028125 0.043750
0 0.901042 0.439583 0.041667 0.047917
0 0.535937 0.487500 0.053125 0.045833
0 0.368229 0.553125 0.042708 0.033333
0 0.607812 0.738021 0.019792 0.038542
0 0.875521 0.198958 0.038542 0.033333
0 0.838021 0.571875 0.038542 0.047917
0 0.346354 0.395313 0.036458 0.046875
0 0.253125 0.670312 0.031250 0.053125
0 0.254167 0.712500 0.052083 0.033333
0 0.565104 0.846354 0.053125 0.051042
0 0.905729 0.567187 0.038542 0.040625
0 0.532813 0.385937 0.046875 0.038542
0 0.698958 0.657292 0.039583 0.052083
0 0.841667 0.795312 0.041667 0.048958
0 0.533854 0.265104 0.051042 0.040625
0 0.499479 0.530208 0.046875 0.043750
0 0.775000 0.462500 0.047917 0.035417
0 0.533854 0.582812 0.051042 0.038542
0 0.401562 0.248438 0.048958 0.034375
0 0.744271 0.713021 0.044792 0.030208
0 0.403125 0.125000 0.033333 0.047917
0 0.357292 0.474479 0.045833 0.036458
0 0.926562 0.888542 0.046875 0.031250
0 0.602083 0.714063 0.039583 0.023958
0 0.642708 0.815104 0.041667 0.048958
0 0.179167 0.359375 0.047917 0.039583
0 0.425000 0.854167 0.045833 0.029167
0 0.292708 0.282813 0.054167 0.048958
0 0.651042 0.293229 0.043750 0.032292
0 0.750521 0.618229 0.040625 0.028125
0 0.258333 0.815104 0.054167 0.044792
0 0.355208 0.619271 0.029167 0.044792
0 0.093229 0.769792 0.038542 0.027083
0 0.749479 0.145833 0.038542 0.025000
0 0.804167 0.466667 0.035417 0.043750
0 0.778125 0.200521 0.043750 0.040625
0 0.966667 0.580729 0.039583 0.038542
0 0.608854 0.638021 0.021875 0.038542
0 0.197396 0.673958 0.046875 0.029167
0 0.515104 0.209896 0.030208 0.040625
0 0.527083 0.528125 0.050000 0.047917
0 0.106250 0.331771 0.041667 0.023958
0 0.745313 0.292708 0.038542 0.043750
0 0.538021 0.856771 0.044792 0.028125
0 0.533333 0.236458 0.037500 0.033333
0 0.568229 0.892188 0.044792 0.051042
0 0.529167 0.129688 0.045833 0.036458
0 0.429688 0.084375 0.023958 0.041667
0 0.833333 0.129167 0.035417 0.043750
0 0.607812 0.891146 0.034375 0.053125
0 0.680208 0.534375 0.033333 0.047917
0 0.211979 0.547917 0.036458 0.052083
0 0.823958 0.087500 0.050000 0.031250
0 0.467187 0.779687 0.032292 0.048958
0 0.770312 0.946875 0.032292 0.039583
0 0.693229 0.352604 0.040625 0.055208
0 0.363021 0.806250 0.048958 0.041667
0 0.422917 0.488021 0.052083 0.051042
0 0.602083 0.857812 0.018750 0.036458
0 0.381771 0.573958 0.044792 0.033333
0 0.418750 0.275521 0.041667 0.032292
0 0.700000 0.166667 0.033333 0.037500
0 0.832292 0.805729 0.045833 0.036458
0 0.270313 0.953646 0.055208 0.042708
0 0.367188 0.767708 0.023958 0.037500
0 0.372396 0.350521 0.053125 0.051042
0 0.322917 0.391667 0.043750 0.045833
0 0.909375 0.675000 0.039583 0.047917
0 0.563542 0.560417 0.035417 0.052083
0 0.463021 0.468229 0.044792 0.055208
0 0.901563 0.223438 0.040625 0.038542
0 0.715625 0.240625 0.047917 0.052083
0 0.106771 0.356771 0.040625 0.023958
0 0.644271 0.417708 0.038542 0.035417
0 0.608333 0.262500 0.052083 0.043750
0 0.325521 0.761979 0.040625 0.036458
0 0.356771 0.890104 0.046875 0.048958
0 0.299479 0.212500 0.053125 0.043750
0 0.827083 0.155729 0.045833 0.055208
0 0.688542 0.179688 0.033333 0.044792
0 0.896875 0.672917 0.041667 0.037500
0 0.601562 0.388021 0.040625 0.034375
0 0.317708 0.490625 0.037500 0.047917
0 0.908854 0.178646 0.046875 0.048958
0 0.732292 0.945312 0.045833 0.026042
0 0.830208 0.167708 0.035417 0.052083
0 0.881250 0.938021 0.052083 0.032292
0 0.697917 0.373437 0.031250 0.044792
0 0.301042 0.579688 0.054167 0.044792
0 0.705208 0.333854 0.050000 0.026042
0 0.179688 0.805729 0.048958 0.023958
0 0.225521 0.733854 0.051042 0.034375
0 0.280208 0.594792 0.052083 0.039583
0 0.513021 0.779687 0.051042 0.030208
0 0.942187 0.517708 0.019792 0.037500
0 0.952083 0.398438 0.045833 0.055208
0 0.936458 0.846875 0.027083 0.043750
0 0.310937 0.468750 0.019792 0.035417
0 0.807813 0.577604 0.048958 0.028125
0 0.393750 0.512500 0.031250 0.037500
0 0.191146 0.195833 0.046875 0.029167
0 0.155208 0.551562 0.039583 0.036458
0 0.565625 0.842187 0.039583 0.038542
0 0.091667 0.543229 0.041667 0.055208
0 0.874479 0.428125 0.028125 0.039583
0 0.847396 0.296875 0.051042 0.033333
0 0.632812 0.445833 0.038542 0.052083
0 0.719792 0.917708 0.016667 0.033333
0 0.316146 0.135937 0.046875 0.034375
0 0.589583 0.596354 0.031250 0.044792
0 0.288542 0.873437 0.045833 0.036458
0 0.374479 0.390625 0.040625 0.025000
0 0.519271 0.635938 0.044792 0.040625
0 0.688542 0.696875 0.045833 0.029167
0 0.140625 0.167708 0.052083 0.039583
0 0.348958 0.500000 0.041667 0.047917
0 0.406250 0.893229 0.039583 0.036458
0 0.332813 0.196875 0.042708 0.029167
0 0.571875 0.811979 0.029167 0.044792
0 0.875521 0.548438 0.046875 0.036458
0 0.473438 0.680729 0.040625 0.034375
0 0.303646 0.585938 0.038542 0.040625
0 0.648438 0.220312 0.036458 0.040625
0 0.432292 0.603646 0.027083 0.046875
0 0.294271 0.168229 0.036458 0.040625
0 0.871875 0.645312 0.047917 0.028125
0 0.763542 0.323437 0.031250 0.040625
0 0.621875 0.141667 0.029167 0.045833
0 0.279167 0.683854 0.037500 0.038542
0 0.674479 0.911458 0.046875 0.031250
0 0.368229 0.352604 0.036458 0.040625
0 0.614583 0.644271 0.035417 0.040625
0 0.842187 0.542188 0.032292 0.040625
0 0.327604 0.816667 0.036458 0.037500
0 0.552604 0.708333 0.028125 0.043750
0 0.395313 0.092708 0.021875 0.043750
0 0.638021 0.961979 0.055208 0.044792
0 0.469792 0.208333 0.047917 0.027083
0 0.236458 0.566146 0.039583 0.036458
0 0.771354 0.343750 0.038542 0.025000
0 0.566667 0.343750 0.022917 0.039583
0 0.271354 0.351562 0.034375 0.046875
0 0.229687 0.168750 0.034375 0.039583
0 0.416146 0.265625 0.048958 0.035417
0 0.173437 0.245833 0.048958 0.035417
0 0.246354 0.131771 0.053125 0.032292
0 0.258333 0.946875 0.039583 0.052083
0 0.359896 0.368750 0.048958 0.041667
0 0.498958 0.659375 0.039583 0.020833
0 0.704167 0.916667 0.039583 0.052083
0 0.290104 0.130729 0.048958 0.028125
0 0.284896 0.552604 0.023958 0.040625
0 0.791667 0.688021 0.045833 0.038542
0 0.706250 0.805729 0.039583 0.038542
0 0.496354 0.627083 0.053125 0.039583
0 0.779687 0.172396 0.040625 0.032292
0 0.079687 0.411458 0.038542 0.031250
0 0.856771 0.276042 0.044792 0.054167
0 0.507812 0.640625 0.051042 0.031250
0 0.431250 0.620833 0.052083 0.047917
0 0.603646 0.286458 0.044792 0.025000
0 0.601042 0.267708 0.035417 0.037500
0 0.239063 0.569792 0.034375 0.047917
0 0.227604 0.891146 0.044792 0.030208
0 0.175000 0.225521 0.029167 0.040625
0 0.120313 0.675000 0.036458 0.043750
0 0.726042 0.340625 0.047917 0.025000
0 0.376042 0.501042 0.035417 0.037500
0 0.252083 0.134896 0.037500 0.044792
0 0.513542 0.541146 0.047917 0.046875
0 0.657813 0.670312 0.040625 0.044792
0 0.604167 0.645312 0.043750 0.048958
0 0.233854 0.748958 0.044792 0.022917
0 0.761458 0.431250 0.031250 0.045833
0 0.874479 0.093750 0.036458 0.047917
0 0.323958 0.622396 0.031250 0.048958
0 0.144271 0.431250 0.042708 0.037500
0 0.590104 0.829688 0.051042 0.042708
0 0.388542 0.258333 0.025000 0.039583
0 0.689583 0.475521 0.043750 0.048958
0 0.819792 0.119271 0.045833 0.023958
0 0.247917 0.151562 0.037500 0.048958
0 0.264583 0.855729 0.045833 0.028125
0 0.502604 0.815104 0.034375 0.040625
0 0.934896 0.323958 0.051042 0.047917
0 0.743750 0.595833 0.045833 0.043750
0 0.792188 0.897917 0.026042 0.050000
0 0.609375 0.131771 0.037500 0.048958
0 0.094271 0.602083 0.038542 0.031250
0 0.857292 0.564583 0.043750 0.052083
0 0.233333 0.596875 0.035417 0.043750
0 0.268229 0.765104 0.038542 0.046875
0 0.253646 0.265104 0.055208 0.051042
0 0.477083 0.328646 0.045833 0.048958
0 0.797917 0.392188 0.037500 0.053125
0 0.352604 0.303646 0.042708 0.051042
0 0.388542 0.558854 0.029167 0.040625
0 0.372396 0.480208 0.032292 0.043750
0 0.566667 0.865625 0.037500 0.022917
0 0.680729 0.294271 0.046875 0.034375
0 0.139063 0.489583 0.028125 0.045833
0 0.800000 0.744271 0.039583 0.038542
0 0.141146 0.437500 0.046875 0.052083
0 0.746354 0.972396 0.046875 0.048958
0 0.380729 0.335417 0.023958 0.041667
0 0.522396 0.244792 0.053125 0.037500
0 0.632812 0.596354 0.055208 0.040625
0 0.146875 0.810417 0.043750 0.035417
0 0.568750 0.581771 0.043750 0.028125
0 0.795312 0.112500 0.051042 0.050000
0 0.667708 0.593750 0.037500 0.041667
0 0.921875 0.288021 0.047917 0.053125
0 0.423438 0.239063 0.053125 0.034375
0 0.366146 0.426563 0.038542 0.046875
0 0.694792 0.652083 0.039583 0.041667
0 0.305208 0.454167 0.025000 0.037500
0 0.173437 0.146875 0.028125 0.039583
0 0.533854 0.584375 0.044792 0.025000
0 0.420833 0.357292 0.029167 0.037500
0 0.284375 0.747396 0.052083 0.053125
0 0.625000 0.393750 0.037500 0.033333
0 0.092188 0.675000 0.038542 0.035417
0 0.458333 0.345313 0.039583 0.026042
0 0.839063 0.246875 0.036458 0.037500
0 0.173437 0.818750 0.038542 0.031250
0 0.507812 0.502083 0.051042 0.035417
0 0.746875 0.951562 0.022917 0.046875
0 0.614583 0.733854 0.054167 0.042708
0 0.435417 0.156771 0.037500 0.053125
0 0.619271 0.497917 0.021875 0.043750
0 0.308333 0.476562 0.031250 0.044792
0 0.092708 0.631771 0.037500 0.023958
0 0.648958 0.679688 0.027083 0.046875
0 0.638021 0.404687 0.026042 0.040625
0 0.349479 0.933854 0.044792 0.032292
0 0.935937 0.725521 0.040625 0.044792
0 0.136979 0.873437 0.048958 0.046875
0 0.466667 0.414583 0.022917 0.037500
0 0.117188 0.283333 0.044792 0.037500
0 0.422396 0.548958 0.042708 0.037500
0 0.934896 0.832292 0.023958 0.047917
0 0.464062 0.831250 0.046875 0.027083
0 0.962500 0.135417 0.037500 0.041667
0 0.784375 0.259375 0.033333 0.047917
0 0.975000 0.756771 0.054167 0.042708
0 0.700521 0.527083 0.053125 0.035417
0 0.302083 0.927604 0.039583 0.044792
0 0.288021 0.817708 0.036458 0.037500
0 0.382292 0.517188 0.035417 0.053125
0 0.167708 0.191146 0.050000 0.053125
0 0.575521 0.586458 0.044792 0.037500
0 0.348438 0.938542 0.026042 0.050000
0 0.101042 0.675000 0.045833 0.029167
0 0.939063 0.741146 0.040625 0.034375
0 0.266146 0.747917 0.044792 0.022917
0 0.725521 0.285938 0.044792 0.026042
0 0.420312 0.179167 0.053125 0.047917
0 0.728646 0.889583 0.026042 0.039583
0 0.785937 0.229687 0.051042 0.042708
0 0.679688 0.943229 0.032292 0.040625
0 0.745833 0.345313 0.039583 0.038542
0 0.653125 0.251042 0.050000 0.031250
0 0.875000 0.650521 0.020833 0.036458
0 0.655729 0.414062 0.048958 0.046875
0 0.578646 0.518229 0.055208 0.036458
0 0.161979 0.133333 0.042708 0.029167
0 0.417187 0.940104 0.046875 0.034375
0 0.342708 0.864583 0.041667 0.039583
0 0.774479 0.111979 0.034375 0.040625
0 0.650521 0.365104 0.044792 0.040625
0 0.100000 0.950000 0.037500 0.035417
0 0.346354 0.764062 0.044792 0.030208
0 0.238542 0.089063 0.022917 0.046875
0 0.295833 0.911458 0.022917 0.045833
0 0.200521 0.820833 0.034375 0.037500
0 0.493229 0.160417 0.023958 0.037500
0 0.703125 0.246875 0.050000 0.047917
0 0.584375 0.661458 0.018750 0.035417
0 0.885417 0.215104 0.039583 0.030208
0 0.161458 0.937500 0.033333 0.037500
0 0.939063 0.096875 0.028125 0.045833
0 0.898958 0.851562 0.039583 0.030208
0 0.148438 0.382812 0.051042 0.038542
0 0.169792 0.498958 0.031250 0.037500
0 0.652604 0.946354 0.026042 0.040625
0 0.268750 0.729167 0.031250 0.045833
0 0.875000 0.233333 0.027083 0.037500
0 0.482812 0.148438 0.040625 0.034375
0 0.723958 0.471354 0.039583 0.038542
0 0.335417 0.414583 0.043750 0.045833
0 0.927604 0.581771 0.026042 0.051042
0 0.653125 0.228646 0.020833 0.036458
0 0.402604 0.910417 0.034375 0.043750
0 0.861979 0.234375 0.023958 0.043750
0 0.363021 0.073958 0.044792 0.035417
0 0.146354 0.534375 0.046875 0.043750
0 0.452604 0.550521 0.046875 0.048958
0 0.116146 0.471875 0.038542 0.031250
0 0.131771 0.133854 0.046875 0.023958
0 0.442188 0.728125 0.038542 0.022917
0 0.263542 0.429688 0.043750 0.026042
0 0.156250 0.948438 0.045833 0.048958
0 0.763021 0.849479 0.040625 0.055208
0 0.093229 0.813542 0.042708 0.037500
0 0.396875 0.118229 0.054167 0.040625
0 0.147396 0.956250 0.023958 0.041667
0 0.321875 0.952604 0.043750 0.040625
0 0.699479 0.363021 0.040625 0.051042
0 0.416146 0.218229 0.028125 0.046875
0 0.513021 0.528125 0.040625 0.041667
0 0.119271 0.425521 0.040625 0.036458
0 0.154688 0.857812 0.040625 0.034375
0 0.200521 0.264062 0.030208 0.044792
0 0.298958 0.706771 0.047917 0.044792
0 0.461979 0.111458 0.046875 0.031250
0 0.686458 0.096354 0.035417 0.040625
0 0.329688 0.501563 0.036458 0.055208
0 0.213021 0.665625 0.051042 0.033333
0 0.944271 0.780208 0.051042 0.031250
0 0.664583 0.379167 0.039583 0.041667
0 0.366146 0.560937 0.038542 0.019792
0 0.518750 0.384896 0.050000 0.038542
0 0.498958 0.098437 0.039583 0.030208
0 0.426563 0.734896 0.046875 0.034375
0 0.490625 0.558333 0.037500 0.047917
0 0.534896 0.615625 0.040625 0.022917
0 0.191667 0.802083 0.045833 0.033333
0 0.128646 0.193229 0.026042 0.046875
0 0.851042 0.711458 0.035417 0.020833
0 0.350000 0.482292 0.041667 0.027083
0 0.524479 0.278125 0.038542 0.033333
0 0.422917 0.365104 0.027083 0.042708
0 0.457813 0.593750 0.040625 0.020833
0 0.075000 0.102604 0.027083 0.040625
0 0.101562 0.382292 0.021875 0.037500
0 0.248438 0.945833 0.042708 0.027083
0 0.456771 0.613021 0.046875 0.048958
0 0.470833 0.460938 0.050000 0.044792
0 0.522917 0.831771 0.050000 0.034375
0 0.372917 0.947396 0.050000 0.040625
0 0.298438 0.911979 0.048958 0.032292
0 0.954688 0.458333 0.053125 0.043750
0 0.479687 0.836458 0.051042 0.031250
0 0.650521 0.444271 0.036458 0.051042
0 0.583333 0.870313 0.037500 0.040625
0 0.927083 0.104167 0.035417 0.018750
0 0.784375 0.614583 0.029167 0.041667
0 0.519271 0.414062 0.046875 0.036458
0 0.855208 0.076042 0.020833 0.039583
0 0.588021 0.100000 0.044792 0.025000
0 0.264583 0.680208 0.047917 0.033333
0 0.117188 0.636979 0.026042 0.044792
0 0.832812 0.358854 0.034375 0.053125
0 0.338021 0.744271 0.036458 0.040625
0 0.407292 0.201563 0.050000 0.038542
0 0.813021 0.572396 0.030208 0.053125
0 0.379688 0.648958 0.048958 0.027083
0 0.500000 0.421875 0.039583 0.052083
0 0.172396 0.761979 0.034375 0.046875
0 0.283854 0.561458 0.042708 0.041667
0 0.833854 0.113021 0.034375 0.053125
0 0.435937 0.953646 0.038542 0.055208
0 0.680729 0.641146 0.030208 0.048958
0 0.707812 0.117708 0.023958 0.037500
0 0.617188 0.923958 0.051042 0.029167
0 0.731771 0.686979 0.028125 0.048958
0 0.866667 0.184375 0.047917 0.041667
0 0.357292 0.116146 0.027083 0.046875
0 0.189583 0.829167 0.031250 0.041667
0 0.703646 0.651563 0.044792 0.048958
0 0.873958 0.945833 0.043750 0.033333
0 0.191667 0.302083 0.027083 0.047917
0 0.172917 0.475521 0.029167 0.046875
0 0.323958 0.338542 0.037500 0.029167
0 0.816667 0.745313 0.045833 0.028125
0 0.506771 0.629687 0.021875 0.042708
0 0.851042 0.091146 0.037500 0.040625
0 0.669792 0.133854 0.039583 0.023958
0 0.609375 0.244271 0.035417 0.053125
0 0.496354 0.079687 0.036458 0.051042
0 0.300521 0.664062 0.053125 0.051042
0 0.711458 0.573958 0.043750 0.045833
0 0.579167 0.775000 0.052083 0.043750
0 0.335938 0.663021 0.034375 0.053125
0 0.306771 0.134375 0.038542 0.031250
0 0.089583 0.601562 0.054167 0.040625
0 0.275000 0.595833 0.043750 0.035417
0 0.905208 0.071354 0.041667 0.032292
0 0.245312 0.286458 0.042708 0.054167
0 0.171875 0.134375 0.039583 0.047917
0 0.546875 0.765625 0.047917 0.039583
0 0.217708 0.654687 0.027083 0.042708
0 0.159896 0.358854 0.036458 0.040625
0 0.642708 0.417187 0.043750 0.028125
0 0.514062 0.393750 0.030208 0.039583
0 0.605208 0.195312 0.047917 0.028125
0 0.750000 0.744271 0.033333 0.044792
0 0.392708 0.959896 0.039583 0.036458
0 0.939063 0.524479 0.051042 0.038542
0 0.825000 0.112500 0.043750 0.052083
0 0.808333 0.552083 0.045833 0.027083
0 0.190104 0.680729 0.026042 0.051042
0 0.245833 0.347396 0.031250 0.040625
0 0.938021 0.945312 0.040625 0.044792
0 0.299479 0.481250 0.042708 0.033333
0 0.956250 0.916146 0.054167 0.046875
0 0.560417 0.341667 0.045833 0.029167
0 0.927083 0.249479 0.027083 0.051042
0 0.127604 0.088021 0.040625 0.038542
0 0.234375 0.429688 0.054167 0.040625
0 0.826042 0.610417 0.039583 0.047917
0 0.609375 0.963542 0.045833 0.043750
0 0.918750 0.422396 0.039583 0.038542
0 0.963021 0.138542 0.042708 0.047917
0 0.770833 0.725521 0.031250 0.044792
0 0.249479 0.839063 0.038542 0.051042
0 0.970313 0.139583 0.051042 0.050000
0 0.631771 0.143229 0.026042 0.044792
0 0.824479 0.228646 0.044792 0.042708
0 0.770833 0.251042 0.043750 0.025000
0 0.167708 0.477083 0.045833 0.029167
0 0.124479 0.488542 0.021875 0.037500
0 0.689583 0.546354 0.045833 0.038542
0 0.277083 0.186979 0.033333 0.040625
0 0.648438 0.359896 0.023958 0.040625
0 0.839063 0.443750 0.044792 0.033333
0 0.788021 0.660937 0.051042 0.036458
0 0.423438 0.629687 0.053125 0.051042
0 0.188542 0.861979 0.047917 0.030208
0 0.449479 0.116667 0.019792 0.035417
0 0.915625 0.619271 0.041667 0.023958
0 0.365104 0.916667 0.038542 0.047917
0 0.803125 0.172917 0.037500 0.027083
0 0.357292 0.852604 0.037500 0.038542
0 0.472917 0.423958 0.022917 0.037500
0 0.317708 0.745313 0.029167 0.044792
0 0.718229 0.568750 0.038542 0.031250
0 0.966667 0.611458 0.052083 0.037500
0 0.348438 0.527604 0.032292 0.048958
0 0.384375 0.223958 0.027083 0.037500
0 0.642188 0.301042 0.038542 0.035417
0 0.132812 0.479687 0.026042 0.040625
0 0.903125 0.427083 0.052083 0.039583
0 0.443229 0.876563 0.053125 0.034375
0 0.285938 0.815104 0.046875 0.055208
0 0.435937 0.608854 0.036458 0.040625
0 0.433854 0.260417 0.042708 0.039583
0 0.639583 0.805729 0.039583 0.038542
0 0.231771 0.151562 0.034375 0.040625
0 0.489063 0.104688 0.023958 0.040625
0 0.211458 0.110417 0.047917 0.052083
0 0.229167 0.303125 0.031250 0.037500
0 0.369792 0.669271 0.050000 0.034375
0 0.835938 0.190625 0.053125 0.035417
0 0.215625 0.743229 0.027083 0.042708
0 0.514583 0.689063 0.050000 0.042708
0 0.394271 0.113021 0.051042 0.028125
0 0.150521 0.682292 0.036458 0.043750
0 0.813542 0.306771 0.035417 0.044792
0 0.723958 0.578125 0.045833 0.043750
0 0.747917 0.725521 0.050000 0.034375
0 0.338021 0.273958 0.034375 0.039583
0 0.079687 0.153125 0.038542 0.047917
0 0.472917 0.214062 0.039583 0.048958
0 0.689063 0.936979 0.032292 0.040625
0 0.920833 0.734375 0.035417 0.020833
0 0.277083 0.884896 0.045833 0.036458
0 0.552604 0.242188 0.046875 0.034375
0 0.733854 0.590104 0.040625 0.036458
0 0.824479 0.341667 0.036458 0.022917
0 0.515625 0.497917 0.037500 0.033333
0 0.205208 0.635938 0.037500 0.048958
0 0.891667 0.712500 0.052083 0.047917
0 0.119792 0.505208 0.043750 0.035417
0 0.592187 0.636979 0.034375 0.053125
0 0.768229 0.204167 0.038542 0.033333
0 0.613542 0.661979 0.045833 0.048958
0 0.514062 0.196354 0.055208 0.036458
0 0.266146 0.544271 0.026042 0.051042
0 0.563542 0.766667 0.039583 0.041667
0 0.114583 0.704167 0.041667 0.027083
0 0.597917 0.510417 0.035417 0.020833
0 0.403125 0.633333 0.043750 0.052083
0 0.444792 0.367188 0.029167 0.051042
0 0.529687 0.831771 0.026042 0.051042
0 0.127604 0.194792 0.030208 0.050000
0 0.910937 0.636458 0.044792 0.035417
0 0.599479 0.795312 0.046875 0.038542