0 0.136979 0.375521 0.055208 0.046875
0 0.333333 0.602083 0.033333 0.037500
0 0.798958 0.672917 0.037500 0.031250
0 0.304688 0.844271 0.042708 0.055208
0 0.443750 0.186458 0.052083 0.039583
0 0.856250 0.753125 0.035417 0.018750
0 0.926562 0.461979 0.028125 0.040625
0 0.232292 0.361979 0.052083 0.053125
0 0.386458 0.458333 0.045833 0.045833
0 0.454167 0.950000 0.043750 0.033333
0 0.283333 0.670312 0.045833 0.036458
0 0.393229 0.161979 0.042708 0.044792
0 0.519271 0.678125 0.046875 0.033333
0 0.360938 0.860417 0.021875 0.037500
0 0.810937 0.550521 0.038542 0.040625
0 0.439063 0.213542 0.042708 0.047917
0 0.803646 0.911458 0.032292 0.047917
0 0.668229 0.409375 0.032292 0.039583
0 0.270313 0.613021 0.040625 0.044792
0 0.357292 0.467187 0.039583 0.032292
0 0.763021 0.324479 0.048958 0.055208
0 0.715625 0.949479 0.031250 0.053125
0 0.338021 0.319792 0.032292 0.052083
0 0.530729 0.755729 0.026042 0.040625
0 0.629167 0.666667 0.037500 0.035417
0 0.317188 0.317188 0.026042 0.046875
0 0.395833 0.473438 0.041667 0.044792
0 0.234375 0.101042 0.041667 0.039583
0 0.567708 0.577604 0.031250 0.044792
0 0.700521 0.664062 0.051042 0.038542
0 0.507292 0.782292 0.035417 0.037500
0 0.939063 0.467187 0.053125 0.032292
0 0.164062 0.311979 0.042708 0.051042
0 0.590625 0.497917 0.033333 0.037500
0 0.695833 0.212500 0.037500 0.041667
0 0.505208 0.851042 0.052083 0.043750
0 0.734375 0.461458 0.041667 0.037500
0 0.613021 0.328125 0.026042 0.045833
0 0.565104 0.136979 0.055208 0.042708
0 0.258333 0.454167 0.020833 0.039583
0 0.726562 0.446875 0.032292 0.039583
0 0.872917 0.123438 0.052083 0.030208
0 0.487500 0.674479 0.043750 0.040625
0 0.720313 0.135937 0.046875 0.038542
0 0.518750 0.828125 0.039583 0.047917
0 0.483333 0.779687 0.047917 0.046875
0 0.733854 0.646875 0.034375 0.039583
0 0.883333 0.446354 0.039583 0.048958
0 0.646354 0.218229 0.046875 0.036458
0 0.426042 0.554167 0.031250 0.043750
0 0.813542 0.527083 0.029167 0.050000
0 0.747917 0.077604 0.054167 0.036458
0 0.345313 0.771354 0.026042 0.046875
0 0.257292 0.141146 0.041667 0.044792
0 0.415104 0.457813 0.028125 0.048958
0 0.503125 0.362500 0.045833 0.031250
0 0.456250 0.791667 0.035417 0.020833
0 0.972917 0.809375 0.050000 0.029167
0 0.211979 0.225521 0.051042 0.036458
0 0.164062 0.840625 0.053125 0.037500
0 0.494271 0.865625 0.048958 0.033333
0 0.297396 0.807813 0.051042 0.028125
0 0.396354 0.397396 0.036458 0.040625
0 0.315104 0.631771 0.044792 0.026042
0 0.865104 0.540625 0.053125 0.041667
0 0.098437 0.832812 0.055208 0.048958
0 0.433854 0.682813 0.053125 0.053125
0 0.332292 0.950000 0.020833 0.035417
0 0.691667 0.094792 0.037500 0.031250
0 0.573958 0.964063 0.047917 0.046875
0 0.185417 0.155729 0.052083 0.032292
0 0.918750 0.639583 0.047917 0.027083
0 0.797396 0.680208 0.038542 0.031250
0 0.523958 0.578646 0.031250 0.048958
0 0.370312 0.800000 0.038542 0.047917
0 0.935937 0.163021 0.040625 0.030208
0 0.625521 0.304688 0.046875 0.028125
0 0.765625 0.581771 0.035417 0.048958
0 0.585417 0.938542 0.043750 0.033333
0 0.814063 0.180208 0.038542 0.035417
0 0.083854 0.546875 0.044792 0.052083
0 0.384896 0.082812 0.046875 0.036458
0 0.741667 0.164062 0.043750 0.028125
0 0.925521 0.207292 0.034375 0.052083
0 0.701562 0.488021 0.028125 0.044792
0 0.360417 0.471354 0.054167 0.036458
0 0.132812 0.930729 0.040625 0.019792
0 0.871354 0.314583 0.044792 0.052083
0 0.470313 0.954167 0.040625 0.054167
0 0.358854 0.290104 0.053125 0.053125
0 0.726042 0.259896 0.033333 0.048958
0 0.620833 0.233854 0.043750 0.026042
0 0.192188 0.565625 0.028125 0.043750
0 0.585938 0.377604 0.040625 0.032292
0 0.611979 0.892708 0.042708 0.047917
0 0.244792 0.584375 0.045833 0.033333
0 0.205208 0.652083 0.043750 0.035417
0 0.579167 0.192188 0.050000 0.034375
0 0.429688 0.364063 0.040625 0.034375
0 0.511458 0.404687 0.050000 0.042708
0 0.383333 0.165104 0.037500 0.021875
0 0.810417 0.522396 0.052083 0.051042
0 0.808854 0.128646 0.038542 0.051042
0 0.426042 0.600521 0.052083 0.030208
0 0.823438 0.431771 0.026042 0.040625
0 0.827083 0.661979 0.033333 0.048958
0 0.125000 0.694792 0.041667 0.039583
0 0.906771 0.547396 0.023958 0.042708
0 0.911458 0.544792 0.047917 0.039583
0 0.777083 0.540625 0.035417 0.035417
0 0.160938 0.741667 0.051042 0.031250
0 0.396875 0.396875 0.037500 0.041667
0 0.903646 0.430208 0.044792 0.027083
0 0.122396 0.708854 0.048958 0.055208
0 0.235417 0.882812 0.035417 0.044792
0 0.090625 0.478125 0.022917 0.039583
0 0.083854 0.934896 0.038542 0.021875
0 0.215104 0.179167 0.021875 0.037500
0 0.718750 0.383854 0.039583 0.030208
0 0.630729 0.659375 0.026042 0.045833
0 0.586458 0.162500 0.033333 0.037500
0 0.825000 0.509896 0.045833 0.055208
0 0.066146 0.393750 0.026042 0.047917
0 0.958333 0.656250 0.043750 0.033333
0 0.872396 0.709375 0.048958 0.025000
0 0.752604 0.732812 0.023958 0.046875
0 0.912500 0.739062 0.050000 0.040625
0 0.554688 0.809375 0.042708 0.037500
0 0.445833 0.322396 0.029167 0.046875
0 0.669792 0.349479 0.029167 0.040625
0 0.678646 0.222396 0.028125 0.048958
0 0.188021 0.587500 0.044792 0.045833
0 0.697396 0.484375 0.028125 0.045833
0 0.281250 0.793229 0.039583 0.053125
0 0.245833 0.238021 0.039583 0.044792
0 0.213542 0.855729 0.035417 0.040625
0 0.238542 0.820312 0.022917 0.038542
0 0.129688 0.138542 0.026042 0.045833
0 0.840104 0.170833 0.053125 0.045833
0 0.940104 0.634375 0.042708 0.047917
0 0.225000 0.381771 0.052083 0.034375
0 0.626042 0.283333 0.043750 0.035417
0 0.117708 0.315625 0.052083 0.045833
0 0.507292 0.155208 0.043750 0.025000
0 0.094271 0.226562 0.040625 0.034375
0 0.250521 0.447917 0.046875 0.031250
0 0.281771 0.418229 0.055208 0.051042
0 0.217708 0.167708 0.037500 0.033333
0 0.437500 0.100521 0.035417 0.044792
0 0.896875 0.688542 0.052083 0.047917
0 0.911979 0.945833 0.042708 0.039583
0 0.585938 0.260937 0.046875 0.034375
0 0.198437 0.873958 0.034375 0.039583
0 0.493229 0.917188 0.055208 0.046875
0 0.543750 0.966667 0.043750 0.052083
0 0.078646 0.889062 0.028125 0.044792
0 0.414062 0.180729 0.036458 0.055208
0 0.843229 0.760417 0.028125 0.050000
0 0.163021 0.439583 0.042708 0.054167
0 0.702083 0.765625 0.037500 0.043750
0 0.870833 0.097396 0.031250 0.048958
0 0.469271 0.883854 0.053125 0.051042
0 0.945833 0.914062 0.029167 0.040625
0 0.540104 0.505208 0.053125 0.045833
0 0.138542 0.267708 0.041667 0.047917
0 0.733854 0.840104 0.053125 0.051042
0 0.275521 0.479167 0.023958 0.037500
0 0.458854 0.899479 0.023958 0.046875
0 0.116667 0.786979 0.031250 0.048958
0 0.701042 0.502083 0.041667 0.027083
0 0.377604 0.595313 0.026042 0.040625
0 0.872917 0.690625 0.047917 0.039583
0 0.685937 0.223958 0.030208 0.043750
0 0.696875 0.410417 0.020833 0.035417
0 0.804688 0.776563 0.046875 0.048958
0 0.345313 0.797396 0.044792 0.026042
0 0.607292 0.803125 0.037500 0.035417
0 0.353125 0.176563 0.029167 0.044792
0 0.809375 0.601562 0.039583 0.023958
0 0.376563 0.591146 0.021875 0.038542
0 0.523438 0.313021 0.055208 0.046875
0 0.466667 0.733333 0.037500 0.027083
0 0.512500 0.756771 0.045833 0.048958
0 0.526042 0.601562 0.027083 0.040625
0 0.445312 0.943750 0.044792 0.033333
0 0.432292 0.433333 0.037500 0.033333
0 0.132292 0.213542 0.043750 0.045833
0 0.228646 0.447917 0.038542 0.047917
0 0.408333 0.505729 0.031250 0.040625
0 0.563542 0.719792 0.043750 0.031250
0 0.524479 0.935417 0.042708 0.037500
0 0.812500 0.862500 0.033333 0.043750
0 0.458333 0.501042 0.033333 0.043750
0 0.279167 0.579688 0.039583 0.028125
0 0.337500 0.269271 0.031250 0.048958
0 0.220312 0.109896 0.051042 0.044792
0 0.146875 0.727083 0.041667 0.025000
0 0.247396 0.500521 0.048958 0.032292
0 0.365104 0.450000 0.046875 0.033333
0 0.288021 0.541146 0.044792 0.026042
0 0.513021 0.422396 0.038542 0.023958
0 0.328125 0.853646 0.031250 0.040625
0 0.407813 0.679167 0.026042 0.039583
0 0.710417 0.176042 0.043750 0.035417
0 0.572396 0.597917 0.044792 0.045833
0 0.119271 0.697396 0.030208 0.051042
0 0.945833 0.313021 0.031250 0.044792
0 0.672396 0.102083 0.051042 0.047917
0 0.922917 0.649479 0.025000 0.038542
0 0.568750 0.423958 0.037500 0.035417
0 0.082292 0.338542 0.047917 0.052083
0 0.822917 0.716667 0.039583 0.022917
0 0.847396 0.417187 0.038542 0.055208
0 0.757292 0.337500 0.035417 0.020833
0 0.896875 0.305208 0.035417 0.047917
0 0.634896 0.460938 0.036458 0.017708
0 0.576562 0.195833 0.023958 0.041667
0 0.144271 0.359375 0.036458 0.043750
0 0.531250 0.713542 0.025000 0.043750
0 0.468229 0.255208 0.048958 0.041667
0 0.943750 0.587500 0.035417 0.037500
0 0.590625 0.389062 0.039583 0.044792
0 0.593750 0.663021 0.045833 0.026042
0 0.389583 0.559896 0.041667 0.023958
0 0.210417 0.574479 0.050000 0.034375
0 0.570312 0.938542 0.032292 0.052083
0 0.270313 0.780208 0.021875 0.037500
0 0.214062 0.208854 0.036458 0.046875
0 0.967187 0.560417 0.038542 0.043750
0 0.672396 0.336979 0.044792 0.032292
0 0.818229 0.539062 0.036458 0.040625
0 0.366667 0.553646 0.039583 0.026042
0 0.711458 0.774479 0.052083 0.051042
0 0.442708 0.461458 0.052083 0.037500
0 0.204687 0.889062 0.055208 0.044792
0 0.706771 0.243750 0.048958 0.039583
0 0.421875 0.397917 0.029167 0.037500
0 0.838542 0.284896 0.043750 0.030208
0 0.630729 0.244792 0.053125 0.041667
0 0.941146 0.345833 0.034375 0.043750
0 0.947396 0.174479 0.044792 0.028125
0 0.136979 0.779687 0.044792 0.051042
0 0.789062 0.213542 0.042708 0.037500
0 0.739062 0.862500 0.034375 0.052083
0 0.762500 0.327083 0.037500 0.035417
0 0.740625 0.377083 0.020833 0.041667
0 0.882292 0.190104 0.054167 0.042708
0 0.419271 0.120313 0.055208 0.046875
0 0.408333 0.169792 0.041667 0.047917
0 0.897396 0.201563 0.026042 0.040625
0 0.466146 0.752604 0.051042 0.028125
0 0.289062 0.755729 0.051042 0.040625
0 0.954688 0.803125 0.048958 0.035417
0 0.728646 0.152083 0.042708 0.025000
0 0.573958 0.194792 0.047917 0.025000
0 0.121875 0.625000 0.035417 0.037500
0 0.511979 0.430208 0.046875 0.052083
0 0.696354 0.195833 0.042708 0.054167
0 0.125000 0.422917 0.037500 0.033333
0 0.795312 0.841146 0.046875 0.036458
0 0.633333 0.496354 0.043750 0.030208
0 0.128125 0.370833 0.041667 0.025000
0 0.259375 0.506250 0.020833 0.039583
0 0.869792 0.643750 0.043750 0.033333
0 0.122396 0.182292 0.034375 0.039583
0 0.396875 0.941667 0.047917 0.052083
0 0.681250 0.746354 0.022917 0.038542
0 0.726562 0.904687 0.048958 0.046875
0 0.756250 0.896875 0.043750 0.052083
0 0.789583 0.182292 0.047917 0.037500
0 0.830729 0.897917 0.042708 0.047917
0 0.639062 0.094271 0.044792 0.042708
0 0.579167 0.882812 0.050000 0.044792
0 0.443229 0.498958 0.038542 0.033333
0 0.451042 0.502083 0.039583 0.022917
0 0.524479 0.291667 0.042708 0.039583
0 0.120313 0.521875 0.048958 0.033333
0 0.121354 0.609375 0.042708 0.029167
0 0.594271 0.523438 0.044792 0.042708
0 0.833854 0.768229 0.046875 0.048958
0 0.863542 0.075521 0.052083 0.030208
0 0.837500 0.372396 0.052083 0.034375
0 0.564063 0.386979 0.021875 0.042708
0 0.527604 0.088542 0.051042 0.029167
0 0.470833 0.189583 0.039583 0.020833
0 0.956771 0.921354 0.038542 0.019792
0 0.121354 0.682813 0.044792 0.032292
0 0.805729 0.604688 0.048958 0.032292
0 0.343229 0.352604 0.055208 0.046875
0 0.838542 0.914583 0.027083 0.037500
0 0.913542 0.466146 0.054167 0.040625
0 0.531250 0.191667 0.047917 0.035417
0 0.302604 0.456250 0.053125 0.035417
0 0.255729 0.575000 0.034375 0.043750
0 0.305729 0.679688 0.046875 0.026042
0 0.269271 0.886458 0.042708 0.054167
0 0.575000 0.244792 0.045833 0.052083
0 0.375521 0.706771 0.034375 0.040625
0 0.819271 0.627083 0.044792 0.047917
0 0.952604 0.876563 0.040625 0.044792
0 0.751563 0.512500 0.048958 0.035417
0 0.898438 0.477604 0.053125 0.051042
0 0.481250 0.854167 0.039583 0.041667
0 0.580208 0.669271 0.039583 0.044792
0 0.314583 0.181250 0.035417 0.043750
0 0.721875 0.765104 0.035417 0.040625
0 0.842187 0.627083 0.026042 0.041667
0 0.211979 0.250521 0.036458 0.040625
0 0.229687 0.698958 0.044792 0.047917
0 0.354687 0.128646 0.034375 0.053125
0 0.336979 0.903125 0.038542 0.029167
0 0.213542 0.615104 0.035417 0.044792
0 0.792188 0.869792 0.038542 0.047917
0 0.520833 0.442708 0.029167 0.041667
0 0.654687 0.963542 0.034375 0.047917
0 0.489583 0.189062 0.037500 0.048958
0 0.679688 0.200000 0.023958 0.043750
0 0.886458 0.663021 0.037500 0.019792
0 0.339062 0.331771 0.051042 0.044792
0 0.311458 0.726042 0.045833 0.043750
0 0.418750 0.929167 0.022917 0.039583
0 0.435937 0.390625 0.036458 0.037500
0 0.753125 0.681771 0.043750 0.030208
0 0.805208 0.760938 0.029167 0.040625
0 0.561458 0.095312 0.043750 0.042708
0 0.088542 0.777083 0.052083 0.047917
0 0.413542 0.755208 0.027083 0.047917
0 0.405208 0.416146 0.027083 0.048958
0 0.412500 0.078646 0.052083 0.051042
0 0.742188 0.764583 0.021875 0.037500
0 0.422396 0.583854 0.040625 0.028125
0 0.326042 0.795833 0.035417 0.018750
0 0.139063 0.921875 0.036458 0.043750
0 0.296354 0.172396 0.055208 0.042708
0 0.909375 0.469792 0.037500 0.041667
0 0.315104 0.172396 0.055208 0.042708
0 0.372396 0.594271 0.038542 0.040625
0 0.585938 0.302604 0.040625 0.036458
0 0.745313 0.806771 0.051042 0.036458
0 0.700000 0.865104 0.039583 0.038542
0 0.486979 0.209375 0.048958 0.025000
0 0.569792 0.721354 0.045833 0.032292
0 0.279687 0.715104 0.044792 0.042708
0 0.104688 0.901563 0.023958 0.042708
0 0.770833 0.408333 0.043750 0.022917
0 0.477604 0.706250 0.038542 0.043750
0 0.104688 0.450000 0.051042 0.050000
0 0.850521 0.842708 0.032292 0.043750
0 0.140625 0.659896 0.027083 0.040625
0 0.202083 0.798958 0.031250 0.041667
0 0.288021 0.188021 0.026042 0.051042
0 0.558333 0.099479 0.039583 0.038542
0 0.112500 0.444271 0.020833 0.038542
0 0.938542 0.103125 0.029167 0.045833
0 0.822396 0.143750 0.036458 0.020833
0 0.591667 0.867188 0.045833 0.028125
0 0.273958 0.608333 0.045833 0.052083
0 0.742188 0.084375 0.030208 0.039583
0 0.761458 0.311458 0.039583 0.041667
0 0.226042 0.074479 0.050000 0.026042
0 0.106250 0.854688 0.037500 0.038542
0 0.570312 0.767188 0.026042 0.040625
0 0.343229 0.657813 0.048958 0.055208
0 0.434375 0.757812 0.050000 0.042708
0 0.755729 0.699479 0.038542 0.055208
0 0.509896 0.590104 0.046875 0.040625
0 0.674479 0.325000 0.048958 0.025000
0 0.872917 0.700000 0.035417 0.018750
0 0.368229 0.896875 0.042708 0.037500
0 0.223958 0.611979 0.050000 0.044792
0 0.825521 0.828125 0.044792 0.025000
0 0.341667 0.918750 0.052083 0.041667
0 0.722917 0.610938 0.018750 0.036458
0 0.779167 0.358854 0.033333 0.048958
0 0.693229 0.316146 0.040625 0.044792
0 0.197917 0.155729 0.031250 0.040625
0 0.152604 0.238021 0.055208 0.040625
0 0.938542 0.885938 0.054167 0.040625
0 0.278125 0.821354 0.047917 0.046875
0 0.355208 0.417187 0.027083 0.038542
0 0.189583 0.570312 0.045833 0.034375
0 0.805729 0.313542 0.036458 0.043750
0 0.630729 0.206250 0.030208 0.039583
0 0.936458 0.784896 0.037500 0.038542
0 0.294271 0.888021 0.044792 0.042708
0 0.133333 0.314063 0.045833 0.038542
0 0.232813 0.406771 0.044792 0.026042
0 0.894792 0.601042 0.035417 0.020833
0 0.143750 0.079687 0.054167 0.042708
0 0.962500 0.217708 0.050000 0.029167
0 0.867708 0.557813 0.043750 0.048958
0 0.941146 0.090104 0.046875 0.038542
0 0.541667 0.320833 0.052083 0.047917
0 0.482292 0.940104 0.035417 0.040625
0 0.812500 0.769792 0.045833 0.029167
0 0.128125 0.126042 0.025000 0.037500
0 0.736979 0.431771 0.032292 0.040625
0 0.645312 0.261458 0.038542 0.025000
0 0.705729 0.562500 0.026042 0.041667
0 0.740104 0.386979 0.048958 0.032292
0 0.627083 0.526042 0.035417 0.037500
0 0.268229 0.959375 0.036458 0.043750
0 0.953646 0.842187 0.028125 0.040625
0 0.682813 0.812500 0.026042 0.045833
0 0.275521 0.096875 0.042708 0.047917
0 0.669271 0.794792 0.040625 0.041667
0 0.157812 0.951562 0.055208 0.038542
0 0.726562 0.606250 0.051042 0.047917
0 0.890625 0.381771 0.050000 0.042708
0 0.155208 0.082292 0.047917 0.027083
0 0.646875 0.111979 0.052083 0.034375
0 0.645312 0.447396 0.021875 0.042708
0 0.860938 0.851562 0.040625 0.044792
0 0.727083 0.568750 0.020833 0.035417
0 0.300521 0.459896 0.051042 0.053125
0 0.929688 0.082812 0.046875 0.034375
0 0.661979 0.967708 0.040625 0.041667
0 0.338021 0.930729 0.034375 0.040625
0 0.558333 0.228125 0.052083 0.043750
0 0.881250 0.136458 0.027083 0.043750
0 0.431250 0.957292 0.031250 0.037500
0 0.299479 0.856771 0.055208 0.038542
0 0.794792 0.596354 0.043750 0.048958
0 0.267708 0.228646 0.045833 0.036458
0 0.177604 0.454167 0.032292 0.047917
0 0.207813 0.267188 0.042708 0.051042
0 0.954688 0.635938 0.055208 0.036458
0 0.393229 0.302604 0.048958 0.055208
0 0.380729 0.284375 0.023958 0.037500
0 0.321875 0.353125 0.052083 0.047917
0 0.903646 0.184375 0.034375 0.039583
0 0.702083 0.388542 0.052083 0.045833
0 0.871875 0.708333 0.033333 0.037500
0 0.363021 0.748958 0.046875 0.052083
0 0.654167 0.113021 0.047917 0.046875
0 0.716667 0.364063 0.043750 0.055208
0 0.858854 0.398958 0.044792 0.025000
0 0.557292 0.192708 0.052083 0.039583
0 0.429167 0.632292 0.035417 0.020833
0 0.084896 0.384375 0.042708 0.039583
0 0.892188 0.645312 0.046875 0.055208
0 0.200000 0.694792 0.037500 0.047917
0 0.329688 0.248958 0.044792 0.025000
0 0.291667 0.157812 0.045833 0.036458
0 0.207813 0.252604 0.036458 0.046875
0 0.200000 0.315104 0.043750 0.026042
0 0.745833 0.454167 0.041667 0.037500
0 0.656250 0.693229 0.035417 0.053125
0 0.903125 0.604688 0.025000 0.042708
0 0.489063 0.219271 0.053125 0.053125
0 0.182292 0.791667 0.035417 0.043750
0 0.715104 0.135417 0.053125 0.045833
0 0.955208 0.857812 0.037500 0.053125
0 0.261458 0.507292 0.025000 0.043750
0 0.196354 0.653125 0.051042 0.047917
0 0.708333 0.443750 0.037500 0.022917
0 0.116667 0.953646 0.025000 0.038542
0 0.119792 0.639583 0.029167 0.041667
0 0.459375 0.888542 0.043750 0.025000
0 0.879687 0.360938 0.023958 0.046875
0 0.969792 0.941667 0.043750 0.035417
0 0.290625 0.872917 0.037500 0.029167
0 0.116667 0.668750 0.035417 0.047917
0 0.716146 0.075521 0.044792 0.028125
0 0.602083 0.955208 0.050000 0.029167
0 0.734375 0.181250 0.022917 0.043750
0 0.186458 0.090625 0.045833 0.031250
0 0.344792 0.826562 0.020833 0.038542
0 0.859375 0.498958 0.025000 0.037500
0 0.625000 0.248958 0.027083 0.037500
0 0.688021 0.802604 0.051042 0.038542
0 0.095312 0.964063 0.040625 0.044792
0 0.375521 0.884375 0.026042 0.045833
0 0.169792 0.752083 0.037500 0.022917
0 0.453646 0.572917 0.040625 0.020833
0 0.520833 0.951042 0.047917 0.027083
0 0.365625 0.154688 0.037500 0.021875
0 0.768229 0.249479 0.044792 0.042708
0 0.954167 0.463021 0.050000 0.034375
0 0.529687 0.802083 0.030208 0.043750
0 0.322917 0.508854 0.041667 0.048958
0 0.369271 0.217188 0.051042 0.053125
0 0.671875 0.224479 0.039583 0.026042
0 0.406250 0.451042 0.045833 0.033333
0 0.416146 0.356250 0.053125 0.045833
0 0.277604 0.748958 0.053125 0.045833
0 0.321875 0.819271 0.022917 0.040625
0 0.351042 0.681250 0.039583 0.041667
0 0.423958 0.128125 0.037500 0.027083
0 0.621354 0.225521 0.040625 0.028125
0 0.154688 0.713542 0.051042 0.050000
0 0.640625 0.622917 0.031250 0.037500
0 0.555729 0.538021 0.038542 0.046875
0 0.289062 0.447396 0.051042 0.040625
0 0.327604 0.752604 0.046875 0.048958
0 0.486458 0.174479 0.035417 0.040625
0 0.447396 0.454688 0.038542 0.051042
0 0.736458 0.583333 0.031250 0.037500
0 0.080208 0.862500 0.045833 0.052083
0 0.127604 0.073438 0.055208 0.040625
0 0.765625 0.923438 0.037500 0.019792
0 0.224479 0.929688 0.032292 0.044792
0 0.139583 0.192708 0.043750 0.045833
0 0.346354 0.364583 0.038542 0.025000
0 0.078646 0.462500 0.044792 0.045833
0 0.623958 0.247396 0.043750 0.028125
0 0.914062 0.759896 0.044792 0.028125
0 0.757812 0.676042 0.028125 0.039583
0 0.444271 0.540625 0.036458 0.037500
0 0.232813 0.865104 0.051042 0.044792
0 0.876042 0.586979 0.045833 0.048958
0 0.760938 0.590625 0.028125 0.039583
0 0.150000 0.868229 0.022917 0.042708
0 0.141146 0.151042 0.023958 0.037500
0 0.841667 0.428646 0.041667 0.032292
0 0.348958 0.501563 0.041667 0.044792
0 0.373437 0.219792 0.040625 0.025000
0 0.768750 0.363542 0.052083 0.041667
0 0.801562 0.956250 0.036458 0.037500
0 0.315625 0.129167 0.047917 0.041667
0 0.275000 0.312500 0.035417 0.043750
0 0.101562 0.657292 0.044792 0.033333
0 0.286979 0.714583 0.026042 0.045833
0 0.855729 0.693750 0.044792 0.047917
0 0.391667 0.216146 0.047917 0.032292
0 0.402604 0.804167 0.032292 0.039583
0 0.539583 0.922917 0.050000 0.033333