0 0.404167 0.285417 0.041667 0.020833
0 0.635938 0.607292 0.032292 0.052083
0 0.335417 0.640104 0.029167 0.046875
0 0.151042 0.766667 0.041667 0.039583
0 0.507292 0.821354 0.054167 0.040625
0 0.415104 0.389583 0.048958 0.052083
0 0.876563 0.096354 0.046875 0.034375
0 0.960938 0.484375 0.048958 0.025000
0 0.331250 0.372917 0.041667 0.029167
0 0.468229 0.492708 0.046875 0.052083
0 0.601562 0.864583 0.040625 0.041667
0 0.870313 0.414583 0.032292 0.039583
0 0.297917 0.365625 0.052083 0.045833
0 0.229687 0.638542 0.044792 0.025000
0 0.660417 0.796354 0.054167 0.042708
0 0.686458 0.918229 0.037500 0.019792
0 0.901042 0.203125 0.029167 0.045833
0 0.617708 0.616667 0.047917 0.037500
0 0.773958 0.130729 0.041667 0.023958
0 0.780208 0.572396 0.043750 0.048958
0 0.384375 0.683333 0.052083 0.041667
0 0.953646 0.636979 0.055208 0.046875
0 0.639062 0.386979 0.040625 0.026042
0 0.234896 0.665104 0.055208 0.044792
0 0.239063 0.948438 0.051042 0.053125
0 0.541146 0.350000 0.038542 0.052083
0 0.950000 0.564063 0.039583 0.030208
0 0.592708 0.364583 0.043750 0.033333
0 0.297917 0.442708 0.041667 0.029167
0 0.491667 0.698958 0.029167 0.037500
0 0.160938 0.400000 0.044792 0.022917
0 0.755729 0.701042 0.036458 0.047917
0 0.575000 0.608333 0.027083 0.047917
0 0.315104 0.518229 0.053125 0.053125
0 0.716667 0.567708 0.041667 0.047917
0 0.847396 0.557292 0.046875 0.045833
0 0.864583 0.140625 0.041667 0.031250
0 0.702604 0.355208 0.028125 0.045833
0 0.205208 0.390104 0.052083 0.051042
0 0.388021 0.653646 0.042708 0.044792
0 0.541146 0.084896 0.051042 0.053125
0 0.166146 0.591667 0.028125 0.039583
0 0.225000 0.394271 0.027083 0.040625
0 0.590104 0.648958 0.026042 0.037500
0 0.280208 0.944271 0.054167 0.036458
0 0.816667 0.646354 0.043750 0.055208
0 0.551562 0.748958 0.046875 0.045833
0 0.082292 0.700000 0.050000 0.029167
0 0.754167 0.931771 0.043750 0.026042
0 0.658333 0.346875 0.050000 0.050000
0 0.253646 0.252604 0.042708 0.055208
0 0.429688 0.541146 0.051042 0.053125
0 0.898958 0.231250 0.025000 0.041667
0 0.879687 0.153646 0.036458 0.040625
0 0.830208 0.626042 0.045833 0.043750
0 0.413542 0.657813 0.045833 0.048958
0 0.961979 0.814063 0.032292 0.053125
0 0.652604 0.822396 0.026042 0.046875
0 0.701042 0.786458 0.047917 0.027083
0 0.563021 0.458854 0.055208 0.040625
0 0.929167 0.923438 0.045833 0.048958
0 0.161979 0.723437 0.040625 0.044792
0 0.254167 0.448958 0.041667 0.037500
0 0.219792 0.113542 0.041667 0.047917
0 0.884896 0.496875 0.046875 0.043750
0 0.260417 0.371875 0.020833 0.035417
0 0.645312 0.331250 0.030208 0.050000
0 0.302083 0.508333 0.045833 0.031250
0 0.301563 0.881771 0.046875 0.023958
0 0.136979 0.305208 0.040625 0.041667
0 0.950521 0.753646 0.032292 0.044792
0 0.738542 0.191146 0.052083 0.053125
0 0.600000 0.593750 0.037500 0.025000
0 0.906771 0.934896 0.028125 0.044792
0 0.717187 0.655208 0.038542 0.052083
0 0.625000 0.411458 0.029167 0.041667
0 0.480729 0.245312 0.055208 0.040625
0 0.561979 0.657292 0.053125 0.047917
0 0.563542 0.717708 0.027083 0.047917
0 0.736979 0.741146 0.023958 0.042708
0 0.471875 0.353125 0.029167 0.050000
0 0.270833 0.306250 0.041667 0.037500
0 0.215104 0.465104 0.044792 0.055208
0 0.315104 0.775521 0.023958 0.042708
0 0.669271 0.259375 0.023958 0.043750
0 0.668229 0.544271 0.042708 0.023958
0 0.939583 0.735938 0.054167 0.048958
0 0.545312 0.508333 0.046875 0.031250
0 0.371875 0.944792 0.039583 0.047917
0 0.293750 0.323958 0.031250 0.037500
0 0.507812 0.751563 0.019792 0.038542
0 0.832292 0.892188 0.054167 0.038542
0 0.930729 0.247396 0.053125 0.053125
0 0.178646 0.409896 0.038542 0.019792
0 0.220833 0.960938 0.027083 0.040625
0 0.441667 0.791667 0.027083 0.037500
0 0.780729 0.225000 0.048958 0.041667
0 0.588542 0.318229 0.039583 0.048958
0 0.897917 0.926562 0.043750 0.030208
0 0.317708 0.317708 0.037500 0.047917
0 0.942708 0.146354 0.050000 0.053125
0 0.872917 0.289062 0.054167 0.044792
0 0.466667 0.202083 0.041667 0.029167
0 0.534375 0.333333 0.043750 0.035417
0 0.659896 0.474479 0.051042 0.028125
0 0.582812 0.615625 0.034375 0.039583
0 0.577083 0.633333 0.043750 0.033333
0 0.306771 0.966667 0.046875 0.045833
0 0.681771 0.138542 0.042708 0.047917
0 0.353646 0.438542 0.053125 0.045833
0 0.791146 0.084375 0.046875 0.031250
0 0.631771 0.322396 0.040625 0.044792
0 0.117708 0.203125 0.033333 0.045833
0 0.932292 0.540625 0.029167 0.037500
0 0.813542 0.071875 0.037500 0.022917
0 0.889583 0.424479 0.054167 0.046875
0 0.450521 0.402083 0.040625 0.043750
0 0.077604 0.945312 0.046875 0.026042
0 0.338021 0.444271 0.030208 0.040625
0 0.916667 0.951042 0.035417 0.018750
0 0.539583 0.727083 0.047917 0.033333
0 0.328125 0.761458 0.045833 0.052083
0 0.621875 0.783854 0.043750 0.055208
0 0.351562 0.881250 0.034375 0.052083
0 0.496875 0.116146 0.039583 0.044792
0 0.189583 0.851562 0.043750 0.042708
0 0.686979 0.604688 0.026042 0.040625
0 0.699479 0.113542 0.046875 0.033333
0 0.253646 0.782292 0.021875 0.043750
0 0.559896 0.687500 0.032292 0.047917
0 0.164583 0.686979 0.041667 0.055208
0 0.707812 0.529167 0.048958 0.050000
0 0.211458 0.165104 0.039583 0.048958
0 0.895312 0.116146 0.019792 0.038542
0 0.453646 0.219271 0.040625 0.038542
0 0.473438 0.119792 0.042708 0.047917
0 0.248958 0.680208 0.047917 0.035417
0 0.768229 0.154167 0.042708 0.041667
0 0.893750 0.420312 0.045833 0.032292
0 0.931771 0.853646 0.036458 0.040625
0 0.420312 0.895833 0.021875 0.039583
0 0.571354 0.328646 0.044792 0.028125
0 0.340104 0.154688 0.044792 0.051042
0 0.273958 0.196875 0.025000 0.037500
0 0.567187 0.909896 0.053125 0.051042
0 0.203125 0.350000 0.027083 0.045833
0 0.235937 0.509375 0.044792 0.047917
0 0.556250 0.276562 0.039583 0.048958
0 0.464062 0.865104 0.055208 0.048958
0 0.331771 0.518750 0.034375 0.047917
0 0.635938 0.382292 0.042708 0.054167
0 0.485417 0.550000 0.052083 0.039583
0 0.236458 0.923958 0.052083 0.039583
0 0.743229 0.507292 0.048958 0.052083
0 0.591146 0.411458 0.040625 0.041667
0 0.163542 0.860417 0.041667 0.039583
0 0.702083 0.281771 0.043750 0.042708
0 0.738021 0.683333 0.021875 0.039583
0 0.163542 0.496354 0.043750 0.055208
0 0.810417 0.330208 0.037500 0.041667
0 0.101562 0.708333 0.036458 0.018750
0 0.217708 0.399479 0.039583 0.028125
0 0.463021 0.630208 0.038542 0.047917
0 0.292187 0.100521 0.053125 0.034375
0 0.305729 0.936979 0.028125 0.051042
0 0.496875 0.791146 0.050000 0.034375
0 0.215625 0.284375 0.047917 0.033333
0 0.305729 0.358854 0.023958 0.040625
0 0.573958 0.601042 0.025000 0.041667
0 0.822917 0.785417 0.033333 0.043750
0 0.868229 0.580729 0.019792 0.038542
0 0.555729 0.441146 0.046875 0.034375
0 0.839063 0.856771 0.053125 0.053125
0 0.234375 0.773438 0.045833 0.036458
0 0.934896 0.189583 0.046875 0.043750
0 0.617188 0.680208 0.028125 0.043750
0 0.128125 0.927083 0.022917 0.035417
0 0.097917 0.328646 0.025000 0.038542
0 0.718229 0.283333 0.036458 0.043750
0 0.633333 0.167708 0.031250 0.045833
0 0.124479 0.903125 0.042708 0.031250
0 0.921875 0.206771 0.052083 0.032292
0 0.497917 0.715625 0.041667 0.047917
0 0.317188 0.385417 0.044792 0.047917
0 0.741667 0.906771 0.031250 0.040625
0 0.913021 0.707812 0.028125 0.040625
0 0.430208 0.318750 0.052083 0.043750
0 0.640625 0.634375 0.041667 0.025000
0 0.485417 0.229687 0.039583 0.036458
0 0.967187 0.656250 0.044792 0.033333
0 0.102083 0.795312 0.039583 0.053125
0 0.453125 0.420833 0.037500 0.041667
0 0.726562 0.686979 0.044792 0.032292
0 0.250521 0.647917 0.042708 0.039583
0 0.402083 0.155729 0.047917 0.044792
0 0.344792 0.511979 0.041667 0.048958
0 0.207813 0.581771 0.036458 0.017708
0 0.313021 0.558854 0.030208 0.044792
0 0.492708 0.867188 0.047917 0.046875
0 0.535937 0.281771 0.026042 0.044792
0 0.693229 0.301563 0.044792 0.040625
0 0.471875 0.672917 0.018750 0.037500
0 0.241146 0.677083 0.044792 0.045833
0 0.660417 0.083854 0.020833 0.036458
0 0.531771 0.564583 0.038542 0.035417
0 0.091667 0.169271 0.035417 0.048958
0 0.643229 0.482292 0.048958 0.033333
0 0.639583 0.083333 0.043750 0.025000
0 0.820312 0.561979 0.044792 0.042708
0 0.816146 0.556771 0.048958 0.046875
0 0.597917 0.922396 0.027083 0.042708
0 0.443750 0.736979 0.045833 0.038542
0 0.529687 0.101042 0.017708 0.035417
0 0.576562 0.335417 0.042708 0.029167
0 0.797396 0.448437 0.048958 0.048958
0 0.556771 0.251042 0.028125 0.045833
0 0.229167 0.366667 0.025000 0.037500
0 0.288542 0.096354 0.039583 0.036458
0 0.825521 0.488021 0.044792 0.021875
0 0.272917 0.893750 0.047917 0.041667
0 0.438542 0.593750 0.037500 0.029167
0 0.913542 0.139583 0.047917 0.052083
0 0.843229 0.153125 0.048958 0.035417
0 0.520833 0.200000 0.043750 0.033333
0 0.775000 0.627083 0.052083 0.045833
0 0.078646 0.571875 0.040625 0.043750
0 0.662500 0.793750 0.043750 0.025000
0 0.422917 0.743229 0.033333 0.048958
0 0.585938 0.457292 0.038542 0.033333
0 0.658333 0.375000 0.050000 0.050000
0 0.906771 0.628646 0.046875 0.036458
0 0.335938 0.839063 0.048958 0.028125
0 0.771875 0.848958 0.047917 0.039583
0 0.431771 0.544792 0.038542 0.043750
0 0.724479 0.211458 0.034375 0.037500
0 0.533854 0.442188 0.026042 0.046875
0 0.361979 0.098958 0.028125 0.045833
0 0.902604 0.960938 0.051042 0.028125
0 0.581771 0.650000 0.046875 0.031250
0 0.078646 0.934375 0.038542 0.031250
0 0.709896 0.175521 0.040625 0.038542
0 0.339583 0.392708 0.047917 0.027083
0 0.854167 0.852083 0.052083 0.045833
0 0.142708 0.721354 0.031250 0.051042
0 0.275521 0.590625 0.030208 0.043750
0 0.797917 0.714063 0.027083 0.042708
0 0.354167 0.819271 0.025000 0.044792
0 0.849479 0.846354 0.053125 0.030208
0 0.417187 0.552604 0.048958 0.046875
0 0.692708 0.632292 0.033333 0.050000
0 0.947917 0.696875 0.041667 0.027083
0 0.549479 0.113542 0.044792 0.047917
0 0.763021 0.180208 0.044792 0.052083
0 0.583854 0.406250 0.023958 0.041667
0 0.409896 0.895312 0.051042 0.034375
0 0.868229 0.438021 0.034375 0.051042
0 0.615625 0.862500 0.033333 0.043750
0 0.947917 0.919271 0.037500 0.021875
0 0.403646 0.166667 0.036458 0.018750
0 0.181771 0.121875 0.048958 0.052083
0 0.091146 0.436979 0.055208 0.040625
0 0.699479 0.607292 0.044792 0.025000
0 0.213021 0.644792 0.026042 0.041667
0 0.554688 0.771875 0.040625 0.041667
0 0.964583 0.284375 0.041667 0.037500
0 0.248958 0.545312 0.037500 0.048958
0 0.164583 0.227083 0.043750 0.033333
0 0.088542 0.607812 0.043750 0.030208
0 0.432812 0.680729 0.040625 0.044792
0 0.533333 0.100000 0.043750 0.035417
0 0.496875 0.404167 0.035417 0.043750
0 0.670312 0.820833 0.046875 0.043750
0 0.215625 0.393229 0.043750 0.040625
0 0.193750 0.707812 0.031250 0.044792
0 0.080208 0.436458 0.050000 0.050000
0 0.643750 0.306771 0.027083 0.048958
0 0.198958 0.694271 0.050000 0.053125
0 0.091667 0.750521 0.039583 0.030208
0 0.668750 0.411458 0.052083 0.035417
0 0.475000 0.080208 0.029167 0.045833
0 0.262500 0.712500 0.045833 0.043750
0 0.333854 0.300521 0.046875 0.038542
0 0.532292 0.485938 0.025000 0.038542
0 0.354687 0.730208 0.028125 0.039583
0 0.598958 0.105729 0.022917 0.044792
0 0.775521 0.084375 0.048958 0.052083
0 0.193229 0.748437 0.038542 0.051042
0 0.205729 0.358333 0.042708 0.033333
0 0.394271 0.937500 0.036458 0.037500
0 0.575000 0.750000 0.041667 0.047917
0 0.111979 0.517708 0.023958 0.047917
0 0.084375 0.802083 0.033333 0.043750
0 0.684375 0.150521 0.039583 0.023958
0 0.756771 0.114583 0.048958 0.052083
0 0.358333 0.282813 0.045833 0.040625
0 0.808333 0.713021 0.037500 0.019792
0 0.528646 0.863021 0.026042 0.051042
0 0.115625 0.697917 0.027083 0.037500
0 0.203125 0.646354 0.043750 0.042708
0 0.821354 0.401042 0.036458 0.037500
0 0.664583 0.093750 0.035417 0.043750
0 0.229687 0.708854 0.040625 0.036458
0 0.486458 0.559896 0.018750 0.036458
0 0.453125 0.767188 0.043750 0.048958
0 0.335938 0.852604 0.021875 0.042708
0 0.437500 0.524479 0.050000 0.053125
0 0.661458 0.477604 0.043750 0.042708
0 0.341146 0.281250 0.023958 0.047917
0 0.229167 0.890625 0.041667 0.039583
0 0.214062 0.335938 0.028125 0.040625
0 0.933333 0.822917 0.029167 0.041667
0 0.722917 0.851562 0.047917 0.046875
0 0.644271 0.588542 0.034375 0.047917
0 0.830729 0.698438 0.053125 0.053125
0 0.415104 0.934896 0.040625 0.034375
0 0.595833 0.476562 0.052083 0.032292
0 0.364583 0.165625 0.039583 0.047917
0 0.558854 0.328646 0.036458 0.055208
0 0.806250 0.818750 0.031250 0.041667
0 0.158854 0.264583 0.030208 0.047917
0 0.332813 0.516667 0.042708 0.027083
0 0.956250 0.444792 0.047917 0.039583
0 0.434896 0.142187 0.038542 0.046875
0 0.956771 0.622396 0.040625 0.034375
0 0.484375 0.679167 0.052083 0.047917
0 0.209896 0.654167 0.023958 0.041667
0 0.135417 0.941146 0.045833 0.036458
0 0.792188 0.154167 0.036458 0.022917
0 0.260937 0.437500 0.053125 0.037500
0 0.541667 0.761458 0.035417 0.035417
0 0.674479 0.774479 0.034375 0.053125
0 0.329688 0.297917 0.042708 0.039583
0 0.618229 0.554167 0.048958 0.037500
0 0.120313 0.611979 0.044792 0.026042
0 0.308333 0.771354 0.037500 0.048958
0 0.757292 0.289062 0.045833 0.038542
0 0.317708 0.638542 0.033333 0.037500
0 0.860938 0.129167 0.044792 0.047917
0 0.118229 0.180208 0.042708 0.054167
0 0.370833 0.378125 0.045833 0.045833
0 0.734375 0.791667 0.041667 0.039583
0 0.785937 0.364063 0.032292 0.040625
0 0.269792 0.530208 0.041667 0.031250
0 0.493229 0.446354 0.053125 0.034375
0 0.390625 0.313021 0.045833 0.055208
0 0.380208 0.947396 0.043750 0.040625
0 0.402083 0.688542 0.050000 0.050000
0 0.531771 0.788021 0.051042 0.038542
0 0.548958 0.802083 0.041667 0.031250
0 0.695833 0.457813 0.041667 0.048958
0 0.629687 0.814583 0.038542 0.035417
0 0.938542 0.345313 0.054167 0.036458
0 0.941667 0.394271 0.022917 0.040625
0 0.733854 0.829688 0.046875 0.032292
0 0.544792 0.775521 0.052083 0.034375
0 0.788021 0.108333 0.028125 0.050000
0 0.901042 0.493229 0.039583 0.036458
0 0.094271 0.688021 0.028125 0.051042
0 0.646875 0.507812 0.039583 0.036458
0 0.625000 0.860938 0.039583 0.055208
0 0.513542 0.293229 0.050000 0.040625
0 0.127604 0.319271 0.038542 0.038542
0 0.495833 0.741146 0.043750 0.042708
0 0.601562 0.190104 0.044792 0.051042
0 0.967708 0.448437 0.052083 0.053125
0 0.595313 0.920833 0.032292 0.047917
0 0.588542 0.450000 0.041667 0.031250
0 0.533333 0.910937 0.025000 0.048958
0 0.668229 0.733854 0.038542 0.046875
0 0.344271 0.429688 0.040625 0.051042
0 0.411979 0.967187 0.048958 0.046875
0 0.344792 0.817187 0.029167 0.040625
0 0.605729 0.467187 0.044792 0.055208
0 0.725000 0.784896 0.041667 0.042708
0 0.243229 0.485938 0.044792 0.040625
0 0.603125 0.580729 0.031250 0.051042
0 0.313021 0.668750 0.053125 0.043750
0 0.851562 0.425521 0.040625 0.044792
0 0.441146 0.436458 0.042708 0.039583
0 0.276042 0.728125 0.045833 0.033333
0 0.714583 0.501563 0.035417 0.040625
0 0.635417 0.205208 0.033333 0.043750
0 0.327083 0.794792 0.033333 0.043750
0 0.165104 0.323958 0.040625 0.020833
0 0.581771 0.779687 0.048958 0.034375
0 0.338542 0.684896 0.039583 0.055208
0 0.338542 0.750521 0.043750 0.048958
0 0.377083 0.083333 0.045833 0.052083
0 0.319792 0.829688 0.027083 0.051042
0 0.828125 0.771354 0.035417 0.048958
0 0.170833 0.563021 0.050000 0.040625
0 0.738021 0.215625 0.048958 0.052083
0 0.785937 0.791146 0.030208 0.044792
0 0.191146 0.132812 0.040625 0.036458
0 0.929167 0.514062 0.045833 0.048958
0 0.417187 0.178646 0.051042 0.055208
0 0.830729 0.260937 0.032292 0.040625
0 0.390625 0.841667 0.035417 0.018750
0 0.939583 0.898958 0.039583 0.052083
0 0.341667 0.627604 0.045833 0.048958
0 0.277083 0.504167 0.052083 0.047917
0 0.820833 0.928646 0.047917 0.030208
0 0.889583 0.667708 0.033333 0.037500
0 0.957292 0.079687 0.029167 0.040625
0 0.495833 0.847396 0.037500 0.019792
0 0.718750 0.385417 0.050000 0.029167
0 0.586979 0.952083 0.048958 0.037500
0 0.347396 0.790104 0.046875 0.028125
0 0.076563 0.742708 0.038542 0.027083
0 0.477083 0.548438 0.045833 0.036458
0 0.139063 0.968229 0.036458 0.040625
0 0.651563 0.791146 0.048958 0.044792
0 0.879687 0.967708 0.048958 0.041667
0 0.524479 0.724479 0.048958 0.030208
0 0.540625 0.919271 0.045833 0.055208
0 0.117708 0.281250 0.050000 0.047917
0 0.903646 0.614583 0.032292 0.039583
0 0.742188 0.869271 0.032292 0.040625
0 0.371354 0.185417 0.038542 0.035417
0 0.903125 0.684375 0.043750 0.045833
0 0.253646 0.661458 0.053125 0.037500
0 0.489583 0.670833 0.043750 0.052083
0 0.826562 0.954167 0.040625 0.054167
0 0.160417 0.900000 0.045833 0.029167
0 0.169271 0.960417 0.042708 0.054167
0 0.066146 0.606771 0.023958 0.042708
0 0.870313 0.105729 0.036458 0.046875
0 0.513542 0.817708 0.041667 0.029167
0 0.163021 0.879167 0.038542 0.029167
0 0.476562 0.068229 0.053125 0.032292
0 0.635938 0.697396 0.040625 0.023958
0 0.137500 0.909375 0.035417 0.037500
0 0.678646 0.625000 0.042708 0.037500
0 0.831250 0.243750 0.039583 0.041667
0 0.911979 0.814063 0.042708 0.051042
0 0.402083 0.591667 0.027083 0.041667
0 0.206250 0.960417 0.045833 0.052083
0 0.236458 0.417187 0.047917 0.044792
0 0.109896 0.257812 0.032292 0.040625
0 0.272396 0.834896 0.030208 0.053125
0 0.550521 0.651563 0.042708 0.051042
0 0.686458 0.209896 0.043750 0.048958
0 0.448958 0.502083 0.037500 0.029167
0 0.495833 0.220312 0.043750 0.042708
0 0.304167 0.347917 0.045833 0.029167
0 0.710417 0.304688 0.029167 0.046875
0 0.718750 0.602083 0.041667 0.047917
0 0.500521 0.851562 0.042708 0.044792
0 0.133854 0.254688 0.023958 0.040625
0 0.804688 0.270313 0.044792 0.040625
0 0.689583 0.155729 0.041667 0.048958
0 0.214583 0.857292 0.035417 0.037500
0 0.790104 0.972396 0.042708 0.051042
0 0.517708 0.189062 0.037500 0.019792
0 0.546354 0.658854 0.044792 0.028125
0 0.468229 0.426042 0.042708 0.039583
0 0.290625 0.817708 0.052083 0.039583
0 0.461458 0.092188 0.039583 0.028125
0 0.867188 0.777604 0.053125 0.030208
0 0.436458 0.338021 0.035417 0.040625
0 0.180208 0.620833 0.041667 0.031250
0 0.739062 0.508854 0.040625 0.038542
0 0.641667 0.415625 0.031250 0.037500
0 0.701042 0.913542 0.043750 0.045833
0 0.717187 0.106250 0.048958 0.025000
0 0.797396 0.146354 0.048958 0.030208
0 0.358333 0.319271 0.039583 0.028125
0 0.311458 0.844792 0.037500 0.035417
0 0.120313 0.267708 0.038542 0.027083
0 0.105729 0.853125 0.040625 0.047917
0 0.763021 0.436458 0.034375 0.016667
0 0.711458 0.846875 0.022917 0.037500
0 0.475521 0.241667 0.030208 0.039583
0 0.491146 0.120833 0.040625 0.041667
0 0.789062 0.431771 0.044792 0.042708
0 0.538021 0.657292 0.051042 0.035417
0 0.486458 0.706250 0.033333 0.037500
0 0.507812 0.746875 0.046875 0.029167
0 0.379688 0.747396 0.044792 0.040625
0 0.689063 0.095833 0.040625 0.054167
0 0.932813 0.784896 0.040625 0.019792
0 0.286458 0.353646 0.039583 0.036458
0 0.761979 0.379688 0.040625 0.030208
0 0.173958 0.402083 0.043750 0.045833
0 0.333854 0.654167 0.048958 0.052083
0 0.496875 0.517708 0.041667 0.047917
0 0.173437 0.136979 0.023958 0.042708
0 0.256250 0.420312 0.039583 0.038542
0 0.397396 0.139583 0.036458 0.043750
0 0.107813 0.322917 0.026042 0.039583
0 0.091667 0.663021 0.022917 0.044792
0 0.480729 0.539583 0.038542 0.029167
0 0.706250 0.921354 0.039583 0.030208
0 0.467708 0.718750 0.039583 0.020833
0 0.255729 0.200521 0.055208 0.044792
0 0.202083 0.824479 0.041667 0.044792
0 0.547917 0.196875 0.035417 0.037500
0 0.304688 0.809375 0.053125 0.045833
0 0.882812 0.630729 0.040625 0.038542
0 0.385937 0.693229 0.046875 0.026042
0 0.376042 0.166146 0.041667 0.042708
0 0.361458 0.871354 0.039583 0.044792
0 0.880208 0.171875 0.047917 0.050000
0 0.080208 0.143229 0.043750 0.040625
0 0.898438 0.147917 0.040625 0.020833
0 0.509375 0.559896 0.039583 0.028125
0 0.174479 0.204167 0.040625 0.047917
0 0.761458 0.778125 0.041667 0.047917
0 0.758333 0.540104 0.045833 0.023958
0 0.761979 0.925000 0.028125 0.039583
0 0.353125 0.930729 0.050000 0.028125
0 0.407292 0.422396 0.047917 0.053125
0 0.689063 0.326042 0.042708 0.025000
0 0.261979 0.670833 0.032292 0.039583
0 0.927604 0.346875 0.053125 0.045833
0 0.421354 0.106771 0.051042 0.026042
0 0.277083 0.768229 0.050000 0.040625
0 0.341146 0.490104 0.021875 0.038542
0 0.817187 0.141146 0.040625 0.036458
0 0.241667 0.685937 0.050000 0.040625
0 0.255729 0.708333 0.038542 0.033333
0 0.107292 0.875000 0.037500 0.033333
0 0.279687 0.530208 0.048958 0.052083
0 0.594792 0.817708 0.052083 0.047917
0 0.591146 0.829688 0.038542 0.021875
0 0.297396 0.073958 0.023958 0.043750
0 0.261458 0.286979 0.041667 0.044792
0 0.888542 0.557292 0.037500 0.047917
0 0.560937 0.574479 0.036458 0.040625
0 0.264062 0.526042 0.038542 0.031250
0 0.524479 0.461979 0.051042 0.026042
0 0.579167 0.395313 0.027083 0.046875
0 0.279167 0.507812 0.054167 0.042708
0 0.766146 0.130208 0.032292 0.039583
0 0.430208 0.384375 0.041667 0.020833
0 0.690625 0.541146 0.041667 0.023958
0 0.893229 0.566146 0.048958 0.046875
0 0.320833 0.272396 0.052083 0.051042
0 0.588021 0.908333 0.042708 0.041667
0 0.386979 0.097917 0.044792 0.033333
0 0.097396 0.125521 0.040625 0.044792
0 0.816146 0.373437 0.038542 0.038542
0 0.650000 0.420833 0.035417 0.043750
0 0.566667 0.626042 0.052083 0.041667
0 0.968750 0.579688 0.047917 0.053125
0 0.882812 0.547917 0.021875 0.037500
0 0.707292 0.484896 0.029167 0.040625
0 0.176563 0.293229 0.040625 0.038542
0 0.711979 0.451562 0.046875 0.048958
0 0.918750 0.339583 0.041667 0.039583
0 0.114062 0.947396 0.044792 0.028125
0 0.908854 0.574479 0.040625 0.044792
0 0.862500 0.853646 0.022917 0.044792
0 0.659896 0.830729 0.021875 0.042708
0 0.631250 0.270313 0.041667 0.055208
0 0.875521 0.673438 0.051042 0.026042
0 0.927083 0.337500 0.041667 0.025000
0 0.277604 0.714583 0.042708 0.037500
0 0.229687 0.691146 0.038542 0.040625
0 0.543229 0.376563 0.048958 0.034375
0 0.505729 0.184375 0.034375 0.039583
0 0.877604 0.529167 0.042708 0.041667
0 0.716667 0.242188 0.054167 0.048958
0 0.094271 0.839063 0.053125 0.051042
0 0.518750 0.395833 0.018750 0.035417
0 0.551042 0.783854 0.050000 0.026042
0 0.607812 0.514583 0.030208 0.050000
0 0.860417 0.266146 0.029167 0.044792
0 0.694792 0.466667 0.037500 0.043750
0 0.281771 0.126562 0.051042 0.044792
0 0.539583 0.158854 0.041667 0.048958
0 0.211458 0.588542 0.043750 0.052083
0 0.113021 0.577083 0.044792 0.054167
0 0.209896 0.750000 0.026042 0.045833
0 0.101562 0.124479 0.046875 0.034375
0 0.381771 0.340625 0.023958 0.041667
0 0.729167 0.656250 0.047917 0.052083
0 0.835417 0.244792 0.033333 0.052083
0 0.520312 0.213542 0.048958 0.052083
0 0.076042 0.471354 0.045833 0.034375
0 0.341146 0.695312 0.044792 0.028125
0 0.189062 0.405729 0.040625 0.036458
0 0.905729 0.473958 0.042708 0.031250
0 0.554167 0.434896 0.029167 0.051042
0 0.531771 0.086979 0.032292 0.053125
0 0.933333 0.116146 0.025000 0.038542
0 0.954167 0.199479 0.054167 0.040625
0 0.202083 0.417187 0.022917 0.040625
0 0.471875 0.626042 0.029167 0.045833
0 0.946875 0.434375 0.027083 0.037500
0 0.465104 0.260417 0.044792 0.022917
0 0.207813 0.146354 0.040625 0.034375
0 0.770312 0.343750 0.042708 0.025000
0 0.643750 0.447396 0.043750 0.028125
0 0.738542 0.880729 0.047917 0.046875
0 0.173958 0.100000 0.035417 0.037500
0 0.905729 0.727604 0.023958 0.042708
0 0.751042 0.615625 0.039583 0.047917
0 0.667708 0.949479 0.052083 0.034375
0 0.155208 0.181771 0.050000 0.028125
0 0.951562 0.349479 0.046875 0.023958
0 0.153646 0.859896 0.040625 0.044792
0 0.833333 0.603646 0.043750 0.030208
0 0.253125 0.623958 0.037500 0.035417
0 0.962500 0.497917 0.037500 0.052083
0 0.758854 0.262500 0.040625 0.047917
0 0.753646 0.945312 0.026042 0.051042
0 0.133333 0.863542 0.037500 0.035417
0 0.555208 0.350000 0.043750 0.027083
0 0.574479 0.771875 0.038542 0.031250
0 0.410417 0.461979 0.047917 0.023958
0 0.477604 0.252604 0.032292 0.040625
0 0.455729 0.572396 0.030208 0.048958
0 0.219792 0.113021 0.033333 0.040625
0 0.231250 0.519792 0.052083 0.043750
0 0.808854 0.464062 0.051042 0.053125
0 0.078646 0.311458 0.038542 0.043750
0 0.421354 0.887500 0.051042 0.050000
0 0.368750 0.603125 0.029167 0.050000
0 0.341146 0.723437 0.046875 0.028125
0 0.733854 0.260937 0.036458 0.040625
0 0.108854 0.429688 0.019792 0.038542
0 0.270833 0.697396 0.050000 0.028125
0 0.232292 0.108333 0.035417 0.037500
0 0.161458 0.149479 0.025000 0.038542
0 0.495312 0.770312 0.044792 0.042708
0 0.494271 0.092708 0.048958 0.052083
0 0.675000 0.854688 0.045833 0.048958
0 0.784375 0.304167 0.052083 0.035417
0 0.086458 0.427083 0.035417 0.020833
0 0.407292 0.693750 0.045833 0.045833
0 0.389062 0.650000 0.028125 0.043750
0 0.885938 0.731250 0.048958 0.041667
0 0.177083 0.591146 0.035417 0.044792