0 0.410938 0.779687 0.036458 0.046875
0 0.429167 0.510417 0.035417 0.052083
0 0.082292 0.699479 0.052083 0.051042
0 0.583333 0.528646 0.054167 0.044792
0 0.136979 0.586979 0.042708 0.044792
0 0.969271 0.129688 0.042708 0.044792
0 0.326042 0.914062 0.043750 0.042708
0 0.404167 0.289062 0.047917 0.046875
0 0.581250 0.726562 0.043750 0.028125
0 0.194792 0.742708 0.031250 0.037500
0 0.494792 0.368229 0.050000 0.028125
0 0.636458 0.512500 0.037500 0.033333
0 0.341667 0.741667 0.050000 0.029167
0 0.502083 0.469271 0.047917 0.030208
0 0.796354 0.292708 0.053125 0.039583
0 0.094792 0.588542 0.022917 0.035417
0 0.902604 0.143750 0.051042 0.029167
0 0.792708 0.651563 0.027083 0.051042
0 0.153646 0.861979 0.042708 0.023958
0 0.311979 0.942708 0.038542 0.031250
0 0.311979 0.467708 0.032292 0.047917
0 0.197917 0.692187 0.027083 0.038542
0 0.772396 0.432292 0.036458 0.018750
0 0.902604 0.333333 0.030208 0.047917
0 0.943229 0.324479 0.051042 0.053125
0 0.831771 0.606771 0.046875 0.036458
0 0.609896 0.776563 0.044792 0.032292
0 0.330208 0.084896 0.050000 0.044792
0 0.351562 0.949479 0.042708 0.055208
0 0.457292 0.512500 0.037500 0.031250
0 0.821354 0.651563 0.053125 0.030208
0 0.692187 0.553646 0.036458 0.040625
0 0.921354 0.811979 0.044792 0.051042
0 0.675000 0.923958 0.027083 0.047917
0 0.584375 0.452083 0.047917 0.052083
0 0.382812 0.363542 0.038542 0.043750
0 0.493229 0.471354 0.046875 0.032292
0 0.114062 0.233854 0.038542 0.046875
0 0.891667 0.735938 0.035417 0.053125
0 0.355208 0.719271 0.045833 0.026042
0 0.726562 0.803646 0.019792 0.038542
0 0.677083 0.597917 0.041667 0.052083
0 0.955208 0.868229 0.045833 0.040625
0 0.587500 0.722396 0.037500 0.040625
0 0.415625 0.194792 0.018750 0.035417
0 0.131771 0.385937 0.040625 0.032292
0 0.441667 0.613542 0.043750 0.045833
0 0.510938 0.443750 0.053125 0.047917
0 0.446354 0.613021 0.055208 0.046875
0 0.390625 0.428646 0.045833 0.023958
0 0.835938 0.543750 0.038542 0.027083
0 0.938542 0.758333 0.037500 0.047917
0 0.898438 0.757812 0.038542 0.023958
0 0.716146 0.895833 0.046875 0.031250
0 0.782813 0.903646 0.048958 0.030208
0 0.160938 0.731771 0.032292 0.048958
0 0.622396 0.485417 0.042708 0.039583
0 0.811458 0.810937 0.037500 0.048958
0 0.420833 0.357812 0.033333 0.040625
0 0.449479 0.748437 0.053125 0.053125
0 0.781771 0.417708 0.032292 0.047917
0 0.666146 0.526563 0.046875 0.055208
0 0.561979 0.717708 0.036458 0.018750
0 0.497396 0.535417 0.038542 0.022917
0 0.461979 0.936979 0.032292 0.040625
0 0.798958 0.409375 0.039583 0.047917
0 0.723958 0.589583 0.022917 0.037500
0 0.776563 0.100000 0.042708 0.039583
0 0.582292 0.826562 0.045833 0.036458
0 0.214583 0.356771 0.033333 0.044792
0 0.453125 0.831771 0.054167 0.036458
0 0.863021 0.860417 0.053125 0.039583
0 0.239063 0.801042 0.044792 0.033333
0 0.449479 0.514062 0.040625 0.055208
0 0.462500 0.652083 0.039583 0.041667
0 0.788021 0.304688 0.036458 0.055208
0 0.881771 0.814063 0.040625 0.026042
0 0.398438 0.777083 0.030208 0.050000
0 0.375000 0.542708 0.029167 0.050000
0 0.835417 0.472917 0.022917 0.039583
0 0.727604 0.441146 0.023958 0.046875
0 0.721354 0.822917 0.048958 0.035417
0 0.145833 0.132812 0.050000 0.036458
0 0.554688 0.790104 0.023958 0.040625
0 0.916146 0.475000 0.053125 0.035417
0 0.134896 0.284896 0.038542 0.023958
0 0.202604 0.372917 0.026042 0.045833
0 0.861458 0.863021 0.039583 0.048958
0 0.570312 0.627604 0.040625 0.032292
0 0.688021 0.430729 0.038542 0.046875
0 0.400000 0.931771 0.025000 0.048958
0 0.117188 0.806771 0.051042 0.038542
0 0.453646 0.677604 0.044792 0.044792
0 0.822396 0.897917 0.048958 0.037500
0 0.261458 0.567708 0.047917 0.027083
0 0.734896 0.813542 0.030208 0.050000
0 0.453646 0.437500 0.032292 0.043750
0 0.564583 0.748958 0.027083 0.047917
0 0.072396 0.311458 0.032292 0.052083
0 0.323958 0.510417 0.047917 0.033333
0 0.279167 0.518229 0.039583 0.030208
0 0.715625 0.151562 0.037500 0.021875
0 0.790104 0.726042 0.042708 0.025000
0 0.270833 0.223958 0.035417 0.020833
0 0.151042 0.157292 0.047917 0.050000
0 0.776563 0.638542 0.046875 0.052083
0 0.397917 0.789583 0.035417 0.020833
0 0.120833 0.353646 0.052083 0.032292
0 0.203646 0.875000 0.036458 0.037500
0 0.505729 0.865104 0.053125 0.051042
0 0.223438 0.859375 0.036458 0.020833
0 0.836458 0.729167 0.025000 0.041667
0 0.427083 0.730729 0.029167 0.051042
0 0.210938 0.147917 0.053125 0.045833
0 0.920833 0.301563 0.022917 0.038542
0 0.567708 0.304688 0.054167 0.042708
0 0.268750 0.628646 0.045833 0.048958
0 0.639583 0.797917 0.045833 0.043750
0 0.869271 0.156771 0.053125 0.053125
0 0.257292 0.453125 0.016667 0.033333
0 0.667188 0.829167 0.026042 0.050000
0 0.137500 0.109896 0.045833 0.036458
0 0.348438 0.903125 0.048958 0.035417
0 0.547396 0.708333 0.038542 0.035417
0 0.491667 0.110937 0.037500 0.048958
0 0.509896 0.277083 0.030208 0.047917
0 0.927083 0.556771 0.039583 0.036458
0 0.918229 0.471875 0.048958 0.025000
0 0.338542 0.575521 0.025000 0.038542
0 0.695833 0.636458 0.047917 0.052083
0 0.331771 0.408854 0.046875 0.034375
0 0.547917 0.109375 0.045833 0.022917
0 0.441667 0.552083 0.047917 0.041667
0 0.399479 0.489583 0.044792 0.022917
0 0.417187 0.843750 0.051042 0.033333
0 0.542188 0.597396 0.019792 0.040625
0 0.572917 0.714063 0.050000 0.036458
0 0.240104 0.617188 0.053125 0.032292
0 0.600000 0.221875 0.031250 0.050000
0 0.517188 0.799479 0.051042 0.040625
0 0.662500 0.758854 0.047917 0.046875
0 0.856250 0.361979 0.041667 0.021875
0 0.923958 0.092708 0.041667 0.039583
0 0.150521 0.334896 0.053125 0.051042
0 0.276042 0.924479 0.035417 0.040625
0 0.892708 0.796875 0.027083 0.041667
0 0.204687 0.588021 0.038542 0.046875
0 0.379688 0.301563 0.021875 0.038542
0 0.134896 0.789583 0.046875 0.045833
0 0.611458 0.908854 0.054167 0.048958
0 0.927083 0.152083 0.043750 0.052083
0 0.495833 0.883854 0.050000 0.040625
0 0.723437 0.121354 0.036458 0.051042
0 0.213021 0.905729 0.040625 0.051042
0 0.463021 0.138021 0.051042 0.053125
0 0.097396 0.893750 0.053125 0.047917
0 0.359375 0.594792 0.047917 0.027083
0 0.641667 0.526563 0.037500 0.038542
0 0.923438 0.182292 0.030208 0.050000
0 0.152083 0.790625 0.052083 0.037500
0 0.812500 0.257292 0.025000 0.041667
0 0.650521 0.461458 0.046875 0.043750
0 0.386979 0.853646 0.023958 0.046875
0 0.637500 0.379688 0.035417 0.017708
0 0.176563 0.335938 0.048958 0.046875
0 0.592708 0.795312 0.041667 0.044792
0 0.230729 0.387500 0.042708 0.054167
0 0.392188 0.627604 0.055208 0.042708
0 0.590625 0.698958 0.052083 0.035417
0 0.792708 0.200000 0.052083 0.033333
0 0.317708 0.098437 0.039583 0.034375
0 0.416146 0.209896 0.040625 0.032292
0 0.845833 0.565104 0.043750 0.028125
0 0.422396 0.109375 0.042708 0.027083
0 0.538021 0.734375 0.048958 0.050000
0 0.322917 0.465625 0.052083 0.043750
0 0.382812 0.151562 0.026042 0.051042
0 0.441146 0.072396 0.044792 0.040625
0 0.595833 0.117188 0.041667 0.055208
0 0.464583 0.348958 0.041667 0.039583
0 0.343229 0.596875 0.044792 0.052083
0 0.846354 0.880208 0.028125 0.050000
0 0.075000 0.923958 0.033333 0.037500
0 0.300000 0.306771 0.035417 0.053125
0 0.285417 0.588542 0.045833 0.029167
0 0.456250 0.910937 0.039583 0.048958
0 0.940104 0.232813 0.030208 0.048958
0 0.724479 0.377604 0.038542 0.046875
0 0.189583 0.731250 0.035417 0.047917
0 0.556250 0.218750 0.050000 0.031250
0 0.395313 0.191146 0.051042 0.053125
0 0.236979 0.126562 0.032292 0.044792
0 0.241667 0.596875 0.037500 0.027083
0 0.443229 0.350521 0.028125 0.046875
0 0.461979 0.597396 0.044792 0.026042
0 0.607812 0.541146 0.048958 0.055208
0 0.100521 0.435417 0.026042 0.041667
0 0.667188 0.821354 0.030208 0.048958
0 0.252604 0.855729 0.038542 0.046875
0 0.950521 0.656771 0.048958 0.046875
0 0.235937 0.210938 0.042708 0.021875
0 0.454167 0.364583 0.037500 0.029167
0 0.763021 0.617708 0.038542 0.029167
0 0.226042 0.169271 0.027083 0.046875
0 0.103125 0.505729 0.025000 0.038542
0 0.563542 0.856250 0.037500 0.052083
0 0.319271 0.763542 0.028125 0.039583
0 0.952083 0.506771 0.039583 0.053125
0 0.814063 0.732292 0.044792 0.052083
0 0.832292 0.522396 0.047917 0.023958
0 0.779167 0.111979 0.035417 0.017708
0 0.376042 0.744271 0.039583 0.036458
0 0.551042 0.626563 0.047917 0.030208
0 0.617188 0.763021 0.048958 0.046875
0 0.584375 0.448958 0.025000 0.037500
0 0.942708 0.486979 0.041667 0.042708
0 0.717708 0.955208 0.043750 0.035417
0 0.281771 0.843229 0.055208 0.040625
0 0.347917 0.423438 0.045833 0.055208
0 0.731771 0.521354 0.040625 0.046875
0 0.346875 0.580208 0.035417 0.020833
0 0.858333 0.336979 0.029167 0.051042
0 0.526563 0.595833 0.038542 0.035417
0 0.714583 0.872396 0.054167 0.040625
0 0.430208 0.921875 0.045833 0.031250
0 0.614583 0.504687 0.045833 0.038542
0 0.779167 0.335938 0.052083 0.053125
0 0.157292 0.587500 0.043750 0.045833
0 0.414583 0.498958 0.043750 0.045833
0 0.301042 0.292187 0.039583 0.036458
0 0.166146 0.381250 0.053125 0.037500
0 0.859375 0.890104 0.037500 0.038542
0 0.341146 0.169792 0.034375 0.043750
0 0.316146 0.658333 0.034375 0.047917
0 0.787500 0.073958 0.037500 0.041667
0 0.562500 0.105729 0.033333 0.053125
0 0.646875 0.845833 0.037500 0.047917
0 0.110417 0.795833 0.037500 0.033333
0 0.280208 0.181250 0.037500 0.047917
0 0.229167 0.291146 0.045833 0.048958
0 0.763021 0.439063 0.030208 0.048958
0 0.334375 0.385937 0.050000 0.042708
0 0.419271 0.412500 0.048958 0.041667
0 0.455208 0.395313 0.039583 0.036458
0 0.501042 0.255729 0.050000 0.026042
0 0.571354 0.341146 0.040625 0.023958
0 0.658854 0.686458 0.042708 0.039583
0 0.261979 0.104688 0.028125 0.040625
0 0.159375 0.963542 0.043750 0.045833
0 0.471875 0.496875 0.037500 0.033333
0 0.571354 0.530208 0.053125 0.041667
0 0.545312 0.685417 0.040625 0.020833
0 0.752083 0.294271 0.031250 0.044792
0 0.929688 0.836979 0.034375 0.040625
0 0.746875 0.324479 0.035417 0.040625
0 0.329688 0.370312 0.055208 0.044792
0 0.346354 0.367188 0.040625 0.030208
0 0.934375 0.560937 0.041667 0.021875
0 0.427083 0.891667 0.035417 0.047917
0 0.573958 0.289062 0.043750 0.030208
0 0.416667 0.915625 0.037500 0.035417
0 0.401562 0.431250 0.040625 0.041667
0 0.252083 0.921875 0.022917 0.039583
0 0.365104 0.531250 0.044792 0.047917
0 0.165104 0.402083 0.051042 0.050000
0 0.415104 0.540104 0.051042 0.053125
0 0.109375 0.381771 0.050000 0.034375
0 0.322396 0.630729 0.051042 0.053125
0 0.506771 0.906771 0.051042 0.055208
0 0.483333 0.402083 0.027083 0.047917
0 0.944271 0.929688 0.040625 0.038542
0 0.569792 0.561979 0.054167 0.036458
0 0.572396 0.785937 0.046875 0.034375
0 0.572917 0.264583 0.033333 0.045833
0 0.628646 0.882812 0.040625 0.030208
0 0.798438 0.732292 0.046875 0.043750
0 0.288021 0.227604 0.040625 0.032292
0 0.935937 0.416667 0.021875 0.037500
0 0.581250 0.522917 0.027083 0.037500
0 0.518229 0.690625 0.051042 0.031250
0 0.713542 0.657813 0.045833 0.040625
0 0.616667 0.087500 0.052083 0.045833
0 0.925521 0.803646 0.051042 0.036458
0 0.132292 0.822917 0.037500 0.031250
0 0.415104 0.541667 0.021875 0.037500
0 0.139583 0.601562 0.047917 0.053125
0 0.691667 0.494271 0.029167 0.051042
0 0.402604 0.833333 0.036458 0.020833
0 0.402083 0.626042 0.041667 0.031250
0 0.190104 0.395833 0.036458 0.052083
0 0.227604 0.320312 0.030208 0.048958
0 0.583333 0.470313 0.035417 0.044792
0 0.694271 0.122396 0.051042 0.055208
0 0.801562 0.590104 0.048958 0.046875
0 0.505729 0.111979 0.028125 0.048958
0 0.326562 0.959896 0.038542 0.051042
0 0.445312 0.581771 0.038542 0.051042
0 0.434896 0.377083 0.053125 0.037500
0 0.786458 0.492188 0.043750 0.055208
0 0.177604 0.723958 0.019792 0.037500
0 0.892708 0.868750 0.041667 0.027083
0 0.879167 0.889062 0.050000 0.038542
0 0.134375 0.389583 0.033333 0.052083
0 0.426563 0.363021 0.046875 0.036458
0 0.584375 0.647396 0.037500 0.019792
0 0.929688 0.508333 0.042708 0.025000
0 0.288542 0.600521 0.041667 0.032292
0 0.113021 0.389583 0.044792 0.047917
0 0.094271 0.257812 0.048958 0.044792
0 0.615104 0.386979 0.038542 0.046875
0 0.212500 0.192188 0.022917 0.044792
0 0.153125 0.116146 0.054167 0.042708
0 0.795312 0.835417 0.034375 0.039583
0 0.935937 0.577604 0.040625 0.038542
0 0.281771 0.163021 0.040625 0.044792
0 0.877083 0.679688 0.054167 0.048958
0 0.537500 0.096354 0.035417 0.040625
0 0.251042 0.547396 0.054167 0.042708
0 0.920312 0.116667 0.053125 0.045833
0 0.333333 0.227604 0.043750 0.048958
0 0.071875 0.953646 0.037500 0.040625
0 0.685937 0.928646 0.023958 0.040625
0 0.226562 0.154167 0.019792 0.037500
0 0.720833 0.108854 0.054167 0.036458
0 0.704167 0.769271 0.018750 0.038542
0 0.630208 0.877083 0.050000 0.029167
0 0.901042 0.816667 0.022917 0.043750
0 0.617708 0.081771 0.041667 0.021875
0 0.409896 0.827083 0.046875 0.043750
0 0.861458 0.671875 0.037500 0.033333
0 0.285938 0.850000 0.038542 0.033333
0 0.379167 0.371875 0.047917 0.035417
0 0.600521 0.240625 0.042708 0.025000
0 0.195833 0.594792 0.047917 0.025000
0 0.310417 0.169792 0.045833 0.043750
0 0.521875 0.191146 0.039583 0.038542
0 0.486979 0.241146 0.048958 0.023958
0 0.651563 0.579688 0.044792 0.026042
0 0.124479 0.700000 0.026042 0.039583
0 0.426563 0.764062 0.044792 0.051042
0 0.224479 0.647917 0.038542 0.033333
0 0.798438 0.715625 0.040625 0.047917
0 0.082292 0.506250 0.039583 0.041667
0 0.927083 0.740625 0.043750 0.033333
0 0.646875 0.665104 0.041667 0.032292
0 0.502083 0.592708 0.033333 0.016667
0 0.489063 0.594271 0.055208 0.048958
0 0.943750 0.831250 0.041667 0.039583
0 0.505208 0.948958 0.039583 0.052083