0 0.636979 0.500000 0.038542 0.029167
0 0.909375 0.421354 0.054167 0.046875
0 0.659896 0.665625 0.030208 0.039583
0 0.489063 0.917188 0.036458 0.051042
0 0.450521 0.507812 0.040625 0.026042
0 0.251563 0.306250 0.038542 0.035417
0 0.796875 0.354687 0.031250 0.040625
0 0.879167 0.747396 0.047917 0.055208
0 0.298958 0.226562 0.035417 0.044792
0 0.776563 0.148438 0.034375 0.046875
0 0.113021 0.144792 0.038542 0.031250
0 0.570312 0.139583 0.038542 0.025000
0 0.739062 0.120313 0.055208 0.048958
0 0.625000 0.817708 0.041667 0.039583
0 0.522917 0.430208 0.045833 0.052083
0 0.195833 0.870833 0.050000 0.050000
0 0.340104 0.177604 0.038542 0.051042
0 0.942708 0.348438 0.050000 0.040625
0 0.099479 0.097917 0.038542 0.033333
0 0.633854 0.400521 0.051042 0.034375
0 0.785417 0.825521 0.047917 0.048958
0 0.791146 0.286979 0.040625 0.030208
0 0.680208 0.762500 0.033333 0.043750
0 0.911979 0.745313 0.038542 0.038542
0 0.269792 0.102083 0.039583 0.052083
0 0.172917 0.169271 0.050000 0.034375
0 0.354167 0.803646 0.043750 0.032292
0 0.218750 0.467708 0.039583 0.022917
0 0.407813 0.960417 0.032292 0.047917
0 0.544792 0.502604 0.047917 0.032292
0 0.555729 0.475000 0.030208 0.039583
0 0.142708 0.722917 0.027083 0.047917
0 0.868229 0.608333 0.032292 0.039583
0 0.851042 0.760417 0.037500 0.022917
0 0.311979 0.953646 0.051042 0.053125
0 0.567187 0.861979 0.046875 0.032292
0 0.768750 0.494792 0.037500 0.052083
0 0.578125 0.679167 0.041667 0.041667
0 0.736979 0.591146 0.040625 0.051042
0 0.873437 0.144792 0.040625 0.022917
0 0.278125 0.403125 0.025000 0.041667
0 0.576562 0.322917 0.046875 0.045833
0 0.100521 0.110417 0.032292 0.039583
0 0.321354 0.389062 0.053125 0.034375
0 0.581250 0.768750 0.039583 0.041667
0 0.692187 0.636458 0.028125 0.050000
0 0.416146 0.961458 0.030208 0.047917
0 0.811458 0.808333 0.022917 0.037500
0 0.196875 0.645312 0.029167 0.044792
0 0.350521 0.805208 0.053125 0.037500
0 0.103125 0.626563 0.054167 0.048958
0 0.967187 0.095312 0.048958 0.055208
0 0.811979 0.350000 0.038542 0.022917
0 0.084896 0.810937 0.051042 0.038542
0 0.851562 0.680729 0.044792 0.040625
0 0.463021 0.313021 0.032292 0.053125
0 0.412500 0.617188 0.039583 0.053125
0 0.859375 0.631250 0.033333 0.043750
0 0.431250 0.513542 0.025000 0.037500
0 0.693229 0.934375 0.051042 0.031250
0 0.758854 0.593229 0.042708 0.055208
0 0.279167 0.559375 0.043750 0.035417
0 0.522396 0.736979 0.034375 0.040625
0 0.113542 0.200000 0.050000 0.047917
0 0.423438 0.289062 0.051042 0.028125
0 0.654167 0.121354 0.029167 0.048958
0 0.238021 0.072917 0.021875 0.037500
0 0.298958 0.822917 0.025000 0.043750
0 0.883333 0.696875 0.039583 0.041667
0 0.163542 0.335938 0.043750 0.042708
0 0.320312 0.693229 0.026042 0.040625
0 0.606771 0.575000 0.023958 0.047917
0 0.684896 0.276042 0.026042 0.041667
0 0.715625 0.132812 0.031250 0.048958
0 0.908854 0.475000 0.053125 0.043750
0 0.734896 0.391146 0.051042 0.038542
0 0.344792 0.339583 0.052083 0.041667
0 0.584896 0.391146 0.038542 0.046875
0 0.796354 0.297917 0.042708 0.039583
0 0.478646 0.627604 0.040625 0.046875
0 0.252604 0.884896 0.040625 0.030208
0 0.343750 0.514062 0.039583 0.030208
0 0.768229 0.646875 0.051042 0.035417
0 0.353646 0.612500 0.042708 0.027083
0 0.360938 0.932813 0.053125 0.053125
0 0.538021 0.789062 0.046875 0.036458
0 0.550000 0.211458 0.020833 0.035417
0 0.157812 0.731250 0.021875 0.037500
0 0.148438 0.256771 0.038542 0.023958
0 0.601562 0.391667 0.042708 0.039583
0 0.212500 0.965625 0.045833 0.045833
0 0.131250 0.679688 0.029167 0.051042
0 0.888021 0.238542 0.046875 0.043750
0 0.652083 0.176563 0.054167 0.042708
0 0.906250 0.868229 0.041667 0.042708
0 0.896875 0.590625 0.029167 0.041667
0 0.905729 0.889583 0.026042 0.045833
0 0.375521 0.254688 0.051042 0.042708
0 0.486458 0.639583 0.050000 0.047917
0 0.291667 0.894792 0.045833 0.031250
0 0.777604 0.766146 0.040625 0.046875
0 0.313542 0.813542 0.025000 0.041667
0 0.701042 0.321875 0.047917 0.039583
0 0.595833 0.413021 0.037500 0.019792
0 0.627083 0.209896 0.027083 0.046875
0 0.555208 0.566146 0.054167 0.046875
0 0.619271 0.516146 0.044792 0.028125
0 0.085417 0.722396 0.041667 0.048958
0 0.473958 0.207292 0.041667 0.029167
0 0.807292 0.383854 0.052083 0.034375
0 0.954167 0.654687 0.039583 0.036458
0 0.554167 0.786979 0.039583 0.032292
0 0.247396 0.829688 0.028125 0.040625
0 0.694271 0.778125 0.053125 0.043750
0 0.353646 0.709896 0.044792 0.021875
0 0.296875 0.282813 0.035417 0.053125
0 0.830729 0.870313 0.046875 0.038542
0 0.563542 0.555208 0.047917 0.037500
0 0.130208 0.498437 0.052083 0.034375
0 0.478125 0.239583 0.037500 0.025000
0 0.934896 0.647396 0.042708 0.055208
0 0.569792 0.270313 0.027083 0.048958
0 0.172396 0.287500 0.051042 0.050000
0 0.573438 0.343229 0.055208 0.046875
0 0.517188 0.457813 0.034375 0.040625
0 0.250521 0.630208 0.044792 0.035417
0 0.538021 0.917188 0.021875 0.038542
0 0.917708 0.855208 0.029167 0.037500
0 0.326042 0.591146 0.035417 0.017708
0 0.693750 0.515625 0.047917 0.039583
0 0.339583 0.150521 0.039583 0.026042
0 0.897396 0.469271 0.046875 0.036458
0 0.541667 0.118229 0.039583 0.044792
0 0.215104 0.454688 0.046875 0.026042
0 0.711458 0.089583 0.050000 0.029167
0 0.238021 0.740104 0.046875 0.038542
0 0.363021 0.634375 0.038542 0.035417
0 0.781250 0.786979 0.045833 0.055208
0 0.873958 0.547917 0.029167 0.037500
0 0.639583 0.342708 0.037500 0.022917
0 0.709375 0.523438 0.039583 0.038542
0 0.752083 0.139583 0.050000 0.031250
0 0.159375 0.128646 0.045833 0.038542
0 0.256771 0.739583 0.046875 0.045833
0 0.796875 0.342187 0.039583 0.026042
0 0.148958 0.927083 0.037500 0.041667
0 0.963021 0.554688 0.042708 0.055208
0 0.139063 0.820833 0.051042 0.050000
0 0.880729 0.632812 0.028125 0.044792
0 0.102604 0.715104 0.044792 0.040625
0 0.531771 0.810417 0.048958 0.027083
0 0.463542 0.177083 0.027083 0.045833
0 0.532813 0.832292 0.053125 0.041667
0 0.645833 0.895312 0.043750 0.042708
0 0.807813 0.795833 0.023958 0.041667
0 0.517188 0.926562 0.026042 0.051042
0 0.444792 0.441146 0.054167 0.042708
0 0.432812 0.773958 0.032292 0.043750
0 0.728125 0.101562 0.052083 0.051042
0 0.109896 0.629167 0.030208 0.039583
0 0.483333 0.707812 0.043750 0.026042
0 0.132812 0.250521 0.055208 0.044792
0 0.514062 0.886979 0.034375 0.046875
0 0.191667 0.339062 0.050000 0.026042
0 0.552083 0.247917 0.025000 0.041667
0 0.223958 0.201042 0.045833 0.029167
0 0.098958 0.793750 0.031250 0.037500
0 0.335938 0.817187 0.030208 0.044792
0 0.644271 0.789062 0.023958 0.040625
0 0.262500 0.087500 0.045833 0.052083
0 0.188542 0.442188 0.054167 0.038542
0 0.245833 0.433333 0.035417 0.020833
0 0.962500 0.480208 0.035417 0.043750
0 0.847396 0.528646 0.055208 0.040625
0 0.553646 0.238542 0.019792 0.037500
0 0.139583 0.383333 0.041667 0.031250
0 0.808333 0.626563 0.043750 0.030208
0 0.189583 0.897917 0.050000 0.050000
0 0.827604 0.845833 0.042708 0.047917
0 0.611979 0.513542 0.032292 0.039583
0 0.614583 0.539062 0.043750 0.048958
0 0.796875 0.330208 0.052083 0.039583
0 0.906250 0.644271 0.039583 0.055208
0 0.622396 0.610938 0.048958 0.046875
0 0.242708 0.440104 0.050000 0.042708
0 0.134896 0.722396 0.055208 0.042708
0 0.922917 0.385417 0.031250 0.050000
0 0.345833 0.541146 0.029167 0.048958
0 0.846875 0.557292 0.041667 0.029167
0 0.652083 0.233854 0.035417 0.040625
0 0.922917 0.539583 0.029167 0.041667
0 0.806771 0.645312 0.032292 0.048958
0 0.605208 0.467708 0.052083 0.045833
0 0.285938 0.269792 0.036458 0.043750
0 0.894271 0.285417 0.044792 0.033333
0 0.747917 0.940104 0.027083 0.046875
0 0.306250 0.894271 0.037500 0.040625
0 0.448437 0.541667 0.021875 0.043750
0 0.113542 0.711458 0.047917 0.050000
0 0.790625 0.313542 0.025000 0.037500
0 0.143750 0.379688 0.043750 0.028125
0 0.282813 0.696354 0.046875 0.036458
0 0.327604 0.733333 0.038542 0.043750
0 0.298438 0.403646 0.051042 0.042708
0 0.659896 0.817187 0.030208 0.048958
0 0.183333 0.830208 0.047917 0.035417
0 0.793750 0.541667 0.045833 0.029167
0 0.935417 0.186979 0.052083 0.030208
0 0.472396 0.478646 0.038542 0.038542
0 0.130729 0.706250 0.021875 0.043750
0 0.153125 0.888021 0.027083 0.040625
0 0.533854 0.777083 0.023958 0.041667
0 0.355729 0.668750 0.036458 0.043750
0 0.539062 0.946354 0.055208 0.051042
0 0.116667 0.553125 0.047917 0.037500
0 0.107813 0.483854 0.055208 0.044792
0 0.632812 0.928125 0.030208 0.039583
0 0.152083 0.600000 0.052083 0.043750
0 0.774479 0.204167 0.034375 0.039583
0 0.731250 0.137500 0.031250 0.045833
0 0.407292 0.435937 0.039583 0.026042
0 0.406250 0.658333 0.041667 0.025000
0 0.371875 0.407813 0.025000 0.044792
0 0.383854 0.363542 0.028125 0.050000
0 0.745313 0.205208 0.038542 0.035417
0 0.887500 0.592187 0.043750 0.048958
0 0.737500 0.881771 0.029167 0.044792
0 0.556250 0.225000 0.050000 0.050000
0 0.844271 0.904687 0.023958 0.040625
0 0.450521 0.535417 0.042708 0.047917
0 0.783333 0.767708 0.045833 0.029167
0 0.708854 0.716146 0.038542 0.046875
0 0.416146 0.547917 0.036458 0.037500
0 0.743229 0.969792 0.034375 0.043750
0 0.639583 0.250521 0.037500 0.044792
0 0.102083 0.271354 0.031250 0.048958
0 0.157812 0.536979 0.053125 0.034375
0 0.920312 0.215625 0.028125 0.043750
0 0.526563 0.864583 0.048958 0.052083
0 0.646354 0.960417 0.046875 0.027083
0 0.825000 0.434896 0.037500 0.023958
0 0.269271 0.670833 0.044792 0.052083
0 0.617708 0.381771 0.029167 0.046875
0 0.153646 0.444792 0.019792 0.039583
0 0.825521 0.631250 0.026042 0.045833
0 0.566667 0.881771 0.027083 0.040625
0 0.171875 0.846875 0.052083 0.039583
0 0.569271 0.888021 0.042708 0.044792
0 0.342708 0.928125 0.027083 0.047917
0 0.541667 0.632812 0.041667 0.032292
0 0.928646 0.893750 0.038542 0.027083
0 0.548438 0.604167 0.036458 0.052083
0 0.845833 0.161458 0.047917 0.041667