0 0.457813 0.078646 0.051042 0.040625
0 0.222917 0.369271 0.045833 0.034375
0 0.646875 0.955729 0.052083 0.032292
0 0.456771 0.889062 0.051042 0.053125
0 0.870833 0.131771 0.045833 0.026042
0 0.156771 0.144271 0.032292 0.053125
0 0.283854 0.479167 0.044792 0.052083
0 0.539583 0.575000 0.022917 0.037500
0 0.168229 0.964063 0.030208 0.048958
0 0.889062 0.484896 0.046875 0.032292
0 0.281250 0.158333 0.050000 0.029167
0 0.385937 0.641667 0.048958 0.052083
0 0.849479 0.646875 0.036458 0.022917
0 0.434375 0.687500 0.047917 0.035417
0 0.353125 0.810937 0.031250 0.040625
0 0.513542 0.227604 0.039583 0.038542
0 0.647917 0.802604 0.039583 0.038542
0 0.547396 0.888021 0.036458 0.040625
0 0.632292 0.597917 0.035417 0.037500
0 0.545833 0.531250 0.025000 0.041667
0 0.738542 0.899479 0.041667 0.055208
0 0.558333 0.679167 0.033333 0.043750
0 0.610938 0.825521 0.053125 0.030208
0 0.772917 0.359896 0.050000 0.034375
0 0.604167 0.373437 0.037500 0.053125
0 0.535937 0.776042 0.038542 0.029167
0 0.304167 0.514062 0.050000 0.034375
0 0.879687 0.752083 0.038542 0.033333
0 0.670312 0.167187 0.048958 0.048958
0 0.101042 0.338021 0.020833 0.036458
0 0.419271 0.118750 0.048958 0.039583
0 0.721875 0.963021 0.039583 0.030208
0 0.422396 0.235417 0.036458 0.047917
0 0.419792 0.923958 0.027083 0.037500
0 0.732812 0.480729 0.040625 0.036458
0 0.461458 0.904687 0.035417 0.040625
0 0.572396 0.098958 0.028125 0.041667
0 0.095833 0.167708 0.039583 0.041667
0 0.095833 0.963542 0.043750 0.033333
0 0.831250 0.094792 0.043750 0.045833
0 0.221354 0.306250 0.028125 0.039583
0 0.226562 0.550521 0.023958 0.042708
0 0.316667 0.786979 0.054167 0.040625
0 0.165104 0.852083 0.036458 0.020833
0 0.959375 0.352604 0.045833 0.034375
0 0.594792 0.083854 0.039583 0.048958
0 0.244271 0.522396 0.030208 0.048958
0 0.716667 0.091667 0.025000 0.037500
0 0.450000 0.530208 0.043750 0.045833
0 0.318229 0.358854 0.026042 0.051042
0 0.378646 0.236458 0.042708 0.054167
0 0.952083 0.090625 0.041667 0.037500
0 0.959375 0.327604 0.041667 0.055208
0 0.437500 0.713542 0.041667 0.039583
0 0.829167 0.288542 0.031250 0.037500
0 0.682292 0.468750 0.025000 0.043750
0 0.727604 0.205208 0.048958 0.041667
0 0.520312 0.698438 0.048958 0.032292
0 0.372396 0.287500 0.048958 0.041667
0 0.596354 0.141667 0.046875 0.043750
0 0.257292 0.507292 0.037500 0.035417
0 0.531771 0.268229 0.055208 0.048958
0 0.759896 0.736979 0.023958 0.042708
0 0.723958 0.448437 0.054167 0.042708
0 0.330729 0.165625 0.017708 0.035417
0 0.690625 0.401042 0.022917 0.037500
0 0.641667 0.916667 0.052083 0.047917
0 0.632812 0.715104 0.038542 0.046875
0 0.531250 0.385417 0.050000 0.031250
0 0.365625 0.533854 0.025000 0.038542
0 0.396354 0.800000 0.048958 0.041667
0 0.153125 0.229687 0.041667 0.044792
0 0.916667 0.383854 0.050000 0.053125
0 0.883854 0.422917 0.028125 0.050000
0 0.862500 0.530208 0.052083 0.039583
0 0.927083 0.319271 0.041667 0.048958
0 0.485938 0.935937 0.053125 0.051042
0 0.290104 0.270313 0.042708 0.055208
0 0.707292 0.690104 0.031250 0.048958
0 0.953125 0.611979 0.050000 0.044792
0 0.623958 0.691667 0.020833 0.035417
0 0.190104 0.734896 0.055208 0.048958
0 0.194271 0.385937 0.026042 0.040625
0 0.555208 0.793750 0.018750 0.035417
0 0.815104 0.383333 0.046875 0.029167
0 0.924479 0.682813 0.036458 0.040625
0 0.925000 0.486458 0.043750 0.045833
0 0.304167 0.951562 0.052083 0.051042
0 0.957812 0.527083 0.048958 0.041667
0 0.275521 0.425521 0.028125 0.040625
0 0.140104 0.854167 0.038542 0.029167
0 0.716667 0.750521 0.027083 0.042708
0 0.211458 0.599479 0.033333 0.053125
0 0.308854 0.397396 0.040625 0.055208
0 0.369792 0.129167 0.035417 0.037500
0 0.346875 0.788542 0.052083 0.041667
0 0.075000 0.280729 0.043750 0.030208
0 0.605208 0.810417 0.047917 0.039583
0 0.309375 0.810937 0.045833 0.055208
0 0.624479 0.609896 0.051042 0.038542
0 0.820833 0.542188 0.033333 0.053125
0 0.478125 0.572917 0.035417 0.020833
0 0.128646 0.677604 0.038542 0.023958
0 0.753125 0.811979 0.035417 0.053125
0 0.559896 0.379688 0.044792 0.030208
0 0.671875 0.900000 0.052083 0.039583
0 0.187500 0.261979 0.018750 0.036458
0 0.644271 0.564583 0.032292 0.052083
0 0.209896 0.304167 0.048958 0.050000
0 0.359896 0.144792 0.034375 0.039583
0 0.761458 0.915104 0.027083 0.038542
0 0.720313 0.322917 0.038542 0.037500
0 0.182812 0.504167 0.048958 0.039583
0 0.125000 0.188542 0.043750 0.045833
0 0.749479 0.513542 0.040625 0.020833
0 0.420312 0.204167 0.044792 0.037500
0 0.719271 0.862500 0.026042 0.041667
0 0.755208 0.570312 0.054167 0.048958
0 0.943750 0.931250 0.050000 0.029167
0 0.936979 0.380208 0.028125 0.043750
0 0.268750 0.510938 0.025000 0.048958
0 0.155729 0.395833 0.053125 0.043750
0 0.727604 0.861458 0.048958 0.039583
0 0.846875 0.077083 0.035417 0.043750
0 0.856250 0.617188 0.035417 0.040625
0 0.550000 0.379688 0.045833 0.034375
0 0.594271 0.164062 0.051042 0.038542
0 0.379167 0.214583 0.037500 0.035417
0 0.894792 0.904687 0.054167 0.042708
0 0.423958 0.157292 0.041667 0.047917
0 0.447917 0.841667 0.041667 0.047917
0 0.191667 0.323958 0.047917 0.041667
0 0.277604 0.522396 0.040625 0.023958
0 0.758333 0.173958 0.041667 0.047917
0 0.690625 0.599479 0.047917 0.028125
0 0.160417 0.167708 0.037500 0.033333
0 0.372917 0.901563 0.031250 0.040625
0 0.208854 0.691667 0.028125 0.039583
0 0.285938 0.168229 0.051042 0.036458
0 0.436979 0.832292 0.023958 0.047917
0 0.847396 0.556250 0.036458 0.018750
0 0.277604 0.385937 0.048958 0.055208
0 0.510417 0.268229 0.045833 0.034375
0 0.948438 0.429688 0.028125 0.044792
0 0.490625 0.288021 0.035417 0.040625
0 0.431771 0.581771 0.026042 0.046875
0 0.257292 0.265104 0.043750 0.030208
0 0.765104 0.929167 0.038542 0.022917
0 0.746875 0.703646 0.054167 0.046875
0 0.767188 0.082292 0.038542 0.035417
0 0.348958 0.353646 0.025000 0.042708
0 0.586979 0.284896 0.026042 0.044792
0 0.317188 0.373958 0.048958 0.025000
0 0.198958 0.136979 0.029167 0.046875
0 0.219271 0.548438 0.046875 0.036458
0 0.479687 0.538021 0.053125 0.051042
0 0.199479 0.953646 0.040625 0.028125
0 0.442708 0.373437 0.047917 0.028125
0 0.203646 0.089583 0.053125 0.043750
0 0.938542 0.184375 0.045833 0.031250
0 0.940104 0.317708 0.030208 0.039583
0 0.182812 0.856250 0.032292 0.047917
0 0.602083 0.224479 0.050000 0.040625
0 0.768750 0.167187 0.037500 0.019792
0 0.357812 0.821875 0.038542 0.029167
0 0.079167 0.533333 0.037500 0.033333
0 0.526563 0.758333 0.026042 0.039583
0 0.416146 0.947396 0.055208 0.048958
0 0.612500 0.413542 0.039583 0.020833
0 0.359375 0.217708 0.052083 0.035417
0 0.859375 0.527604 0.037500 0.048958
0 0.396354 0.067187 0.048958 0.030208
0 0.282292 0.906250 0.043750 0.045833
0 0.291667 0.080208 0.035417 0.037500
0 0.574479 0.621354 0.040625 0.032292
0 0.288021 0.937500 0.034375 0.052083
0 0.539062 0.610938 0.040625 0.023958
0 0.246875 0.427083 0.025000 0.041667
0 0.264583 0.753646 0.022917 0.038542
0 0.592187 0.916146 0.055208 0.044792
0 0.091146 0.655208 0.038542 0.052083
0 0.221354 0.716146 0.038542 0.040625
0 0.440104 0.927604 0.053125 0.053125
0 0.127604 0.767188 0.028125 0.048958
0 0.120833 0.200521 0.041667 0.055208
0 0.453646 0.897917 0.042708 0.039583
0 0.895312 0.083333 0.026042 0.041667
0 0.837500 0.352083 0.018750 0.035417
0 0.539062 0.794271 0.038542 0.038542
0 0.156771 0.817187 0.051042 0.055208
0 0.274479 0.138021 0.046875 0.034375
0 0.781771 0.940104 0.030208 0.040625
0 0.211458 0.557813 0.035417 0.048958
0 0.078646 0.680208 0.040625 0.054167
0 0.789062 0.316146 0.051042 0.038542
0 0.117188 0.529687 0.038542 0.055208
0 0.224479 0.676042 0.044792 0.025000
0 0.794271 0.247917 0.053125 0.037500
0 0.178646 0.678646 0.046875 0.055208
0 0.190104 0.395313 0.032292 0.048958
0 0.872917 0.566667 0.047917 0.050000
0 0.396354 0.094271 0.036458 0.051042
0 0.870313 0.273438 0.040625 0.055208
0 0.505208 0.344271 0.039583 0.055208
0 0.229167 0.241667 0.043750 0.045833
0 0.826042 0.845313 0.043750 0.026042
0 0.794792 0.945312 0.033333 0.040625
0 0.522917 0.860417 0.052083 0.033333
0 0.456771 0.882812 0.042708 0.044792
0 0.698438 0.294271 0.040625 0.038542
0 0.910417 0.281250 0.029167 0.041667
0 0.371354 0.762500 0.034375 0.037500
0 0.790625 0.734896 0.054167 0.036458
0 0.816146 0.442708 0.051042 0.031250
0 0.872396 0.326042 0.048958 0.052083
0 0.252604 0.325521 0.038542 0.040625
0 0.917708 0.265625 0.031250 0.045833
0 0.208333 0.505729 0.050000 0.053125
0 0.963542 0.957812 0.045833 0.040625
0 0.817187 0.469271 0.030208 0.051042
0 0.161458 0.947917 0.031250 0.050000
0 0.709375 0.346875 0.029167 0.045833
0 0.903125 0.963542 0.022917 0.043750
0 0.420312 0.480208 0.046875 0.022917
0 0.963021 0.808333 0.038542 0.033333
0 0.547396 0.513542 0.034375 0.052083
0 0.091146 0.433854 0.038542 0.040625
0 0.591667 0.872917 0.037500 0.033333
0 0.721354 0.783333 0.032292 0.039583
0 0.212500 0.763542 0.041667 0.052083
0 0.652083 0.364583 0.052083 0.045833
0 0.878125 0.944792 0.047917 0.052083
0 0.194792 0.319792 0.043750 0.035417
0 0.313021 0.909375 0.042708 0.047917
0 0.648958 0.625521 0.043750 0.048958
0 0.878646 0.740625 0.051042 0.047917
0 0.232292 0.566667 0.033333 0.047917
0 0.408333 0.594271 0.054167 0.036458
0 0.222917 0.654687 0.047917 0.032292
0 0.188542 0.915104 0.050000 0.042708
0 0.591667 0.593229 0.027083 0.040625
0 0.936979 0.965625 0.048958 0.050000
0 0.872917 0.242708 0.039583 0.041667
0 0.457813 0.258333 0.034375 0.052083
0 0.831771 0.202604 0.030208 0.051042
0 0.916667 0.633854 0.050000 0.028125
0 0.352604 0.586979 0.038542 0.055208
0 0.406771 0.252083 0.028125 0.039583
0 0.572396 0.952083 0.026042 0.037500
0 0.098958 0.293229 0.031250 0.051042
0 0.957812 0.733854 0.046875 0.038542
0 0.820833 0.416667 0.052083 0.047917
0 0.971354 0.918229 0.046875 0.055208
0 0.822396 0.203646 0.034375 0.040625
0 0.940104 0.343229 0.051042 0.036458
0 0.196875 0.226042 0.050000 0.029167
0 0.135417 0.530208 0.037500 0.027083
0 0.083854 0.923438 0.042708 0.021875
0 0.575521 0.604688 0.028125 0.040625
0 0.704167 0.807813 0.033333 0.048958
0 0.302604 0.931250 0.021875 0.037500
0 0.426042 0.456771 0.037500 0.038542
0 0.947917 0.431771 0.039583 0.055208
0 0.094271 0.529687 0.030208 0.053125
0 0.451042 0.337500 0.037500 0.047917
0 0.361458 0.240625 0.039583 0.025000
0 0.492188 0.898438 0.044792 0.030208
0 0.348958 0.132292 0.035417 0.020833
0 0.761979 0.563021 0.044792 0.055208
0 0.240625 0.135417 0.031250 0.041667
0 0.113542 0.757292 0.047917 0.025000
0 0.160938 0.138021 0.021875 0.038542
0 0.281250 0.959896 0.039583 0.026042
0 0.331250 0.667708 0.052083 0.043750
0 0.316667 0.247917 0.035417 0.043750
0 0.877083 0.438542 0.047917 0.037500
0 0.093750 0.959896 0.035417 0.040625
0 0.328646 0.539583 0.042708 0.047917
0 0.139583 0.821354 0.035417 0.040625
0 0.142708 0.087500 0.029167 0.037500
0 0.708333 0.942708 0.037500 0.025000
0 0.740625 0.256771 0.045833 0.038542
0 0.690625 0.686979 0.047917 0.044792
0 0.086458 0.798438 0.029167 0.040625
0 0.628125 0.551042 0.035417 0.018750
0 0.352083 0.433333 0.041667 0.052083
0 0.856250 0.728646 0.045833 0.048958
0 0.167187 0.116667 0.021875 0.039583
0 0.605729 0.490104 0.046875 0.048958
0 0.096875 0.173958 0.047917 0.052083
0 0.155729 0.583333 0.036458 0.037500
0 0.599479 0.608333 0.038542 0.037500
0 0.573958 0.958333 0.035417 0.020833
0 0.221354 0.177604 0.034375 0.046875
0 0.401042 0.784896 0.054167 0.046875
0 0.352083 0.791667 0.041667 0.039583
0 0.075000 0.154688 0.041667 0.032292
0 0.560937 0.362500 0.026042 0.039583
0 0.210938 0.228646 0.040625 0.044792
0 0.728646 0.625000 0.023958 0.045833
0 0.931771 0.503646 0.040625 0.036458
0 0.922917 0.743750 0.025000 0.041667
0 0.871875 0.144792 0.041667 0.047917
0 0.229687 0.880729 0.032292 0.053125
0 0.283333 0.345313 0.050000 0.038542
0 0.466146 0.495312 0.051042 0.040625
0 0.559896 0.206771 0.046875 0.038542
0 0.852083 0.186458 0.052083 0.035417
0 0.921875 0.467187 0.027083 0.046875
0 0.748958 0.316667 0.022917 0.037500
0 0.695833 0.795312 0.039583 0.048958
0 0.806771 0.830729 0.046875 0.055208
0 0.121354 0.936458 0.042708 0.037500
0 0.651042 0.259375 0.025000 0.041667
0 0.294271 0.163542 0.042708 0.047917
0 0.954688 0.408854 0.032292 0.046875
0 0.430729 0.232813 0.040625 0.028125