0 0.690104 0.609896 0.042708 0.021875
0 0.873437 0.258854 0.036458 0.051042
0 0.722917 0.082292 0.039583 0.022917
0 0.656771 0.207813 0.051042 0.040625
0 0.771354 0.828125 0.051042 0.047917
0 0.888021 0.956771 0.053125 0.053125
0 0.244792 0.892188 0.043750 0.055208
0 0.233333 0.919271 0.031250 0.051042
0 0.230208 0.796354 0.050000 0.034375
0 0.243229 0.742708 0.048958 0.050000
0 0.448437 0.371354 0.040625 0.034375
0 0.402083 0.535937 0.045833 0.055208
0 0.266146 0.279687 0.030208 0.053125
0 0.714063 0.125521 0.040625 0.055208
0 0.709375 0.101042 0.031250 0.045833
0 0.403125 0.135417 0.041667 0.031250
0 0.826042 0.670312 0.022917 0.038542
0 0.503646 0.616146 0.051042 0.036458
0 0.197917 0.751042 0.025000 0.043750
0 0.229167 0.113542 0.041667 0.047917
0 0.752604 0.307812 0.038542 0.038542
0 0.094792 0.358854 0.047917 0.048958
0 0.868229 0.083333 0.042708 0.054167
0 0.628646 0.222917 0.034375 0.016667
0 0.188542 0.797396 0.045833 0.034375
0 0.592187 0.815104 0.055208 0.044792
0 0.207292 0.895833 0.041667 0.052083
0 0.865104 0.679688 0.051042 0.055208
0 0.850521 0.580208 0.053125 0.045833
0 0.844792 0.841667 0.039583 0.047917
0 0.225000 0.320312 0.037500 0.040625
0 0.251563 0.433854 0.051042 0.036458
0 0.397396 0.353646 0.040625 0.038542
0 0.391667 0.133333 0.037500 0.035417
0 0.127083 0.878646 0.039583 0.036458
0 0.605208 0.779687 0.045833 0.026042
0 0.455729 0.401562 0.040625 0.034375
0 0.600521 0.789583 0.030208 0.050000
0 0.498437 0.132292 0.038542 0.052083
0 0.889062 0.853646 0.040625 0.034375
0 0.388021 0.324479 0.040625 0.026042
0 0.438021 0.262500 0.034375 0.043750
0 0.428646 0.160938 0.028125 0.044792
0 0.394792 0.739583 0.025000 0.041667
0 0.376042 0.397917 0.033333 0.037500
0 0.629687 0.766146 0.040625 0.028125
0 0.664583 0.772396 0.033333 0.053125
0 0.510417 0.883333 0.052083 0.039583
0 0.937500 0.769792 0.043750 0.035417
0 0.409896 0.690625 0.036458 0.022917
0 0.602083 0.322396 0.045833 0.034375
0 0.803125 0.408333 0.052083 0.043750
0 0.501563 0.079167 0.042708 0.054167
0 0.109375 0.924479 0.047917 0.030208
0 0.817187 0.832292 0.026042 0.037500
0 0.707292 0.884896 0.050000 0.028125
0 0.433333 0.523958 0.043750 0.045833
0 0.455729 0.586979 0.040625 0.038542
0 0.951562 0.523438 0.048958 0.055208
0 0.211979 0.130208 0.038542 0.033333
0 0.632812 0.889062 0.038542 0.019792
0 0.698958 0.266146 0.054167 0.051042
0 0.259375 0.843750 0.020833 0.039583
0 0.765104 0.390625 0.038542 0.029167
0 0.941146 0.254167 0.028125 0.045833
0 0.945833 0.489583 0.029167 0.045833
0 0.141146 0.177604 0.053125 0.034375
0 0.394271 0.670833 0.028125 0.045833
0 0.435417 0.526042 0.052083 0.047917
0 0.227604 0.941146 0.053125 0.032292
0 0.267188 0.144792 0.030208 0.039583
0 0.626563 0.940104 0.040625 0.028125
0 0.615104 0.189062 0.028125 0.040625
0 0.334375 0.471875 0.043750 0.045833
0 0.808333 0.302083 0.050000 0.050000
0 0.762500 0.887500 0.041667 0.029167
0 0.088542 0.135937 0.050000 0.028125
0 0.097917 0.637500 0.050000 0.029167
0 0.194271 0.932292 0.038542 0.035417
0 0.863021 0.702083 0.030208 0.050000
0 0.911979 0.766667 0.051042 0.033333
0 0.176563 0.095312 0.026042 0.046875
0 0.769792 0.588021 0.020833 0.040625
0 0.406771 0.738542 0.036458 0.020833
0 0.709375 0.237500 0.047917 0.039583
0 0.110937 0.476562 0.044792 0.028125
0 0.185417 0.083854 0.035417 0.040625
0 0.900521 0.258854 0.053125 0.034375
0 0.264062 0.106250 0.030208 0.047917
0 0.275521 0.078646 0.053125 0.051042
0 0.921875 0.276042 0.031250 0.037500
0 0.107292 0.879167 0.041667 0.052083
0 0.182292 0.169792 0.050000 0.050000
0 0.715625 0.726042 0.052083 0.041667
0 0.707812 0.759375 0.034375 0.043750
0 0.563021 0.880208 0.051042 0.031250
0 0.536458 0.763542 0.037500 0.052083
0 0.146354 0.635938 0.038542 0.040625
0 0.731250 0.284896 0.037500 0.040625
0 0.392188 0.443750 0.028125 0.045833
0 0.169271 0.966667 0.028125 0.039583
0 0.673438 0.433333 0.044792 0.054167
0 0.931771 0.415625 0.019792 0.037500
0 0.631250 0.727604 0.054167 0.042708
0 0.836979 0.079167 0.044792 0.047917
0 0.594792 0.472396 0.029167 0.040625
0 0.883333 0.877604 0.052083 0.051042
0 0.145313 0.603125 0.032292 0.043750
0 0.307292 0.130729 0.043750 0.040625
0 0.251042 0.206250 0.052083 0.043750
0 0.695312 0.736979 0.053125 0.034375
0 0.429688 0.453646 0.034375 0.048958
0 0.144271 0.536458 0.048958 0.037500
0 0.296875 0.768750 0.027083 0.045833
0 0.580208 0.745833 0.037500 0.029167
0 0.175521 0.148958 0.028125 0.039583
0 0.305729 0.547396 0.032292 0.040625
0 0.759375 0.304167 0.043750 0.025000
0 0.927083 0.434375 0.033333 0.043750
0 0.779687 0.367708 0.053125 0.043750
0 0.165104 0.713542 0.023958 0.043750
0 0.277604 0.325000 0.040625 0.022917
0 0.653125 0.303646 0.047917 0.032292
0 0.105208 0.556771 0.045833 0.048958
0 0.300000 0.728125 0.020833 0.041667
0 0.916667 0.632812 0.041667 0.021875
0 0.682292 0.186979 0.027083 0.042708
0 0.219792 0.073958 0.041667 0.031250
0 0.276562 0.682292 0.036458 0.037500
0 0.269792 0.930208 0.041667 0.037500
0 0.725521 0.665104 0.030208 0.044792
0 0.123438 0.097917 0.038542 0.033333
0 0.088542 0.895312 0.037500 0.021875
0 0.748958 0.518750 0.039583 0.047917
0 0.502604 0.708333 0.026042 0.045833
0 0.494792 0.604167 0.050000 0.031250
0 0.510938 0.884375 0.038542 0.031250
0 0.894792 0.750521 0.047917 0.046875
0 0.839583 0.591667 0.031250 0.041667
0 0.934375 0.566146 0.043750 0.032292
0 0.372917 0.853646 0.045833 0.026042
0 0.075521 0.387500 0.034375 0.047917
0 0.426042 0.901563 0.037500 0.038542
0 0.517708 0.396354 0.029167 0.051042
0 0.193229 0.371354 0.030208 0.040625
0 0.803125 0.957292 0.037500 0.052083
0 0.920833 0.413542 0.033333 0.050000
0 0.521875 0.763542 0.031250 0.045833
0 0.790104 0.785417 0.051042 0.050000
0 0.645833 0.117708 0.027083 0.047917
0 0.318750 0.323958 0.043750 0.031250
0 0.692187 0.361458 0.038542 0.035417
0 0.863542 0.532813 0.039583 0.030208
0 0.285417 0.348438 0.045833 0.048958
0 0.535417 0.120833 0.037500 0.029167
0 0.367708 0.103646 0.045833 0.055208
0 0.240625 0.325521 0.050000 0.053125
0 0.734896 0.529167 0.038542 0.047917
0 0.757812 0.821875 0.038542 0.022917
0 0.278125 0.497917 0.041667 0.027083
0 0.092708 0.845313 0.043750 0.040625
0 0.452083 0.182292 0.047917 0.041667
0 0.730208 0.714063 0.037500 0.021875
0 0.073958 0.539062 0.043750 0.028125
0 0.758854 0.705208 0.053125 0.037500
0 0.095312 0.397917 0.038542 0.043750
0 0.526042 0.087500 0.041667 0.039583
0 0.639062 0.841146 0.044792 0.040625
0 0.259896 0.948438 0.040625 0.055208
0 0.575000 0.554167 0.041667 0.029167
0 0.455729 0.650000 0.030208 0.050000
0 0.548438 0.671875 0.040625 0.025000
0 0.963021 0.599479 0.034375 0.040625
0 0.388542 0.365625 0.047917 0.035417
0 0.427083 0.695312 0.050000 0.053125
0 0.743750 0.307812 0.045833 0.023958
0 0.488021 0.497396 0.038542 0.019792
0 0.281771 0.965104 0.032292 0.040625
0 0.415625 0.085417 0.052083 0.035417
0 0.746875 0.937500 0.047917 0.027083
0 0.929688 0.465104 0.044792 0.044792
0 0.255729 0.538542 0.036458 0.037500
0 0.711458 0.225000 0.047917 0.037500
0 0.200521 0.882292 0.053125 0.043750
0 0.892708 0.426042 0.039583 0.020833
0 0.590104 0.137500 0.026042 0.037500
0 0.503646 0.251563 0.040625 0.055208
0 0.702604 0.616146 0.032292 0.046875
0 0.335417 0.669271 0.039583 0.044792
0 0.334375 0.275521 0.045833 0.023958
0 0.170313 0.471875 0.053125 0.047917
0 0.419271 0.362500 0.038542 0.033333
0 0.715625 0.951042 0.031250 0.045833
0 0.142187 0.724479 0.042708 0.051042
0 0.783333 0.205729 0.039583 0.036458
0 0.692187 0.830208 0.026042 0.041667
0 0.186979 0.381771 0.021875 0.044792
0 0.462500 0.240625 0.020833 0.039583
0 0.469792 0.167187 0.027083 0.046875
0 0.478125 0.621875 0.037500 0.041667
0 0.700000 0.961458 0.033333 0.037500
0 0.217708 0.740625 0.043750 0.035417
0 0.105208 0.617188 0.043750 0.021875
0 0.616146 0.354167 0.023958 0.041667
0 0.161979 0.360417 0.038542 0.047917
0 0.535417 0.362500 0.052083 0.043750
0 0.147917 0.415104 0.039583 0.032292
0 0.948958 0.146354 0.045833 0.034375
0 0.893750 0.254688 0.035417 0.044792
0 0.771354 0.955729 0.032292 0.048958
0 0.077083 0.427604 0.047917 0.046875
0 0.955208 0.184896 0.054167 0.036458
0 0.156771 0.835938 0.051042 0.036458
0 0.128125 0.636458 0.033333 0.037500
0 0.916146 0.549479 0.038542 0.021875
0 0.946354 0.818750 0.044792 0.033333
0 0.772396 0.520833 0.048958 0.041667
0 0.161458 0.867188 0.033333 0.048958
0 0.125521 0.908333 0.038542 0.031250
0 0.662500 0.876563 0.033333 0.048958
0 0.560417 0.159375 0.033333 0.037500
0 0.407813 0.303646 0.040625 0.036458
0 0.633854 0.118229 0.032292 0.040625
0 0.599479 0.763021 0.026042 0.040625
0 0.553646 0.851562 0.044792 0.030208
0 0.677604 0.828646 0.028125 0.044792
0 0.331250 0.137500 0.050000 0.029167
0 0.572917 0.605208 0.047917 0.025000
0 0.642188 0.796875 0.038542 0.052083
0 0.622396 0.506250 0.038542 0.043750
0 0.886458 0.114062 0.047917 0.046875
0 0.813542 0.833854 0.037500 0.040625
0 0.151562 0.155729 0.036458 0.040625
0 0.641667 0.693750 0.052083 0.039583
0 0.472917 0.446875 0.037500 0.029167
0 0.468229 0.518750 0.023958 0.045833
0 0.415104 0.419792 0.030208 0.047917
0 0.613021 0.454167 0.040625 0.054167
0 0.350521 0.825521 0.040625 0.032292
0 0.737500 0.810937 0.043750 0.028125
0 0.463021 0.813542 0.030208 0.047917
0 0.892708 0.402083 0.029167 0.037500
0 0.469792 0.784375 0.047917 0.039583
0 0.609896 0.853646 0.030208 0.048958
0 0.491146 0.212500 0.044792 0.047917
0 0.716667 0.873958 0.035417 0.043750
0 0.747917 0.292708 0.045833 0.043750
0 0.460417 0.243750 0.043750 0.033333
0 0.917188 0.142708 0.019792 0.039583
0 0.923438 0.601042 0.026042 0.045833
0 0.213542 0.808333 0.029167 0.045833
0 0.373958 0.841146 0.039583 0.038542
0 0.364063 0.504687 0.040625 0.019792
0 0.216146 0.466146 0.046875 0.048958
0 0.952604 0.961458 0.036458 0.037500
0 0.536979 0.325000 0.036458 0.020833
0 0.499479 0.865625 0.053125 0.041667
0 0.579167 0.267708 0.037500 0.047917
0 0.721354 0.442708 0.030208 0.047917
0 0.237500 0.383854 0.047917 0.044792
0 0.520312 0.633854 0.051042 0.026042
0 0.604688 0.406250 0.038542 0.029167
0 0.385417 0.685417 0.025000 0.047917
0 0.365625 0.842708 0.045833 0.052083
0 0.899479 0.705208 0.038542 0.031250
0 0.123958 0.663542 0.018750 0.035417
0 0.891146 0.734896 0.036458 0.051042
0 0.535417 0.255208 0.043750 0.045833
0 0.384896 0.474479 0.040625 0.026042
0 0.366146 0.167708 0.040625 0.054167
0 0.846354 0.360938 0.030208 0.053125
0 0.557292 0.610417 0.039583 0.041667
0 0.630208 0.376563 0.029167 0.040625
0 0.169271 0.552083 0.040625 0.054167
0 0.078125 0.401042 0.045833 0.052083
0 0.445312 0.194792 0.044792 0.047917
0 0.692708 0.465104 0.050000 0.034375
0 0.230729 0.501563 0.042708 0.023958
0 0.948958 0.170313 0.037500 0.053125
0 0.301042 0.455208 0.039583 0.041667
0 0.203125 0.598437 0.037500 0.044792
0 0.779687 0.656771 0.044792 0.042708
0 0.391146 0.757292 0.038542 0.035417
0 0.316146 0.575000 0.053125 0.041667
0 0.924479 0.306250 0.023958 0.041667
0 0.482292 0.102604 0.020833 0.038542
0 0.138542 0.675521 0.054167 0.036458
0 0.475000 0.798958 0.041667 0.039583
0 0.861458 0.248438 0.054167 0.040625
0 0.236458 0.379167 0.033333 0.037500
0 0.509896 0.135417 0.028125 0.039583
0 0.094271 0.906250 0.026042 0.045833
0 0.500000 0.118229 0.039583 0.034375
0 0.279167 0.510417 0.050000 0.047917
0 0.674479 0.172917 0.053125 0.045833
0 0.270313 0.413021 0.051042 0.040625
0 0.692187 0.740104 0.036458 0.040625
0 0.575000 0.869792 0.039583 0.022917
0 0.102083 0.090104 0.054167 0.051042
0 0.152083 0.095312 0.020833 0.036458
0 0.383854 0.767188 0.044792 0.032292
0 0.839063 0.098958 0.021875 0.039583
0 0.504167 0.478646 0.039583 0.055208
0 0.413021 0.330208 0.046875 0.052083
0 0.492188 0.784896 0.044792 0.042708
0 0.423438 0.388542 0.040625 0.022917
0 0.429688 0.125521 0.044792 0.026042
0 0.254167 0.658854 0.033333 0.048958
0 0.720313 0.110417 0.044792 0.033333
0 0.819792 0.686979 0.027083 0.046875
0 0.768229 0.162500 0.040625 0.020833
0 0.741146 0.904687 0.053125 0.053125
0 0.154688 0.415104 0.044792 0.042708
0 0.395833 0.611979 0.043750 0.026042
0 0.680208 0.805729 0.037500 0.023958
0 0.161979 0.665625 0.053125 0.041667
0 0.811458 0.872917 0.041667 0.037500
0 0.259896 0.675000 0.030208 0.047917
0 0.227083 0.326562 0.041667 0.021875
0 0.092708 0.155208 0.033333 0.037500
0 0.457813 0.783333 0.026042 0.039583
0 0.528646 0.279687 0.046875 0.036458
0 0.904687 0.800521 0.038542 0.038542
0 0.960417 0.324479 0.045833 0.038542
0 0.880729 0.485417 0.038542 0.033333
0 0.603646 0.898958 0.046875 0.043750
0 0.797917 0.681771 0.039583 0.044792
0 0.208854 0.668750 0.042708 0.020833
0 0.855208 0.413542 0.027083 0.047917
0 0.911979 0.682292 0.046875 0.043750
0 0.718229 0.792708 0.053125 0.039583
0 0.340625 0.176563 0.052083 0.030208
0 0.360417 0.792708 0.037500 0.029167
0 0.528125 0.105729 0.043750 0.028125
0 0.111458 0.473958 0.033333 0.043750
0 0.802604 0.576562 0.034375 0.040625
0 0.565625 0.225000 0.043750 0.022917
0 0.553125 0.847917 0.035417 0.022917
0 0.923438 0.367188 0.036458 0.051042
0 0.161979 0.586458 0.044792 0.035417
0 0.279687 0.105729 0.048958 0.030208
0 0.298438 0.848958 0.032292 0.052083
0 0.301563 0.166146 0.055208 0.046875
0 0.370833 0.829688 0.054167 0.046875
0 0.261979 0.536979 0.042708 0.051042
0 0.278646 0.137500 0.038542 0.033333
0 0.780729 0.610938 0.055208 0.036458
0 0.157812 0.716146 0.046875 0.034375
0 0.180208 0.268229 0.054167 0.040625
0 0.389583 0.156250 0.037500 0.033333
0 0.637500 0.964063 0.052083 0.034375
0 0.546875 0.697917 0.037500 0.047917
0 0.941146 0.914583 0.044792 0.045833
0 0.326042 0.927083 0.027083 0.037500
0 0.916667 0.126562 0.041667 0.021875
0 0.895833 0.628125 0.037500 0.031250
0 0.691667 0.965104 0.039583 0.038542
0 0.641146 0.105208 0.048958 0.041667
0 0.655729 0.370312 0.051042 0.038542
0 0.086979 0.435417 0.019792 0.039583
0 0.754687 0.731771 0.051042 0.026042
0 0.824479 0.355208 0.040625 0.052083
0 0.193750 0.642188 0.039583 0.055208
0 0.219792 0.244792 0.029167 0.041667
0 0.684375 0.419792 0.047917 0.050000
0 0.533854 0.196354 0.051042 0.040625
0 0.600521 0.608333 0.019792 0.035417
0 0.452604 0.086979 0.026042 0.046875
0 0.747917 0.738542 0.045833 0.043750
0 0.591146 0.262500 0.036458 0.022917
0 0.302083 0.782813 0.039583 0.036458
0 0.508333 0.403125 0.037500 0.033333
0 0.918229 0.957292 0.048958 0.033333
0 0.435937 0.745833 0.048958 0.025000
0 0.418229 0.809896 0.038542 0.055208
0 0.648438 0.310937 0.051042 0.040625
0 0.507292 0.255729 0.050000 0.038542
0 0.589583 0.130208 0.047917 0.039583
0 0.854688 0.150000 0.034375 0.047917
0 0.319271 0.238021 0.051042 0.042708
0 0.588542 0.314583 0.020833 0.039583
0 0.133854 0.313021 0.044792 0.051042
0 0.410417 0.315104 0.029167 0.040625
0 0.165625 0.081250 0.037500 0.025000
0 0.468750 0.280208 0.035417 0.018750
0 0.869792 0.147396 0.054167 0.046875
0 0.219271 0.668229 0.048958 0.023958
0 0.813542 0.220312 0.041667 0.048958
0 0.665104 0.818229 0.026042 0.044792
0 0.168229 0.649479 0.034375 0.040625
0 0.774479 0.869792 0.023958 0.047917
0 0.219271 0.779687 0.051042 0.040625
0 0.073958 0.695833 0.035417 0.047917
0 0.448437 0.607292 0.046875 0.031250
0 0.650000 0.576562 0.052083 0.030208
0 0.249479 0.313021 0.051042 0.036458
0 0.409896 0.503125 0.051042 0.029167
0 0.598437 0.130729 0.040625 0.030208
0 0.268750 0.627604 0.054167 0.036458
0 0.796875 0.555729 0.022917 0.046875
0 0.413021 0.438542 0.053125 0.037500
0 0.744792 0.510417 0.047917 0.037500
0 0.345833 0.367188 0.031250 0.051042
0 0.961979 0.818750 0.030208 0.039583
0 0.791146 0.908854 0.040625 0.055208
0 0.743750 0.452604 0.045833 0.048958
0 0.885417 0.254688 0.027083 0.038542
0 0.874479 0.532813 0.051042 0.040625
0 0.162500 0.955729 0.039583 0.036458
0 0.910417 0.900521 0.022917 0.042708
0 0.251042 0.502604 0.045833 0.028125
0 0.213542 0.945312 0.039583 0.032292
0 0.821354 0.870833 0.034375 0.037500
0 0.126562 0.387500 0.034375 0.037500
0 0.153646 0.548438 0.038542 0.019792
0 0.378125 0.929167 0.035417 0.047917
0 0.893750 0.465104 0.029167 0.040625
0 0.561458 0.112500 0.025000 0.043750
0 0.421875 0.379688 0.045833 0.038542
0 0.628125 0.327604 0.029167 0.046875
0 0.186458 0.936979 0.027083 0.038542
0 0.522917 0.498437 0.039583 0.038542
0 0.834896 0.142708 0.032292 0.043750
0 0.714583 0.657813 0.020833 0.038542
0 0.650521 0.333854 0.036458 0.055208
0 0.285417 0.184896 0.039583 0.048958
0 0.519792 0.201563 0.018750 0.036458
0 0.744792 0.496875 0.052083 0.045833
0 0.735938 0.804688 0.055208 0.038542
0 0.714583 0.357292 0.031250 0.037500
0 0.526563 0.966667 0.044792 0.047917
0 0.732292 0.752083 0.029167 0.050000
0 0.842708 0.133854 0.033333 0.040625
0 0.182812 0.369271 0.046875 0.023958
0 0.561979 0.833854 0.030208 0.044792
0 0.469792 0.262500 0.043750 0.045833
0 0.840625 0.449479 0.045833 0.048958
0 0.125000 0.250521 0.045833 0.036458
0 0.730208 0.341146 0.039583 0.036458
0 0.432812 0.126042 0.036458 0.037500
0 0.539583 0.347396 0.047917 0.032292
0 0.638542 0.803646 0.054167 0.046875
0 0.516146 0.313021 0.028125 0.048958
0 0.442708 0.615625 0.039583 0.047917
0 0.871875 0.475000 0.045833 0.027083
0 0.836979 0.610938 0.038542 0.038542
0 0.626042 0.388542 0.047917 0.035417
0 0.392708 0.585417 0.047917 0.027083
0 0.955729 0.593750 0.036458 0.037500
0 0.756771 0.415625 0.036458 0.037500
0 0.248438 0.306250 0.028125 0.045833
0 0.457292 0.866667 0.029167 0.037500
0 0.272917 0.794271 0.035417 0.040625
0 0.316667 0.135937 0.047917 0.053125
0 0.450521 0.743750 0.028125 0.043750
0 0.226042 0.508333 0.033333 0.043750
0 0.395833 0.754167 0.047917 0.039583
0 0.214062 0.113542 0.048958 0.052083
0 0.426563 0.355208 0.034375 0.043750
0 0.823438 0.764062 0.053125 0.051042
0 0.075000 0.354167 0.043750 0.035417
0 0.788021 0.283333 0.038542 0.047917
0 0.540625 0.473438 0.039583 0.023958
0 0.375000 0.394271 0.027083 0.038542
0 0.266667 0.424479 0.050000 0.044792
0 0.895833 0.156771 0.020833 0.038542
0 0.784896 0.171875 0.042708 0.029167
0 0.631250 0.929167 0.037500 0.033333
0 0.098437 0.202083 0.030208 0.039583
0 0.713021 0.903646 0.030208 0.053125
0 0.221875 0.535417 0.031250 0.037500
0 0.390104 0.667708 0.023958 0.047917
0 0.641667 0.893750 0.022917 0.039583
0 0.664062 0.825000 0.036458 0.018750
0 0.183854 0.837500 0.053125 0.045833
0 0.872917 0.801042 0.050000 0.050000
0 0.840104 0.530208 0.042708 0.047917
0 0.417708 0.759896 0.045833 0.028125
0 0.625521 0.494271 0.055208 0.046875
0 0.514583 0.833854 0.039583 0.026042
0 0.155729 0.796875 0.021875 0.039583
0 0.733854 0.594792 0.017708 0.035417
0 0.727604 0.471875 0.032292 0.039583
0 0.401562 0.966667 0.032292 0.039583
0 0.817187 0.550521 0.044792 0.042708
0 0.228125 0.250000 0.035417 0.037500
0 0.312500 0.770833 0.037500 0.031250
0 0.263542 0.205729 0.033333 0.040625
0 0.695833 0.450000 0.031250 0.041667
0 0.765625 0.658854 0.045833 0.036458
0 0.384375 0.367188 0.045833 0.038542
0 0.192188 0.822917 0.040625 0.041667
0 0.772396 0.665625 0.040625 0.041667
0 0.328646 0.601562 0.030208 0.048958
0 0.886458 0.404167 0.037500 0.052083
0 0.230729 0.594271 0.048958 0.055208
0 0.755208 0.339583 0.039583 0.020833
0 0.280208 0.475000 0.037500 0.035417
0 0.150000 0.173958 0.037500 0.035417
0 0.410417 0.338021 0.037500 0.048958
0 0.744271 0.289583 0.048958 0.052083
0 0.460938 0.680729 0.040625 0.051042
0 0.164062 0.426042 0.046875 0.043750
0 0.777604 0.279687 0.040625 0.051042
0 0.574479 0.136979 0.040625 0.030208
0 0.403646 0.548438 0.036458 0.051042
0 0.556771 0.568229 0.040625 0.051042
0 0.522917 0.916667 0.052083 0.045833
0 0.734375 0.728646 0.022917 0.040625
0 0.400521 0.852604 0.046875 0.026042
0 0.599479 0.530208 0.036458 0.052083
0 0.785937 0.222396 0.051042 0.042708
0 0.618750 0.923438 0.035417 0.040625
0 0.496354 0.549479 0.034375 0.040625
0 0.230208 0.136458 0.045833 0.029167
0 0.388542 0.292708 0.045833 0.022917
0 0.689583 0.947396 0.037500 0.019792
0 0.551042 0.271354 0.050000 0.026042
0 0.348958 0.446354 0.039583 0.030208
0 0.429167 0.854167 0.041667 0.037500
0 0.313021 0.203125 0.038542 0.043750
0 0.286979 0.616146 0.032292 0.048958
0 0.451042 0.358333 0.050000 0.047917
0 0.207292 0.569792 0.041667 0.029167
0 0.847917 0.388021 0.050000 0.036458
0 0.518229 0.531771 0.030208 0.048958
0 0.190625 0.140625 0.052083 0.039583
0 0.155729 0.673438 0.046875 0.048958
0 0.401562 0.152083 0.034375 0.047917
0 0.901042 0.279687 0.037500 0.053125
0 0.951562 0.243750 0.051042 0.050000
0 0.531250 0.150521 0.020833 0.042708
0 0.951562 0.908333 0.048958 0.041667
0 0.596875 0.696875 0.033333 0.037500
0 0.514062 0.616146 0.046875 0.026042
0 0.951562 0.731250 0.034375 0.039583
0 0.435937 0.615625 0.034375 0.039583
0 0.288021 0.149479 0.046875 0.034375
0 0.087500 0.704688 0.043750 0.048958
0 0.182812 0.547917 0.036458 0.022917
0 0.432292 0.763542 0.043750 0.045833
0 0.856771 0.817187 0.028125 0.044792
0 0.375000 0.779167 0.050000 0.033333
0 0.151562 0.152083 0.042708 0.029167
0 0.267188 0.143229 0.053125 0.034375
0 0.809375 0.112500 0.043750 0.027083
0 0.617188 0.123958 0.021875 0.037500
0 0.866146 0.736979 0.042708 0.021875
0 0.110937 0.895833 0.048958 0.035417
0 0.967708 0.757292 0.047917 0.033333
0 0.750000 0.640625 0.041667 0.037500
0 0.494271 0.505208 0.046875 0.045833
0 0.344792 0.732292 0.050000 0.033333
0 0.783854 0.775000 0.038542 0.035417
0 0.499479 0.325000 0.042708 0.029167
0 0.691146 0.757812 0.023958 0.046875
0 0.575000 0.456250 0.031250 0.050000
0 0.352083 0.323437 0.022917 0.040625
0 0.094271 0.623958 0.021875 0.037500
0 0.769271 0.776563 0.055208 0.044792
0 0.905729 0.085417 0.032292 0.043750
0 0.801042 0.192188 0.052083 0.051042
0 0.725521 0.162500 0.046875 0.033333
0 0.813542 0.286458 0.047917 0.039583
0 0.634375 0.358854 0.035417 0.053125
0 0.514583 0.858854 0.043750 0.048958
0 0.138542 0.647396 0.054167 0.046875
0 0.845313 0.603646 0.044792 0.030208
0 0.305208 0.885938 0.054167 0.044792
0 0.790104 0.888021 0.044792 0.055208
0 0.390625 0.331771 0.029167 0.040625
0 0.356250 0.945833 0.041667 0.047917
0 0.368229 0.776563 0.044792 0.028125
0 0.286458 0.824479 0.050000 0.034375
0 0.556250 0.938542 0.029167 0.041667
0 0.495312 0.962500 0.044792 0.035417
0 0.813021 0.387500 0.040625 0.054167
0 0.432812 0.394271 0.046875 0.023958
0 0.897917 0.276562 0.043750 0.048958
0 0.226562 0.763542 0.048958 0.052083
0 0.477604 0.646875 0.032292 0.043750
0 0.336979 0.177083 0.053125 0.035417
0 0.229687 0.909375 0.046875 0.031250
0 0.642188 0.870833 0.023958 0.037500
0 0.864583 0.571875 0.033333 0.043750
0 0.563542 0.858854 0.045833 0.023958
0 0.912500 0.173437 0.025000 0.038542
0 0.371354 0.275521 0.044792 0.042708
0 0.451042 0.548958 0.043750 0.025000
0 0.786458 0.211979 0.054167 0.046875
0 0.095833 0.947396 0.039583 0.044792
0 0.614583 0.239063 0.045833 0.034375
0 0.692187 0.828646 0.044792 0.044792
0 0.797396 0.156771 0.044792 0.030208
0 0.263542 0.712500 0.041667 0.025000
0 0.638542 0.653646 0.041667 0.055208
0 0.764583 0.382812 0.037500 0.040625
0 0.947396 0.286458 0.053125 0.041667
0 0.533854 0.351562 0.038542 0.051042
0 0.927083 0.150521 0.039583 0.034375
0 0.158333 0.734896 0.031250 0.044792
0 0.242188 0.471875 0.044792 0.035417
0 0.523958 0.538021 0.043750 0.028125
0 0.851042 0.236458 0.033333 0.037500
0 0.576042 0.679167 0.033333 0.052083
0 0.288542 0.309896 0.037500 0.048958
0 0.714583 0.829688 0.043750 0.040625
0 0.705208 0.554688 0.047917 0.046875
0 0.869271 0.843229 0.051042 0.036458
0 0.220312 0.559896 0.021875 0.042708
0 0.335938 0.597396 0.048958 0.032292
0 0.576562 0.623437 0.044792 0.028125
0 0.552083 0.757812 0.039583 0.048958
0 0.296354 0.136979 0.046875 0.040625
0 0.124479 0.795833 0.023958 0.037500
0 0.243229 0.713542 0.042708 0.047917
0 0.915625 0.533333 0.047917 0.027083
0 0.573958 0.267708 0.037500 0.031250
0 0.094271 0.342708 0.036458 0.018750
0 0.869792 0.463021 0.039583 0.026042
0 0.968229 0.297917 0.053125 0.043750
0 0.822917 0.472396 0.037500 0.048958
0 0.370312 0.807292 0.034375 0.016667
0 0.486979 0.654167 0.046875 0.045833
0 0.690625 0.917708 0.045833 0.045833
0 0.238021 0.211979 0.044792 0.030208
0 0.753646 0.725000 0.042708 0.037500
0 0.325000 0.354167 0.052083 0.047917
0 0.111979 0.431771 0.032292 0.040625
0 0.571875 0.872396 0.052083 0.051042
0 0.679688 0.898958 0.034375 0.039583
0 0.444271 0.578125 0.051042 0.031250
0 0.368750 0.425000 0.043750 0.045833
0 0.742708 0.257292 0.035417 0.052083
0 0.114062 0.454688 0.023958 0.042708
0 0.092188 0.816667 0.053125 0.039583
0 0.233333 0.090625 0.052083 0.035417
0 0.383854 0.148438 0.044792 0.055208
0 0.637500 0.648438 0.043750 0.042708
0 0.123438 0.175000 0.034375 0.039583
0 0.377083 0.273958 0.047917 0.041667
0 0.704688 0.304688 0.026042 0.040625
0 0.205729 0.589583 0.048958 0.027083
0 0.730729 0.859375 0.038542 0.052083
0 0.139583 0.950000 0.041667 0.047917
0 0.101562 0.551042 0.019792 0.039583
0 0.181250 0.799479 0.033333 0.040625
0 0.661458 0.609375 0.041667 0.029167
0 0.699479 0.391146 0.026042 0.051042
0 0.867188 0.772917 0.036458 0.037500
0 0.153646 0.107292 0.038542 0.035417
0 0.361458 0.939063 0.033333 0.044792
0 0.627604 0.164583 0.044792 0.052083
0 0.922917 0.170313 0.041667 0.048958
0 0.823958 0.803646 0.039583 0.023958
0 0.951562 0.090625 0.028125 0.045833
0 0.501563 0.154167 0.019792 0.035417
0 0.470833 0.389062 0.037500 0.021875
0 0.653646 0.401042 0.048958 0.050000
0 0.293750 0.908854 0.054167 0.048958
0 0.110417 0.286458 0.037500 0.027083
0 0.314063 0.287500 0.026042 0.039583
0 0.155729 0.364583 0.040625 0.022917
0 0.131771 0.408854 0.051042 0.038542
0 0.797917 0.377083 0.050000 0.050000
0 0.822396 0.944271 0.044792 0.051042
0 0.330729 0.425000 0.036458 0.018750
0 0.742708 0.518229 0.027083 0.038542
0 0.511979 0.744271 0.023958 0.038542
0 0.883854 0.130729 0.044792 0.055208
0 0.278646 0.874479 0.042708 0.044792
0 0.948438 0.300000 0.038542 0.031250
0 0.963021 0.938021 0.032292 0.048958
0 0.460417 0.828125 0.043750 0.035417
0 0.900000 0.640625 0.035417 0.052083
0 0.252083 0.673438 0.045833 0.028125
0 0.079687 0.572917 0.032292 0.047917
0 0.517188 0.625521 0.048958 0.030208
0 0.848958 0.506771 0.050000 0.026042
0 0.847917 0.788542 0.033333 0.037500
0 0.458333 0.868229 0.045833 0.048958
0 0.532813 0.651563 0.040625 0.038542
0 0.971875 0.827604 0.050000 0.044792
0 0.348438 0.762500 0.030208 0.047917
0 0.669792 0.721875 0.033333 0.043750
0 0.406771 0.417187 0.044792 0.026042
0 0.561979 0.519271 0.030208 0.040625
0 0.240104 0.292187 0.046875 0.048958
0 0.459896 0.276562 0.028125 0.040625
0 0.726562 0.646354 0.044792 0.040625
0 0.418750 0.445833 0.047917 0.035417
0 0.351562 0.370312 0.053125 0.032292
0 0.548958 0.299479 0.037500 0.038542
0 0.175000 0.754687 0.037500 0.053125
0 0.191667 0.084896 0.054167 0.040625
0 0.202083 0.178125 0.027083 0.045833
0 0.360938 0.690104 0.044792 0.055208
0 0.430208 0.326562 0.035417 0.048958
0 0.161979 0.068229 0.044792 0.032292
0 0.617188 0.747396 0.051042 0.040625
0 0.418750 0.555729 0.054167 0.042708
0 0.535937 0.876563 0.040625 0.034375
0 0.873437 0.781250 0.034375 0.039583
0 0.448958 0.418750 0.029167 0.037500
0 0.635417 0.119271 0.037500 0.048958
0 0.617708 0.231771 0.041667 0.044792
0 0.661458 0.583854 0.041667 0.021875
0 0.525000 0.592187 0.025000 0.038542
0 0.593229 0.921875 0.053125 0.043750
0 0.455208 0.499479 0.052083 0.032292
0 0.702604 0.225000 0.038542 0.035417
0 0.256771 0.379167 0.032292 0.043750
0 0.964063 0.722396 0.038542 0.051042
0 0.255729 0.499479 0.038542 0.051042
0 0.187500 0.342708 0.041667 0.020833
0 0.170313 0.619792 0.040625 0.047917
0 0.268229 0.659896 0.055208 0.046875
0 0.565625 0.323958 0.043750 0.033333
0 0.167187 0.655729 0.023958 0.038542
0 0.119792 0.609896 0.054167 0.038542
0 0.508333 0.353646 0.025000 0.042708
0 0.455208 0.854688 0.029167 0.044792
0 0.488021 0.948958 0.046875 0.029167
0 0.294271 0.794792 0.040625 0.041667
0 0.630208 0.842708 0.022917 0.045833
0 0.154688 0.653646 0.038542 0.040625
0 0.281250 0.556250 0.027083 0.043750
0 0.358333 0.465104 0.045833 0.048958
0 0.738542 0.357292 0.037500 0.031250
0 0.237500 0.892188 0.041667 0.023958
0 0.625521 0.645312 0.042708 0.023958
0 0.122396 0.154167 0.053125 0.043750
0 0.643750 0.521875 0.041667 0.027083
0 0.173958 0.407292 0.039583 0.041667
0 0.207813 0.604167 0.040625 0.047917
0 0.235417 0.514062 0.033333 0.044792
0 0.409375 0.929688 0.029167 0.051042
0 0.546875 0.779687 0.043750 0.048958
0 0.554167 0.878646 0.025000 0.046875
0 0.870313 0.533333 0.051042 0.047917
0 0.458333 0.307292 0.039583 0.047917
0 0.427083 0.787500 0.045833 0.043750