0 0.895833 0.722396 0.039583 0.053125
0 0.667708 0.239063 0.054167 0.038542
0 0.149479 0.634375 0.040625 0.025000
0 0.958854 0.553646 0.030208 0.048958
0 0.826562 0.386979 0.032292 0.040625
0 0.938021 0.430208 0.023958 0.037500
0 0.511979 0.902083 0.032292 0.043750
0 0.075521 0.433854 0.040625 0.028125
0 0.936458 0.455729 0.037500 0.040625
0 0.169271 0.283333 0.019792 0.037500
0 0.586979 0.446354 0.051042 0.042708
0 0.872917 0.428125 0.025000 0.043750
0 0.154688 0.316146 0.051042 0.040625
0 0.609375 0.544271 0.045833 0.032292
0 0.308333 0.270833 0.043750 0.035417
0 0.418229 0.928646 0.055208 0.040625
0 0.579167 0.738542 0.033333 0.050000
0 0.115104 0.882292 0.038542 0.027083
0 0.501042 0.654687 0.045833 0.038542
0 0.106250 0.392188 0.045833 0.048958
0 0.401562 0.534896 0.026042 0.051042
0 0.109896 0.147396 0.028125 0.040625
0 0.807813 0.709375 0.038542 0.031250
0 0.317188 0.100000 0.026042 0.050000
0 0.561458 0.963021 0.054167 0.042708
0 0.645833 0.076042 0.052083 0.041667
0 0.415104 0.714583 0.021875 0.037500
0 0.828646 0.763542 0.038542 0.029167
0 0.863021 0.893229 0.026042 0.044792
0 0.880729 0.456250 0.034375 0.047917
0 0.412500 0.770312 0.050000 0.040625
0 0.966667 0.664062 0.041667 0.023958
0 0.287500 0.908854 0.052083 0.034375
0 0.694271 0.469792 0.046875 0.033333
0 0.733854 0.250000 0.042708 0.037500
0 0.342187 0.686979 0.023958 0.042708
0 0.748958 0.862500 0.035417 0.043750
0 0.432292 0.619792 0.037500 0.035417
0 0.254688 0.896875 0.026042 0.039583
0 0.481771 0.341146 0.048958 0.028125
0 0.246875 0.322396 0.031250 0.044792
0 0.852083 0.669271 0.054167 0.036458
0 0.836458 0.956250 0.031250 0.037500
0 0.877083 0.444792 0.035417 0.018750
0 0.461979 0.361979 0.055208 0.042708
0 0.404167 0.553646 0.041667 0.032292
0 0.481250 0.868750 0.041667 0.027083
0 0.821875 0.196875 0.035417 0.043750
0 0.718750 0.744271 0.031250 0.053125
0 0.648438 0.865104 0.046875 0.036458
0 0.169271 0.716146 0.055208 0.044792
0 0.505729 0.563542 0.036458 0.037500
0 0.439063 0.919271 0.048958 0.032292
0 0.836979 0.452083 0.046875 0.043750
0 0.200521 0.888021 0.042708 0.023958
0 0.910937 0.643750 0.046875 0.029167
0 0.535937 0.296875 0.038542 0.025000
0 0.727083 0.600000 0.039583 0.041667
0 0.228125 0.889583 0.045833 0.031250
0 0.817187 0.435937 0.044792 0.030208
0 0.419271 0.358854 0.028125 0.051042
0 0.702604 0.390625 0.040625 0.047917
0 0.741667 0.641667 0.029167 0.041667
0 0.106771 0.491667 0.044792 0.052083
0 0.602604 0.584375 0.038542 0.029167
0 0.185938 0.534375 0.044792 0.047917
0 0.841146 0.163021 0.051042 0.042708
0 0.383333 0.783854 0.027083 0.042708
0 0.129688 0.391667 0.044792 0.052083
0 0.531250 0.677083 0.039583 0.025000
0 0.791667 0.350521 0.054167 0.042708
0 0.684896 0.699479 0.040625 0.055208
0 0.828646 0.934896 0.040625 0.034375
0 0.123958 0.732292 0.043750 0.035417
0 0.121875 0.127604 0.045833 0.038542
0 0.664583 0.156771 0.037500 0.053125
0 0.934375 0.365104 0.054167 0.038542
0 0.104167 0.132292 0.039583 0.052083
0 0.177083 0.423958 0.041667 0.039583
0 0.071875 0.265104 0.039583 0.028125
0 0.627604 0.322917 0.036458 0.052083
0 0.289062 0.685937 0.051042 0.053125
0 0.512500 0.673958 0.035417 0.020833
0 0.758854 0.135417 0.046875 0.033333
0 0.953646 0.645312 0.055208 0.051042
0 0.635417 0.125000 0.027083 0.047917
0 0.120833 0.791667 0.033333 0.043750
0 0.957812 0.408333 0.044792 0.052083
0 0.446354 0.364063 0.055208 0.038542
0 0.120313 0.378646 0.036458 0.040625
0 0.500000 0.260937 0.037500 0.048958
0 0.848958 0.782813 0.054167 0.044792
0 0.773438 0.807813 0.040625 0.044792
0 0.423958 0.200521 0.052083 0.051042
0 0.716667 0.617188 0.031250 0.040625
0 0.474479 0.332813 0.055208 0.040625
0 0.872396 0.683333 0.053125 0.043750
0 0.125000 0.564583 0.037500 0.041667
0 0.797396 0.360417 0.042708 0.029167
0 0.434375 0.381250 0.039583 0.020833
0 0.675000 0.349479 0.035417 0.053125
0 0.236979 0.479167 0.042708 0.054167
0 0.699479 0.766146 0.034375 0.040625
0 0.394792 0.896354 0.041667 0.048958
0 0.889583 0.407813 0.045833 0.038542
0 0.206771 0.094792 0.019792 0.035417
0 0.626042 0.791146 0.043750 0.042708
0 0.896354 0.295312 0.046875 0.036458
0 0.683333 0.422917 0.037500 0.029167
0 0.588542 0.472917 0.029167 0.037500
0 0.679688 0.486458 0.053125 0.039583
0 0.605729 0.104167 0.051042 0.035417
0 0.761458 0.440625 0.052083 0.039583
0 0.100521 0.841667 0.038542 0.029167
0 0.880208 0.491667 0.050000 0.033333
0 0.247917 0.910417 0.041667 0.047917
0 0.928646 0.341146 0.026042 0.046875
0 0.441146 0.950521 0.032292 0.053125
0 0.605729 0.634896 0.040625 0.036458
0 0.125521 0.108854 0.055208 0.040625
0 0.377083 0.326042 0.029167 0.041667
0 0.663021 0.319792 0.036458 0.043750
0 0.961979 0.470833 0.042708 0.027083
0 0.164062 0.455729 0.040625 0.038542
0 0.808333 0.860417 0.037500 0.035417
0 0.887500 0.782292 0.031250 0.041667
0 0.147917 0.859896 0.047917 0.053125
0 0.492188 0.372917 0.032292 0.039583
0 0.887500 0.794792 0.047917 0.027083
0 0.928646 0.653125 0.030208 0.050000
0 0.310937 0.264062 0.042708 0.044792
0 0.836458 0.183333 0.033333 0.047917
0 0.127604 0.302083 0.026042 0.039583
0 0.176042 0.627604 0.054167 0.046875
0 0.135937 0.603646 0.055208 0.051042
0 0.843229 0.288021 0.044792 0.028125
0 0.088542 0.144792 0.052083 0.045833
0 0.754167 0.107292 0.045833 0.043750
0 0.086458 0.273438 0.037500 0.038542
0 0.439063 0.218750 0.044792 0.052083
0 0.333333 0.485938 0.041667 0.055208
0 0.563542 0.123958 0.047917 0.041667
0 0.272917 0.288542 0.022917 0.037500
0 0.949479 0.923958 0.038542 0.025000
0 0.764583 0.606250 0.027083 0.037500
0 0.880208 0.725521 0.029167 0.051042
0 0.523438 0.156771 0.055208 0.048958
0 0.348438 0.765104 0.038542 0.046875
0 0.565625 0.301042 0.045833 0.029167
0 0.680729 0.550000 0.042708 0.041667
0 0.382812 0.827604 0.046875 0.038542
0 0.804688 0.939063 0.046875 0.036458
0 0.781771 0.739583 0.046875 0.029167
0 0.449479 0.254688 0.055208 0.042708
0 0.192708 0.618750 0.050000 0.031250
0 0.158854 0.426042 0.028125 0.043750
0 0.893750 0.406250 0.041667 0.047917
0 0.440104 0.727083 0.038542 0.025000
0 0.102083 0.905729 0.043750 0.042708
0 0.515104 0.152083 0.036458 0.037500
0 0.478125 0.922917 0.039583 0.022917
0 0.131771 0.481771 0.038542 0.051042
0 0.092708 0.108333 0.033333 0.043750
0 0.847917 0.329688 0.054167 0.042708
0 0.823438 0.280729 0.042708 0.051042
0 0.263021 0.899479 0.030208 0.048958
0 0.558854 0.095312 0.019792 0.038542
0 0.888542 0.246875 0.037500 0.027083
0 0.310417 0.371875 0.041667 0.039583
0 0.301563 0.516667 0.053125 0.045833
0 0.802083 0.623958 0.035417 0.018750
0 0.560417 0.530729 0.045833 0.026042
0 0.090625 0.714063 0.050000 0.044792
0 0.495312 0.364583 0.048958 0.035417
0 0.660937 0.656771 0.046875 0.048958
0 0.314063 0.805729 0.036458 0.046875
0 0.701562 0.120313 0.040625 0.046875
0 0.886979 0.681771 0.036458 0.040625
0 0.549479 0.519792 0.032292 0.039583
0 0.967187 0.365104 0.048958 0.046875
0 0.666667 0.822396 0.035417 0.044792
0 0.473438 0.805208 0.042708 0.037500
0 0.472396 0.607812 0.046875 0.055208
0 0.515625 0.654687 0.054167 0.048958
0 0.825521 0.543750 0.042708 0.047917
0 0.346875 0.523958 0.018750 0.035417
0 0.600000 0.393229 0.052083 0.030208
0 0.624479 0.097396 0.030208 0.040625
0 0.342708 0.526563 0.054167 0.042708
0 0.507292 0.770833 0.035417 0.043750
0 0.306771 0.285938 0.055208 0.048958
0 0.721875 0.178125 0.039583 0.047917
0 0.436458 0.273438 0.043750 0.040625
0 0.376563 0.321875 0.048958 0.037500
0 0.915625 0.268229 0.037500 0.023958
0 0.176042 0.681250 0.050000 0.029167
0 0.260417 0.835938 0.050000 0.036458
0 0.377083 0.719792 0.035417 0.018750
0 0.854167 0.420833 0.031250 0.050000
0 0.880208 0.340104 0.045833 0.038542
0 0.296354 0.309896 0.044792 0.030208
0 0.508333 0.188542 0.031250 0.050000
0 0.327604 0.590104 0.051042 0.055208
0 0.290625 0.486979 0.037500 0.048958
0 0.823438 0.560937 0.040625 0.026042
0 0.640625 0.687500 0.041667 0.031250
0 0.646875 0.213021 0.035417 0.044792
0 0.559896 0.643229 0.042708 0.055208
0 0.411458 0.613021 0.025000 0.042708
0 0.690625 0.279167 0.037500 0.035417
0 0.430208 0.384375 0.020833 0.041667
0 0.754687 0.616667 0.044792 0.033333
0 0.168229 0.723958 0.026042 0.047917
0 0.236979 0.161458 0.042708 0.037500
0 0.559896 0.966146 0.023958 0.038542
0 0.618229 0.095833 0.028125 0.043750
0 0.889583 0.160938 0.037500 0.048958
0 0.096354 0.709375 0.044792 0.035417
0 0.658854 0.402083 0.032292 0.043750
0 0.075000 0.567708 0.022917 0.037500
0 0.582812 0.453646 0.042708 0.055208
0 0.261979 0.672917 0.030208 0.050000
0 0.827083 0.908854 0.043750 0.026042
0 0.529167 0.554167 0.037500 0.029167
0 0.595833 0.943229 0.050000 0.028125
0 0.755208 0.513021 0.035417 0.040625
0 0.300000 0.573438 0.029167 0.051042
0 0.372917 0.519792 0.029167 0.050000
0 0.943229 0.584375 0.036458 0.037500
0 0.775000 0.385937 0.052083 0.032292
0 0.609375 0.754167 0.052083 0.045833
0 0.224479 0.438542 0.034375 0.052083
0 0.079167 0.374479 0.043750 0.040625
0 0.161458 0.345833 0.025000 0.041667
0 0.861979 0.707292 0.028125 0.045833
0 0.855729 0.877083 0.046875 0.029167
0 0.830729 0.678125 0.028125 0.045833
0 0.430729 0.808333 0.046875 0.052083
0 0.702604 0.259375 0.048958 0.027083
0 0.536979 0.824479 0.030208 0.053125
0 0.942708 0.661979 0.033333 0.044792
0 0.277604 0.552604 0.030208 0.044792
0 0.365625 0.743750 0.041667 0.039583
0 0.172917 0.190104 0.035417 0.040625
0 0.342708 0.711979 0.045833 0.048958
0 0.644792 0.957292 0.035417 0.037500
0 0.484375 0.494792 0.052083 0.039583
0 0.553646 0.641146 0.055208 0.044792
0 0.133854 0.901042 0.051042 0.031250
0 0.502604 0.753646 0.040625 0.036458
0 0.846354 0.573438 0.036458 0.040625
0 0.946354 0.667188 0.055208 0.042708
0 0.555208 0.360938 0.041667 0.023958
0 0.869792 0.655729 0.043750 0.030208
0 0.364063 0.818229 0.038542 0.046875
0 0.894271 0.688542 0.046875 0.033333
0 0.742708 0.442188 0.039583 0.038542
0 0.634375 0.723958 0.052083 0.043750
0 0.595313 0.714583 0.032292 0.043750
0 0.907813 0.900521 0.042708 0.044792
0 0.870313 0.752083 0.048958 0.027083
0 0.611458 0.858854 0.043750 0.042708
0 0.841146 0.934375 0.046875 0.033333
0 0.951042 0.150000 0.037500 0.031250
0 0.801562 0.454167 0.051042 0.031250
0 0.685937 0.372396 0.030208 0.048958
0 0.240625 0.526042 0.016667 0.033333
0 0.776042 0.192188 0.045833 0.034375
0 0.884896 0.617708 0.030208 0.039583
0 0.522396 0.322917 0.046875 0.045833
0 0.603125 0.771354 0.027083 0.046875
0 0.808333 0.578125 0.037500 0.033333
0 0.450521 0.532292 0.042708 0.020833
0 0.323958 0.515104 0.043750 0.040625
0 0.404687 0.427604 0.055208 0.044792
0 0.155208 0.310417 0.037500 0.041667
0 0.420833 0.735417 0.035417 0.020833
0 0.217708 0.600000 0.045833 0.052083
0 0.368229 0.517708 0.030208 0.050000
0 0.415104 0.144271 0.023958 0.042708
0 0.808333 0.968229 0.047917 0.044792
0 0.828646 0.728125 0.026042 0.037500
0 0.237500 0.433854 0.043750 0.048958
0 0.187500 0.820833 0.039583 0.041667
0 0.711979 0.610417 0.032292 0.047917
0 0.114062 0.082292 0.036458 0.018750
0 0.668229 0.782813 0.030208 0.053125
0 0.764583 0.335938 0.039583 0.030208
0 0.904167 0.389062 0.039583 0.032292
0 0.524479 0.543750 0.040625 0.054167
0 0.350521 0.227604 0.051042 0.053125
0 0.243229 0.296875 0.026042 0.041667
0 0.495833 0.547396 0.045833 0.038542
0 0.728125 0.442188 0.022917 0.038542
0 0.429167 0.141667 0.033333 0.047917
0 0.400000 0.531250 0.043750 0.033333
0 0.515625 0.777083 0.039583 0.041667
0 0.726042 0.636979 0.037500 0.019792
0 0.254688 0.417708 0.046875 0.027083
0 0.855729 0.728125 0.046875 0.043750
0 0.373958 0.254688 0.031250 0.044792
0 0.680208 0.473958 0.033333 0.037500
0 0.197917 0.466667 0.047917 0.052083
0 0.339583 0.075521 0.035417 0.040625
0 0.780729 0.960417 0.051042 0.033333
0 0.505729 0.123958 0.019792 0.037500
0 0.878646 0.294792 0.053125 0.043750
0 0.654687 0.677604 0.044792 0.051042
0 0.668229 0.377083 0.044792 0.052083
0 0.555729 0.757812 0.036458 0.040625
0 0.443750 0.674479 0.033333 0.053125
0 0.952604 0.183854 0.053125 0.034375
0 0.559896 0.426563 0.044792 0.021875
0 0.906771 0.803125 0.038542 0.025000
0 0.588021 0.230208 0.036458 0.020833
0 0.343229 0.166667 0.048958 0.037500
0 0.722917 0.159896 0.047917 0.046875
0 0.247396 0.770833 0.048958 0.052083
0 0.567187 0.409896 0.040625 0.036458
0 0.785417 0.294792 0.041667 0.037500
0 0.569792 0.739583 0.039583 0.052083
0 0.778646 0.256250 0.044792 0.022917
0 0.381250 0.490104 0.029167 0.044792
0 0.730729 0.478646 0.048958 0.034375
0 0.480208 0.877604 0.047917 0.048958
0 0.868750 0.461979 0.029167 0.040625
0 0.804688 0.367188 0.034375 0.053125
0 0.911458 0.843750 0.041667 0.047917
0 0.777083 0.084896 0.050000 0.040625
0 0.563021 0.202604 0.055208 0.048958
0 0.423438 0.629167 0.036458 0.047917
0 0.482292 0.473438 0.029167 0.040625
0 0.277083 0.641667 0.039583 0.041667
0 0.142187 0.417708 0.038542 0.033333
0 0.911458 0.958333 0.043750 0.045833
0 0.875000 0.428646 0.031250 0.040625
0 0.504167 0.486458 0.052083 0.039583
0 0.620833 0.586979 0.041667 0.048958
0 0.800521 0.692708 0.048958 0.041667
0 0.747917 0.570833 0.031250 0.045833
0 0.118750 0.442708 0.039583 0.041667
0 0.105208 0.117188 0.054167 0.048958
0 0.357292 0.151042 0.027083 0.041667
0 0.411979 0.096354 0.040625 0.034375
0 0.313542 0.390625 0.041667 0.037500
0 0.725000 0.914062 0.035417 0.044792
0 0.401042 0.826562 0.022917 0.038542
0 0.915625 0.802083 0.022917 0.037500
0 0.805729 0.681771 0.038542 0.021875
0 0.452083 0.761979 0.020833 0.036458
0 0.888542 0.103125 0.037500 0.029167
0 0.614062 0.726562 0.044792 0.040625
0 0.615625 0.536979 0.043750 0.028125
0 0.455729 0.934896 0.055208 0.040625
0 0.893750 0.613542 0.027083 0.045833
0 0.422396 0.553125 0.053125 0.041667
0 0.187500 0.834896 0.050000 0.038542
0 0.928125 0.806250 0.041667 0.039583
0 0.818750 0.654167 0.031250 0.050000
0 0.697917 0.606250 0.047917 0.037500
0 0.931771 0.354687 0.048958 0.032292
0 0.750000 0.561979 0.039583 0.023958
0 0.820833 0.352083 0.035417 0.037500
0 0.861979 0.705208 0.046875 0.027083
0 0.524479 0.420833 0.023958 0.041667
0 0.870833 0.905208 0.047917 0.037500
0 0.254688 0.664583 0.038542 0.035417
0 0.817708 0.454167 0.039583 0.022917
0 0.926042 0.552083 0.035417 0.035417
0 0.815625 0.102604 0.039583 0.026042
0 0.747917 0.216146 0.039583 0.036458
0 0.521875 0.491667 0.033333 0.043750
0 0.958333 0.884375 0.020833 0.039583
0 0.291667 0.880208 0.025000 0.041667
0 0.783854 0.164062 0.026042 0.046875
0 0.741667 0.802604 0.050000 0.028125
0 0.260937 0.134896 0.026042 0.040625
0 0.120833 0.746875 0.041667 0.025000
0 0.692708 0.736458 0.041667 0.047917
0 0.589583 0.620313 0.031250 0.040625
0 0.109375 0.397396 0.031250 0.053125
0 0.412500 0.391146 0.039583 0.023958
0 0.709896 0.395313 0.048958 0.046875
0 0.186458 0.330208 0.043750 0.035417
0 0.521354 0.658854 0.040625 0.032292
0 0.946875 0.789062 0.045833 0.048958
0 0.157292 0.749479 0.050000 0.034375
0 0.147917 0.280729 0.041667 0.032292
0 0.468229 0.580208 0.032292 0.043750
0 0.312500 0.680208 0.039583 0.041667
0 0.873437 0.673438 0.044792 0.040625
0 0.766667 0.206771 0.025000 0.042708
0 0.212500 0.578646 0.022917 0.042708
0 0.725000 0.720313 0.043750 0.040625
0 0.093229 0.839063 0.051042 0.044792
0 0.833854 0.661979 0.051042 0.055208
0 0.792188 0.373958 0.046875 0.043750
0 0.802083 0.681771 0.037500 0.019792
0 0.468750 0.596875 0.052083 0.047917
0 0.236458 0.357292 0.037500 0.035417
0 0.594792 0.400000 0.037500 0.033333
0 0.169271 0.120313 0.048958 0.048958
0 0.647917 0.920312 0.039583 0.044792
0 0.603646 0.412500 0.038542 0.043750
0 0.369792 0.255729 0.052083 0.034375
0 0.770312 0.109375 0.032292 0.052083
0 0.584896 0.193750 0.046875 0.043750
0 0.764062 0.404167 0.053125 0.039583
0 0.540625 0.907292 0.037500 0.035417
0 0.152083 0.576042 0.033333 0.016667
0 0.154688 0.679688 0.021875 0.038542
0 0.662500 0.399479 0.041667 0.023958
0 0.628646 0.180208 0.042708 0.031250
0 0.519792 0.352083 0.039583 0.047917
0 0.197396 0.253646 0.042708 0.023958
0 0.894271 0.171875 0.046875 0.033333
0 0.105729 0.786979 0.026042 0.040625
0 0.159896 0.533854 0.036458 0.017708
0 0.347396 0.690625 0.036458 0.052083
0 0.552083 0.638542 0.039583 0.022917
0 0.268229 0.407813 0.040625 0.055208
0 0.808333 0.186458 0.052083 0.045833
0 0.754167 0.853646 0.050000 0.042708
0 0.377604 0.419792 0.044792 0.033333
0 0.280729 0.563542 0.044792 0.037500
0 0.399479 0.580208 0.042708 0.031250
0 0.655208 0.219271 0.039583 0.023958
0 0.119271 0.677604 0.046875 0.023958
0 0.700521 0.160938 0.032292 0.040625
0 0.461458 0.105729 0.043750 0.030208
0 0.688542 0.938021 0.041667 0.044792
0 0.889062 0.192188 0.046875 0.023958
0 0.639583 0.153125 0.039583 0.047917
0 0.260417 0.332813 0.043750 0.040625
0 0.736458 0.620313 0.047917 0.032292
0 0.605208 0.494271 0.041667 0.021875
0 0.593229 0.501563 0.032292 0.044792
0 0.895833 0.690625 0.041667 0.029167
0 0.165625 0.936979 0.045833 0.038542
0 0.237500 0.845833 0.050000 0.031250
0 0.881250 0.710417 0.037500 0.031250
0 0.693750 0.615625 0.043750 0.031250
0 0.219271 0.883854 0.044792 0.040625
0 0.079687 0.768750 0.032292 0.039583
0 0.761458 0.497396 0.025000 0.038542
0 0.887500 0.632292 0.039583 0.020833
0 0.559375 0.897396 0.050000 0.044792
0 0.859375 0.774479 0.022917 0.038542
0 0.896875 0.085938 0.047917 0.046875
0 0.234896 0.496354 0.051042 0.044792
0 0.189583 0.453125 0.050000 0.050000
0 0.113021 0.642188 0.040625 0.026042
0 0.291667 0.463542 0.033333 0.037500
0 0.343750 0.512500 0.047917 0.033333
0 0.951562 0.682292 0.028125 0.039583
0 0.236458 0.316667 0.033333 0.037500
0 0.443750 0.701042 0.022917 0.039583
0 0.767188 0.877083 0.044792 0.047917
0 0.458333 0.365625 0.022917 0.039583
0 0.486979 0.850521 0.048958 0.046875
0 0.695833 0.414583 0.033333 0.043750
0 0.791667 0.119792 0.027083 0.047917
0 0.219792 0.858333 0.020833 0.039583
0 0.595833 0.937500 0.033333 0.043750
0 0.457292 0.740104 0.047917 0.046875
0 0.921875 0.809375 0.041667 0.029167
0 0.416146 0.702604 0.046875 0.026042
0 0.147917 0.454688 0.039583 0.038542
0 0.491667 0.908333 0.043750 0.052083
0 0.145313 0.726042 0.023958 0.043750
0 0.511979 0.092708 0.044792 0.022917
0 0.217708 0.250000 0.047917 0.027083
0 0.126562 0.635938 0.042708 0.023958
0 0.552604 0.690625 0.044792 0.035417
0 0.191146 0.138542 0.042708 0.027083
0 0.185938 0.557292 0.053125 0.037500
0 0.320312 0.601042 0.040625 0.043750
0 0.309896 0.729688 0.055208 0.040625
0 0.366146 0.809375 0.036458 0.047917
0 0.175000 0.627604 0.033333 0.044792
0 0.601042 0.275000 0.041667 0.039583
0 0.832812 0.110417 0.044792 0.035417
0 0.875521 0.380208 0.053125 0.035417
0 0.401562 0.871875 0.023958 0.045833
0 0.279167 0.466146 0.045833 0.038542
0 0.383333 0.601042 0.031250 0.050000
0 0.681250 0.490104 0.054167 0.040625
0 0.807813 0.757292 0.038542 0.031250
0 0.946354 0.284375 0.042708 0.054167
0 0.925000 0.503125 0.039583 0.047917
0 0.425521 0.577604 0.046875 0.034375
0 0.772917 0.631771 0.047917 0.030208
0 0.555729 0.224479 0.051042 0.034375
0 0.663021 0.971354 0.026042 0.046875
0 0.707812 0.810417 0.030208 0.043750
0 0.169271 0.692187 0.028125 0.040625
0 0.129167 0.289583 0.041667 0.025000
0 0.468229 0.642708 0.038542 0.031250
0 0.234375 0.563021 0.043750 0.040625
0 0.626563 0.564063 0.051042 0.038542
0 0.789583 0.425521 0.039583 0.026042
0 0.096875 0.939063 0.035417 0.040625
0 0.434375 0.398958 0.035417 0.037500
0 0.479167 0.653125 0.041667 0.052083
0 0.103646 0.082812 0.040625 0.026042
0 0.406771 0.304688 0.044792 0.030208
0 0.739062 0.476562 0.036458 0.040625
0 0.558333 0.445312 0.039583 0.036458
0 0.932292 0.705729 0.054167 0.040625
0 0.570833 0.448958 0.045833 0.031250
0 0.577083 0.831771 0.050000 0.036458
0 0.807292 0.597917 0.043750 0.045833
0 0.176563 0.220833 0.051042 0.050000
0 0.609375 0.907292 0.037500 0.047917
0 0.917188 0.200000 0.038542 0.033333
0 0.795833 0.305729 0.022917 0.038542
0 0.533333 0.136979 0.039583 0.055208
0 0.560937 0.759375 0.036458 0.037500
0 0.960417 0.156250 0.029167 0.045833
0 0.244271 0.871875 0.053125 0.043750
0 0.483333 0.123958 0.041667 0.029167
0 0.219271 0.590104 0.038542 0.040625
0 0.308854 0.854167 0.036458 0.020833
0 0.596354 0.569271 0.023958 0.042708
0 0.257812 0.947396 0.040625 0.044792
0 0.565104 0.357812 0.040625 0.026042
0 0.866146 0.085417 0.048958 0.039583
0 0.378125 0.396354 0.047917 0.030208
0 0.635938 0.734375 0.042708 0.047917
0 0.709896 0.348958 0.046875 0.031250
0 0.902083 0.229687 0.054167 0.044792
0 0.880208 0.260937 0.052083 0.051042
0 0.441146 0.736979 0.040625 0.036458
0 0.695833 0.118229 0.033333 0.040625
0 0.751563 0.600521 0.034375 0.053125
0 0.326562 0.626563 0.055208 0.048958
0 0.166667 0.859896 0.047917 0.028125
0 0.293750 0.923958 0.029167 0.050000
0 0.117708 0.324479 0.045833 0.023958
0 0.291667 0.354687 0.027083 0.046875
0 0.507292 0.475521 0.031250 0.044792
0 0.609375 0.363542 0.037500 0.033333
0 0.925000 0.944792 0.022917 0.037500
0 0.722396 0.095833 0.040625 0.022917
0 0.500521 0.258333 0.042708 0.047917
0 0.783854 0.884375 0.026042 0.041667
0 0.309375 0.126042 0.050000 0.031250
0 0.388542 0.469792 0.027083 0.045833
0 0.605729 0.496875 0.038542 0.047917
0 0.168229 0.831771 0.051042 0.034375
0 0.374479 0.833854 0.044792 0.032292
0 0.798438 0.321875 0.034375 0.047917
0 0.665104 0.102083 0.044792 0.047917
0 0.363021 0.511458 0.019792 0.037500
0 0.146354 0.748958 0.046875 0.052083
0 0.484375 0.154167 0.041667 0.029167
0 0.640625 0.634896 0.045833 0.048958
0 0.965625 0.430208 0.045833 0.029167
0 0.402604 0.820312 0.046875 0.055208
0 0.296875 0.146875 0.037500 0.052083
0 0.518229 0.244792 0.030208 0.039583
0 0.370312 0.767708 0.044792 0.052083
0 0.492188 0.443750 0.036458 0.037500
0 0.693750 0.960938 0.031250 0.048958
0 0.881250 0.242188 0.031250 0.044792
0 0.758854 0.146354 0.040625 0.036458
0 0.688542 0.216667 0.041667 0.039583
0 0.117708 0.950000 0.037500 0.035417
0 0.722396 0.603646 0.040625 0.046875
0 0.516667 0.283854 0.050000 0.028125
0 0.422917 0.882812 0.052083 0.051042
0 0.427604 0.238542 0.044792 0.047917
0 0.569792 0.683854 0.050000 0.026042
0 0.911979 0.821875 0.023958 0.041667
0 0.635938 0.278646 0.023958 0.040625
0 0.204167 0.709375 0.025000 0.047917
0 0.807292 0.293750 0.020833 0.035417
0 0.641667 0.346875 0.047917 0.041667
0 0.802604 0.803646 0.038542 0.038542
0 0.752083 0.494792 0.041667 0.047917
0 0.704688 0.586979 0.030208 0.053125
0 0.425000 0.206771 0.050000 0.053125
0 0.099479 0.270833 0.026042 0.037500
0 0.203646 0.452083 0.053125 0.039583
0 0.456250 0.131250 0.037500 0.025000
0 0.128125 0.245833 0.037500 0.043750
0 0.581771 0.476562 0.042708 0.021875
0 0.301042 0.447396 0.035417 0.044792
0 0.609896 0.445833 0.044792 0.052083
0 0.129167 0.800000 0.052083 0.041667
0 0.310417 0.685937 0.035417 0.053125
0 0.715625 0.382292 0.031250 0.037500
0 0.165104 0.285938 0.040625 0.046875
0 0.510938 0.571875 0.042708 0.025000
0 0.584896 0.116667 0.021875 0.043750
0 0.577083 0.619271 0.025000 0.042708