0 0.873437 0.430208 0.040625 0.022917
0 0.443750 0.325521 0.029167 0.040625
0 0.756771 0.436979 0.048958 0.046875
0 0.159896 0.707292 0.026042 0.037500
0 0.394792 0.141667 0.031250 0.045833
0 0.325000 0.293229 0.041667 0.023958
0 0.522917 0.765104 0.045833 0.032292
0 0.107813 0.571875 0.030208 0.050000
0 0.271354 0.637500 0.034375 0.047917
0 0.761458 0.392188 0.022917 0.038542
0 0.873958 0.913542 0.025000 0.037500
0 0.363021 0.281771 0.042708 0.044792
0 0.805729 0.081250 0.044792 0.025000
0 0.236979 0.866667 0.053125 0.037500
0 0.850000 0.143229 0.050000 0.044792
0 0.351042 0.249479 0.037500 0.048958
0 0.511979 0.522917 0.028125 0.050000
0 0.797917 0.892188 0.039583 0.036458
0 0.092188 0.582812 0.051042 0.038542
0 0.284375 0.632812 0.031250 0.051042
0 0.300521 0.152083 0.042708 0.031250
0 0.321875 0.647917 0.039583 0.020833
0 0.092188 0.733333 0.038542 0.033333
0 0.177604 0.911458 0.053125 0.039583
0 0.315104 0.868750 0.036458 0.043750
0 0.952083 0.436458 0.041667 0.027083
0 0.436458 0.298438 0.054167 0.040625
0 0.307292 0.919271 0.050000 0.044792
0 0.316146 0.831771 0.046875 0.023958
0 0.838021 0.214062 0.023958 0.040625
0 0.265104 0.097396 0.046875 0.055208
0 0.864583 0.719271 0.045833 0.034375
0 0.435937 0.159896 0.036458 0.040625
0 0.545312 0.536979 0.051042 0.038542
0 0.129688 0.889583 0.028125 0.043750
0 0.605729 0.152604 0.028125 0.044792
0 0.143750 0.148958 0.025000 0.043750
0 0.226042 0.245312 0.022917 0.040625
0 0.397917 0.959375 0.037500 0.031250
0 0.205729 0.648958 0.044792 0.054167
0 0.402083 0.197917 0.047917 0.033333
0 0.580729 0.938021 0.044792 0.042708
0 0.628646 0.856771 0.051042 0.038542
0 0.217188 0.274479 0.046875 0.048958
0 0.852083 0.807292 0.037500 0.025000
0 0.922396 0.742188 0.055208 0.036458
0 0.252083 0.221875 0.037500 0.043750
0 0.279167 0.080729 0.020833 0.038542
0 0.850000 0.889062 0.031250 0.040625
0 0.439583 0.588542 0.037500 0.043750
0 0.835938 0.906250 0.044792 0.047917
0 0.749479 0.251042 0.051042 0.050000
0 0.168229 0.785417 0.046875 0.052083
0 0.333333 0.951562 0.037500 0.044792
0 0.667708 0.848437 0.027083 0.048958
0 0.359896 0.671354 0.040625 0.026042
0 0.560417 0.682292 0.016667 0.033333
0 0.683333 0.428125 0.029167 0.050000
0 0.900521 0.697917 0.040625 0.020833
0 0.127083 0.315104 0.041667 0.023958
0 0.501563 0.304167 0.044792 0.045833
0 0.496354 0.289062 0.034375 0.053125
0 0.254688 0.675000 0.046875 0.052083
0 0.182292 0.114583 0.033333 0.047917
0 0.777604 0.669271 0.036458 0.040625
0 0.190104 0.316667 0.046875 0.029167
0 0.382292 0.450521 0.039583 0.034375
0 0.644271 0.708333 0.038542 0.033333
0 0.834375 0.759375 0.050000 0.029167
0 0.452604 0.719271 0.040625 0.032292
0 0.923958 0.193229 0.029167 0.044792
0 0.239063 0.204687 0.046875 0.023958
0 0.491146 0.623437 0.051042 0.040625
0 0.138021 0.443750 0.038542 0.043750
0 0.828125 0.260937 0.018750 0.036458
0 0.823438 0.506771 0.044792 0.042708
0 0.679167 0.108333 0.022917 0.039583
0 0.769271 0.394792 0.053125 0.041667
0 0.136458 0.100521 0.052083 0.053125
0 0.895312 0.418229 0.046875 0.038542
0 0.416146 0.951562 0.042708 0.055208
0 0.892188 0.091667 0.034375 0.039583
0 0.395833 0.525000 0.037500 0.031250
0 0.448437 0.600521 0.040625 0.023958
0 0.542708 0.172396 0.037500 0.023958
0 0.861979 0.756250 0.042708 0.037500
0 0.145833 0.094792 0.031250 0.050000
0 0.597917 0.879687 0.025000 0.038542
0 0.754687 0.740104 0.038542 0.021875
0 0.813021 0.347917 0.040625 0.047917
0 0.246354 0.802083 0.046875 0.045833
0 0.244271 0.594792 0.038542 0.031250
0 0.210938 0.266667 0.042708 0.047917
0 0.180208 0.217188 0.035417 0.040625
0 0.345833 0.836979 0.027083 0.046875
0 0.633333 0.484375 0.041667 0.047917
0 0.325000 0.823958 0.031250 0.041667
0 0.615104 0.794271 0.040625 0.034375
0 0.902083 0.869792 0.050000 0.029167
0 0.804167 0.334375 0.039583 0.041667
0 0.805729 0.269792 0.038542 0.027083
0 0.393229 0.595833 0.026042 0.047917
0 0.519271 0.132292 0.042708 0.047917
0 0.090104 0.597917 0.038542 0.033333
0 0.323437 0.163542 0.036458 0.043750
0 0.366146 0.487500 0.017708 0.035417
0 0.110417 0.892708 0.033333 0.052083
0 0.138542 0.949479 0.025000 0.038542
0 0.351042 0.083333 0.037500 0.029167
0 0.901042 0.969271 0.054167 0.048958
0 0.714583 0.308333 0.035417 0.018750
0 0.494271 0.768229 0.019792 0.038542
0 0.205729 0.135937 0.051042 0.040625
0 0.495312 0.398438 0.055208 0.036458
0 0.851562 0.664062 0.038542 0.046875
0 0.135937 0.326042 0.030208 0.043750
0 0.147917 0.411458 0.035417 0.047917
0 0.363021 0.081250 0.053125 0.045833
0 0.931250 0.808333 0.041667 0.037500
0 0.578125 0.950521 0.018750 0.038542
0 0.964063 0.120833 0.038542 0.035417
0 0.175521 0.685937 0.026042 0.051042
0 0.104167 0.365104 0.039583 0.034375
0 0.322396 0.109896 0.051042 0.042708
0 0.972396 0.163542 0.053125 0.047917
0 0.654687 0.829167 0.044792 0.045833
0 0.191146 0.369792 0.034375 0.043750
0 0.448958 0.508854 0.039583 0.036458
0 0.381771 0.906771 0.048958 0.055208
0 0.409375 0.865625 0.039583 0.052083
0 0.556250 0.212500 0.052083 0.039583
0 0.621354 0.429688 0.036458 0.040625
0 0.102604 0.457292 0.048958 0.052083
0 0.575000 0.285938 0.033333 0.048958
0 0.264583 0.481250 0.043750 0.022917
0 0.830729 0.857292 0.048958 0.052083
0 0.783854 0.808854 0.055208 0.042708
0 0.309896 0.445312 0.042708 0.044792
0 0.351042 0.459896 0.039583 0.038542
0 0.302083 0.108854 0.043750 0.026042
0 0.440625 0.715625 0.031250 0.037500
0 0.542188 0.392188 0.038542 0.021875
0 0.743750 0.558333 0.037500 0.029167
0 0.239063 0.961979 0.044792 0.032292
0 0.401562 0.804688 0.038542 0.051042
0 0.660417 0.428646 0.035417 0.040625
0 0.704688 0.490104 0.034375 0.046875
0 0.307812 0.134896 0.048958 0.046875
0 0.601562 0.827083 0.030208 0.047917
0 0.227083 0.642708 0.039583 0.041667
0 0.954167 0.487500 0.025000 0.043750
0 0.508854 0.886458 0.044792 0.035417
0 0.425521 0.346875 0.051042 0.050000
0 0.553125 0.273958 0.043750 0.022917
0 0.576562 0.757292 0.051042 0.031250
0 0.904687 0.357812 0.046875 0.048958
0 0.703646 0.088021 0.032292 0.048958
0 0.602604 0.627083 0.044792 0.033333
0 0.521354 0.304167 0.034375 0.043750
0 0.560937 0.144271 0.038542 0.023958
0 0.798958 0.548438 0.035417 0.053125
0 0.224479 0.785417 0.028125 0.039583
0 0.497396 0.175000 0.038542 0.029167
0 0.145833 0.287500 0.052083 0.043750
0 0.897396 0.338542 0.042708 0.027083
0 0.351042 0.235417 0.052083 0.035417
0 0.086979 0.210938 0.034375 0.051042
0 0.235937 0.186458 0.036458 0.020833
0 0.864583 0.668750 0.037500 0.025000
0 0.808333 0.147396 0.041667 0.021875
0 0.404687 0.421354 0.028125 0.048958
0 0.296354 0.388021 0.051042 0.055208
0 0.165625 0.292187 0.033333 0.044792
0 0.547917 0.799479 0.050000 0.036458
0 0.084375 0.653125 0.052083 0.047917
0 0.189583 0.903125 0.050000 0.050000
0 0.076042 0.891146 0.041667 0.044792
0 0.246354 0.134896 0.044792 0.040625
0 0.926562 0.892188 0.040625 0.034375
0 0.853125 0.409896 0.031250 0.048958
0 0.905208 0.791667 0.043750 0.045833
0 0.830729 0.611979 0.038542 0.046875
0 0.406771 0.245833 0.040625 0.022917
0 0.938542 0.832812 0.041667 0.048958
0 0.732812 0.759896 0.046875 0.048958
0 0.409896 0.881771 0.044792 0.032292
0 0.522917 0.590104 0.047917 0.032292
0 0.492188 0.698958 0.042708 0.047917
0 0.401042 0.341667 0.045833 0.031250
0 0.649479 0.504167 0.023958 0.041667
0 0.848958 0.334896 0.045833 0.032292
0 0.716146 0.821354 0.028125 0.051042
0 0.293750 0.105729 0.031250 0.044792
0 0.393229 0.298438 0.053125 0.051042
0 0.493229 0.934375 0.038542 0.037500
0 0.763021 0.305729 0.051042 0.038542
0 0.307812 0.839583 0.044792 0.052083
0 0.491667 0.131771 0.050000 0.028125
0 0.247917 0.475521 0.041667 0.021875
0 0.466146 0.119792 0.048958 0.027083
0 0.446354 0.709375 0.044792 0.035417
0 0.765104 0.817187 0.046875 0.038542
0 0.915104 0.391146 0.023958 0.040625
0 0.371354 0.231250 0.051042 0.050000
0 0.831771 0.866667 0.046875 0.043750
0 0.595313 0.546354 0.055208 0.036458
0 0.905729 0.325521 0.046875 0.026042
0 0.904167 0.243229 0.047917 0.028125
0 0.924479 0.654687 0.055208 0.040625
0 0.247917 0.915625 0.037500 0.031250
0 0.318229 0.467187 0.042708 0.055208
0 0.507812 0.383854 0.040625 0.034375
0 0.893750 0.800000 0.022917 0.045833
0 0.138542 0.101042 0.027083 0.047917
0 0.105208 0.820833 0.027083 0.037500
0 0.717708 0.325000 0.039583 0.052083
0 0.516667 0.889062 0.052083 0.051042
0 0.629167 0.325000 0.043750 0.045833
0 0.662500 0.656250 0.041667 0.047917
0 0.475521 0.312500 0.042708 0.029167
0 0.845833 0.865625 0.035417 0.037500
0 0.230729 0.698958 0.032292 0.039583
0 0.950000 0.742188 0.039583 0.038542
0 0.480729 0.358854 0.038542 0.023958
0 0.513542 0.506250 0.041667 0.031250
0 0.443750 0.733854 0.045833 0.026042
0 0.338021 0.662500 0.042708 0.029167
0 0.683854 0.542188 0.051042 0.038542
0 0.742708 0.439583 0.047917 0.037500
0 0.474479 0.077604 0.040625 0.026042
0 0.867708 0.578646 0.039583 0.038542
0 0.143750 0.334896 0.035417 0.044792
0 0.468229 0.840625 0.036458 0.052083
0 0.174479 0.303125 0.036458 0.043750
0 0.788021 0.799479 0.051042 0.040625
0 0.670833 0.514062 0.020833 0.036458
0 0.767708 0.173437 0.047917 0.046875
0 0.657292 0.194271 0.039583 0.034375
0 0.243229 0.159896 0.021875 0.038542
0 0.289062 0.356250 0.019792 0.037500
0 0.281771 0.742188 0.036458 0.040625
0 0.327604 0.779167 0.042708 0.027083
0 0.153646 0.572396 0.032292 0.040625
0 0.380208 0.918750 0.031250 0.037500
0 0.690625 0.534375 0.035417 0.022917
0 0.898438 0.961458 0.038542 0.047917
0 0.254167 0.288542 0.037500 0.035417
0 0.123958 0.445312 0.045833 0.032292
0 0.284896 0.404687 0.040625 0.034375
0 0.792708 0.267188 0.050000 0.044792
0 0.852604 0.110937 0.038542 0.046875
0 0.095833 0.896875 0.039583 0.041667
0 0.733333 0.823958 0.016667 0.033333
0 0.128125 0.370312 0.054167 0.042708
0 0.424479 0.715625 0.046875 0.052083
0 0.435417 0.658854 0.050000 0.034375
0 0.480208 0.955729 0.050000 0.053125
0 0.902083 0.602604 0.039583 0.036458
0 0.810937 0.234375 0.030208 0.047917
0 0.889062 0.071875 0.034375 0.039583
0 0.190104 0.281250 0.046875 0.043750
0 0.901042 0.952604 0.041667 0.032292
0 0.780729 0.214062 0.044792 0.051042
0 0.543750 0.136458 0.047917 0.041667
0 0.874479 0.750521 0.040625 0.036458
0 0.269792 0.395833 0.037500 0.027083
0 0.876563 0.887500 0.044792 0.052083
0 0.262500 0.908333 0.037500 0.041667
0 0.138542 0.293229 0.054167 0.036458
0 0.513542 0.335938 0.045833 0.040625
0 0.634375 0.659375 0.041667 0.047917
0 0.398438 0.282813 0.028125 0.044792
0 0.876042 0.656250 0.052083 0.045833
0 0.882812 0.780729 0.053125 0.032292
0 0.901563 0.643750 0.042708 0.047917
0 0.468229 0.535417 0.040625 0.041667
0 0.381771 0.225000 0.048958 0.025000
0 0.731250 0.484375 0.043750 0.025000
0 0.115625 0.216667 0.035417 0.037500
0 0.660937 0.576042 0.044792 0.045833
0 0.185417 0.321875 0.035417 0.020833
0 0.231771 0.315104 0.051042 0.053125
0 0.128646 0.615625 0.032292 0.043750
0 0.890625 0.126562 0.047917 0.046875
0 0.388021 0.100000 0.038542 0.047917
0 0.399479 0.732292 0.030208 0.047917
0 0.724479 0.165104 0.040625 0.044792
0 0.947917 0.897396 0.054167 0.042708
0 0.698958 0.297396 0.047917 0.055208
0 0.365104 0.501042 0.046875 0.052083
0 0.294271 0.751042 0.038542 0.047917
0 0.102083 0.733333 0.025000 0.041667
0 0.864583 0.093229 0.037500 0.019792
0 0.196354 0.186458 0.034375 0.039583
0 0.282813 0.483854 0.030208 0.048958
0 0.406771 0.637500 0.040625 0.054167
0 0.785937 0.678125 0.053125 0.039583
0 0.852604 0.802083 0.042708 0.029167
0 0.708333 0.349479 0.050000 0.028125
0 0.425000 0.765104 0.039583 0.019792
0 0.395313 0.160938 0.040625 0.044792
0 0.537500 0.315625 0.050000 0.031250
0 0.501042 0.859375 0.037500 0.041667
0 0.593750 0.480729 0.039583 0.034375
0 0.509375 0.220833 0.041667 0.027083
0 0.926042 0.577083 0.037500 0.035417
0 0.495833 0.709896 0.020833 0.040625
0 0.712500 0.077604 0.037500 0.019792
0 0.414583 0.548438 0.039583 0.036458
0 0.376563 0.657813 0.034375 0.051042
0 0.464583 0.458854 0.037500 0.044792
0 0.424479 0.185417 0.044792 0.025000
0 0.210417 0.877083 0.029167 0.037500
0 0.734375 0.435417 0.045833 0.027083
0 0.111458 0.365104 0.031250 0.040625
0 0.526042 0.090625 0.043750 0.045833
0 0.832292 0.597917 0.045833 0.045833
0 0.387500 0.160417 0.050000 0.050000
0 0.125521 0.427604 0.053125 0.053125
0 0.183854 0.448958 0.042708 0.041667
0 0.356250 0.913021 0.050000 0.044792
0 0.338021 0.917708 0.032292 0.043750
0 0.396354 0.936458 0.021875 0.037500
0 0.236979 0.541667 0.036458 0.018750
0 0.853646 0.876563 0.023958 0.046875
0 0.617188 0.607292 0.046875 0.043750
0 0.123958 0.213542 0.047917 0.033333
0 0.281771 0.421875 0.042708 0.041667
0 0.778646 0.579688 0.019792 0.038542