0 0.898438 0.722917 0.038542 0.043750
0 0.954688 0.705208 0.051042 0.031250
0 0.175521 0.766146 0.034375 0.048958
0 0.698958 0.182812 0.039583 0.034375
0 0.808333 0.896875 0.039583 0.022917
0 0.541146 0.868229 0.038542 0.051042
0 0.789062 0.344271 0.038542 0.040625
0 0.742708 0.790104 0.054167 0.048958
0 0.663021 0.429167 0.040625 0.041667
0 0.567708 0.860938 0.039583 0.038542
0 0.333854 0.114062 0.053125 0.051042
0 0.657292 0.446354 0.025000 0.042708
0 0.890625 0.780208 0.033333 0.050000
0 0.790104 0.660417 0.044792 0.025000
0 0.617188 0.186458 0.038542 0.037500
0 0.589063 0.186458 0.028125 0.050000
0 0.458333 0.234896 0.054167 0.044792
0 0.253646 0.091146 0.055208 0.036458
0 0.660417 0.243750 0.025000 0.043750
0 0.183854 0.406771 0.040625 0.026042
0 0.742708 0.660937 0.045833 0.026042
0 0.531771 0.500521 0.036458 0.046875
0 0.602083 0.396354 0.018750 0.036458
0 0.345313 0.950000 0.048958 0.035417
0 0.279167 0.152083 0.047917 0.027083
0 0.297396 0.278646 0.019792 0.038542
0 0.230208 0.870833 0.027083 0.047917
0 0.277604 0.282292 0.042708 0.037500
0 0.398438 0.401562 0.040625 0.055208
0 0.678125 0.714583 0.020833 0.035417
0 0.941667 0.437500 0.039583 0.022917
0 0.645833 0.071354 0.050000 0.028125
0 0.172917 0.269792 0.035417 0.043750
0 0.701562 0.506771 0.046875 0.048958
0 0.601042 0.938021 0.035417 0.053125
0 0.732812 0.142187 0.023958 0.038542
0 0.363542 0.875521 0.054167 0.038542
0 0.408854 0.377604 0.040625 0.051042
0 0.278646 0.651042 0.038542 0.027083
0 0.727083 0.214583 0.041667 0.031250
0 0.511458 0.689063 0.050000 0.044792
0 0.568229 0.291667 0.048958 0.035417
0 0.363021 0.954688 0.055208 0.042708
0 0.094271 0.418750 0.023958 0.045833
0 0.641146 0.302604 0.036458 0.051042
0 0.295833 0.097396 0.052083 0.051042
0 0.242708 0.547396 0.050000 0.038542
0 0.440104 0.376563 0.048958 0.034375
0 0.623437 0.844792 0.046875 0.031250
0 0.297396 0.351042 0.048958 0.039583
0 0.940104 0.489583 0.036458 0.037500
0 0.738021 0.173437 0.046875 0.055208
0 0.777604 0.281771 0.055208 0.048958
0 0.259375 0.938542 0.022917 0.037500
0 0.785937 0.198958 0.044792 0.033333
0 0.256771 0.595833 0.051042 0.047917
0 0.191146 0.492188 0.030208 0.053125
0 0.911458 0.346875 0.037500 0.033333
0 0.777604 0.496875 0.044792 0.022917
0 0.199479 0.735417 0.032292 0.039583
0 0.780729 0.455729 0.044792 0.032292
0 0.726562 0.922917 0.038542 0.031250
0 0.710417 0.626042 0.039583 0.052083
0 0.826042 0.606771 0.033333 0.048958
0 0.194271 0.316667 0.038542 0.035417
0 0.741146 0.404167 0.040625 0.054167
0 0.471875 0.418229 0.039583 0.044792
0 0.369792 0.462500 0.052083 0.037500
0 0.891667 0.740104 0.031250 0.044792
0 0.763021 0.751042 0.046875 0.043750
0 0.249479 0.268750 0.036458 0.037500
0 0.622917 0.930208 0.043750 0.052083
0 0.118229 0.377083 0.044792 0.052083
0 0.111458 0.457813 0.035417 0.040625
0 0.167187 0.883333 0.021875 0.043750
0 0.344271 0.547396 0.040625 0.038542
0 0.570312 0.136979 0.051042 0.053125
0 0.925000 0.550000 0.035417 0.037500
0 0.758333 0.849479 0.050000 0.053125
0 0.789583 0.639583 0.045833 0.043750
0 0.937500 0.105208 0.039583 0.041667
0 0.405208 0.564063 0.050000 0.026042
0 0.372917 0.078125 0.037500 0.025000
0 0.733333 0.265104 0.029167 0.040625
0 0.122396 0.688021 0.055208 0.038542
0 0.375000 0.660417 0.047917 0.037500
0 0.273958 0.502604 0.039583 0.036458
0 0.470833 0.535417 0.052083 0.045833
0 0.478125 0.920833 0.025000 0.037500
0 0.288542 0.785937 0.047917 0.046875
0 0.367708 0.116667 0.045833 0.052083
0 0.146875 0.447396 0.047917 0.053125
0 0.832812 0.715625 0.038542 0.031250
0 0.811458 0.235937 0.020833 0.036458
0 0.827604 0.342708 0.021875 0.037500
0 0.630208 0.268750 0.029167 0.041667
0 0.270313 0.163542 0.038542 0.031250
0 0.392708 0.647917 0.045833 0.031250
0 0.148958 0.116146 0.031250 0.053125
0 0.322917 0.434896 0.025000 0.038542
0 0.386979 0.600521 0.028125 0.040625
0 0.298438 0.666146 0.048958 0.044792
0 0.627083 0.524479 0.029167 0.048958
0 0.482812 0.525521 0.046875 0.034375
0 0.262500 0.532292 0.033333 0.043750
0 0.408854 0.256250 0.042708 0.054167
0 0.549479 0.597396 0.036458 0.040625
0 0.239063 0.201042 0.038542 0.029167
0 0.255208 0.936979 0.039583 0.026042
0 0.095312 0.783333 0.042708 0.047917
0 0.896875 0.707812 0.039583 0.030208
0 0.100000 0.634896 0.029167 0.040625
0 0.508854 0.399479 0.038542 0.040625
0 0.367708 0.268750 0.052083 0.037500
0 0.302083 0.563542 0.037500 0.035417
0 0.734896 0.153646 0.040625 0.036458
0 0.928646 0.482292 0.030208 0.050000
0 0.866146 0.615104 0.038542 0.046875
0 0.394271 0.144792 0.053125 0.041667
0 0.269792 0.703646 0.047917 0.046875
0 0.852083 0.283854 0.041667 0.044792
0 0.457292 0.483854 0.054167 0.040625
0 0.276042 0.139583 0.025000 0.041667
0 0.236458 0.641667 0.047917 0.037500
0 0.696354 0.498958 0.026042 0.045833
0 0.554167 0.393229 0.037500 0.021875
0 0.439063 0.223438 0.040625 0.044792
0 0.478125 0.575521 0.054167 0.042708
0 0.586979 0.497917 0.026042 0.041667
0 0.677083 0.207813 0.045833 0.026042
0 0.577604 0.735938 0.048958 0.044792
0 0.816667 0.367708 0.039583 0.047917
0 0.146354 0.501042 0.038542 0.047917
0 0.080208 0.829167 0.043750 0.045833
0 0.590625 0.245312 0.041667 0.021875
0 0.212500 0.483854 0.043750 0.042708
0 0.604167 0.481771 0.035417 0.048958
0 0.626042 0.692187 0.027083 0.042708
0 0.640625 0.134375 0.052083 0.041667
0 0.384896 0.373437 0.042708 0.051042
0 0.588021 0.771354 0.028125 0.040625
0 0.934896 0.228125 0.026042 0.047917
0 0.477083 0.748437 0.031250 0.053125
0 0.558333 0.861979 0.050000 0.042708
0 0.704688 0.460938 0.036458 0.046875
0 0.111979 0.898438 0.036458 0.051042
0 0.711979 0.158333 0.046875 0.029167
0 0.753125 0.671354 0.025000 0.038542
0 0.801562 0.131250 0.036458 0.043750
0 0.476562 0.376563 0.034375 0.046875
0 0.753125 0.123958 0.050000 0.033333
0 0.713542 0.300000 0.043750 0.052083
0 0.549479 0.686979 0.021875 0.042708
0 0.776042 0.812500 0.052083 0.035417
0 0.707812 0.493750 0.051042 0.029167
0 0.893750 0.332813 0.029167 0.051042
0 0.189062 0.659896 0.051042 0.034375
0 0.347917 0.193229 0.047917 0.046875
0 0.965625 0.264062 0.039583 0.030208
0 0.531771 0.730208 0.046875 0.027083
0 0.778646 0.119271 0.023958 0.042708
0 0.222396 0.495312 0.046875 0.055208
0 0.859375 0.748958 0.041667 0.041667
0 0.646354 0.826562 0.048958 0.055208
0 0.804167 0.874479 0.047917 0.053125
0 0.714583 0.675000 0.020833 0.035417
0 0.545312 0.942187 0.023958 0.046875
0 0.714583 0.455208 0.037500 0.031250
0 0.884375 0.094792 0.047917 0.039583
0 0.086458 0.945833 0.047917 0.050000
0 0.234896 0.960417 0.053125 0.039583
0 0.298438 0.867188 0.042708 0.044792
0 0.397396 0.773958 0.036458 0.020833
0 0.921875 0.590625 0.027083 0.047917
0 0.293750 0.217188 0.041667 0.021875
0 0.934375 0.217708 0.045833 0.052083
0 0.337500 0.168229 0.054167 0.048958
0 0.609375 0.447917 0.052083 0.047917
0 0.306250 0.324479 0.039583 0.023958
0 0.244792 0.692708 0.033333 0.045833
0 0.752604 0.559375 0.032292 0.043750
0 0.083333 0.681250 0.031250 0.037500
0 0.308333 0.761979 0.039583 0.036458
0 0.220833 0.941146 0.052083 0.051042
0 0.528125 0.537500 0.033333 0.037500
0 0.769792 0.450000 0.039583 0.047917
0 0.334375 0.138542 0.045833 0.029167
0 0.104167 0.945312 0.050000 0.042708
0 0.948958 0.324479 0.027083 0.046875
0 0.377604 0.112500 0.026042 0.045833
0 0.082292 0.672917 0.047917 0.052083
0 0.933333 0.604167 0.039583 0.041667
0 0.570312 0.107813 0.040625 0.038542
0 0.593750 0.106250 0.041667 0.047917
0 0.668229 0.351042 0.028125 0.043750
0 0.453125 0.622396 0.041667 0.021875
0 0.094792 0.912500 0.052083 0.047917
0 0.943750 0.673958 0.045833 0.043750
0 0.156771 0.101042 0.038542 0.052083
0 0.161458 0.081250 0.045833 0.031250
0 0.695312 0.821875 0.044792 0.033333
0 0.388542 0.772917 0.047917 0.025000
0 0.929688 0.691146 0.030208 0.040625
0 0.315104 0.624479 0.046875 0.026042
0 0.139583 0.712500 0.039583 0.022917
0 0.564583 0.726042 0.018750 0.035417
0 0.864062 0.490104 0.051042 0.044792
0 0.462500 0.915625 0.039583 0.041667
0 0.748958 0.515104 0.052083 0.032292
0 0.184375 0.484375 0.052083 0.039583
0 0.505729 0.878125 0.036458 0.047917
0 0.256771 0.812500 0.044792 0.033333
0 0.247396 0.116667 0.046875 0.045833
0 0.921875 0.635417 0.037500 0.025000
0 0.913021 0.215625 0.036458 0.018750
0 0.199479 0.807292 0.017708 0.035417
0 0.739583 0.097917 0.047917 0.037500
0 0.672917 0.571354 0.045833 0.048958
0 0.120833 0.626563 0.050000 0.034375
0 0.524479 0.117708 0.032292 0.043750
0 0.941667 0.473438 0.043750 0.055208
0 0.935937 0.844271 0.040625 0.051042
0 0.910417 0.166146 0.050000 0.038542
0 0.359375 0.840625 0.027083 0.037500
0 0.770833 0.158333 0.037500 0.041667
0 0.647917 0.454167 0.047917 0.039583
0 0.893229 0.636458 0.038542 0.022917
0 0.635417 0.270313 0.039583 0.048958
0 0.860938 0.325521 0.040625 0.044792
0 0.501042 0.167187 0.037500 0.038542
0 0.843229 0.786458 0.030208 0.047917
0 0.247396 0.078125 0.038542 0.029167
0 0.304688 0.137500 0.044792 0.035417
0 0.428125 0.158333 0.031250 0.041667
0 0.374479 0.243229 0.055208 0.040625
0 0.723958 0.203125 0.041667 0.039583
0 0.743229 0.952604 0.053125 0.030208
0 0.127604 0.478646 0.038542 0.051042
0 0.320312 0.876042 0.046875 0.033333
0 0.376042 0.652604 0.039583 0.053125
0 0.115625 0.641146 0.035417 0.017708
0 0.866146 0.479687 0.053125 0.030208
0 0.859375 0.455729 0.039583 0.028125
0 0.185417 0.751563 0.054167 0.046875
0 0.584896 0.289583 0.044792 0.054167
0 0.820312 0.365104 0.032292 0.040625
0 0.383854 0.533333 0.038542 0.035417
0 0.454688 0.482292 0.040625 0.022917
0 0.711979 0.843750 0.046875 0.045833
0 0.752604 0.415104 0.051042 0.053125
0 0.513021 0.903646 0.019792 0.038542
0 0.517708 0.317188 0.035417 0.048958
0 0.502083 0.192708 0.050000 0.029167
0 0.408333 0.336979 0.054167 0.036458
0 0.962500 0.866667 0.043750 0.045833
0 0.219271 0.946354 0.055208 0.048958
0 0.856771 0.579688 0.034375 0.046875
0 0.143229 0.629687 0.046875 0.055208
0 0.718229 0.086979 0.044792 0.032292
0 0.110937 0.091667 0.036458 0.037500
0 0.756771 0.189062 0.034375 0.051042
0 0.703125 0.395313 0.029167 0.040625
0 0.148958 0.767188 0.050000 0.040625
0 0.599479 0.184375 0.019792 0.037500
0 0.828646 0.417187 0.038542 0.046875
0 0.394792 0.543229 0.031250 0.048958
0 0.161458 0.810417 0.035417 0.037500
0 0.664583 0.743229 0.054167 0.040625
0 0.783854 0.146875 0.038542 0.043750
0 0.452083 0.821875 0.031250 0.037500
0 0.764583 0.514062 0.029167 0.051042
0 0.671875 0.513021 0.054167 0.044792
0 0.665104 0.925000 0.042708 0.041667
0 0.686458 0.718750 0.052083 0.043750
0 0.923438 0.222917 0.042708 0.054167
0 0.727604 0.591667 0.053125 0.043750
0 0.461979 0.900521 0.053125 0.051042
0 0.575521 0.358854 0.036458 0.051042
0 0.850521 0.967187 0.038542 0.046875
0 0.330208 0.927604 0.027083 0.042708
0 0.910417 0.336979 0.039583 0.038542
0 0.247396 0.209896 0.055208 0.048958
0 0.079167 0.251042 0.045833 0.043750
0 0.303646 0.666667 0.044792 0.027083
0 0.617708 0.232813 0.045833 0.055208
0 0.307292 0.232292 0.037500 0.041667
0 0.134896 0.415625 0.034375 0.052083
0 0.106771 0.835938 0.030208 0.044792
0 0.481250 0.432812 0.035417 0.044792
0 0.274479 0.135417 0.044792 0.045833
0 0.876042 0.913542 0.039583 0.022917
0 0.947917 0.683854 0.052083 0.032292
0 0.190625 0.444792 0.045833 0.052083
0 0.857812 0.611458 0.023958 0.041667
0 0.544271 0.801042 0.046875 0.029167
0 0.114062 0.548438 0.034375 0.051042
0 0.818750 0.639062 0.027083 0.042708
0 0.667708 0.811458 0.041667 0.039583
0 0.651042 0.514062 0.033333 0.048958
0 0.757292 0.785937 0.047917 0.053125
0 0.538542 0.620313 0.050000 0.026042
0 0.793750 0.376042 0.025000 0.043750
0 0.524479 0.842187 0.038542 0.040625
0 0.375521 0.659375 0.028125 0.045833
0 0.287500 0.597396 0.037500 0.044792
0 0.192708 0.141146 0.041667 0.048958
0 0.613021 0.220312 0.036458 0.040625
0 0.935417 0.864583 0.033333 0.043750
0 0.219792 0.535417 0.035417 0.037500
0 0.265104 0.206771 0.051042 0.044792
0 0.493229 0.735417 0.048958 0.039583
0 0.175521 0.143750 0.023958 0.037500
0 0.704688 0.651563 0.042708 0.044792
0 0.740104 0.875000 0.046875 0.043750
0 0.380208 0.341667 0.020833 0.035417
0 0.279167 0.922396 0.050000 0.042708
0 0.859375 0.530208 0.047917 0.027083
0 0.750521 0.969792 0.048958 0.050000
0 0.204687 0.609375 0.053125 0.041667
0 0.131771 0.930729 0.055208 0.042708
0 0.548438 0.804167 0.019792 0.037500
0 0.361979 0.880729 0.036458 0.040625
0 0.645312 0.560417 0.053125 0.045833
0 0.498958 0.822396 0.027083 0.040625
0 0.264062 0.621875 0.028125 0.043750
0 0.765625 0.094792 0.039583 0.047917
0 0.075521 0.629167 0.036458 0.020833
0 0.172917 0.479167 0.052083 0.043750
0 0.257292 0.413021 0.037500 0.044792
0 0.477604 0.256250 0.040625 0.047917
0 0.835938 0.217188 0.051042 0.044792
0 0.175000 0.432812 0.043750 0.040625
0 0.448958 0.602083 0.037500 0.031250
0 0.380208 0.697396 0.047917 0.046875
0 0.208333 0.498958 0.031250 0.041667
0 0.604167 0.158333 0.041667 0.027083
0 0.848437 0.309375 0.017708 0.035417
0 0.590104 0.709896 0.046875 0.038542
0 0.889583 0.405729 0.039583 0.038542
0 0.938542 0.732812 0.041667 0.044792
0 0.544271 0.327604 0.053125 0.032292
0 0.679167 0.887500 0.041667 0.052083
0 0.289062 0.369271 0.046875 0.026042
0 0.175000 0.243229 0.039583 0.028125
0 0.445312 0.486458 0.023958 0.041667
0 0.133333 0.421875 0.022917 0.043750
0 0.256771 0.961458 0.036458 0.047917
0 0.094271 0.703125 0.034375 0.039583
0 0.465625 0.316667 0.050000 0.050000
0 0.966146 0.585417 0.044792 0.025000
0 0.605208 0.379167 0.035417 0.022917
0 0.116667 0.257812 0.041667 0.048958
0 0.385937 0.298438 0.040625 0.051042
0 0.785417 0.795833 0.037500 0.047917
0 0.450000 0.966667 0.029167 0.045833
0 0.185938 0.339583 0.048958 0.037500
0 0.606250 0.731250 0.033333 0.016667
0 0.901563 0.479687 0.028125 0.046875
0 0.319271 0.375521 0.040625 0.026042
0 0.827083 0.745313 0.050000 0.044792
0 0.662500 0.588021 0.037500 0.040625
0 0.115104 0.952083 0.053125 0.039583
0 0.664583 0.681250 0.052083 0.035417
0 0.172917 0.775000 0.035417 0.035417
0 0.937500 0.206250 0.047917 0.035417
0 0.152083 0.279167 0.025000 0.043750
0 0.826562 0.825521 0.046875 0.038542
0 0.764583 0.786458 0.029167 0.045833
0 0.631250 0.610938 0.037500 0.040625
0 0.692187 0.117188 0.042708 0.021875
0 0.456250 0.409896 0.054167 0.046875
0 0.936458 0.816667 0.031250 0.037500
0 0.217188 0.108333 0.042708 0.047917
0 0.919792 0.376563 0.054167 0.044792
0 0.383854 0.811979 0.038542 0.023958
0 0.666146 0.604688 0.034375 0.053125
0 0.069271 0.771875 0.026042 0.037500
0 0.661979 0.658333 0.036458 0.043750
0 0.764062 0.612500 0.021875 0.037500
0 0.275000 0.167708 0.047917 0.039583
0 0.910937 0.543750 0.026042 0.045833
0 0.846875 0.555729 0.043750 0.032292
0 0.323958 0.496354 0.037500 0.053125
0 0.189583 0.561458 0.039583 0.022917
0 0.246354 0.531250 0.048958 0.035417
0 0.146354 0.427604 0.053125 0.053125
0 0.642188 0.207292 0.034375 0.039583
0 0.444271 0.097917 0.044792 0.035417
0 0.791667 0.453646 0.039583 0.044792
0 0.648438 0.798438 0.051042 0.053125
0 0.881771 0.943229 0.042708 0.023958
0 0.441146 0.344271 0.053125 0.051042
0 0.287500 0.240625 0.047917 0.041667
0 0.174479 0.456250 0.032292 0.047917
0 0.956771 0.630729 0.030208 0.048958
0 0.364063 0.195833 0.044792 0.025000
0 0.632292 0.446875 0.031250 0.041667
0 0.886979 0.458854 0.048958 0.046875
0 0.960417 0.845313 0.039583 0.044792
0 0.148958 0.608333 0.025000 0.043750
0 0.298958 0.745833 0.041667 0.039583
0 0.233333 0.460417 0.041667 0.027083
0 0.273958 0.391667 0.043750 0.025000
0 0.591667 0.846354 0.035417 0.040625
0 0.107813 0.268750 0.023958 0.041667
0 0.818229 0.584896 0.040625 0.023958
0 0.931250 0.225000 0.037500 0.031250
0 0.593229 0.727604 0.053125 0.032292
0 0.839583 0.757812 0.039583 0.026042
0 0.610417 0.771354 0.039583 0.044792
0 0.178125 0.137500 0.041667 0.047917
0 0.920312 0.795312 0.048958 0.028125
0 0.670312 0.948958 0.036458 0.043750
0 0.917708 0.356771 0.052083 0.034375
0 0.220833 0.218750 0.037500 0.047917
0 0.329688 0.268750 0.046875 0.052083
0 0.122917 0.656250 0.018750 0.035417
0 0.227083 0.503646 0.039583 0.026042
0 0.142708 0.839583 0.025000 0.047917
0 0.633854 0.759896 0.055208 0.046875
0 0.298958 0.914062 0.033333 0.048958
0 0.902083 0.759896 0.045833 0.032292
0 0.393750 0.211979 0.041667 0.055208
0 0.240104 0.499479 0.030208 0.048958
0 0.080208 0.577604 0.047917 0.032292
0 0.460417 0.600521 0.039583 0.026042
0 0.076563 0.855729 0.048958 0.030208
0 0.770833 0.491146 0.033333 0.053125
0 0.117188 0.447917 0.023958 0.041667
0 0.698958 0.144271 0.052083 0.051042
0 0.810937 0.519271 0.036458 0.046875
0 0.692708 0.165104 0.035417 0.040625
0 0.939063 0.433333 0.048958 0.039583
0 0.844792 0.663021 0.033333 0.044792
0 0.084375 0.495833 0.045833 0.033333
0 0.201563 0.627604 0.044792 0.055208
0 0.865104 0.440104 0.044792 0.051042
0 0.490104 0.527604 0.034375 0.040625
0 0.594271 0.810937 0.048958 0.046875
0 0.096354 0.561979 0.017708 0.036458
0 0.503646 0.474479 0.051042 0.034375
0 0.182812 0.140104 0.034375 0.053125
0 0.389062 0.213542 0.051042 0.029167
0 0.582292 0.266146 0.043750 0.042708
0 0.129688 0.866667 0.053125 0.039583
0 0.655208 0.136458 0.035417 0.037500
0 0.821354 0.319271 0.051042 0.028125
0 0.682292 0.291667 0.027083 0.047917
0 0.406250 0.901563 0.037500 0.019792
0 0.326042 0.418229 0.025000 0.038542
0 0.547396 0.793229 0.044792 0.040625
0 0.328646 0.143750 0.032292 0.043750
0 0.841146 0.460938 0.032292 0.044792
0 0.483333 0.380729 0.045833 0.048958
0 0.511979 0.933854 0.036458 0.046875
0 0.507812 0.716146 0.055208 0.044792
0 0.695833 0.840104 0.022917 0.040625
0 0.895312 0.795833 0.051042 0.029167
0 0.238021 0.944271 0.030208 0.040625
0 0.793750 0.185417 0.031250 0.041667
0 0.223438 0.679688 0.046875 0.028125
0 0.929167 0.484896 0.039583 0.044792
0 0.395833 0.710938 0.050000 0.042708
0 0.863021 0.800000 0.048958 0.039583
0 0.565104 0.681250 0.051042 0.050000
0 0.323958 0.105208 0.043750 0.035417
0 0.450521 0.920312 0.055208 0.040625
0 0.421354 0.467708 0.021875 0.037500
0 0.406771 0.288021 0.023958 0.040625
0 0.302083 0.719271 0.043750 0.040625
0 0.461979 0.469792 0.051042 0.029167
0 0.400521 0.452604 0.048958 0.030208
0 0.945312 0.632292 0.019792 0.039583
0 0.074479 0.282292 0.038542 0.025000
0 0.371875 0.316146 0.054167 0.046875
0 0.447917 0.527604 0.035417 0.044792
0 0.094271 0.959375 0.030208 0.047917
0 0.406771 0.241667 0.036458 0.037500
0 0.184896 0.707292 0.051042 0.050000
0 0.303646 0.442188 0.053125 0.051042
0 0.450521 0.252083 0.042708 0.047917
0 0.588021 0.553646 0.028125 0.040625
0 0.673438 0.597917 0.028125 0.039583
0 0.356250 0.738542 0.029167 0.037500
0 0.616667 0.565104 0.043750 0.048958
0 0.357812 0.848958 0.036458 0.020833
0 0.726042 0.813542 0.037500 0.027083
0 0.914583 0.569271 0.039583 0.026042
0 0.460417 0.493229 0.054167 0.044792
0 0.484896 0.454688 0.019792 0.040625
0 0.528125 0.894271 0.041667 0.044792
0 0.726562 0.269271 0.034375 0.040625