0 0.504687 0.155208 0.032292 0.052083
0 0.647396 0.798438 0.040625 0.036458
0 0.102604 0.677604 0.044792 0.030208
0 0.336979 0.528646 0.021875 0.042708
0 0.232813 0.422917 0.048958 0.039583
0 0.402604 0.420312 0.042708 0.055208
0 0.515104 0.517708 0.046875 0.029167
0 0.575000 0.099479 0.027083 0.042708
0 0.266667 0.326562 0.043750 0.030208
0 0.854167 0.683854 0.050000 0.042708
0 0.154167 0.209896 0.039583 0.044792
0 0.960938 0.792188 0.038542 0.046875
0 0.940625 0.638021 0.041667 0.048958
0 0.270833 0.100521 0.033333 0.053125
0 0.597396 0.650521 0.040625 0.038542
0 0.319271 0.372917 0.036458 0.047917
0 0.575000 0.579167 0.033333 0.037500
0 0.839583 0.581771 0.045833 0.038542
0 0.742708 0.330729 0.035417 0.053125
0 0.469271 0.733333 0.042708 0.033333
0 0.667708 0.747917 0.041667 0.047917
0 0.751563 0.379688 0.034375 0.040625
0 0.676562 0.587500 0.042708 0.054167
0 0.459375 0.903125 0.041667 0.039583
0 0.119792 0.580729 0.025000 0.038542
0 0.148438 0.614062 0.036458 0.040625
0 0.580729 0.607292 0.038542 0.027083
0 0.105729 0.248438 0.040625 0.023958
0 0.359896 0.460417 0.036458 0.020833
0 0.671875 0.260417 0.037500 0.052083
0 0.353125 0.894792 0.041667 0.031250
0 0.732292 0.463021 0.029167 0.051042
0 0.183854 0.124479 0.026042 0.051042
0 0.764062 0.673438 0.042708 0.044792
0 0.826042 0.710417 0.022917 0.039583
0 0.231250 0.443750 0.020833 0.035417
0 0.100521 0.704167 0.048958 0.027083
0 0.741667 0.744271 0.033333 0.048958
0 0.956771 0.700000 0.023958 0.037500
0 0.760417 0.843750 0.027083 0.037500
0 0.304688 0.568229 0.044792 0.042708
0 0.658854 0.930729 0.040625 0.051042
0 0.622396 0.707292 0.034375 0.043750
0 0.223438 0.755729 0.036458 0.040625
0 0.393750 0.759375 0.035417 0.043750
0 0.747396 0.843229 0.046875 0.038542
0 0.461979 0.947917 0.019792 0.039583
0 0.495833 0.694271 0.031250 0.044792
0 0.507812 0.731250 0.042708 0.027083
0 0.190104 0.632812 0.040625 0.038542
0 0.416667 0.198437 0.037500 0.021875
0 0.268229 0.350521 0.048958 0.046875
0 0.719792 0.743229 0.027083 0.042708
0 0.383333 0.738021 0.027083 0.046875
0 0.534375 0.243229 0.043750 0.048958
0 0.707812 0.391667 0.046875 0.031250
0 0.375521 0.833333 0.040625 0.041667
0 0.180729 0.664062 0.042708 0.055208
0 0.275000 0.344792 0.035417 0.020833
0 0.353646 0.862500 0.036458 0.018750
0 0.943750 0.539062 0.033333 0.040625
0 0.889583 0.086979 0.043750 0.028125
0 0.935937 0.153646 0.040625 0.019792
0 0.433333 0.110417 0.041667 0.039583
0 0.632812 0.511458 0.048958 0.041667
0 0.598958 0.398958 0.047917 0.037500
0 0.457292 0.646354 0.045833 0.055208
0 0.172396 0.252083 0.053125 0.041667
0 0.145313 0.341667 0.048958 0.025000
0 0.753646 0.890104 0.046875 0.048958
0 0.457813 0.582812 0.030208 0.040625
0 0.766667 0.432812 0.054167 0.048958
0 0.910417 0.854167 0.027083 0.047917
0 0.298438 0.369792 0.046875 0.045833
0 0.655208 0.466667 0.039583 0.047917
0 0.394271 0.459896 0.038542 0.040625
0 0.948438 0.129688 0.028125 0.044792
0 0.306771 0.081771 0.028125 0.044792
0 0.526042 0.499479 0.050000 0.036458
0 0.671354 0.684375 0.038542 0.033333
0 0.779687 0.510417 0.042708 0.031250
0 0.140104 0.572917 0.038542 0.029167
0 0.143229 0.671354 0.040625 0.030208
0 0.320312 0.836458 0.036458 0.047917
0 0.717187 0.691146 0.042708 0.051042
0 0.698958 0.927604 0.039583 0.036458
0 0.472396 0.284896 0.051042 0.053125
0 0.900000 0.254167 0.050000 0.031250
0 0.259375 0.629687 0.035417 0.040625
0 0.252083 0.239063 0.050000 0.042708
0 0.697917 0.872917 0.041667 0.025000
0 0.416667 0.781250 0.039583 0.052083
0 0.566146 0.380729 0.036458 0.046875
0 0.558333 0.816146 0.029167 0.040625
0 0.693229 0.771875 0.028125 0.050000
0 0.550000 0.636458 0.020833 0.035417
0 0.644792 0.885417 0.029167 0.037500
0 0.234896 0.930729 0.055208 0.038542
0 0.549479 0.517708 0.036458 0.043750
0 0.695312 0.547917 0.040625 0.041667
0 0.235937 0.786458 0.038542 0.047917
0 0.155729 0.561458 0.026042 0.039583
0 0.496875 0.881250 0.047917 0.050000
0 0.570312 0.298438 0.038542 0.046875
0 0.439063 0.144271 0.046875 0.038542
0 0.801042 0.474479 0.043750 0.048958
0 0.538021 0.490104 0.051042 0.053125
0 0.629687 0.482812 0.044792 0.055208
0 0.182292 0.369792 0.041667 0.031250
0 0.874479 0.691146 0.026042 0.040625
0 0.473438 0.313021 0.040625 0.055208
0 0.191667 0.731250 0.045833 0.029167
0 0.895312 0.189583 0.046875 0.043750
0 0.394271 0.250521 0.051042 0.055208
0 0.161979 0.095833 0.042708 0.047917
0 0.834896 0.580729 0.040625 0.044792
0 0.938021 0.534375 0.044792 0.033333
0 0.905208 0.273958 0.041667 0.027083
0 0.539583 0.150521 0.039583 0.036458
0 0.308854 0.332813 0.048958 0.046875
0 0.434375 0.931250 0.050000 0.050000
0 0.848958 0.199479 0.047917 0.048958
0 0.510938 0.260417 0.053125 0.043750
0 0.200521 0.520833 0.036458 0.037500
0 0.434896 0.876563 0.046875 0.040625
0 0.429167 0.533854 0.029167 0.044792
0 0.715104 0.469271 0.040625 0.051042
0 0.890625 0.729688 0.043750 0.030208
0 0.333333 0.550521 0.035417 0.053125
0 0.305729 0.777083 0.034375 0.016667
0 0.779687 0.677604 0.042708 0.044792
0 0.850521 0.646875 0.053125 0.039583
0 0.089583 0.387500 0.045833 0.043750
0 0.697396 0.663021 0.030208 0.048958
0 0.528125 0.736979 0.029167 0.044792
0 0.280208 0.291146 0.054167 0.044792
0 0.610938 0.445312 0.034375 0.040625
0 0.179167 0.499479 0.033333 0.040625
0 0.436458 0.559896 0.047917 0.032292
0 0.851042 0.493229 0.047917 0.046875
0 0.206250 0.829167 0.045833 0.029167
0 0.896354 0.768229 0.048958 0.046875
0 0.533333 0.963542 0.033333 0.037500
0 0.406250 0.840104 0.054167 0.036458
0 0.918229 0.310937 0.046875 0.038542
0 0.196875 0.482292 0.043750 0.035417
0 0.509896 0.080208 0.028125 0.039583
0 0.843750 0.919271 0.027083 0.040625
0 0.844792 0.870833 0.041667 0.025000
0 0.638021 0.965104 0.028125 0.051042
0 0.217188 0.096875 0.036458 0.047917
0 0.294792 0.914583 0.031250 0.037500
0 0.522396 0.373958 0.053125 0.041667
0 0.904167 0.833333 0.033333 0.016667
0 0.366667 0.268229 0.033333 0.040625
0 0.788021 0.614062 0.044792 0.026042
0 0.829688 0.914583 0.053125 0.045833
0 0.755208 0.952604 0.054167 0.044792
0 0.908854 0.175000 0.048958 0.052083
0 0.183333 0.205208 0.020833 0.035417
0 0.436458 0.614062 0.050000 0.026042
0 0.628125 0.327083 0.045833 0.045833
0 0.438542 0.126562 0.039583 0.030208
0 0.450000 0.304688 0.050000 0.053125
0 0.357812 0.649479 0.040625 0.019792
0 0.256250 0.771875 0.041667 0.037500
0 0.751042 0.294271 0.054167 0.042708
0 0.889583 0.528646 0.027083 0.040625
0 0.175521 0.883854 0.051042 0.040625
0 0.756771 0.475000 0.030208 0.039583
0 0.413542 0.266146 0.035417 0.053125
0 0.841146 0.646875 0.051042 0.050000
0 0.970313 0.736458 0.051042 0.047917
0 0.622917 0.917188 0.047917 0.053125
0 0.602083 0.840625 0.018750 0.035417
0 0.867188 0.939063 0.032292 0.046875
0 0.404687 0.797396 0.044792 0.040625
0 0.285938 0.456250 0.032292 0.052083
0 0.535417 0.673958 0.037500 0.041667
0 0.754167 0.671354 0.027083 0.042708
0 0.623437 0.711979 0.036458 0.040625
0 0.953125 0.271875 0.027083 0.043750
0 0.275000 0.463542 0.037500 0.022917
0 0.820312 0.681771 0.044792 0.042708
0 0.473958 0.309896 0.043750 0.055208
0 0.183854 0.380208 0.053125 0.045833
0 0.356771 0.733333 0.036458 0.043750
0 0.513542 0.184375 0.037500 0.031250
0 0.738021 0.599479 0.034375 0.051042
0 0.516667 0.889062 0.039583 0.048958
0 0.098437 0.669271 0.044792 0.040625
0 0.252083 0.482292 0.037500 0.035417
0 0.539583 0.242708 0.047917 0.052083
0 0.898438 0.269792 0.034375 0.037500
0 0.490625 0.660417 0.025000 0.037500
0 0.100521 0.906771 0.040625 0.026042
0 0.885938 0.329167 0.034375 0.047917
0 0.441146 0.456250 0.053125 0.039583
0 0.615625 0.500521 0.050000 0.042708
0 0.531771 0.632292 0.038542 0.031250
0 0.441146 0.510417 0.038542 0.035417
0 0.564063 0.138542 0.040625 0.041667
0 0.675521 0.149479 0.055208 0.046875
0 0.713542 0.177083 0.025000 0.041667
0 0.489583 0.644792 0.043750 0.045833
0 0.248438 0.959375 0.042708 0.037500
0 0.696875 0.621354 0.045833 0.048958
0 0.841146 0.442708 0.048958 0.041667
0 0.125521 0.826042 0.053125 0.035417
0 0.815104 0.081250 0.038542 0.043750
0 0.671875 0.175000 0.033333 0.037500
0 0.696354 0.527083 0.026042 0.041667
0 0.248438 0.372917 0.019792 0.037500
0 0.765104 0.536458 0.038542 0.047917
0 0.773958 0.679167 0.043750 0.022917
0 0.413021 0.964063 0.055208 0.040625
0 0.697917 0.277083 0.039583 0.052083
0 0.306250 0.420833 0.050000 0.033333
0 0.866146 0.612500 0.021875 0.039583
0 0.255729 0.845833 0.042708 0.020833
0 0.449479 0.519271 0.040625 0.038542
0 0.718229 0.459375 0.040625 0.052083
0 0.847917 0.659375 0.037500 0.052083
0 0.202083 0.368229 0.047917 0.044792
0 0.908333 0.452604 0.045833 0.034375
0 0.550521 0.176042 0.048958 0.037500
0 0.285417 0.815104 0.039583 0.030208
0 0.306771 0.397396 0.021875 0.038542
0 0.628125 0.353646 0.045833 0.036458
0 0.417187 0.192188 0.051042 0.053125
0 0.148438 0.282292 0.032292 0.039583
0 0.194271 0.687500 0.038542 0.029167
0 0.892188 0.299479 0.040625 0.036458
0 0.352083 0.810417 0.039583 0.047917
0 0.474479 0.785417 0.034375 0.043750
0 0.586979 0.774479 0.046875 0.048958
0 0.582812 0.723437 0.036458 0.040625
0 0.464583 0.768750 0.041667 0.039583
0 0.098958 0.193750 0.037500 0.033333
0 0.456250 0.712500 0.047917 0.033333
0 0.765104 0.645833 0.042708 0.027083
0 0.554167 0.755729 0.041667 0.032292
0 0.098958 0.892708 0.043750 0.045833
0 0.612500 0.682813 0.039583 0.034375
0 0.880208 0.704167 0.020833 0.041667
0 0.834375 0.499479 0.029167 0.044792
0 0.120313 0.866146 0.023958 0.046875
0 0.520312 0.713021 0.048958 0.023958
0 0.879167 0.678646 0.054167 0.040625
0 0.736458 0.183333 0.050000 0.031250
0 0.392188 0.671875 0.042708 0.027083
0 0.829688 0.630208 0.030208 0.043750
0 0.135417 0.882812 0.027083 0.046875
0 0.255208 0.952604 0.039583 0.034375
0 0.968229 0.815625 0.044792 0.033333
0 0.915104 0.854688 0.034375 0.053125
0 0.511979 0.769792 0.038542 0.029167
0 0.855208 0.774479 0.047917 0.028125
0 0.663021 0.785417 0.034375 0.037500
0 0.527083 0.586979 0.029167 0.040625
0 0.159375 0.721875 0.037500 0.052083
0 0.650000 0.729167 0.031250 0.037500
0 0.217188 0.413542 0.048958 0.037500
0 0.258333 0.176563 0.043750 0.055208
0 0.545833 0.550521 0.033333 0.040625
0 0.445833 0.451562 0.033333 0.040625
0 0.173958 0.256250 0.041667 0.025000
0 0.789583 0.344792 0.052083 0.039583
0 0.467708 0.939063 0.043750 0.042708
0 0.489063 0.461458 0.038542 0.025000
0 0.821354 0.902604 0.048958 0.046875
0 0.245312 0.678646 0.026042 0.046875
0 0.559375 0.466146 0.043750 0.028125
0 0.595833 0.866667 0.018750 0.035417
0 0.946354 0.257292 0.046875 0.027083
0 0.152604 0.282292 0.036458 0.037500
0 0.100000 0.136979 0.043750 0.040625
0 0.109896 0.530208 0.023958 0.043750
0 0.894792 0.201042 0.043750 0.031250
0 0.716667 0.614062 0.047917 0.055208
0 0.467708 0.338021 0.043750 0.048958
0 0.160417 0.682292 0.039583 0.047917
0 0.480208 0.647917 0.018750 0.035417
0 0.542188 0.544792 0.036458 0.052083
0 0.427604 0.756771 0.051042 0.042708
0 0.211979 0.554167 0.038542 0.027083
0 0.296354 0.247396 0.044792 0.055208
0 0.271875 0.832812 0.035417 0.048958
0 0.516667 0.370833 0.052083 0.037500
0 0.847396 0.646875 0.042708 0.027083
0 0.203125 0.104688 0.050000 0.034375
0 0.172396 0.468750 0.053125 0.041667
0 0.145313 0.732292 0.036458 0.043750
0 0.518750 0.386979 0.054167 0.048958
0 0.494792 0.081771 0.027083 0.042708
0 0.339062 0.508333 0.040625 0.022917
0 0.791146 0.412500 0.038542 0.025000
0 0.106771 0.298438 0.030208 0.040625
0 0.861458 0.644271 0.054167 0.042708
0 0.476042 0.751042 0.052083 0.039583
0 0.844271 0.729688 0.044792 0.032292
0 0.666667 0.966146 0.041667 0.055208
0 0.873437 0.468229 0.044792 0.028125
0 0.553125 0.689583 0.043750 0.033333
0 0.222917 0.393750 0.041667 0.039583
0 0.250000 0.569792 0.045833 0.045833
0 0.519792 0.949479 0.033333 0.044792
0 0.897917 0.151042 0.045833 0.029167
0 0.703125 0.458333 0.043750 0.035417
0 0.961979 0.409896 0.032292 0.040625
0 0.196875 0.959896 0.043750 0.048958
0 0.263542 0.681771 0.020833 0.036458
0 0.722917 0.832812 0.050000 0.038542
0 0.325000 0.344792 0.029167 0.050000
0 0.673438 0.811458 0.053125 0.037500
0 0.266667 0.779167 0.037500 0.025000
0 0.538542 0.316667 0.039583 0.041667
0 0.940625 0.543750 0.037500 0.031250
0 0.150521 0.161458 0.028125 0.043750
0 0.695312 0.819271 0.048958 0.046875
0 0.762500 0.756250 0.027083 0.047917
0 0.402083 0.105208 0.045833 0.027083
0 0.517188 0.943229 0.046875 0.055208
0 0.864583 0.277083 0.029167 0.050000
0 0.290104 0.792188 0.046875 0.048958
0 0.679688 0.730208 0.048958 0.037500
0 0.970313 0.859375 0.046875 0.052083
0 0.943229 0.767708 0.040625 0.025000
0 0.867708 0.391146 0.025000 0.046875
0 0.517708 0.666146 0.045833 0.026042
0 0.943750 0.563542 0.050000 0.050000
0 0.686979 0.126042 0.046875 0.045833
0 0.753646 0.601562 0.038542 0.055208
0 0.433854 0.852604 0.036458 0.017708
0 0.651042 0.440625 0.033333 0.050000
0 0.298438 0.121354 0.032292 0.046875
0 0.418750 0.915625 0.047917 0.041667
0 0.370833 0.779687 0.035417 0.040625
0 0.376563 0.314583 0.021875 0.041667
0 0.609896 0.531771 0.021875 0.042708
0 0.596875 0.965104 0.031250 0.040625
0 0.931250 0.920833 0.043750 0.045833
0 0.411458 0.728646 0.035417 0.053125
0 0.609896 0.943750 0.042708 0.047917
0 0.205208 0.150000 0.041667 0.027083
0 0.291667 0.896354 0.050000 0.044792
0 0.544271 0.106250 0.046875 0.052083
0 0.643750 0.944792 0.033333 0.047917