0 0.327083 0.949479 0.033333 0.040625
0 0.754687 0.917708 0.021875 0.037500
0 0.073438 0.765625 0.021875 0.043750
0 0.064062 0.965104 0.023958 0.046875
0 0.269271 0.156771 0.051042 0.038542
0 0.115104 0.889062 0.032292 0.040625
0 0.258333 0.772917 0.043750 0.033333
0 0.673958 0.700521 0.054167 0.044792
0 0.272917 0.220312 0.041667 0.032292
0 0.398958 0.488021 0.050000 0.042708
0 0.127604 0.669792 0.044792 0.054167
0 0.411979 0.570833 0.042708 0.029167
0 0.441667 0.125000 0.041667 0.039583
0 0.312500 0.080208 0.018750 0.035417
0 0.260417 0.466146 0.050000 0.028125
0 0.424479 0.808333 0.030208 0.050000
0 0.543750 0.925521 0.031250 0.044792
0 0.487500 0.152604 0.043750 0.055208
0 0.283333 0.380729 0.045833 0.028125
0 0.090104 0.726562 0.040625 0.034375
0 0.171354 0.383854 0.036458 0.051042
0 0.858854 0.281771 0.046875 0.048958
0 0.531250 0.465625 0.031250 0.041667
0 0.682292 0.189062 0.039583 0.026042
0 0.489583 0.559375 0.029167 0.041667
0 0.510938 0.073438 0.040625 0.038542
0 0.692708 0.610417 0.039583 0.022917
0 0.086458 0.375521 0.041667 0.055208
0 0.113542 0.762500 0.035417 0.043750
0 0.143229 0.300521 0.046875 0.036458
0 0.766667 0.403125 0.045833 0.052083
0 0.162500 0.780208 0.050000 0.050000
0 0.119792 0.371875 0.027083 0.045833
0 0.789062 0.654687 0.040625 0.036458
0 0.464583 0.478646 0.037500 0.038542
0 0.942708 0.811979 0.022917 0.040625
0 0.794792 0.103646 0.039583 0.044792
0 0.435937 0.751042 0.036458 0.018750
0 0.761979 0.591667 0.048958 0.052083
0 0.400000 0.101562 0.035417 0.053125
0 0.822917 0.469792 0.041667 0.039583
0 0.765625 0.199479 0.020833 0.036458
0 0.914062 0.758333 0.051042 0.050000
0 0.555729 0.410938 0.044792 0.055208
0 0.586979 0.116667 0.030208 0.050000
0 0.522396 0.800521 0.030208 0.051042
0 0.348438 0.900521 0.030208 0.040625
0 0.263542 0.094792 0.037500 0.025000
0 0.456771 0.920312 0.040625 0.034375
0 0.607812 0.091146 0.044792 0.051042
0 0.626042 0.640104 0.041667 0.044792
0 0.870833 0.424479 0.050000 0.042708
0 0.835938 0.812500 0.038542 0.043750
0 0.310937 0.222917 0.042708 0.029167
0 0.945833 0.626563 0.039583 0.030208
0 0.713021 0.528646 0.046875 0.036458
0 0.789583 0.248958 0.045833 0.031250
0 0.666146 0.607292 0.021875 0.037500
0 0.842187 0.708333 0.036458 0.020833
0 0.889583 0.901563 0.047917 0.030208
0 0.194271 0.611979 0.038542 0.021875
0 0.779687 0.722396 0.036458 0.040625
0 0.184896 0.483333 0.028125 0.050000
0 0.846354 0.205729 0.040625 0.036458
0 0.176563 0.627604 0.042708 0.044792
0 0.754167 0.671354 0.045833 0.032292
0 0.759896 0.457292 0.044792 0.054167
0 0.606250 0.573438 0.041667 0.032292
0 0.266667 0.834375 0.037500 0.035417
0 0.718750 0.670833 0.047917 0.037500
0 0.739062 0.397396 0.036458 0.040625
0 0.923958 0.610938 0.039583 0.044792
0 0.483854 0.375521 0.055208 0.038542
0 0.250000 0.866146 0.043750 0.055208
0 0.144792 0.294792 0.043750 0.033333
0 0.895312 0.541667 0.032292 0.047917
0 0.776042 0.727604 0.041667 0.044792
0 0.801562 0.093750 0.021875 0.037500
0 0.327604 0.859896 0.040625 0.026042
0 0.245312 0.186979 0.044792 0.042708
0 0.890104 0.118229 0.030208 0.048958
0 0.684896 0.107813 0.051042 0.028125
0 0.078646 0.101562 0.028125 0.048958
0 0.589063 0.222396 0.032292 0.048958
0 0.116667 0.079167 0.043750 0.052083
0 0.159896 0.448958 0.042708 0.031250
0 0.703646 0.932813 0.038542 0.051042
0 0.886458 0.742708 0.047917 0.050000
0 0.828125 0.558854 0.031250 0.040625
0 0.620833 0.697396 0.022917 0.038542
0 0.663021 0.752083 0.048958 0.027083
0 0.608854 0.091146 0.044792 0.048958
0 0.132292 0.252604 0.035417 0.053125
0 0.199479 0.618229 0.042708 0.021875
0 0.931771 0.500000 0.028125 0.039583
0 0.400521 0.284375 0.023958 0.047917
0 0.398958 0.501042 0.045833 0.043750
0 0.663021 0.113021 0.040625 0.038542
0 0.253646 0.410938 0.044792 0.040625
0 0.257812 0.557813 0.044792 0.040625
0 0.223438 0.728646 0.032292 0.053125
0 0.197917 0.629167 0.027083 0.047917
0 0.214062 0.371875 0.038542 0.033333
0 0.605729 0.195312 0.030208 0.053125
0 0.589063 0.461979 0.044792 0.042708
0 0.695312 0.180208 0.036458 0.022917
0 0.859375 0.102083 0.039583 0.041667
0 0.315625 0.239583 0.043750 0.033333
0 0.191667 0.470833 0.031250 0.037500
0 0.240104 0.624479 0.044792 0.051042
0 0.490104 0.510417 0.053125 0.035417
0 0.140625 0.662500 0.039583 0.052083
0 0.753125 0.303646 0.050000 0.044792
0 0.736979 0.152604 0.040625 0.044792
0 0.599479 0.942187 0.048958 0.055208
0 0.398958 0.180208 0.037500 0.043750
0 0.543229 0.241667 0.044792 0.047917
0 0.250521 0.100000 0.053125 0.045833
0 0.159375 0.416146 0.052083 0.051042
0 0.267708 0.373958 0.037500 0.031250
0 0.327083 0.795833 0.047917 0.033333
0 0.318750 0.505208 0.035417 0.018750
0 0.604688 0.310417 0.038542 0.047917
0 0.390625 0.728125 0.031250 0.043750
0 0.456250 0.121354 0.035417 0.044792
0 0.388021 0.318229 0.046875 0.038542
0 0.686979 0.553646 0.042708 0.023958
0 0.969271 0.930729 0.044792 0.040625
0 0.733854 0.415625 0.023958 0.041667
0 0.383333 0.189583 0.043750 0.033333
0 0.360417 0.417187 0.035417 0.044792
0 0.575521 0.216146 0.036458 0.040625
0 0.879167 0.082812 0.047917 0.046875
0 0.100000 0.136979 0.035417 0.053125
0 0.704167 0.251563 0.050000 0.042708
0 0.860417 0.289583 0.039583 0.020833
0 0.634896 0.908333 0.046875 0.043750
0 0.864062 0.850521 0.034375 0.046875
0 0.895312 0.381250 0.034375 0.037500
0 0.806771 0.692187 0.040625 0.026042
0 0.580208 0.451562 0.033333 0.048958
0 0.644792 0.796875 0.035417 0.020833
0 0.193229 0.498437 0.030208 0.040625
0 0.833333 0.593229 0.043750 0.048958
0 0.934375 0.516667 0.037500 0.029167
0 0.411979 0.455208 0.048958 0.039583
0 0.834896 0.359896 0.040625 0.038542
0 0.514062 0.643229 0.036458 0.055208
0 0.120833 0.187500 0.045833 0.045833
0 0.238021 0.806250 0.026042 0.039583
0 0.315625 0.630729 0.045833 0.038542
0 0.631250 0.111979 0.027083 0.048958
0 0.811979 0.423438 0.055208 0.044792
0 0.875000 0.294271 0.050000 0.044792
0 0.735417 0.409375 0.035417 0.020833
0 0.842187 0.801042 0.048958 0.035417
0 0.714583 0.071875 0.022917 0.035417
0 0.779687 0.311458 0.038542 0.043750
0 0.648958 0.665625 0.041667 0.037500
0 0.248958 0.472917 0.045833 0.045833
0 0.237500 0.678646 0.052083 0.051042
0 0.154167 0.600000 0.031250 0.037500
0 0.264062 0.251042 0.046875 0.043750
0 0.177604 0.714583 0.044792 0.045833
0 0.654167 0.538542 0.039583 0.020833
0 0.234375 0.075000 0.047917 0.037500
0 0.107813 0.442708 0.038542 0.025000
0 0.802604 0.091146 0.040625 0.026042
0 0.758333 0.629687 0.039583 0.038542
0 0.603125 0.314583 0.031250 0.050000
0 0.675521 0.935937 0.042708 0.044792
0 0.321354 0.641667 0.026042 0.050000
0 0.730729 0.121354 0.026042 0.046875
0 0.121354 0.139583 0.051042 0.047917
0 0.127083 0.886458 0.045833 0.045833
0 0.893750 0.418229 0.047917 0.032292
0 0.301563 0.065104 0.051042 0.026042
0 0.942708 0.409375 0.047917 0.039583
0 0.302604 0.597917 0.036458 0.047917
0 0.962500 0.783854 0.050000 0.044792
0 0.225000 0.907292 0.043750 0.025000
0 0.633854 0.161979 0.055208 0.046875
0 0.479167 0.809896 0.045833 0.034375
0 0.191667 0.722396 0.050000 0.044792
0 0.771875 0.635938 0.027083 0.046875
0 0.756771 0.808333 0.026042 0.041667
0 0.863021 0.205729 0.051042 0.042708
0 0.758854 0.640625 0.019792 0.039583
0 0.478646 0.589583 0.021875 0.039583
0 0.756771 0.236979 0.040625 0.055208
0 0.718750 0.473958 0.029167 0.045833
0 0.523958 0.202604 0.041667 0.048958
0 0.543229 0.938021 0.028125 0.044792
0 0.144792 0.856250 0.043750 0.052083
0 0.118750 0.801562 0.039583 0.036458
0 0.765104 0.948958 0.036458 0.020833
0 0.835938 0.861458 0.036458 0.052083
0 0.831250 0.908854 0.043750 0.028125
0 0.150000 0.743229 0.033333 0.040625
0 0.167187 0.442188 0.051042 0.036458
0 0.159375 0.792188 0.043750 0.028125
0 0.563021 0.251042 0.051042 0.033333
0 0.590104 0.700521 0.040625 0.038542
0 0.440625 0.263542 0.033333 0.043750
0 0.377604 0.384375 0.042708 0.025000
0 0.250000 0.666667 0.037500 0.022917
0 0.640625 0.304167 0.029167 0.050000
0 0.341146 0.469271 0.055208 0.051042
0 0.378646 0.702083 0.044792 0.033333
0 0.148438 0.688021 0.051042 0.038542
0 0.253125 0.958854 0.039583 0.028125
0 0.735938 0.751563 0.040625 0.032292
0 0.437500 0.471354 0.037500 0.044792
0 0.305208 0.341146 0.043750 0.042708
0 0.125000 0.598958 0.047917 0.025000
0 0.685937 0.334896 0.040625 0.046875
0 0.737500 0.564583 0.027083 0.047917
0 0.314583 0.670312 0.039583 0.036458
0 0.225521 0.099479 0.044792 0.055208
0 0.085938 0.826562 0.042708 0.044792
0 0.841667 0.131771 0.045833 0.034375
0 0.627604 0.476042 0.036458 0.022917
0 0.838542 0.760417 0.037500 0.035417
0 0.198958 0.958333 0.041667 0.041667
0 0.507292 0.899479 0.029167 0.044792
0 0.281250 0.664583 0.052083 0.037500
0 0.543750 0.416146 0.050000 0.034375
0 0.379688 0.167187 0.034375 0.046875
0 0.437500 0.612500 0.041667 0.039583
0 0.345313 0.697917 0.042708 0.054167
0 0.557292 0.631250 0.037500 0.035417
0 0.466146 0.350521 0.046875 0.038542
0 0.571875 0.951042 0.022917 0.043750
0 0.902604 0.290104 0.038542 0.040625
0 0.455208 0.954688 0.016667 0.034375
0 0.561979 0.250000 0.023958 0.041667
0 0.135937 0.725000 0.036458 0.020833
0 0.585938 0.667708 0.038542 0.031250
0 0.270313 0.465625 0.048958 0.052083
0 0.817187 0.376042 0.046875 0.045833
0 0.718750 0.744271 0.043750 0.042708
0 0.253646 0.563021 0.038542 0.021875
0 0.378125 0.346875 0.050000 0.031250
0 0.947917 0.772396 0.031250 0.044792
0 0.802604 0.538542 0.051042 0.031250
0 0.635417 0.315625 0.043750 0.031250
0 0.791667 0.600521 0.050000 0.053125
0 0.151042 0.556250 0.047917 0.039583
0 0.138021 0.238542 0.038542 0.043750
0 0.316146 0.772396 0.038542 0.051042
0 0.113021 0.477604 0.046875 0.038542
0 0.520312 0.107292 0.053125 0.043750
0 0.647917 0.596354 0.050000 0.042708
0 0.209896 0.707292 0.046875 0.043750
0 0.182292 0.327083 0.045833 0.029167
0 0.092708 0.118229 0.052083 0.034375
0 0.308854 0.877604 0.040625 0.019792
0 0.539062 0.833854 0.038542 0.021875
0 0.534896 0.361458 0.038542 0.035417
0 0.203646 0.399479 0.038542 0.040625
0 0.661458 0.098958 0.047917 0.041667
0 0.093750 0.360417 0.052083 0.035417
0 0.807813 0.252604 0.036458 0.055208
0 0.148438 0.429688 0.032292 0.048958
0 0.342708 0.328125 0.047917 0.039583
0 0.247917 0.210417 0.037500 0.025000
0 0.422396 0.679688 0.038542 0.046875
0 0.925521 0.632812 0.030208 0.044792
0 0.118750 0.272917 0.035417 0.037500
0 0.732292 0.539583 0.043750 0.033333
0 0.287500 0.566146 0.043750 0.048958
0 0.276562 0.580208 0.042708 0.027083
0 0.650521 0.410417 0.046875 0.052083
0 0.143750 0.819271 0.050000 0.038542
0 0.434896 0.470313 0.051042 0.036458
0 0.650521 0.167708 0.048958 0.052083
0 0.236458 0.596354 0.041667 0.044792
0 0.758333 0.774479 0.052083 0.053125
0 0.548958 0.363021 0.039583 0.053125
0 0.330729 0.871875 0.044792 0.052083
0 0.170833 0.390104 0.050000 0.038542
0 0.287500 0.118229 0.047917 0.032292
0 0.375000 0.544792 0.047917 0.039583
0 0.604688 0.206771 0.030208 0.040625
0 0.770833 0.559375 0.045833 0.052083
0 0.604167 0.668229 0.039583 0.038542
0 0.131250 0.446875 0.041667 0.027083
0 0.681250 0.491667 0.037500 0.035417
0 0.944792 0.240625 0.039583 0.052083
0 0.768229 0.965625 0.053125 0.039583
0 0.232292 0.240104 0.050000 0.053125
0 0.181250 0.651042 0.047917 0.041667
0 0.918229 0.802604 0.036458 0.046875
0 0.322917 0.898438 0.054167 0.036458
0 0.903125 0.713021 0.045833 0.038542
0 0.576042 0.107292 0.045833 0.045833
0 0.771875 0.622917 0.052083 0.041667
0 0.838542 0.434375 0.045833 0.052083
0 0.309896 0.921354 0.051042 0.026042
0 0.481771 0.445833 0.030208 0.050000
0 0.353646 0.453125 0.023958 0.041667
0 0.426042 0.744271 0.043750 0.030208
0 0.679688 0.367708 0.038542 0.025000
0 0.423958 0.355729 0.047917 0.046875
0 0.758333 0.306771 0.022917 0.040625
0 0.131250 0.638542 0.033333 0.047917
0 0.392188 0.328125 0.040625 0.020833
0 0.211458 0.510417 0.052083 0.043750
0 0.130729 0.234896 0.040625 0.036458
0 0.108854 0.652083 0.046875 0.052083
0 0.735938 0.522917 0.034375 0.016667
0 0.846875 0.846354 0.052083 0.032292
0 0.789062 0.442708 0.040625 0.047917
0 0.416667 0.405208 0.041667 0.039583
0 0.329688 0.438542 0.034375 0.016667
0 0.896354 0.524479 0.046875 0.038542
0 0.137500 0.095312 0.022917 0.040625
0 0.816146 0.757812 0.044792 0.030208
0 0.631771 0.488542 0.044792 0.035417
0 0.514583 0.527604 0.039583 0.044792
0 0.352083 0.181250 0.047917 0.027083
0 0.521354 0.356771 0.040625 0.032292
0 0.504687 0.707292 0.038542 0.025000
0 0.452083 0.773438 0.025000 0.046875
0 0.456771 0.679688 0.051042 0.044792
0 0.900000 0.932813 0.050000 0.040625
0 0.941667 0.215104 0.052083 0.032292
0 0.507812 0.208333 0.032292 0.043750
0 0.608854 0.710417 0.044792 0.033333
0 0.651563 0.553125 0.048958 0.041667
0 0.940104 0.178125 0.042708 0.027083
0 0.824479 0.844271 0.032292 0.053125
0 0.551042 0.909896 0.029167 0.048958
0 0.899479 0.400521 0.032292 0.048958
0 0.379167 0.214062 0.039583 0.019792
0 0.911458 0.390104 0.041667 0.021875
0 0.651563 0.888542 0.038542 0.027083
0 0.635938 0.813021 0.044792 0.055208
0 0.241146 0.831771 0.034375 0.051042
0 0.386458 0.661979 0.031250 0.040625
0 0.625521 0.195312 0.051042 0.040625
0 0.334896 0.677604 0.051042 0.044792
0 0.661458 0.177083 0.037500 0.035417
0 0.490104 0.288021 0.048958 0.030208
0 0.136979 0.439063 0.038542 0.040625
0 0.172917 0.195312 0.029167 0.046875
0 0.201042 0.096354 0.045833 0.026042
0 0.233854 0.248958 0.036458 0.020833
0 0.501563 0.382812 0.040625 0.055208
0 0.329167 0.965104 0.054167 0.042708
0 0.842708 0.243750 0.039583 0.022917
0 0.778646 0.443229 0.034375 0.040625
0 0.291667 0.815625 0.041667 0.039583
0 0.932813 0.684896 0.055208 0.042708
0 0.540104 0.252604 0.023958 0.046875
0 0.741146 0.426042 0.034375 0.052083
0 0.710938 0.240104 0.040625 0.030208
0 0.088542 0.199479 0.029167 0.044792
0 0.518229 0.209896 0.030208 0.048958
0 0.410417 0.945833 0.052083 0.039583
0 0.565625 0.321354 0.022917 0.044792
0 0.650521 0.354167 0.021875 0.037500
0 0.708854 0.728646 0.053125 0.032292
0 0.529167 0.315625 0.031250 0.041667
0 0.774479 0.834375 0.030208 0.043750
0 0.660417 0.340104 0.050000 0.044792
0 0.421354 0.339062 0.028125 0.040625
0 0.905208 0.405729 0.047917 0.055208
0 0.879687 0.633333 0.032292 0.043750
0 0.854688 0.078125 0.038542 0.033333
0 0.109896 0.314583 0.036458 0.018750
0 0.677083 0.588542 0.020833 0.035417
0 0.265625 0.548438 0.037500 0.019792
0 0.572396 0.170313 0.055208 0.048958
0 0.476042 0.253125 0.020833 0.035417
0 0.333333 0.269271 0.043750 0.055208
0 0.529687 0.821875 0.036458 0.037500
0 0.340625 0.137500 0.047917 0.041667
0 0.353125 0.819792 0.050000 0.050000
0 0.323958 0.178125 0.033333 0.037500
0 0.116667 0.205208 0.037500 0.047917
0 0.817187 0.536979 0.044792 0.051042
0 0.788021 0.271875 0.038542 0.025000
0 0.586458 0.086979 0.052083 0.053125
0 0.617188 0.107813 0.036458 0.046875
0 0.313021 0.138542 0.046875 0.045833
0 0.395833 0.525521 0.050000 0.036458
0 0.159375 0.352604 0.050000 0.038542
0 0.259375 0.897396 0.043750 0.030208
0 0.382812 0.933333 0.036458 0.043750
0 0.910937 0.823438 0.036458 0.046875
0 0.811458 0.591146 0.022917 0.038542
0 0.715104 0.083854 0.021875 0.038542
0 0.928646 0.182812 0.040625 0.032292
0 0.949479 0.777604 0.040625 0.038542
0 0.214062 0.170833 0.023958 0.041667
0 0.541146 0.329167 0.036458 0.043750
0 0.431771 0.619792 0.042708 0.029167
0 0.150000 0.214062 0.054167 0.044792
0 0.709375 0.198958 0.045833 0.029167
0 0.425000 0.229167 0.050000 0.050000
0 0.716146 0.860417 0.044792 0.025000
0 0.636458 0.326042 0.033333 0.037500
0 0.115104 0.368229 0.055208 0.040625
0 0.942708 0.130729 0.039583 0.053125
0 0.463021 0.577604 0.051042 0.042708
0 0.381771 0.180208 0.044792 0.047917
0 0.089063 0.536458 0.040625 0.041667
0 0.127604 0.416667 0.036458 0.020833
0 0.477604 0.660937 0.028125 0.048958
0 0.719271 0.714063 0.048958 0.046875
0 0.752604 0.909375 0.032292 0.052083
0 0.213021 0.263021 0.038542 0.046875
0 0.687500 0.942708 0.037500 0.031250
0 0.360938 0.368750 0.026042 0.050000
0 0.586458 0.439583 0.027083 0.037500
0 0.510938 0.833333 0.038542 0.025000
0 0.813021 0.400000 0.026042 0.045833
0 0.527604 0.240104 0.042708 0.044792
0 0.307812 0.679167 0.026042 0.037500
0 0.864062 0.412500 0.040625 0.020833
0 0.840104 0.311458 0.044792 0.022917
0 0.822396 0.883333 0.042708 0.031250
0 0.792708 0.423958 0.018750 0.037500
0 0.668229 0.159375 0.040625 0.020833
0 0.830729 0.269271 0.055208 0.038542
0 0.223438 0.169271 0.051042 0.044792
0 0.508854 0.771354 0.051042 0.026042
0 0.483854 0.682813 0.046875 0.036458
0 0.773958 0.611458 0.041667 0.047917
0 0.941667 0.203125 0.041667 0.041667
0 0.359375 0.811458 0.029167 0.050000
0 0.461458 0.756771 0.035417 0.040625
0 0.286979 0.801562 0.040625 0.030208
0 0.450000 0.243229 0.045833 0.026042
0 0.394271 0.909896 0.028125 0.051042
0 0.879687 0.951562 0.038542 0.019792
0 0.234896 0.606250 0.032292 0.052083
0 0.152083 0.396875 0.047917 0.050000
0 0.573958 0.710938 0.037500 0.044792
0 0.824479 0.303646 0.036458 0.055208
0 0.785417 0.263542 0.039583 0.052083
0 0.347396 0.943229 0.046875 0.034375
0 0.196354 0.394792 0.051042 0.029167
0 0.581771 0.348438 0.032292 0.044792
0 0.734375 0.586979 0.043750 0.055208
0 0.430729 0.671354 0.038542 0.019792
0 0.159375 0.391667 0.041667 0.041667
0 0.789062 0.797396 0.053125 0.034375
0 0.682813 0.127083 0.044792 0.035417
0 0.242708 0.208854 0.027083 0.046875
0 0.508333 0.948958 0.035417 0.052083
0 0.693750 0.453646 0.022917 0.038542
0 0.353646 0.859896 0.046875 0.055208
0 0.143229 0.442708 0.048958 0.025000
0 0.207292 0.686979 0.039583 0.026042
0 0.538021 0.695833 0.028125 0.043750
0 0.853125 0.435417 0.043750 0.027083
0 0.874479 0.946354 0.042708 0.044792
0 0.116146 0.369792 0.046875 0.045833
0 0.570312 0.185938 0.055208 0.046875
0 0.636458 0.970313 0.025000 0.044792
0 0.936979 0.103646 0.055208 0.038542
0 0.933854 0.200521 0.046875 0.038542
0 0.601042 0.657292 0.045833 0.045833
0 0.542708 0.467187 0.033333 0.040625
0 0.663021 0.956771 0.055208 0.046875
0 0.515625 0.845833 0.035417 0.020833
0 0.453125 0.145313 0.054167 0.042708
0 0.879687 0.546354 0.032292 0.048958
0 0.625000 0.288542 0.039583 0.022917
0 0.777604 0.760938 0.038542 0.051042
0 0.579167 0.851562 0.047917 0.030208
0 0.956250 0.792188 0.043750 0.055208
0 0.363021 0.917188 0.055208 0.048958
0 0.783333 0.894271 0.043750 0.048958
0 0.265104 0.445312 0.046875 0.034375
0 0.356771 0.828125 0.053125 0.041667
0 0.075521 0.157812 0.040625 0.028125
0 0.580208 0.939583 0.047917 0.039583
0 0.491667 0.713542 0.025000 0.037500
0 0.710417 0.893229 0.054167 0.048958
0 0.171354 0.772917 0.036458 0.037500
0 0.163542 0.805208 0.045833 0.043750
0 0.262500 0.964063 0.035417 0.044792
0 0.442188 0.494792 0.030208 0.047917
0 0.376563 0.893229 0.028125 0.051042
0 0.897396 0.771354 0.051042 0.053125
0 0.486979 0.695312 0.055208 0.044792
0 0.199479 0.225521 0.046875 0.026042
0 0.606250 0.339062 0.039583 0.023958
0 0.909896 0.392708 0.042708 0.037500
0 0.643229 0.832812 0.042708 0.044792
0 0.810417 0.881771 0.045833 0.048958
0 0.946875 0.447917 0.052083 0.037500
0 0.319271 0.799479 0.040625 0.055208
0 0.592187 0.301563 0.040625 0.026042
0 0.646354 0.490625 0.053125 0.039583
0 0.719271 0.195312 0.044792 0.030208
0 0.094271 0.389583 0.021875 0.039583
0 0.458854 0.075521 0.051042 0.026042
0 0.345313 0.732292 0.040625 0.022917
0 0.230208 0.934896 0.043750 0.028125
0 0.274479 0.140625 0.053125 0.041667
0 0.380208 0.477604 0.033333 0.048958