0 0.938021 0.750521 0.051042 0.038542
0 0.596875 0.401562 0.050000 0.053125
0 0.474479 0.433854 0.040625 0.036458
0 0.266667 0.104688 0.043750 0.048958
0 0.697917 0.966667 0.033333 0.043750
0 0.478646 0.508854 0.051042 0.036458
0 0.448958 0.529687 0.031250 0.040625
0 0.680729 0.388542 0.038542 0.031250
0 0.238542 0.495312 0.043750 0.055208
0 0.708854 0.302083 0.048958 0.052083
0 0.288542 0.540104 0.043750 0.040625
0 0.663021 0.530729 0.044792 0.028125
0 0.645312 0.178125 0.053125 0.045833
0 0.409896 0.321875 0.030208 0.039583
0 0.121354 0.152083 0.034375 0.047917
0 0.971354 0.845313 0.055208 0.038542
0 0.619271 0.700521 0.040625 0.038542
0 0.243750 0.486979 0.031250 0.040625
0 0.304167 0.166146 0.037500 0.044792
0 0.728646 0.778646 0.038542 0.038542
0 0.138542 0.324479 0.045833 0.036458
0 0.327083 0.260417 0.043750 0.022917
0 0.783333 0.144271 0.029167 0.044792
0 0.198958 0.112500 0.045833 0.027083
0 0.570833 0.708854 0.054167 0.048958
0 0.514583 0.898958 0.037500 0.027083
0 0.761979 0.299479 0.040625 0.036458
0 0.894792 0.752083 0.045833 0.043750
0 0.331250 0.117708 0.039583 0.041667
0 0.606250 0.478125 0.039583 0.020833
0 0.314583 0.470313 0.041667 0.042708
0 0.313542 0.755208 0.052083 0.035417
0 0.401042 0.952083 0.052083 0.043750
0 0.322917 0.273958 0.037500 0.052083
0 0.697917 0.463021 0.047917 0.030208
0 0.751563 0.722396 0.055208 0.038542
0 0.265625 0.420833 0.052083 0.035417
0 0.324479 0.748437 0.040625 0.028125
0 0.526042 0.874479 0.041667 0.044792
0 0.694792 0.694271 0.045833 0.026042
0 0.370312 0.666146 0.046875 0.038542
0 0.191146 0.782813 0.040625 0.036458
0 0.644271 0.603125 0.051042 0.031250
0 0.635938 0.603125 0.036458 0.020833
0 0.928646 0.906250 0.040625 0.041667
0 0.697396 0.071875 0.038542 0.027083
0 0.706771 0.145313 0.055208 0.051042
0 0.502083 0.751042 0.033333 0.043750
0 0.590625 0.934375 0.050000 0.031250
0 0.514583 0.616146 0.047917 0.032292
0 0.281771 0.603646 0.044792 0.055208
0 0.352604 0.160417 0.046875 0.045833
0 0.886458 0.509896 0.037500 0.048958
0 0.319271 0.305729 0.042708 0.021875
0 0.869792 0.723958 0.041667 0.047917
0 0.126562 0.110417 0.046875 0.031250
0 0.129167 0.375000 0.041667 0.029167
0 0.599479 0.783854 0.044792 0.040625
0 0.337500 0.617708 0.037500 0.047917
0 0.254688 0.692187 0.038542 0.046875
0 0.711458 0.933333 0.041667 0.029167
0 0.459375 0.788021 0.029167 0.046875
0 0.697396 0.443750 0.036458 0.020833
0 0.723958 0.731250 0.050000 0.047917
0 0.542188 0.479167 0.028125 0.045833
0 0.946354 0.308333 0.032292 0.047917
0 0.427604 0.460938 0.034375 0.048958
0 0.736979 0.245833 0.021875 0.043750
0 0.809375 0.452083 0.035417 0.020833
0 0.816667 0.251042 0.052083 0.045833
0 0.716667 0.781771 0.050000 0.040625
0 0.285938 0.326042 0.044792 0.047917
0 0.956771 0.225521 0.040625 0.036458
0 0.903125 0.327604 0.050000 0.044792
0 0.315104 0.294792 0.036458 0.018750
0 0.376563 0.356771 0.055208 0.038542
0 0.823438 0.418229 0.040625 0.030208
0 0.566146 0.383854 0.051042 0.040625
0 0.870313 0.812500 0.044792 0.052083
0 0.189062 0.211458 0.042708 0.031250
0 0.420312 0.272396 0.028125 0.044792
0 0.223438 0.402604 0.055208 0.044792
0 0.928646 0.300521 0.042708 0.044792
0 0.278125 0.203646 0.045833 0.023958
0 0.151042 0.941667 0.035417 0.018750
0 0.585938 0.670312 0.053125 0.051042
0 0.933333 0.739062 0.047917 0.046875
0 0.176042 0.129688 0.052083 0.034375
0 0.175000 0.255729 0.033333 0.044792
0 0.315104 0.278646 0.055208 0.046875
0 0.288542 0.331250 0.052083 0.033333
0 0.377083 0.559896 0.033333 0.044792
0 0.825000 0.604167 0.031250 0.037500
0 0.245833 0.503646 0.047917 0.023958
0 0.465625 0.685937 0.045833 0.055208
0 0.422396 0.270313 0.038542 0.046875
0 0.449479 0.882812 0.048958 0.044792
0 0.563021 0.417187 0.046875 0.034375
0 0.117188 0.498437 0.055208 0.036458
0 0.385417 0.814583 0.052083 0.039583
0 0.797917 0.414583 0.052083 0.037500
0 0.757292 0.819792 0.050000 0.047917
0 0.946875 0.827083 0.037500 0.025000
0 0.432292 0.875521 0.039583 0.019792
0 0.896875 0.132292 0.029167 0.045833
0 0.379167 0.195833 0.043750 0.052083
0 0.210938 0.345833 0.042708 0.029167
0 0.343229 0.939063 0.055208 0.046875
0 0.267708 0.731771 0.035417 0.044792
0 0.495833 0.604688 0.054167 0.046875
0 0.303125 0.566146 0.041667 0.021875
0 0.238542 0.233333 0.037500 0.041667
0 0.238542 0.530729 0.029167 0.044792
0 0.605729 0.348958 0.034375 0.052083
0 0.699479 0.091146 0.040625 0.051042
0 0.146354 0.423958 0.019792 0.037500
0 0.347917 0.594271 0.039583 0.044792
0 0.705208 0.852604 0.039583 0.055208
0 0.320833 0.421354 0.039583 0.030208
0 0.122917 0.383333 0.041667 0.029167
0 0.783854 0.444792 0.042708 0.054167
0 0.936979 0.735938 0.026042 0.046875
0 0.834375 0.785417 0.029167 0.045833
0 0.465625 0.420312 0.031250 0.051042
0 0.622917 0.556250 0.025000 0.039583
0 0.954167 0.447396 0.037500 0.038542
0 0.319271 0.375521 0.044792 0.055208
0 0.186979 0.117708 0.036458 0.043750
0 0.414583 0.307292 0.047917 0.037500
0 0.645312 0.524479 0.051042 0.026042
0 0.791146 0.790625 0.034375 0.039583
0 0.441146 0.203646 0.038542 0.046875
0 0.553125 0.451042 0.043750 0.037500
0 0.514583 0.332813 0.037500 0.038542
0 0.832812 0.836458 0.046875 0.031250
0 0.481771 0.533854 0.055208 0.051042
0 0.675000 0.396354 0.054167 0.042708
0 0.105208 0.134375 0.035417 0.037500
0 0.153125 0.812500 0.031250 0.050000
0 0.503125 0.417708 0.041667 0.047917
0 0.200521 0.915625 0.040625 0.041667
0 0.709375 0.688021 0.025000 0.044792
0 0.206250 0.281250 0.043750 0.031250
0 0.665625 0.435937 0.054167 0.038542
0 0.155729 0.511458 0.034375 0.039583
0 0.371875 0.190104 0.043750 0.030208
0 0.456250 0.086458 0.047917 0.039583
0 0.623437 0.247396 0.048958 0.030208
0 0.689063 0.922917 0.038542 0.047917
0 0.637500 0.857292 0.033333 0.050000
0 0.178646 0.304167 0.044792 0.037500
0 0.436979 0.645312 0.042708 0.021875
0 0.097396 0.554167 0.038542 0.043750
0 0.793750 0.519792 0.047917 0.027083
0 0.698438 0.083854 0.044792 0.048958
0 0.182292 0.157812 0.054167 0.048958
0 0.472396 0.248438 0.040625 0.023958
0 0.565104 0.338542 0.040625 0.047917
0 0.179688 0.833854 0.053125 0.030208
0 0.272917 0.183333 0.037500 0.025000
0 0.266146 0.242708 0.046875 0.022917
0 0.118229 0.282813 0.040625 0.034375
0 0.469792 0.404167 0.041667 0.027083
0 0.934375 0.347396 0.035417 0.048958
0 0.465104 0.098437 0.030208 0.040625
0 0.603125 0.858333 0.020833 0.035417
0 0.134896 0.714583 0.042708 0.039583
0 0.888021 0.281771 0.053125 0.032292
0 0.194271 0.325000 0.048958 0.035417
0 0.282292 0.525000 0.035417 0.020833
0 0.321875 0.773438 0.041667 0.021875
0 0.328646 0.236458 0.034375 0.052083
0 0.361979 0.914062 0.040625 0.028125
0 0.582292 0.405729 0.039583 0.032292
0 0.550521 0.239063 0.034375 0.053125
0 0.843229 0.600000 0.040625 0.047917
0 0.736979 0.578646 0.051042 0.036458
0 0.228125 0.409896 0.054167 0.036458
0 0.314063 0.898958 0.042708 0.037500
0 0.845313 0.139583 0.042708 0.029167
0 0.828125 0.506771 0.039583 0.028125
0 0.567187 0.550521 0.044792 0.040625
0 0.257292 0.598958 0.025000 0.043750
0 0.423438 0.137500 0.046875 0.045833
0 0.910937 0.154688 0.046875 0.040625
0 0.961458 0.369271 0.031250 0.048958
0 0.319271 0.562500 0.034375 0.043750
0 0.870833 0.700000 0.033333 0.052083
0 0.547917 0.333333 0.022917 0.035417
0 0.376042 0.515104 0.037500 0.040625
0 0.484896 0.581771 0.051042 0.040625
0 0.088021 0.557292 0.042708 0.037500
0 0.223438 0.801562 0.040625 0.030208
0 0.850000 0.485417 0.027083 0.037500
0 0.939063 0.930729 0.040625 0.036458
0 0.876563 0.101042 0.048958 0.027083
0 0.355208 0.808854 0.043750 0.042708
0 0.260937 0.682292 0.042708 0.041667
0 0.471875 0.441146 0.045833 0.055208
0 0.364063 0.796354 0.048958 0.044792
0 0.199479 0.871875 0.044792 0.027083
0 0.714063 0.144792 0.017708 0.035417
0 0.227083 0.243229 0.045833 0.040625
0 0.084896 0.858333 0.051042 0.031250
0 0.190104 0.717708 0.034375 0.043750
0 0.221354 0.602083 0.030208 0.039583
0 0.471875 0.209896 0.022917 0.038542
0 0.383333 0.890625 0.041667 0.039583
0 0.946354 0.327604 0.053125 0.053125
0 0.951562 0.948958 0.044792 0.045833
0 0.841667 0.742188 0.050000 0.044792
0 0.511979 0.797917 0.038542 0.031250
0 0.345833 0.451562 0.052083 0.030208
0 0.717708 0.889062 0.041667 0.044792
0 0.565104 0.120313 0.032292 0.048958
0 0.832812 0.103125 0.034375 0.039583
0 0.427083 0.507292 0.033333 0.037500
0 0.691146 0.087500 0.028125 0.050000
0 0.180208 0.311979 0.035417 0.044792
0 0.668750 0.634896 0.037500 0.038542
0 0.900521 0.333854 0.028125 0.044792
0 0.141146 0.640104 0.044792 0.051042
0 0.884375 0.856250 0.041667 0.039583
0 0.070312 0.282813 0.036458 0.040625
0 0.948958 0.386458 0.041667 0.047917
0 0.918229 0.158333 0.036458 0.037500
0 0.187500 0.703646 0.039583 0.026042
0 0.507292 0.635938 0.031250 0.048958
0 0.929167 0.566667 0.043750 0.037500
0 0.821354 0.676042 0.036458 0.037500
0 0.394271 0.665104 0.046875 0.038542
0 0.805208 0.514062 0.037500 0.023958
0 0.111458 0.597917 0.045833 0.043750
0 0.928125 0.407292 0.037500 0.022917
0 0.231250 0.964063 0.054167 0.040625
0 0.661979 0.390625 0.046875 0.043750
0 0.095833 0.583333 0.050000 0.031250
0 0.586458 0.806771 0.039583 0.036458
0 0.858333 0.633854 0.045833 0.038542
0 0.534896 0.378125 0.036458 0.052083
0 0.745833 0.767708 0.050000 0.050000
0 0.923958 0.381771 0.037500 0.048958
0 0.954167 0.539583 0.041667 0.039583
0 0.459896 0.930729 0.034375 0.046875
0 0.193229 0.425000 0.044792 0.025000
0 0.742708 0.812500 0.020833 0.035417
0 0.649479 0.600521 0.051042 0.042708
0 0.273438 0.418229 0.053125 0.051042
0 0.950000 0.076563 0.050000 0.034375
0 0.492188 0.163542 0.040625 0.041667
0 0.638542 0.755208 0.047917 0.037500
0 0.348958 0.676042 0.037500 0.035417
0 0.115104 0.510417 0.021875 0.041667
0 0.262500 0.190104 0.020833 0.040625
0 0.686458 0.479167 0.047917 0.025000
0 0.349479 0.494271 0.038542 0.038542
0 0.131771 0.317708 0.042708 0.027083
0 0.673958 0.092708 0.027083 0.037500
0 0.929167 0.181771 0.029167 0.051042
0 0.082292 0.526042 0.041667 0.039583
0 0.327604 0.322917 0.040625 0.054167
0 0.164583 0.438021 0.035417 0.053125
0 0.874479 0.145313 0.044792 0.040625
0 0.856250 0.517708 0.047917 0.052083
0 0.691146 0.500000 0.044792 0.047917
0 0.295312 0.833333 0.038542 0.031250
0 0.838542 0.806250 0.035417 0.020833
0 0.084896 0.891667 0.044792 0.045833
0 0.900521 0.969271 0.030208 0.044792
0 0.572917 0.570312 0.047917 0.046875
0 0.269792 0.704688 0.041667 0.032292
0 0.296354 0.247917 0.053125 0.043750
0 0.417708 0.309375 0.052083 0.033333
0 0.560417 0.683333 0.047917 0.035417
0 0.848958 0.658333 0.050000 0.050000
0 0.310937 0.561458 0.038542 0.025000
0 0.523958 0.867708 0.027083 0.045833
0 0.631771 0.903646 0.055208 0.040625
0 0.678646 0.473438 0.051042 0.036458
0 0.407292 0.672917 0.035417 0.037500
0 0.905208 0.259375 0.043750 0.045833
0 0.870313 0.785417 0.044792 0.033333
0 0.075000 0.872396 0.039583 0.034375
0 0.820833 0.489583 0.039583 0.047917
0 0.833854 0.319792 0.042708 0.027083
0 0.398958 0.328125 0.050000 0.050000
0 0.605208 0.771875 0.029167 0.041667
0 0.291667 0.226562 0.039583 0.044792
0 0.647396 0.959896 0.055208 0.038542
0 0.147917 0.896354 0.054167 0.040625
0 0.309896 0.234896 0.036458 0.046875
0 0.308854 0.395833 0.038542 0.022917
0 0.421354 0.201042 0.053125 0.045833
0 0.144792 0.631250 0.045833 0.052083
0 0.712500 0.923958 0.047917 0.052083
0 0.435937 0.230208 0.048958 0.035417
0 0.290625 0.793229 0.043750 0.026042
0 0.471875 0.570312 0.054167 0.048958
0 0.146875 0.393750 0.043750 0.035417
0 0.925521 0.944271 0.040625 0.026042
0 0.679167 0.392188 0.047917 0.053125
0 0.143750 0.712500 0.033333 0.043750
0 0.481771 0.709375 0.038542 0.052083
0 0.790104 0.291667 0.044792 0.033333
0 0.441667 0.224479 0.043750 0.030208
0 0.158333 0.138021 0.020833 0.038542
0 0.156250 0.863021 0.027083 0.040625
0 0.167187 0.569271 0.048958 0.023958
0 0.252083 0.130208 0.039583 0.025000
0 0.855208 0.450000 0.045833 0.029167
0 0.537500 0.416667 0.035417 0.037500
0 0.445833 0.506250 0.037500 0.022917
0 0.804688 0.274479 0.051042 0.040625
0 0.367188 0.875000 0.028125 0.050000
0 0.560417 0.552604 0.052083 0.051042
0 0.744271 0.337500 0.038542 0.027083
0 0.710417 0.561458 0.029167 0.041667
0 0.658333 0.673958 0.037500 0.041667
0 0.894792 0.530208 0.043750 0.052083
0 0.219792 0.314583 0.033333 0.037500
0 0.354687 0.778125 0.053125 0.041667
0 0.185417 0.653125 0.037500 0.035417
0 0.778125 0.697917 0.031250 0.041667
0 0.698438 0.852604 0.038542 0.038542
0 0.393229 0.471354 0.042708 0.044792
0 0.755208 0.384896 0.031250 0.044792
0 0.178125 0.251042 0.035417 0.047917
0 0.679167 0.351562 0.039583 0.036458
0 0.415625 0.541146 0.045833 0.038542
0 0.870833 0.625521 0.054167 0.040625
0 0.426042 0.484375 0.039583 0.047917
0 0.814583 0.936458 0.052083 0.037500
0 0.717708 0.759375 0.041667 0.037500
0 0.434375 0.928646 0.016667 0.034375
0 0.285938 0.743750 0.042708 0.047917
0 0.402083 0.254167 0.037500 0.031250
0 0.365625 0.392188 0.054167 0.040625
0 0.859896 0.854688 0.028125 0.044792
0 0.632812 0.494271 0.051042 0.030208
0 0.358333 0.858854 0.029167 0.040625
0 0.081771 0.691667 0.028125 0.043750
0 0.497917 0.528125 0.039583 0.022917
0 0.163542 0.165625 0.043750 0.033333
0 0.726042 0.745833 0.041667 0.052083
0 0.611979 0.135937 0.048958 0.046875
0 0.124479 0.371875 0.036458 0.037500
0 0.842187 0.932292 0.040625 0.041667
0 0.308333 0.120313 0.050000 0.034375
0 0.930208 0.471354 0.031250 0.048958
0 0.808854 0.696354 0.036458 0.046875
0 0.907292 0.408333 0.045833 0.045833
0 0.331771 0.288021 0.046875 0.048958
0 0.780729 0.413542 0.042708 0.047917
0 0.176563 0.658333 0.053125 0.035417
0 0.639062 0.951562 0.042708 0.023958
0 0.218750 0.731250 0.052083 0.039583
0 0.855729 0.588021 0.044792 0.044792
0 0.938542 0.766146 0.022917 0.038542
0 0.915625 0.250000 0.037500 0.031250
0 0.678125 0.370312 0.050000 0.038542
0 0.297917 0.497396 0.041667 0.044792
0 0.411979 0.228646 0.038542 0.040625
0 0.417708 0.951042 0.041667 0.047917
0 0.745313 0.473958 0.038542 0.022917
0 0.203125 0.749479 0.031250 0.044792
0 0.792188 0.838542 0.051042 0.047917
0 0.596354 0.124479 0.044792 0.040625
0 0.604688 0.833854 0.038542 0.021875
0 0.878646 0.620833 0.046875 0.043750
0 0.567708 0.195833 0.037500 0.018750
0 0.460938 0.207292 0.042708 0.027083
0 0.697396 0.546354 0.040625 0.036458
0 0.256771 0.221354 0.051042 0.036458
0 0.205729 0.687500 0.038542 0.033333
0 0.916667 0.372917 0.047917 0.041667
0 0.464062 0.347396 0.051042 0.034375
0 0.738542 0.905729 0.041667 0.055208
0 0.789062 0.354687 0.032292 0.040625
0 0.306250 0.336979 0.033333 0.040625
0 0.877604 0.564583 0.038542 0.043750
0 0.688542 0.846875 0.033333 0.037500
0 0.736458 0.136979 0.031250 0.044792
0 0.147396 0.775000 0.034375 0.039583
0 0.942708 0.719792 0.037500 0.047917
0 0.297396 0.263021 0.038542 0.055208
0 0.105729 0.325000 0.048958 0.027083
0 0.267708 0.448958 0.050000 0.029167
0 0.863542 0.231250 0.045833 0.031250
0 0.170313 0.717187 0.046875 0.048958
0 0.858333 0.147917 0.027083 0.037500
0 0.554167 0.931250 0.045833 0.031250
0 0.234896 0.103125 0.048958 0.052083
0 0.217708 0.546354 0.041667 0.042708
0 0.517188 0.585938 0.046875 0.048958
0 0.806250 0.346875 0.037500 0.043750
0 0.641146 0.697396 0.051042 0.038542
0 0.897396 0.383854 0.048958 0.046875
0 0.364583 0.625000 0.025000 0.043750
0 0.851562 0.739583 0.032292 0.047917
0 0.410417 0.817187 0.054167 0.046875
0 0.911458 0.792708 0.047917 0.035417
0 0.399479 0.240104 0.023958 0.042708
0 0.483854 0.157292 0.040625 0.052083
0 0.286458 0.278125 0.043750 0.022917
0 0.644271 0.089063 0.032292 0.048958
0 0.290104 0.907813 0.038542 0.051042
0 0.641146 0.413542 0.026042 0.039583
0 0.938021 0.943750 0.023958 0.045833
0 0.651563 0.390625 0.051042 0.050000
0 0.572396 0.321354 0.055208 0.044792
0 0.320312 0.864583 0.046875 0.045833
0 0.080208 0.196875 0.027083 0.047917
0 0.835938 0.813542 0.034375 0.047917
0 0.075000 0.431250 0.037500 0.027083
0 0.600521 0.691667 0.044792 0.052083
0 0.257812 0.087500 0.044792 0.035417
0 0.797396 0.228125 0.048958 0.037500
0 0.427083 0.565625 0.031250 0.050000
0 0.316146 0.192708 0.042708 0.047917
0 0.265625 0.083854 0.039583 0.034375
0 0.790625 0.735938 0.033333 0.048958
0 0.515104 0.282813 0.040625 0.036458
0 0.611458 0.531250 0.052083 0.045833
0 0.196354 0.129167 0.051042 0.031250
0 0.156250 0.505729 0.027083 0.046875
0 0.593229 0.842708 0.038542 0.035417
0 0.505208 0.426042 0.037500 0.035417
0 0.811979 0.780729 0.028125 0.048958
0 0.103646 0.310937 0.044792 0.028125
0 0.196354 0.523438 0.030208 0.053125
0 0.137500 0.100521 0.027083 0.048958
0 0.547396 0.216667 0.046875 0.045833
0 0.915625 0.764583 0.037500 0.035417
0 0.759896 0.273958 0.030208 0.047917
0 0.803646 0.822396 0.036458 0.046875
0 0.473958 0.370312 0.052083 0.030208
0 0.735417 0.772917 0.047917 0.052083
0 0.322396 0.758333 0.040625 0.041667
0 0.229167 0.402604 0.043750 0.048958
0 0.372396 0.491146 0.055208 0.046875
0 0.371875 0.846875 0.041667 0.039583
0 0.525000 0.492188 0.033333 0.044792
0 0.771875 0.490104 0.054167 0.048958
0 0.355208 0.606250 0.031250 0.050000
0 0.729688 0.721875 0.017708 0.035417
0 0.112500 0.335417 0.041667 0.052083
0 0.636979 0.555208 0.038542 0.018750
0 0.456250 0.657292 0.031250 0.050000
0 0.845833 0.773958 0.043750 0.033333
0 0.645312 0.502083 0.019792 0.035417
0 0.701042 0.068229 0.039583 0.032292
0 0.614062 0.249479 0.048958 0.048958
0 0.251563 0.326042 0.028125 0.039583
0 0.920312 0.392708 0.048958 0.039583
0 0.858333 0.389062 0.050000 0.026042
0 0.293229 0.640104 0.038542 0.023958
0 0.531771 0.333333 0.038542 0.022917
0 0.295833 0.359896 0.039583 0.034375
0 0.236458 0.612500 0.029167 0.041667
0 0.576042 0.303125 0.043750 0.045833
0 0.453125 0.601042 0.035417 0.037500
0 0.700000 0.681771 0.041667 0.021875
0 0.334375 0.176042 0.027083 0.037500
0 0.258854 0.789583 0.038542 0.047917
0 0.582292 0.291146 0.039583 0.023958
0 0.733333 0.196875 0.041667 0.047917
0 0.648438 0.222396 0.040625 0.044792
0 0.601042 0.096875 0.029167 0.045833
0 0.739062 0.561979 0.044792 0.044792
0 0.198437 0.484896 0.044792 0.042708
0 0.754687 0.804688 0.044792 0.040625
0 0.545833 0.589583 0.037500 0.035417
0 0.689583 0.933854 0.039583 0.028125
0 0.240104 0.216667 0.034375 0.043750
0 0.177083 0.294792 0.039583 0.020833
0 0.884896 0.082812 0.044792 0.032292
0 0.085938 0.170833 0.048958 0.039583
0 0.537500 0.147917 0.043750 0.035417
0 0.091146 0.510417 0.036458 0.037500
0 0.900521 0.752604 0.036458 0.051042
0 0.173958 0.859375 0.027083 0.037500
0 0.491146 0.668750 0.051042 0.029167
0 0.102604 0.429688 0.038542 0.040625
0 0.595833 0.227083 0.031250 0.050000
0 0.505729 0.334896 0.055208 0.048958
0 0.520833 0.723958 0.037500 0.031250
0 0.632812 0.175521 0.040625 0.028125
0 0.847917 0.894792 0.047917 0.035417
0 0.783854 0.335417 0.038542 0.025000
0 0.651563 0.245312 0.046875 0.048958
0 0.808333 0.120313 0.027083 0.048958
0 0.907292 0.740625 0.025000 0.037500
0 0.343229 0.141146 0.053125 0.053125
0 0.335417 0.241146 0.037500 0.040625
0 0.460938 0.453125 0.051042 0.031250
0 0.818229 0.130729 0.053125 0.051042
0 0.503125 0.522396 0.043750 0.030208
0 0.613021 0.923958 0.036458 0.037500
0 0.302604 0.198958 0.040625 0.054167
0 0.109896 0.802083 0.026042 0.045833
0 0.498958 0.456771 0.037500 0.021875
0 0.382812 0.943750 0.036458 0.043750
0 0.880729 0.406250 0.026042 0.047917
0 0.594792 0.611458 0.037500 0.047917
0 0.560417 0.121875 0.027083 0.037500
0 0.096354 0.261979 0.044792 0.051042
0 0.404687 0.856250 0.034375 0.047917
0 0.313542 0.240104 0.050000 0.044792
0 0.800521 0.233333 0.048958 0.027083
0 0.480729 0.245833 0.034375 0.039583
0 0.376563 0.804167 0.019792 0.037500
0 0.141667 0.922917 0.041667 0.027083
0 0.893750 0.444271 0.033333 0.044792
0 0.164062 0.339583 0.036458 0.037500
0 0.714063 0.438021 0.034375 0.051042
0 0.412500 0.823438 0.031250 0.051042
0 0.270313 0.612500 0.038542 0.031250
0 0.156250 0.425000 0.022917 0.037500
0 0.277604 0.796875 0.034375 0.037500
0 0.153646 0.263542 0.042708 0.027083
0 0.540625 0.811458 0.041667 0.047917
0 0.550521 0.385937 0.040625 0.044792
0 0.091146 0.185417 0.048958 0.037500
0 0.206771 0.958854 0.040625 0.055208
0 0.303646 0.520833 0.038542 0.047917
0 0.501042 0.770312 0.050000 0.036458
0 0.091667 0.623958 0.039583 0.041667
0 0.191667 0.327604 0.050000 0.053125
0 0.635417 0.628125 0.035417 0.037500
0 0.603646 0.152604 0.048958 0.055208
0 0.214583 0.213542 0.037500 0.035417
0 0.768229 0.178646 0.053125 0.053125
0 0.166146 0.236458 0.038542 0.029167
0 0.756771 0.214583 0.053125 0.043750
0 0.524479 0.461458 0.053125 0.043750
0 0.351562 0.403646 0.036458 0.046875
0 0.407292 0.134896 0.039583 0.023958
0 0.366146 0.866146 0.051042 0.028125
0 0.250000 0.891667 0.041667 0.029167
0 0.699479 0.832812 0.026042 0.044792
0 0.447396 0.951562 0.048958 0.023958
0 0.334375 0.272396 0.025000 0.042708
0 0.846875 0.621354 0.039583 0.030208
0 0.910417 0.619271 0.052083 0.032292
0 0.758854 0.685417 0.040625 0.047917
0 0.604688 0.306250 0.036458 0.047917
0 0.245312 0.140104 0.040625 0.036458
0 0.132292 0.119271 0.054167 0.040625
0 0.277083 0.091146 0.022917 0.040625
0 0.567708 0.248958 0.052083 0.035417
0 0.576562 0.276562 0.034375 0.051042
0 0.698958 0.713542 0.037500 0.035417
0 0.852083 0.425521 0.054167 0.048958
0 0.816667 0.753646 0.041667 0.048958
0 0.163542 0.547396 0.035417 0.017708
0 0.941146 0.452083 0.038542 0.035417
0 0.234375 0.314583 0.039583 0.020833
0 0.541667 0.864583 0.043750 0.037500
0 0.728125 0.736458 0.027083 0.047917
0 0.694792 0.806250 0.041667 0.037500
0 0.111979 0.424479 0.032292 0.048958
0 0.346875 0.526042 0.025000 0.047917
0 0.938021 0.091667 0.048958 0.039583
0 0.143750 0.628125 0.029167 0.045833
0 0.140625 0.107813 0.022917 0.040625
0 0.405729 0.344271 0.040625 0.032292
0 0.954167 0.700000 0.020833 0.035417
0 0.552604 0.100521 0.044792 0.032292
0 0.844271 0.412500 0.036458 0.018750
0 0.860938 0.145833 0.034375 0.043750
0 0.745833 0.792188 0.045833 0.055208
0 0.923958 0.376563 0.043750 0.030208
0 0.740104 0.835938 0.044792 0.042708
0 0.206771 0.407292 0.026042 0.041667
0 0.867708 0.491146 0.037500 0.044792
0 0.615625 0.128646 0.020833 0.040625
0 0.940625 0.554167 0.043750 0.027083
0 0.731771 0.553125 0.042708 0.025000
0 0.873437 0.823958 0.051042 0.047917
0 0.328646 0.475521 0.034375 0.040625
0 0.689063 0.959896 0.042708 0.023958
0 0.579167 0.541667 0.052083 0.037500
0 0.468229 0.556250 0.023958 0.047917
0 0.177604 0.088542 0.048958 0.041667
0 0.548958 0.436458 0.025000 0.037500
0 0.371875 0.550521 0.033333 0.048958
0 0.816667 0.855208 0.052083 0.035417
0 0.731771 0.534375 0.040625 0.022917
0 0.207813 0.765104 0.038542 0.051042
0 0.291146 0.459896 0.048958 0.046875
0 0.468229 0.723437 0.032292 0.040625
0 0.467708 0.097396 0.054167 0.044792
0 0.516146 0.230208 0.026042 0.041667
0 0.209375 0.720313 0.039583 0.055208
0 0.318229 0.308333 0.038542 0.047917
0 0.658854 0.439063 0.048958 0.055208
0 0.221875 0.482292 0.043750 0.033333
0 0.367708 0.323958 0.037500 0.018750
0 0.593750 0.439583 0.045833 0.029167
0 0.509896 0.845833 0.042708 0.031250
0 0.851562 0.323437 0.040625 0.055208
0 0.779687 0.856771 0.048958 0.030208
0 0.297396 0.706771 0.055208 0.042708
0 0.815104 0.876563 0.040625 0.034375
0 0.869271 0.957812 0.053125 0.034375
0 0.378646 0.291667 0.023958 0.037500