0 0.216667 0.375521 0.047917 0.053125
0 0.853646 0.410417 0.023958 0.045833
0 0.892708 0.554688 0.045833 0.026042
0 0.109896 0.694271 0.030208 0.048958
0 0.741667 0.915104 0.054167 0.048958
0 0.761458 0.339062 0.039583 0.055208
0 0.589583 0.169792 0.035417 0.043750
0 0.938021 0.213542 0.036458 0.052083
0 0.890104 0.773958 0.026042 0.041667
0 0.330729 0.845833 0.048958 0.035417
0 0.231771 0.602083 0.042708 0.027083
0 0.244792 0.395313 0.043750 0.040625
0 0.664583 0.509375 0.039583 0.047917
0 0.507292 0.108854 0.033333 0.044792
0 0.678646 0.364063 0.051042 0.053125
0 0.389583 0.153646 0.050000 0.034375
0 0.535417 0.296354 0.047917 0.032292
0 0.784375 0.792188 0.041667 0.032292
0 0.395313 0.849479 0.040625 0.032292
0 0.740104 0.936979 0.044792 0.028125
0 0.947917 0.378125 0.018750 0.035417
0 0.626563 0.903646 0.053125 0.034375
0 0.391146 0.633333 0.032292 0.052083
0 0.383854 0.203125 0.036458 0.037500
0 0.824479 0.514583 0.042708 0.027083
0 0.194792 0.638542 0.052083 0.043750
0 0.405208 0.918750 0.041667 0.025000
0 0.877604 0.864062 0.055208 0.040625
0 0.531771 0.621875 0.038542 0.031250
0 0.309896 0.759896 0.040625 0.028125
0 0.523958 0.448958 0.033333 0.043750
0 0.318750 0.610938 0.050000 0.034375
0 0.289583 0.827083 0.029167 0.041667
0 0.275521 0.588542 0.046875 0.031250
0 0.282292 0.822396 0.027083 0.040625
0 0.708854 0.540104 0.042708 0.051042
0 0.167187 0.249479 0.051042 0.038542
0 0.534375 0.448437 0.054167 0.042708
0 0.529687 0.876042 0.036458 0.052083
0 0.838542 0.907292 0.047917 0.039583
0 0.176042 0.316146 0.031250 0.048958
0 0.588542 0.473438 0.039583 0.036458
0 0.113021 0.189062 0.044792 0.026042
0 0.386458 0.084375 0.033333 0.043750
0 0.433854 0.307812 0.032292 0.053125
0 0.760417 0.452083 0.037500 0.041667
0 0.836979 0.826562 0.036458 0.040625
0 0.239063 0.764583 0.044792 0.052083
0 0.572396 0.181771 0.036458 0.051042
0 0.364583 0.131250 0.035417 0.037500
0 0.573958 0.128646 0.039583 0.028125
0 0.688021 0.691146 0.048958 0.032292
0 0.095312 0.262500 0.042708 0.025000
0 0.493229 0.926042 0.046875 0.031250
0 0.710938 0.092708 0.026042 0.037500
0 0.288542 0.676042 0.031250 0.037500
0 0.463542 0.370833 0.052083 0.035417
0 0.789583 0.473958 0.039583 0.052083
0 0.424479 0.244271 0.048958 0.055208
0 0.729688 0.153125 0.038542 0.029167
0 0.185417 0.291667 0.035417 0.020833
0 0.498958 0.185938 0.043750 0.040625
0 0.240104 0.518229 0.036458 0.040625
0 0.953125 0.820833 0.047917 0.025000
0 0.838021 0.337500 0.040625 0.041667
0 0.626563 0.804167 0.048958 0.039583
0 0.610417 0.134375 0.035417 0.020833
0 0.297396 0.922396 0.032292 0.048958
0 0.913542 0.740104 0.035417 0.048958
0 0.200521 0.859896 0.055208 0.040625
0 0.744792 0.855208 0.043750 0.045833
0 0.417708 0.428646 0.054167 0.040625
0 0.190104 0.620313 0.038542 0.046875
0 0.349479 0.175521 0.021875 0.038542
0 0.957812 0.119271 0.048958 0.055208
0 0.602083 0.495833 0.047917 0.027083
0 0.806771 0.333854 0.036458 0.040625
0 0.657292 0.104688 0.039583 0.036458
0 0.188021 0.831771 0.055208 0.044792
0 0.247917 0.278125 0.045833 0.043750
0 0.115104 0.797917 0.038542 0.027083
0 0.591146 0.126042 0.042708 0.031250
0 0.541146 0.409375 0.036458 0.052083
0 0.758854 0.822396 0.048958 0.030208
0 0.603646 0.644271 0.040625 0.044792
0 0.943229 0.880208 0.046875 0.027083
0 0.711979 0.078125 0.040625 0.052083
0 0.562500 0.448958 0.050000 0.031250
0 0.764583 0.378646 0.027083 0.051042
0 0.580729 0.175000 0.036458 0.018750
0 0.107292 0.914583 0.037500 0.052083
0 0.747917 0.167708 0.052083 0.041667
0 0.709896 0.954688 0.055208 0.048958
0 0.956771 0.184375 0.036458 0.043750
0 0.445312 0.270833 0.030208 0.039583
0 0.934375 0.790625 0.045833 0.043750
0 0.756250 0.505208 0.022917 0.043750
0 0.478125 0.202604 0.054167 0.048958
0 0.769271 0.171875 0.048958 0.052083
0 0.289583 0.935937 0.043750 0.048958
0 0.809375 0.765625 0.037500 0.031250
0 0.648438 0.781771 0.051042 0.038542
0 0.500000 0.957812 0.035417 0.053125
0 0.373437 0.308854 0.028125 0.051042
0 0.517708 0.805729 0.039583 0.028125
0 0.804688 0.385937 0.038542 0.046875
0 0.221354 0.813021 0.044792 0.026042
0 0.270833 0.732292 0.041667 0.037500
0 0.829167 0.445312 0.050000 0.042708
0 0.941146 0.773958 0.048958 0.027083
0 0.667188 0.195833 0.042708 0.031250
0 0.650521 0.313021 0.044792 0.042708
0 0.529687 0.855208 0.038542 0.043750
0 0.932292 0.542708 0.035417 0.020833
0 0.661458 0.370312 0.022917 0.038542
0 0.492708 0.772917 0.039583 0.025000
0 0.263542 0.247917 0.039583 0.041667
0 0.550521 0.648438 0.053125 0.053125
0 0.400000 0.835938 0.041667 0.048958
0 0.339062 0.468229 0.055208 0.040625
0 0.401042 0.877083 0.037500 0.035417
0 0.428646 0.134896 0.040625 0.032292
0 0.087500 0.110417 0.022917 0.043750
0 0.296354 0.159375 0.040625 0.047917
0 0.568229 0.843229 0.053125 0.051042
0 0.681250 0.114062 0.047917 0.048958
0 0.875000 0.083333 0.037500 0.043750
0 0.481250 0.438021 0.045833 0.034375
0 0.154167 0.391667 0.031250 0.037500
0 0.165625 0.440104 0.039583 0.036458
0 0.656250 0.429688 0.037500 0.053125
0 0.208854 0.839063 0.044792 0.055208
0 0.858854 0.263021 0.021875 0.042708
0 0.552604 0.338542 0.053125 0.045833
0 0.212500 0.869792 0.025000 0.037500
0 0.104167 0.955729 0.027083 0.042708
0 0.803125 0.172917 0.031250 0.041667
0 0.747917 0.931250 0.052083 0.043750
0 0.210417 0.873958 0.027083 0.047917
0 0.599479 0.676562 0.038542 0.046875
0 0.632812 0.606771 0.044792 0.040625
0 0.280729 0.964583 0.044792 0.045833
0 0.382812 0.219271 0.055208 0.042708
0 0.382292 0.488021 0.037500 0.053125
0 0.688542 0.444271 0.041667 0.023958
0 0.933333 0.327604 0.045833 0.026042
0 0.945833 0.211979 0.039583 0.038542
0 0.243750 0.709896 0.041667 0.021875
0 0.129688 0.613542 0.026042 0.037500
0 0.104167 0.703125 0.037500 0.035417
0 0.325000 0.442708 0.031250 0.045833
0 0.355729 0.408854 0.036458 0.040625
0 0.208333 0.606250 0.052083 0.041667
0 0.926042 0.686458 0.045833 0.033333
0 0.892708 0.877083 0.022917 0.037500
0 0.278125 0.130729 0.039583 0.038542
0 0.932813 0.717708 0.023958 0.043750
0 0.796354 0.336979 0.040625 0.026042
0 0.241146 0.497917 0.042708 0.031250
0 0.747917 0.339583 0.037500 0.033333
0 0.896354 0.675000 0.044792 0.035417
0 0.523958 0.420833 0.031250 0.043750
0 0.425521 0.096875 0.053125 0.035417
0 0.700000 0.529167 0.027083 0.041667
0 0.362500 0.210417 0.031250 0.037500
0 0.340625 0.440625 0.047917 0.027083
0 0.902083 0.567187 0.045833 0.055208
0 0.394792 0.289583 0.043750 0.033333
0 0.157812 0.521875 0.026042 0.045833
0 0.571875 0.206771 0.045833 0.048958
0 0.780208 0.864062 0.052083 0.032292
0 0.104688 0.733854 0.032292 0.044792
0 0.546354 0.524479 0.042708 0.023958
0 0.625521 0.729688 0.040625 0.034375
0 0.427083 0.463021 0.043750 0.042708
0 0.903125 0.257292 0.037500 0.029167
0 0.965625 0.725521 0.041667 0.048958
0 0.502604 0.330729 0.042708 0.021875
0 0.848437 0.098958 0.040625 0.041667
0 0.140625 0.726562 0.022917 0.042708
0 0.597396 0.597396 0.055208 0.048958
0 0.661458 0.118229 0.043750 0.030208
0 0.431250 0.395313 0.043750 0.055208
0 0.580729 0.902083 0.048958 0.041667
0 0.091146 0.292708 0.044792 0.027083
0 0.718750 0.428125 0.025000 0.047917
0 0.410417 0.718750 0.047917 0.037500
0 0.692708 0.898438 0.045833 0.026042
0 0.288542 0.722917 0.029167 0.045833
0 0.328125 0.756250 0.033333 0.045833
0 0.348438 0.219792 0.036458 0.043750
0 0.358333 0.510417 0.031250 0.037500
0 0.373958 0.113021 0.039583 0.032292
0 0.223438 0.750521 0.030208 0.048958
0 0.536458 0.407292 0.037500 0.025000
0 0.873958 0.778646 0.054167 0.046875
0 0.818750 0.722917 0.029167 0.045833
0 0.438021 0.482812 0.038542 0.051042
0 0.431771 0.569792 0.042708 0.031250
0 0.457292 0.933333 0.045833 0.043750
0 0.828125 0.887500 0.029167 0.045833
0 0.345313 0.603125 0.028125 0.050000
0 0.352604 0.642708 0.048958 0.041667
0 0.860417 0.686979 0.045833 0.023958
0 0.451042 0.180208 0.037500 0.029167
0 0.803125 0.097396 0.047917 0.046875
0 0.131250 0.770833 0.037500 0.029167
0 0.845313 0.873958 0.036458 0.043750
0 0.357292 0.200521 0.031250 0.048958
0 0.754167 0.366146 0.020833 0.040625
0 0.958333 0.577083 0.041667 0.037500
0 0.890625 0.517188 0.037500 0.038542
0 0.669792 0.759375 0.047917 0.050000
0 0.081771 0.600521 0.032292 0.046875
0 0.312500 0.113542 0.043750 0.037500
0 0.395313 0.352604 0.042708 0.055208
0 0.716146 0.827604 0.048958 0.055208
0 0.291146 0.814063 0.019792 0.038542
0 0.140625 0.541146 0.050000 0.026042
0 0.484375 0.155208 0.041667 0.039583
0 0.382812 0.605208 0.046875 0.043750
0 0.316146 0.833854 0.042708 0.044792
0 0.293229 0.421875 0.048958 0.027083
0 0.131771 0.483333 0.051042 0.031250
0 0.919792 0.794271 0.047917 0.046875
0 0.586458 0.193750 0.025000 0.043750
0 0.716146 0.256771 0.046875 0.048958
0 0.476562 0.128646 0.051042 0.055208
0 0.669792 0.316146 0.025000 0.042708
0 0.961458 0.477604 0.043750 0.055208
0 0.468229 0.320312 0.055208 0.038542
0 0.317188 0.539583 0.028125 0.050000
0 0.805729 0.390104 0.019792 0.038542
0 0.626042 0.147396 0.025000 0.044792
0 0.661458 0.210938 0.050000 0.038542
0 0.278125 0.962500 0.025000 0.037500
0 0.496875 0.426042 0.052083 0.043750
0 0.627604 0.646875 0.030208 0.050000
0 0.303125 0.742708 0.041667 0.039583
0 0.746875 0.519271 0.022917 0.040625
0 0.842187 0.082812 0.038542 0.046875
0 0.636979 0.290625 0.028125 0.041667
0 0.725000 0.528646 0.020833 0.036458
0 0.635938 0.925000 0.046875 0.022917
0 0.551042 0.175521 0.037500 0.048958
0 0.726042 0.211458 0.039583 0.020833
0 0.427083 0.591667 0.035417 0.052083
0 0.796875 0.496875 0.029167 0.037500
0 0.797917 0.660937 0.035417 0.044792
0 0.347917 0.478125 0.047917 0.041667
0 0.327604 0.445312 0.028125 0.051042
0 0.355729 0.799479 0.040625 0.032292
0 0.297396 0.930729 0.055208 0.044792
0 0.426042 0.530208 0.037500 0.033333
0 0.126562 0.421875 0.038542 0.043750
0 0.777604 0.689063 0.040625 0.051042
0 0.775521 0.229687 0.055208 0.048958
0 0.301042 0.304167 0.037500 0.033333
0 0.295833 0.201563 0.031250 0.053125
0 0.138021 0.278125 0.044792 0.054167
0 0.442708 0.440104 0.041667 0.021875
0 0.407292 0.901042 0.041667 0.039583
0 0.574479 0.841667 0.038542 0.029167
0 0.578646 0.695833 0.034375 0.043750
0 0.310937 0.729167 0.051042 0.031250
0 0.194792 0.284375 0.022917 0.035417
0 0.478646 0.384896 0.034375 0.051042
0 0.139583 0.275000 0.037500 0.033333
0 0.167708 0.472396 0.033333 0.040625
0 0.372396 0.553125 0.026042 0.050000
0 0.491146 0.551042 0.036458 0.052083
0 0.201563 0.296875 0.026042 0.047917
0 0.816146 0.875000 0.036458 0.022917
0 0.280208 0.154688 0.039583 0.044792
0 0.511979 0.488021 0.044792 0.055208
0 0.189062 0.529687 0.034375 0.053125
0 0.592187 0.091146 0.028125 0.044792
0 0.445312 0.648958 0.040625 0.020833
0 0.735938 0.513021 0.055208 0.046875
0 0.620313 0.546875 0.038542 0.052083
0 0.921354 0.895833 0.038542 0.035417
0 0.170313 0.717187 0.044792 0.032292
0 0.957292 0.086458 0.052083 0.039583
0 0.248958 0.707292 0.039583 0.041667
0 0.903646 0.344792 0.030208 0.043750
0 0.723437 0.842708 0.026042 0.041667
0 0.580208 0.616146 0.043750 0.048958
0 0.486979 0.409896 0.055208 0.040625
0 0.371875 0.232813 0.029167 0.046875
0 0.101562 0.668229 0.046875 0.038542
0 0.547917 0.665625 0.052083 0.039583
0 0.768229 0.916667 0.042708 0.037500
0 0.371875 0.747917 0.033333 0.043750
0 0.508333 0.267708 0.033333 0.047917
0 0.377083 0.448437 0.043750 0.026042
0 0.707812 0.470313 0.028125 0.048958
0 0.439583 0.321354 0.054167 0.042708
0 0.502083 0.439063 0.039583 0.038542
0 0.498958 0.107813 0.043750 0.048958
0 0.365625 0.853125 0.041667 0.027083
0 0.585938 0.229167 0.048958 0.025000
0 0.687500 0.941146 0.045833 0.026042
0 0.565104 0.192708 0.023958 0.047917
0 0.467187 0.954688 0.044792 0.030208
0 0.662500 0.518750 0.037500 0.031250
0 0.290104 0.125000 0.048958 0.035417
0 0.603646 0.609896 0.051042 0.040625
0 0.855208 0.452083 0.052083 0.043750
0 0.513021 0.088542 0.038542 0.043750
0 0.885938 0.417187 0.040625 0.044792
0 0.801562 0.689063 0.051042 0.038542
0 0.718750 0.493229 0.035417 0.048958
0 0.230729 0.403646 0.036458 0.040625
0 0.586458 0.662500 0.039583 0.022917
0 0.454167 0.720833 0.047917 0.027083
0 0.218229 0.893750 0.036458 0.037500
0 0.588021 0.843229 0.038542 0.051042
0 0.336458 0.258333 0.045833 0.043750
0 0.546875 0.535937 0.039583 0.034375
0 0.275000 0.343750 0.052083 0.047917
0 0.390625 0.880729 0.054167 0.048958
0 0.921875 0.444792 0.039583 0.041667
0 0.896354 0.396875 0.032292 0.043750
0 0.710938 0.107292 0.053125 0.043750
0 0.185417 0.445312 0.035417 0.048958
0 0.160417 0.654687 0.050000 0.034375
0 0.424479 0.626563 0.032292 0.044792
0 0.764583 0.368750 0.045833 0.043750
0 0.223438 0.350521 0.042708 0.051042
0 0.920312 0.534896 0.046875 0.038542
0 0.964063 0.531771 0.040625 0.032292
0 0.305208 0.383333 0.041667 0.039583
0 0.870833 0.845313 0.047917 0.023958
0 0.401562 0.647396 0.055208 0.042708
0 0.167708 0.692187 0.045833 0.040625
0 0.350521 0.083854 0.048958 0.032292
0 0.829688 0.643229 0.040625 0.026042
0 0.307292 0.364063 0.041667 0.021875
0 0.565625 0.423438 0.050000 0.028125
0 0.184375 0.266146 0.025000 0.042708
0 0.781771 0.291667 0.048958 0.039583
0 0.183333 0.734896 0.029167 0.044792
0 0.106250 0.936458 0.047917 0.037500
0 0.572917 0.621354 0.018750 0.036458
0 0.631250 0.752083 0.041667 0.025000
0 0.346875 0.092188 0.054167 0.048958
0 0.148958 0.192708 0.037500 0.035417
0 0.301042 0.610417 0.052083 0.035417
0 0.850000 0.910417 0.045833 0.045833
0 0.539583 0.267708 0.052083 0.035417
0 0.581250 0.375521 0.029167 0.051042
0 0.834896 0.419271 0.040625 0.038542
0 0.106771 0.236458 0.036458 0.037500
0 0.693750 0.252604 0.041667 0.044792
0 0.082292 0.361458 0.018750 0.035417
0 0.553125 0.366667 0.047917 0.037500
0 0.386979 0.808854 0.026042 0.044792
0 0.204687 0.938021 0.023958 0.040625
0 0.108854 0.160417 0.042708 0.037500
0 0.885938 0.217708 0.040625 0.047917
0 0.610938 0.242188 0.040625 0.032292
0 0.328646 0.922396 0.038542 0.051042
0 0.652604 0.263542 0.038542 0.027083
0 0.368229 0.529687 0.048958 0.028125
0 0.610938 0.378125 0.048958 0.037500
0 0.748958 0.445312 0.033333 0.040625
0 0.709375 0.887500 0.052083 0.037500
0 0.569792 0.648438 0.045833 0.026042
0 0.245833 0.598437 0.029167 0.044792
0 0.647396 0.721354 0.028125 0.051042
0 0.809375 0.858854 0.043750 0.040625
0 0.807813 0.244271 0.038542 0.019792
0 0.203125 0.342187 0.052083 0.030208
0 0.665625 0.596875 0.027083 0.047917
0 0.842187 0.501563 0.044792 0.044792
0 0.882292 0.072917 0.043750 0.022917
0 0.404167 0.881771 0.052083 0.030208
0 0.720833 0.504167 0.035417 0.037500
0 0.088021 0.858854 0.053125 0.034375
0 0.934375 0.543229 0.039583 0.032292
0 0.160417 0.902083 0.043750 0.025000
0 0.880729 0.894792 0.042708 0.054167
0 0.815625 0.682292 0.027083 0.037500
0 0.691667 0.360938 0.033333 0.048958
0 0.719792 0.069792 0.043750 0.035417
0 0.381250 0.139583 0.039583 0.020833
0 0.718229 0.341146 0.051042 0.053125
0 0.626563 0.075521 0.044792 0.040625
0 0.126562 0.877083 0.036458 0.037500
0 0.670833 0.547396 0.037500 0.040625
0 0.890625 0.564583 0.037500 0.047917
0 0.887500 0.659375 0.047917 0.050000
0 0.365625 0.137500 0.041667 0.039583
0 0.464583 0.118750 0.020833 0.035417
0 0.325000 0.743229 0.050000 0.036458
0 0.679167 0.274479 0.033333 0.040625
0 0.139063 0.080208 0.053125 0.037500
0 0.959896 0.715104 0.040625 0.055208
0 0.146875 0.230729 0.037500 0.040625
0 0.553125 0.405729 0.052083 0.032292
0 0.855208 0.441667 0.025000 0.043750
0 0.265104 0.603646 0.046875 0.048958
0 0.651563 0.720833 0.046875 0.031250
0 0.343750 0.934896 0.035417 0.040625
0 0.463542 0.511458 0.035417 0.043750
0 0.167708 0.410417 0.043750 0.022917
0 0.273438 0.741146 0.055208 0.048958
0 0.778125 0.678125 0.050000 0.033333
0 0.934896 0.853125 0.040625 0.041667
0 0.909896 0.299479 0.040625 0.038542
0 0.746354 0.881250 0.023958 0.043750
0 0.291667 0.753125 0.035417 0.037500
0 0.277604 0.820312 0.036458 0.046875
0 0.675521 0.385417 0.026042 0.039583
0 0.626563 0.533854 0.055208 0.046875
0 0.533333 0.747396 0.037500 0.040625
0 0.815104 0.388021 0.034375 0.048958
0 0.789062 0.685937 0.032292 0.048958
0 0.401562 0.134375 0.040625 0.043750
0 0.421354 0.639062 0.040625 0.051042
0 0.845313 0.573958 0.038542 0.052083
0 0.951562 0.371354 0.038542 0.038542
0 0.339583 0.291146 0.050000 0.034375
0 0.730208 0.678125 0.029167 0.045833
0 0.883854 0.193229 0.036458 0.051042
0 0.186979 0.320833 0.021875 0.043750
0 0.818750 0.188542 0.039583 0.022917
0 0.440104 0.334896 0.046875 0.055208
0 0.747396 0.149479 0.051042 0.034375
0 0.316667 0.552083 0.052083 0.039583
0 0.793750 0.255729 0.043750 0.048958
0 0.322917 0.295312 0.020833 0.042708
0 0.337500 0.892708 0.037500 0.025000
0 0.617708 0.271354 0.043750 0.048958
0 0.251563 0.109375 0.046875 0.043750
0 0.563542 0.331771 0.054167 0.040625
0 0.905729 0.944271 0.051042 0.038542
0 0.553125 0.507812 0.037500 0.044792
0 0.889583 0.575000 0.029167 0.045833
0 0.667708 0.816667 0.039583 0.020833
0 0.270833 0.565625 0.037500 0.033333
0 0.827083 0.225000 0.031250 0.045833
0 0.794792 0.654687 0.025000 0.042708
0 0.921875 0.168750 0.022917 0.043750
0 0.927604 0.879687 0.040625 0.030208
0 0.477604 0.276042 0.023958 0.043750
0 0.815625 0.898958 0.022917 0.037500
0 0.715625 0.510417 0.052083 0.037500
0 0.382812 0.157812 0.036458 0.040625
0 0.232813 0.372917 0.028125 0.045833
0 0.329688 0.568229 0.038542 0.051042
0 0.109375 0.833854 0.033333 0.044792
0 0.220833 0.404167 0.037500 0.035417
0 0.219271 0.318229 0.030208 0.048958
0 0.285417 0.464062 0.043750 0.028125
0 0.333854 0.855729 0.046875 0.038542
0 0.958333 0.446354 0.025000 0.038542
0 0.751042 0.178125 0.050000 0.031250
0 0.123438 0.810417 0.038542 0.027083
0 0.203646 0.082812 0.038542 0.038542
0 0.240625 0.343229 0.039583 0.034375
0 0.313542 0.627604 0.050000 0.042708
0 0.617188 0.814063 0.042708 0.023958
0 0.129167 0.806250 0.041667 0.052083
0 0.265625 0.914062 0.039583 0.048958
0 0.196354 0.821354 0.042708 0.044792
0 0.796875 0.333854 0.047917 0.046875
0 0.347396 0.565625 0.051042 0.050000
0 0.655208 0.865104 0.033333 0.040625
0 0.095833 0.209896 0.043750 0.026042
0 0.185417 0.191146 0.043750 0.026042
0 0.374479 0.541146 0.042708 0.051042
0 0.556250 0.453125 0.025000 0.037500
0 0.407292 0.608854 0.041667 0.021875
0 0.685417 0.425521 0.054167 0.044792
0 0.818750 0.381771 0.041667 0.044792
0 0.283333 0.266146 0.025000 0.042708
0 0.217708 0.491667 0.035417 0.052083
0 0.558854 0.351562 0.042708 0.051042
0 0.903125 0.379167 0.037500 0.041667
0 0.718229 0.883333 0.038542 0.018750
0 0.140104 0.136979 0.026042 0.051042
0 0.970833 0.269271 0.050000 0.053125
0 0.197917 0.357292 0.035417 0.047917
0 0.858333 0.590104 0.050000 0.038542
0 0.559896 0.505208 0.046875 0.043750
0 0.765625 0.298958 0.037500 0.035417
0 0.722917 0.271354 0.054167 0.042708
0 0.254167 0.519792 0.031250 0.037500
0 0.399479 0.109896 0.040625 0.038542
0 0.324479 0.394792 0.048958 0.037500
0 0.738542 0.311458 0.052083 0.035417
0 0.363021 0.472396 0.026042 0.040625
0 0.130729 0.614062 0.028125 0.044792
0 0.285938 0.791667 0.026042 0.050000
0 0.235417 0.600000 0.047917 0.041667
0 0.543750 0.903646 0.052083 0.032292
0 0.610417 0.282292 0.047917 0.041667
0 0.547396 0.494271 0.044792 0.051042
0 0.663542 0.362500 0.045833 0.052083
0 0.888542 0.792188 0.037500 0.044792
0 0.425000 0.451562 0.045833 0.038542
0 0.927604 0.558333 0.036458 0.047917
0 0.462500 0.134896 0.050000 0.040625
0 0.421354 0.898438 0.019792 0.040625
0 0.563021 0.714583 0.036458 0.047917
0 0.921354 0.771354 0.048958 0.048958
0 0.268229 0.425521 0.044792 0.055208
0 0.280208 0.423958 0.052083 0.041667
0 0.472917 0.511979 0.031250 0.053125
0 0.830729 0.529687 0.046875 0.036458
0 0.254167 0.188542 0.043750 0.025000
0 0.618750 0.483333 0.041667 0.039583
0 0.546875 0.355208 0.022917 0.039583
0 0.721354 0.526563 0.040625 0.028125
0 0.832292 0.082292 0.041667 0.020833
0 0.395313 0.161458 0.028125 0.039583
0 0.710417 0.569271 0.039583 0.048958
0 0.124479 0.389062 0.055208 0.038542
0 0.453125 0.156250 0.052083 0.037500
0 0.518229 0.784896 0.040625 0.055208
0 0.240625 0.670312 0.043750 0.026042
0 0.570312 0.565625 0.023958 0.037500
0 0.814063 0.498958 0.044792 0.033333
0 0.922396 0.717187 0.040625 0.032292
0 0.603125 0.632292 0.037500 0.027083
0 0.493229 0.555729 0.040625 0.036458
0 0.801042 0.714583 0.050000 0.050000
0 0.750521 0.274479 0.055208 0.046875
0 0.223958 0.548438 0.035417 0.040625
0 0.858333 0.597396 0.022917 0.042708
0 0.767188 0.772396 0.038542 0.023958
0 0.203646 0.463542 0.044792 0.045833
0 0.854167 0.836979 0.050000 0.042708
0 0.900521 0.732812 0.038542 0.040625
0 0.335938 0.333854 0.040625 0.032292
0 0.792188 0.279687 0.044792 0.040625
0 0.156250 0.611979 0.050000 0.036458
0 0.458854 0.614583 0.051042 0.033333
0 0.109375 0.738021 0.020833 0.036458
0 0.433854 0.353646 0.044792 0.032292
0 0.636979 0.123958 0.040625 0.020833
0 0.721875 0.706771 0.047917 0.044792
0 0.359375 0.723437 0.043750 0.030208
0 0.538542 0.410938 0.043750 0.040625
0 0.586458 0.557813 0.039583 0.036458
0 0.241667 0.209375 0.022917 0.045833
0 0.594792 0.303125 0.041667 0.047917
0 0.110937 0.736979 0.032292 0.040625
0 0.568750 0.644271 0.043750 0.030208
0 0.851562 0.827604 0.040625 0.030208
0 0.935417 0.795312 0.039583 0.048958
0 0.196354 0.800521 0.053125 0.051042
0 0.386979 0.489063 0.040625 0.051042
0 0.197917 0.567708 0.052083 0.041667
0 0.185938 0.146875 0.021875 0.037500
0 0.525000 0.951562 0.045833 0.026042
0 0.193229 0.896354 0.055208 0.036458
0 0.616667 0.536979 0.041667 0.021875
0 0.271354 0.960417 0.051042 0.050000
0 0.601562 0.667708 0.034375 0.037500
0 0.253125 0.168750 0.037500 0.027083
0 0.528646 0.068229 0.042708 0.023958
0 0.884375 0.941667 0.041667 0.031250
0 0.494792 0.316146 0.054167 0.044792
0 0.533333 0.805729 0.027083 0.046875
0 0.382812 0.365104 0.055208 0.046875
0 0.776563 0.551562 0.048958 0.046875
0 0.718750 0.917708 0.027083 0.037500
0 0.487500 0.633854 0.035417 0.044792
0 0.423438 0.228646 0.028125 0.051042
0 0.791146 0.391667 0.021875 0.037500
0 0.487500 0.489583 0.037500 0.047917
0 0.860938 0.819271 0.055208 0.036458
0 0.800000 0.198437 0.039583 0.048958
0 0.155729 0.517188 0.040625 0.038542
0 0.235417 0.538542 0.039583 0.041667
0 0.417708 0.351042 0.025000 0.037500
0 0.156771 0.611458 0.042708 0.047917
0 0.623958 0.692187 0.043750 0.040625
0 0.131771 0.896875 0.034375 0.047917
0 0.423438 0.364063 0.042708 0.055208
0 0.941146 0.274479 0.038542 0.019792
0 0.436979 0.647917 0.040625 0.025000
0 0.279687 0.827604 0.030208 0.053125
0 0.529167 0.791667 0.041667 0.025000
0 0.550521 0.729688 0.034375 0.048958
0 0.630208 0.701042 0.047917 0.027083
0 0.425000 0.382812 0.027083 0.042708
0 0.946875 0.904687 0.043750 0.048958
0 0.957292 0.099479 0.050000 0.044792
0 0.235417 0.094271 0.041667 0.023958
0 0.660417 0.332292 0.047917 0.037500
0 0.463021 0.225000 0.017708 0.035417
0 0.270833 0.375000 0.047917 0.037500
0 0.910417 0.442188 0.043750 0.040625
0 0.565625 0.338021 0.033333 0.053125
0 0.661458 0.496354 0.037500 0.048958
0 0.967708 0.089583 0.039583 0.041667
0 0.946875 0.669271 0.045833 0.023958
0 0.959375 0.234375 0.045833 0.027083
0 0.603646 0.202604 0.042708 0.055208
0 0.434896 0.534896 0.042708 0.051042
0 0.912500 0.418750 0.045833 0.043750
0 0.409896 0.641146 0.028125 0.044792
0 0.079687 0.784896 0.028125 0.040625
0 0.791146 0.360938 0.048958 0.046875
0 0.596875 0.561979 0.027083 0.042708
0 0.833854 0.592708 0.042708 0.027083
0 0.250000 0.928646 0.027083 0.046875
0 0.798438 0.883854 0.032292 0.053125
0 0.444792 0.438021 0.039583 0.038542
0 0.950521 0.629687 0.030208 0.044792
0 0.204687 0.177604 0.036458 0.046875
0 0.356250 0.950000 0.025000 0.039583
0 0.666146 0.475000 0.046875 0.043750
0 0.543750 0.613542 0.037500 0.031250
0 0.431771 0.376563 0.026042 0.044792
0 0.603646 0.354687 0.040625 0.028125
0 0.378646 0.703646 0.044792 0.030208
0 0.355208 0.276562 0.039583 0.026042
0 0.203646 0.546354 0.034375 0.053125
0 0.950000 0.786979 0.050000 0.053125
0 0.451562 0.417708 0.040625 0.041667
0 0.635417 0.606771 0.039583 0.034375
0 0.613542 0.373437 0.047917 0.032292
0 0.889062 0.210417 0.026042 0.039583
0 0.595833 0.282813 0.047917 0.046875
0 0.911979 0.077083 0.036458 0.047917
0 0.720833 0.776042 0.039583 0.047917
0 0.279167 0.145313 0.054167 0.044792
0 0.366667 0.964583 0.031250 0.037500
0 0.243750 0.655729 0.025000 0.042708
0 0.339062 0.818229 0.051042 0.034375
0 0.855729 0.342708 0.046875 0.045833
0 0.279687 0.389583 0.026042 0.039583
0 0.843229 0.242188 0.053125 0.053125
0 0.632292 0.258854 0.054167 0.046875
0 0.722396 0.805729 0.034375 0.040625
0 0.867188 0.135937 0.040625 0.044792
0 0.875521 0.261458 0.030208 0.039583
0 0.680208 0.182812 0.054167 0.048958
0 0.473958 0.889062 0.050000 0.053125
0 0.553125 0.542708 0.045833 0.043750
0 0.724479 0.235937 0.030208 0.044792
0 0.276562 0.468750 0.034375 0.047917
0 0.915104 0.092188 0.036458 0.051042
0 0.707292 0.565625 0.033333 0.047917
0 0.795312 0.296354 0.053125 0.051042
0 0.488021 0.243750 0.042708 0.039583
0 0.913021 0.941146 0.055208 0.036458
0 0.723437 0.406771 0.042708 0.044792
0 0.690625 0.753646 0.043750 0.030208
0 0.441146 0.630729 0.032292 0.048958
0 0.145833 0.687500 0.031250 0.045833
0 0.404167 0.838021 0.041667 0.032292
0 0.460417 0.773438 0.041667 0.048958
0 0.128125 0.869271 0.047917 0.046875
0 0.888021 0.539583 0.038542 0.027083
0 0.534896 0.939583 0.036458 0.022917
0 0.226042 0.731250 0.052083 0.041667
0 0.673438 0.954688 0.053125 0.032292
0 0.548958 0.474479 0.018750 0.036458
0 0.637500 0.278646 0.027083 0.046875
0 0.476562 0.292708 0.048958 0.039583
0 0.460938 0.652083 0.044792 0.035417
0 0.354687 0.840625 0.048958 0.025000
0 0.332292 0.197396 0.037500 0.023958
0 0.567187 0.473958 0.036458 0.043750
0 0.914583 0.568229 0.037500 0.044792
0 0.405208 0.616667 0.025000 0.041667
0 0.755208 0.231771 0.037500 0.023958
0 0.236979 0.170833 0.048958 0.052083
0 0.439583 0.672396 0.037500 0.048958
0 0.695312 0.711458 0.023958 0.037500
0 0.155208 0.736458 0.033333 0.047917
0 0.897917 0.616667 0.043750 0.027083
0 0.478125 0.109375 0.037500 0.041667
0 0.779687 0.332813 0.042708 0.051042
0 0.477083 0.742708 0.052083 0.033333
0 0.608333 0.635417 0.052083 0.043750
0 0.479167 0.219271 0.027083 0.042708
0 0.326562 0.635417 0.032292 0.047917
0 0.783333 0.673438 0.037500 0.021875
0 0.725521 0.262500 0.030208 0.050000
0 0.638542 0.318750 0.037500 0.029167
0 0.706250 0.840625 0.047917 0.041667
0 0.892188 0.571875 0.044792 0.047917
0 0.667188 0.470833 0.048958 0.037500
0 0.809375 0.415625 0.043750 0.035417
0 0.931771 0.842187 0.026042 0.051042
0 0.478125 0.438542 0.043750 0.025000
0 0.120833 0.776042 0.035417 0.043750
0 0.386458 0.104167 0.052083 0.035417
0 0.758333 0.542188 0.039583 0.044792
0 0.533333 0.551042 0.037500 0.031250
0 0.877604 0.283854 0.046875 0.048958
0 0.348958 0.376563 0.041667 0.055208
0 0.783333 0.203125 0.045833 0.052083
0 0.839063 0.919792 0.023958 0.041667
0 0.345833 0.501563 0.035417 0.053125
0 0.477083 0.096875 0.039583 0.020833
0 0.844271 0.505208 0.053125 0.041667
0 0.259375 0.820312 0.050000 0.053125
0 0.509896 0.759896 0.053125 0.053125
0 0.658854 0.915104 0.055208 0.038542
0 0.338021 0.850521 0.017708 0.036458
0 0.432292 0.434896 0.043750 0.042708
0 0.454167 0.907813 0.035417 0.053125