0 0.266146 0.279687 0.034375 0.046875
0 0.572396 0.381771 0.048958 0.032292
0 0.349479 0.677083 0.044792 0.054167
0 0.921354 0.858333 0.038542 0.025000
0 0.699479 0.603125 0.030208 0.047917
0 0.845833 0.276042 0.035417 0.020833
0 0.077083 0.247917 0.029167 0.045833
0 0.228646 0.374479 0.023958 0.040625
0 0.853125 0.417187 0.037500 0.038542
0 0.127604 0.108854 0.046875 0.034375
0 0.077604 0.498437 0.030208 0.040625
0 0.709896 0.466667 0.040625 0.041667
0 0.270833 0.175521 0.047917 0.046875
0 0.905729 0.507812 0.055208 0.046875
0 0.169792 0.863021 0.045833 0.048958
0 0.910417 0.079167 0.052083 0.041667
0 0.296354 0.464583 0.053125 0.045833
0 0.834896 0.741146 0.053125 0.051042
0 0.331250 0.493229 0.039583 0.030208
0 0.588021 0.519271 0.044792 0.044792
0 0.659896 0.527604 0.051042 0.042708
0 0.881771 0.778646 0.030208 0.044792
0 0.520833 0.672917 0.035417 0.020833
0 0.953646 0.953646 0.038542 0.051042
0 0.767708 0.177604 0.025000 0.046875
0 0.318750 0.075000 0.041667 0.020833
0 0.113542 0.545833 0.037500 0.035417
0 0.475521 0.747396 0.034375 0.053125
0 0.194271 0.332292 0.017708 0.035417
0 0.872396 0.154688 0.051042 0.042708
0 0.545833 0.946875 0.031250 0.037500
0 0.276042 0.123958 0.045833 0.043750
0 0.798958 0.383854 0.022917 0.040625
0 0.347396 0.510417 0.038542 0.025000
0 0.204687 0.303125 0.042708 0.029167
0 0.589583 0.668750 0.043750 0.033333
0 0.453125 0.532292 0.022917 0.039583
0 0.601042 0.358333 0.047917 0.052083
0 0.325521 0.160938 0.032292 0.040625
0 0.276562 0.671875 0.044792 0.035417
0 0.405208 0.458333 0.047917 0.037500
0 0.565104 0.413021 0.042708 0.021875
0 0.456250 0.373437 0.052083 0.053125
0 0.122917 0.414583 0.031250 0.050000
0 0.085417 0.912500 0.027083 0.037500
0 0.627604 0.461458 0.038542 0.033333
0 0.665104 0.203125 0.044792 0.047917
0 0.178125 0.236458 0.050000 0.033333
0 0.260417 0.859375 0.033333 0.050000
0 0.595313 0.649479 0.055208 0.046875
0 0.424479 0.429688 0.040625 0.026042
0 0.453125 0.636979 0.031250 0.040625
0 0.435937 0.693750 0.042708 0.029167
0 0.183854 0.860417 0.051042 0.033333
0 0.748437 0.782813 0.051042 0.053125
0 0.261458 0.709896 0.047917 0.053125
0 0.294792 0.563021 0.025000 0.046875
0 0.335938 0.129167 0.036458 0.037500
0 0.555208 0.254688 0.045833 0.038542
0 0.875521 0.272917 0.038542 0.033333
0 0.394792 0.250521 0.050000 0.042708
0 0.573958 0.477083 0.050000 0.047917
0 0.522917 0.672396 0.045833 0.026042
0 0.578646 0.445312 0.034375 0.048958
0 0.293229 0.234896 0.036458 0.017708
0 0.308854 0.173437 0.040625 0.036458
0 0.893750 0.523438 0.039583 0.030208
0 0.470313 0.166146 0.046875 0.036458
0 0.496875 0.583854 0.025000 0.042708
0 0.292187 0.134375 0.034375 0.047917
0 0.448958 0.395313 0.041667 0.055208
0 0.372917 0.167187 0.031250 0.051042
0 0.759375 0.861979 0.050000 0.028125
0 0.833333 0.334375 0.043750 0.045833
0 0.365625 0.425000 0.043750 0.052083
0 0.095833 0.318229 0.047917 0.055208
0 0.819792 0.623958 0.041667 0.052083
0 0.135937 0.358333 0.051042 0.047917
0 0.312500 0.215104 0.047917 0.046875
0 0.865104 0.703125 0.028125 0.039583
0 0.957292 0.916146 0.050000 0.040625
0 0.792188 0.657292 0.036458 0.043750
0 0.877083 0.867708 0.025000 0.037500
0 0.892188 0.904167 0.040625 0.041667
0 0.195833 0.860938 0.050000 0.053125
0 0.514062 0.825000 0.032292 0.047917
0 0.122917 0.684896 0.027083 0.046875
0 0.619792 0.316146 0.039583 0.030208
0 0.565104 0.507292 0.038542 0.035417
0 0.629687 0.691146 0.038542 0.040625
0 0.829688 0.955729 0.038542 0.023958
0 0.717708 0.268750 0.043750 0.022917
0 0.376563 0.403125 0.028125 0.041667
0 0.393750 0.861458 0.039583 0.041667
0 0.536979 0.923438 0.046875 0.055208
0 0.955208 0.843229 0.043750 0.055208
0 0.495833 0.751563 0.031250 0.053125
0 0.945833 0.123438 0.039583 0.023958
0 0.945833 0.837500 0.033333 0.037500
0 0.752604 0.922917 0.032292 0.052083
0 0.631250 0.686458 0.029167 0.041667
0 0.895833 0.389062 0.037500 0.021875
0 0.651563 0.799479 0.040625 0.026042
0 0.703125 0.155208 0.050000 0.047917
0 0.409375 0.825521 0.039583 0.026042
0 0.199479 0.487500 0.034375 0.047917
0 0.369271 0.613021 0.044792 0.032292
0 0.592187 0.850000 0.044792 0.035417
0 0.859375 0.125521 0.050000 0.038542
0 0.922396 0.284375 0.042708 0.031250
0 0.293750 0.558333 0.052083 0.043750
0 0.122917 0.572396 0.033333 0.040625
0 0.524479 0.095833 0.048958 0.033333
0 0.343750 0.243229 0.039583 0.030208
0 0.490625 0.538542 0.031250 0.041667
0 0.770833 0.541667 0.045833 0.043750
0 0.414062 0.900000 0.032292 0.052083
0 0.558854 0.222396 0.055208 0.044792
0 0.516146 0.568229 0.053125 0.051042
0 0.072396 0.747917 0.036458 0.037500
0 0.182812 0.384896 0.053125 0.034375
0 0.554688 0.090625 0.036458 0.020833
0 0.887500 0.101562 0.027083 0.042708
0 0.364063 0.933854 0.030208 0.044792
0 0.782292 0.340625 0.041667 0.031250
0 0.948438 0.140625 0.032292 0.047917
0 0.262500 0.594792 0.031250 0.037500
0 0.248958 0.579688 0.037500 0.040625
0 0.461458 0.594792 0.025000 0.043750
0 0.490104 0.954167 0.032292 0.043750
0 0.121354 0.905729 0.028125 0.044792
0 0.543750 0.482812 0.027083 0.046875
0 0.770312 0.964063 0.044792 0.055208
0 0.377604 0.496354 0.055208 0.040625
0 0.637500 0.925521 0.037500 0.019792
0 0.664062 0.258333 0.026042 0.047917
0 0.797396 0.798958 0.036458 0.037500
0 0.293229 0.532813 0.044792 0.051042
0 0.323437 0.597917 0.042708 0.025000
0 0.225521 0.875521 0.032292 0.053125
0 0.226562 0.859896 0.042708 0.044792
0 0.706771 0.509896 0.030208 0.048958
0 0.626563 0.484375 0.048958 0.041667
0 0.252604 0.594792 0.038542 0.043750
0 0.759896 0.243229 0.026042 0.046875
0 0.789062 0.247917 0.030208 0.043750
0 0.322917 0.839583 0.043750 0.022917
0 0.482292 0.248958 0.025000 0.037500
0 0.070833 0.485938 0.018750 0.036458
0 0.295833 0.526042 0.052083 0.037500
0 0.171875 0.566667 0.037500 0.031250
0 0.868229 0.426563 0.040625 0.036458
0 0.802604 0.589583 0.040625 0.052083
0 0.812500 0.273958 0.047917 0.037500
0 0.377604 0.879687 0.044792 0.042708
0 0.951042 0.730208 0.039583 0.052083
0 0.232813 0.155729 0.044792 0.042708
0 0.809375 0.096354 0.041667 0.044792
0 0.450000 0.723437 0.039583 0.038542
0 0.723437 0.365104 0.040625 0.036458
0 0.207292 0.557292 0.025000 0.037500
0 0.551562 0.566667 0.053125 0.035417
0 0.627083 0.768750 0.041667 0.039583
0 0.155729 0.192188 0.053125 0.034375
0 0.375000 0.723958 0.025000 0.037500
0 0.653125 0.644271 0.043750 0.042708
0 0.573958 0.822396 0.041667 0.021875
0 0.725521 0.880729 0.046875 0.055208
0 0.501042 0.820833 0.037500 0.029167
0 0.087500 0.535417 0.041667 0.029167
0 0.385417 0.289062 0.037500 0.044792
0 0.875000 0.563021 0.020833 0.036458
0 0.226562 0.117188 0.030208 0.048958
0 0.941146 0.286979 0.026042 0.051042
0 0.827604 0.381250 0.038542 0.052083
0 0.560937 0.911979 0.053125 0.032292
0 0.504687 0.263542 0.042708 0.027083
0 0.651563 0.838542 0.019792 0.039583
0 0.879687 0.491667 0.038542 0.027083
0 0.259896 0.810937 0.040625 0.032292
0 0.115625 0.819271 0.045833 0.032292
0 0.795312 0.409375 0.051042 0.033333
0 0.571354 0.709375 0.040625 0.041667
0 0.580208 0.310937 0.039583 0.038542
0 0.847396 0.397917 0.042708 0.033333
0 0.107292 0.313021 0.039583 0.030208
0 0.636979 0.967187 0.028125 0.048958
0 0.392708 0.876563 0.054167 0.040625
0 0.227604 0.175000 0.048958 0.035417
0 0.720833 0.565104 0.037500 0.044792
0 0.275000 0.749479 0.045833 0.026042
0 0.883854 0.347917 0.038542 0.029167
0 0.366146 0.650521 0.036458 0.017708
0 0.214062 0.432812 0.055208 0.040625
0 0.693229 0.507292 0.040625 0.041667
0 0.911979 0.767708 0.042708 0.054167
0 0.498958 0.735417 0.041667 0.037500
0 0.143229 0.428646 0.036458 0.040625
0 0.450521 0.366146 0.040625 0.028125
0 0.134375 0.584896 0.027083 0.038542
0 0.573438 0.328125 0.028125 0.050000
0 0.212500 0.575000 0.033333 0.043750
0 0.880208 0.158854 0.037500 0.048958
0 0.254688 0.922917 0.044792 0.022917
0 0.140625 0.766146 0.043750 0.042708
0 0.810937 0.783333 0.042708 0.039583
0 0.301563 0.232292 0.030208 0.047917
0 0.671875 0.894792 0.016667 0.033333
0 0.364583 0.507812 0.027083 0.046875
0 0.733333 0.726042 0.035417 0.037500
0 0.686979 0.321354 0.023958 0.042708
0 0.500521 0.338021 0.040625 0.023958
0 0.359896 0.343750 0.023958 0.045833
0 0.473958 0.366667 0.039583 0.025000
0 0.611458 0.149479 0.043750 0.040625
0 0.194271 0.414583 0.038542 0.043750
0 0.622396 0.468750 0.038542 0.029167
0 0.310937 0.125000 0.048958 0.041667
0 0.579688 0.946354 0.040625 0.044792
0 0.534896 0.439063 0.034375 0.046875
0 0.297396 0.394792 0.040625 0.022917
0 0.651042 0.340104 0.022917 0.040625
0 0.073438 0.288021 0.038542 0.055208
0 0.389583 0.302604 0.047917 0.028125
0 0.215104 0.176042 0.030208 0.043750
0 0.822396 0.126042 0.042708 0.031250
0 0.895833 0.481250 0.052083 0.041667
0 0.763542 0.705729 0.029167 0.048958
0 0.921354 0.258333 0.034375 0.016667
0 0.365625 0.946354 0.041667 0.032292
0 0.864062 0.836458 0.038542 0.043750
0 0.472917 0.152083 0.045833 0.031250
0 0.412500 0.648438 0.043750 0.040625
0 0.701562 0.185938 0.053125 0.053125
0 0.660417 0.921875 0.025000 0.037500
0 0.105208 0.082812 0.054167 0.036458
0 0.550521 0.443750 0.036458 0.037500
0 0.084375 0.091146 0.035417 0.044792
0 0.953125 0.513021 0.039583 0.030208
0 0.277604 0.118750 0.036458 0.037500
0 0.653125 0.122396 0.039583 0.036458
0 0.310417 0.247917 0.025000 0.041667
0 0.163542 0.840625 0.045833 0.052083
0 0.214062 0.399479 0.038542 0.055208
0 0.101042 0.738021 0.047917 0.030208
0 0.791146 0.097396 0.051042 0.038542
0 0.451042 0.744271 0.054167 0.038542
0 0.603125 0.532292 0.031250 0.037500
0 0.844271 0.291667 0.038542 0.035417
0 0.222396 0.597917 0.048958 0.027083
0 0.505208 0.138021 0.039583 0.048958
0 0.347396 0.543229 0.046875 0.038542
0 0.076563 0.119271 0.044792 0.032292
0 0.843229 0.443750 0.051042 0.047917
0 0.560417 0.349479 0.054167 0.036458
0 0.556250 0.959375 0.041667 0.025000
0 0.778646 0.824479 0.051042 0.036458
0 0.450000 0.879167 0.047917 0.035417
0 0.825000 0.326562 0.043750 0.055208
0 0.502083 0.209896 0.035417 0.044792
0 0.570833 0.870313 0.039583 0.044792
0 0.782292 0.511458 0.045833 0.052083
0 0.897917 0.492188 0.035417 0.048958
0 0.383854 0.854167 0.040625 0.047917
0 0.175000 0.934375 0.035417 0.020833
0 0.963542 0.327604 0.037500 0.053125
0 0.369271 0.476042 0.044792 0.025000
0 0.549479 0.932813 0.038542 0.051042
0 0.292708 0.633854 0.045833 0.038542
0 0.457292 0.311979 0.031250 0.040625
0 0.564583 0.113542 0.039583 0.041667
0 0.820833 0.808333 0.041667 0.039583
0 0.563021 0.875521 0.051042 0.042708
0 0.668229 0.585417 0.023958 0.041667
0 0.359375 0.505208 0.035417 0.037500
0 0.617188 0.900000 0.036458 0.018750
0 0.418229 0.742708 0.044792 0.025000
0 0.916667 0.213542 0.047917 0.035417
0 0.916667 0.273958 0.052083 0.039583
0 0.672396 0.476562 0.055208 0.044792
0 0.734896 0.941146 0.036458 0.051042
0 0.129167 0.347396 0.054167 0.042708
0 0.911458 0.163021 0.039583 0.028125
0 0.429167 0.100000 0.035417 0.043750
0 0.792188 0.494271 0.055208 0.040625
0 0.555208 0.677604 0.052083 0.034375
0 0.733333 0.761979 0.039583 0.036458
0 0.542708 0.813021 0.027083 0.046875
0 0.570833 0.316667 0.037500 0.031250
0 0.498958 0.274479 0.033333 0.048958
0 0.217708 0.661979 0.039583 0.026042
0 0.418750 0.073958 0.037500 0.022917
0 0.157812 0.758333 0.028125 0.043750
0 0.478646 0.887500 0.021875 0.041667
0 0.690104 0.670312 0.051042 0.042708
0 0.394271 0.580208 0.021875 0.037500
0 0.170833 0.773958 0.037500 0.033333
0 0.693750 0.676562 0.041667 0.021875
0 0.242708 0.412500 0.029167 0.045833
0 0.970313 0.207813 0.055208 0.042708
0 0.777604 0.100521 0.036458 0.055208
0 0.966146 0.514062 0.040625 0.032292
0 0.948438 0.839583 0.038542 0.035417
0 0.315625 0.848958 0.035417 0.037500
0 0.450521 0.136979 0.040625 0.051042
0 0.405208 0.216667 0.029167 0.037500
0 0.601562 0.142708 0.038542 0.043750
0 0.901042 0.262500 0.043750 0.052083
0 0.707812 0.254167 0.026042 0.037500
0 0.695312 0.752604 0.046875 0.038542
0 0.755208 0.685937 0.039583 0.026042
0 0.674479 0.558333 0.030208 0.039583
0 0.855729 0.850000 0.038542 0.029167
0 0.559896 0.711979 0.040625 0.036458
0 0.141667 0.636458 0.037500 0.035417
0 0.465104 0.743750 0.044792 0.022917
0 0.618750 0.863021 0.041667 0.023958
0 0.618229 0.921354 0.023958 0.046875
0 0.747917 0.586458 0.043750 0.052083
0 0.699479 0.321354 0.042708 0.044792
0 0.803125 0.822396 0.054167 0.048958
0 0.617188 0.150000 0.046875 0.045833
0 0.234375 0.511458 0.033333 0.047917
0 0.699479 0.915104 0.055208 0.046875
0 0.123958 0.152604 0.025000 0.038542
0 0.534896 0.600000 0.040625 0.022917
0 0.927083 0.218750 0.052083 0.047917
0 0.085417 0.904167 0.037500 0.027083
0 0.933854 0.758854 0.023958 0.042708
0 0.306771 0.956771 0.023958 0.040625
0 0.576562 0.464062 0.042708 0.021875
0 0.546875 0.625000 0.037500 0.027083
0 0.096875 0.867708 0.043750 0.033333
0 0.201042 0.419271 0.050000 0.034375
0 0.504687 0.202083 0.053125 0.035417
0 0.344792 0.251042 0.031250 0.050000
0 0.615625 0.083854 0.031250 0.048958
0 0.246354 0.326042 0.026042 0.039583
0 0.258854 0.536458 0.038542 0.027083
0 0.436458 0.875000 0.047917 0.025000
0 0.226562 0.742188 0.044792 0.051042
0 0.877604 0.405208 0.044792 0.033333
0 0.133854 0.287500 0.038542 0.035417
0 0.877604 0.788542 0.032292 0.039583
0 0.655729 0.626042 0.046875 0.052083
0 0.852604 0.405208 0.038542 0.043750
0 0.442188 0.919271 0.042708 0.023958
0 0.333333 0.902083 0.052083 0.037500
0 0.504687 0.453125 0.051042 0.033333
0 0.776563 0.148438 0.044792 0.040625
0 0.118229 0.604167 0.042708 0.031250
0 0.712500 0.839063 0.050000 0.053125
0 0.248438 0.436979 0.051042 0.036458
0 0.331250 0.595833 0.045833 0.029167
0 0.838021 0.926042 0.038542 0.031250
0 0.239583 0.194271 0.050000 0.042708
0 0.825000 0.482812 0.025000 0.048958
0 0.865625 0.403125 0.037500 0.052083
0 0.682292 0.389062 0.027083 0.038542
0 0.549479 0.362500 0.040625 0.020833
0 0.502083 0.205208 0.041667 0.052083
0 0.185417 0.367188 0.027083 0.042708
0 0.131250 0.869271 0.054167 0.048958
0 0.723437 0.272396 0.051042 0.038542
0 0.378646 0.869792 0.048958 0.041667
0 0.542188 0.111458 0.023958 0.041667
0 0.098958 0.351042 0.041667 0.039583
0 0.721875 0.859896 0.039583 0.053125
0 0.959896 0.456771 0.048958 0.046875
0 0.920312 0.595833 0.046875 0.029167
0 0.378646 0.666667 0.044792 0.052083
0 0.606250 0.668750 0.037500 0.027083
0 0.674479 0.084375 0.038542 0.035417
0 0.488542 0.219271 0.039583 0.034375
0 0.642188 0.591667 0.053125 0.043750
0 0.431250 0.922396 0.022917 0.040625
0 0.622396 0.904687 0.026042 0.040625
0 0.933854 0.797396 0.051042 0.038542
0 0.651042 0.601562 0.045833 0.034375
0 0.219271 0.162500 0.034375 0.039583
0 0.825000 0.320312 0.035417 0.048958
0 0.511979 0.195833 0.053125 0.043750
0 0.931250 0.672396 0.039583 0.053125
0 0.534375 0.395833 0.041667 0.027083
0 0.482812 0.068229 0.046875 0.028125
0 0.624479 0.125521 0.040625 0.030208
0 0.770833 0.322917 0.033333 0.050000
0 0.264062 0.511458 0.051042 0.033333
0 0.191146 0.115104 0.036458 0.055208
0 0.425000 0.568750 0.045833 0.043750
0 0.118750 0.750000 0.027083 0.037500
0 0.182812 0.754167 0.028125 0.045833
0 0.528646 0.182812 0.048958 0.046875
0 0.375521 0.205208 0.021875 0.043750
0 0.413021 0.443750 0.048958 0.037500
0 0.216146 0.769792 0.036458 0.043750
0 0.542188 0.212500 0.030208 0.039583
0 0.803646 0.595833 0.053125 0.041667
0 0.606250 0.496875 0.037500 0.047917
0 0.857292 0.586979 0.043750 0.040625
0 0.950521 0.509375 0.036458 0.047917
0 0.359896 0.804167 0.034375 0.047917
0 0.958854 0.447917 0.042708 0.027083
0 0.299479 0.079167 0.028125 0.045833
0 0.338021 0.839063 0.046875 0.028125
0 0.423438 0.802083 0.048958 0.052083
0 0.919271 0.543229 0.055208 0.042708
0 0.813021 0.539583 0.053125 0.037500
0 0.470833 0.945312 0.050000 0.036458
0 0.576042 0.275521 0.052083 0.030208
0 0.480208 0.376563 0.047917 0.044792
0 0.676042 0.368229 0.054167 0.048958
0 0.824479 0.677604 0.040625 0.051042
0 0.694271 0.714583 0.051042 0.033333
0 0.077604 0.105208 0.051042 0.047917
0 0.797917 0.842187 0.031250 0.051042
0 0.206250 0.887500 0.022917 0.043750
0 0.232292 0.717187 0.054167 0.048958
0 0.183333 0.240625 0.025000 0.041667
0 0.161458 0.384896 0.035417 0.048958
0 0.516146 0.366667 0.042708 0.027083
0 0.780729 0.115104 0.044792 0.030208
0 0.561979 0.846354 0.036458 0.040625
0 0.751563 0.844792 0.034375 0.039583
0 0.115104 0.650000 0.032292 0.043750
0 0.448437 0.762500 0.046875 0.022917
0 0.390104 0.308854 0.055208 0.042708
0 0.793750 0.281250 0.052083 0.037500
0 0.535417 0.392188 0.041667 0.023958
0 0.415104 0.799479 0.051042 0.053125
0 0.779687 0.806250 0.051042 0.033333
0 0.687500 0.513021 0.045833 0.048958
0 0.931250 0.939583 0.037500 0.041667
0 0.780729 0.573958 0.044792 0.022917
0 0.290625 0.591146 0.050000 0.036458
0 0.475521 0.095312 0.038542 0.038542
0 0.619271 0.335938 0.046875 0.055208
0 0.127083 0.551562 0.050000 0.036458
0 0.413021 0.611458 0.042708 0.047917
0 0.311458 0.261979 0.050000 0.028125
0 0.325000 0.531771 0.052083 0.051042
0 0.386458 0.896875 0.041667 0.047917
0 0.903125 0.930208 0.041667 0.020833
0 0.406250 0.518229 0.054167 0.046875
0 0.493750 0.802083 0.031250 0.037500
0 0.301563 0.190625 0.040625 0.041667
0 0.213021 0.381771 0.055208 0.036458
0 0.873958 0.113021 0.054167 0.036458
0 0.298958 0.539583 0.033333 0.050000
0 0.871875 0.122917 0.039583 0.047917
0 0.432812 0.847396 0.048958 0.028125
0 0.728646 0.774479 0.042708 0.023958
0 0.238021 0.688021 0.053125 0.034375
0 0.444271 0.666146 0.040625 0.023958
0 0.621875 0.219792 0.035417 0.037500
0 0.858854 0.211979 0.023958 0.042708
0 0.906771 0.319271 0.026042 0.046875
0 0.826562 0.606771 0.028125 0.051042
0 0.774479 0.587500 0.038542 0.043750
0 0.336458 0.602083 0.033333 0.043750
0 0.676042 0.224479 0.029167 0.044792
0 0.127604 0.750521 0.038542 0.051042
0 0.677604 0.438542 0.040625 0.025000
0 0.229687 0.337500 0.040625 0.041667
0 0.325521 0.243229 0.044792 0.040625
0 0.166146 0.322917 0.051042 0.031250
0 0.646875 0.345313 0.043750 0.026042
0 0.931250 0.261979 0.050000 0.053125
0 0.794792 0.141667 0.033333 0.037500
0 0.910417 0.400521 0.039583 0.044792
0 0.543229 0.933333 0.036458 0.018750
0 0.406771 0.864062 0.042708 0.021875
0 0.360938 0.583333 0.042708 0.027083
0 0.653125 0.374479 0.041667 0.048958
0 0.076042 0.722917 0.025000 0.043750
0 0.583854 0.673438 0.038542 0.019792
0 0.907292 0.918229 0.052083 0.030208
0 0.315625 0.957292 0.047917 0.039583
0 0.126562 0.846354 0.038542 0.055208
0 0.497917 0.358854 0.031250 0.048958
0 0.164583 0.760938 0.047917 0.046875
0 0.694792 0.894271 0.054167 0.044792
0 0.716146 0.232813 0.044792 0.042708
0 0.458333 0.280208 0.025000 0.043750
0 0.788021 0.479167 0.036458 0.043750
0 0.672917 0.318229 0.039583 0.036458
0 0.378646 0.477083 0.038542 0.043750
0 0.545312 0.263021 0.046875 0.048958
0 0.292708 0.252083 0.045833 0.027083
0 0.117708 0.107292 0.043750 0.031250
0 0.670833 0.808854 0.033333 0.053125
0 0.384375 0.724479 0.050000 0.034375
0 0.788542 0.957812 0.054167 0.044792
0 0.624479 0.252083 0.048958 0.025000
0 0.941667 0.422396 0.039583 0.034375
0 0.607812 0.138021 0.053125 0.053125
0 0.432292 0.734375 0.031250 0.050000
0 0.547396 0.607292 0.044792 0.045833
0 0.351562 0.641146 0.021875 0.038542
0 0.208333 0.708333 0.045833 0.043750
0 0.242708 0.697396 0.039583 0.026042
0 0.791146 0.808333 0.030208 0.039583
0 0.607292 0.170313 0.043750 0.042708
0 0.872917 0.950521 0.052083 0.051042
0 0.154688 0.814583 0.038542 0.035417
0 0.236979 0.592187 0.028125 0.044792
0 0.133333 0.293750 0.052083 0.043750
0 0.465104 0.361979 0.048958 0.055208
0 0.091667 0.366667 0.025000 0.041667
0 0.286979 0.093229 0.040625 0.051042
0 0.192188 0.134896 0.051042 0.042708
0 0.084896 0.226562 0.044792 0.055208
0 0.465104 0.494792 0.032292 0.039583
0 0.075521 0.172396 0.046875 0.055208
0 0.184375 0.571354 0.045833 0.048958
0 0.579688 0.445312 0.028125 0.040625
0 0.888542 0.780208 0.052083 0.035417
0 0.727604 0.242188 0.038542 0.021875
0 0.803125 0.715625 0.043750 0.035417
0 0.484375 0.125521 0.037500 0.044792
0 0.558854 0.756250 0.038542 0.033333
0 0.575521 0.633854 0.036458 0.046875
0 0.451042 0.589583 0.039583 0.052083
0 0.320312 0.408854 0.040625 0.032292
0 0.110937 0.890625 0.021875 0.037500
0 0.208333 0.489063 0.039583 0.036458
0 0.206771 0.758854 0.046875 0.048958
0 0.863542 0.595313 0.043750 0.030208
0 0.590625 0.732812 0.045833 0.048958
0 0.338542 0.209896 0.054167 0.048958
0 0.616667 0.368229 0.039583 0.048958
0 0.193229 0.101562 0.026042 0.040625
0 0.675000 0.546354 0.035417 0.048958
0 0.828646 0.872917 0.026042 0.047917
0 0.393750 0.502604 0.054167 0.036458
0 0.430729 0.084896 0.023958 0.040625
0 0.694792 0.151562 0.029167 0.048958
0 0.464583 0.471875 0.037500 0.047917
0 0.168229 0.683333 0.053125 0.043750
0 0.392708 0.546875 0.035417 0.022917
0 0.366667 0.353125 0.025000 0.037500
0 0.471354 0.745833 0.048958 0.035417
0 0.907813 0.408854 0.044792 0.051042
0 0.073958 0.452604 0.041667 0.023958
0 0.228646 0.663021 0.026042 0.046875
0 0.571875 0.716146 0.031250 0.044792
0 0.086979 0.647917 0.023958 0.045833
0 0.344792 0.873437 0.052083 0.032292
0 0.673958 0.674479 0.027083 0.046875
0 0.076042 0.512500 0.041667 0.052083
0 0.817187 0.709375 0.042708 0.031250
0 0.966146 0.832812 0.051042 0.044792
0 0.262500 0.463542 0.027083 0.041667
0 0.536979 0.655208 0.046875 0.031250
0 0.415104 0.281250 0.028125 0.041667
0 0.290625 0.233854 0.047917 0.053125
0 0.906250 0.764583 0.033333 0.037500
0 0.605208 0.760417 0.052083 0.035417
0 0.694271 0.927604 0.053125 0.053125
0 0.307812 0.670833 0.038542 0.035417
0 0.502083 0.326042 0.039583 0.047917
0 0.796354 0.669271 0.044792 0.032292
0 0.327083 0.306771 0.043750 0.026042
0 0.794792 0.716146 0.050000 0.038542
0 0.879687 0.846354 0.038542 0.038542
0 0.514583 0.589583 0.037500 0.035417
0 0.152083 0.679688 0.050000 0.042708
0 0.638542 0.345313 0.031250 0.044792
0 0.403646 0.645833 0.034375 0.043750
0 0.743229 0.817187 0.053125 0.034375
0 0.492708 0.475000 0.027083 0.047917
0 0.838021 0.918750 0.019792 0.037500
0 0.956250 0.316146 0.025000 0.044792
0 0.148438 0.256250 0.038542 0.025000
0 0.615104 0.329688 0.023958 0.040625
0 0.700000 0.903125 0.050000 0.033333
0 0.714583 0.830729 0.016667 0.034375
0 0.794271 0.217188 0.034375 0.040625
0 0.588542 0.275521 0.039583 0.032292
0 0.145313 0.475521 0.051042 0.030208
0 0.207292 0.629167 0.050000 0.031250
0 0.606250 0.536979 0.045833 0.026042
0 0.218750 0.289062 0.050000 0.042708
0 0.609375 0.318229 0.043750 0.055208
0 0.384375 0.816146 0.052083 0.034375
0 0.488542 0.240104 0.027083 0.048958
0 0.428646 0.446875 0.023958 0.041667
0 0.160938 0.358854 0.040625 0.036458
0 0.931250 0.679688 0.039583 0.048958
0 0.083854 0.109375 0.034375 0.047917
0 0.344271 0.107292 0.021875 0.039583
0 0.793750 0.322917 0.052083 0.045833
0 0.374479 0.359896 0.042708 0.055208
0 0.289062 0.696875 0.040625 0.041667
0 0.497396 0.257292 0.044792 0.045833
0 0.715104 0.489583 0.036458 0.043750
0 0.356250 0.925000 0.045833 0.045833
0 0.319271 0.822396 0.048958 0.034375
0 0.828125 0.576562 0.043750 0.021875
0 0.817187 0.655729 0.038542 0.055208
0 0.376042 0.644792 0.020833 0.035417
0 0.950521 0.434375 0.026042 0.041667
0 0.710938 0.225000 0.026042 0.041667
0 0.118229 0.120833 0.053125 0.045833
0 0.313021 0.806250 0.053125 0.041667
0 0.506250 0.532813 0.039583 0.038542
0 0.769792 0.833854 0.047917 0.046875
0 0.300521 0.695833 0.042708 0.029167
0 0.822396 0.278646 0.040625 0.034375
0 0.650521 0.972917 0.030208 0.050000
0 0.167187 0.157812 0.055208 0.038542
0 0.082292 0.637500 0.025000 0.039583
0 0.621354 0.285938 0.046875 0.055208
0 0.857292 0.606250 0.045833 0.052083
0 0.850521 0.152604 0.019792 0.038542
0 0.126042 0.135937 0.045833 0.048958
0 0.269792 0.351562 0.016667 0.034375
0 0.852604 0.256250 0.053125 0.037500
0 0.877604 0.419271 0.038542 0.055208
0 0.864062 0.932813 0.044792 0.042708
0 0.860938 0.089583 0.042708 0.031250
0 0.418750 0.234896 0.050000 0.026042
0 0.806771 0.430729 0.032292 0.040625
0 0.550521 0.703125 0.038542 0.029167
0 0.619271 0.682813 0.048958 0.046875
0 0.675521 0.180208 0.040625 0.041667
0 0.442708 0.307812 0.037500 0.040625
0 0.473438 0.378646 0.051042 0.042708
0 0.136458 0.658333 0.037500 0.033333
0 0.949479 0.763542 0.036458 0.043750
0 0.217188 0.769271 0.040625 0.055208
0 0.234375 0.803125 0.022917 0.037500
0 0.336458 0.460938 0.041667 0.032292
0 0.297917 0.688542 0.050000 0.029167
0 0.798958 0.155729 0.054167 0.044792
0 0.604167 0.680729 0.045833 0.038542
0 0.422396 0.614583 0.044792 0.035417
0 0.401042 0.252604 0.039583 0.044792
0 0.347917 0.133854 0.050000 0.028125
0 0.616146 0.636979 0.055208 0.048958
0 0.744271 0.570312 0.040625 0.044792
0 0.279687 0.270833 0.046875 0.045833
0 0.266667 0.493750 0.043750 0.045833
0 0.907813 0.094792 0.040625 0.047917
0 0.218750 0.080208 0.052083 0.045833
0 0.177083 0.742188 0.027083 0.048958
0 0.300521 0.586979 0.042708 0.021875
0 0.550521 0.241667 0.046875 0.029167
0 0.842187 0.605729 0.028125 0.046875
0 0.385937 0.637500 0.040625 0.041667
0 0.690104 0.478125 0.053125 0.045833
0 0.203646 0.194792 0.038542 0.047917
0 0.651042 0.214062 0.037500 0.038542
0 0.611979 0.364583 0.026042 0.047917
0 0.479167 0.512500 0.039583 0.041667
0 0.133333 0.123438 0.037500 0.038542
0 0.442708 0.462500 0.041667 0.047917
0 0.758854 0.675521 0.046875 0.048958
0 0.841667 0.593229 0.054167 0.040625
0 0.709375 0.389583 0.037500 0.033333
0 0.628646 0.126042 0.044792 0.052083
0 0.493229 0.558854 0.040625 0.051042
0 0.774479 0.798958 0.028125 0.043750
0 0.189062 0.116146 0.040625 0.028125
0 0.169271 0.277083 0.044792 0.052083
0 0.497917 0.287500 0.041667 0.039583
0 0.217188 0.294792 0.034375 0.037500
0 0.203646 0.803125 0.026042 0.045833
0 0.534896 0.244792 0.032292 0.039583
0 0.811979 0.355729 0.034375 0.051042
0 0.490104 0.496875 0.048958 0.027083
0 0.920312 0.114583 0.032292 0.047917
0 0.461458 0.777083 0.025000 0.037500
0 0.870833 0.338021 0.033333 0.040625
0 0.436458 0.627604 0.039583 0.034375
0 0.328646 0.783854 0.030208 0.044792
0 0.247396 0.372917 0.040625 0.043750
0 0.448437 0.800521 0.034375 0.046875
0 0.590625 0.382812 0.037500 0.048958
0 0.447917 0.582292 0.050000 0.047917
0 0.622396 0.788021 0.053125 0.032292
0 0.867708 0.101042 0.035417 0.037500
0 0.281771 0.280729 0.055208 0.048958
0 0.392708 0.792188 0.052083 0.030208
0 0.893229 0.393229 0.034375 0.040625
0 0.957292 0.294271 0.043750 0.055208
0 0.514583 0.217188 0.033333 0.040625
0 0.189062 0.577604 0.023958 0.038542
0 0.301563 0.386458 0.023958 0.045833
0 0.641667 0.929688 0.037500 0.044792
0 0.565104 0.669271 0.053125 0.034375
0 0.865625 0.544792 0.025000 0.039583
0 0.911979 0.792708 0.053125 0.039583
0 0.084896 0.711458 0.034375 0.047917
0 0.416146 0.589063 0.055208 0.040625
0 0.755208 0.730208 0.047917 0.041667
0 0.617708 0.947396 0.045833 0.055208
0 0.373437 0.564063 0.042708 0.044792
0 0.537500 0.259896 0.027083 0.042708
0 0.205208 0.193750 0.037500 0.022917
0 0.841146 0.775000 0.051042 0.033333
0 0.171875 0.563542 0.043750 0.052083
0 0.818750 0.396875 0.037500 0.033333
0 0.889062 0.231771 0.051042 0.036458
0 0.623958 0.159896 0.047917 0.032292
0 0.276042 0.077083 0.037500 0.031250
0 0.732292 0.221875 0.041667 0.039583
0 0.377604 0.514062 0.032292 0.048958
0 0.796354 0.959896 0.046875 0.038542
0 0.817708 0.380208 0.037500 0.027083
0 0.895312 0.943229 0.030208 0.053125
0 0.475521 0.680208 0.038542 0.035417
0 0.893750 0.278125 0.050000 0.050000
0 0.476562 0.709375 0.040625 0.043750
0 0.089583 0.565104 0.043750 0.042708
0 0.960417 0.868229 0.050000 0.042708
0 0.801562 0.256771 0.023958 0.046875
0 0.273438 0.870313 0.042708 0.055208
0 0.457292 0.423958 0.043750 0.025000
0 0.098437 0.570312 0.051042 0.042708
0 0.611458 0.355729 0.052083 0.051042
0 0.648438 0.746354 0.032292 0.048958
0 0.872917 0.661458 0.052083 0.045833
0 0.268750 0.720313 0.029167 0.051042
0 0.877604 0.291146 0.051042 0.036458
0 0.818229 0.829688 0.053125 0.034375
0 0.082812 0.904687 0.042708 0.023958
0 0.841146 0.554167 0.053125 0.047917
0 0.657813 0.599479 0.048958 0.046875
0 0.796354 0.445833 0.032292 0.039583
0 0.497396 0.286458 0.053125 0.041667
0 0.693750 0.330729 0.039583 0.034375
0 0.719271 0.589063 0.053125 0.051042
0 0.773958 0.256250 0.033333 0.052083
0 0.091667 0.080729 0.047917 0.046875
0 0.181250 0.212500 0.043750 0.035417
0 0.191667 0.288021 0.037500 0.019792
0 0.674479 0.561458 0.028125 0.039583
0 0.343750 0.212500 0.041667 0.039583
0 0.660937 0.917188 0.046875 0.036458
0 0.698958 0.522396 0.035417 0.053125
0 0.850000 0.451042 0.037500 0.025000
0 0.360938 0.805729 0.055208 0.048958
0 0.176042 0.719792 0.037500 0.035417
0 0.559896 0.157292 0.042708 0.047917
0 0.276562 0.765104 0.044792 0.021875
0 0.516146 0.396354 0.040625 0.026042
0 0.215104 0.951562 0.036458 0.017708