0 0.871875 0.567187 0.039583 0.030208
0 0.143229 0.114583 0.036458 0.018750
0 0.706771 0.279167 0.040625 0.041667
0 0.202604 0.615104 0.055208 0.048958
0 0.835417 0.666667 0.043750 0.033333
0 0.478646 0.217188 0.040625 0.034375
0 0.779167 0.168750 0.027083 0.037500
0 0.078125 0.158333 0.052083 0.037500
0 0.835417 0.721875 0.041667 0.031250
0 0.808854 0.082812 0.026042 0.044792
0 0.261979 0.293750 0.038542 0.031250
0 0.192708 0.244271 0.054167 0.040625
0 0.474479 0.848437 0.040625 0.028125
0 0.320312 0.321875 0.032292 0.043750
0 0.084896 0.395833 0.051042 0.031250
0 0.205208 0.913542 0.037500 0.018750
0 0.084896 0.375521 0.040625 0.044792
0 0.533854 0.608854 0.038542 0.019792
0 0.917708 0.408333 0.047917 0.033333
0 0.943750 0.366146 0.052083 0.051042
0 0.601042 0.763542 0.041667 0.039583
0 0.156250 0.500521 0.052083 0.032292
0 0.819271 0.358333 0.053125 0.045833
0 0.588542 0.448437 0.020833 0.038542
0 0.579167 0.652604 0.043750 0.021875
0 0.645833 0.867708 0.052083 0.047917
0 0.227604 0.819271 0.046875 0.034375
0 0.177604 0.125521 0.040625 0.034375
0 0.384375 0.313021 0.045833 0.040625
0 0.317708 0.161979 0.054167 0.048958
0 0.454688 0.200000 0.030208 0.050000
0 0.466667 0.709375 0.052083 0.039583
0 0.226562 0.110417 0.038542 0.035417
0 0.504687 0.083854 0.034375 0.051042
0 0.771354 0.257812 0.021875 0.042708
0 0.802083 0.183854 0.039583 0.030208
0 0.717187 0.835938 0.044792 0.051042
0 0.163021 0.705729 0.044792 0.040625
0 0.179688 0.484896 0.044792 0.040625
0 0.458333 0.798438 0.025000 0.042708
0 0.917708 0.451562 0.047917 0.030208
0 0.861979 0.282813 0.028125 0.044792
0 0.109896 0.268229 0.046875 0.026042
0 0.251042 0.373958 0.037500 0.035417
0 0.775000 0.334375 0.031250 0.041667
0 0.642708 0.072917 0.041667 0.037500
0 0.869271 0.507292 0.038542 0.025000
0 0.455729 0.384896 0.055208 0.046875
0 0.126042 0.184896 0.054167 0.044792
0 0.676042 0.276562 0.045833 0.034375
0 0.454167 0.671354 0.041667 0.023958
0 0.671875 0.957812 0.054167 0.042708
0 0.800000 0.894271 0.047917 0.046875
0 0.345313 0.147917 0.042708 0.047917
0 0.672396 0.272917 0.044792 0.033333
0 0.743229 0.786979 0.048958 0.030208
0 0.817187 0.505729 0.046875 0.038542
0 0.502083 0.630208 0.039583 0.041667
0 0.359896 0.665625 0.048958 0.041667
0 0.936458 0.226042 0.031250 0.041667
0 0.890625 0.441667 0.041667 0.052083
0 0.864062 0.336458 0.036458 0.037500
0 0.319792 0.257292 0.022917 0.035417
0 0.376042 0.722917 0.033333 0.043750
0 0.585938 0.223438 0.032292 0.046875
0 0.481771 0.525521 0.038542 0.046875
0 0.398438 0.556250 0.038542 0.052083
0 0.904167 0.507292 0.045833 0.027083
0 0.912500 0.413542 0.045833 0.043750
0 0.460417 0.859896 0.033333 0.044792
0 0.248958 0.107813 0.033333 0.040625
0 0.439583 0.161979 0.039583 0.028125
0 0.898958 0.670833 0.029167 0.050000
0 0.147396 0.941146 0.053125 0.032292
0 0.587500 0.178125 0.035417 0.037500
0 0.341667 0.454688 0.054167 0.040625
0 0.664583 0.177604 0.029167 0.040625
0 0.244271 0.602083 0.046875 0.043750
0 0.907292 0.846354 0.045833 0.023958
0 0.652604 0.577604 0.046875 0.036458
0 0.447917 0.944271 0.039583 0.055208
0 0.533854 0.243229 0.034375 0.046875
0 0.214062 0.133333 0.046875 0.031250
0 0.561458 0.117708 0.045833 0.052083
0 0.805208 0.960417 0.029167 0.037500
0 0.419792 0.510417 0.050000 0.033333
0 0.908854 0.480729 0.055208 0.042708
0 0.800521 0.960938 0.040625 0.032292
0 0.279167 0.114583 0.039583 0.041667
0 0.613021 0.623958 0.046875 0.045833
0 0.456771 0.333854 0.030208 0.040625
0 0.215625 0.284896 0.027083 0.042708
0 0.221875 0.646354 0.037500 0.021875
0 0.372396 0.559375 0.044792 0.052083
0 0.131250 0.320833 0.047917 0.027083
0 0.581771 0.256250 0.032292 0.052083
0 0.354167 0.484896 0.043750 0.030208
0 0.953125 0.261458 0.041667 0.039583
0 0.086458 0.103646 0.047917 0.046875
0 0.307812 0.749479 0.046875 0.048958
0 0.867708 0.613021 0.020833 0.036458
0 0.950000 0.259896 0.037500 0.038542
0 0.555729 0.381771 0.040625 0.032292
0 0.568750 0.452083 0.027083 0.041667
0 0.877083 0.739583 0.041667 0.027083
0 0.617708 0.886458 0.047917 0.050000
0 0.856250 0.649479 0.025000 0.038542
0 0.602604 0.596354 0.051042 0.040625
0 0.261458 0.691667 0.043750 0.022917
0 0.859375 0.296875 0.033333 0.052083
0 0.758854 0.308854 0.053125 0.053125
0 0.728646 0.877083 0.034375 0.047917
0 0.472917 0.548958 0.043750 0.027083
0 0.692187 0.473958 0.048958 0.025000
0 0.698438 0.388542 0.048958 0.035417
0 0.643750 0.941667 0.033333 0.047917
0 0.197396 0.540625 0.046875 0.045833
0 0.088021 0.127083 0.053125 0.043750
0 0.885417 0.177604 0.054167 0.044792
0 0.600521 0.356250 0.048958 0.033333
0 0.808333 0.495833 0.037500 0.033333
0 0.248438 0.417708 0.051042 0.050000
0 0.284375 0.252604 0.050000 0.044792
0 0.693750 0.323437 0.045833 0.026042
0 0.478646 0.202604 0.046875 0.023958
0 0.955208 0.811458 0.041667 0.027083
0 0.474479 0.427604 0.030208 0.040625
0 0.625000 0.307812 0.054167 0.038542
0 0.461458 0.901042 0.043750 0.045833
0 0.481771 0.529167 0.023958 0.041667
0 0.662500 0.608854 0.045833 0.038542
0 0.243750 0.633333 0.039583 0.047917
0 0.622917 0.316667 0.047917 0.037500
0 0.388542 0.089583 0.035417 0.037500
0 0.652604 0.288542 0.042708 0.031250
0 0.370312 0.245312 0.044792 0.042708
0 0.263021 0.831250 0.030208 0.050000
0 0.895833 0.807813 0.025000 0.038542
0 0.307292 0.478646 0.039583 0.034375
0 0.186458 0.540104 0.025000 0.042708
0 0.219792 0.777083 0.027083 0.041667
0 0.463021 0.616146 0.030208 0.040625
0 0.918750 0.490104 0.037500 0.021875
0 0.139063 0.731771 0.040625 0.034375
0 0.730729 0.647396 0.053125 0.030208
0 0.291667 0.747396 0.039583 0.030208
0 0.163542 0.090104 0.037500 0.038542
0 0.603125 0.192708 0.050000 0.050000
0 0.833333 0.432292 0.020833 0.039583
0 0.820833 0.175521 0.029167 0.044792
0 0.141146 0.576042 0.040625 0.041667
0 0.288021 0.320312 0.055208 0.036458
0 0.686458 0.324479 0.050000 0.042708
0 0.828125 0.092188 0.039583 0.034375
0 0.367188 0.621875 0.034375 0.047917
0 0.272917 0.881771 0.047917 0.046875
0 0.644271 0.516667 0.053125 0.045833
0 0.332292 0.875000 0.037500 0.035417
0 0.227604 0.485938 0.028125 0.040625
0 0.743750 0.308854 0.031250 0.048958
0 0.545833 0.771875 0.037500 0.025000
0 0.941146 0.304688 0.040625 0.038542
0 0.566146 0.095312 0.038542 0.019792
0 0.947396 0.781771 0.044792 0.032292
0 0.402083 0.886979 0.029167 0.048958
0 0.856771 0.609896 0.055208 0.046875
0 0.733854 0.611979 0.042708 0.051042
0 0.113542 0.080208 0.018750 0.035417
0 0.827604 0.797396 0.040625 0.046875
0 0.082812 0.743750 0.044792 0.025000
0 0.855208 0.612500 0.045833 0.052083
0 0.452083 0.464583 0.045833 0.043750
0 0.301042 0.926042 0.033333 0.047917
0 0.278646 0.542188 0.034375 0.053125
0 0.229687 0.142187 0.034375 0.040625
0 0.493750 0.661979 0.039583 0.036458
0 0.951562 0.751563 0.044792 0.030208
0 0.784375 0.122396 0.050000 0.044792
0 0.645833 0.890625 0.041667 0.039583
0 0.105208 0.443229 0.039583 0.034375
0 0.527083 0.459375 0.047917 0.037500
0 0.481771 0.441667 0.042708 0.054167
0 0.747917 0.776042 0.037500 0.035417
0 0.242188 0.793750 0.026042 0.039583
0 0.235937 0.436458 0.040625 0.054167
0 0.521354 0.822917 0.038542 0.033333
0 0.751042 0.525000 0.020833 0.035417
0 0.963542 0.942187 0.033333 0.053125
0 0.603125 0.730729 0.041667 0.021875
0 0.760938 0.111458 0.023958 0.037500
0 0.641667 0.627083 0.045833 0.029167
0 0.192188 0.559896 0.055208 0.044792
0 0.525521 0.134896 0.038542 0.051042
0 0.567187 0.847396 0.053125 0.053125
0 0.617188 0.370833 0.040625 0.041667
0 0.785937 0.104688 0.040625 0.038542
0 0.328646 0.147917 0.032292 0.043750
0 0.077083 0.448437 0.022917 0.040625
0 0.758854 0.239063 0.046875 0.026042
0 0.253125 0.170313 0.033333 0.048958
0 0.274479 0.953646 0.048958 0.055208
0 0.691667 0.395833 0.027083 0.041667
0 0.480208 0.642708 0.045833 0.029167
0 0.667708 0.439063 0.047917 0.046875
0 0.098958 0.089583 0.027083 0.047917
0 0.423438 0.092708 0.048958 0.027083
0 0.321875 0.245833 0.041667 0.027083
0 0.474479 0.228646 0.048958 0.028125
0 0.080729 0.545833 0.026042 0.041667
0 0.194792 0.544271 0.029167 0.051042
0 0.407292 0.871354 0.050000 0.028125
0 0.101042 0.798438 0.045833 0.034375
0 0.365104 0.823438 0.023958 0.046875
0 0.266667 0.640104 0.039583 0.026042
0 0.633333 0.719271 0.039583 0.053125
0 0.569271 0.575000 0.019792 0.039583
0 0.547396 0.123438 0.040625 0.051042
0 0.163021 0.213021 0.053125 0.034375
0 0.691146 0.368750 0.028125 0.043750
0 0.931771 0.809896 0.038542 0.051042
0 0.842187 0.200000 0.053125 0.045833
0 0.135937 0.916667 0.042708 0.054167
0 0.826042 0.417708 0.031250 0.045833
0 0.088021 0.927604 0.044792 0.032292
0 0.546875 0.843229 0.025000 0.046875
0 0.756771 0.532813 0.048958 0.032292
0 0.156250 0.653125 0.027083 0.047917
0 0.351562 0.592708 0.042708 0.029167
0 0.263021 0.758854 0.048958 0.046875
0 0.077083 0.315625 0.043750 0.045833
0 0.096875 0.756250 0.037500 0.033333
0 0.688021 0.407292 0.030208 0.047917
0 0.782292 0.255729 0.047917 0.046875
0 0.446875 0.848437 0.035417 0.017708
0 0.562500 0.133854 0.045833 0.026042
0 0.296875 0.413021 0.054167 0.040625
0 0.519792 0.576562 0.039583 0.044792
0 0.523438 0.158854 0.038542 0.038542
0 0.904167 0.407292 0.037500 0.033333
0 0.442708 0.175521 0.043750 0.040625
0 0.131250 0.396875 0.037500 0.033333
0 0.645833 0.179167 0.041667 0.027083
0 0.860417 0.073958 0.033333 0.043750
0 0.665104 0.617188 0.046875 0.023958
0 0.876563 0.846875 0.042708 0.037500
0 0.813542 0.825000 0.043750 0.025000
0 0.601042 0.809375 0.047917 0.052083
0 0.963021 0.083333 0.048958 0.025000
0 0.680208 0.085417 0.052083 0.035417
0 0.867188 0.736458 0.038542 0.035417
0 0.280208 0.341146 0.033333 0.040625
0 0.921354 0.165104 0.051042 0.036458
0 0.760938 0.270833 0.048958 0.052083
0 0.255729 0.832292 0.038542 0.025000
0 0.322917 0.075521 0.039583 0.036458
0 0.556771 0.776042 0.051042 0.050000
0 0.205729 0.940625 0.021875 0.037500
0 0.400521 0.273958 0.040625 0.020833
0 0.415625 0.307812 0.025000 0.042708
0 0.585417 0.660417 0.045833 0.045833
0 0.209896 0.642708 0.051042 0.050000
0 0.357292 0.630729 0.027083 0.046875
0 0.853125 0.589063 0.050000 0.044792
0 0.890625 0.394792 0.041667 0.025000
0 0.921354 0.225000 0.042708 0.039583
0 0.118229 0.875521 0.032292 0.040625
0 0.830729 0.476562 0.048958 0.055208
0 0.146875 0.384896 0.047917 0.046875
0 0.958333 0.557813 0.045833 0.048958
0 0.695312 0.581250 0.046875 0.033333
0 0.717187 0.517188 0.036458 0.046875
0 0.642188 0.720313 0.051042 0.034375
0 0.101042 0.440625 0.045833 0.052083
0 0.194271 0.935937 0.028125 0.048958
0 0.594792 0.919792 0.045833 0.052083
0 0.497917 0.469271 0.043750 0.026042
0 0.361979 0.809375 0.030208 0.043750
0 0.848437 0.382812 0.028125 0.051042
0 0.345313 0.396875 0.036458 0.043750
0 0.573958 0.744792 0.029167 0.041667
0 0.601042 0.335938 0.018750 0.036458
0 0.380208 0.237500 0.035417 0.035417
0 0.247917 0.627083 0.037500 0.033333
0 0.121875 0.085417 0.020833 0.035417
0 0.964063 0.658333 0.044792 0.045833
0 0.423438 0.170833 0.021875 0.037500
0 0.285417 0.391667 0.052083 0.045833
0 0.957292 0.451562 0.031250 0.044792
0 0.900000 0.833854 0.043750 0.048958
0 0.797396 0.504687 0.048958 0.055208
0 0.618229 0.674479 0.034375 0.040625
0 0.141146 0.745833 0.046875 0.027083
0 0.897917 0.146354 0.039583 0.026042
0 0.103646 0.477083 0.030208 0.039583
0 0.381250 0.363021 0.029167 0.046875
0 0.603646 0.332813 0.044792 0.040625
0 0.122396 0.564063 0.026042 0.051042
0 0.931250 0.276042 0.047917 0.039583
0 0.745313 0.184375 0.021875 0.037500
0 0.385937 0.233854 0.055208 0.044792
0 0.107813 0.216667 0.038542 0.018750
0 0.552083 0.860938 0.039583 0.053125
0 0.435417 0.325521 0.039583 0.048958
0 0.423958 0.881771 0.033333 0.048958
0 0.815104 0.134896 0.055208 0.036458
0 0.252604 0.956771 0.055208 0.044792
0 0.154688 0.174479 0.019792 0.040625
0 0.183854 0.949479 0.046875 0.048958
0 0.629167 0.451042 0.037500 0.033333
0 0.600000 0.907292 0.022917 0.043750
0 0.119271 0.342708 0.048958 0.041667
0 0.251563 0.878646 0.051042 0.028125
0 0.485417 0.654687 0.043750 0.040625
0 0.115625 0.776563 0.050000 0.042708
0 0.808333 0.840625 0.039583 0.020833
0 0.196875 0.873958 0.041667 0.047917
0 0.644271 0.672396 0.051042 0.055208
0 0.342708 0.739583 0.052083 0.035417
0 0.635938 0.825521 0.032292 0.053125
0 0.113021 0.713021 0.038542 0.038542
0 0.066146 0.887500 0.023958 0.041667
0 0.327604 0.595833 0.036458 0.037500
0 0.527604 0.751563 0.036458 0.046875
0 0.766667 0.403125 0.037500 0.035417
0 0.891146 0.829688 0.038542 0.051042
0 0.697396 0.418750 0.048958 0.041667
0 0.480729 0.464062 0.048958 0.030208
0 0.945312 0.164583 0.053125 0.037500
0 0.116146 0.655729 0.044792 0.032292
0 0.133854 0.508854 0.051042 0.034375
0 0.665104 0.469271 0.053125 0.030208
0 0.142708 0.793750 0.037500 0.029167
0 0.251563 0.896875 0.048958 0.035417
0 0.547396 0.085417 0.026042 0.050000
0 0.756771 0.745313 0.044792 0.028125
0 0.127083 0.180208 0.041667 0.029167
0 0.084896 0.642708 0.040625 0.054167
0 0.329688 0.202083 0.038542 0.035417
0 0.675521 0.945312 0.034375 0.046875
0 0.406250 0.657292 0.022917 0.035417
0 0.459896 0.211979 0.028125 0.040625
0 0.492708 0.791146 0.043750 0.055208
0 0.676042 0.507292 0.039583 0.022917
0 0.686979 0.447917 0.036458 0.037500
0 0.555208 0.411979 0.031250 0.048958
0 0.519271 0.785937 0.051042 0.040625
0 0.485938 0.582812 0.019792 0.038542
0 0.775000 0.517708 0.045833 0.043750
0 0.815625 0.572396 0.033333 0.053125
0 0.476042 0.940104 0.041667 0.032292
0 0.575521 0.768229 0.040625 0.019792
0 0.519271 0.542188 0.055208 0.038542
0 0.335938 0.623958 0.044792 0.022917
0 0.617188 0.888542 0.034375 0.016667
0 0.811458 0.376563 0.052083 0.032292
0 0.841667 0.666667 0.041667 0.047917
0 0.398958 0.618750 0.035417 0.052083
0 0.544271 0.515625 0.048958 0.027083
0 0.698958 0.348958 0.020833 0.039583
0 0.377083 0.096354 0.027083 0.040625
0 0.520833 0.533333 0.045833 0.043750
0 0.090625 0.706771 0.052083 0.030208
0 0.146875 0.551562 0.035417 0.040625
0 0.263021 0.808333 0.053125 0.045833
0 0.708854 0.206250 0.032292 0.039583
0 0.265625 0.802604 0.054167 0.036458
0 0.351042 0.531771 0.054167 0.044792
0 0.145833 0.628125 0.041667 0.039583
0 0.157812 0.100000 0.046875 0.052083
0 0.945833 0.375000 0.043750 0.027083
0 0.563542 0.321354 0.043750 0.032292
0 0.495312 0.529687 0.048958 0.028125
0 0.776563 0.394792 0.021875 0.037500
0 0.924479 0.216667 0.034375 0.043750
0 0.314063 0.428125 0.032292 0.047917
0 0.422396 0.494271 0.038542 0.051042
0 0.735938 0.377083 0.038542 0.035417
0 0.072396 0.741146 0.032292 0.040625
0 0.250521 0.378125 0.048958 0.027083
0 0.340104 0.470833 0.048958 0.033333
0 0.663021 0.467708 0.048958 0.041667
0 0.228125 0.851042 0.027083 0.045833
0 0.894792 0.764583 0.043750 0.052083
0 0.595833 0.226562 0.039583 0.030208
0 0.456250 0.347396 0.025000 0.038542
0 0.079687 0.947396 0.055208 0.040625
0 0.904167 0.485417 0.025000 0.037500
0 0.866667 0.363542 0.037500 0.052083
0 0.517708 0.939063 0.047917 0.046875
0 0.162500 0.129688 0.033333 0.048958
0 0.709896 0.606250 0.040625 0.041667
0 0.825000 0.253125 0.047917 0.052083
0 0.144271 0.485417 0.026042 0.039583
0 0.131250 0.394792 0.031250 0.037500
0 0.088021 0.858333 0.044792 0.045833
0 0.073958 0.504687 0.035417 0.044792
0 0.948958 0.693229 0.047917 0.032292
0 0.346354 0.073438 0.038542 0.021875
0 0.557292 0.816667 0.043750 0.022917
0 0.335938 0.745833 0.040625 0.041667
0 0.932292 0.789062 0.054167 0.044792
0 0.380729 0.146354 0.046875 0.034375
0 0.244792 0.847917 0.033333 0.050000
0 0.177083 0.267188 0.039583 0.028125
0 0.433854 0.795833 0.038542 0.047917
0 0.943750 0.227083 0.018750 0.035417
0 0.864062 0.573958 0.021875 0.039583
0 0.662500 0.593229 0.045833 0.040625
0 0.448437 0.446354 0.046875 0.026042
0 0.809375 0.389062 0.029167 0.040625
0 0.545833 0.840104 0.047917 0.046875
0 0.576562 0.952604 0.034375 0.046875
0 0.770833 0.849479 0.045833 0.038542
0 0.331250 0.770833 0.027083 0.037500
0 0.370833 0.847396 0.029167 0.044792
0 0.462500 0.430729 0.033333 0.044792
0 0.235937 0.911979 0.028125 0.044792
0 0.654167 0.285938 0.039583 0.044792
0 0.850521 0.591146 0.032292 0.040625
0 0.350000 0.575521 0.039583 0.023958
0 0.254167 0.572396 0.037500 0.019792
0 0.286458 0.288021 0.050000 0.042708
0 0.899479 0.541146 0.036458 0.046875
0 0.323437 0.601562 0.046875 0.055208
0 0.731771 0.090104 0.032292 0.048958
0 0.147396 0.916146 0.023958 0.046875
0 0.840625 0.293750 0.041667 0.027083
0 0.751042 0.307292 0.037500 0.027083
0 0.283854 0.850521 0.036458 0.017708
0 0.083854 0.391146 0.038542 0.040625
0 0.259896 0.898438 0.042708 0.051042
0 0.485938 0.146875 0.026042 0.041667
0 0.343750 0.426563 0.035417 0.053125
0 0.710938 0.791667 0.034375 0.052083
0 0.840625 0.965625 0.035417 0.043750
0 0.498958 0.526563 0.039583 0.038542
0 0.347396 0.285938 0.046875 0.048958
0 0.926562 0.598958 0.021875 0.039583
0 0.121354 0.072396 0.017708 0.036458
0 0.080208 0.702604 0.035417 0.048958
0 0.776563 0.461979 0.040625 0.032292