0 0.682292 0.471354 0.045833 0.055208
0 0.202604 0.355208 0.034375 0.047917
0 0.333333 0.257292 0.047917 0.041667
0 0.385417 0.619271 0.045833 0.036458
0 0.369792 0.154167 0.037500 0.025000
0 0.671354 0.140625 0.030208 0.050000
0 0.103646 0.882292 0.048958 0.041667
0 0.932292 0.511979 0.045833 0.036458
0 0.175000 0.297917 0.031250 0.041667
0 0.564583 0.795833 0.031250 0.037500
0 0.404687 0.701562 0.038542 0.038542
0 0.121875 0.248438 0.029167 0.040625
0 0.167708 0.358854 0.052083 0.051042
0 0.756771 0.094792 0.040625 0.020833
0 0.250521 0.873958 0.038542 0.043750
0 0.374479 0.744792 0.053125 0.047917
0 0.327604 0.788542 0.028125 0.043750
0 0.621875 0.607292 0.045833 0.027083
0 0.418229 0.237500 0.053125 0.035417
0 0.764583 0.292708 0.037500 0.035417
0 0.939583 0.889062 0.047917 0.030208
0 0.748958 0.190104 0.045833 0.055208
0 0.140625 0.134896 0.045833 0.055208
0 0.922917 0.800000 0.043750 0.033333
0 0.135937 0.683854 0.034375 0.040625
0 0.841667 0.555729 0.035417 0.053125
0 0.714583 0.428125 0.033333 0.043750
0 0.847917 0.842187 0.045833 0.048958
0 0.888021 0.170833 0.042708 0.039583
0 0.237500 0.470313 0.054167 0.040625
0 0.673438 0.383333 0.053125 0.037500
0 0.277083 0.111458 0.037500 0.029167
0 0.081250 0.394792 0.025000 0.041667
0 0.594792 0.565104 0.043750 0.030208
0 0.861979 0.120313 0.055208 0.044792
0 0.440104 0.957812 0.038542 0.040625
0 0.454167 0.742708 0.043750 0.033333
0 0.549479 0.252604 0.044792 0.028125
0 0.619271 0.184896 0.051042 0.044792
0 0.835938 0.523438 0.046875 0.055208
0 0.755729 0.266667 0.048958 0.052083
0 0.264583 0.360938 0.054167 0.048958
0 0.588021 0.776563 0.044792 0.055208
0 0.164583 0.679167 0.052083 0.043750
0 0.800521 0.645833 0.032292 0.047917
0 0.653646 0.749479 0.040625 0.036458
0 0.446875 0.344792 0.018750 0.035417
0 0.561458 0.691667 0.039583 0.025000
0 0.084896 0.194271 0.044792 0.032292
0 0.867708 0.429167 0.045833 0.027083
0 0.246875 0.111458 0.039583 0.025000
0 0.738542 0.581250 0.025000 0.039583
0 0.941667 0.097917 0.027083 0.041667
0 0.700000 0.765104 0.043750 0.042708
0 0.858854 0.349479 0.042708 0.055208
0 0.446354 0.468750 0.048958 0.037500
0 0.769792 0.476562 0.020833 0.040625
0 0.136979 0.406771 0.051042 0.040625
0 0.531250 0.906771 0.041667 0.044792
0 0.675000 0.286979 0.025000 0.044792
0 0.089583 0.378646 0.035417 0.044792
0 0.305208 0.261979 0.039583 0.028125
0 0.260937 0.736458 0.042708 0.020833
0 0.577604 0.806771 0.040625 0.044792
0 0.326562 0.214583 0.034375 0.037500
0 0.394271 0.125521 0.051042 0.044792
0 0.819271 0.388021 0.034375 0.046875
0 0.946875 0.944792 0.022917 0.043750
0 0.236458 0.589063 0.039583 0.044792
0 0.206250 0.117708 0.031250 0.037500
0 0.229167 0.905729 0.037500 0.053125
0 0.160417 0.841667 0.043750 0.035417
0 0.881771 0.538542 0.044792 0.025000
0 0.533854 0.409375 0.034375 0.047917
0 0.145833 0.592708 0.029167 0.041667
0 0.735938 0.964063 0.040625 0.032292
0 0.339062 0.590104 0.038542 0.038542
0 0.774479 0.484375 0.044792 0.033333
0 0.336979 0.340104 0.019792 0.038542
0 0.174479 0.625000 0.036458 0.018750
0 0.750000 0.392708 0.029167 0.041667
0 0.420312 0.809896 0.048958 0.048958
0 0.452604 0.651563 0.042708 0.051042
0 0.109375 0.286458 0.035417 0.020833
0 0.127604 0.638021 0.040625 0.034375
0 0.858333 0.936979 0.041667 0.048958
0 0.765625 0.399479 0.035417 0.053125
0 0.142708 0.146875 0.031250 0.041667
0 0.480208 0.083854 0.039583 0.036458
0 0.941146 0.902083 0.042708 0.029167
0 0.119792 0.209375 0.031250 0.037500
0 0.347396 0.107813 0.042708 0.051042
0 0.496875 0.593229 0.037500 0.040625
0 0.560417 0.703646 0.043750 0.030208
0 0.393229 0.297396 0.036458 0.040625
0 0.252604 0.499479 0.055208 0.042708
0 0.959896 0.910417 0.030208 0.047917
0 0.365625 0.873437 0.045833 0.048958
0 0.909375 0.578125 0.041667 0.029167
0 0.497917 0.239583 0.031250 0.041667
0 0.592187 0.314583 0.040625 0.047917
0 0.436458 0.123958 0.045833 0.033333
0 0.741667 0.525000 0.029167 0.037500
0 0.117708 0.426042 0.047917 0.041667
0 0.936979 0.788021 0.038542 0.055208
0 0.436979 0.486458 0.032292 0.043750
0 0.548438 0.244792 0.046875 0.052083
0 0.651042 0.822917 0.039583 0.041667
0 0.685937 0.704688 0.032292 0.044792
0 0.540104 0.583854 0.032292 0.044792
0 0.242188 0.563021 0.038542 0.019792
0 0.752083 0.853125 0.041667 0.052083
0 0.870313 0.285938 0.040625 0.019792
0 0.905208 0.228646 0.037500 0.044792
0 0.372917 0.796354 0.045833 0.038542
0 0.647917 0.348438 0.054167 0.048958
0 0.573958 0.374479 0.037500 0.044792
0 0.204687 0.731250 0.046875 0.052083
0 0.884375 0.732812 0.050000 0.026042
0 0.542188 0.831771 0.036458 0.051042
0 0.204167 0.292708 0.037500 0.027083
0 0.084375 0.427083 0.025000 0.043750
0 0.265104 0.965104 0.048958 0.046875
0 0.791146 0.850000 0.046875 0.031250
0 0.842187 0.599479 0.030208 0.044792
0 0.165104 0.156250 0.051042 0.050000
0 0.080729 0.305729 0.040625 0.034375
0 0.895833 0.694792 0.047917 0.033333
0 0.119792 0.364583 0.027083 0.037500
0 0.735417 0.608854 0.052083 0.053125
0 0.935417 0.343229 0.031250 0.048958
0 0.959896 0.285417 0.040625 0.020833
0 0.753646 0.645833 0.040625 0.041667
0 0.103125 0.452604 0.035417 0.040625
0 0.465625 0.261979 0.037500 0.021875
0 0.416146 0.177604 0.046875 0.036458
0 0.076042 0.244271 0.039583 0.036458
0 0.077083 0.818750 0.045833 0.052083
0 0.227604 0.872396 0.044792 0.044792
0 0.597396 0.285417 0.048958 0.039583
0 0.134375 0.778646 0.052083 0.030208
0 0.220312 0.699479 0.046875 0.048958
0 0.295833 0.343229 0.031250 0.044792
0 0.454688 0.470313 0.051042 0.036458
0 0.268229 0.367708 0.048958 0.025000
0 0.530729 0.614583 0.044792 0.047917
0 0.572917 0.304688 0.020833 0.036458
0 0.510417 0.685937 0.031250 0.040625
0 0.921354 0.800000 0.046875 0.043750
0 0.491146 0.244792 0.036458 0.047917
0 0.934375 0.557813 0.054167 0.048958
0 0.722396 0.747917 0.028125 0.039583
0 0.892708 0.219271 0.052083 0.032292
0 0.711979 0.407813 0.044792 0.028125
0 0.252604 0.936458 0.053125 0.035417
0 0.429688 0.948438 0.042708 0.051042
0 0.755729 0.204687 0.048958 0.046875
0 0.256250 0.383333 0.033333 0.037500
0 0.176042 0.109375 0.039583 0.047917
0 0.962500 0.275521 0.043750 0.040625
0 0.134375 0.219271 0.039583 0.023958
0 0.110937 0.828646 0.042708 0.051042
0 0.217708 0.225000 0.041667 0.025000
0 0.609896 0.272917 0.038542 0.031250
0 0.380729 0.613542 0.042708 0.039583
0 0.276562 0.601562 0.038542 0.055208
0 0.072396 0.141667 0.034375 0.043750
0 0.824479 0.132292 0.042708 0.047917
0 0.430208 0.609375 0.047917 0.037500
0 0.460938 0.180729 0.023958 0.042708
0 0.203125 0.431250 0.037500 0.031250
0 0.352083 0.815625 0.045833 0.043750
0 0.270313 0.732292 0.030208 0.047917
0 0.073438 0.795833 0.026042 0.041667
0 0.596875 0.815625 0.029167 0.037500
0 0.777604 0.748437 0.044792 0.051042
0 0.350521 0.830729 0.044792 0.032292
0 0.550521 0.953646 0.040625 0.026042
0 0.458854 0.966667 0.048958 0.039583
0 0.570312 0.323437 0.026042 0.051042
0 0.475000 0.184896 0.047917 0.053125
0 0.598437 0.536458 0.044792 0.035417
0 0.761979 0.205729 0.040625 0.034375
0 0.359896 0.192708 0.042708 0.047917
0 0.890104 0.689063 0.034375 0.051042
0 0.234896 0.420833 0.034375 0.047917
0 0.522396 0.616146 0.046875 0.032292
0 0.137500 0.824479 0.037500 0.053125
0 0.750000 0.216146 0.039583 0.055208
0 0.244792 0.158854 0.039583 0.038542
0 0.688021 0.540104 0.046875 0.048958
0 0.755208 0.151562 0.045833 0.048958
0 0.895312 0.700000 0.034375 0.039583
0 0.583854 0.602604 0.046875 0.048958
0 0.383854 0.471354 0.042708 0.044792
0 0.582812 0.813021 0.053125 0.032292
0 0.627083 0.293229 0.045833 0.036458
0 0.683854 0.180208 0.053125 0.037500
0 0.673438 0.926562 0.042708 0.044792
0 0.670312 0.138542 0.042708 0.020833
0 0.756250 0.363021 0.054167 0.042708
0 0.628125 0.586458 0.035417 0.043750
0 0.238542 0.931771 0.039583 0.036458
0 0.843750 0.623437 0.039583 0.030208
0 0.853646 0.472396 0.036458 0.051042
0 0.619271 0.509375 0.023958 0.041667
0 0.301042 0.285938 0.050000 0.044792
0 0.967187 0.540104 0.044792 0.028125
0 0.634375 0.928125 0.052083 0.045833
0 0.672917 0.527604 0.050000 0.044792
0 0.853646 0.552083 0.044792 0.054167
0 0.269271 0.899479 0.044792 0.042708
0 0.881250 0.945312 0.025000 0.046875
0 0.634375 0.729688 0.050000 0.042708
0 0.556771 0.815104 0.044792 0.051042
0 0.090625 0.754687 0.035417 0.048958
0 0.584896 0.910937 0.040625 0.051042
0 0.420312 0.265625 0.038542 0.025000
0 0.343229 0.813542 0.028125 0.045833
0 0.553646 0.768229 0.026042 0.051042
0 0.779687 0.584375 0.040625 0.022917
0 0.421875 0.890625 0.031250 0.045833
0 0.204167 0.882812 0.045833 0.036458
0 0.889583 0.085417 0.041667 0.039583
0 0.909375 0.326042 0.029167 0.041667
0 0.902083 0.591667 0.037500 0.022917
0 0.526042 0.407813 0.022917 0.038542
0 0.864062 0.458333 0.032292 0.052083
0 0.276562 0.810417 0.038542 0.022917
0 0.134896 0.456250 0.032292 0.047917
0 0.823438 0.876042 0.046875 0.033333
0 0.916146 0.132812 0.026042 0.040625
0 0.287500 0.445833 0.037500 0.035417
0 0.897917 0.858333 0.037500 0.035417
0 0.255208 0.235937 0.031250 0.040625
0 0.693229 0.079167 0.028125 0.039583
0 0.094792 0.443750 0.022917 0.043750
0 0.172396 0.935417 0.038542 0.033333
0 0.493229 0.080208 0.040625 0.052083
0 0.840625 0.783333 0.052083 0.047917
0 0.181771 0.618229 0.040625 0.030208
0 0.426042 0.264583 0.035417 0.047917
0 0.655208 0.811458 0.052083 0.041667
0 0.330729 0.482292 0.038542 0.035417
0 0.346354 0.339062 0.044792 0.032292
0 0.424479 0.304167 0.034375 0.043750
0 0.238021 0.250521 0.034375 0.053125
0 0.261979 0.969271 0.023958 0.046875
0 0.532292 0.151562 0.043750 0.021875
0 0.092708 0.303646 0.045833 0.023958
0 0.782813 0.388021 0.051042 0.044792
0 0.584896 0.140625 0.034375 0.039583
0 0.447917 0.586979 0.037500 0.048958
0 0.938542 0.589063 0.039583 0.028125
0 0.948958 0.513542 0.037500 0.025000
0 0.391667 0.640625 0.039583 0.020833
0 0.688542 0.579688 0.045833 0.055208
0 0.501563 0.233333 0.038542 0.022917
0 0.221875 0.819792 0.037500 0.033333
0 0.529687 0.517188 0.044792 0.051042
0 0.406250 0.706771 0.037500 0.044792
0 0.516667 0.368750 0.033333 0.037500
0 0.806250 0.908333 0.033333 0.037500
0 0.622917 0.756771 0.045833 0.048958
0 0.310417 0.779167 0.025000 0.041667
0 0.759896 0.423438 0.040625 0.026042
0 0.806771 0.831250 0.044792 0.052083
0 0.864583 0.258854 0.033333 0.044792