0 0.091667 0.643750 0.045833 0.043750
0 0.445833 0.858333 0.047917 0.041667
0 0.511458 0.226562 0.039583 0.036458
0 0.836458 0.901563 0.045833 0.034375
0 0.731250 0.309896 0.039583 0.034375
0 0.375000 0.907813 0.041667 0.042708
0 0.691146 0.096354 0.046875 0.055208
0 0.090625 0.108333 0.037500 0.041667
0 0.087500 0.866146 0.047917 0.032292
0 0.135417 0.228125 0.041667 0.039583
0 0.662500 0.663542 0.037500 0.035417
0 0.519792 0.185417 0.037500 0.035417
0 0.396875 0.957292 0.016667 0.033333
0 0.214062 0.418750 0.048958 0.035417
0 0.082812 0.258333 0.036458 0.020833
0 0.288021 0.631250 0.046875 0.052083
0 0.283854 0.859896 0.040625 0.055208
0 0.076563 0.714063 0.036458 0.051042
0 0.337500 0.752083 0.031250 0.037500
0 0.688542 0.352604 0.029167 0.051042
0 0.096875 0.309896 0.033333 0.040625
0 0.281771 0.449479 0.048958 0.046875
0 0.844271 0.519271 0.051042 0.040625
0 0.639583 0.908333 0.043750 0.033333
0 0.116146 0.604167 0.040625 0.047917
0 0.649479 0.552083 0.042708 0.041667
0 0.214583 0.883854 0.022917 0.044792
0 0.763542 0.214062 0.043750 0.055208
0 0.637500 0.168750 0.047917 0.050000
0 0.426042 0.447917 0.041667 0.031250
0 0.115104 0.609896 0.044792 0.030208
0 0.154167 0.564583 0.041667 0.052083
0 0.229687 0.940104 0.055208 0.046875
0 0.326042 0.756250 0.039583 0.022917
0 0.851562 0.248438 0.051042 0.042708
0 0.691667 0.242188 0.054167 0.040625
0 0.798438 0.086458 0.051042 0.047917
0 0.506250 0.872396 0.035417 0.040625
0 0.644792 0.957292 0.033333 0.052083
0 0.658854 0.806771 0.051042 0.044792
0 0.493750 0.307292 0.031250 0.037500
0 0.226562 0.649479 0.040625 0.038542
0 0.751042 0.347396 0.052083 0.051042
0 0.533854 0.347917 0.044792 0.052083
0 0.267708 0.418750 0.041667 0.039583
0 0.188542 0.291146 0.027083 0.046875
0 0.919792 0.494792 0.035417 0.043750
0 0.758854 0.209375 0.028125 0.041667
0 0.913542 0.781771 0.054167 0.040625
0 0.213021 0.800000 0.040625 0.020833
0 0.417187 0.940625 0.040625 0.054167
0 0.775000 0.386979 0.039583 0.038542
0 0.697396 0.671354 0.028125 0.040625
0 0.288542 0.366667 0.043750 0.035417
0 0.159375 0.331250 0.050000 0.047917
0 0.280208 0.939063 0.039583 0.044792
0 0.889062 0.736458 0.038542 0.043750
0 0.558333 0.404167 0.043750 0.035417
0 0.964583 0.498958 0.037500 0.035417
0 0.918750 0.140104 0.039583 0.048958
0 0.466667 0.592708 0.052083 0.047917
0 0.948438 0.076042 0.036458 0.047917
0 0.191146 0.316667 0.040625 0.041667
0 0.528646 0.531771 0.040625 0.038542
0 0.431771 0.901042 0.023958 0.045833
0 0.314063 0.078646 0.055208 0.046875
0 0.320312 0.165104 0.028125 0.051042
0 0.714583 0.635417 0.025000 0.039583
0 0.460417 0.537500 0.041667 0.025000
0 0.268229 0.456771 0.051042 0.044792
0 0.346875 0.957812 0.045833 0.048958
0 0.885938 0.367708 0.038542 0.025000
0 0.861979 0.971354 0.048958 0.046875
0 0.579167 0.942187 0.045833 0.032292
0 0.791146 0.816146 0.021875 0.038542
0 0.916146 0.467708 0.032292 0.047917
0 0.647917 0.106250 0.050000 0.029167
0 0.706771 0.543750 0.034375 0.043750
0 0.582812 0.854688 0.053125 0.034375
0 0.729167 0.964583 0.033333 0.037500
0 0.527604 0.853125 0.044792 0.033333
0 0.437500 0.294271 0.039583 0.048958
0 0.365104 0.428646 0.038542 0.051042
0 0.348438 0.290104 0.032292 0.044792
0 0.664062 0.076563 0.040625 0.036458
0 0.497917 0.094792 0.037500 0.041667
0 0.566667 0.429688 0.043750 0.042708
0 0.760938 0.124479 0.046875 0.034375
0 0.096875 0.591146 0.054167 0.038542
0 0.218750 0.499479 0.050000 0.042708
0 0.450521 0.619271 0.034375 0.048958
0 0.093229 0.402604 0.055208 0.048958
0 0.331250 0.290625 0.029167 0.041667
0 0.100000 0.751042 0.029167 0.050000
0 0.376042 0.911979 0.039583 0.044792
0 0.138542 0.841146 0.047917 0.046875
0 0.717708 0.862500 0.027083 0.045833
0 0.177604 0.834375 0.042708 0.037500
0 0.515104 0.928125 0.028125 0.043750
0 0.953125 0.153646 0.043750 0.040625
0 0.420312 0.683333 0.044792 0.045833
0 0.535937 0.472917 0.053125 0.041667
0 0.073958 0.381250 0.041667 0.047917
0 0.476562 0.636979 0.051042 0.053125
0 0.771875 0.462500 0.037500 0.033333
0 0.704688 0.883854 0.030208 0.053125
0 0.819271 0.753125 0.046875 0.043750
0 0.773958 0.234896 0.033333 0.053125
0 0.587500 0.073438 0.043750 0.040625
0 0.665625 0.740625 0.035417 0.037500
0 0.330208 0.907813 0.039583 0.044792
0 0.940104 0.684375 0.036458 0.018750
0 0.221354 0.402604 0.053125 0.034375
0 0.608333 0.779687 0.039583 0.032292
0 0.849479 0.378125 0.036458 0.020833
0 0.457813 0.125521 0.055208 0.044792
0 0.653646 0.281771 0.040625 0.055208
0 0.536979 0.383333 0.030208 0.043750
0 0.220312 0.407292 0.030208 0.039583
0 0.644271 0.238021 0.026042 0.040625
0 0.860417 0.433854 0.054167 0.042708
0 0.807813 0.409896 0.038542 0.046875
0 0.357292 0.725000 0.031250 0.041667
0 0.511979 0.686979 0.036458 0.051042
0 0.616146 0.310417 0.026042 0.041667
0 0.810937 0.655208 0.044792 0.054167
0 0.853125 0.157812 0.031250 0.040625
0 0.272396 0.482812 0.055208 0.048958
0 0.863542 0.445312 0.050000 0.040625
0 0.813542 0.244792 0.037500 0.052083
0 0.589063 0.416667 0.042708 0.054167
0 0.856250 0.880208 0.052083 0.045833
0 0.671354 0.097396 0.051042 0.040625
0 0.569271 0.897917 0.032292 0.047917
0 0.154688 0.232292 0.048958 0.041667
0 0.428125 0.245312 0.050000 0.028125
0 0.738542 0.668229 0.037500 0.040625
0 0.822396 0.687500 0.034375 0.047917
0 0.925000 0.331771 0.039583 0.036458
0 0.231250 0.175521 0.043750 0.055208
0 0.534375 0.242708 0.037500 0.033333
0 0.366146 0.183854 0.055208 0.046875
0 0.307292 0.587500 0.025000 0.037500
0 0.566146 0.862500 0.042708 0.029167
0 0.598958 0.305208 0.050000 0.050000
0 0.654167 0.914583 0.043750 0.035417
0 0.224479 0.331250 0.051042 0.029167
0 0.520312 0.852083 0.032292 0.039583
0 0.786458 0.106771 0.025000 0.038542
0 0.893750 0.824479 0.041667 0.055208
0 0.801042 0.407813 0.018750 0.036458
0 0.502083 0.336458 0.045833 0.052083
0 0.467187 0.747396 0.055208 0.046875
0 0.302083 0.803125 0.043750 0.033333
0 0.733854 0.535937 0.046875 0.055208
0 0.845833 0.271875 0.033333 0.037500
0 0.288542 0.378125 0.052083 0.039583
0 0.217708 0.431250 0.035417 0.043750
0 0.298438 0.564063 0.032292 0.053125
0 0.728646 0.601042 0.038542 0.043750
0 0.569792 0.314583 0.043750 0.045833
0 0.561979 0.825521 0.034375 0.046875
0 0.106771 0.794271 0.028125 0.044792
0 0.339062 0.742188 0.048958 0.046875
0 0.961458 0.740625 0.037500 0.029167
0 0.300521 0.229167 0.023958 0.045833
0 0.949479 0.648438 0.040625 0.051042
0 0.932813 0.694792 0.028125 0.039583
0 0.851042 0.500000 0.052083 0.037500
0 0.880208 0.706771 0.045833 0.036458
0 0.845313 0.822917 0.053125 0.037500
0 0.118750 0.893229 0.047917 0.032292
0 0.234896 0.707292 0.036458 0.047917
0 0.930208 0.612500 0.041667 0.031250
0 0.660417 0.613542 0.037500 0.027083
0 0.440104 0.115104 0.040625 0.036458
0 0.128125 0.514583 0.050000 0.050000
0 0.121875 0.399479 0.022917 0.038542
0 0.143750 0.926042 0.043750 0.033333
0 0.505729 0.527604 0.030208 0.044792
0 0.256771 0.173958 0.048958 0.041667
0 0.291146 0.285417 0.046875 0.027083
0 0.402083 0.330729 0.052083 0.051042
0 0.690104 0.756771 0.046875 0.040625
0 0.835938 0.404167 0.053125 0.037500
0 0.695833 0.425000 0.037500 0.041667
0 0.395833 0.486458 0.022917 0.037500
0 0.137500 0.177083 0.043750 0.033333
0 0.784375 0.416146 0.052083 0.034375
0 0.916146 0.825521 0.036458 0.051042
0 0.551562 0.158854 0.051042 0.053125
0 0.159896 0.903646 0.034375 0.051042
0 0.717187 0.835938 0.038542 0.021875
0 0.133333 0.125521 0.045833 0.040625
0 0.530208 0.746354 0.043750 0.042708
0 0.230208 0.641146 0.054167 0.040625
0 0.963021 0.292187 0.032292 0.048958
0 0.182812 0.196875 0.038542 0.033333
0 0.634896 0.192708 0.017708 0.035417
0 0.551562 0.725521 0.040625 0.036458
0 0.562500 0.909896 0.043750 0.042708
0 0.656250 0.238542 0.041667 0.052083
0 0.884375 0.182812 0.020833 0.038542
0 0.332292 0.941146 0.035417 0.040625
0 0.896354 0.456771 0.048958 0.034375
0 0.072917 0.783854 0.029167 0.040625
0 0.226562 0.551562 0.030208 0.051042
0 0.504167 0.469792 0.043750 0.045833
0 0.152083 0.220312 0.031250 0.044792
0 0.388542 0.779167 0.037500 0.025000
0 0.809896 0.179167 0.042708 0.039583
0 0.569271 0.856771 0.046875 0.036458
0 0.871354 0.667188 0.046875 0.036458
0 0.214583 0.701042 0.033333 0.037500
0 0.062500 0.341146 0.020833 0.036458
0 0.131250 0.552083 0.035417 0.020833
0 0.228125 0.293229 0.045833 0.036458
0 0.844792 0.118750 0.037500 0.047917
0 0.329688 0.452083 0.046875 0.043750
0 0.490625 0.471354 0.054167 0.048958
0 0.438542 0.877604 0.047917 0.046875
0 0.219271 0.914062 0.042708 0.051042
0 0.766667 0.264062 0.043750 0.048958
0 0.186458 0.665625 0.047917 0.035417
0 0.509896 0.947917 0.040625 0.047917
0 0.950000 0.089063 0.047917 0.032292
0 0.250000 0.084375 0.033333 0.052083
0 0.866667 0.097917 0.052083 0.035417
0 0.376042 0.505729 0.052083 0.034375
0 0.100521 0.777604 0.048958 0.055208
0 0.433333 0.722396 0.050000 0.044792
0 0.433854 0.876563 0.051042 0.055208
0 0.668229 0.580208 0.048958 0.039583
0 0.563542 0.650000 0.029167 0.037500
0 0.164062 0.410938 0.038542 0.051042
0 0.911979 0.848437 0.044792 0.026042
0 0.545833 0.955208 0.052083 0.041667
0 0.443229 0.660937 0.048958 0.055208
0 0.579688 0.957292 0.034375 0.037500
0 0.496354 0.940104 0.042708 0.023958
0 0.954167 0.388542 0.029167 0.037500
0 0.946354 0.632292 0.053125 0.043750
0 0.655729 0.892708 0.036458 0.037500
0 0.604167 0.135417 0.035417 0.037500
0 0.253125 0.203125 0.047917 0.039583
0 0.847917 0.290625 0.039583 0.052083
0 0.295312 0.962500 0.032292 0.047917
0 0.585938 0.593229 0.053125 0.053125
0 0.177083 0.819792 0.033333 0.045833
0 0.216146 0.686979 0.044792 0.048958
0 0.797917 0.907292 0.033333 0.047917
0 0.680208 0.310417 0.043750 0.025000
0 0.177604 0.469271 0.051042 0.053125
0 0.902604 0.900521 0.051042 0.038542
0 0.262500 0.089063 0.054167 0.046875
0 0.483333 0.348958 0.035417 0.043750
0 0.275521 0.254688 0.032292 0.040625
0 0.540625 0.111458 0.037500 0.027083
0 0.141146 0.765104 0.019792 0.038542
0 0.120833 0.793750 0.045833 0.043750
0 0.382812 0.882292 0.042708 0.039583
0 0.136458 0.742708 0.022917 0.037500
0 0.357292 0.723437 0.033333 0.048958
0 0.794271 0.353125 0.044792 0.052083
0 0.165625 0.791146 0.037500 0.044792
0 0.382292 0.943750 0.037500 0.035417
0 0.153125 0.942708 0.035417 0.018750
0 0.627604 0.243750 0.038542 0.043750
0 0.788021 0.488021 0.042708 0.021875
0 0.177083 0.526042 0.037500 0.047917
0 0.367188 0.781771 0.046875 0.034375
0 0.620313 0.589063 0.034375 0.046875
0 0.626042 0.692708 0.025000 0.043750
0 0.739062 0.251042 0.040625 0.041667
0 0.895833 0.434896 0.045833 0.055208
0 0.938021 0.318229 0.032292 0.044792
0 0.901563 0.498437 0.055208 0.044792
0 0.502083 0.746354 0.050000 0.036458
0 0.390625 0.133854 0.029167 0.040625
0 0.439063 0.832812 0.051042 0.040625
0 0.742708 0.264583 0.037500 0.047917
0 0.142708 0.792188 0.047917 0.028125
0 0.822917 0.461979 0.039583 0.028125
0 0.708333 0.872396 0.035417 0.053125
0 0.511458 0.736458 0.016667 0.033333
0 0.833333 0.772917 0.043750 0.035417
0 0.761458 0.475521 0.037500 0.044792
0 0.221354 0.554688 0.032292 0.040625
0 0.627604 0.614062 0.028125 0.040625
0 0.311458 0.852083 0.045833 0.029167
0 0.875000 0.693229 0.022917 0.038542
0 0.148958 0.115625 0.047917 0.041667
0 0.556771 0.115625 0.040625 0.020833
0 0.711979 0.778125 0.051042 0.047917
0 0.689583 0.623958 0.035417 0.037500
0 0.600000 0.267188 0.054167 0.048958
0 0.680208 0.630729 0.047917 0.055208
0 0.905729 0.867708 0.036458 0.020833
0 0.631771 0.515104 0.055208 0.048958
0 0.437500 0.146875 0.037500 0.027083
0 0.344792 0.263542 0.037500 0.035417
0 0.336458 0.252083 0.045833 0.045833
0 0.909896 0.588021 0.055208 0.042708
0 0.599479 0.615104 0.046875 0.034375
0 0.455208 0.939583 0.041667 0.052083
0 0.247917 0.590104 0.041667 0.044792
0 0.787500 0.763542 0.043750 0.022917
0 0.295833 0.630729 0.050000 0.053125
0 0.523958 0.202083 0.043750 0.045833
0 0.490625 0.639062 0.043750 0.030208
0 0.398438 0.608854 0.044792 0.042708
0 0.790104 0.734375 0.030208 0.047917
0 0.219271 0.490625 0.051042 0.031250
0 0.517188 0.775000 0.034375 0.037500
0 0.260937 0.640104 0.040625 0.034375
0 0.763021 0.594271 0.038542 0.021875
0 0.451042 0.574479 0.027083 0.048958
0 0.885417 0.405729 0.039583 0.030208
0 0.925521 0.855729 0.028125 0.046875
0 0.368750 0.276042 0.043750 0.025000
0 0.100521 0.415104 0.028125 0.044792
0 0.292187 0.571875 0.038542 0.035417
0 0.426042 0.952083 0.043750 0.045833
0 0.552083 0.869271 0.045833 0.040625
0 0.251563 0.397396 0.048958 0.028125
0 0.876042 0.839583 0.039583 0.041667
0 0.798438 0.201563 0.040625 0.028125
0 0.117708 0.315625 0.041667 0.039583
0 0.446354 0.517708 0.044792 0.054167
0 0.727083 0.273438 0.050000 0.038542
0 0.138542 0.900000 0.041667 0.039583
0 0.346354 0.475521 0.032292 0.044792
0 0.252083 0.309896 0.054167 0.042708
0 0.908854 0.167187 0.036458 0.055208
0 0.445833 0.403646 0.045833 0.038542
0 0.232813 0.533854 0.044792 0.040625
0 0.481250 0.209375 0.050000 0.050000
0 0.875000 0.475521 0.050000 0.053125
0 0.506771 0.713542 0.051042 0.050000
0 0.551042 0.697396 0.054167 0.044792
0 0.109896 0.786458 0.048958 0.035417
0 0.642188 0.156771 0.030208 0.044792
0 0.308333 0.115104 0.045833 0.023958
0 0.847917 0.465625 0.035417 0.047917
0 0.620833 0.881771 0.031250 0.040625
0 0.599479 0.440625 0.044792 0.027083
0 0.247396 0.204167 0.044792 0.035417
0 0.204167 0.452083 0.039583 0.020833
0 0.735938 0.839063 0.051042 0.044792
0 0.242188 0.207813 0.023958 0.042708