0 0.358333 0.155208 0.025000 0.039583
0 0.625521 0.310417 0.034375 0.047917
0 0.967708 0.110937 0.050000 0.040625
0 0.283333 0.456250 0.025000 0.047917
0 0.600000 0.952604 0.041667 0.023958
0 0.802083 0.912500 0.052083 0.041667
0 0.219271 0.664062 0.042708 0.051042
0 0.489583 0.910417 0.027083 0.041667
0 0.958854 0.160938 0.036458 0.046875
0 0.435417 0.911979 0.045833 0.032292
0 0.585417 0.215104 0.039583 0.030208
0 0.690625 0.408854 0.050000 0.034375
0 0.472917 0.284375 0.041667 0.037500
0 0.814583 0.214062 0.037500 0.019792
0 0.647396 0.231771 0.023958 0.040625
0 0.549479 0.590625 0.023958 0.041667
0 0.159375 0.218229 0.035417 0.044792
0 0.472917 0.600521 0.035417 0.053125
0 0.937500 0.174479 0.035417 0.044792
0 0.889583 0.295312 0.050000 0.040625
0 0.406250 0.646354 0.037500 0.053125
0 0.700521 0.441667 0.038542 0.047917
0 0.249479 0.326042 0.038542 0.035417
0 0.868229 0.766146 0.044792 0.055208
0 0.702604 0.453646 0.048958 0.032292
0 0.939583 0.754687 0.039583 0.028125
0 0.144271 0.080208 0.053125 0.039583
0 0.448958 0.485417 0.045833 0.027083
0 0.872917 0.619792 0.027083 0.037500
0 0.540625 0.579688 0.039583 0.028125
0 0.617708 0.528125 0.020833 0.041667
0 0.887500 0.417187 0.033333 0.053125
0 0.535937 0.629687 0.028125 0.044792
0 0.269792 0.105729 0.033333 0.040625
0 0.751563 0.780729 0.055208 0.036458
0 0.073958 0.352083 0.037500 0.027083
0 0.670312 0.118229 0.055208 0.046875
0 0.144792 0.153646 0.031250 0.051042
0 0.083854 0.166667 0.044792 0.037500
0 0.715625 0.141667 0.052083 0.043750
0 0.105208 0.350000 0.035417 0.043750
0 0.171875 0.128125 0.029167 0.045833
0 0.419271 0.511979 0.055208 0.046875
0 0.318229 0.547917 0.032292 0.039583
0 0.332292 0.777604 0.039583 0.030208
0 0.098437 0.286458 0.042708 0.031250
0 0.295833 0.793229 0.043750 0.040625
0 0.819271 0.831250 0.046875 0.052083
0 0.532813 0.189583 0.036458 0.020833
0 0.798438 0.963021 0.055208 0.044792
0 0.397396 0.895312 0.044792 0.032292
0 0.259896 0.214583 0.034375 0.039583
0 0.655729 0.154167 0.048958 0.041667
0 0.489063 0.738542 0.023958 0.041667
0 0.085417 0.106250 0.035417 0.037500
0 0.821354 0.597917 0.042708 0.029167
0 0.674479 0.409896 0.038542 0.040625
0 0.755729 0.757812 0.051042 0.040625
0 0.963021 0.825521 0.040625 0.044792
0 0.629687 0.603646 0.046875 0.048958
0 0.201042 0.654167 0.035417 0.043750
0 0.203125 0.546354 0.045833 0.048958
0 0.275521 0.863542 0.044792 0.033333
0 0.141146 0.776563 0.034375 0.053125
0 0.844271 0.585938 0.032292 0.044792
0 0.313542 0.329688 0.035417 0.048958
0 0.490625 0.543229 0.035417 0.048958
0 0.073958 0.892708 0.031250 0.041667
0 0.432812 0.427604 0.023958 0.042708
0 0.195833 0.171875 0.035417 0.043750
0 0.832812 0.492708 0.028125 0.039583
0 0.151042 0.580729 0.039583 0.034375
0 0.929167 0.903125 0.043750 0.035417
0 0.464583 0.563021 0.050000 0.044792
0 0.954688 0.370833 0.038542 0.027083
0 0.811458 0.934896 0.035417 0.040625
0 0.331771 0.961979 0.053125 0.051042
0 0.704688 0.119271 0.026042 0.051042
0 0.596875 0.307812 0.045833 0.048958
0 0.683333 0.102604 0.054167 0.046875
0 0.871354 0.434375 0.038542 0.031250
0 0.432812 0.439063 0.046875 0.026042
0 0.139583 0.272396 0.039583 0.048958
0 0.261458 0.109375 0.041667 0.039583
0 0.302083 0.944792 0.025000 0.041667
0 0.227083 0.457292 0.043750 0.025000
0 0.902083 0.680729 0.039583 0.044792
0 0.351042 0.839583 0.018750 0.035417
0 0.371354 0.266146 0.055208 0.040625
0 0.542188 0.507812 0.048958 0.046875
0 0.775521 0.257812 0.051042 0.053125
0 0.080729 0.743229 0.048958 0.030208
0 0.721354 0.803646 0.040625 0.032292
0 0.753646 0.504687 0.036458 0.046875
0 0.256771 0.244792 0.042708 0.041667
0 0.783333 0.563021 0.031250 0.053125
0 0.720313 0.833333 0.038542 0.043750
0 0.186458 0.265104 0.050000 0.044792
0 0.500521 0.125521 0.038542 0.040625
0 0.757292 0.322396 0.043750 0.028125
0 0.317188 0.371354 0.023958 0.046875
0 0.076042 0.375000 0.027083 0.037500
0 0.166667 0.645312 0.052083 0.034375
0 0.558854 0.814063 0.038542 0.051042
0 0.838542 0.534896 0.027083 0.040625
0 0.400521 0.858333 0.034375 0.037500
0 0.435417 0.428125 0.037500 0.041667
0 0.238542 0.637500 0.052083 0.039583
0 0.760417 0.941146 0.027083 0.051042
0 0.108333 0.940104 0.054167 0.040625
0 0.572917 0.100000 0.041667 0.039583
0 0.668229 0.143750 0.051042 0.033333
0 0.257292 0.922396 0.031250 0.044792
0 0.868750 0.603646 0.031250 0.040625
0 0.512500 0.301042 0.052083 0.043750
0 0.935417 0.909896 0.039583 0.026042
0 0.415625 0.596875 0.050000 0.047917
0 0.521875 0.526563 0.047917 0.032292
0 0.173437 0.662500 0.026042 0.045833
0 0.633854 0.816667 0.051042 0.033333
0 0.258854 0.425000 0.032292 0.043750
0 0.542188 0.366146 0.038542 0.055208
0 0.228646 0.553125 0.044792 0.035417
0 0.139583 0.440104 0.050000 0.044792
0 0.833854 0.657292 0.046875 0.045833
0 0.720313 0.517188 0.042708 0.023958
0 0.122396 0.093750 0.030208 0.039583
0 0.798438 0.505729 0.030208 0.040625
0 0.246354 0.393229 0.040625 0.034375
0 0.613542 0.905729 0.029167 0.051042
0 0.656771 0.106250 0.044792 0.025000
0 0.197396 0.336458 0.038542 0.031250
0 0.844271 0.194792 0.038542 0.033333
0 0.119792 0.815104 0.033333 0.048958
0 0.472396 0.326562 0.026042 0.040625
0 0.131771 0.571354 0.038542 0.055208
0 0.732292 0.515625 0.020833 0.035417
0 0.953125 0.831771 0.045833 0.048958
0 0.280729 0.604688 0.038542 0.046875
0 0.392188 0.225000 0.026042 0.037500
0 0.173437 0.672396 0.044792 0.026042
0 0.491146 0.652083 0.048958 0.052083
0 0.694271 0.225000 0.038542 0.035417
0 0.888542 0.616146 0.025000 0.044792
0 0.753646 0.513542 0.038542 0.047917
0 0.890625 0.646354 0.035417 0.040625
0 0.750521 0.960417 0.053125 0.039583
0 0.933333 0.647396 0.041667 0.044792
0 0.793750 0.934896 0.039583 0.044792
0 0.750000 0.379167 0.041667 0.027083
0 0.270833 0.938021 0.016667 0.034375
0 0.519271 0.327083 0.053125 0.045833
0 0.471875 0.744271 0.045833 0.023958
0 0.221354 0.816667 0.048958 0.035417
0 0.111458 0.525000 0.052083 0.045833
0 0.311979 0.379167 0.038542 0.035417
0 0.930729 0.308854 0.040625 0.028125
0 0.075000 0.651563 0.037500 0.044792
0 0.616667 0.759375 0.045833 0.052083
0 0.402083 0.743750 0.047917 0.041667
0 0.807813 0.571875 0.044792 0.052083
0 0.083854 0.783333 0.048958 0.041667
0 0.103125 0.399479 0.041667 0.044792
0 0.786979 0.407292 0.038542 0.025000
0 0.811979 0.629687 0.030208 0.040625
0 0.075521 0.774479 0.036458 0.040625
0 0.680208 0.942187 0.037500 0.021875
0 0.402083 0.151042 0.035417 0.052083
0 0.846875 0.162500 0.025000 0.043750
0 0.731771 0.362500 0.048958 0.041667
0 0.502083 0.280729 0.045833 0.036458
0 0.329688 0.265625 0.051042 0.050000
0 0.665625 0.963542 0.029167 0.045833
0 0.308333 0.447917 0.050000 0.029167
0 0.243229 0.255729 0.026042 0.051042
0 0.476042 0.617188 0.039583 0.034375
0 0.951562 0.908854 0.044792 0.026042
0 0.562500 0.847917 0.031250 0.037500
0 0.494271 0.369792 0.036458 0.043750
0 0.718750 0.585417 0.039583 0.047917
0 0.867708 0.722917 0.052083 0.045833
0 0.127604 0.411458 0.036458 0.037500
0 0.733333 0.389062 0.054167 0.036458
0 0.547396 0.763021 0.040625 0.046875
0 0.644271 0.427604 0.038542 0.038542
0 0.832292 0.132812 0.047917 0.053125
0 0.865104 0.556771 0.038542 0.046875
0 0.334896 0.858333 0.040625 0.041667
0 0.394271 0.896875 0.026042 0.041667
0 0.723958 0.815104 0.039583 0.030208
0 0.922396 0.579688 0.048958 0.046875
0 0.954167 0.796354 0.050000 0.038542
0 0.863021 0.954688 0.042708 0.044792
0 0.380729 0.873437 0.044792 0.055208
0 0.663542 0.843750 0.029167 0.037500
0 0.655208 0.895312 0.041667 0.044792
0 0.093750 0.676562 0.052083 0.051042
0 0.297396 0.568229 0.040625 0.044792
0 0.482292 0.440625 0.020833 0.035417
0 0.254167 0.321354 0.037500 0.040625
0 0.839063 0.605208 0.046875 0.045833
0 0.077083 0.476562 0.050000 0.040625
0 0.451042 0.365104 0.035417 0.048958
0 0.553646 0.271354 0.046875 0.026042
0 0.367708 0.785417 0.037500 0.025000
0 0.629167 0.864062 0.050000 0.036458
0 0.487500 0.619271 0.043750 0.026042
0 0.613021 0.687500 0.048958 0.035417
0 0.647917 0.880208 0.027083 0.037500
0 0.334896 0.811458 0.038542 0.029167
0 0.696875 0.298958 0.043750 0.045833
0 0.180729 0.190625 0.044792 0.025000
0 0.593750 0.563542 0.043750 0.045833
0 0.139583 0.907292 0.037500 0.047917
0 0.508854 0.631250 0.048958 0.025000
0 0.488542 0.465104 0.043750 0.055208
0 0.859896 0.304688 0.046875 0.048958
0 0.293229 0.241667 0.034375 0.047917
0 0.725521 0.721354 0.048958 0.032292
0 0.613542 0.477604 0.031250 0.044792
0 0.467187 0.302083 0.042708 0.039583
0 0.351042 0.086979 0.037500 0.038542
0 0.357292 0.298438 0.033333 0.053125
0 0.613542 0.937500 0.020833 0.039583
0 0.701562 0.092708 0.042708 0.054167
0 0.119792 0.072917 0.041667 0.039583
0 0.284375 0.409896 0.050000 0.034375
0 0.459375 0.898958 0.052083 0.043750
0 0.220833 0.828125 0.031250 0.045833
0 0.813542 0.353125 0.025000 0.037500
0 0.713542 0.411979 0.037500 0.038542
0 0.769271 0.550521 0.040625 0.044792
0 0.529687 0.208854 0.046875 0.048958
0 0.246875 0.582292 0.035417 0.037500
0 0.085938 0.069271 0.048958 0.030208
0 0.165104 0.738021 0.028125 0.040625
0 0.755208 0.237500 0.035417 0.037500
0 0.770312 0.494792 0.034375 0.039583
0 0.951562 0.182812 0.019792 0.038542
0 0.100000 0.713542 0.031250 0.050000
0 0.669792 0.646875 0.029167 0.037500
0 0.465104 0.542708 0.038542 0.033333
0 0.905208 0.715625 0.037500 0.033333
0 0.352083 0.130208 0.045833 0.043750
0 0.397917 0.126562 0.045833 0.055208
0 0.234896 0.913021 0.048958 0.028125
0 0.756771 0.741667 0.046875 0.031250
0 0.364063 0.705729 0.040625 0.036458
0 0.412500 0.541146 0.041667 0.044792
0 0.654687 0.437500 0.046875 0.029167
0 0.906250 0.594792 0.025000 0.043750
0 0.235417 0.906771 0.035417 0.048958
0 0.641146 0.458854 0.051042 0.044792
0 0.388542 0.577604 0.035417 0.040625
0 0.162500 0.360938 0.033333 0.053125
0 0.694271 0.369271 0.028125 0.040625
0 0.290625 0.146875 0.052083 0.041667
0 0.427083 0.140104 0.018750 0.036458
0 0.207292 0.290625 0.047917 0.039583
0 0.256250 0.218229 0.037500 0.048958
0 0.716667 0.685937 0.020833 0.036458
0 0.164583 0.923958 0.035417 0.043750
0 0.221875 0.601042 0.047917 0.041667
0 0.813021 0.473438 0.038542 0.040625
0 0.742188 0.566146 0.038542 0.019792
0 0.923438 0.140104 0.040625 0.055208
0 0.869271 0.207292 0.053125 0.041667
0 0.305208 0.913021 0.035417 0.044792
0 0.419792 0.334896 0.039583 0.023958
0 0.542188 0.533854 0.048958 0.048958
0 0.954688 0.111979 0.046875 0.048958
0 0.105208 0.315104 0.045833 0.034375
0 0.539583 0.783333 0.047917 0.041667
0 0.906771 0.280208 0.038542 0.047917
0 0.930208 0.388021 0.054167 0.048958
0 0.406771 0.605729 0.026042 0.044792
0 0.302083 0.405729 0.039583 0.023958
0 0.669271 0.458333 0.042708 0.033333
0 0.167187 0.531250 0.048958 0.027083
0 0.577604 0.193229 0.040625 0.030208
0 0.287500 0.880729 0.033333 0.053125
0 0.186458 0.869792 0.033333 0.037500
0 0.924479 0.738021 0.038542 0.021875
0 0.929688 0.500000 0.038542 0.035417
0 0.743229 0.083333 0.036458 0.020833
0 0.873958 0.313542 0.041667 0.037500
0 0.323437 0.905208 0.019792 0.039583
0 0.642708 0.747396 0.020833 0.036458
0 0.602604 0.254688 0.040625 0.044792
0 0.291146 0.416667 0.046875 0.031250
0 0.279687 0.813542 0.048958 0.037500
0 0.771875 0.128125 0.031250 0.045833
0 0.962500 0.194271 0.043750 0.040625
0 0.466146 0.870313 0.038542 0.055208
0 0.897917 0.160417 0.047917 0.052083
0 0.186458 0.837500 0.045833 0.043750
0 0.157812 0.208854 0.046875 0.034375
0 0.843750 0.876563 0.041667 0.021875
0 0.831771 0.806771 0.044792 0.042708
0 0.129688 0.204167 0.036458 0.020833
0 0.631250 0.847396 0.041667 0.044792
0 0.525000 0.113542 0.025000 0.037500
0 0.913021 0.405729 0.040625 0.028125
0 0.666146 0.546354 0.051042 0.053125
0 0.210417 0.093750 0.045833 0.027083
0 0.216667 0.097396 0.050000 0.034375
0 0.805729 0.906771 0.051042 0.044792
0 0.496354 0.339583 0.036458 0.037500
0 0.276042 0.950521 0.050000 0.040625
0 0.957292 0.769271 0.039583 0.048958
0 0.497396 0.179167 0.042708 0.025000
0 0.523958 0.461458 0.050000 0.050000
0 0.851042 0.853125 0.039583 0.052083
0 0.822917 0.177083 0.047917 0.037500
0 0.926042 0.400521 0.045833 0.055208
0 0.235417 0.691146 0.020833 0.042708
0 0.185938 0.544792 0.038542 0.029167
0 0.730208 0.651563 0.035417 0.040625
0 0.252604 0.601042 0.048958 0.037500
0 0.485938 0.546354 0.053125 0.051042
0 0.806771 0.571354 0.034375 0.053125
0 0.693229 0.475521 0.053125 0.034375
0 0.116667 0.195833 0.031250 0.041667
0 0.511979 0.818229 0.036458 0.046875
0 0.803125 0.921875 0.047917 0.025000
0 0.330208 0.603646 0.037500 0.044792
0 0.424479 0.747396 0.040625 0.044792
0 0.752083 0.121354 0.037500 0.021875
0 0.873437 0.388542 0.034375 0.052083
0 0.571875 0.528125 0.037500 0.027083
0 0.680729 0.129167 0.042708 0.037500
0 0.269792 0.288021 0.052083 0.034375
0 0.943229 0.455729 0.036458 0.040625
0 0.633854 0.620833 0.036458 0.052083
0 0.870313 0.786979 0.044792 0.042708
0 0.610938 0.188021 0.044792 0.048958
0 0.919792 0.894792 0.037500 0.029167
0 0.480208 0.382812 0.045833 0.048958
0 0.421875 0.905208 0.020833 0.035417
0 0.091146 0.226042 0.040625 0.041667
0 0.543750 0.646354 0.035417 0.053125
0 0.336458 0.314063 0.027083 0.042708
0 0.379688 0.786979 0.036458 0.046875
0 0.857812 0.846875 0.042708 0.047917
0 0.723958 0.630208 0.050000 0.029167
0 0.777604 0.495312 0.053125 0.032292
0 0.286458 0.632812 0.052083 0.053125
0 0.835417 0.116146 0.045833 0.036458
0 0.208333 0.889062 0.035417 0.053125
0 0.324479 0.782292 0.048958 0.041667
0 0.888542 0.374479 0.029167 0.051042
0 0.079687 0.474479 0.046875 0.038542
0 0.232292 0.473438 0.043750 0.055208
0 0.319792 0.893229 0.039583 0.038542
0 0.580208 0.390104 0.050000 0.042708
0 0.312500 0.435417 0.035417 0.020833
0 0.842187 0.743750 0.028125 0.045833
0 0.482292 0.116146 0.016667 0.034375
0 0.280729 0.654167 0.044792 0.047917
0 0.535417 0.352604 0.018750 0.036458
0 0.578125 0.078125 0.027083 0.037500
0 0.731250 0.215104 0.054167 0.046875
0 0.464062 0.341667 0.032292 0.039583
0 0.548958 0.429167 0.033333 0.037500
0 0.192188 0.353646 0.023958 0.042708
0 0.586458 0.882292 0.041667 0.039583
0 0.545312 0.627083 0.021875 0.043750
0 0.651042 0.889062 0.039583 0.034375
0 0.800521 0.632812 0.042708 0.055208
0 0.146354 0.800521 0.048958 0.030208
0 0.849479 0.277083 0.021875 0.037500
0 0.401042 0.396875 0.035417 0.043750
0 0.656771 0.592187 0.028125 0.048958
0 0.382812 0.716146 0.036458 0.046875
0 0.517188 0.398958 0.046875 0.029167
0 0.358854 0.902083 0.038542 0.029167
0 0.474479 0.379688 0.055208 0.040625
0 0.825521 0.385417 0.042708 0.027083
0 0.233333 0.288542 0.045833 0.045833
0 0.734375 0.543229 0.027083 0.046875
0 0.471354 0.647396 0.053125 0.034375
0 0.334896 0.541146 0.040625 0.030208
0 0.868750 0.185417 0.035417 0.018750
0 0.707292 0.708333 0.033333 0.037500
0 0.792188 0.093229 0.046875 0.023958
0 0.768229 0.081771 0.040625 0.030208
0 0.231771 0.223958 0.048958 0.035417
0 0.595833 0.685937 0.029167 0.040625
0 0.666146 0.307812 0.046875 0.034375
0 0.117708 0.948438 0.043750 0.030208
0 0.580208 0.234375 0.043750 0.045833
0 0.536458 0.086979 0.043750 0.042708
0 0.390625 0.336979 0.031250 0.051042
0 0.820312 0.416667 0.053125 0.047917
0 0.181250 0.692708 0.033333 0.047917
0 0.298438 0.564063 0.044792 0.040625
0 0.388542 0.369271 0.041667 0.048958
0 0.170833 0.653646 0.035417 0.044792
0 0.334896 0.709375 0.048958 0.052083
0 0.842187 0.892708 0.038542 0.035417
0 0.109375 0.928125 0.037500 0.035417
0 0.703646 0.645833 0.044792 0.052083
0 0.623437 0.753646 0.038542 0.046875
0 0.781771 0.723437 0.046875 0.048958
0 0.336979 0.489063 0.040625 0.034375
0 0.101562 0.905729 0.026042 0.040625
0 0.461979 0.483333 0.034375 0.052083
0 0.638542 0.458333 0.022917 0.037500
0 0.900521 0.405729 0.036458 0.046875
0 0.842187 0.858854 0.044792 0.040625
0 0.368229 0.682813 0.048958 0.046875
0 0.593229 0.192188 0.044792 0.026042
0 0.334896 0.773958 0.042708 0.039583
0 0.891146 0.208333 0.053125 0.041667
0 0.561979 0.363542 0.042708 0.039583
0 0.644271 0.281250 0.038542 0.025000
0 0.625000 0.571875 0.031250 0.037500
0 0.307812 0.536458 0.042708 0.047917
0 0.843750 0.570833 0.041667 0.039583
0 0.946354 0.559896 0.040625 0.028125
0 0.292708 0.567708 0.037500 0.035417
0 0.295833 0.809896 0.027083 0.042708
0 0.799479 0.967708 0.036458 0.047917
0 0.710938 0.847396 0.053125 0.051042
0 0.353125 0.666667 0.037500 0.041667
0 0.919271 0.303125 0.032292 0.039583
0 0.605208 0.093750 0.039583 0.020833
0 0.458854 0.620833 0.038542 0.033333
0 0.234896 0.259375 0.028125 0.039583
0 0.497396 0.601562 0.046875 0.048958
0 0.750000 0.457292 0.041667 0.047917
0 0.339062 0.080729 0.040625 0.023958
0 0.288542 0.246354 0.050000 0.042708
0 0.298438 0.469271 0.051042 0.034375
0 0.765104 0.121354 0.048958 0.055208
0 0.918750 0.641667 0.037500 0.033333
0 0.245312 0.674479 0.040625 0.032292
0 0.568229 0.695833 0.053125 0.037500
0 0.587500 0.509896 0.043750 0.048958
0 0.656771 0.808854 0.028125 0.040625
0 0.226042 0.288542 0.039583 0.047917
0 0.486979 0.234896 0.055208 0.044792
0 0.788021 0.358333 0.042708 0.039583
0 0.376563 0.379167 0.034375 0.039583
0 0.680729 0.470313 0.051042 0.034375
0 0.666667 0.838021 0.045833 0.055208
0 0.488021 0.915625 0.053125 0.039583
0 0.935937 0.586979 0.040625 0.051042
0 0.111458 0.497396 0.045833 0.048958
0 0.604688 0.578646 0.055208 0.036458
0 0.548958 0.551562 0.033333 0.053125
0 0.849479 0.424479 0.040625 0.036458
0 0.327604 0.364583 0.042708 0.029167
0 0.610417 0.335417 0.037500 0.052083
0 0.460417 0.098958 0.052083 0.035417
0 0.712500 0.150521 0.047917 0.046875
0 0.715625 0.685417 0.047917 0.041667
0 0.868750 0.091146 0.043750 0.026042
0 0.521354 0.632812 0.038542 0.021875
0 0.160417 0.876042 0.037500 0.022917
0 0.954167 0.809896 0.045833 0.036458
0 0.660417 0.189062 0.039583 0.032292
0 0.766146 0.784896 0.048958 0.032292
0 0.847396 0.838542 0.042708 0.029167
0 0.569792 0.216146 0.039583 0.044792
0 0.570833 0.666667 0.031250 0.045833
0 0.757292 0.146354 0.043750 0.028125
0 0.231771 0.358854 0.040625 0.023958
0 0.671354 0.603125 0.048958 0.027083
0 0.771354 0.515104 0.048958 0.055208
0 0.750521 0.869792 0.030208 0.043750
0 0.963021 0.890625 0.044792 0.022917
0 0.211458 0.861979 0.025000 0.048958
0 0.726042 0.068750 0.037500 0.027083
0 0.814583 0.519792 0.050000 0.031250
0 0.715104 0.246875 0.048958 0.037500
0 0.118750 0.673958 0.035417 0.018750
0 0.478125 0.250521 0.037500 0.044792
0 0.633854 0.718750 0.023958 0.047917
0 0.392188 0.476042 0.046875 0.022917
0 0.235417 0.527083 0.039583 0.047917
0 0.604688 0.826562 0.028125 0.046875
0 0.286979 0.726562 0.026042 0.040625
0 0.796354 0.342708 0.034375 0.039583
0 0.708333 0.921354 0.043750 0.028125
0 0.754167 0.116667 0.052083 0.045833
0 0.514583 0.458333 0.037500 0.052083
0 0.761979 0.432812 0.040625 0.019792
0 0.209896 0.565104 0.055208 0.042708
0 0.777604 0.156771 0.038542 0.021875
0 0.873437 0.185417 0.053125 0.047917
0 0.380208 0.317708 0.041667 0.047917
0 0.431250 0.135937 0.027083 0.042708
0 0.893229 0.820312 0.046875 0.036458
0 0.086979 0.514583 0.036458 0.043750
0 0.425521 0.344271 0.055208 0.044792
0 0.644792 0.441667 0.025000 0.043750
0 0.891667 0.546875 0.041667 0.029167
0 0.109896 0.786458 0.026042 0.039583
0 0.703646 0.919792 0.046875 0.045833
0 0.438021 0.626563 0.032292 0.044792
0 0.160417 0.967187 0.050000 0.038542
0 0.709896 0.197396 0.048958 0.032292
0 0.600521 0.418750 0.038542 0.033333
0 0.730208 0.505729 0.037500 0.048958
0 0.499479 0.931771 0.028125 0.040625
0 0.800521 0.512500 0.038542 0.025000
0 0.937500 0.892188 0.027083 0.040625
0 0.138021 0.173958 0.036458 0.047917
0 0.121354 0.293229 0.038542 0.046875
0 0.286979 0.772917 0.042708 0.029167
0 0.826042 0.148958 0.035417 0.047917
0 0.836458 0.918750 0.039583 0.047917
0 0.426563 0.801042 0.021875 0.037500
0 0.572917 0.730208 0.037500 0.022917
0 0.443750 0.780208 0.047917 0.037500
0 0.443750 0.675521 0.050000 0.034375
0 0.686458 0.198437 0.039583 0.030208
0 0.310417 0.288542 0.047917 0.035417
0 0.923438 0.414583 0.042708 0.039583
0 0.239583 0.811979 0.033333 0.040625
0 0.875521 0.081771 0.030208 0.040625
0 0.847396 0.083333 0.048958 0.041667
0 0.416667 0.273958 0.047917 0.052083
0 0.255208 0.230729 0.037500 0.019792
0 0.593229 0.504687 0.034375 0.040625
0 0.929688 0.796875 0.021875 0.043750
0 0.780208 0.827604 0.039583 0.032292
0 0.241146 0.849479 0.053125 0.051042
0 0.260417 0.489583 0.041667 0.039583
0 0.247396 0.706771 0.046875 0.026042
0 0.388542 0.075521 0.045833 0.034375
0 0.853646 0.709896 0.051042 0.042708
0 0.242708 0.927083 0.027083 0.041667
0 0.505208 0.926562 0.037500 0.044792
0 0.286458 0.875000 0.050000 0.050000
0 0.734896 0.822396 0.046875 0.036458
0 0.302083 0.913021 0.047917 0.048958
0 0.128125 0.461979 0.020833 0.038542
0 0.465625 0.173958 0.037500 0.047917
0 0.520312 0.806771 0.034375 0.040625
0 0.685937 0.256771 0.040625 0.026042
0 0.711458 0.273958 0.025000 0.047917
0 0.580208 0.875521 0.050000 0.028125
0 0.274479 0.692708 0.044792 0.033333
0 0.860938 0.523438 0.028125 0.044792
0 0.590104 0.617188 0.053125 0.053125
0 0.597396 0.243750 0.044792 0.022917
0 0.814583 0.939063 0.041667 0.048958
0 0.857812 0.357812 0.036458 0.046875
0 0.676042 0.284375 0.033333 0.037500
0 0.440104 0.333333 0.046875 0.045833
0 0.962500 0.841146 0.054167 0.046875
0 0.704688 0.501042 0.032292 0.052083
0 0.529167 0.509896 0.033333 0.040625
0 0.085417 0.714583 0.041667 0.039583
0 0.561458 0.242708 0.045833 0.043750
0 0.666667 0.396354 0.018750 0.036458
0 0.336979 0.144271 0.032292 0.040625
0 0.302083 0.625521 0.052083 0.051042
0 0.827604 0.819271 0.040625 0.036458
0 0.496875 0.838542 0.025000 0.041667
0 0.720833 0.180729 0.035417 0.044792
0 0.669792 0.240625 0.029167 0.037500
0 0.650000 0.134896 0.033333 0.040625
0 0.210417 0.080729 0.027083 0.042708
0 0.790625 0.109896 0.039583 0.026042
0 0.666667 0.722396 0.037500 0.038542
0 0.917188 0.176042 0.048958 0.052083
0 0.369792 0.973437 0.050000 0.053125
0 0.181771 0.115625 0.026042 0.039583
0 0.270313 0.607812 0.021875 0.038542
0 0.440625 0.255729 0.050000 0.053125
0 0.159375 0.839063 0.047917 0.028125
0 0.900000 0.365625 0.035417 0.020833
0 0.580208 0.406771 0.025000 0.046875
0 0.419271 0.169271 0.048958 0.055208
0 0.632812 0.845313 0.023958 0.040625
0 0.089063 0.595313 0.040625 0.028125
0 0.406771 0.958333 0.044792 0.035417
0 0.086979 0.850521 0.042708 0.055208
0 0.342708 0.403125 0.039583 0.041667
0 0.216667 0.592187 0.043750 0.040625
0 0.164583 0.943229 0.029167 0.046875
0 0.759896 0.444271 0.055208 0.036458
0 0.798438 0.803125 0.038542 0.052083
0 0.570312 0.817187 0.051042 0.028125
0 0.086458 0.831771 0.054167 0.044792
0 0.915625 0.427083 0.033333 0.037500
0 0.890625 0.963021 0.041667 0.032292
0 0.076042 0.853125 0.045833 0.043750
0 0.292708 0.363542 0.047917 0.027083
0 0.113021 0.948958 0.046875 0.043750
0 0.091146 0.595313 0.042708 0.023958
0 0.069792 0.742188 0.035417 0.040625
0 0.276042 0.208854 0.039583 0.032292
0 0.434896 0.691146 0.044792 0.042708
0 0.673438 0.630208 0.036458 0.047917
0 0.240625 0.635938 0.041667 0.042708
0 0.175000 0.272396 0.050000 0.036458
0 0.249479 0.393229 0.040625 0.034375
0 0.435937 0.537500 0.042708 0.029167
0 0.422396 0.251563 0.042708 0.023958
0 0.834375 0.584375 0.041667 0.025000
0 0.754687 0.465104 0.040625 0.028125
0 0.606771 0.905729 0.055208 0.046875
0 0.563021 0.858333 0.032292 0.047917
0 0.915625 0.480729 0.050000 0.034375
0 0.235417 0.521354 0.045833 0.048958
0 0.424479 0.685417 0.053125 0.041667
0 0.485938 0.444792 0.021875 0.037500
0 0.727083 0.226042 0.029167 0.037500
0 0.901042 0.783333 0.020833 0.035417
0 0.801562 0.343229 0.040625 0.034375
0 0.464583 0.950000 0.043750 0.035417
0 0.303125 0.557292 0.041667 0.031250
0 0.547396 0.334375 0.042708 0.029167
0 0.368750 0.146354 0.029167 0.040625
0 0.683854 0.782813 0.038542 0.038542
0 0.245312 0.643229 0.042708 0.023958
0 0.489583 0.520833 0.039583 0.025000
0 0.908333 0.411458 0.035417 0.043750
0 0.764062 0.315625 0.040625 0.020833
0 0.158333 0.172396 0.054167 0.048958
0 0.928125 0.150000 0.050000 0.047917
0 0.584896 0.831250 0.048958 0.039583
0 0.717187 0.555208 0.030208 0.043750
0 0.523958 0.729688 0.037500 0.053125
0 0.625000 0.450000 0.043750 0.045833
0 0.396875 0.748437 0.050000 0.042708
0 0.771875 0.841146 0.043750 0.028125
0 0.080208 0.323958 0.037500 0.047917
0 0.393750 0.183854 0.025000 0.046875
0 0.296354 0.828125 0.042708 0.039583
0 0.428125 0.376563 0.054167 0.036458
0 0.758333 0.809896 0.043750 0.040625
0 0.453646 0.582812 0.048958 0.046875
0 0.890104 0.195833 0.030208 0.047917
0 0.299479 0.477604 0.030208 0.051042
0 0.888021 0.691146 0.044792 0.040625
0 0.382812 0.467708 0.030208 0.043750
0 0.589063 0.067708 0.036458 0.018750
0 0.627083 0.898438 0.054167 0.048958
0 0.319271 0.185938 0.055208 0.044792
0 0.148958 0.641146 0.043750 0.030208
0 0.334896 0.462500 0.053125 0.041667
0 0.604167 0.660937 0.054167 0.038542
0 0.696354 0.500521 0.038542 0.051042
0 0.708854 0.366146 0.040625 0.023958
0 0.094271 0.282813 0.042708 0.044792
0 0.830729 0.301042 0.038542 0.043750
0 0.560417 0.452604 0.052083 0.030208
0 0.379688 0.106250 0.023958 0.037500
0 0.554688 0.149479 0.038542 0.040625
0 0.778646 0.890625 0.040625 0.052083
0 0.218229 0.135937 0.046875 0.032292
0 0.353125 0.473438 0.045833 0.048958
0 0.788021 0.770312 0.021875 0.042708
0 0.470833 0.769792 0.027083 0.045833
0 0.842187 0.876563 0.028125 0.040625
0 0.265625 0.137500 0.031250 0.041667
0 0.501042 0.069271 0.043750 0.028125
0 0.359375 0.258333 0.037500 0.033333
0 0.187500 0.163542 0.052083 0.037500
0 0.845833 0.882812 0.029167 0.040625
0 0.542708 0.618229 0.039583 0.028125
0 0.590625 0.642188 0.050000 0.038542
0 0.126042 0.796875 0.039583 0.041667
0 0.232292 0.784896 0.054167 0.038542
0 0.276042 0.172917 0.037500 0.022917
0 0.932292 0.897917 0.031250 0.037500
0 0.240625 0.899479 0.050000 0.034375
0 0.449479 0.479687 0.038542 0.055208
0 0.589583 0.259896 0.035417 0.040625
0 0.448437 0.500000 0.023958 0.047917
0 0.441667 0.823438 0.045833 0.036458
0 0.796354 0.961979 0.051042 0.030208
0 0.266146 0.374479 0.044792 0.026042
0 0.384375 0.742708 0.037500 0.033333
0 0.668750 0.078125 0.047917 0.052083
0 0.351042 0.451562 0.045833 0.055208
0 0.544271 0.476042 0.046875 0.045833
0 0.508854 0.339062 0.048958 0.046875
0 0.073438 0.240104 0.042708 0.044792
0 0.922396 0.461458 0.038542 0.033333
0 0.830208 0.829688 0.039583 0.055208
0 0.882292 0.365104 0.029167 0.051042
0 0.159896 0.819792 0.036458 0.020833
0 0.316667 0.319792 0.052083 0.045833
0 0.306250 0.836458 0.050000 0.050000
0 0.367188 0.373437 0.040625 0.028125
0 0.407292 0.677604 0.054167 0.048958
0 0.310417 0.656250 0.037500 0.041667
0 0.588021 0.517708 0.046875 0.031250
0 0.812500 0.684375 0.047917 0.033333
0 0.282813 0.332292 0.038542 0.027083
0 0.731771 0.964063 0.046875 0.036458
0 0.947396 0.822396 0.040625 0.038542
0 0.485417 0.169792 0.022917 0.035417
0 0.466146 0.531771 0.051042 0.040625
0 0.628646 0.700000 0.046875 0.029167
0 0.129688 0.852083 0.038542 0.033333
0 0.422917 0.381250 0.022917 0.037500
0 0.895312 0.815104 0.040625 0.038542
0 0.818229 0.685417 0.044792 0.054167
0 0.727604 0.143229 0.034375 0.046875
0 0.736458 0.811458 0.037500 0.033333
0 0.492188 0.481250 0.044792 0.025000
0 0.106771 0.186979 0.038542 0.046875
0 0.845313 0.583333 0.046875 0.043750
0 0.164062 0.915104 0.028125 0.040625
0 0.197396 0.852604 0.055208 0.044792
0 0.389583 0.883854 0.039583 0.030208
0 0.126042 0.622917 0.052083 0.037500
0 0.337500 0.197396 0.045833 0.048958
0 0.663021 0.540104 0.023958 0.042708
0 0.728646 0.740625 0.051042 0.050000
0 0.788542 0.463542 0.029167 0.045833
0 0.926562 0.927083 0.042708 0.047917
0 0.886458 0.921875 0.035417 0.043750
0 0.229687 0.543750 0.028125 0.039583
0 0.381250 0.599479 0.037500 0.053125
0 0.173958 0.270313 0.045833 0.048958
0 0.266667 0.828646 0.039583 0.030208