0 0.247396 0.227083 0.017708 0.035417
0 0.942187 0.409375 0.038542 0.037500
0 0.426042 0.833854 0.054167 0.048958
0 0.327604 0.553125 0.053125 0.047917
0 0.391146 0.644792 0.042708 0.033333
0 0.880208 0.623958 0.037500 0.029167
0 0.164062 0.343229 0.040625 0.055208
0 0.296354 0.761458 0.051042 0.031250
0 0.778125 0.192708 0.037500 0.022917
0 0.142708 0.724479 0.045833 0.048958
0 0.456250 0.835417 0.022917 0.039583
0 0.344271 0.686458 0.038542 0.047917
0 0.940625 0.568229 0.050000 0.044792
0 0.176563 0.859896 0.055208 0.048958
0 0.728125 0.848437 0.027083 0.042708
0 0.176042 0.669792 0.043750 0.027083
0 0.296354 0.634375 0.023958 0.043750
0 0.168229 0.089583 0.023958 0.047917
0 0.550000 0.619792 0.037500 0.033333
0 0.764062 0.434896 0.048958 0.046875
0 0.700521 0.371354 0.040625 0.046875
0 0.616667 0.927083 0.035417 0.052083
0 0.897917 0.091146 0.045833 0.048958
0 0.585417 0.506771 0.041667 0.044792
0 0.269271 0.691146 0.030208 0.040625
0 0.942187 0.872917 0.044792 0.037500
0 0.634896 0.101042 0.030208 0.047917
0 0.235937 0.336979 0.030208 0.044792
0 0.301563 0.719271 0.042708 0.021875
0 0.623437 0.921354 0.044792 0.042708
0 0.545312 0.383854 0.046875 0.048958
0 0.525521 0.766667 0.032292 0.039583
0 0.635938 0.190625 0.038542 0.052083
0 0.733854 0.510938 0.038542 0.019792
0 0.535417 0.186458 0.045833 0.052083
0 0.375000 0.523958 0.043750 0.035417
0 0.081771 0.117188 0.053125 0.032292
0 0.665625 0.699479 0.043750 0.042708
0 0.492188 0.271354 0.038542 0.019792
0 0.303646 0.726562 0.044792 0.026042
0 0.391667 0.379688 0.054167 0.048958
0 0.361979 0.513542 0.028125 0.041667
0 0.494792 0.885417 0.029167 0.050000
0 0.900521 0.578125 0.044792 0.047917
0 0.276562 0.329167 0.042708 0.047917
0 0.900000 0.487500 0.031250 0.037500
0 0.921354 0.462500 0.026042 0.039583
0 0.853125 0.580729 0.039583 0.044792
0 0.118229 0.890104 0.040625 0.038542
0 0.778125 0.621354 0.033333 0.053125
0 0.756771 0.952604 0.046875 0.026042
0 0.660417 0.159375 0.037500 0.052083
0 0.439063 0.281771 0.051042 0.034375
0 0.898958 0.775000 0.043750 0.022917
0 0.787500 0.227083 0.052083 0.043750
0 0.755208 0.730208 0.043750 0.035417
0 0.194271 0.149479 0.030208 0.048958
0 0.595313 0.396875 0.042708 0.054167
0 0.628125 0.218229 0.052083 0.032292
0 0.555729 0.382812 0.034375 0.040625
0 0.757812 0.492708 0.032292 0.039583
0 0.177083 0.358854 0.025000 0.038542
0 0.235417 0.692708 0.035417 0.037500
0 0.749479 0.177083 0.040625 0.052083
0 0.908854 0.427083 0.038542 0.027083
0 0.573958 0.464583 0.033333 0.043750
0 0.172917 0.844271 0.052083 0.030208
0 0.661979 0.755208 0.042708 0.047917
0 0.271875 0.427604 0.043750 0.055208
0 0.831771 0.509375 0.021875 0.037500
0 0.273438 0.180208 0.042708 0.039583
0 0.396354 0.125000 0.021875 0.041667
0 0.462500 0.846875 0.037500 0.033333
0 0.154688 0.591667 0.046875 0.031250
0 0.644271 0.860417 0.036458 0.020833
0 0.451042 0.732292 0.045833 0.052083
0 0.242708 0.127083 0.047917 0.035417
0 0.368229 0.654687 0.046875 0.034375
0 0.871354 0.509375 0.042708 0.047917
0 0.167187 0.438542 0.034375 0.043750
0 0.152083 0.407292 0.029167 0.045833
0 0.164583 0.343229 0.054167 0.040625
0 0.785937 0.441146 0.046875 0.048958
0 0.469792 0.873437 0.045833 0.055208
0 0.443750 0.381250 0.047917 0.037500
0 0.202604 0.850521 0.034375 0.053125
0 0.518229 0.773438 0.051042 0.038542
0 0.964063 0.221354 0.046875 0.036458
0 0.131250 0.072396 0.050000 0.040625
0 0.478125 0.114062 0.043750 0.028125
0 0.166146 0.217188 0.046875 0.026042
0 0.697396 0.951042 0.044792 0.052083
0 0.590104 0.607292 0.044792 0.035417
0 0.630729 0.437500 0.036458 0.043750
0 0.246875 0.296354 0.045833 0.026042
0 0.160417 0.123438 0.039583 0.030208
0 0.545833 0.893229 0.052083 0.051042
0 0.623437 0.198958 0.021875 0.037500
0 0.492188 0.654167 0.034375 0.052083
0 0.653125 0.775000 0.029167 0.037500
0 0.857292 0.145833 0.039583 0.041667
0 0.818750 0.796875 0.029167 0.041667
0 0.607292 0.930729 0.043750 0.030208
0 0.786979 0.812500 0.028125 0.041667
0 0.732812 0.631250 0.038542 0.027083
0 0.972917 0.260937 0.050000 0.034375
0 0.509375 0.339062 0.039583 0.038542
0 0.403646 0.844271 0.042708 0.021875
0 0.446875 0.164062 0.043750 0.055208
0 0.417708 0.392188 0.043750 0.048958
0 0.917708 0.140104 0.025000 0.038542
0 0.372917 0.146354 0.031250 0.048958
0 0.875521 0.189583 0.042708 0.020833
0 0.095833 0.200521 0.043750 0.048958
0 0.744271 0.291146 0.040625 0.034375
0 0.483854 0.698438 0.040625 0.044792
0 0.513021 0.625521 0.051042 0.040625
0 0.460417 0.398958 0.031250 0.050000
0 0.672396 0.456250 0.044792 0.045833
0 0.159896 0.298958 0.030208 0.039583
0 0.412500 0.261979 0.052083 0.051042
0 0.505208 0.318229 0.029167 0.051042
0 0.920833 0.268750 0.035417 0.037500
0 0.516667 0.678125 0.037500 0.025000
0 0.296875 0.877083 0.037500 0.047917
0 0.922396 0.707812 0.040625 0.036458
0 0.876042 0.091146 0.029167 0.040625
0 0.252604 0.463021 0.026042 0.051042
0 0.627083 0.351562 0.037500 0.038542
0 0.335417 0.340104 0.037500 0.048958
0 0.571354 0.123438 0.046875 0.036458
0 0.370312 0.160938 0.053125 0.034375
0 0.225521 0.902604 0.044792 0.051042
0 0.400000 0.463021 0.037500 0.021875
0 0.940104 0.252604 0.040625 0.055208
0 0.136458 0.743229 0.050000 0.036458
0 0.452604 0.202604 0.036458 0.040625
0 0.336979 0.664062 0.038542 0.019792
0 0.125521 0.863542 0.026042 0.045833
0 0.410417 0.442188 0.022917 0.038542
0 0.395313 0.604167 0.026042 0.047917
0 0.155208 0.466667 0.050000 0.029167
0 0.220833 0.535417 0.035417 0.043750
0 0.705208 0.952604 0.047917 0.030208
0 0.133333 0.605729 0.054167 0.048958
0 0.663542 0.647396 0.054167 0.038542
0 0.590625 0.152604 0.054167 0.046875
0 0.395313 0.490104 0.026042 0.051042
0 0.607292 0.297917 0.041667 0.039583
0 0.180208 0.165104 0.054167 0.040625
0 0.649479 0.886979 0.026042 0.044792
0 0.785417 0.860417 0.035417 0.037500
0 0.433333 0.507812 0.039583 0.036458
0 0.934896 0.752604 0.040625 0.030208
0 0.947917 0.501563 0.039583 0.036458
0 0.726042 0.840104 0.035417 0.053125
0 0.923958 0.825000 0.043750 0.035417
0 0.821875 0.078646 0.027083 0.042708
0 0.317708 0.527604 0.027083 0.040625
0 0.231771 0.906771 0.046875 0.038542
0 0.653125 0.088021 0.039583 0.044792
0 0.580208 0.392188 0.031250 0.040625
0 0.261979 0.821354 0.038542 0.021875
0 0.540625 0.619271 0.054167 0.048958
0 0.532813 0.100521 0.038542 0.055208
0 0.665625 0.700521 0.027083 0.046875
0 0.875521 0.152604 0.053125 0.034375
0 0.589583 0.448437 0.029167 0.046875
0 0.420833 0.244271 0.047917 0.046875
0 0.340625 0.422917 0.041667 0.031250
0 0.695833 0.321875 0.031250 0.041667
0 0.863021 0.470313 0.051042 0.042708
0 0.657292 0.353125 0.052083 0.033333
0 0.582292 0.432812 0.047917 0.030208
0 0.776563 0.961458 0.051042 0.033333
0 0.669792 0.317188 0.022917 0.040625
0 0.398958 0.608333 0.037500 0.033333
0 0.806771 0.429688 0.051042 0.030208
0 0.680729 0.846354 0.028125 0.040625
0 0.458333 0.690104 0.035417 0.048958
0 0.202604 0.436979 0.030208 0.044792
0 0.587500 0.433333 0.052083 0.035417
0 0.886979 0.402083 0.034375 0.039583
0 0.491146 0.244792 0.038542 0.025000
0 0.095833 0.921875 0.045833 0.027083
0 0.426563 0.655729 0.040625 0.055208
0 0.157292 0.503646 0.043750 0.040625
0 0.744271 0.541667 0.040625 0.022917
0 0.493750 0.720313 0.035417 0.048958
0 0.181250 0.598437 0.052083 0.053125
0 0.426563 0.140625 0.051042 0.050000
0 0.957812 0.547396 0.036458 0.046875
0 0.610938 0.873437 0.051042 0.053125
0 0.747917 0.128646 0.052083 0.030208
0 0.635938 0.831250 0.048958 0.052083
0 0.601562 0.505729 0.021875 0.038542
0 0.912500 0.431771 0.039583 0.028125
0 0.368229 0.181250 0.046875 0.043750
0 0.468750 0.754687 0.041667 0.023958
0 0.323437 0.866146 0.044792 0.051042
0 0.788021 0.776563 0.044792 0.032292
0 0.895833 0.359896 0.029167 0.051042
0 0.210417 0.514583 0.047917 0.039583
0 0.614583 0.192708 0.031250 0.037500
0 0.905208 0.309896 0.043750 0.028125
0 0.128646 0.620313 0.044792 0.044792
0 0.905729 0.570312 0.040625 0.038542
0 0.614062 0.660937 0.042708 0.044792
0 0.570833 0.119792 0.045833 0.029167
0 0.392708 0.141146 0.045833 0.038542
0 0.915104 0.805729 0.042708 0.044792
0 0.260937 0.491146 0.026042 0.051042
0 0.529167 0.100000 0.035417 0.037500
0 0.865104 0.870313 0.032292 0.053125
0 0.766667 0.472396 0.022917 0.040625
0 0.097917 0.348958 0.037500 0.031250
0 0.460417 0.602604 0.029167 0.046875
0 0.610417 0.773958 0.045833 0.031250
0 0.770312 0.638542 0.048958 0.027083
0 0.972396 0.263542 0.048958 0.027083
0 0.633854 0.934375 0.053125 0.041667
0 0.371354 0.725521 0.038542 0.038542
0 0.241667 0.786979 0.041667 0.048958
0 0.550000 0.625521 0.050000 0.042708
0 0.239063 0.316146 0.023958 0.046875
0 0.305729 0.119271 0.038542 0.046875
0 0.519271 0.344271 0.032292 0.048958
0 0.957292 0.958854 0.029167 0.044792
0 0.403646 0.440104 0.030208 0.040625
0 0.844271 0.817187 0.044792 0.030208
0 0.509896 0.083333 0.042708 0.025000
0 0.130729 0.121875 0.044792 0.025000
0 0.631250 0.465625 0.033333 0.037500
0 0.927604 0.131771 0.046875 0.038542
0 0.232813 0.253125 0.019792 0.035417
0 0.557292 0.713021 0.037500 0.021875
0 0.117188 0.340625 0.046875 0.043750
0 0.788021 0.343229 0.042708 0.023958
0 0.808854 0.508854 0.028125 0.044792
0 0.163542 0.592708 0.037500 0.025000
0 0.659375 0.075521 0.045833 0.026042
0 0.689063 0.502604 0.040625 0.055208
0 0.099479 0.178646 0.032292 0.044792
0 0.169271 0.953646 0.034375 0.053125
0 0.763021 0.799479 0.038542 0.051042
0 0.322917 0.112500 0.041667 0.039583
0 0.833333 0.593229 0.052083 0.034375
0 0.510417 0.849479 0.047917 0.030208
0 0.496875 0.900000 0.043750 0.045833
0 0.294271 0.102083 0.042708 0.020833
0 0.874479 0.928646 0.044792 0.040625
0 0.802083 0.442188 0.037500 0.048958
0 0.142708 0.352604 0.037500 0.044792
0 0.190625 0.686458 0.043750 0.033333
0 0.101042 0.763021 0.045833 0.038542
0 0.561458 0.816667 0.037500 0.027083
0 0.841146 0.545833 0.023958 0.043750
0 0.164583 0.654167 0.047917 0.039583
0 0.498958 0.763542 0.035417 0.020833
0 0.425521 0.683333 0.048958 0.027083
0 0.133333 0.852604 0.045833 0.032292
0 0.913542 0.586979 0.050000 0.028125
0 0.716146 0.926042 0.040625 0.022917
0 0.327083 0.107813 0.025000 0.046875
0 0.699479 0.208333 0.030208 0.043750
0 0.310417 0.719271 0.020833 0.036458
0 0.569271 0.393229 0.044792 0.040625
0 0.327604 0.460417 0.023958 0.041667
0 0.596354 0.311979 0.040625 0.028125
0 0.120313 0.928125 0.034375 0.047917
0 0.932292 0.428646 0.033333 0.044792
0 0.159375 0.592708 0.025000 0.041667
0 0.120833 0.091146 0.022917 0.040625
0 0.466146 0.631250 0.026042 0.041667
0 0.625000 0.343750 0.043750 0.027083
0 0.383854 0.122917 0.038542 0.031250
0 0.745833 0.424479 0.035417 0.044792
0 0.680208 0.743750 0.037500 0.018750
0 0.710417 0.724479 0.029167 0.040625
0 0.694271 0.679688 0.053125 0.034375
0 0.188542 0.823438 0.050000 0.028125
0 0.111979 0.323437 0.048958 0.032292
0 0.293229 0.824479 0.048958 0.030208
0 0.469271 0.856771 0.051042 0.038542
0 0.314063 0.260937 0.038542 0.051042
0 0.868750 0.393229 0.050000 0.036458
0 0.419271 0.310417 0.038542 0.035417
0 0.103125 0.565625 0.035417 0.018750
0 0.219271 0.691146 0.036458 0.046875
0 0.168750 0.078125 0.047917 0.050000
0 0.222917 0.228125 0.039583 0.020833
0 0.900000 0.794792 0.025000 0.037500
0 0.695312 0.885417 0.028125 0.039583
0 0.834896 0.563021 0.017708 0.036458
0 0.321354 0.569792 0.040625 0.047917
0 0.202604 0.529687 0.046875 0.055208
0 0.848958 0.297396 0.043750 0.040625
0 0.351042 0.262500 0.039583 0.052083
0 0.700521 0.139063 0.028125 0.040625
0 0.263542 0.190104 0.037500 0.038542
0 0.820833 0.532813 0.050000 0.040625
0 0.639583 0.706771 0.039583 0.036458
0 0.128125 0.347396 0.037500 0.048958
0 0.517708 0.280208 0.029167 0.050000
0 0.456771 0.805208 0.051042 0.050000
0 0.871354 0.732292 0.038542 0.043750
0 0.097917 0.877604 0.050000 0.038542
0 0.784375 0.768750 0.031250 0.045833
0 0.613021 0.271875 0.038542 0.043750
0 0.692708 0.198437 0.054167 0.038542
0 0.649479 0.148958 0.053125 0.035417
0 0.822396 0.520833 0.036458 0.047917
0 0.499479 0.810417 0.038542 0.035417
0 0.835938 0.134896 0.038542 0.040625
0 0.767188 0.398958 0.036458 0.047917
0 0.811979 0.310937 0.017708 0.036458
0 0.699479 0.370833 0.038542 0.035417
0 0.075000 0.209896 0.045833 0.038542
0 0.099479 0.871354 0.038542 0.040625
0 0.700521 0.679688 0.042708 0.044792
0 0.571354 0.931771 0.048958 0.046875
0 0.636979 0.790625 0.036458 0.047917
0 0.570833 0.736979 0.047917 0.046875
0 0.310937 0.297917 0.036458 0.052083
0 0.504167 0.739062 0.033333 0.040625
0 0.956250 0.077604 0.037500 0.021875
0 0.126042 0.259896 0.050000 0.053125
0 0.859896 0.280729 0.040625 0.030208
0 0.823438 0.820833 0.040625 0.020833
0 0.861979 0.615104 0.040625 0.028125
0 0.480208 0.410938 0.027083 0.042708
0 0.428646 0.490625 0.040625 0.025000
0 0.465104 0.897917 0.036458 0.037500
0 0.890625 0.302604 0.033333 0.044792
0 0.350000 0.796875 0.043750 0.052083
0 0.085417 0.791146 0.016667 0.034375
0 0.076563 0.582292 0.023958 0.047917
0 0.428646 0.117188 0.044792 0.040625
0 0.696875 0.138021 0.022917 0.038542
0 0.560417 0.092188 0.033333 0.040625
0 0.491146 0.716146 0.034375 0.046875
0 0.484375 0.809375 0.045833 0.031250
0 0.428125 0.439583 0.047917 0.039583
0 0.740104 0.116146 0.044792 0.042708
0 0.957812 0.479687 0.048958 0.032292
0 0.351042 0.170313 0.031250 0.040625
0 0.961979 0.694271 0.048958 0.046875
0 0.909896 0.347396 0.048958 0.044792
0 0.773958 0.220833 0.029167 0.037500
0 0.257812 0.357292 0.051042 0.050000
0 0.801042 0.117708 0.037500 0.022917
0 0.555208 0.353646 0.052083 0.053125
0 0.694792 0.584896 0.035417 0.048958
0 0.163542 0.436458 0.029167 0.045833
0 0.540104 0.763021 0.044792 0.030208
0 0.439063 0.421875 0.034375 0.052083
0 0.337500 0.344792 0.035417 0.020833
0 0.838021 0.616146 0.046875 0.048958
0 0.698958 0.341146 0.039583 0.030208
0 0.923958 0.542188 0.052083 0.034375
0 0.114583 0.482292 0.037500 0.047917
0 0.704167 0.257812 0.050000 0.040625
0 0.446875 0.718229 0.033333 0.040625
0 0.916146 0.819792 0.048958 0.033333
0 0.192188 0.073958 0.044792 0.033333
0 0.366146 0.554167 0.038542 0.031250
0 0.239063 0.118750 0.051042 0.033333
0 0.945833 0.918229 0.050000 0.034375
0 0.406250 0.893750 0.039583 0.020833
0 0.733854 0.879687 0.055208 0.038542
0 0.573438 0.183854 0.055208 0.051042
0 0.627604 0.139583 0.036458 0.037500
0 0.526563 0.528646 0.040625 0.038542
0 0.139063 0.790625 0.053125 0.043750
0 0.332813 0.517708 0.038542 0.035417
0 0.745313 0.493229 0.042708 0.055208
0 0.102604 0.470313 0.021875 0.042708
0 0.456771 0.657813 0.053125 0.051042
0 0.159375 0.263542 0.033333 0.037500
0 0.819792 0.284375 0.025000 0.041667
0 0.104688 0.769271 0.021875 0.042708
0 0.245312 0.685937 0.040625 0.023958
0 0.890625 0.792188 0.029167 0.040625
0 0.185938 0.818229 0.048958 0.055208
0 0.402604 0.719792 0.023958 0.037500
0 0.825000 0.830729 0.054167 0.048958
0 0.109896 0.443229 0.048958 0.034375
0 0.697396 0.521354 0.036458 0.040625
0 0.682813 0.714063 0.055208 0.040625
0 0.795833 0.377604 0.039583 0.038542
0 0.163021 0.823438 0.030208 0.044792