0 0.248438 0.754167 0.042708 0.039583
0 0.247917 0.321875 0.045833 0.029167
0 0.340625 0.331250 0.029167 0.045833
0 0.250521 0.744271 0.048958 0.055208
0 0.361979 0.760417 0.034375 0.043750
0 0.743750 0.191146 0.041667 0.021875
0 0.223958 0.453646 0.054167 0.036458
0 0.957292 0.455208 0.041667 0.047917
0 0.658333 0.400521 0.047917 0.030208
0 0.939063 0.369271 0.055208 0.044792
0 0.836979 0.852083 0.038542 0.037500
0 0.534375 0.554688 0.039583 0.028125
0 0.780208 0.626563 0.054167 0.036458
0 0.341667 0.943229 0.037500 0.038542
0 0.881250 0.883333 0.037500 0.047917
0 0.874479 0.891667 0.046875 0.029167
0 0.104688 0.200000 0.048958 0.052083
0 0.452083 0.822917 0.031250 0.037500
0 0.768750 0.432812 0.031250 0.040625
0 0.160417 0.440104 0.050000 0.036458
0 0.343229 0.122396 0.046875 0.023958
0 0.718750 0.167708 0.041667 0.047917
0 0.804167 0.703646 0.052083 0.051042
0 0.143229 0.966667 0.048958 0.041667
0 0.350521 0.895833 0.036458 0.052083
0 0.178125 0.953125 0.050000 0.050000
0 0.551562 0.815625 0.044792 0.052083
0 0.755729 0.097917 0.046875 0.043750
0 0.422396 0.478125 0.038542 0.047917
0 0.314063 0.353125 0.042708 0.039583
0 0.323958 0.129167 0.029167 0.050000
0 0.662500 0.751042 0.033333 0.047917
0 0.769792 0.352083 0.033333 0.052083
0 0.680729 0.174479 0.034375 0.046875
0 0.461979 0.625521 0.051042 0.044792
0 0.138542 0.082292 0.039583 0.020833
0 0.694792 0.173437 0.033333 0.053125
0 0.550521 0.175000 0.048958 0.035417
0 0.703646 0.741146 0.019792 0.038542
0 0.183333 0.952604 0.039583 0.036458
0 0.210938 0.773438 0.040625 0.034375
0 0.834896 0.630729 0.048958 0.046875
0 0.126042 0.365104 0.043750 0.040625
0 0.134375 0.603646 0.043750 0.055208
0 0.246354 0.968229 0.036458 0.046875
0 0.844271 0.539062 0.055208 0.040625
0 0.845313 0.438021 0.055208 0.044792
0 0.135417 0.379167 0.052083 0.037500
0 0.343229 0.965104 0.023958 0.040625
0 0.661979 0.965625 0.053125 0.043750
0 0.554688 0.866667 0.038542 0.025000
0 0.731250 0.577604 0.050000 0.036458
0 0.915104 0.234375 0.048958 0.052083
0 0.350000 0.771875 0.029167 0.045833
0 0.156771 0.444792 0.038542 0.047917
0 0.600000 0.478646 0.031250 0.040625
0 0.299479 0.515104 0.032292 0.046875
0 0.272917 0.144792 0.033333 0.016667
0 0.296875 0.251563 0.037500 0.038542
0 0.409896 0.135417 0.042708 0.054167
0 0.746354 0.790104 0.055208 0.046875
0 0.222396 0.244792 0.028125 0.045833
0 0.909375 0.543750 0.052083 0.045833
0 0.400000 0.630208 0.041667 0.029167
0 0.409896 0.527604 0.051042 0.042708
0 0.690104 0.797396 0.038542 0.051042
0 0.496875 0.960417 0.035417 0.037500
0 0.656771 0.389062 0.038542 0.019792
0 0.383854 0.378125 0.038542 0.027083
0 0.167708 0.402083 0.043750 0.022917
0 0.944271 0.927604 0.040625 0.028125
0 0.489063 0.706771 0.048958 0.048958
0 0.514062 0.147917 0.048958 0.052083
0 0.205208 0.939063 0.029167 0.044792
0 0.680729 0.392708 0.017708 0.035417
0 0.257292 0.703646 0.045833 0.055208
0 0.433333 0.523438 0.054167 0.036458
0 0.356771 0.669271 0.051042 0.038542
0 0.804167 0.098958 0.052083 0.043750
0 0.115625 0.585417 0.037500 0.029167
0 0.407292 0.337500 0.045833 0.043750
0 0.759896 0.909896 0.046875 0.055208
0 0.091667 0.405208 0.025000 0.043750
0 0.383854 0.385417 0.053125 0.039583
0 0.500000 0.700521 0.054167 0.042708
0 0.770312 0.703125 0.036458 0.043750
0 0.222917 0.250000 0.035417 0.037500
0 0.188021 0.550521 0.051042 0.028125
0 0.240104 0.203125 0.038542 0.027083
0 0.281771 0.869792 0.046875 0.045833
0 0.086979 0.919271 0.046875 0.040625
0 0.253125 0.314583 0.027083 0.037500
0 0.078646 0.086979 0.053125 0.034375
0 0.210938 0.697917 0.036458 0.047917
0 0.915625 0.169271 0.052083 0.032292
0 0.960938 0.270313 0.040625 0.034375
0 0.258333 0.813542 0.033333 0.047917
0 0.694792 0.875521 0.029167 0.040625
0 0.874479 0.927604 0.055208 0.040625
0 0.600000 0.223438 0.031250 0.040625
0 0.318229 0.305729 0.030208 0.053125
0 0.153646 0.674479 0.036458 0.040625
0 0.182292 0.300521 0.041667 0.048958
0 0.947396 0.243750 0.044792 0.035417
0 0.659896 0.433333 0.036458 0.037500
0 0.733333 0.839063 0.039583 0.038542
0 0.448437 0.881250 0.034375 0.039583
0 0.717187 0.474479 0.044792 0.042708
0 0.931250 0.786458 0.031250 0.050000
0 0.075000 0.310417 0.037500 0.025000
0 0.586458 0.238542 0.041667 0.029167
0 0.590625 0.334896 0.045833 0.038542
0 0.707812 0.913542 0.048958 0.041667
0 0.185938 0.816667 0.053125 0.045833
0 0.146354 0.868229 0.021875 0.038542
0 0.855729 0.153125 0.026042 0.045833
0 0.450521 0.781771 0.030208 0.048958
0 0.653125 0.557813 0.050000 0.053125
0 0.873437 0.691667 0.048958 0.027083
0 0.483854 0.968750 0.030208 0.047917
0 0.532813 0.755208 0.053125 0.039583
0 0.492188 0.352083 0.051042 0.031250
0 0.589063 0.099479 0.040625 0.030208
0 0.860938 0.823438 0.046875 0.048958
0 0.394271 0.798958 0.046875 0.029167
0 0.145833 0.206771 0.035417 0.053125
0 0.654687 0.950000 0.048958 0.037500
0 0.598958 0.417708 0.035417 0.018750
0 0.740625 0.415625 0.022917 0.043750
0 0.476042 0.108854 0.052083 0.030208
0 0.579688 0.917708 0.023958 0.041667
0 0.182292 0.336979 0.052083 0.053125
0 0.625000 0.248438 0.045833 0.048958
0 0.261458 0.473438 0.039583 0.034375
0 0.691146 0.114062 0.038542 0.046875
0 0.898958 0.642188 0.045833 0.055208
0 0.446875 0.703646 0.027083 0.042708
0 0.608333 0.501563 0.027083 0.040625
0 0.164062 0.276042 0.053125 0.039583
0 0.530208 0.255729 0.022917 0.038542
0 0.897917 0.287500 0.033333 0.037500
0 0.746875 0.724479 0.033333 0.040625
0 0.114062 0.266667 0.030208 0.047917
0 0.382812 0.167708 0.038542 0.043750
0 0.748437 0.081250 0.042708 0.054167
0 0.157292 0.473958 0.041667 0.052083
0 0.172396 0.627604 0.051042 0.034375
0 0.716667 0.645312 0.050000 0.036458
0 0.778125 0.155729 0.029167 0.040625
0 0.564583 0.723437 0.025000 0.038542
0 0.225521 0.124479 0.040625 0.038542
0 0.889062 0.809375 0.038542 0.033333
0 0.752604 0.715625 0.042708 0.054167
0 0.638542 0.273958 0.050000 0.047917
0 0.846354 0.166146 0.053125 0.034375
0 0.459896 0.097917 0.038542 0.043750
0 0.699479 0.876563 0.046875 0.028125
0 0.441146 0.692708 0.051042 0.029167
0 0.691146 0.631250 0.053125 0.047917
0 0.895312 0.699479 0.048958 0.048958
0 0.958333 0.501563 0.050000 0.036458
0 0.077604 0.265104 0.032292 0.053125
0 0.260937 0.701562 0.044792 0.030208
0 0.505208 0.580208 0.047917 0.037500
0 0.537500 0.067187 0.043750 0.030208
0 0.146354 0.539583 0.042708 0.047917
0 0.444792 0.853646 0.029167 0.051042
0 0.685937 0.611458 0.032292 0.039583
0 0.692708 0.335938 0.029167 0.040625
0 0.385417 0.678646 0.031250 0.044792
0 0.216667 0.704167 0.043750 0.027083
0 0.203646 0.904687 0.044792 0.044792
0 0.532813 0.204687 0.044792 0.032292
0 0.955729 0.410938 0.034375 0.046875
0 0.786979 0.506250 0.044792 0.035417
0 0.748437 0.285417 0.038542 0.035417
0 0.365625 0.783854 0.050000 0.034375
0 0.892188 0.731250 0.036458 0.052083
0 0.966146 0.831771 0.038542 0.040625
0 0.356250 0.564583 0.043750 0.035417
0 0.715104 0.510417 0.030208 0.039583
0 0.522396 0.331250 0.044792 0.025000
0 0.534375 0.826042 0.035417 0.037500
0 0.844792 0.160417 0.045833 0.052083
0 0.804167 0.612500 0.033333 0.045833
0 0.866146 0.625521 0.032292 0.048958
0 0.659896 0.613542 0.028125 0.039583
0 0.590104 0.327604 0.040625 0.030208
0 0.283333 0.725521 0.035417 0.053125
0 0.080729 0.795833 0.034375 0.043750
0 0.359896 0.540625 0.021875 0.037500
0 0.245833 0.443229 0.043750 0.030208
0 0.556771 0.502604 0.038542 0.051042
0 0.441667 0.448437 0.031250 0.053125
0 0.410938 0.384896 0.055208 0.036458
0 0.099479 0.142708 0.036458 0.037500
0 0.585938 0.261458 0.040625 0.020833
0 0.588542 0.672917 0.047917 0.025000
0 0.200000 0.858333 0.027083 0.037500
0 0.281250 0.113542 0.031250 0.041667
0 0.478125 0.458333 0.043750 0.045833
0 0.826042 0.823438 0.050000 0.036458
0 0.264583 0.841146 0.025000 0.042708
0 0.192188 0.333333 0.053125 0.043750
0 0.072396 0.895312 0.036458 0.040625
0 0.416146 0.349479 0.046875 0.038542
0 0.931771 0.114583 0.036458 0.043750
0 0.236979 0.967708 0.046875 0.043750
0 0.554167 0.356771 0.054167 0.048958
0 0.336458 0.661458 0.033333 0.037500
0 0.927604 0.432292 0.038542 0.035417
0 0.163021 0.518750 0.046875 0.043750
0 0.546354 0.445833 0.044792 0.047917
0 0.103646 0.110937 0.048958 0.046875
0 0.935417 0.680729 0.052083 0.051042
0 0.226562 0.672396 0.046875 0.034375
0 0.407292 0.518229 0.039583 0.026042
0 0.100521 0.659896 0.032292 0.046875
0 0.343229 0.204687 0.040625 0.051042
0 0.375000 0.169792 0.041667 0.037500
0 0.864062 0.741667 0.044792 0.033333
0 0.567187 0.605208 0.042708 0.020833
0 0.218229 0.139583 0.053125 0.043750
0 0.418229 0.171354 0.044792 0.044792
0 0.954167 0.845833 0.047917 0.041667
0 0.672396 0.907292 0.044792 0.033333
0 0.959896 0.446354 0.040625 0.023958
0 0.750521 0.175521 0.040625 0.019792
0 0.702083 0.455208 0.043750 0.033333
0 0.804167 0.434896 0.031250 0.048958
0 0.458333 0.131250 0.039583 0.041667
0 0.586979 0.339583 0.038542 0.027083
0 0.504687 0.788542 0.030208 0.039583
0 0.508854 0.104688 0.028125 0.044792
0 0.397917 0.104167 0.050000 0.047917
0 0.806771 0.502083 0.048958 0.035417
0 0.679688 0.665625 0.038542 0.035417
0 0.683333 0.725521 0.039583 0.028125
0 0.370833 0.883333 0.022917 0.037500
0 0.758854 0.093750 0.051042 0.047917
0 0.257812 0.293750 0.042708 0.027083
0 0.848958 0.351042 0.050000 0.029167
0 0.378125 0.113021 0.045833 0.028125
0 0.486458 0.588542 0.020833 0.035417
0 0.814583 0.421875 0.043750 0.045833
0 0.552083 0.144792 0.037500 0.031250
0 0.838542 0.486458 0.035417 0.047917
0 0.903125 0.595833 0.033333 0.043750
0 0.732292 0.126562 0.037500 0.053125
0 0.242188 0.921875 0.053125 0.043750
0 0.609375 0.605729 0.047917 0.048958
0 0.867708 0.582292 0.050000 0.029167
0 0.123438 0.960938 0.038542 0.051042
0 0.742708 0.765104 0.035417 0.053125
0 0.172396 0.607292 0.030208 0.050000
0 0.736458 0.120313 0.033333 0.040625
0 0.175000 0.860938 0.041667 0.032292
0 0.610417 0.712500 0.037500 0.035417
0 0.840625 0.423958 0.041667 0.025000
0 0.444271 0.556771 0.046875 0.048958
0 0.235417 0.375521 0.047917 0.046875
0 0.896875 0.832812 0.031250 0.040625
0 0.817708 0.711458 0.022917 0.039583
0 0.453125 0.465625 0.029167 0.041667
0 0.327083 0.548438 0.035417 0.044792
0 0.759375 0.232813 0.052083 0.051042
0 0.114062 0.420312 0.048958 0.055208
0 0.663542 0.720313 0.035417 0.040625
0 0.840104 0.478125 0.023958 0.043750
0 0.748437 0.609375 0.026042 0.037500
0 0.364583 0.475521 0.025000 0.048958
0 0.155729 0.620313 0.030208 0.044792
0 0.183333 0.201042 0.039583 0.041667
0 0.185417 0.172396 0.033333 0.040625
0 0.803125 0.304688 0.027083 0.046875
0 0.880729 0.808333 0.026042 0.037500
0 0.152083 0.084896 0.031250 0.044792
0 0.307292 0.452604 0.050000 0.028125
0 0.693229 0.867708 0.038542 0.035417
0 0.718229 0.317188 0.055208 0.038542
0 0.529687 0.788021 0.040625 0.051042
0 0.329688 0.948438 0.032292 0.048958
0 0.171875 0.770833 0.031250 0.037500
0 0.080729 0.194792 0.038542 0.033333
0 0.170833 0.466667 0.029167 0.050000
0 0.894271 0.104688 0.046875 0.040625
0 0.151042 0.282292 0.035417 0.020833
0 0.095833 0.094271 0.052083 0.034375
0 0.629167 0.668750 0.045833 0.045833
0 0.220833 0.226562 0.045833 0.034375
0 0.205208 0.547917 0.027083 0.047917
0 0.761979 0.243229 0.034375 0.053125
0 0.517708 0.273438 0.037500 0.038542
0 0.960938 0.317188 0.028125 0.048958
0 0.525000 0.568750 0.047917 0.050000
0 0.531771 0.682813 0.051042 0.053125
0 0.964063 0.070833 0.036458 0.020833
0 0.304688 0.382812 0.044792 0.028125
0 0.435417 0.631771 0.035417 0.040625
0 0.225000 0.116146 0.020833 0.040625
0 0.405729 0.593750 0.038542 0.027083
0 0.195312 0.191146 0.040625 0.032292
0 0.930729 0.851042 0.021875 0.043750
0 0.400000 0.739062 0.031250 0.044792
0 0.421875 0.847396 0.052083 0.051042
0 0.820833 0.426563 0.037500 0.019792
0 0.222917 0.820312 0.029167 0.040625
0 0.397396 0.167187 0.040625 0.055208
0 0.503125 0.752083 0.033333 0.037500
0 0.240104 0.147396 0.032292 0.048958
0 0.715104 0.856771 0.036458 0.046875
0 0.530208 0.117188 0.045833 0.038542
0 0.634375 0.356250 0.035417 0.047917
0 0.836979 0.236979 0.048958 0.046875
0 0.251042 0.113542 0.031250 0.050000
0 0.260937 0.102083 0.046875 0.029167
0 0.919792 0.085417 0.052083 0.047917
0 0.668750 0.380729 0.039583 0.034375
0 0.093750 0.676562 0.027083 0.040625
0 0.667188 0.150000 0.023958 0.041667
0 0.331771 0.261979 0.040625 0.044792
0 0.795312 0.340104 0.032292 0.046875
0 0.857292 0.766667 0.047917 0.039583
0 0.779687 0.266667 0.048958 0.027083
0 0.525000 0.120313 0.035417 0.053125
0 0.516146 0.144271 0.055208 0.042708
0 0.650000 0.684375 0.052083 0.037500
0 0.672917 0.151042 0.045833 0.043750
0 0.528125 0.555729 0.025000 0.042708
0 0.746354 0.957812 0.040625 0.055208
0 0.392188 0.074479 0.040625 0.044792
0 0.528125 0.545833 0.052083 0.045833
0 0.370312 0.826562 0.044792 0.055208
0 0.741667 0.204687 0.039583 0.023958
0 0.619792 0.269271 0.050000 0.036458
0 0.954688 0.346354 0.042708 0.051042
0 0.758333 0.135937 0.037500 0.053125
0 0.223958 0.647396 0.050000 0.044792
0 0.887500 0.840625 0.041667 0.052083
0 0.690625 0.692187 0.054167 0.051042
0 0.836458 0.697917 0.045833 0.031250
0 0.681250 0.163021 0.029167 0.051042
0 0.320312 0.265104 0.055208 0.046875
0 0.723958 0.875521 0.054167 0.042708
0 0.656250 0.854688 0.033333 0.048958
0 0.360938 0.725000 0.034375 0.039583
0 0.681771 0.273438 0.040625 0.034375
0 0.082292 0.802604 0.043750 0.048958
0 0.248958 0.450000 0.029167 0.045833
0 0.814583 0.351562 0.045833 0.023958
0 0.645312 0.369792 0.032292 0.047917
0 0.163021 0.778125 0.042708 0.027083
0 0.222917 0.145313 0.054167 0.038542
0 0.338542 0.656250 0.037500 0.047917
0 0.934896 0.890625 0.034375 0.043750
0 0.741667 0.336979 0.045833 0.040625
0 0.607812 0.316667 0.028125 0.050000
0 0.754167 0.502083 0.020833 0.039583
0 0.686458 0.745313 0.027083 0.040625
0 0.431771 0.151042 0.053125 0.045833
0 0.244792 0.794792 0.037500 0.041667
0 0.156250 0.262500 0.029167 0.041667
0 0.699479 0.109896 0.051042 0.040625
0 0.744792 0.266667 0.041667 0.052083
0 0.131771 0.662500 0.053125 0.035417
0 0.366146 0.081250 0.040625 0.052083
0 0.478125 0.559896 0.041667 0.021875
0 0.121875 0.289583 0.029167 0.041667
0 0.890625 0.242708 0.039583 0.022917
0 0.473958 0.364063 0.039583 0.030208
0 0.324479 0.873958 0.036458 0.047917
0 0.334375 0.184375 0.045833 0.052083
0 0.826562 0.691146 0.038542 0.021875
0 0.608854 0.139063 0.040625 0.044792
0 0.223438 0.466146 0.053125 0.051042
0 0.763021 0.493750 0.040625 0.022917
0 0.090104 0.326562 0.048958 0.023958
0 0.875000 0.473438 0.039583 0.028125
0 0.463542 0.207813 0.043750 0.026042
0 0.749479 0.757292 0.042708 0.037500
0 0.187500 0.764583 0.027083 0.043750
0 0.508333 0.143229 0.031250 0.048958
0 0.930729 0.560417 0.034375 0.043750
0 0.576042 0.217708 0.039583 0.047917
0 0.392188 0.788021 0.055208 0.048958
0 0.576562 0.136979 0.019792 0.038542
0 0.768229 0.351562 0.051042 0.040625
0 0.615104 0.475521 0.046875 0.034375
0 0.421875 0.611458 0.022917 0.037500
0 0.970833 0.506250 0.052083 0.041667
0 0.866146 0.248958 0.034375 0.047917
0 0.345833 0.777083 0.037500 0.029167
0 0.538542 0.729167 0.037500 0.025000
0 0.681771 0.891667 0.034375 0.043750
0 0.710938 0.260937 0.026042 0.046875
0 0.716667 0.376563 0.027083 0.040625
0 0.739583 0.731771 0.050000 0.034375
0 0.511979 0.865104 0.036458 0.040625
0 0.925000 0.259896 0.045833 0.048958
0 0.369271 0.822917 0.040625 0.025000
0 0.284375 0.869271 0.031250 0.051042
0 0.454167 0.832812 0.054167 0.046875
0 0.477083 0.420312 0.041667 0.044792
0 0.631250 0.955208 0.043750 0.035417
0 0.115104 0.615104 0.038542 0.046875
0 0.451042 0.207813 0.037500 0.038542
0 0.444792 0.535937 0.043750 0.055208
0 0.158854 0.659896 0.023958 0.046875
0 0.730208 0.796875 0.052083 0.045833
0 0.223958 0.067187 0.045833 0.026042
0 0.872917 0.445833 0.022917 0.043750
0 0.928125 0.521354 0.031250 0.048958
0 0.129688 0.139063 0.028125 0.048958
0 0.616667 0.815104 0.043750 0.040625
0 0.888021 0.548958 0.048958 0.052083
0 0.385417 0.241146 0.029167 0.044792
0 0.129167 0.506250 0.037500 0.031250
0 0.919271 0.311458 0.044792 0.027083
0 0.681771 0.351562 0.028125 0.040625
0 0.735938 0.731250 0.053125 0.043750
0 0.186458 0.341667 0.050000 0.047917
0 0.243229 0.385417 0.053125 0.039583
0 0.449479 0.680729 0.040625 0.030208
0 0.228646 0.847396 0.026042 0.040625
0 0.216667 0.915625 0.029167 0.041667
0 0.602083 0.559375 0.039583 0.047917
0 0.558333 0.686979 0.035417 0.048958
0 0.204687 0.183333 0.030208 0.043750
0 0.474479 0.253646 0.051042 0.038542
0 0.756771 0.893229 0.040625 0.023958
0 0.658333 0.130208 0.050000 0.047917
0 0.650000 0.323437 0.041667 0.032292
0 0.559375 0.132812 0.050000 0.040625
0 0.553125 0.821354 0.045833 0.028125
0 0.783333 0.810417 0.050000 0.050000
0 0.184896 0.135417 0.038542 0.031250
0 0.784375 0.305208 0.043750 0.045833
0 0.403125 0.080729 0.041667 0.055208
0 0.432292 0.565104 0.043750 0.042708
0 0.891667 0.698958 0.037500 0.031250
0 0.934375 0.925521 0.052083 0.051042
0 0.718750 0.160417 0.047917 0.035417
0 0.301042 0.263542 0.050000 0.047917
0 0.239583 0.163021 0.037500 0.048958
0 0.898958 0.133854 0.037500 0.048958
0 0.663542 0.384375 0.041667 0.052083
0 0.789583 0.668229 0.052083 0.032292
0 0.493750 0.614583 0.037500 0.031250
0 0.353646 0.090625 0.048958 0.035417
0 0.592187 0.432292 0.032292 0.052083
0 0.807813 0.603125 0.040625 0.020833
0 0.388021 0.673438 0.021875 0.042708
0 0.885417 0.260937 0.054167 0.042708
0 0.856771 0.080729 0.048958 0.055208
0 0.535417 0.658854 0.022917 0.038542
0 0.792708 0.366146 0.039583 0.036458
0 0.926042 0.093750 0.031250 0.037500
0 0.341146 0.782292 0.021875 0.037500
0 0.433854 0.250521 0.051042 0.036458
0 0.350521 0.740625 0.034375 0.039583
0 0.423958 0.717708 0.022917 0.037500
0 0.203646 0.782813 0.040625 0.036458
0 0.844792 0.953646 0.029167 0.048958
0 0.874479 0.801562 0.044792 0.055208
0 0.827083 0.237500 0.029167 0.037500
0 0.468229 0.198958 0.048958 0.035417
0 0.370312 0.130208 0.048958 0.039583
0 0.508854 0.277083 0.051042 0.050000
0 0.657292 0.407292 0.052083 0.047917
0 0.192188 0.927604 0.051042 0.034375
0 0.278646 0.820833 0.028125 0.043750
0 0.907813 0.543750 0.044792 0.033333
0 0.857812 0.818750 0.036458 0.047917
0 0.946354 0.375521 0.021875 0.044792
0 0.717708 0.955208 0.035417 0.018750
0 0.431771 0.862500 0.053125 0.035417
0 0.338542 0.286979 0.047917 0.044792
0 0.805729 0.273438 0.053125 0.053125
0 0.626563 0.473438 0.040625 0.036458
0 0.900521 0.504167 0.030208 0.047917
0 0.267708 0.077604 0.041667 0.048958
0 0.135417 0.843750 0.045833 0.031250
0 0.131250 0.569792 0.029167 0.037500
0 0.377604 0.321354 0.040625 0.026042
0 0.678646 0.105208 0.038542 0.047917
0 0.705729 0.457813 0.051042 0.044792
0 0.623437 0.389583 0.038542 0.035417
0 0.141146 0.945312 0.046875 0.038542
0 0.734375 0.525000 0.022917 0.037500
0 0.946354 0.339062 0.051042 0.042708
0 0.960938 0.455729 0.034375 0.048958
0 0.713021 0.445312 0.026042 0.046875
0 0.479687 0.319271 0.042708 0.044792
0 0.609896 0.226562 0.040625 0.055208
0 0.683333 0.694792 0.043750 0.033333
0 0.832292 0.117708 0.043750 0.052083
0 0.936979 0.249479 0.051042 0.036458
0 0.903125 0.757292 0.041667 0.052083
0 0.755208 0.455729 0.031250 0.048958
0 0.479687 0.691146 0.044792 0.042708
0 0.480729 0.218750 0.042708 0.037500
0 0.935417 0.756250 0.039583 0.041667
0 0.306771 0.618750 0.036458 0.037500
0 0.171875 0.092708 0.029167 0.045833
0 0.117188 0.767188 0.046875 0.023958
0 0.421875 0.442188 0.037500 0.044792
0 0.802604 0.350521 0.032292 0.044792
0 0.501042 0.859375 0.052083 0.033333
0 0.667708 0.306250 0.027083 0.037500
0 0.612500 0.946354 0.037500 0.053125
0 0.623437 0.714583 0.036458 0.052083
0 0.539583 0.317188 0.039583 0.023958
0 0.479687 0.710938 0.051042 0.040625
0 0.941667 0.178646 0.054167 0.036458
0 0.418229 0.831250 0.044792 0.052083
0 0.673438 0.927083 0.036458 0.047917
0 0.210938 0.665104 0.051042 0.042708
0 0.850000 0.841146 0.050000 0.053125
0 0.781250 0.819792 0.022917 0.037500
0 0.485417 0.766667 0.039583 0.052083
0 0.152083 0.425521 0.043750 0.055208
0 0.957292 0.094792 0.033333 0.050000
0 0.399479 0.321354 0.030208 0.051042
0 0.111458 0.444792 0.043750 0.052083
0 0.496875 0.360938 0.041667 0.048958
0 0.821354 0.234375 0.042708 0.031250
0 0.815625 0.545833 0.035417 0.037500
0 0.367188 0.845313 0.044792 0.026042
0 0.161458 0.285938 0.047917 0.030208
0 0.614062 0.931771 0.036458 0.051042
0 0.533333 0.084896 0.037500 0.021875
0 0.390625 0.145833 0.029167 0.037500
0 0.506771 0.305208 0.044792 0.045833
0 0.216146 0.631771 0.021875 0.038542
0 0.544271 0.182292 0.038542 0.022917
0 0.641667 0.832812 0.039583 0.026042
0 0.739583 0.787500 0.037500 0.027083
0 0.450000 0.168750 0.043750 0.035417
0 0.123958 0.580729 0.037500 0.040625
0 0.436458 0.091667 0.018750 0.035417
0 0.686458 0.774479 0.031250 0.040625
0 0.641146 0.757292 0.048958 0.037500
0 0.666146 0.175521 0.034375 0.040625
0 0.734896 0.263542 0.017708 0.035417
0 0.296354 0.675521 0.051042 0.044792
0 0.225521 0.859375 0.046875 0.022917
0 0.173958 0.699479 0.047917 0.046875
0 0.860417 0.869271 0.052083 0.051042
0 0.090104 0.229167 0.036458 0.020833
0 0.795833 0.338021 0.031250 0.051042
0 0.117708 0.649479 0.029167 0.044792
0 0.747396 0.121354 0.026042 0.040625
0 0.597917 0.771875 0.039583 0.041667
0 0.226562 0.732292 0.046875 0.043750
0 0.690625 0.383854 0.050000 0.044792
0 0.758854 0.320833 0.053125 0.045833
0 0.875000 0.092708 0.027083 0.037500
0 0.836979 0.403125 0.038542 0.031250
0 0.921875 0.906771 0.050000 0.044792
0 0.714583 0.199479 0.039583 0.038542
0 0.444271 0.208854 0.032292 0.048958
0 0.270833 0.798958 0.029167 0.037500
0 0.750000 0.670833 0.041667 0.047917
0 0.954167 0.253125 0.039583 0.020833
0 0.884896 0.328125 0.032292 0.039583
0 0.077604 0.892708 0.048958 0.033333
0 0.397396 0.682292 0.032292 0.047917
0 0.121875 0.101562 0.031250 0.048958
0 0.965104 0.409896 0.036458 0.046875
0 0.584375 0.230729 0.033333 0.040625
0 0.436458 0.681250 0.052083 0.039583
0 0.127604 0.940104 0.023958 0.042708
0 0.365104 0.909896 0.032292 0.053125
0 0.669271 0.271875 0.040625 0.025000
0 0.448437 0.781250 0.026042 0.047917
0 0.800000 0.721354 0.050000 0.034375
0 0.207813 0.772396 0.053125 0.051042
0 0.403646 0.665625 0.044792 0.047917
0 0.829167 0.441146 0.054167 0.048958
0 0.857812 0.838542 0.030208 0.050000
0 0.567187 0.905729 0.046875 0.038542
0 0.180729 0.817708 0.030208 0.039583
0 0.385937 0.310937 0.032292 0.048958
0 0.747917 0.779167 0.025000 0.043750
0 0.461458 0.247396 0.050000 0.053125
0 0.120313 0.884896 0.026042 0.046875
0 0.535417 0.817187 0.039583 0.023958
0 0.131250 0.292708 0.037500 0.022917
0 0.322917 0.577083 0.037500 0.022917
0 0.586458 0.409896 0.039583 0.030208
0 0.108333 0.165625 0.047917 0.025000
0 0.090625 0.943229 0.052083 0.034375
0 0.450000 0.082292 0.052083 0.035417
0 0.321354 0.434375 0.038542 0.025000
0 0.254167 0.755208 0.045833 0.052083
0 0.616146 0.733854 0.048958 0.046875
0 0.233854 0.272917 0.038542 0.035417
0 0.433854 0.261458 0.048958 0.035417
0 0.915625 0.769271 0.035417 0.040625
0 0.324479 0.350000 0.046875 0.052083
0 0.685417 0.867188 0.050000 0.038542
0 0.340625 0.640625 0.045833 0.043750
0 0.734896 0.289062 0.040625 0.026042
0 0.605729 0.741667 0.042708 0.039583
0 0.600000 0.650000 0.043750 0.025000
0 0.316667 0.685417 0.035417 0.018750
0 0.081771 0.607292 0.042708 0.027083
0 0.161979 0.335417 0.026042 0.050000
0 0.381250 0.738542 0.037500 0.033333
0 0.356771 0.539583 0.051042 0.047917
0 0.133854 0.417708 0.053125 0.045833
0 0.660937 0.751042 0.038542 0.035417
0 0.435937 0.282292 0.038542 0.035417
0 0.268229 0.967187 0.048958 0.044792
0 0.209896 0.939063 0.053125 0.034375
0 0.418229 0.595313 0.040625 0.038542
0 0.310417 0.207813 0.045833 0.048958
0 0.732292 0.678646 0.050000 0.044792
0 0.500521 0.139063 0.048958 0.046875
0 0.348438 0.877083 0.032292 0.039583
0 0.910417 0.527083 0.029167 0.045833
0 0.608333 0.965625 0.037500 0.035417