0 0.558333 0.800000 0.043750 0.033333
0 0.226562 0.908854 0.051042 0.038542
0 0.423438 0.811458 0.021875 0.041667
0 0.432292 0.811979 0.018750 0.036458
0 0.856250 0.406771 0.020833 0.038542
0 0.576562 0.575000 0.044792 0.027083
0 0.737500 0.326562 0.045833 0.036458
0 0.891667 0.157292 0.035417 0.020833
0 0.587500 0.207813 0.050000 0.038542
0 0.168229 0.454167 0.038542 0.037500
0 0.231771 0.913542 0.038542 0.047917
0 0.603125 0.879687 0.035417 0.044792
0 0.581771 0.906250 0.048958 0.033333
0 0.308333 0.676562 0.039583 0.038542
0 0.203125 0.172917 0.033333 0.045833
0 0.592708 0.369792 0.020833 0.035417
0 0.193229 0.110937 0.040625 0.038542
0 0.382812 0.232813 0.048958 0.046875
0 0.529687 0.914583 0.036458 0.043750
0 0.764062 0.400000 0.034375 0.039583
0 0.467187 0.729688 0.053125 0.034375
0 0.193229 0.444271 0.046875 0.038542
0 0.665625 0.800000 0.047917 0.039583
0 0.572917 0.587500 0.037500 0.033333
0 0.525521 0.957292 0.051042 0.029167
0 0.101042 0.529167 0.022917 0.037500
0 0.824479 0.084375 0.044792 0.035417
0 0.348438 0.633854 0.048958 0.030208
0 0.308333 0.647917 0.047917 0.025000
0 0.538021 0.163542 0.042708 0.033333
0 0.540104 0.597917 0.036458 0.047917
0 0.735938 0.117188 0.053125 0.051042
0 0.126562 0.631771 0.042708 0.051042
0 0.364583 0.230729 0.054167 0.048958
0 0.947917 0.392708 0.047917 0.033333
0 0.418229 0.128125 0.038542 0.035417
0 0.940104 0.279687 0.040625 0.036458
0 0.519792 0.938021 0.047917 0.055208
0 0.435937 0.350000 0.026042 0.041667
0 0.610417 0.954688 0.031250 0.048958
0 0.534375 0.545833 0.043750 0.045833
0 0.426042 0.711458 0.045833 0.043750
0 0.863021 0.488542 0.044792 0.022917
0 0.517188 0.612500 0.053125 0.045833
0 0.229167 0.728646 0.037500 0.038542
0 0.123958 0.126042 0.045833 0.052083
0 0.911979 0.900000 0.042708 0.025000
0 0.408333 0.484896 0.039583 0.030208
0 0.960938 0.215104 0.036458 0.051042
0 0.923958 0.550521 0.050000 0.034375
0 0.100000 0.569271 0.039583 0.038542
0 0.483854 0.099479 0.030208 0.040625
0 0.561979 0.586979 0.021875 0.038542
0 0.304688 0.381771 0.040625 0.038542
0 0.342708 0.168750 0.020833 0.035417
0 0.091667 0.431250 0.039583 0.041667
0 0.375521 0.757812 0.034375 0.040625
0 0.144271 0.435417 0.040625 0.025000
0 0.970313 0.419792 0.051042 0.050000
0 0.778125 0.712500 0.033333 0.043750
0 0.903125 0.493750 0.018750 0.035417
0 0.853646 0.577604 0.023958 0.040625
0 0.571354 0.310937 0.036458 0.046875
0 0.724479 0.951562 0.051042 0.053125
0 0.717708 0.507292 0.041667 0.029167
0 0.426042 0.222396 0.054167 0.036458
0 0.245312 0.623437 0.034375 0.051042
0 0.800000 0.326562 0.033333 0.040625
0 0.217708 0.836979 0.039583 0.053125
0 0.309375 0.088021 0.047917 0.053125
0 0.511458 0.232813 0.027083 0.042708
0 0.415625 0.688542 0.027083 0.045833
0 0.817187 0.417187 0.036458 0.046875
0 0.805729 0.454167 0.053125 0.039583
0 0.348438 0.685937 0.038542 0.055208
0 0.913542 0.652083 0.047917 0.037500
0 0.544271 0.304167 0.051042 0.050000
0 0.553646 0.826042 0.046875 0.043750
0 0.528125 0.431771 0.045833 0.026042
0 0.097917 0.141667 0.041667 0.047917
0 0.520833 0.142187 0.050000 0.053125
0 0.359896 0.498958 0.044792 0.025000
0 0.676562 0.179167 0.030208 0.039583
0 0.619271 0.924479 0.034375 0.040625
0 0.127083 0.673438 0.041667 0.055208
0 0.165104 0.546354 0.026042 0.040625
0 0.420833 0.702083 0.022917 0.037500
0 0.307812 0.771875 0.042708 0.025000
0 0.621354 0.954688 0.040625 0.023958
0 0.660417 0.826562 0.041667 0.048958
0 0.603125 0.359375 0.043750 0.035417
0 0.660417 0.373437 0.039583 0.034375
0 0.732812 0.284375 0.030208 0.043750
0 0.761979 0.803646 0.026042 0.040625
0 0.431771 0.198958 0.044792 0.033333
0 0.091667 0.735938 0.039583 0.023958
0 0.966146 0.421354 0.040625 0.032292
0 0.097396 0.579688 0.055208 0.044792
0 0.593750 0.688021 0.033333 0.040625
0 0.145833 0.945833 0.035417 0.043750
0 0.516667 0.621875 0.047917 0.025000
0 0.367708 0.546875 0.047917 0.037500
0 0.795833 0.436458 0.037500 0.035417
0 0.620833 0.325521 0.043750 0.055208
0 0.652604 0.099479 0.034375 0.046875
0 0.611979 0.507292 0.048958 0.041667
0 0.297396 0.289062 0.040625 0.034375
0 0.284896 0.558333 0.036458 0.018750
0 0.854167 0.551562 0.039583 0.036458
0 0.896875 0.659375 0.027083 0.045833
0 0.289583 0.640104 0.043750 0.040625
0 0.083854 0.492708 0.036458 0.043750
0 0.853125 0.640104 0.037500 0.040625
0 0.102604 0.656771 0.051042 0.042708
0 0.918750 0.583333 0.041667 0.047917
0 0.638542 0.602604 0.025000 0.038542
0 0.877083 0.104167 0.043750 0.033333
0 0.292708 0.672917 0.025000 0.043750
0 0.938021 0.319792 0.026042 0.041667
0 0.783854 0.350000 0.042708 0.031250
0 0.128646 0.668229 0.042708 0.023958
0 0.429167 0.457813 0.035417 0.044792
0 0.369271 0.668229 0.036458 0.040625
0 0.200000 0.266146 0.054167 0.048958
0 0.094271 0.452083 0.044792 0.054167
0 0.728646 0.079167 0.046875 0.043750
0 0.383333 0.521354 0.045833 0.040625
0 0.690625 0.616667 0.047917 0.039583
0 0.350521 0.284896 0.032292 0.048958
0 0.415625 0.188021 0.050000 0.034375
0 0.678125 0.239063 0.041667 0.044792
0 0.161458 0.107292 0.037500 0.029167
0 0.855208 0.908854 0.047917 0.032292
0 0.909896 0.820312 0.036458 0.046875
0 0.748958 0.098958 0.037500 0.031250
0 0.664583 0.103646 0.050000 0.036458
0 0.910937 0.492708 0.030208 0.039583
0 0.175521 0.329167 0.028125 0.039583
0 0.123438 0.394792 0.034375 0.052083
0 0.810417 0.590625 0.027083 0.037500
0 0.191667 0.527083 0.031250 0.037500
0 0.589063 0.580729 0.051042 0.044792
0 0.959375 0.870833 0.037500 0.047917
0 0.115104 0.632812 0.044792 0.040625
0 0.507292 0.238542 0.043750 0.031250
0 0.094792 0.501563 0.029167 0.046875
0 0.891667 0.859375 0.043750 0.033333
0 0.711458 0.515104 0.050000 0.042708
0 0.836458 0.427604 0.050000 0.042708
0 0.342187 0.412500 0.038542 0.033333
0 0.677083 0.392188 0.020833 0.038542
0 0.195833 0.099479 0.033333 0.048958
0 0.329167 0.385417 0.037500 0.047917
0 0.182812 0.607292 0.036458 0.020833
0 0.640104 0.583333 0.023958 0.047917
0 0.595833 0.390625 0.047917 0.052083
0 0.761979 0.782292 0.026042 0.039583
0 0.662500 0.271354 0.039583 0.032292
0 0.534375 0.417187 0.037500 0.040625
0 0.555208 0.515625 0.037500 0.041667
0 0.369271 0.239063 0.040625 0.051042
0 0.091146 0.647396 0.053125 0.051042
0 0.198437 0.882812 0.048958 0.046875
0 0.730208 0.120313 0.037500 0.019792
0 0.133333 0.077083 0.043750 0.031250
0 0.889583 0.846354 0.052083 0.053125
0 0.448958 0.446354 0.037500 0.044792
0 0.750000 0.119792 0.045833 0.052083
0 0.610938 0.385417 0.042708 0.047917
0 0.903125 0.676562 0.052083 0.030208
0 0.107292 0.134375 0.037500 0.047917
0 0.357812 0.680208 0.038542 0.025000
0 0.450000 0.959375 0.035417 0.037500
0 0.641146 0.866146 0.028125 0.048958
0 0.225000 0.220833 0.027083 0.041667
0 0.127083 0.569271 0.052083 0.034375
0 0.723958 0.878646 0.039583 0.023958
0 0.605729 0.443750 0.036458 0.052083
0 0.131250 0.547917 0.052083 0.037500
0 0.286979 0.320833 0.038542 0.027083
0 0.240104 0.806250 0.028125 0.043750
0 0.491146 0.517188 0.021875 0.038542
0 0.718229 0.368750 0.032292 0.052083
0 0.809375 0.719792 0.033333 0.050000
0 0.762500 0.339062 0.039583 0.038542
0 0.372396 0.558333 0.026042 0.041667
0 0.457292 0.525000 0.047917 0.052083
0 0.825000 0.475000 0.025000 0.043750
0 0.227604 0.913021 0.032292 0.048958
0 0.874479 0.375000 0.042708 0.039583
0 0.666146 0.855208 0.017708 0.035417
0 0.641667 0.847396 0.054167 0.048958
0 0.877604 0.931771 0.048958 0.055208
0 0.636458 0.622396 0.047917 0.055208
0 0.503646 0.609375 0.034375 0.039583
0 0.883854 0.697917 0.038542 0.047917
0 0.933854 0.166667 0.042708 0.039583
0 0.191146 0.528125 0.042708 0.031250
0 0.839063 0.449479 0.036458 0.040625
0 0.793750 0.453646 0.050000 0.034375
0 0.343229 0.790104 0.040625 0.044792
0 0.239063 0.221354 0.032292 0.053125
0 0.910417 0.628646 0.027083 0.038542
0 0.400521 0.396354 0.038542 0.055208
0 0.903646 0.644271 0.046875 0.036458
0 0.900000 0.390625 0.035417 0.020833
0 0.707812 0.107292 0.051042 0.050000
0 0.925521 0.872917 0.042708 0.029167
0 0.279687 0.710417 0.053125 0.045833
0 0.742708 0.358333 0.050000 0.047917
0 0.911458 0.655208 0.041667 0.027083
0 0.225000 0.352083 0.052083 0.035417
0 0.580729 0.179167 0.040625 0.020833
0 0.392188 0.736458 0.019792 0.037500
0 0.616667 0.174479 0.029167 0.044792
0 0.523438 0.506250 0.048958 0.052083
0 0.960938 0.242188 0.051042 0.040625
0 0.249479 0.273958 0.034375 0.052083
0 0.256771 0.670833 0.026042 0.039583
0 0.676042 0.885417 0.037500 0.035417
0 0.435937 0.781771 0.055208 0.044792
0 0.469271 0.688542 0.042708 0.054167
0 0.091146 0.340625 0.036458 0.037500
0 0.215104 0.959375 0.032292 0.047917
0 0.127604 0.738021 0.030208 0.053125
0 0.447917 0.481771 0.041667 0.044792
0 0.844792 0.814063 0.039583 0.028125
0 0.645833 0.608333 0.035417 0.037500
0 0.537500 0.811979 0.039583 0.030208
0 0.857292 0.174479 0.041667 0.044792
0 0.537500 0.820833 0.039583 0.041667
0 0.811979 0.110937 0.042708 0.044792
0 0.391667 0.919792 0.031250 0.045833
0 0.578646 0.963542 0.038542 0.033333
0 0.361979 0.308333 0.038542 0.033333
0 0.883854 0.584375 0.038542 0.052083
0 0.554688 0.816146 0.044792 0.032292
0 0.485938 0.344271 0.026042 0.040625
0 0.419271 0.513542 0.038542 0.033333
0 0.195312 0.515625 0.030208 0.047917
0 0.818750 0.474479 0.039583 0.030208
0 0.430729 0.691146 0.055208 0.038542
0 0.951042 0.632812 0.045833 0.055208
0 0.818750 0.470313 0.054167 0.048958
0 0.302604 0.476562 0.051042 0.040625
0 0.306771 0.808333 0.046875 0.043750
0 0.349479 0.169271 0.044792 0.055208
0 0.152604 0.386979 0.044792 0.042708
0 0.080729 0.761458 0.034375 0.047917
0 0.951562 0.604167 0.032292 0.039583
0 0.856771 0.094792 0.023958 0.041667
0 0.696354 0.878646 0.055208 0.046875
0 0.822917 0.603646 0.039583 0.036458
0 0.133333 0.475000 0.052083 0.045833
0 0.306771 0.501042 0.044792 0.052083
0 0.528125 0.254688 0.045833 0.048958
0 0.563542 0.080208 0.029167 0.041667
0 0.632292 0.368229 0.039583 0.036458
0 0.692708 0.613542 0.037500 0.025000
0 0.267188 0.664583 0.030208 0.039583
0 0.853125 0.328125 0.022917 0.037500
0 0.776042 0.292708 0.041667 0.027083
0 0.359375 0.754687 0.039583 0.026042
0 0.702083 0.694792 0.037500 0.035417
0 0.372396 0.121875 0.040625 0.025000
0 0.908854 0.378646 0.048958 0.055208
0 0.385937 0.666667 0.026042 0.045833
0 0.594792 0.401562 0.050000 0.040625
0 0.588542 0.745313 0.031250 0.048958
0 0.270833 0.113542 0.035417 0.018750
0 0.476042 0.294792 0.039583 0.020833
0 0.761979 0.564063 0.028125 0.048958
0 0.824479 0.706771 0.036458 0.040625
0 0.911458 0.858854 0.037500 0.019792
0 0.170313 0.886458 0.044792 0.025000
0 0.593229 0.954688 0.036458 0.051042
0 0.727604 0.129167 0.048958 0.035417
0 0.123958 0.183333 0.027083 0.037500
0 0.572917 0.141667 0.031250 0.045833
0 0.957292 0.255729 0.039583 0.048958
0 0.625521 0.709896 0.038542 0.021875
0 0.611458 0.116146 0.050000 0.036458
0 0.372396 0.673438 0.046875 0.048958
0 0.593229 0.952083 0.036458 0.020833
0 0.755208 0.668750 0.037500 0.047917
0 0.202083 0.171875 0.045833 0.027083
0 0.869792 0.567187 0.047917 0.030208
0 0.776042 0.442708 0.027083 0.047917
0 0.386458 0.176042 0.020833 0.039583
0 0.130208 0.482812 0.043750 0.048958
0 0.660417 0.245312 0.039583 0.036458
0 0.262500 0.169792 0.050000 0.050000
0 0.651563 0.392708 0.019792 0.039583
0 0.780729 0.492188 0.036458 0.046875
0 0.416146 0.282813 0.040625 0.028125
0 0.593229 0.648438 0.032292 0.044792
0 0.611458 0.118750 0.037500 0.035417
0 0.550521 0.368750 0.042708 0.041667
0 0.327604 0.905729 0.042708 0.023958
0 0.372917 0.230208 0.047917 0.027083
0 0.152083 0.949479 0.031250 0.044792
0 0.370833 0.934375 0.035417 0.020833