0 0.848437 0.612500 0.032292 0.039583
0 0.871875 0.309896 0.045833 0.036458
0 0.647917 0.323958 0.035417 0.047917
0 0.388021 0.380208 0.040625 0.020833
0 0.628125 0.748958 0.020833 0.035417
0 0.497917 0.591667 0.047917 0.041667
0 0.451562 0.656250 0.042708 0.041667
0 0.711458 0.495833 0.047917 0.052083
0 0.792708 0.498437 0.050000 0.040625
0 0.551562 0.198437 0.032292 0.040625
0 0.146354 0.231771 0.046875 0.055208
0 0.160417 0.220833 0.045833 0.043750
0 0.106250 0.249479 0.047917 0.053125
0 0.418750 0.759896 0.043750 0.030208
0 0.444792 0.581250 0.047917 0.035417
0 0.847396 0.487500 0.038542 0.031250
0 0.917188 0.576042 0.038542 0.033333
0 0.215625 0.615104 0.041667 0.044792
0 0.167708 0.493229 0.047917 0.044792
0 0.229687 0.260417 0.040625 0.047917
0 0.834375 0.255729 0.039583 0.038542
0 0.552083 0.154688 0.037500 0.053125
0 0.575000 0.622396 0.037500 0.053125
0 0.916146 0.960938 0.044792 0.042708
0 0.245312 0.756250 0.030208 0.039583
0 0.416146 0.267188 0.040625 0.036458
0 0.827083 0.604167 0.043750 0.022917
0 0.899479 0.590625 0.036458 0.037500
0 0.620833 0.765104 0.047917 0.044792
0 0.759896 0.654687 0.030208 0.044792
0 0.148958 0.343750 0.045833 0.031250
0 0.742708 0.306771 0.039583 0.036458
0 0.834896 0.376042 0.023958 0.045833
0 0.950000 0.879167 0.043750 0.025000
0 0.307292 0.133854 0.025000 0.044792
0 0.951562 0.795833 0.040625 0.041667
0 0.162500 0.754687 0.043750 0.028125
0 0.705208 0.764062 0.043750 0.028125
0 0.834375 0.706771 0.050000 0.036458
0 0.921354 0.247917 0.042708 0.047917
0 0.440625 0.400521 0.039583 0.032292
0 0.782292 0.355208 0.022917 0.037500
0 0.693750 0.257812 0.031250 0.048958
0 0.435937 0.864062 0.028125 0.051042
0 0.668750 0.883854 0.050000 0.034375
0 0.566667 0.914583 0.041667 0.031250
0 0.121875 0.648958 0.029167 0.041667
0 0.310417 0.795312 0.052083 0.051042
0 0.352604 0.754687 0.044792 0.042708
0 0.755208 0.105208 0.035417 0.047917
0 0.228646 0.194271 0.048958 0.055208
0 0.279167 0.473438 0.029167 0.051042
0 0.226562 0.516146 0.055208 0.044792
0 0.243229 0.613542 0.038542 0.047917
0 0.193229 0.410938 0.040625 0.030208
0 0.358854 0.405208 0.021875 0.043750
0 0.957812 0.234375 0.019792 0.037500
0 0.740104 0.712500 0.036458 0.018750
0 0.210938 0.287500 0.028125 0.050000
0 0.642188 0.290625 0.038542 0.033333
0 0.767708 0.317188 0.054167 0.051042
0 0.818229 0.788021 0.023958 0.040625
0 0.867708 0.521354 0.039583 0.053125
0 0.283333 0.787500 0.041667 0.037500
0 0.694271 0.614062 0.028125 0.051042
0 0.217188 0.232292 0.048958 0.039583
0 0.563021 0.285938 0.042708 0.023958
0 0.490625 0.319792 0.029167 0.037500
0 0.772396 0.136979 0.040625 0.030208
0 0.302083 0.181250 0.037500 0.031250
0 0.343229 0.427604 0.055208 0.046875
0 0.485938 0.814583 0.028125 0.039583
0 0.397917 0.570833 0.035417 0.037500
0 0.178125 0.544792 0.043750 0.022917
0 0.420312 0.243750 0.046875 0.031250
0 0.393229 0.773438 0.040625 0.032292
0 0.901563 0.621354 0.040625 0.026042
0 0.906771 0.800000 0.046875 0.052083
0 0.742188 0.353646 0.048958 0.048958
0 0.869792 0.298958 0.020833 0.039583
0 0.216146 0.072396 0.046875 0.034375
0 0.350000 0.221354 0.031250 0.040625
0 0.953125 0.341146 0.054167 0.048958
0 0.377083 0.881771 0.047917 0.032292
0 0.177083 0.165625 0.052083 0.035417
0 0.255729 0.157812 0.036458 0.040625
0 0.925000 0.554167 0.047917 0.037500
0 0.696354 0.609375 0.021875 0.039583
0 0.705729 0.477604 0.044792 0.040625
0 0.251563 0.843750 0.044792 0.047917
0 0.477604 0.256250 0.034375 0.037500
0 0.627604 0.329167 0.034375 0.052083
0 0.925521 0.672917 0.034375 0.016667
0 0.932813 0.350000 0.042708 0.039583
0 0.343229 0.451562 0.046875 0.048958
0 0.669792 0.300521 0.039583 0.048958
0 0.451562 0.735938 0.032292 0.040625
0 0.830729 0.700521 0.036458 0.040625
0 0.956250 0.259896 0.050000 0.042708
0 0.904687 0.501563 0.044792 0.030208
0 0.536458 0.459896 0.050000 0.053125
0 0.742708 0.170833 0.045833 0.052083
0 0.392708 0.429688 0.043750 0.042708
0 0.218229 0.721354 0.044792 0.055208
0 0.426042 0.435937 0.050000 0.036458
0 0.550521 0.772396 0.048958 0.023958
0 0.552604 0.365625 0.038542 0.043750
0 0.966667 0.140104 0.050000 0.044792
0 0.431771 0.645833 0.042708 0.027083
0 0.572917 0.894792 0.045833 0.043750
0 0.458854 0.073958 0.046875 0.027083
0 0.326562 0.644792 0.038542 0.033333
0 0.967708 0.157292 0.052083 0.033333
0 0.414583 0.617188 0.045833 0.034375
0 0.143229 0.458854 0.038542 0.023958
0 0.428646 0.236979 0.040625 0.051042
0 0.126042 0.343229 0.045833 0.032292
0 0.725000 0.235937 0.035417 0.048958
0 0.733854 0.493750 0.040625 0.041667
0 0.860417 0.647917 0.052083 0.043750
0 0.830729 0.545312 0.055208 0.046875
0 0.757292 0.670312 0.037500 0.053125
0 0.478646 0.479687 0.028125 0.040625
0 0.623437 0.847917 0.048958 0.037500
0 0.522396 0.263021 0.051042 0.044792
0 0.273438 0.158854 0.023958 0.046875
0 0.461979 0.211979 0.042708 0.044792
0 0.824479 0.803646 0.042708 0.023958
0 0.475521 0.593750 0.034375 0.039583
0 0.636979 0.797396 0.026042 0.046875
0 0.472917 0.686979 0.050000 0.053125
0 0.627083 0.773438 0.029167 0.044792
0 0.460938 0.448437 0.021875 0.038542
0 0.084375 0.144792 0.041667 0.047917
0 0.571354 0.886458 0.048958 0.025000
0 0.474479 0.598958 0.044792 0.022917
0 0.700000 0.139063 0.043750 0.042708
0 0.177083 0.566667 0.037500 0.041667
0 0.414062 0.804167 0.038542 0.022917
0 0.733333 0.540625 0.027083 0.037500
0 0.930729 0.319792 0.046875 0.027083
0 0.398958 0.950000 0.039583 0.052083
0 0.528125 0.538021 0.050000 0.026042
0 0.427083 0.107813 0.039583 0.053125
0 0.355208 0.261979 0.054167 0.046875
0 0.115104 0.791667 0.044792 0.035417
0 0.293229 0.328646 0.044792 0.028125
0 0.510417 0.213021 0.054167 0.038542
0 0.678125 0.893750 0.045833 0.043750
0 0.450000 0.073438 0.039583 0.030208
0 0.505729 0.824479 0.046875 0.048958
0 0.439063 0.474479 0.048958 0.023958
0 0.386458 0.099479 0.054167 0.036458
0 0.789062 0.456250 0.038542 0.047917
0 0.244271 0.527083 0.042708 0.025000
0 0.646875 0.230729 0.037500 0.019792
0 0.641146 0.270833 0.048958 0.037500
0 0.173958 0.643750 0.027083 0.037500
0 0.841146 0.443229 0.044792 0.030208
0 0.877083 0.248438 0.029167 0.048958
0 0.318229 0.468750 0.038542 0.043750
0 0.589583 0.435417 0.031250 0.037500
0 0.586979 0.841146 0.026042 0.044792
0 0.578646 0.092188 0.046875 0.026042
0 0.596875 0.552604 0.035417 0.040625
0 0.200000 0.713542 0.047917 0.035417
0 0.465104 0.938021 0.046875 0.038542
0 0.206771 0.334896 0.055208 0.036458
0 0.854688 0.430208 0.030208 0.043750
0 0.797396 0.743750 0.038542 0.052083
0 0.427604 0.453646 0.055208 0.042708
0 0.673958 0.492708 0.039583 0.052083
0 0.598437 0.951562 0.055208 0.048958
0 0.103125 0.889062 0.029167 0.046875
0 0.614583 0.612500 0.037500 0.027083
0 0.547396 0.944271 0.038542 0.038542
0 0.891146 0.184375 0.044792 0.033333
0 0.563542 0.685937 0.033333 0.040625
0 0.734375 0.708854 0.035417 0.048958
0 0.675000 0.425521 0.050000 0.028125
0 0.704688 0.953646 0.046875 0.048958
0 0.805208 0.163021 0.041667 0.032292
0 0.101562 0.118750 0.026042 0.045833
0 0.292708 0.509896 0.052083 0.051042
0 0.506250 0.073958 0.037500 0.022917
0 0.635938 0.342708 0.030208 0.050000
0 0.614583 0.142708 0.047917 0.037500
0 0.834375 0.745833 0.041667 0.027083
0 0.347917 0.813542 0.043750 0.031250
0 0.508333 0.423438 0.037500 0.021875
0 0.329688 0.407813 0.040625 0.030208
0 0.449479 0.355729 0.051042 0.040625
0 0.954167 0.779687 0.043750 0.055208
0 0.075000 0.372396 0.035417 0.048958
0 0.552604 0.914062 0.048958 0.055208
0 0.834896 0.400521 0.040625 0.028125
0 0.807292 0.320833 0.050000 0.029167
0 0.852604 0.089063 0.053125 0.051042
0 0.647396 0.569271 0.042708 0.051042
0 0.251563 0.465104 0.046875 0.036458
0 0.389583 0.898438 0.033333 0.044792
0 0.794271 0.947396 0.028125 0.044792
0 0.797396 0.873958 0.042708 0.047917
0 0.323437 0.876563 0.026042 0.044792
0 0.552083 0.302604 0.022917 0.038542
0 0.893750 0.738021 0.039583 0.038542
0 0.432812 0.701042 0.053125 0.045833
0 0.567708 0.834896 0.050000 0.026042
0 0.936458 0.244271 0.033333 0.048958
0 0.788021 0.283333 0.028125 0.039583
0 0.573438 0.623958 0.048958 0.035417
0 0.376042 0.708333 0.020833 0.041667
0 0.794271 0.884896 0.044792 0.042708
0 0.386979 0.869792 0.021875 0.039583
0 0.195833 0.252083 0.043750 0.033333
0 0.504167 0.553125 0.041667 0.031250
0 0.706250 0.308854 0.035417 0.048958
0 0.358854 0.693750 0.046875 0.045833
0 0.970833 0.964063 0.054167 0.048958
0 0.821875 0.310937 0.052083 0.051042
0 0.261979 0.506771 0.055208 0.046875
0 0.408333 0.165104 0.039583 0.038542
0 0.883333 0.868750 0.050000 0.047917
0 0.581250 0.627604 0.035417 0.044792
0 0.435937 0.689583 0.028125 0.039583
0 0.794271 0.553125 0.042708 0.027083
0 0.945312 0.085938 0.032292 0.053125
0 0.286458 0.805729 0.039583 0.044792
0 0.622917 0.598958 0.035417 0.052083
0 0.529687 0.447396 0.051042 0.028125
0 0.395833 0.414062 0.031250 0.053125
0 0.784896 0.104167 0.044792 0.022917
0 0.234375 0.180729 0.022917 0.042708
0 0.540625 0.840104 0.018750 0.038542
0 0.178125 0.923438 0.045833 0.048958
0 0.651042 0.579167 0.018750 0.035417
0 0.633854 0.081771 0.046875 0.040625
0 0.184896 0.098437 0.051042 0.040625
0 0.120833 0.215625 0.039583 0.052083
0 0.705729 0.228646 0.053125 0.030208
0 0.273438 0.354167 0.048958 0.035417
0 0.068229 0.198437 0.030208 0.048958
0 0.959375 0.688021 0.033333 0.040625
0 0.393229 0.171354 0.030208 0.040625
0 0.575000 0.758333 0.047917 0.041667
0 0.833333 0.862500 0.043750 0.045833
0 0.555729 0.957292 0.042708 0.027083
0 0.622396 0.475521 0.040625 0.036458
0 0.809896 0.683854 0.046875 0.038542
0 0.333854 0.386979 0.048958 0.032292
0 0.760938 0.543750 0.048958 0.052083
0 0.780208 0.385417 0.045833 0.022917
0 0.933854 0.877083 0.042708 0.054167
0 0.452083 0.769792 0.041667 0.027083
0 0.336979 0.256250 0.026042 0.045833
0 0.814063 0.757292 0.038542 0.047917
0 0.273958 0.558333 0.043750 0.027083
0 0.341146 0.582812 0.046875 0.038542
0 0.392188 0.099479 0.051042 0.053125
0 0.465625 0.652604 0.050000 0.038542
0 0.267188 0.583854 0.040625 0.023958
0 0.463542 0.542708 0.039583 0.052083
0 0.342708 0.554688 0.047917 0.032292
0 0.947396 0.250000 0.040625 0.041667
0 0.855208 0.614583 0.041667 0.039583
0 0.804688 0.586979 0.019792 0.038542
0 0.073438 0.773438 0.040625 0.036458
0 0.914583 0.720313 0.043750 0.040625
0 0.933854 0.481771 0.051042 0.036458
0 0.556771 0.632812 0.055208 0.048958
0 0.251563 0.403646 0.021875 0.038542
0 0.840104 0.314583 0.040625 0.041667
0 0.753646 0.890625 0.023958 0.043750
0 0.523958 0.584375 0.050000 0.050000
0 0.336458 0.259375 0.047917 0.052083
0 0.484896 0.872396 0.051042 0.026042
0 0.920312 0.481771 0.055208 0.044792
0 0.664583 0.579688 0.029167 0.040625
0 0.230729 0.071875 0.042708 0.039583
0 0.133333 0.381771 0.037500 0.044792
0 0.175000 0.878125 0.020833 0.041667
0 0.638542 0.358854 0.041667 0.044792
0 0.967187 0.525521 0.040625 0.036458
0 0.347917 0.902083 0.033333 0.047917
0 0.908333 0.334896 0.022917 0.038542
0 0.687500 0.081771 0.052083 0.051042
0 0.590625 0.355729 0.047917 0.046875
0 0.491146 0.154167 0.040625 0.047917
0 0.369792 0.755208 0.050000 0.047917
0 0.348958 0.582292 0.041667 0.047917
0 0.532292 0.961979 0.039583 0.038542
0 0.262500 0.134375 0.047917 0.039583
0 0.531771 0.273958 0.051042 0.033333
0 0.694792 0.602083 0.025000 0.043750
0 0.199479 0.088542 0.038542 0.027083
0 0.881250 0.562500 0.033333 0.047917
0 0.778646 0.605208 0.046875 0.045833
0 0.795833 0.383333 0.033333 0.043750
0 0.178125 0.416146 0.039583 0.038542
0 0.509896 0.152604 0.055208 0.038542
0 0.802083 0.465104 0.054167 0.042708
0 0.715104 0.253125 0.042708 0.037500
0 0.143750 0.096354 0.047917 0.053125
0 0.525521 0.832812 0.055208 0.046875
0 0.461979 0.865104 0.051042 0.044792
0 0.697917 0.366667 0.039583 0.022917
0 0.758854 0.730208 0.042708 0.027083
0 0.889062 0.320833 0.046875 0.052083
0 0.358333 0.573438 0.052083 0.034375
0 0.709896 0.231771 0.026042 0.044792
0 0.747396 0.361979 0.046875 0.023958
0 0.240104 0.907813 0.021875 0.038542
0 0.229167 0.809896 0.045833 0.026042
0 0.814063 0.664062 0.036458 0.040625
0 0.626563 0.240625 0.040625 0.022917
0 0.621354 0.543229 0.026042 0.046875
0 0.750521 0.276562 0.048958 0.048958
0 0.216667 0.843750 0.037500 0.052083
0 0.592708 0.371875 0.047917 0.039583
0 0.234896 0.076563 0.032292 0.044792
0 0.132292 0.820312 0.025000 0.038542
0 0.856771 0.535417 0.034375 0.043750
0 0.740625 0.506250 0.035417 0.037500
0 0.845313 0.419271 0.044792 0.051042
0 0.922396 0.721875 0.032292 0.052083
0 0.261458 0.508333 0.041667 0.039583
0 0.373958 0.113021 0.037500 0.021875
0 0.568750 0.196354 0.045833 0.023958
0 0.634375 0.268229 0.050000 0.034375
0 0.943750 0.653125 0.041667 0.031250
0 0.728646 0.313542 0.036458 0.037500
0 0.479167 0.454688 0.031250 0.048958
0 0.347396 0.826042 0.038542 0.025000
0 0.503646 0.751563 0.044792 0.028125
0 0.929167 0.398958 0.041667 0.039583
0 0.295833 0.945833 0.035417 0.018750
0 0.867708 0.546875 0.018750 0.035417
0 0.270313 0.480729 0.038542 0.019792
0 0.577604 0.770312 0.051042 0.044792
0 0.222396 0.089583 0.036458 0.047917
0 0.421354 0.567187 0.040625 0.019792
0 0.175521 0.571354 0.034375 0.040625
0 0.935417 0.856250 0.035417 0.020833
0 0.439063 0.111979 0.044792 0.040625
0 0.104167 0.851562 0.031250 0.040625
0 0.532292 0.270313 0.037500 0.019792
0 0.645833 0.403125 0.041667 0.029167
0 0.565625 0.358333 0.039583 0.022917
0 0.330208 0.084375 0.031250 0.045833
0 0.594271 0.539062 0.046875 0.023958
0 0.299479 0.772917 0.017708 0.035417
0 0.609896 0.700000 0.048958 0.025000
0 0.767188 0.651563 0.032292 0.040625
0 0.247396 0.226042 0.038542 0.047917
0 0.417187 0.420833 0.044792 0.045833
0 0.560417 0.641667 0.041667 0.027083
0 0.316667 0.617188 0.050000 0.034375
0 0.496875 0.706250 0.018750 0.037500
0 0.576562 0.231250 0.048958 0.041667
0 0.107813 0.818229 0.036458 0.051042
0 0.081771 0.513542 0.030208 0.039583
0 0.136979 0.182292 0.046875 0.022917
0 0.824479 0.827083 0.032292 0.047917
0 0.325000 0.472396 0.039583 0.028125
0 0.332813 0.088021 0.040625 0.032292
0 0.648958 0.129688 0.054167 0.048958
0 0.821354 0.452083 0.053125 0.039583
0 0.643229 0.179688 0.040625 0.026042
0 0.144271 0.568750 0.051042 0.033333
0 0.286458 0.122917 0.029167 0.050000
0 0.124479 0.878646 0.040625 0.044792
0 0.515625 0.521354 0.041667 0.042708
0 0.085938 0.514583 0.036458 0.018750
0 0.234375 0.668750 0.052083 0.033333
0 0.079167 0.525521 0.039583 0.026042
0 0.275521 0.147396 0.055208 0.048958
0 0.744271 0.174479 0.051042 0.038542
0 0.726562 0.428646 0.046875 0.040625
0 0.493229 0.671875 0.046875 0.031250
0 0.194271 0.251563 0.034375 0.053125
0 0.651563 0.531250 0.051042 0.033333
0 0.163542 0.532292 0.029167 0.037500
0 0.323958 0.428646 0.043750 0.026042
0 0.118750 0.696354 0.052083 0.051042
0 0.252083 0.682813 0.043750 0.048958
0 0.287500 0.292187 0.054167 0.038542
0 0.401042 0.564583 0.045833 0.029167
0 0.905208 0.923958 0.029167 0.045833
0 0.813021 0.916146 0.044792 0.042708
0 0.440104 0.654687 0.053125 0.053125
0 0.818229 0.553646 0.044792 0.040625
0 0.274479 0.901563 0.044792 0.040625
0 0.348958 0.158854 0.039583 0.036458
0 0.631250 0.624479 0.039583 0.026042
0 0.607812 0.548438 0.046875 0.034375
0 0.882812 0.475000 0.044792 0.035417
0 0.209896 0.448958 0.030208 0.039583
0 0.786458 0.233854 0.029167 0.044792
0 0.413542 0.785417 0.033333 0.050000
0 0.554688 0.293750 0.042708 0.037500
0 0.285938 0.609375 0.048958 0.039583
0 0.715104 0.611979 0.034375 0.051042
0 0.618750 0.223958 0.031250 0.037500
0 0.785937 0.497917 0.036458 0.052083
0 0.325521 0.756250 0.042708 0.047917
0 0.292708 0.520312 0.035417 0.044792
0 0.402604 0.416667 0.023958 0.041667
0 0.957812 0.955208 0.038542 0.029167
0 0.136458 0.102083 0.052083 0.043750
0 0.481250 0.264062 0.043750 0.055208
0 0.381250 0.094271 0.039583 0.053125
0 0.347917 0.319271 0.054167 0.038542
0 0.314063 0.157812 0.036458 0.051042
0 0.150521 0.219792 0.030208 0.039583
0 0.267188 0.203125 0.044792 0.035417
0 0.390625 0.823958 0.047917 0.035417
0 0.407813 0.087500 0.048958 0.035417
0 0.905729 0.271875 0.048958 0.041667
0 0.919792 0.829167 0.035417 0.052083
0 0.796875 0.952604 0.039583 0.030208
0 0.477083 0.114062 0.054167 0.038542
0 0.113542 0.483333 0.037500 0.035417
0 0.253646 0.905729 0.048958 0.055208
0 0.358854 0.580729 0.038542 0.051042
0 0.923438 0.223438 0.046875 0.026042
0 0.105729 0.816146 0.051042 0.028125
0 0.150521 0.875521 0.042708 0.023958
0 0.196875 0.472396 0.035417 0.044792
0 0.756250 0.515625 0.037500 0.033333
0 0.797917 0.864583 0.047917 0.027083
0 0.370833 0.656771 0.045833 0.028125
0 0.307812 0.719792 0.042708 0.047917
0 0.941667 0.168229 0.031250 0.044792
0 0.447917 0.487500 0.047917 0.027083
0 0.415625 0.447917 0.037500 0.033333
0 0.659896 0.221354 0.040625 0.055208
0 0.490104 0.706771 0.048958 0.046875
0 0.172396 0.945833 0.023958 0.041667
0 0.441146 0.382292 0.044792 0.035417
0 0.078646 0.174479 0.038542 0.051042
0 0.336458 0.660417 0.022917 0.037500
0 0.472396 0.550000 0.044792 0.022917
0 0.600521 0.859375 0.034375 0.043750
0 0.884375 0.581771 0.020833 0.040625
0 0.858333 0.161458 0.035417 0.043750
0 0.948438 0.955208 0.042708 0.037500
0 0.428646 0.184896 0.044792 0.042708
0 0.202083 0.232292 0.043750 0.045833
0 0.950000 0.491146 0.045833 0.038542
0 0.376563 0.570312 0.051042 0.042708
0 0.707812 0.907813 0.032292 0.053125
0 0.163542 0.526563 0.043750 0.030208
0 0.368750 0.410417 0.047917 0.037500
0 0.499479 0.086979 0.023958 0.046875
0 0.122396 0.784896 0.036458 0.040625
0 0.531250 0.896354 0.050000 0.040625
0 0.714583 0.153646 0.037500 0.023958
0 0.597396 0.789583 0.038542 0.027083
0 0.385937 0.480729 0.048958 0.046875
0 0.251042 0.461458 0.041667 0.039583
0 0.227604 0.101042 0.028125 0.050000
0 0.089063 0.344792 0.048958 0.041667
0 0.153125 0.804688 0.045833 0.032292
0 0.322917 0.174479 0.054167 0.048958
0 0.375521 0.577604 0.040625 0.030208
0 0.300000 0.520833 0.052083 0.037500
0 0.839063 0.119271 0.044792 0.051042
0 0.825521 0.677083 0.030208 0.043750
0 0.140625 0.525521 0.035417 0.044792
0 0.313542 0.258333 0.027083 0.045833
0 0.402083 0.700000 0.037500 0.035417
0 0.643750 0.607812 0.025000 0.038542
0 0.739583 0.731771 0.050000 0.053125
0 0.552083 0.094271 0.039583 0.026042
0 0.861979 0.327083 0.051042 0.050000
0 0.733333 0.236979 0.041667 0.055208
0 0.554688 0.394792 0.046875 0.052083
0 0.798958 0.676562 0.041667 0.021875
0 0.763542 0.176042 0.037500 0.047917
0 0.310937 0.953646 0.055208 0.038542
0 0.479687 0.866146 0.051042 0.038542
0 0.090625 0.565104 0.022917 0.044792
0 0.549479 0.119792 0.048958 0.027083
0 0.572917 0.565625 0.020833 0.035417
0 0.740104 0.685937 0.034375 0.046875
0 0.328125 0.581771 0.037500 0.019792
0 0.644271 0.503646 0.034375 0.040625
0 0.106771 0.411458 0.038542 0.035417
0 0.963021 0.695833 0.042708 0.027083
0 0.317188 0.437500 0.048958 0.039583
0 0.963542 0.845833 0.031250 0.045833
0 0.641667 0.707292 0.035417 0.047917
0 0.906250 0.883333 0.035417 0.052083
0 0.617708 0.267708 0.045833 0.022917
0 0.126042 0.885938 0.050000 0.026042
0 0.767188 0.228125 0.034375 0.039583
0 0.345313 0.178646 0.034375 0.046875
0 0.279687 0.937500 0.032292 0.043750
0 0.736458 0.327604 0.031250 0.044792
0 0.718750 0.112500 0.047917 0.050000
0 0.715625 0.085938 0.043750 0.055208
0 0.511979 0.239063 0.038542 0.051042
0 0.705729 0.195312 0.055208 0.040625
0 0.142708 0.566667 0.047917 0.052083
0 0.256250 0.882292 0.035417 0.052083
0 0.881771 0.508854 0.040625 0.046875
0 0.151562 0.116667 0.040625 0.020833
0 0.146354 0.717708 0.038542 0.029167
0 0.383333 0.205729 0.029167 0.046875
0 0.831250 0.410938 0.052083 0.053125
0 0.571354 0.607292 0.032292 0.052083
0 0.668750 0.896354 0.043750 0.048958
0 0.773958 0.370312 0.039583 0.044792
0 0.827604 0.159375 0.034375 0.039583
0 0.675000 0.970313 0.043750 0.048958
0 0.843229 0.295833 0.036458 0.043750
0 0.160938 0.825000 0.042708 0.027083
0 0.102604 0.397396 0.032292 0.040625
0 0.482292 0.833854 0.020833 0.038542
0 0.470313 0.197917 0.048958 0.035417
0 0.782292 0.711458 0.041667 0.039583
0 0.500000 0.183854 0.054167 0.048958
0 0.518750 0.516667 0.037500 0.027083
0 0.194271 0.200521 0.038542 0.040625
0 0.952604 0.934375 0.048958 0.027083
0 0.240104 0.942708 0.048958 0.052083
0 0.189062 0.338542 0.042708 0.047917
0 0.074479 0.392188 0.026042 0.051042
0 0.871875 0.562500 0.041667 0.027083
0 0.243229 0.304688 0.055208 0.048958
0 0.895312 0.929688 0.042708 0.044792
0 0.655208 0.411458 0.031250 0.041667
0 0.932813 0.396354 0.038542 0.046875
0 0.076563 0.346354 0.038542 0.046875
0 0.418229 0.397396 0.040625 0.044792
0 0.955729 0.848437 0.038542 0.051042
0 0.651563 0.716146 0.040625 0.038542
0 0.528125 0.811458 0.031250 0.037500
0 0.240625 0.431250 0.037500 0.022917
0 0.695833 0.178646 0.031250 0.051042
0 0.905729 0.543229 0.032292 0.044792
0 0.594792 0.340104 0.045833 0.034375
0 0.351042 0.504167 0.031250 0.050000
0 0.213542 0.238021 0.045833 0.028125
0 0.838542 0.812500 0.018750 0.035417
0 0.425000 0.590104 0.037500 0.023958
0 0.890104 0.330208 0.048958 0.041667
0 0.358333 0.504687 0.033333 0.040625
0 0.585417 0.941146 0.039583 0.028125
0 0.582292 0.607292 0.041667 0.047917
0 0.379688 0.620833 0.023958 0.045833
0 0.592708 0.909375 0.041667 0.037500
0 0.602604 0.852604 0.034375 0.040625
0 0.769271 0.618229 0.040625 0.034375
0 0.937500 0.297917 0.029167 0.045833
0 0.796354 0.139583 0.051042 0.033333
0 0.466667 0.509375 0.016667 0.033333
0 0.235937 0.918750 0.038542 0.035417
0 0.389583 0.763542 0.047917 0.039583
0 0.846875 0.796354 0.029167 0.046875
0 0.452604 0.457813 0.040625 0.028125
0 0.443229 0.367708 0.042708 0.047917
0 0.875521 0.704167 0.040625 0.041667
0 0.262500 0.436458 0.052083 0.043750
0 0.697917 0.865625 0.025000 0.039583
0 0.573958 0.963542 0.041667 0.037500
0 0.882292 0.672396 0.041667 0.023958
0 0.235937 0.921354 0.042708 0.044792
0 0.719792 0.333854 0.043750 0.055208
0 0.844271 0.615625 0.038542 0.043750
0 0.941667 0.852604 0.033333 0.040625
0 0.806771 0.606250 0.048958 0.025000
0 0.873437 0.425000 0.036458 0.018750
0 0.405729 0.809375 0.026042 0.047917
0 0.788542 0.478125 0.047917 0.039583
0 0.836979 0.705729 0.055208 0.036458
0 0.370312 0.800521 0.051042 0.038542
0 0.435937 0.261979 0.040625 0.051042
0 0.928125 0.911979 0.043750 0.055208
0 0.728125 0.720313 0.043750 0.042708
0 0.831250 0.863021 0.037500 0.019792
0 0.594792 0.689063 0.050000 0.034375
0 0.260417 0.334375 0.052083 0.037500
0 0.431771 0.111458 0.040625 0.022917
0 0.339062 0.382812 0.051042 0.040625
0 0.875521 0.079687 0.051042 0.038542
0 0.334896 0.106771 0.044792 0.028125
0 0.439063 0.945312 0.051042 0.053125
0 0.595833 0.241146 0.052083 0.034375
0 0.503125 0.384896 0.045833 0.038542
0 0.607812 0.784896 0.026042 0.044792
0 0.314583 0.316667 0.050000 0.047917
0 0.760417 0.806250 0.035417 0.020833
0 0.502083 0.077083 0.043750 0.035417
0 0.717708 0.733854 0.045833 0.028125
0 0.952604 0.798958 0.048958 0.033333
0 0.502083 0.932292 0.033333 0.047917
0 0.846875 0.782292 0.043750 0.035417
0 0.339062 0.706250 0.048958 0.041667
0 0.566667 0.181771 0.043750 0.042708
0 0.428125 0.441146 0.043750 0.026042
0 0.467708 0.175521 0.039583 0.019792
0 0.074479 0.692708 0.038542 0.027083
0 0.820833 0.338542 0.043750 0.033333
0 0.065625 0.445833 0.020833 0.035417
0 0.956250 0.097396 0.037500 0.048958
0 0.381250 0.421354 0.050000 0.028125
0 0.722396 0.130208 0.042708 0.047917
0 0.350521 0.964583 0.032292 0.043750
0 0.528125 0.162500 0.045833 0.033333
0 0.136979 0.669792 0.034375 0.052083
0 0.217188 0.809375 0.019792 0.039583
0 0.654167 0.248958 0.029167 0.041667
0 0.160938 0.845833 0.044792 0.025000
0 0.784375 0.638542 0.027083 0.037500
0 0.610938 0.691667 0.048958 0.035417
0 0.197396 0.076563 0.055208 0.036458
0 0.329688 0.800000 0.042708 0.037500
0 0.491667 0.860417 0.037500 0.029167
0 0.679688 0.799479 0.032292 0.053125
0 0.073958 0.714583 0.033333 0.050000
0 0.671875 0.712500 0.052083 0.043750
0 0.664583 0.534896 0.045833 0.028125
0 0.887500 0.130729 0.043750 0.030208
0 0.457813 0.158854 0.042708 0.023958
0 0.079687 0.652604 0.028125 0.040625
0 0.285938 0.750521 0.038542 0.046875
0 0.387500 0.873958 0.037500 0.041667
0 0.436458 0.835938 0.039583 0.048958
0 0.945312 0.543750 0.019792 0.037500
0 0.914062 0.499479 0.036458 0.051042
0 0.943750 0.884375 0.035417 0.020833
0 0.150521 0.291146 0.036458 0.051042
0 0.575000 0.575521 0.043750 0.042708
0 0.496354 0.141667 0.051042 0.033333
0 0.499479 0.282292 0.048958 0.025000
0 0.210938 0.844792 0.028125 0.039583
0 0.615104 0.373437 0.048958 0.046875
0 0.419792 0.891667 0.045833 0.027083
0 0.433333 0.260937 0.047917 0.030208
0 0.463542 0.884896 0.050000 0.040625
0 0.295312 0.125521 0.038542 0.051042
0 0.333333 0.371875 0.041667 0.027083
0 0.873958 0.839063 0.054167 0.051042
0 0.150000 0.219792 0.052083 0.045833
0 0.847396 0.868750 0.032292 0.052083
0 0.341146 0.146875 0.038542 0.022917
0 0.461458 0.330729 0.039583 0.048958
0 0.111979 0.281771 0.046875 0.026042
0 0.251563 0.850521 0.053125 0.032292
0 0.876563 0.943229 0.023958 0.038542
0 0.281771 0.389583 0.034375 0.047917
0 0.633854 0.203646 0.051042 0.036458
0 0.900521 0.528125 0.036458 0.047917
0 0.914583 0.107292 0.037500 0.052083
0 0.793229 0.478125 0.053125 0.043750
0 0.901563 0.476042 0.032292 0.052083
0 0.927083 0.297917 0.025000 0.043750
0 0.355729 0.622396 0.042708 0.044792
0 0.123958 0.839583 0.052083 0.039583
0 0.642188 0.468229 0.040625 0.034375
0 0.470313 0.620833 0.048958 0.039583
0 0.400521 0.625521 0.032292 0.048958
0 0.577604 0.431250 0.036458 0.047917
0 0.602604 0.436979 0.055208 0.040625
0 0.632812 0.778125 0.038542 0.025000
0 0.573438 0.109375 0.038542 0.033333
0 0.496875 0.630208 0.045833 0.043750