0 0.109896 0.143229 0.053125 0.032292
0 0.116667 0.655729 0.043750 0.055208
0 0.754167 0.184896 0.020833 0.040625
0 0.293750 0.631250 0.039583 0.047917
0 0.262500 0.907813 0.043750 0.042708
0 0.873437 0.251042 0.038542 0.043750
0 0.813021 0.703646 0.026042 0.044792
0 0.323958 0.300521 0.050000 0.040625
0 0.172917 0.897396 0.050000 0.053125
0 0.760938 0.111458 0.044792 0.052083
0 0.857812 0.146875 0.040625 0.041667
0 0.824479 0.628125 0.038542 0.043750
0 0.255208 0.182292 0.035417 0.047917
0 0.571354 0.311979 0.044792 0.042708
0 0.543750 0.772396 0.039583 0.044792
0 0.327083 0.105208 0.029167 0.045833
0 0.911979 0.451042 0.038542 0.031250
0 0.134375 0.210938 0.047917 0.044792
0 0.081250 0.525000 0.047917 0.039583
0 0.882292 0.873437 0.045833 0.032292
0 0.240625 0.307292 0.043750 0.045833
0 0.735417 0.795833 0.052083 0.041667
0 0.482812 0.335938 0.030208 0.048958
0 0.593229 0.816667 0.026042 0.041667
0 0.797396 0.383854 0.046875 0.040625
0 0.154688 0.177604 0.051042 0.044792
0 0.919271 0.955208 0.034375 0.037500
0 0.231250 0.570312 0.041667 0.042708
0 0.778125 0.354167 0.047917 0.039583
0 0.621875 0.458854 0.033333 0.053125
0 0.677083 0.330208 0.047917 0.033333
0 0.386979 0.150000 0.046875 0.029167
0 0.136979 0.335938 0.051042 0.040625
0 0.167708 0.475521 0.035417 0.040625
0 0.171875 0.720833 0.041667 0.037500
0 0.324479 0.216146 0.044792 0.051042
0 0.836458 0.708854 0.050000 0.053125
0 0.423438 0.184375 0.046875 0.045833
0 0.739062 0.872917 0.048958 0.039583
0 0.504167 0.101042 0.047917 0.050000
0 0.735417 0.220312 0.047917 0.053125
0 0.126562 0.690104 0.026042 0.044792
0 0.927083 0.942187 0.039583 0.034375
0 0.336979 0.367708 0.048958 0.039583
0 0.199479 0.619271 0.038542 0.046875
0 0.539583 0.659375 0.037500 0.031250
0 0.093750 0.535417 0.043750 0.033333
0 0.571875 0.166667 0.052083 0.041667
0 0.104167 0.943750 0.022917 0.037500
0 0.511979 0.614062 0.048958 0.030208
0 0.392708 0.468229 0.037500 0.019792
0 0.099479 0.601042 0.036458 0.052083
0 0.594792 0.701562 0.047917 0.053125
0 0.254167 0.847917 0.050000 0.050000
0 0.734375 0.189062 0.050000 0.040625
0 0.393750 0.618750 0.052083 0.041667
0 0.871354 0.806250 0.038542 0.047917
0 0.379167 0.517188 0.043750 0.030208
0 0.760938 0.464583 0.048958 0.039583
0 0.701562 0.685937 0.034375 0.053125
0 0.741146 0.802083 0.030208 0.050000
0 0.501042 0.919271 0.029167 0.046875
0 0.601042 0.098958 0.047917 0.050000
0 0.928125 0.432812 0.050000 0.038542
0 0.528646 0.669792 0.034375 0.037500
0 0.151042 0.831771 0.041667 0.042708
0 0.798958 0.531771 0.039583 0.036458
0 0.607292 0.535937 0.047917 0.046875
0 0.117708 0.173958 0.045833 0.043750
0 0.885417 0.450521 0.047917 0.030208
0 0.576562 0.340625 0.036458 0.020833
0 0.884375 0.304167 0.043750 0.025000
0 0.543229 0.242188 0.028125 0.051042
0 0.232813 0.809896 0.051042 0.028125
0 0.689583 0.709375 0.047917 0.037500
0 0.909375 0.431771 0.050000 0.044792
0 0.667188 0.123438 0.053125 0.030208
0 0.410417 0.491146 0.033333 0.053125
0 0.651563 0.358854 0.040625 0.044792
0 0.884375 0.553125 0.050000 0.050000
0 0.332292 0.676042 0.027083 0.045833
0 0.355729 0.527083 0.026042 0.050000
0 0.323437 0.519271 0.046875 0.038542
0 0.073958 0.676042 0.037500 0.047917
0 0.586979 0.382812 0.048958 0.032292
0 0.172396 0.650521 0.046875 0.055208
0 0.674479 0.100000 0.026042 0.045833
0 0.414583 0.114062 0.052083 0.032292
0 0.623437 0.959375 0.051042 0.035417
0 0.471875 0.503646 0.043750 0.042708
0 0.662500 0.519792 0.035417 0.037500
0 0.742188 0.790625 0.042708 0.047917
0 0.125521 0.430208 0.051042 0.031250
0 0.671875 0.743750 0.045833 0.029167
0 0.097396 0.519271 0.038542 0.051042
0 0.654687 0.738542 0.036458 0.047917
0 0.791146 0.971354 0.040625 0.055208
0 0.567187 0.577083 0.030208 0.050000
0 0.884375 0.638542 0.033333 0.043750
0 0.594271 0.307812 0.051042 0.036458
0 0.206250 0.764583 0.047917 0.025000
0 0.452083 0.933854 0.039583 0.055208
0 0.594792 0.882812 0.037500 0.044792
0 0.855208 0.857812 0.027083 0.046875
0 0.917188 0.414583 0.021875 0.037500
0 0.175521 0.919271 0.055208 0.040625
0 0.935417 0.726042 0.025000 0.041667
0 0.266146 0.287500 0.051042 0.050000
0 0.869792 0.520312 0.043750 0.048958
0 0.093750 0.416667 0.037500 0.033333
0 0.615625 0.098437 0.043750 0.030208
0 0.311458 0.444792 0.035417 0.037500
0 0.151042 0.090625 0.041667 0.039583
0 0.568229 0.099479 0.042708 0.055208
0 0.808333 0.206250 0.052083 0.033333
0 0.806250 0.934896 0.045833 0.048958
0 0.615104 0.748437 0.055208 0.051042
0 0.763542 0.528646 0.041667 0.042708
0 0.288542 0.502083 0.020833 0.039583
0 0.894792 0.661458 0.037500 0.031250
0 0.725000 0.457292 0.047917 0.035417
0 0.541667 0.278646 0.041667 0.044792
0 0.091667 0.327083 0.035417 0.035417
0 0.109375 0.662500 0.045833 0.052083
0 0.759896 0.384375 0.040625 0.025000
0 0.218750 0.745313 0.031250 0.040625
0 0.901563 0.878646 0.042708 0.023958
0 0.130729 0.319271 0.040625 0.034375
0 0.114583 0.738542 0.035417 0.047917
0 0.360938 0.600000 0.036458 0.018750
0 0.715104 0.204687 0.055208 0.044792
0 0.592708 0.089063 0.045833 0.036458
0 0.317188 0.253646 0.044792 0.042708
0 0.487500 0.884896 0.043750 0.040625
0 0.843229 0.576562 0.040625 0.034375
0 0.095833 0.557813 0.035417 0.040625
0 0.901042 0.577083 0.027083 0.045833
0 0.383854 0.768229 0.032292 0.053125
0 0.418750 0.189583 0.041667 0.052083
0 0.516667 0.434896 0.043750 0.026042
0 0.513021 0.693229 0.030208 0.044792
0 0.468750 0.950000 0.037500 0.029167
0 0.327083 0.144271 0.037500 0.021875
0 0.349479 0.742188 0.051042 0.042708
0 0.476562 0.544792 0.042708 0.047917
0 0.112500 0.921875 0.052083 0.037500
0 0.633333 0.871354 0.047917 0.032292
0 0.184896 0.805729 0.051042 0.053125
0 0.734896 0.683333 0.034375 0.043750
0 0.584375 0.494271 0.054167 0.036458
0 0.800000 0.826562 0.054167 0.048958
0 0.333333 0.183854 0.029167 0.040625
0 0.530208 0.504167 0.029167 0.050000
0 0.763021 0.710938 0.040625 0.026042
0 0.094271 0.474479 0.053125 0.032292
0 0.436979 0.726562 0.032292 0.040625
0 0.595313 0.254167 0.030208 0.050000
0 0.120313 0.589583 0.042708 0.039583
0 0.160938 0.656250 0.048958 0.052083
0 0.125000 0.175000 0.035417 0.020833
0 0.793229 0.778646 0.026042 0.044792
0 0.390104 0.819792 0.048958 0.041667
0 0.348958 0.265104 0.039583 0.048958
0 0.643750 0.254167 0.037500 0.047917
0 0.576562 0.823958 0.051042 0.035417
0 0.574479 0.906250 0.040625 0.022917
0 0.127083 0.223438 0.039583 0.030208
0 0.273438 0.727604 0.036458 0.017708
0 0.389583 0.599479 0.029167 0.040625
0 0.948958 0.871875 0.018750 0.035417
0 0.644792 0.382812 0.054167 0.042708
0 0.563542 0.325521 0.039583 0.030208
0 0.908333 0.700521 0.050000 0.034375
0 0.834375 0.722917 0.025000 0.037500
0 0.434375 0.150521 0.033333 0.040625
0 0.760417 0.478646 0.037500 0.019792
0 0.434896 0.149479 0.040625 0.026042
0 0.112500 0.311979 0.018750 0.038542
0 0.627604 0.075521 0.034375 0.040625
0 0.317708 0.291667 0.047917 0.050000
0 0.086458 0.157292 0.031250 0.050000
0 0.398438 0.427083 0.026042 0.039583
0 0.506771 0.432812 0.038542 0.040625
0 0.139583 0.506771 0.037500 0.053125
0 0.332813 0.952083 0.053125 0.039583
0 0.385937 0.765625 0.036458 0.052083
0 0.483854 0.685417 0.026042 0.045833
0 0.676562 0.295833 0.034375 0.039583
0 0.339062 0.608854 0.032292 0.040625
0 0.509896 0.441146 0.030208 0.051042
0 0.596354 0.170313 0.040625 0.038542
0 0.682813 0.233854 0.044792 0.042708
0 0.459375 0.283854 0.045833 0.038542
0 0.675521 0.926042 0.038542 0.035417
0 0.817187 0.686458 0.046875 0.052083
0 0.684896 0.352083 0.019792 0.037500
0 0.488542 0.111458 0.047917 0.039583
0 0.556250 0.182812 0.037500 0.053125
0 0.519271 0.521875 0.046875 0.027083
0 0.590104 0.106771 0.030208 0.040625
0 0.151562 0.154688 0.046875 0.028125
0 0.947396 0.134896 0.051042 0.040625
0 0.892188 0.957812 0.040625 0.055208
0 0.403646 0.248438 0.055208 0.038542
0 0.542708 0.405729 0.043750 0.042708
0 0.423958 0.759375 0.029167 0.041667
0 0.857812 0.115625 0.034375 0.039583
0 0.418750 0.251042 0.045833 0.043750
0 0.139063 0.718750 0.026042 0.041667
0 0.281250 0.298958 0.035417 0.037500
0 0.742708 0.470313 0.029167 0.044792
0 0.870833 0.898958 0.020833 0.039583
0 0.669792 0.490104 0.025000 0.042708
0 0.661979 0.279167 0.042708 0.041667
0 0.625000 0.488021 0.047917 0.028125
0 0.228125 0.141146 0.045833 0.023958
0 0.950521 0.732812 0.055208 0.044792
0 0.757812 0.255729 0.032292 0.044792
0 0.896875 0.841667 0.022917 0.035417
0 0.311979 0.306771 0.019792 0.038542
0 0.196354 0.116146 0.040625 0.038542
0 0.486458 0.366667 0.027083 0.047917
0 0.590625 0.710938 0.029167 0.040625
0 0.243229 0.914062 0.040625 0.051042
0 0.475000 0.841667 0.037500 0.025000
0 0.551562 0.816667 0.030208 0.043750
0 0.872917 0.720833 0.035417 0.037500
0 0.268750 0.114062 0.052083 0.034375
0 0.568750 0.160417 0.035417 0.052083
0 0.818229 0.570833 0.046875 0.052083
0 0.357292 0.940104 0.043750 0.048958
0 0.334896 0.167708 0.036458 0.037500
0 0.601042 0.746875 0.050000 0.047917
0 0.682813 0.924479 0.030208 0.053125
0 0.906771 0.750521 0.036458 0.051042
0 0.838542 0.715625 0.033333 0.037500
0 0.143750 0.163021 0.039583 0.036458
0 0.539062 0.208854 0.040625 0.030208
0 0.088542 0.731771 0.039583 0.036458
0 0.781250 0.797917 0.043750 0.035417
0 0.311458 0.758333 0.029167 0.041667
0 0.119271 0.940625 0.028125 0.043750
0 0.802083 0.467708 0.031250 0.050000
0 0.913542 0.693229 0.029167 0.048958
0 0.188021 0.252604 0.034375 0.046875
0 0.275000 0.421875 0.018750 0.035417
0 0.241146 0.330208 0.034375 0.039583
0 0.943750 0.260937 0.020833 0.036458
0 0.867708 0.679688 0.039583 0.030208
0 0.944792 0.504687 0.045833 0.026042
0 0.191146 0.675521 0.051042 0.040625
0 0.543750 0.370312 0.043750 0.042708
0 0.404167 0.377604 0.043750 0.030208
0 0.639062 0.096354 0.040625 0.034375
0 0.931771 0.847396 0.055208 0.046875
0 0.200521 0.845313 0.034375 0.051042
0 0.424479 0.446354 0.055208 0.042708
0 0.479167 0.787500 0.020833 0.035417
0 0.885417 0.241667 0.041667 0.029167
0 0.445833 0.099479 0.045833 0.026042
0 0.373437 0.863542 0.044792 0.047917
0 0.398438 0.342708 0.046875 0.052083
0 0.521354 0.767708 0.048958 0.052083
0 0.328125 0.293750 0.052083 0.047917
0 0.555729 0.507812 0.034375 0.053125
0 0.904687 0.650000 0.040625 0.054167
0 0.179167 0.133854 0.047917 0.032292
0 0.527083 0.696875 0.035417 0.047917
0 0.383333 0.678125 0.047917 0.052083
0 0.680208 0.683854 0.054167 0.051042
0 0.737500 0.677604 0.037500 0.048958
0 0.657292 0.129167 0.033333 0.037500
0 0.260937 0.569792 0.040625 0.022917
0 0.717187 0.502604 0.023958 0.046875
0 0.097917 0.639062 0.037500 0.044792
0 0.761979 0.768229 0.040625 0.051042
0 0.861458 0.452083 0.027083 0.037500
0 0.307292 0.553646 0.052083 0.032292
0 0.745833 0.683854 0.039583 0.030208
0 0.338542 0.148438 0.045833 0.036458
0 0.893750 0.372917 0.020833 0.039583
0 0.845833 0.772396 0.047917 0.046875
0 0.445833 0.708854 0.037500 0.044792
0 0.770833 0.190104 0.043750 0.048958
0 0.854688 0.693229 0.021875 0.042708
0 0.292708 0.270833 0.037500 0.022917
0 0.549479 0.721875 0.042708 0.039583
0 0.406771 0.963021 0.048958 0.055208
0 0.751042 0.630208 0.052083 0.039583
0 0.781771 0.433333 0.042708 0.039583
0 0.957292 0.221354 0.039583 0.038542
0 0.797396 0.242708 0.042708 0.047917
0 0.199479 0.200521 0.055208 0.042708
0 0.215625 0.622396 0.035417 0.040625
0 0.697396 0.802604 0.051042 0.034375
0 0.464583 0.907292 0.045833 0.043750
0 0.564583 0.277604 0.027083 0.040625
0 0.917188 0.388542 0.023958 0.041667
0 0.434375 0.427083 0.052083 0.041667
0 0.960417 0.372396 0.037500 0.038542
0 0.897396 0.726042 0.053125 0.045833
0 0.932292 0.607292 0.052083 0.037500
0 0.798958 0.332292 0.045833 0.043750
0 0.763542 0.178646 0.050000 0.053125
0 0.556250 0.308854 0.043750 0.026042
0 0.196875 0.658854 0.025000 0.038542
0 0.088021 0.279687 0.044792 0.051042
0 0.263021 0.894271 0.051042 0.042708
0 0.710417 0.804167 0.050000 0.050000
0 0.966146 0.925521 0.040625 0.036458
0 0.752083 0.534896 0.029167 0.044792
0 0.204687 0.405208 0.038542 0.025000
0 0.301563 0.749479 0.053125 0.053125
0 0.871354 0.520833 0.042708 0.047917
0 0.253125 0.408854 0.047917 0.046875
0 0.497917 0.631771 0.054167 0.040625
0 0.094271 0.361979 0.034375 0.040625
0 0.601562 0.750521 0.053125 0.053125
0 0.501563 0.335938 0.040625 0.034375
0 0.941146 0.483854 0.044792 0.042708
0 0.249479 0.409375 0.034375 0.039583
0 0.247396 0.080729 0.026042 0.044792
0 0.138021 0.322396 0.051042 0.026042
0 0.221875 0.926562 0.047917 0.053125
0 0.667708 0.376563 0.020833 0.040625
0 0.766146 0.919271 0.053125 0.051042
0 0.473958 0.858854 0.045833 0.026042
0 0.256771 0.527083 0.046875 0.043750
0 0.331250 0.426563 0.027083 0.042708
0 0.090104 0.817708 0.044792 0.052083
0 0.695312 0.737500 0.028125 0.045833
0 0.141146 0.232292 0.044792 0.037500
0 0.147917 0.791667 0.039583 0.052083
0 0.661979 0.818750 0.038542 0.027083
0 0.216146 0.590625 0.048958 0.025000
0 0.336979 0.253125 0.042708 0.054167
0 0.954167 0.935417 0.047917 0.041667
0 0.645312 0.195833 0.023958 0.047917
0 0.518229 0.264583 0.030208 0.047917
0 0.554167 0.197396 0.041667 0.042708
0 0.739062 0.614062 0.021875 0.042708
0 0.129167 0.809375 0.025000 0.041667
0 0.778646 0.175521 0.046875 0.038542
0 0.705208 0.327604 0.027083 0.046875
0 0.367708 0.141667 0.052083 0.045833
0 0.227083 0.309896 0.050000 0.038542
0 0.790625 0.251042 0.047917 0.027083
0 0.264062 0.585938 0.026042 0.051042
0 0.345833 0.085417 0.020833 0.039583
0 0.306771 0.675521 0.040625 0.044792
0 0.421875 0.226042 0.050000 0.029167
0 0.101562 0.144792 0.046875 0.045833
0 0.584375 0.906250 0.035417 0.037500
0 0.968750 0.949479 0.041667 0.032292
0 0.672396 0.541667 0.042708 0.029167
0 0.593750 0.434375 0.025000 0.037500
0 0.586458 0.354687 0.031250 0.040625
0 0.876042 0.930729 0.043750 0.042708
0 0.277604 0.306771 0.051042 0.044792
0 0.806771 0.118229 0.040625 0.051042
0 0.885938 0.118229 0.051042 0.042708
0 0.679167 0.665625 0.041667 0.029167
0 0.769792 0.730208 0.045833 0.052083
0 0.461458 0.742188 0.037500 0.053125
0 0.540625 0.821354 0.045833 0.048958
0 0.360417 0.329688 0.054167 0.048958
0 0.366667 0.206771 0.020833 0.038542
0 0.220312 0.123438 0.053125 0.051042
0 0.631771 0.683854 0.046875 0.038542
0 0.860417 0.350000 0.035417 0.020833
0 0.634896 0.651042 0.034375 0.043750
0 0.235937 0.804167 0.046875 0.033333
0 0.193229 0.386979 0.040625 0.044792
0 0.493229 0.184375 0.026042 0.050000
0 0.568750 0.097396 0.039583 0.032292
0 0.417708 0.956771 0.031250 0.044792
0 0.176042 0.543750 0.033333 0.043750
0 0.741146 0.452083 0.032292 0.039583
0 0.579688 0.310937 0.032292 0.044792
0 0.565625 0.066667 0.039583 0.020833
0 0.578646 0.382292 0.038542 0.035417
0 0.705208 0.823958 0.037500 0.052083
0 0.907292 0.115625 0.047917 0.035417
0 0.850521 0.171354 0.040625 0.028125
0 0.438542 0.961979 0.035417 0.040625
0 0.968750 0.255729 0.041667 0.032292
0 0.577083 0.637500 0.029167 0.041667
0 0.830729 0.505729 0.040625 0.030208
0 0.936979 0.536979 0.044792 0.042708
0 0.806250 0.690104 0.039583 0.028125
0 0.933854 0.337500 0.038542 0.025000
0 0.910937 0.250000 0.040625 0.041667
0 0.890104 0.696875 0.048958 0.039583
0 0.327083 0.654687 0.037500 0.053125
0 0.300521 0.651042 0.042708 0.031250
0 0.413542 0.833854 0.039583 0.023958
0 0.293750 0.631771 0.050000 0.053125
0 0.681771 0.609375 0.053125 0.035417
0 0.211458 0.323958 0.022917 0.037500
0 0.767188 0.428125 0.036458 0.043750
0 0.861979 0.341146 0.026042 0.040625
0 0.903646 0.674479 0.044792 0.021875
0 0.203125 0.503125 0.052083 0.039583
0 0.427604 0.829167 0.032292 0.052083
0 0.848958 0.896875 0.052083 0.037500
0 0.492188 0.845313 0.032292 0.040625
0 0.684896 0.396354 0.030208 0.040625
0 0.593229 0.172917 0.048958 0.039583
0 0.487500 0.917188 0.037500 0.021875
0 0.160417 0.871875 0.037500 0.041667
0 0.564063 0.427083 0.032292 0.039583
0 0.719271 0.433854 0.021875 0.038542
0 0.644271 0.809896 0.048958 0.028125
0 0.945312 0.611979 0.026042 0.044792
0 0.665104 0.251563 0.040625 0.051042
0 0.448437 0.286979 0.038542 0.055208
0 0.544792 0.482292 0.039583 0.020833
0 0.799479 0.124479 0.044792 0.042708
0 0.590104 0.623437 0.026042 0.044792
0 0.370833 0.469792 0.027083 0.037500
0 0.235937 0.361979 0.053125 0.053125
0 0.671875 0.196875 0.045833 0.027083
0 0.923958 0.336979 0.039583 0.036458
0 0.638021 0.484896 0.046875 0.036458
0 0.406771 0.598437 0.038542 0.021875
0 0.602083 0.938542 0.033333 0.037500
0 0.592187 0.764062 0.040625 0.036458
0 0.194792 0.927083 0.043750 0.052083
0 0.389583 0.776042 0.031250 0.037500
0 0.355729 0.893229 0.051042 0.042708
0 0.748958 0.201042 0.037500 0.018750
0 0.443229 0.091667 0.038542 0.052083
0 0.495833 0.552604 0.039583 0.030208
0 0.154167 0.748958 0.037500 0.025000
0 0.498958 0.670312 0.022917 0.040625
0 0.812500 0.674479 0.039583 0.053125
0 0.366667 0.844792 0.037500 0.027083
0 0.250000 0.489583 0.047917 0.027083
0 0.509896 0.450521 0.034375 0.053125
0 0.923958 0.509896 0.027083 0.042708
0 0.416146 0.346875 0.038542 0.043750
0 0.960417 0.605208 0.029167 0.037500
0 0.309896 0.700000 0.028125 0.039583
0 0.756250 0.810937 0.050000 0.053125
0 0.543750 0.166146 0.027083 0.046875
0 0.796875 0.623437 0.039583 0.023958
0 0.453125 0.695833 0.039583 0.022917
0 0.852083 0.770833 0.033333 0.037500
0 0.260937 0.227604 0.046875 0.023958
0 0.240104 0.894792 0.028125 0.041667
0 0.125521 0.872917 0.048958 0.033333
0 0.841667 0.848958 0.041667 0.025000
0 0.776042 0.079167 0.035417 0.020833
0 0.911979 0.502604 0.038542 0.019792