0 0.598958 0.804688 0.041667 0.042708
0 0.101042 0.263542 0.043750 0.052083
0 0.763021 0.438021 0.051042 0.038542
0 0.573438 0.145833 0.048958 0.050000
0 0.483854 0.808333 0.036458 0.047917
0 0.952083 0.901563 0.039583 0.038542
0 0.529687 0.514062 0.048958 0.032292
0 0.693750 0.557292 0.037500 0.027083
0 0.135937 0.522396 0.032292 0.040625
0 0.200521 0.401042 0.036458 0.047917
0 0.611458 0.560937 0.054167 0.038542
0 0.215104 0.375000 0.036458 0.047917
0 0.347917 0.096354 0.043750 0.055208
0 0.482812 0.968750 0.044792 0.047917
0 0.201563 0.706250 0.038542 0.033333
0 0.762500 0.855729 0.033333 0.040625
0 0.293229 0.872396 0.038542 0.051042
0 0.589063 0.623437 0.038542 0.019792
0 0.695833 0.882292 0.045833 0.043750
0 0.896354 0.661979 0.044792 0.042708
0 0.506771 0.166146 0.038542 0.021875
0 0.103125 0.789583 0.035417 0.018750
0 0.763021 0.393750 0.028125 0.045833
0 0.468750 0.084896 0.045833 0.036458
0 0.808854 0.566146 0.051042 0.042708
0 0.552604 0.806771 0.032292 0.044792
0 0.670312 0.695312 0.044792 0.051042
0 0.153125 0.960938 0.054167 0.036458
0 0.255208 0.261979 0.050000 0.038542
0 0.703125 0.584896 0.043750 0.042708
0 0.635417 0.910937 0.043750 0.040625
0 0.218750 0.908333 0.037500 0.033333
0 0.908854 0.506771 0.034375 0.046875
0 0.603646 0.707292 0.051042 0.033333
0 0.202604 0.696354 0.055208 0.040625
0 0.798958 0.471354 0.043750 0.055208
0 0.072917 0.371875 0.031250 0.037500
0 0.090104 0.788542 0.042708 0.031250
0 0.268229 0.942708 0.046875 0.029167
0 0.732812 0.657292 0.038542 0.052083
0 0.498958 0.356250 0.041667 0.029167
0 0.210417 0.297917 0.035417 0.018750
0 0.406250 0.802083 0.018750 0.035417
0 0.456771 0.833333 0.051042 0.029167
0 0.450521 0.192188 0.021875 0.038542
0 0.189062 0.089583 0.032292 0.039583
0 0.198958 0.434896 0.031250 0.048958
0 0.228125 0.467708 0.037500 0.031250
0 0.189062 0.325521 0.034375 0.046875
0 0.741667 0.585417 0.047917 0.037500
0 0.278125 0.610417 0.043750 0.045833
0 0.961979 0.657813 0.040625 0.046875
0 0.959896 0.269792 0.042708 0.027083
0 0.680729 0.134375 0.042708 0.039583
0 0.113021 0.658333 0.053125 0.045833
0 0.944271 0.922396 0.051042 0.044792
0 0.934375 0.177083 0.037500 0.033333
0 0.495312 0.755729 0.046875 0.038542
0 0.958333 0.303125 0.031250 0.037500
0 0.952083 0.253125 0.035417 0.043750
0 0.744271 0.428125 0.048958 0.052083
0 0.278646 0.863021 0.044792 0.026042
0 0.492708 0.713021 0.047917 0.046875
0 0.479167 0.455729 0.039583 0.038542
0 0.611458 0.316146 0.039583 0.034375
0 0.828125 0.516667 0.037500 0.025000
0 0.855729 0.729167 0.026042 0.039583
0 0.422396 0.281250 0.048958 0.041667
0 0.558333 0.307292 0.043750 0.025000
0 0.104688 0.198958 0.044792 0.035417
0 0.867708 0.327604 0.027083 0.042708
0 0.643229 0.080208 0.038542 0.033333
0 0.398438 0.386979 0.051042 0.042708
0 0.909896 0.138542 0.042708 0.047917
0 0.263542 0.572396 0.022917 0.042708
0 0.368229 0.245833 0.040625 0.020833
0 0.317708 0.576042 0.029167 0.050000
0 0.705729 0.242188 0.046875 0.036458
0 0.560937 0.778125 0.046875 0.045833
0 0.451042 0.676562 0.031250 0.053125
0 0.268750 0.956250 0.047917 0.039583
0 0.823438 0.925521 0.038542 0.023958
0 0.138021 0.424479 0.032292 0.044792
0 0.809896 0.258333 0.038542 0.029167
0 0.820833 0.657813 0.047917 0.028125
0 0.589583 0.486458 0.037500 0.041667
0 0.683333 0.374479 0.035417 0.053125
0 0.933333 0.757292 0.039583 0.041667
0 0.859375 0.533333 0.039583 0.041667
0 0.679688 0.501563 0.040625 0.032292
0 0.173437 0.934375 0.032292 0.052083
0 0.939583 0.414062 0.047917 0.032292
0 0.540625 0.104688 0.033333 0.053125
0 0.757812 0.778646 0.040625 0.055208
0 0.091146 0.236979 0.038542 0.038542
0 0.812500 0.344792 0.047917 0.037500
0 0.891146 0.183854 0.046875 0.036458
0 0.113021 0.497396 0.055208 0.040625
0 0.540104 0.250000 0.051042 0.031250
0 0.776563 0.306771 0.023958 0.046875
0 0.457813 0.672917 0.023958 0.047917
0 0.372396 0.678646 0.046875 0.036458
0 0.243229 0.174479 0.036458 0.040625
0 0.070312 0.346875 0.028125 0.050000
0 0.454167 0.660417 0.050000 0.047917
0 0.094271 0.430208 0.028125 0.050000
0 0.514062 0.680729 0.046875 0.032292
0 0.685417 0.954688 0.043750 0.040625
0 0.224479 0.437500 0.034375 0.047917
0 0.479167 0.710417 0.033333 0.043750
0 0.388021 0.166146 0.055208 0.048958
0 0.316146 0.385937 0.048958 0.030208
0 0.236458 0.834896 0.018750 0.038542
0 0.786979 0.350000 0.042708 0.039583
0 0.909375 0.682813 0.029167 0.040625
0 0.510417 0.271875 0.035417 0.047917
0 0.291667 0.516146 0.031250 0.040625
0 0.254167 0.263021 0.050000 0.053125
0 0.758333 0.918229 0.045833 0.048958
0 0.860417 0.314063 0.045833 0.034375
0 0.117708 0.319271 0.052083 0.034375
0 0.561979 0.671354 0.032292 0.040625
0 0.356250 0.775000 0.052083 0.037500
0 0.335938 0.091146 0.055208 0.048958
0 0.198437 0.695833 0.051042 0.050000
0 0.224479 0.359896 0.030208 0.044792
0 0.780208 0.480208 0.031250 0.037500
0 0.267708 0.715104 0.045833 0.055208
0 0.613542 0.738021 0.043750 0.042708
0 0.617188 0.928646 0.036458 0.055208
0 0.450521 0.669792 0.019792 0.035417
0 0.482292 0.336979 0.035417 0.040625
0 0.782292 0.464062 0.037500 0.053125
0 0.884375 0.603125 0.041667 0.039583
0 0.956250 0.877604 0.039583 0.048958
0 0.812500 0.778646 0.054167 0.046875
0 0.155729 0.094792 0.040625 0.054167
0 0.136458 0.069792 0.041667 0.031250
0 0.369271 0.136458 0.053125 0.047917
0 0.894792 0.554167 0.022917 0.039583
0 0.603646 0.430729 0.051042 0.038542
0 0.858333 0.232813 0.043750 0.055208
0 0.084375 0.194271 0.039583 0.023958
0 0.610938 0.389583 0.044792 0.047917
0 0.100521 0.536979 0.034375 0.040625
0 0.926042 0.892188 0.050000 0.040625
0 0.850521 0.917708 0.038542 0.035417
0 0.675000 0.379167 0.045833 0.043750
0 0.207292 0.103125 0.029167 0.037500
0 0.506771 0.956771 0.038542 0.046875
0 0.214583 0.738021 0.043750 0.040625
0 0.244792 0.357812 0.045833 0.055208
0 0.101042 0.839063 0.045833 0.032292
0 0.863021 0.655208 0.051042 0.031250
0 0.165104 0.517188 0.032292 0.040625
0 0.943229 0.490625 0.038542 0.031250
0 0.780208 0.833854 0.043750 0.048958
0 0.724479 0.734896 0.030208 0.040625
0 0.601042 0.847396 0.039583 0.028125
0 0.874479 0.467187 0.030208 0.053125
0 0.655208 0.584896 0.050000 0.053125
0 0.802083 0.500521 0.043750 0.042708
0 0.907292 0.645312 0.054167 0.044792
0 0.427604 0.451042 0.038542 0.043750
0 0.687500 0.150000 0.022917 0.037500
0 0.800521 0.697917 0.030208 0.050000
0 0.197917 0.920833 0.041667 0.039583
0 0.118750 0.513542 0.041667 0.039583
0 0.279687 0.660417 0.030208 0.047917
0 0.213542 0.604688 0.047917 0.053125
0 0.117188 0.694792 0.042708 0.031250
0 0.771354 0.794271 0.036458 0.046875
0 0.199479 0.435937 0.040625 0.030208
0 0.321875 0.483333 0.043750 0.022917
0 0.366146 0.434896 0.036458 0.040625
0 0.781250 0.357812 0.039583 0.038542
0 0.763542 0.778125 0.033333 0.037500
0 0.522396 0.665625 0.042708 0.047917
0 0.708333 0.602604 0.037500 0.038542
0 0.643229 0.319271 0.048958 0.030208
0 0.182292 0.749479 0.039583 0.048958
0 0.579167 0.710417 0.029167 0.037500
0 0.388542 0.094271 0.052083 0.051042
0 0.193750 0.399479 0.037500 0.040625
0 0.505729 0.839063 0.046875 0.026042
0 0.833854 0.813542 0.044792 0.033333
0 0.148438 0.292708 0.017708 0.035417
0 0.429167 0.918750 0.018750 0.035417
0 0.250000 0.659896 0.054167 0.046875
0 0.783333 0.232813 0.043750 0.026042
0 0.652083 0.810937 0.041667 0.023958
0 0.587500 0.143229 0.041667 0.023958
0 0.810417 0.324479 0.033333 0.053125
0 0.089063 0.702083 0.048958 0.035417
0 0.951562 0.731771 0.032292 0.053125
0 0.748437 0.873958 0.044792 0.045833
0 0.500521 0.828125 0.023958 0.037500
0 0.311979 0.359375 0.042708 0.037500
0 0.118750 0.308333 0.035417 0.043750
0 0.423958 0.783333 0.043750 0.025000
0 0.844792 0.942187 0.039583 0.055208
0 0.200000 0.570312 0.050000 0.053125
0 0.248958 0.128125 0.041667 0.041667
0 0.502083 0.771354 0.035417 0.040625
0 0.727604 0.379167 0.048958 0.052083
0 0.629687 0.673958 0.028125 0.050000
0 0.775521 0.330729 0.053125 0.051042
0 0.826562 0.480208 0.053125 0.041667
0 0.822917 0.650000 0.052083 0.039583
0 0.519792 0.183333 0.037500 0.018750
0 0.904687 0.150521 0.038542 0.038542
0 0.503125 0.104167 0.033333 0.047917
0 0.103125 0.634375 0.029167 0.050000
0 0.564583 0.619792 0.020833 0.039583
0 0.101042 0.762500 0.041667 0.031250
0 0.371354 0.739062 0.042708 0.044792
0 0.596354 0.597917 0.044792 0.045833
0 0.465625 0.636458 0.043750 0.025000
0 0.716667 0.870833 0.052083 0.045833
0 0.522396 0.677083 0.046875 0.045833
0 0.326042 0.594271 0.045833 0.055208
0 0.902083 0.430729 0.054167 0.048958
0 0.875000 0.867708 0.050000 0.031250
0 0.420833 0.317708 0.035417 0.043750
0 0.132812 0.288542 0.048958 0.039583
0 0.689063 0.700521 0.046875 0.038542
0 0.670312 0.097396 0.046875 0.034375
0 0.495312 0.602604 0.040625 0.046875
0 0.642708 0.576562 0.045833 0.032292
0 0.428646 0.898438 0.034375 0.053125
0 0.156250 0.414583 0.033333 0.037500
0 0.486979 0.784896 0.038542 0.021875
0 0.962500 0.893750 0.050000 0.033333
0 0.417187 0.223958 0.048958 0.039583
0 0.682292 0.387500 0.025000 0.041667
0 0.817187 0.525000 0.044792 0.022917
0 0.103125 0.393750 0.045833 0.043750
0 0.512500 0.640625 0.039583 0.041667
0 0.382292 0.838542 0.045833 0.043750
0 0.322396 0.257292 0.030208 0.050000
0 0.405208 0.522917 0.029167 0.050000
0 0.547917 0.111979 0.031250 0.048958
0 0.396875 0.411979 0.041667 0.032292
0 0.882292 0.679167 0.037500 0.033333
0 0.200000 0.552604 0.050000 0.042708
0 0.722917 0.163021 0.039583 0.048958
0 0.076563 0.851042 0.042708 0.039583
0 0.967708 0.661458 0.052083 0.039583
0 0.410417 0.778125 0.037500 0.027083
0 0.937500 0.698958 0.043750 0.045833
0 0.210938 0.196354 0.044792 0.042708
0 0.508333 0.471354 0.047917 0.044792
0 0.748958 0.408854 0.033333 0.044792
0 0.219271 0.483854 0.046875 0.036458
0 0.681250 0.269792 0.041667 0.039583
0 0.128646 0.493229 0.026042 0.051042
0 0.858854 0.703646 0.055208 0.038542
0 0.237500 0.535417 0.027083 0.037500
0 0.898958 0.192188 0.045833 0.038542
0 0.544271 0.866146 0.044792 0.040625
0 0.778646 0.347917 0.046875 0.052083
0 0.336979 0.407813 0.028125 0.040625
0 0.483333 0.745833 0.031250 0.045833
0 0.875000 0.233854 0.039583 0.034375
0 0.683854 0.613021 0.051042 0.044792
0 0.789583 0.782813 0.054167 0.048958
0 0.480208 0.773438 0.054167 0.042708
0 0.080208 0.796354 0.045833 0.026042
0 0.541667 0.522396 0.033333 0.040625
0 0.127604 0.831250 0.028125 0.039583
0 0.381771 0.528125 0.038542 0.043750
0 0.300521 0.534896 0.023958 0.042708
0 0.567187 0.380208 0.046875 0.045833
0 0.324479 0.651563 0.028125 0.048958
0 0.586979 0.526042 0.038542 0.035417
0 0.576042 0.940625 0.043750 0.033333
0 0.618750 0.941146 0.039583 0.019792
0 0.900000 0.127604 0.039583 0.028125
0 0.767708 0.605729 0.037500 0.038542
0 0.317188 0.665104 0.028125 0.048958
0 0.142708 0.379688 0.047917 0.032292
0 0.200000 0.881250 0.041667 0.052083
0 0.191667 0.298958 0.041667 0.029167
0 0.563542 0.303125 0.039583 0.041667
0 0.578125 0.896354 0.054167 0.044792
0 0.690104 0.112500 0.030208 0.050000
0 0.219792 0.619271 0.045833 0.038542
0 0.904687 0.481250 0.036458 0.037500
0 0.677083 0.301563 0.054167 0.040625
0 0.082292 0.417187 0.025000 0.042708
0 0.567187 0.509375 0.026042 0.045833
0 0.093750 0.850000 0.043750 0.052083
0 0.496875 0.573958 0.033333 0.037500
0 0.846875 0.896354 0.047917 0.048958
0 0.821875 0.840625 0.029167 0.045833
0 0.513021 0.769792 0.038542 0.047917
0 0.922917 0.867188 0.033333 0.044792
0 0.784896 0.484896 0.051042 0.055208
0 0.266146 0.179688 0.042708 0.023958
0 0.249479 0.488021 0.046875 0.048958
0 0.790104 0.926042 0.042708 0.041667
0 0.811458 0.865625 0.027083 0.041667
0 0.493229 0.834896 0.038542 0.055208
0 0.695833 0.477604 0.050000 0.028125
0 0.757292 0.836458 0.027083 0.037500
0 0.300000 0.905208 0.050000 0.031250
0 0.129688 0.551042 0.044792 0.054167
0 0.911458 0.196875 0.047917 0.041667
0 0.121354 0.310417 0.023958 0.037500
0 0.586979 0.345833 0.023958 0.047917
0 0.733333 0.126562 0.041667 0.042708
0 0.288542 0.717708 0.035417 0.043750
0 0.266146 0.921875 0.036458 0.043750
0 0.885938 0.379688 0.046875 0.023958
0 0.154167 0.851562 0.031250 0.040625
0 0.796875 0.602083 0.041667 0.031250
0 0.132812 0.273958 0.044792 0.025000
0 0.243750 0.222396 0.031250 0.051042
0 0.926042 0.572917 0.037500 0.047917
0 0.330729 0.559375 0.030208 0.050000
0 0.288021 0.643229 0.040625 0.034375
0 0.135937 0.281771 0.036458 0.046875
0 0.417708 0.815104 0.043750 0.040625
0 0.668750 0.558333 0.041667 0.047917
0 0.946875 0.310417 0.043750 0.025000
0 0.782292 0.717187 0.050000 0.044792
0 0.448958 0.823438 0.045833 0.026042
0 0.245312 0.115625 0.036458 0.037500
0 0.838542 0.931771 0.047917 0.032292
0 0.325521 0.144271 0.040625 0.036458
0 0.875521 0.905729 0.040625 0.028125
0 0.276042 0.268750 0.031250 0.041667
0 0.207292 0.958333 0.035417 0.047917
0 0.861458 0.236979 0.045833 0.048958
0 0.514583 0.185417 0.041667 0.039583
0 0.957812 0.421875 0.044792 0.035417
0 0.789062 0.147396 0.051042 0.040625
0 0.140625 0.961458 0.039583 0.041667
0 0.623958 0.776563 0.043750 0.040625
0 0.243750 0.166667 0.047917 0.050000
0 0.608333 0.931771 0.035417 0.048958
0 0.537500 0.350521 0.020833 0.036458
0 0.798958 0.907292 0.050000 0.050000
0 0.627083 0.711458 0.035417 0.052083
0 0.503125 0.191146 0.027083 0.040625
0 0.155729 0.562500 0.032292 0.052083
0 0.671354 0.745833 0.028125 0.039583
0 0.735938 0.818229 0.034375 0.046875
0 0.099479 0.709375 0.048958 0.052083
0 0.858854 0.817708 0.042708 0.054167
0 0.220312 0.262500 0.051042 0.029167
0 0.738021 0.334896 0.055208 0.038542
0 0.220833 0.785417 0.029167 0.050000
0 0.705208 0.500000 0.047917 0.037500
0 0.700000 0.864062 0.052083 0.030208
0 0.590625 0.909375 0.025000 0.041667
0 0.957292 0.279167 0.022917 0.039583
0 0.241667 0.466146 0.047917 0.053125
0 0.681771 0.317188 0.040625 0.026042
0 0.827083 0.668229 0.043750 0.026042
0 0.267708 0.247396 0.039583 0.019792
0 0.653646 0.252604 0.051042 0.042708
0 0.330208 0.472917 0.037500 0.047917
0 0.337500 0.785937 0.037500 0.021875
0 0.402604 0.343229 0.034375 0.040625
0 0.835938 0.721875 0.044792 0.037500
0 0.803125 0.704167 0.041667 0.031250
0 0.728646 0.641146 0.036458 0.040625
0 0.732812 0.482292 0.032292 0.043750
0 0.210417 0.488542 0.043750 0.045833
0 0.191146 0.685417 0.042708 0.041667
0 0.816667 0.813021 0.050000 0.028125
0 0.699479 0.560417 0.040625 0.054167
0 0.855208 0.419792 0.041667 0.037500
0 0.335938 0.677083 0.036458 0.018750
0 0.933854 0.898438 0.055208 0.042708
0 0.548958 0.145313 0.027083 0.040625
0 0.618229 0.426042 0.028125 0.039583
0 0.195312 0.505208 0.019792 0.035417
0 0.240625 0.465625 0.043750 0.022917
0 0.523958 0.742188 0.052083 0.051042
0 0.159375 0.751563 0.041667 0.032292
0 0.709375 0.514062 0.052083 0.051042
0 0.942708 0.243750 0.031250 0.041667
0 0.474479 0.881771 0.040625 0.028125
0 0.145833 0.232813 0.041667 0.042708
0 0.966667 0.713542 0.037500 0.027083
0 0.368229 0.383854 0.026042 0.051042
0 0.820833 0.410938 0.043750 0.042708
0 0.633854 0.082292 0.030208 0.039583
0 0.795833 0.587500 0.050000 0.050000
0 0.183854 0.634896 0.053125 0.051042
0 0.693750 0.507812 0.047917 0.030208
0 0.498437 0.129688 0.042708 0.044792
0 0.759896 0.768229 0.044792 0.051042
0 0.114062 0.334896 0.042708 0.044792
0 0.836458 0.424479 0.052083 0.051042