0 0.604167 0.341146 0.035417 0.017708
0 0.752604 0.344792 0.048958 0.025000
0 0.091667 0.757812 0.039583 0.038542
0 0.969271 0.606771 0.048958 0.030208
0 0.534896 0.496875 0.040625 0.020833
0 0.090104 0.846354 0.030208 0.044792
0 0.261458 0.623958 0.052083 0.043750
0 0.770833 0.085417 0.043750 0.052083
0 0.753125 0.569792 0.022917 0.037500
0 0.268229 0.836979 0.051042 0.053125
0 0.368229 0.350521 0.055208 0.048958
0 0.845313 0.365104 0.044792 0.026042
0 0.248958 0.806771 0.041667 0.044792
0 0.564063 0.564063 0.044792 0.032292
0 0.209375 0.183333 0.033333 0.052083
0 0.201042 0.390625 0.033333 0.050000
0 0.962500 0.236458 0.043750 0.045833
0 0.417708 0.450521 0.031250 0.051042
0 0.184896 0.703125 0.053125 0.047917
0 0.571875 0.168229 0.041667 0.044792
0 0.137500 0.808854 0.050000 0.042708
0 0.944792 0.112500 0.037500 0.047917
0 0.450000 0.318229 0.054167 0.048958
0 0.578125 0.316667 0.052083 0.037500
0 0.794271 0.959375 0.046875 0.033333
0 0.349479 0.780208 0.038542 0.035417
0 0.319271 0.716146 0.026042 0.051042
0 0.540104 0.608854 0.055208 0.042708
0 0.376563 0.741667 0.028125 0.043750
0 0.500000 0.266146 0.037500 0.053125
0 0.233333 0.564063 0.037500 0.044792
0 0.843229 0.637500 0.040625 0.041667
0 0.289062 0.590104 0.026042 0.046875
0 0.140625 0.913542 0.025000 0.041667
0 0.730208 0.832812 0.039583 0.032292
0 0.190625 0.535417 0.045833 0.052083
0 0.905208 0.429688 0.045833 0.036458
0 0.572917 0.584896 0.054167 0.038542
0 0.440104 0.580208 0.046875 0.031250
0 0.553125 0.476042 0.029167 0.045833
0 0.764583 0.953646 0.037500 0.038542
0 0.553125 0.685937 0.037500 0.038542
0 0.510938 0.669792 0.046875 0.052083
0 0.165625 0.741667 0.035417 0.043750
0 0.660417 0.550000 0.050000 0.050000
0 0.698438 0.509896 0.053125 0.051042
0 0.291667 0.234896 0.045833 0.026042
0 0.513542 0.246875 0.043750 0.037500
0 0.620833 0.534375 0.039583 0.041667
0 0.438021 0.894271 0.044792 0.044792
0 0.484375 0.565625 0.035417 0.037500
0 0.561979 0.956771 0.026042 0.046875
0 0.924479 0.106250 0.051042 0.050000
0 0.535417 0.587500 0.047917 0.025000
0 0.700521 0.328646 0.040625 0.055208
0 0.802604 0.633333 0.036458 0.018750
0 0.357812 0.549479 0.044792 0.042708
0 0.814583 0.071875 0.037500 0.031250
0 0.458854 0.726042 0.040625 0.041667
0 0.374479 0.967187 0.032292 0.040625
0 0.108854 0.201563 0.034375 0.046875
0 0.181771 0.735417 0.048958 0.050000
0 0.268229 0.288021 0.036458 0.046875
0 0.144792 0.853125 0.047917 0.041667
0 0.290625 0.233854 0.047917 0.048958
0 0.759896 0.843750 0.030208 0.043750
0 0.168750 0.887500 0.037500 0.027083
0 0.796875 0.519792 0.052083 0.045833
0 0.790104 0.869792 0.032292 0.039583
0 0.241667 0.698438 0.039583 0.053125
0 0.854167 0.939583 0.047917 0.050000
0 0.961458 0.318750 0.029167 0.041667
0 0.278125 0.802604 0.033333 0.040625
0 0.107813 0.671875 0.053125 0.041667
0 0.820833 0.459375 0.027083 0.037500
0 0.169792 0.621354 0.033333 0.040625
0 0.482292 0.128125 0.022917 0.037500
0 0.726562 0.963542 0.048958 0.039583
0 0.852083 0.928125 0.045833 0.043750
0 0.614062 0.110417 0.046875 0.031250
0 0.158854 0.348438 0.051042 0.042708
0 0.656771 0.560417 0.048958 0.052083
0 0.852604 0.496354 0.038542 0.046875
0 0.916667 0.524479 0.033333 0.053125
0 0.851562 0.940625 0.023958 0.037500
0 0.638021 0.398958 0.042708 0.031250
0 0.621875 0.552604 0.039583 0.048958
0 0.268750 0.938021 0.050000 0.034375
0 0.771875 0.965625 0.031250 0.045833
0 0.354687 0.768750 0.042708 0.039583
0 0.552083 0.417187 0.045833 0.038542
0 0.414062 0.301563 0.044792 0.055208
0 0.498437 0.406771 0.048958 0.032292
0 0.771354 0.842708 0.046875 0.033333
0 0.395833 0.525521 0.043750 0.026042
0 0.278646 0.508333 0.042708 0.037500
0 0.082292 0.221875 0.045833 0.045833
0 0.567187 0.629167 0.036458 0.022917
0 0.811979 0.718229 0.038542 0.055208
0 0.783333 0.487500 0.045833 0.022917
0 0.435417 0.448437 0.047917 0.032292
0 0.197917 0.236979 0.045833 0.032292
0 0.656771 0.569792 0.053125 0.039583
0 0.569792 0.876563 0.035417 0.044792
0 0.284375 0.340104 0.031250 0.053125
0 0.499479 0.604688 0.023958 0.042708
0 0.870313 0.132812 0.040625 0.030208
0 0.263021 0.096875 0.023958 0.037500
0 0.564583 0.079167 0.035417 0.020833
0 0.255729 0.631771 0.051042 0.040625
0 0.450000 0.167708 0.033333 0.037500
0 0.772396 0.186458 0.036458 0.047917
0 0.568750 0.436979 0.037500 0.040625
0 0.453125 0.818229 0.039583 0.032292
0 0.247917 0.768750 0.035417 0.020833
0 0.619271 0.793229 0.048958 0.030208
0 0.530729 0.276562 0.044792 0.042708
0 0.313542 0.373437 0.022917 0.040625
0 0.133854 0.755729 0.048958 0.044792
0 0.104688 0.735938 0.055208 0.036458
0 0.833333 0.780729 0.031250 0.051042
0 0.757812 0.091667 0.051042 0.033333
0 0.821354 0.790625 0.044792 0.022917
0 0.238021 0.933333 0.042708 0.039583
0 0.843229 0.422917 0.032292 0.043750
0 0.727083 0.860417 0.035417 0.020833
0 0.560417 0.155208 0.050000 0.031250
0 0.894792 0.740104 0.045833 0.026042
0 0.339062 0.683854 0.040625 0.034375
0 0.436458 0.567187 0.025000 0.038542
0 0.405729 0.377083 0.048958 0.052083
0 0.263021 0.382292 0.034375 0.052083
0 0.181771 0.707812 0.017708 0.036458
0 0.264062 0.569271 0.040625 0.046875
0 0.875521 0.869792 0.038542 0.025000
0 0.590104 0.393229 0.046875 0.048958
0 0.789062 0.112500 0.048958 0.037500
0 0.098958 0.185417 0.025000 0.043750
0 0.418750 0.714583 0.052083 0.041667
0 0.788542 0.409896 0.054167 0.038542
0 0.791146 0.457292 0.036458 0.043750
0 0.462500 0.128125 0.037500 0.022917
0 0.347917 0.514583 0.045833 0.029167
0 0.354167 0.811458 0.037500 0.035417
0 0.904167 0.796354 0.047917 0.055208
0 0.627604 0.703125 0.042708 0.039583
0 0.669792 0.295312 0.054167 0.036458
0 0.369271 0.722396 0.026042 0.046875
0 0.400000 0.258854 0.022917 0.046875
0 0.822917 0.771875 0.029167 0.037500
0 0.212500 0.145833 0.043750 0.022917
0 0.217708 0.222396 0.052083 0.034375
0 0.383333 0.764583 0.037500 0.027083
0 0.288542 0.526042 0.018750 0.035417
0 0.952083 0.829688 0.041667 0.032292
0 0.893750 0.231771 0.033333 0.053125
0 0.882812 0.353646 0.040625 0.044792
0 0.790625 0.919271 0.031250 0.040625
0 0.183333 0.932292 0.035417 0.037500
0 0.271354 0.775521 0.046875 0.036458
0 0.899479 0.597396 0.046875 0.048958
0 0.771875 0.567708 0.043750 0.035417
0 0.652604 0.125521 0.040625 0.026042
0 0.246875 0.881771 0.041667 0.023958
0 0.357292 0.220312 0.054167 0.042708
0 0.685417 0.156771 0.052083 0.051042
0 0.269271 0.318229 0.051042 0.040625
0 0.325521 0.605208 0.021875 0.039583
0 0.576042 0.792708 0.031250 0.037500
0 0.301042 0.300000 0.039583 0.047917
0 0.763021 0.915104 0.040625 0.034375
0 0.330208 0.346875 0.041667 0.025000
0 0.751563 0.443229 0.044792 0.030208
0 0.357812 0.791667 0.042708 0.031250
0 0.230729 0.871875 0.040625 0.047917
0 0.475521 0.903125 0.051042 0.031250
0 0.683854 0.915104 0.030208 0.048958
0 0.822917 0.535417 0.022917 0.037500
0 0.480208 0.103646 0.054167 0.048958
0 0.297917 0.625521 0.039583 0.034375
0 0.494792 0.775521 0.037500 0.048958
0 0.626042 0.910417 0.031250 0.045833
0 0.252604 0.420833 0.038542 0.029167
0 0.957812 0.732292 0.038542 0.033333
0 0.919792 0.583333 0.033333 0.043750
0 0.603125 0.680729 0.039583 0.023958
0 0.105729 0.735417 0.040625 0.047917
0 0.080208 0.752604 0.054167 0.042708
0 0.434896 0.195312 0.053125 0.053125
0 0.365104 0.486458 0.046875 0.043750
0 0.833333 0.465625 0.045833 0.043750
0 0.860938 0.261979 0.032292 0.053125
0 0.259896 0.353646 0.046875 0.048958
0 0.113542 0.681771 0.031250 0.048958
0 0.841667 0.806250 0.035417 0.047917
0 0.732292 0.511458 0.029167 0.041667
0 0.417187 0.567187 0.044792 0.021875
0 0.833854 0.125000 0.051042 0.050000
0 0.082292 0.577083 0.037500 0.035417
0 0.628125 0.450521 0.052083 0.051042
0 0.672917 0.896875 0.039583 0.052083
0 0.187500 0.606771 0.047917 0.032292
0 0.126042 0.410938 0.039583 0.036458
0 0.936979 0.886979 0.042708 0.055208
0 0.855208 0.258333 0.022917 0.045833
0 0.714063 0.169792 0.046875 0.045833
0 0.107292 0.146354 0.045833 0.055208
0 0.130729 0.327083 0.023958 0.045833
0 0.307292 0.291667 0.035417 0.052083
0 0.195833 0.957812 0.018750 0.036458
0 0.213021 0.883854 0.046875 0.055208
0 0.329167 0.434896 0.045833 0.055208
0 0.189062 0.863021 0.030208 0.044792
0 0.822396 0.423958 0.042708 0.025000
0 0.205208 0.205729 0.050000 0.053125
0 0.232813 0.604688 0.021875 0.042708
0 0.495833 0.539062 0.050000 0.028125
0 0.191146 0.593229 0.040625 0.055208
0 0.535937 0.152604 0.042708 0.051042
0 0.433333 0.565104 0.035417 0.040625
0 0.480208 0.895312 0.041667 0.023958
0 0.463542 0.733854 0.029167 0.046875
0 0.650521 0.679167 0.034375 0.039583
0 0.746875 0.160417 0.047917 0.050000
0 0.581771 0.696354 0.051042 0.042708
0 0.693229 0.290104 0.053125 0.030208
0 0.751042 0.173437 0.029167 0.048958
0 0.740625 0.302083 0.037500 0.025000
0 0.525521 0.627604 0.044792 0.032292
0 0.951562 0.288542 0.040625 0.041667
0 0.767188 0.742188 0.026042 0.046875
0 0.336458 0.786458 0.050000 0.031250
0 0.918229 0.273438 0.038542 0.046875
0 0.573438 0.685417 0.034375 0.052083
0 0.766667 0.649479 0.047917 0.046875
0 0.208854 0.243229 0.028125 0.040625
0 0.148438 0.354167 0.038542 0.025000
0 0.880729 0.867188 0.036458 0.055208
0 0.303125 0.130729 0.050000 0.034375
0 0.440104 0.699479 0.040625 0.026042
0 0.142187 0.478646 0.038542 0.051042
0 0.915625 0.158854 0.043750 0.021875
0 0.276562 0.908854 0.040625 0.044792
0 0.341146 0.606250 0.038542 0.035417
0 0.373437 0.250000 0.038542 0.027083
0 0.247917 0.234896 0.041667 0.023958
0 0.925521 0.705729 0.032292 0.048958
0 0.889062 0.291146 0.030208 0.040625
0 0.424479 0.686458 0.042708 0.037500
0 0.764583 0.581250 0.052083 0.035417
0 0.658854 0.151042 0.034375 0.052083
0 0.530729 0.509375 0.032292 0.039583
0 0.130729 0.615104 0.051042 0.053125
0 0.378646 0.406250 0.036458 0.043750
0 0.916146 0.576562 0.040625 0.034375
0 0.202604 0.628125 0.034375 0.043750
0 0.380729 0.278125 0.048958 0.025000
0 0.647917 0.833854 0.037500 0.053125
0 0.688021 0.519271 0.053125 0.053125
0 0.174479 0.290625 0.042708 0.039583
0 0.781250 0.708854 0.045833 0.048958
0 0.247917 0.375000 0.041667 0.039583
0 0.274479 0.865625 0.030208 0.039583
0 0.355208 0.940104 0.039583 0.028125
0 0.316146 0.910937 0.042708 0.021875
0 0.254167 0.208333 0.035417 0.052083
0 0.841146 0.303646 0.042708 0.051042
0 0.116146 0.473438 0.048958 0.030208
0 0.191146 0.332813 0.034375 0.040625
0 0.183854 0.880729 0.044792 0.044792
0 0.453125 0.351562 0.039583 0.048958
0 0.842708 0.233333 0.022917 0.035417
0 0.681250 0.510938 0.054167 0.038542
0 0.490104 0.838542 0.046875 0.022917
0 0.704167 0.619792 0.022917 0.039583
0 0.351042 0.279687 0.039583 0.044792
0 0.085417 0.737500 0.039583 0.025000
0 0.623958 0.739062 0.043750 0.055208
0 0.898438 0.851042 0.036458 0.020833
0 0.203646 0.838542 0.040625 0.022917
0 0.754687 0.186979 0.044792 0.055208
0 0.286458 0.382292 0.035417 0.018750
0 0.516667 0.518750 0.037500 0.031250
0 0.232292 0.141667 0.047917 0.037500
0 0.392708 0.293750 0.050000 0.029167
0 0.925000 0.734896 0.054167 0.036458
0 0.473958 0.915625 0.035417 0.037500
0 0.917188 0.554167 0.023958 0.037500
0 0.447396 0.247917 0.044792 0.025000
0 0.515625 0.149479 0.039583 0.038542
0 0.204167 0.731771 0.050000 0.036458
0 0.788021 0.078125 0.042708 0.027083
0 0.368750 0.847396 0.050000 0.036458
0 0.571354 0.125000 0.036458 0.037500
0 0.917708 0.710938 0.031250 0.048958
0 0.899479 0.166667 0.032292 0.052083
0 0.797917 0.235937 0.050000 0.042708
0 0.869271 0.763021 0.042708 0.055208
0 0.333854 0.788021 0.026042 0.046875
0 0.417708 0.535937 0.039583 0.028125
0 0.856250 0.274479 0.045833 0.055208
0 0.663021 0.755208 0.046875 0.029167