0 0.711979 0.405208 0.048958 0.050000
0 0.913021 0.373958 0.036458 0.022917
0 0.396354 0.193229 0.036458 0.040625
0 0.727083 0.932813 0.037500 0.038542
0 0.308854 0.164062 0.040625 0.036458
0 0.170313 0.748958 0.021875 0.041667
0 0.615625 0.961979 0.039583 0.028125
0 0.357812 0.601042 0.042708 0.041667
0 0.179688 0.565104 0.036458 0.051042
0 0.191146 0.164583 0.044792 0.047917
0 0.245833 0.091146 0.031250 0.048958
0 0.256250 0.397917 0.035417 0.043750
0 0.686458 0.826042 0.047917 0.035417
0 0.405729 0.592187 0.038542 0.021875
0 0.143229 0.719792 0.038542 0.043750
0 0.107292 0.415104 0.022917 0.040625
0 0.777083 0.911979 0.050000 0.034375
0 0.398958 0.303125 0.029167 0.037500
0 0.237500 0.267708 0.033333 0.050000
0 0.588021 0.289583 0.053125 0.043750
0 0.610417 0.701042 0.041667 0.037500
0 0.502604 0.408854 0.034375 0.046875
0 0.693229 0.210938 0.053125 0.032292
0 0.161979 0.200000 0.032292 0.039583
0 0.229687 0.240625 0.053125 0.039583
0 0.572917 0.166146 0.050000 0.040625
0 0.613021 0.418750 0.026042 0.050000
0 0.606771 0.080729 0.044792 0.040625
0 0.280729 0.252604 0.051042 0.053125
0 0.250521 0.706771 0.055208 0.042708
0 0.786458 0.845833 0.029167 0.050000
0 0.681250 0.811458 0.047917 0.050000
0 0.559375 0.377604 0.041667 0.032292
0 0.841146 0.393750 0.034375 0.043750
0 0.820312 0.634375 0.032292 0.043750
0 0.811979 0.890104 0.046875 0.034375
0 0.138021 0.712500 0.038542 0.031250
0 0.357812 0.787500 0.042708 0.047917
0 0.914583 0.826042 0.047917 0.037500
0 0.495833 0.575521 0.054167 0.048958
0 0.605729 0.395833 0.036458 0.043750
0 0.397917 0.635417 0.033333 0.037500
0 0.417708 0.603125 0.043750 0.035417
0 0.538542 0.519792 0.037500 0.035417
0 0.463542 0.875521 0.029167 0.044792
0 0.631250 0.250521 0.050000 0.053125
0 0.404167 0.073958 0.047917 0.037500
0 0.883333 0.110937 0.029167 0.040625
0 0.872396 0.870313 0.038542 0.040625
0 0.951042 0.782292 0.047917 0.050000
0 0.118750 0.836458 0.033333 0.050000
0 0.100000 0.115625 0.035417 0.020833
0 0.815625 0.366667 0.037500 0.022917
0 0.756771 0.820312 0.048958 0.055208
0 0.148958 0.433333 0.047917 0.041667
0 0.389583 0.800000 0.043750 0.033333
0 0.138542 0.360938 0.031250 0.040625
0 0.310937 0.166667 0.048958 0.041667
0 0.844792 0.755208 0.029167 0.041667
0 0.848437 0.593750 0.048958 0.025000
0 0.740104 0.402083 0.051042 0.050000
0 0.643229 0.264583 0.038542 0.029167
0 0.522917 0.405208 0.039583 0.052083
0 0.581771 0.469271 0.023958 0.038542
0 0.904687 0.928125 0.038542 0.029167
0 0.298438 0.506250 0.044792 0.033333
0 0.644271 0.296354 0.044792 0.030208
0 0.221875 0.835417 0.037500 0.029167
0 0.946875 0.681250 0.022917 0.043750
0 0.436979 0.729167 0.048958 0.027083
0 0.233854 0.147396 0.048958 0.030208
0 0.624479 0.685937 0.038542 0.051042
0 0.793750 0.144271 0.041667 0.032292
0 0.647396 0.361458 0.044792 0.052083
0 0.508854 0.787500 0.051042 0.033333
0 0.130729 0.175521 0.021875 0.044792
0 0.671875 0.255208 0.033333 0.043750
0 0.171875 0.379688 0.043750 0.040625
0 0.761458 0.656250 0.029167 0.041667
0 0.301563 0.434375 0.048958 0.041667
0 0.173958 0.712500 0.045833 0.043750
0 0.212500 0.491667 0.047917 0.052083
0 0.176563 0.590625 0.042708 0.047917
0 0.846354 0.833854 0.044792 0.051042
0 0.464062 0.833854 0.044792 0.030208
0 0.356250 0.074479 0.045833 0.040625
0 0.491667 0.257812 0.047917 0.032292
0 0.183854 0.471875 0.048958 0.037500
0 0.752604 0.730729 0.040625 0.055208
0 0.585417 0.821875 0.050000 0.031250
0 0.811979 0.819271 0.055208 0.042708
0 0.085938 0.335938 0.023958 0.040625
0 0.329167 0.218229 0.039583 0.034375
0 0.491146 0.306250 0.042708 0.027083
0 0.682813 0.123438 0.048958 0.044792
0 0.068750 0.372396 0.025000 0.038542
0 0.703646 0.663542 0.044792 0.033333
0 0.792708 0.277083 0.037500 0.052083
0 0.534375 0.154688 0.039583 0.048958
0 0.100000 0.402604 0.035417 0.040625
0 0.838021 0.509375 0.038542 0.025000
0 0.490625 0.589583 0.039583 0.052083
0 0.258333 0.265625 0.039583 0.020833
0 0.233333 0.497396 0.039583 0.032292
0 0.329688 0.118229 0.044792 0.030208
0 0.725521 0.874479 0.040625 0.034375
0 0.269271 0.583333 0.036458 0.018750
0 0.321354 0.958854 0.034375 0.053125
0 0.365625 0.570312 0.039583 0.036458
0 0.880208 0.867188 0.054167 0.044792
0 0.593750 0.830729 0.050000 0.034375
0 0.804688 0.272396 0.046875 0.038542
0 0.528646 0.649479 0.036458 0.051042
0 0.325000 0.405208 0.020833 0.039583
0 0.891146 0.414062 0.044792 0.032292
0 0.686979 0.847917 0.051042 0.029167
0 0.857292 0.674479 0.052083 0.051042
0 0.224479 0.227083 0.053125 0.041667
0 0.161458 0.373958 0.043750 0.033333
0 0.643229 0.379688 0.042708 0.055208
0 0.809375 0.426042 0.037500 0.022917
0 0.269271 0.091146 0.034375 0.040625
0 0.869271 0.547396 0.021875 0.038542
0 0.499479 0.809375 0.048958 0.039583
0 0.421354 0.882812 0.030208 0.040625
0 0.879687 0.882292 0.040625 0.041667
0 0.505208 0.742708 0.033333 0.037500
0 0.962500 0.368229 0.031250 0.051042
0 0.528646 0.490104 0.038542 0.040625
0 0.407292 0.677604 0.047917 0.046875
0 0.180208 0.270313 0.045833 0.048958
0 0.389583 0.875000 0.050000 0.047917
0 0.514062 0.267708 0.044792 0.033333
0 0.277604 0.097396 0.048958 0.046875
0 0.776563 0.098958 0.044792 0.035417
0 0.187500 0.961458 0.035417 0.037500
0 0.400521 0.267708 0.040625 0.054167
0 0.942708 0.833854 0.050000 0.036458
0 0.840625 0.264062 0.041667 0.044792
0 0.281250 0.361979 0.029167 0.040625
0 0.267708 0.401042 0.022917 0.035417
0 0.545833 0.578646 0.033333 0.048958
0 0.590625 0.334896 0.050000 0.044792
0 0.107292 0.466146 0.045833 0.036458
0 0.081250 0.553125 0.025000 0.043750
0 0.492188 0.633333 0.034375 0.052083
0 0.959375 0.416146 0.054167 0.042708
0 0.954688 0.127604 0.040625 0.051042
0 0.415104 0.417708 0.042708 0.037500
0 0.410417 0.377604 0.045833 0.048958
0 0.221354 0.407813 0.044792 0.048958
0 0.701562 0.296354 0.051042 0.053125
0 0.788021 0.832812 0.040625 0.055208
0 0.373437 0.481771 0.046875 0.048958
0 0.393229 0.420312 0.051042 0.036458
0 0.550000 0.720833 0.025000 0.043750
0 0.554688 0.663542 0.040625 0.020833
0 0.336979 0.968750 0.032292 0.043750
0 0.838021 0.247917 0.038542 0.025000
0 0.589583 0.868229 0.035417 0.040625
0 0.119271 0.697917 0.034375 0.047917
0 0.465104 0.671875 0.048958 0.039583
0 0.402604 0.342708 0.038542 0.035417
0 0.905208 0.327083 0.037500 0.033333
0 0.877083 0.836979 0.045833 0.038542
0 0.584375 0.669792 0.047917 0.041667
0 0.146875 0.659375 0.027083 0.037500
0 0.820833 0.708333 0.037500 0.033333
0 0.604688 0.867708 0.042708 0.029167
0 0.944271 0.473438 0.038542 0.046875
0 0.706771 0.093750 0.053125 0.043750
0 0.170833 0.682813 0.031250 0.048958
0 0.101562 0.146354 0.032292 0.044792
0 0.667188 0.921354 0.044792 0.051042
0 0.832812 0.243750 0.053125 0.039583
0 0.688542 0.513021 0.050000 0.042708
0 0.407292 0.407813 0.031250 0.040625
0 0.623958 0.922396 0.050000 0.042708
0 0.181771 0.235417 0.038542 0.043750
0 0.467708 0.116146 0.050000 0.036458
0 0.206771 0.414062 0.048958 0.046875
0 0.757812 0.081771 0.044792 0.055208
0 0.898958 0.090104 0.043750 0.026042
0 0.279167 0.120833 0.041667 0.052083
0 0.391667 0.647396 0.039583 0.036458
0 0.783854 0.463542 0.032292 0.039583
0 0.661458 0.202604 0.054167 0.038542
0 0.366146 0.819271 0.040625 0.038542
0 0.746354 0.785937 0.026042 0.040625
0 0.831771 0.086458 0.036458 0.047917
0 0.511979 0.103646 0.040625 0.051042
0 0.175521 0.949479 0.034375 0.040625
0 0.716667 0.451042 0.035417 0.043750
0 0.384896 0.092188 0.028125 0.040625
0 0.091667 0.779687 0.037500 0.048958
0 0.849479 0.840625 0.038542 0.025000
0 0.165104 0.330729 0.036458 0.040625
0 0.078646 0.739062 0.036458 0.046875
0 0.436979 0.878125 0.038542 0.035417
0 0.179688 0.403646 0.055208 0.038542
0 0.643750 0.478646 0.045833 0.036458
0 0.818229 0.959896 0.040625 0.036458
0 0.227604 0.143750 0.053125 0.039583
0 0.935937 0.420833 0.042708 0.047917
0 0.283333 0.575000 0.043750 0.033333
0 0.873437 0.801562 0.046875 0.034375
0 0.322396 0.316146 0.053125 0.053125
0 0.299479 0.196875 0.040625 0.041667
0 0.925000 0.945833 0.039583 0.041667
0 0.889062 0.410938 0.046875 0.048958
0 0.696875 0.168229 0.050000 0.042708
0 0.280208 0.381250 0.041667 0.052083
0 0.407292 0.170313 0.041667 0.023958
0 0.828646 0.934375 0.040625 0.047917
0 0.921354 0.254167 0.053125 0.039583
0 0.531250 0.602083 0.041667 0.031250
0 0.112500 0.192188 0.033333 0.044792
0 0.961979 0.673438 0.048958 0.023958
0 0.725000 0.315104 0.045833 0.034375
0 0.919792 0.747917 0.039583 0.052083
0 0.278646 0.606771 0.032292 0.044792
0 0.239583 0.347917 0.027083 0.047917
0 0.811979 0.768229 0.021875 0.042708
0 0.744792 0.193229 0.039583 0.026042
0 0.514583 0.833854 0.043750 0.042708
0 0.217708 0.153646 0.035417 0.044792
0 0.110417 0.830729 0.033333 0.044792
0 0.227083 0.851042 0.022917 0.043750
0 0.106250 0.558854 0.050000 0.053125
0 0.276562 0.916667 0.040625 0.041667
0 0.119271 0.597396 0.053125 0.030208
0 0.194271 0.925521 0.042708 0.055208
0 0.570833 0.396354 0.043750 0.042708
0 0.437500 0.376563 0.039583 0.028125
0 0.606771 0.809375 0.034375 0.043750
0 0.555208 0.753125 0.041667 0.047917
0 0.269271 0.931771 0.032292 0.053125
0 0.729167 0.884375 0.033333 0.043750
0 0.297917 0.420833 0.045833 0.029167
0 0.172917 0.713021 0.045833 0.055208
0 0.214062 0.279687 0.046875 0.048958
0 0.741667 0.897917 0.037500 0.033333
0 0.792708 0.894792 0.033333 0.037500
0 0.266667 0.129167 0.037500 0.035417
0 0.078646 0.673438 0.044792 0.032292
0 0.080729 0.942187 0.040625 0.034375
0 0.202604 0.642708 0.030208 0.050000
0 0.191667 0.406771 0.045833 0.032292
0 0.638542 0.441146 0.027083 0.042708
0 0.392188 0.535417 0.042708 0.029167
0 0.277083 0.236979 0.054167 0.048958
0 0.843229 0.930729 0.055208 0.036458
0 0.305208 0.319792 0.027083 0.037500
0 0.686979 0.898958 0.038542 0.031250
0 0.616667 0.434896 0.025000 0.038542
0 0.353125 0.724479 0.050000 0.042708
0 0.619271 0.457813 0.051042 0.044792
0 0.454167 0.082812 0.035417 0.053125
0 0.415104 0.833854 0.048958 0.055208
0 0.283854 0.183854 0.019792 0.038542
0 0.310937 0.667708 0.030208 0.039583
0 0.538542 0.142187 0.043750 0.055208
0 0.260417 0.932813 0.047917 0.030208
0 0.461979 0.928646 0.042708 0.044792
0 0.284375 0.938021 0.043750 0.048958
0 0.597917 0.718750 0.020833 0.039583
0 0.519792 0.814063 0.043750 0.030208
0 0.262500 0.676562 0.043750 0.042708
0 0.831771 0.800521 0.023958 0.046875
0 0.938021 0.481771 0.053125 0.030208
0 0.950521 0.367708 0.044792 0.033333
0 0.396354 0.815625 0.044792 0.052083
0 0.377083 0.902083 0.031250 0.050000
0 0.548438 0.393750 0.032292 0.047917
0 0.428125 0.394271 0.039583 0.034375
0 0.280729 0.524479 0.032292 0.053125
0 0.750000 0.203125 0.050000 0.031250
0 0.197396 0.968750 0.046875 0.043750
0 0.678125 0.363542 0.043750 0.033333
0 0.250521 0.949479 0.044792 0.055208
0 0.578646 0.452604 0.055208 0.048958
0 0.223438 0.599479 0.038542 0.046875
0 0.927083 0.212500 0.043750 0.033333
0 0.750521 0.341667 0.046875 0.029167
0 0.750000 0.381250 0.041667 0.047917
0 0.150000 0.875000 0.047917 0.037500
0 0.442708 0.754167 0.037500 0.033333
0 0.446354 0.594271 0.048958 0.032292
0 0.891146 0.764062 0.023958 0.042708
0 0.711979 0.183854 0.055208 0.040625
0 0.482812 0.353646 0.055208 0.040625
0 0.367188 0.724479 0.028125 0.044792
0 0.664583 0.161458 0.052083 0.037500
0 0.808854 0.879687 0.046875 0.028125
0 0.307292 0.942708 0.050000 0.033333
0 0.822396 0.408854 0.032292 0.044792
0 0.796875 0.827604 0.043750 0.030208
0 0.551562 0.446875 0.023958 0.037500
0 0.529167 0.197396 0.029167 0.040625
0 0.760938 0.654167 0.038542 0.047917
0 0.511979 0.520833 0.040625 0.047917
0 0.202083 0.960417 0.029167 0.037500
0 0.341667 0.432292 0.039583 0.047917
0 0.530208 0.506250 0.052083 0.043750
0 0.793229 0.208854 0.026042 0.040625
0 0.450521 0.604688 0.040625 0.030208
0 0.074479 0.467187 0.026042 0.051042
0 0.247396 0.542188 0.026042 0.044792
0 0.375521 0.774479 0.051042 0.042708
0 0.679688 0.207292 0.034375 0.047917
0 0.590104 0.790104 0.053125 0.034375
0 0.356771 0.479687 0.046875 0.048958
0 0.887500 0.834896 0.031250 0.040625
0 0.722917 0.757292 0.050000 0.050000
0 0.664583 0.491667 0.037500 0.022917
0 0.652604 0.077083 0.042708 0.025000
0 0.951562 0.194271 0.030208 0.044792
0 0.958333 0.583854 0.039583 0.030208
0 0.228125 0.092188 0.039583 0.023958
0 0.809896 0.753125 0.048958 0.039583
0 0.195833 0.832812 0.037500 0.019792
0 0.685937 0.917188 0.055208 0.042708
0 0.872396 0.170313 0.038542 0.040625
0 0.218229 0.788542 0.044792 0.045833
0 0.570312 0.883854 0.042708 0.044792
0 0.713542 0.964063 0.033333 0.040625
0 0.323958 0.194271 0.039583 0.034375
0 0.608333 0.091146 0.016667 0.034375
0 0.748958 0.297396 0.033333 0.040625
0 0.287500 0.692708 0.039583 0.041667
0 0.430208 0.198958 0.047917 0.037500
0 0.269792 0.799479 0.045833 0.023958
0 0.095312 0.455208 0.019792 0.037500
0 0.605208 0.317188 0.041667 0.044792
0 0.475000 0.748437 0.047917 0.046875
0 0.881771 0.439583 0.040625 0.043750
0 0.870313 0.084375 0.032292 0.039583
0 0.463021 0.320833 0.040625 0.047917
0 0.729167 0.709375 0.041667 0.027083
0 0.760417 0.248438 0.047917 0.030208
0 0.161979 0.128125 0.053125 0.037500
0 0.277083 0.449479 0.039583 0.026042
0 0.213542 0.367188 0.037500 0.038542
0 0.760938 0.245833 0.046875 0.052083
0 0.852604 0.170833 0.036458 0.020833
0 0.360938 0.201042 0.032292 0.043750
0 0.905208 0.690104 0.043750 0.042708
0 0.351562 0.792708 0.046875 0.031250
0 0.234375 0.706771 0.037500 0.044792
0 0.803646 0.884375 0.019792 0.037500
0 0.284896 0.423958 0.036458 0.022917
0 0.275521 0.810417 0.048958 0.035417
0 0.182812 0.568750 0.026042 0.041667
0 0.478646 0.067187 0.051042 0.026042
0 0.472917 0.486979 0.043750 0.048958
0 0.176563 0.619271 0.046875 0.038542
0 0.523958 0.082812 0.029167 0.040625
0 0.664583 0.167708 0.047917 0.033333
0 0.415625 0.529167 0.047917 0.050000
0 0.664583 0.763021 0.029167 0.051042
0 0.710938 0.078125 0.048958 0.035417
0 0.506250 0.935417 0.045833 0.045833
0 0.855208 0.353646 0.035417 0.040625
0 0.832812 0.490625 0.042708 0.039583
0 0.786979 0.319271 0.051042 0.040625
0 0.344792 0.633854 0.054167 0.040625
0 0.607812 0.309896 0.044792 0.030208
0 0.123438 0.934375 0.053125 0.045833
0 0.218750 0.488542 0.037500 0.052083
0 0.476562 0.945312 0.053125 0.051042
0 0.189583 0.547917 0.045833 0.043750
0 0.168750 0.638542 0.047917 0.041667
0 0.303646 0.170833 0.042708 0.047917
0 0.733854 0.165104 0.040625 0.036458
0 0.846875 0.461979 0.050000 0.044792
0 0.304167 0.307292 0.033333 0.043750
0 0.320312 0.114583 0.038542 0.031250
0 0.079167 0.217188 0.043750 0.042708
0 0.652604 0.230208 0.048958 0.027083
0 0.451562 0.822396 0.055208 0.042708
0 0.850521 0.256771 0.044792 0.028125
0 0.393750 0.379167 0.035417 0.020833
0 0.545833 0.076563 0.039583 0.026042
0 0.396875 0.908854 0.054167 0.048958
0 0.680729 0.648958 0.042708 0.039583
0 0.470313 0.639062 0.034375 0.048958
0 0.729688 0.178646 0.051042 0.038542
0 0.334896 0.259375 0.034375 0.047917
0 0.897917 0.202083 0.045833 0.052083
0 0.451042 0.157292 0.025000 0.043750
0 0.526042 0.204167 0.045833 0.052083
0 0.914062 0.076042 0.030208 0.043750
0 0.547396 0.383333 0.028125 0.043750
0 0.772917 0.591146 0.043750 0.026042
0 0.251042 0.904167 0.033333 0.037500
0 0.418750 0.515625 0.029167 0.050000
0 0.878125 0.550521 0.029167 0.048958
0 0.147917 0.821354 0.047917 0.023958
0 0.608854 0.853646 0.040625 0.026042
0 0.427083 0.171354 0.054167 0.044792
0 0.621875 0.857812 0.022917 0.046875