0 0.778646 0.153646 0.021875 0.042708
0 0.823958 0.226562 0.037500 0.044792
0 0.683854 0.497396 0.036458 0.046875
0 0.095312 0.126042 0.048958 0.025000
0 0.919792 0.951042 0.047917 0.027083
0 0.608333 0.345833 0.031250 0.050000
0 0.444792 0.434375 0.037500 0.031250
0 0.744271 0.781771 0.051042 0.038542
0 0.339583 0.265625 0.033333 0.043750
0 0.948438 0.292708 0.044792 0.033333
0 0.789062 0.385417 0.032292 0.039583
0 0.160938 0.940104 0.034375 0.051042
0 0.392708 0.898438 0.039583 0.034375
0 0.947917 0.936458 0.052083 0.039583
0 0.368229 0.803646 0.028125 0.044792
0 0.352604 0.590104 0.034375 0.053125
0 0.606771 0.272396 0.019792 0.038542
0 0.224479 0.200521 0.046875 0.048958
0 0.594271 0.513021 0.040625 0.023958
0 0.150000 0.700000 0.018750 0.035417
0 0.357812 0.506771 0.042708 0.044792
0 0.379167 0.686979 0.045833 0.034375
0 0.934375 0.311458 0.045833 0.031250
0 0.772396 0.952604 0.048958 0.046875
0 0.164062 0.666667 0.053125 0.045833
0 0.348958 0.133854 0.039583 0.026042
0 0.695833 0.900521 0.043750 0.040625
0 0.316146 0.710938 0.048958 0.046875
0 0.268750 0.433854 0.037500 0.021875
0 0.660937 0.729167 0.038542 0.035417
0 0.744271 0.180208 0.042708 0.031250
0 0.238542 0.753646 0.031250 0.044792
0 0.215104 0.563021 0.030208 0.048958
0 0.218750 0.330729 0.054167 0.040625
0 0.732292 0.493229 0.027083 0.042708
0 0.566667 0.469792 0.043750 0.035417
0 0.367188 0.639583 0.048958 0.035417
0 0.356771 0.188021 0.048958 0.034375
0 0.578125 0.540104 0.022917 0.044792
0 0.889583 0.373437 0.027083 0.046875
0 0.814583 0.329167 0.047917 0.039583
0 0.091146 0.757812 0.055208 0.048958
0 0.932292 0.755729 0.020833 0.036458
0 0.832812 0.427604 0.040625 0.046875
0 0.465625 0.741146 0.037500 0.019792
0 0.100521 0.731771 0.038542 0.040625
0 0.553646 0.920312 0.038542 0.040625
0 0.578646 0.500000 0.048958 0.035417
0 0.657292 0.928646 0.022917 0.046875
0 0.359896 0.505208 0.036458 0.043750
0 0.596354 0.076563 0.044792 0.030208
0 0.212500 0.510938 0.045833 0.034375
0 0.770312 0.086458 0.046875 0.043750
0 0.917188 0.395833 0.046875 0.043750
0 0.727083 0.419792 0.043750 0.037500
0 0.201563 0.407292 0.038542 0.033333
0 0.294792 0.217708 0.037500 0.025000
0 0.298958 0.101562 0.039583 0.044792
0 0.082812 0.092188 0.023958 0.042708
0 0.855729 0.418229 0.046875 0.055208
0 0.941667 0.759896 0.033333 0.044792
0 0.091146 0.381771 0.044792 0.026042
0 0.917188 0.182292 0.051042 0.031250
0 0.952604 0.070833 0.044792 0.035417
0 0.406771 0.759896 0.051042 0.055208
0 0.293750 0.101562 0.020833 0.036458
0 0.932813 0.322396 0.040625 0.032292
0 0.428646 0.107813 0.038542 0.038542
0 0.492188 0.617708 0.034375 0.039583
0 0.552604 0.768229 0.019792 0.040625
0 0.244792 0.834896 0.045833 0.048958
0 0.371354 0.956771 0.038542 0.040625
0 0.863542 0.206771 0.050000 0.044792
0 0.574479 0.639583 0.038542 0.043750
0 0.406250 0.767188 0.050000 0.038542
0 0.465625 0.549479 0.054167 0.046875
0 0.442708 0.779687 0.029167 0.044792
0 0.966146 0.218750 0.051042 0.031250
0 0.808854 0.958854 0.044792 0.040625
0 0.433333 0.916146 0.045833 0.055208
0 0.114583 0.900521 0.020833 0.040625
0 0.570312 0.391667 0.044792 0.052083
0 0.848958 0.911979 0.041667 0.042708
0 0.951562 0.456250 0.038542 0.031250
0 0.138542 0.228125 0.025000 0.043750
0 0.645312 0.256250 0.034375 0.047917
0 0.494792 0.811979 0.022917 0.038542
0 0.864062 0.191667 0.040625 0.041667
0 0.653646 0.139063 0.032292 0.048958
0 0.502083 0.254688 0.045833 0.023958
0 0.331250 0.397396 0.039583 0.044792
0 0.217708 0.775000 0.039583 0.047917
0 0.843750 0.323437 0.039583 0.032292
0 0.437500 0.403125 0.039583 0.022917
0 0.949479 0.796354 0.046875 0.038542
0 0.970833 0.773958 0.047917 0.033333
0 0.598437 0.494271 0.046875 0.048958
0 0.308333 0.404687 0.043750 0.028125
0 0.265104 0.788542 0.051042 0.031250
0 0.327083 0.306250 0.041667 0.037500
0 0.489583 0.438021 0.043750 0.040625
0 0.753646 0.441667 0.023958 0.043750
0 0.271354 0.478646 0.042708 0.021875
0 0.416146 0.617188 0.046875 0.038542
0 0.800521 0.871354 0.040625 0.034375
0 0.693750 0.708854 0.039583 0.048958
0 0.208854 0.377604 0.042708 0.023958
0 0.202604 0.786458 0.030208 0.043750
0 0.823958 0.228125 0.035417 0.037500
0 0.952083 0.939063 0.039583 0.026042
0 0.276042 0.540625 0.047917 0.050000
0 0.151562 0.584375 0.028125 0.045833
0 0.653125 0.618750 0.037500 0.029167
0 0.741667 0.104688 0.027083 0.051042
0 0.693750 0.504687 0.043750 0.048958
0 0.894792 0.193229 0.031250 0.044792
0 0.832812 0.167187 0.048958 0.046875
0 0.512500 0.540625 0.035417 0.043750
0 0.216667 0.352083 0.052083 0.043750
0 0.382292 0.716146 0.050000 0.034375
0 0.952604 0.376563 0.036458 0.040625
0 0.752604 0.674479 0.021875 0.042708
0 0.918750 0.463542 0.037500 0.041667
0 0.363542 0.280208 0.045833 0.029167
0 0.828125 0.376042 0.050000 0.047917
0 0.914062 0.809375 0.040625 0.052083
0 0.765104 0.618229 0.028125 0.046875
0 0.825521 0.666667 0.042708 0.039583
0 0.074479 0.075521 0.023958 0.046875
0 0.084375 0.961979 0.041667 0.048958
0 0.190625 0.385937 0.027083 0.042708
0 0.558333 0.084896 0.041667 0.048958
0 0.375521 0.755208 0.044792 0.035417
0 0.173437 0.557813 0.048958 0.055208
0 0.696354 0.903646 0.044792 0.026042
0 0.892188 0.338021 0.019792 0.040625
0 0.480208 0.910417 0.031250 0.050000
0 0.216667 0.749479 0.045833 0.055208
0 0.603646 0.878125 0.044792 0.052083
0 0.450000 0.839063 0.039583 0.036458
0 0.640104 0.821354 0.055208 0.044792
0 0.684896 0.856771 0.055208 0.036458
0 0.719271 0.493229 0.040625 0.036458
0 0.332813 0.955729 0.044792 0.040625
0 0.378125 0.725000 0.029167 0.050000
0 0.731250 0.808854 0.043750 0.030208
0 0.938542 0.319792 0.043750 0.045833
0 0.608333 0.304688 0.037500 0.019792
0 0.090625 0.639583 0.043750 0.035417
0 0.801562 0.846354 0.055208 0.040625
0 0.127083 0.153646 0.050000 0.034375
0 0.519792 0.281771 0.052083 0.032292
0 0.742708 0.638542 0.050000 0.033333
0 0.890625 0.090625 0.039583 0.052083
0 0.206250 0.175521 0.039583 0.026042
0 0.501563 0.545312 0.051042 0.038542
0 0.166146 0.586979 0.040625 0.055208
0 0.555729 0.956250 0.048958 0.035417
0 0.831771 0.229167 0.038542 0.035417
0 0.374479 0.123958 0.034375 0.039583
0 0.701042 0.862500 0.047917 0.035417
0 0.969271 0.126562 0.046875 0.055208
0 0.679167 0.845833 0.041667 0.047917
0 0.914062 0.113021 0.019792 0.038542
0 0.247396 0.427083 0.053125 0.037500
0 0.078125 0.314583 0.037500 0.041667
0 0.148438 0.233333 0.051042 0.033333
0 0.307292 0.252083 0.043750 0.052083
0 0.792708 0.875000 0.047917 0.039583
0 0.095312 0.076563 0.051042 0.038542
0 0.076042 0.221875 0.045833 0.031250
0 0.618750 0.585938 0.054167 0.044792
0 0.395833 0.731771 0.047917 0.030208
0 0.076563 0.932292 0.028125 0.043750
0 0.558333 0.386979 0.050000 0.036458
0 0.738021 0.518750 0.046875 0.045833
0 0.790625 0.208333 0.031250 0.045833
0 0.940104 0.322396 0.040625 0.036458
0 0.941667 0.670312 0.052083 0.032292
0 0.738542 0.952083 0.029167 0.041667
0 0.796354 0.440104 0.040625 0.034375
0 0.846354 0.321875 0.034375 0.037500
0 0.382292 0.067708 0.041667 0.025000
0 0.748437 0.160938 0.040625 0.034375
0 0.319792 0.357812 0.045833 0.038542
0 0.084896 0.355208 0.034375 0.016667
0 0.571354 0.946354 0.021875 0.042708
0 0.870833 0.812500 0.020833 0.039583
0 0.514062 0.542188 0.023958 0.046875
0 0.492188 0.810417 0.053125 0.047917
0 0.397396 0.325000 0.046875 0.052083
0 0.856250 0.756250 0.037500 0.035417
0 0.860417 0.756250 0.045833 0.031250
0 0.205208 0.269792 0.041667 0.020833
0 0.843229 0.201563 0.040625 0.038542
0 0.722917 0.692708 0.029167 0.045833
0 0.225000 0.835417 0.041667 0.037500
0 0.819271 0.313542 0.036458 0.047917
0 0.789583 0.603125 0.047917 0.027083
0 0.418229 0.709896 0.042708 0.044792
0 0.109896 0.525000 0.038542 0.052083
0 0.282292 0.364063 0.037500 0.053125
0 0.589583 0.201042 0.037500 0.047917
0 0.231250 0.931250 0.029167 0.050000
0 0.225521 0.617708 0.042708 0.041667
0 0.111979 0.339583 0.046875 0.045833
0 0.503646 0.492188 0.040625 0.038542
0 0.651042 0.370833 0.037500 0.047917
0 0.621354 0.434375 0.040625 0.047917
0 0.769271 0.729688 0.048958 0.046875
0 0.882292 0.542188 0.047917 0.053125
0 0.378646 0.143229 0.055208 0.038542
0 0.533854 0.309375 0.026042 0.037500
0 0.075000 0.441146 0.037500 0.048958
0 0.640625 0.253125 0.037500 0.025000
0 0.692187 0.170313 0.040625 0.038542
0 0.538021 0.735417 0.036458 0.052083
0 0.844792 0.382292 0.041667 0.041667
0 0.333333 0.415625 0.045833 0.029167
0 0.207292 0.732292 0.050000 0.047917
0 0.952083 0.229167 0.041667 0.025000
0 0.340104 0.486979 0.053125 0.053125
0 0.792708 0.427604 0.027083 0.042708
0 0.373437 0.326042 0.042708 0.039583
0 0.906771 0.616146 0.048958 0.048958
0 0.914583 0.141146 0.043750 0.055208
0 0.805729 0.798958 0.048958 0.041667
0 0.129167 0.835417 0.052083 0.037500
0 0.964063 0.219792 0.038542 0.043750
0 0.803125 0.843750 0.045833 0.031250
0 0.633333 0.645312 0.033333 0.048958
0 0.767708 0.157812 0.033333 0.048958
0 0.686979 0.913542 0.036458 0.043750
0 0.372396 0.327604 0.051042 0.042708
0 0.528646 0.801562 0.046875 0.040625
0 0.616667 0.584896 0.050000 0.053125
0 0.203125 0.170833 0.047917 0.033333
0 0.557813 0.322917 0.021875 0.037500
0 0.870833 0.565104 0.045833 0.055208
0 0.926042 0.388021 0.041667 0.044792
0 0.322396 0.588542 0.046875 0.043750
0 0.793229 0.890104 0.028125 0.040625
0 0.787500 0.116667 0.050000 0.031250
0 0.489583 0.513542 0.039583 0.041667
0 0.509375 0.636458 0.047917 0.033333
0 0.464583 0.339583 0.041667 0.047917
0 0.153125 0.130208 0.022917 0.043750
0 0.586979 0.602083 0.044792 0.025000
0 0.079167 0.841667 0.041667 0.052083
0 0.813542 0.625521 0.050000 0.040625
0 0.380208 0.328646 0.041667 0.044792
0 0.271875 0.861979 0.035417 0.053125
0 0.629687 0.827083 0.044792 0.047917
0 0.606250 0.638542 0.035417 0.052083
0 0.618229 0.376563 0.053125 0.053125
0 0.759896 0.752604 0.032292 0.046875
0 0.552604 0.418229 0.046875 0.026042
0 0.879687 0.478646 0.044792 0.048958
0 0.509896 0.464062 0.023958 0.046875
0 0.773438 0.276562 0.038542 0.046875
0 0.919792 0.719271 0.027083 0.042708
0 0.646354 0.582812 0.030208 0.053125
0 0.420833 0.446354 0.041667 0.055208
0 0.887500 0.251563 0.050000 0.040625
0 0.222396 0.795312 0.036458 0.046875
0 0.909896 0.555208 0.026042 0.045833
0 0.889583 0.917708 0.039583 0.020833
0 0.440625 0.389583 0.045833 0.043750
0 0.185417 0.693750 0.029167 0.041667
0 0.718750 0.871875 0.047917 0.052083
0 0.374479 0.097917 0.032292 0.052083
0 0.718750 0.895833 0.041667 0.025000
0 0.745313 0.701562 0.044792 0.030208
0 0.876042 0.363021 0.050000 0.034375
0 0.198958 0.187500 0.035417 0.020833
0 0.148438 0.863542 0.048958 0.027083
0 0.376563 0.661458 0.034375 0.039583
0 0.755208 0.882292 0.047917 0.027083
0 0.344792 0.290104 0.043750 0.030208
0 0.446875 0.588542 0.041667 0.047917
0 0.079167 0.302604 0.052083 0.051042
0 0.498437 0.084375 0.046875 0.043750
0 0.966667 0.585938 0.039583 0.036458
0 0.188021 0.910417 0.038542 0.047917
0 0.466146 0.265625 0.036458 0.018750
0 0.106771 0.304167 0.048958 0.035417
0 0.541667 0.242188 0.054167 0.046875
0 0.581250 0.130729 0.041667 0.055208
0 0.457813 0.680729 0.040625 0.038542
0 0.792188 0.138021 0.044792 0.028125
0 0.435937 0.242708 0.038542 0.025000
0 0.156250 0.150521 0.043750 0.048958
0 0.875521 0.123958 0.034375 0.039583
0 0.192188 0.311458 0.036458 0.020833
0 0.871354 0.600521 0.038542 0.046875
0 0.186458 0.722396 0.050000 0.036458
0 0.513542 0.797917 0.027083 0.041667
0 0.944792 0.619271 0.020833 0.040625
0 0.898438 0.945833 0.032292 0.039583
0 0.238021 0.158333 0.046875 0.029167
0 0.679688 0.576042 0.034375 0.043750
0 0.641146 0.873437 0.053125 0.032292
0 0.606771 0.170313 0.019792 0.038542
0 0.883854 0.701562 0.023958 0.042708
0 0.944792 0.259896 0.050000 0.040625
0 0.421354 0.433854 0.046875 0.023958
0 0.661458 0.161458 0.039583 0.020833
0 0.668229 0.095833 0.042708 0.039583
0 0.117188 0.565104 0.051042 0.053125
0 0.671354 0.648958 0.046875 0.045833
0 0.302604 0.721354 0.026042 0.044792
0 0.736458 0.396875 0.039583 0.022917
0 0.648958 0.106250 0.041667 0.029167
0 0.408333 0.823958 0.047917 0.050000
0 0.284375 0.772917 0.022917 0.035417
0 0.470833 0.245833 0.039583 0.047917
0 0.597917 0.439063 0.050000 0.028125
0 0.288021 0.470833 0.046875 0.031250
0 0.548958 0.798958 0.041667 0.039583
0 0.811458 0.441146 0.037500 0.044792
0 0.135417 0.661458 0.041667 0.039583
0 0.311458 0.280729 0.043750 0.040625
0 0.188021 0.152604 0.034375 0.040625
0 0.188021 0.252083 0.032292 0.039583
0 0.576042 0.954688 0.037500 0.053125
0 0.930208 0.738542 0.045833 0.043750
0 0.441667 0.785417 0.041667 0.029167
0 0.673958 0.086458 0.037500 0.022917
0 0.860938 0.803646 0.040625 0.028125
0 0.506771 0.588021 0.053125 0.051042
0 0.311979 0.826042 0.038542 0.052083
0 0.584896 0.497917 0.051042 0.050000
0 0.117188 0.538021 0.044792 0.048958
0 0.854688 0.594792 0.034375 0.047917
0 0.594792 0.254167 0.043750 0.033333
0 0.669271 0.383333 0.032292 0.047917
0 0.903125 0.804688 0.050000 0.040625
0 0.215104 0.714583 0.028125 0.039583
0 0.344271 0.768750 0.038542 0.031250
0 0.147396 0.793750 0.042708 0.027083
0 0.126042 0.292708 0.050000 0.033333
0 0.336979 0.314063 0.030208 0.040625
0 0.812500 0.435937 0.022917 0.038542
0 0.746354 0.864583 0.030208 0.050000
0 0.314583 0.484375 0.041667 0.027083
0 0.503125 0.492708 0.025000 0.041667
0 0.862500 0.166667 0.041667 0.037500
0 0.505208 0.273438 0.037500 0.044792
0 0.640625 0.154167 0.025000 0.037500
0 0.149479 0.930208 0.042708 0.039583
0 0.945833 0.606771 0.043750 0.042708
0 0.108854 0.430208 0.023958 0.041667
0 0.302083 0.181771 0.045833 0.034375
0 0.326562 0.346354 0.032292 0.046875
0 0.167708 0.510417 0.041667 0.025000
0 0.769271 0.883854 0.044792 0.055208
0 0.627083 0.461458 0.041667 0.029167
0 0.194792 0.861979 0.033333 0.048958
0 0.697917 0.329688 0.041667 0.042708
0 0.908854 0.892188 0.053125 0.032292
0 0.163542 0.320833 0.041667 0.041667
0 0.521875 0.357292 0.043750 0.045833
0 0.507812 0.418750 0.051042 0.035417
0 0.298958 0.369792 0.041667 0.039583
0 0.634375 0.153125 0.037500 0.041667
0 0.850000 0.474479 0.054167 0.042708
0 0.435937 0.769792 0.036458 0.020833
0 0.551562 0.540625 0.019792 0.037500
0 0.470833 0.329688 0.022917 0.040625
0 0.734896 0.281250 0.038542 0.018750
0 0.772396 0.516667 0.040625 0.041667
0 0.289583 0.689063 0.033333 0.040625
0 0.660937 0.160938 0.040625 0.034375
0 0.773958 0.795833 0.041667 0.037500
0 0.071875 0.818750 0.035417 0.022917
0 0.441146 0.619271 0.044792 0.055208
0 0.704167 0.167187 0.039583 0.032292
0 0.895833 0.752083 0.035417 0.043750
0 0.629167 0.482292 0.047917 0.041667
0 0.250521 0.222917 0.042708 0.031250
0 0.772396 0.478125 0.046875 0.029167
0 0.343750 0.961458 0.027083 0.037500
0 0.185938 0.898438 0.038542 0.051042
0 0.831250 0.960417 0.039583 0.041667
0 0.377083 0.128646 0.031250 0.040625
0 0.187500 0.207292 0.035417 0.043750
0 0.541667 0.642708 0.037500 0.052083
0 0.430208 0.845313 0.043750 0.055208
0 0.956250 0.215625 0.047917 0.052083
0 0.565625 0.430208 0.037500 0.022917
0 0.354167 0.697917 0.047917 0.025000
0 0.447917 0.391667 0.033333 0.047917
0 0.893750 0.515104 0.039583 0.030208
0 0.314583 0.931250 0.037500 0.022917
0 0.400521 0.808854 0.044792 0.026042
0 0.544271 0.620313 0.028125 0.040625
0 0.927083 0.246875 0.052083 0.035417
0 0.619792 0.389062 0.039583 0.028125
0 0.123958 0.617708 0.020833 0.035417
0 0.713021 0.859896 0.046875 0.038542
0 0.627083 0.710417 0.025000 0.043750
0 0.184896 0.534375 0.042708 0.027083
0 0.861979 0.597396 0.044792 0.055208
0 0.104167 0.742188 0.050000 0.038542
0 0.513542 0.241146 0.054167 0.040625
0 0.576042 0.169792 0.027083 0.047917
0 0.763021 0.142187 0.055208 0.038542
0 0.817708 0.302604 0.022917 0.042708
0 0.130729 0.081771 0.044792 0.040625
0 0.889583 0.411979 0.027083 0.042708
0 0.908333 0.101042 0.045833 0.045833
0 0.658854 0.236458 0.021875 0.039583
0 0.792708 0.693750 0.052083 0.043750
0 0.447396 0.689063 0.046875 0.023958
0 0.230208 0.919271 0.029167 0.046875
0 0.358333 0.713021 0.043750 0.055208
0 0.807813 0.910417 0.036458 0.037500
0 0.944792 0.931771 0.050000 0.028125
0 0.290104 0.731771 0.023958 0.040625
0 0.629167 0.211979 0.033333 0.048958
0 0.111458 0.881250 0.031250 0.041667
0 0.771875 0.909375 0.027083 0.047917
0 0.875521 0.906250 0.023958 0.047917
0 0.912500 0.640104 0.025000 0.038542
0 0.235417 0.531771 0.043750 0.030208
0 0.103125 0.565625 0.047917 0.027083
0 0.813542 0.307812 0.031250 0.051042
0 0.382292 0.807292 0.031250 0.041667
0 0.477604 0.221354 0.040625 0.038542
0 0.141667 0.766667 0.041667 0.039583
0 0.314063 0.502083 0.042708 0.031250
0 0.453125 0.779167 0.041667 0.052083
0 0.138542 0.192708 0.041667 0.047917
0 0.395833 0.342708 0.025000 0.043750
0 0.521354 0.775000 0.032292 0.039583
0 0.721875 0.371354 0.035417 0.053125
0 0.632812 0.602083 0.042708 0.033333
0 0.945833 0.172396 0.039583 0.028125
0 0.417187 0.146875 0.046875 0.043750
0 0.569271 0.757812 0.040625 0.032292
0 0.219792 0.268229 0.037500 0.048958
0 0.389062 0.679167 0.053125 0.043750
0 0.965104 0.600000 0.036458 0.020833
0 0.122396 0.747396 0.040625 0.036458
0 0.881250 0.105729 0.052083 0.032292
0 0.848958 0.574479 0.039583 0.026042
0 0.548958 0.484896 0.027083 0.048958
0 0.245312 0.922917 0.038542 0.035417
0 0.213542 0.766667 0.035417 0.035417
0 0.582812 0.233854 0.046875 0.026042
0 0.269271 0.789583 0.038542 0.025000
0 0.228125 0.915104 0.035417 0.040625
0 0.775521 0.788542 0.028125 0.039583
0 0.796354 0.622917 0.042708 0.025000
0 0.178125 0.326042 0.035417 0.043750
0 0.926042 0.191667 0.050000 0.031250
0 0.838021 0.661979 0.048958 0.044792
0 0.454167 0.181771 0.041667 0.055208
0 0.250521 0.684375 0.038542 0.027083
0 0.240625 0.735938 0.050000 0.026042
0 0.338542 0.621354 0.033333 0.044792
0 0.570312 0.755208 0.051042 0.033333
0 0.529167 0.276562 0.047917 0.053125
0 0.259896 0.704688 0.023958 0.046875
0 0.469271 0.231771 0.055208 0.044792
0 0.179167 0.327604 0.054167 0.051042
0 0.335938 0.420312 0.046875 0.038542
0 0.233854 0.225521 0.040625 0.036458
0 0.704688 0.901042 0.048958 0.037500
0 0.503646 0.965625 0.028125 0.039583
0 0.836458 0.306250 0.047917 0.041667
0 0.237500 0.507812 0.050000 0.044792
0 0.506250 0.440104 0.035417 0.044792
0 0.234896 0.209896 0.026042 0.040625
0 0.671354 0.832292 0.040625 0.020833
0 0.145313 0.908333 0.038542 0.035417
0 0.898958 0.600521 0.054167 0.038542
0 0.253125 0.439063 0.043750 0.048958
0 0.798438 0.836458 0.038542 0.035417
0 0.482812 0.309375 0.028125 0.050000
0 0.153646 0.825000 0.044792 0.033333
0 0.797396 0.315104 0.044792 0.051042
0 0.907292 0.848958 0.041667 0.027083
0 0.219271 0.869271 0.051042 0.053125
0 0.718229 0.902604 0.036458 0.046875
0 0.899479 0.287500 0.048958 0.052083
0 0.957812 0.600000 0.046875 0.052083
0 0.129167 0.396875 0.047917 0.027083
0 0.647396 0.709896 0.051042 0.038542
0 0.490104 0.116667 0.040625 0.020833
0 0.630208 0.493229 0.047917 0.046875
0 0.872917 0.159896 0.035417 0.040625
0 0.531771 0.914583 0.026042 0.045833
0 0.206771 0.687500 0.051042 0.050000
0 0.109375 0.589583 0.025000 0.041667
0 0.573438 0.293229 0.044792 0.028125
0 0.795312 0.427604 0.051042 0.034375
0 0.681771 0.355729 0.053125 0.053125
0 0.074479 0.570312 0.040625 0.036458
0 0.965104 0.898438 0.046875 0.048958
0 0.466146 0.610417 0.046875 0.043750
0 0.291146 0.746875 0.038542 0.027083
0 0.100000 0.092188 0.045833 0.040625
0 0.197917 0.384375 0.047917 0.035417
0 0.924479 0.931250 0.040625 0.041667
0 0.937500 0.649479 0.039583 0.038542
0 0.957292 0.903646 0.045833 0.055208
0 0.337500 0.183854 0.025000 0.046875
0 0.803125 0.080208 0.041667 0.037500
0 0.313021 0.712500 0.038542 0.029167
0 0.565104 0.484896 0.032292 0.040625
0 0.260417 0.229167 0.052083 0.035417
0 0.382292 0.558854 0.045833 0.036458
0 0.407813 0.481771 0.040625 0.051042
0 0.399479 0.285417 0.046875 0.033333
0 0.182812 0.765104 0.051042 0.030208
0 0.277604 0.803125 0.042708 0.039583