0 0.511979 0.432812 0.055208 0.040625
0 0.416667 0.366667 0.052083 0.047917
0 0.236458 0.857292 0.050000 0.031250
0 0.560417 0.525521 0.041667 0.055208
0 0.193750 0.961458 0.037500 0.031250
0 0.545312 0.430729 0.053125 0.053125
0 0.120313 0.284896 0.044792 0.021875
0 0.202604 0.738542 0.026042 0.039583
0 0.466146 0.493229 0.048958 0.055208
0 0.820312 0.438021 0.034375 0.040625
0 0.250521 0.191667 0.046875 0.043750
0 0.654687 0.582812 0.030208 0.040625
0 0.126562 0.500000 0.038542 0.043750
0 0.567187 0.892708 0.036458 0.043750
0 0.957292 0.101562 0.029167 0.046875
0 0.869271 0.857292 0.042708 0.041667
0 0.328646 0.629687 0.048958 0.046875
0 0.423958 0.581771 0.045833 0.038542
0 0.200521 0.922396 0.026042 0.044792
0 0.963542 0.606771 0.054167 0.036458
0 0.577604 0.607812 0.026042 0.051042
0 0.409375 0.098958 0.037500 0.025000
0 0.352083 0.924479 0.039583 0.038542
0 0.905208 0.244271 0.052083 0.053125
0 0.626042 0.871354 0.027083 0.048958
0 0.269271 0.262500 0.053125 0.041667
0 0.935937 0.518229 0.051042 0.053125
0 0.430729 0.556250 0.034375 0.047917
0 0.740104 0.477604 0.017708 0.036458
0 0.655729 0.259375 0.038542 0.025000
0 0.853646 0.477604 0.026042 0.040625
0 0.390625 0.806771 0.043750 0.040625
0 0.700521 0.502604 0.021875 0.038542
0 0.614583 0.739062 0.037500 0.044792
0 0.930208 0.890104 0.033333 0.044792
0 0.208333 0.792188 0.045833 0.038542
0 0.631771 0.659375 0.053125 0.041667
0 0.815104 0.909375 0.042708 0.027083
0 0.520833 0.506771 0.047917 0.046875
0 0.707812 0.448437 0.021875 0.042708
0 0.890625 0.630208 0.050000 0.050000
0 0.713021 0.880208 0.034375 0.052083
0 0.552083 0.477604 0.025000 0.048958
0 0.201563 0.285938 0.051042 0.034375
0 0.492188 0.525000 0.053125 0.047917
0 0.421875 0.470313 0.037500 0.044792
0 0.568229 0.558333 0.030208 0.050000
0 0.165625 0.220833 0.037500 0.018750
0 0.680729 0.563021 0.028125 0.044792
0 0.930208 0.758333 0.039583 0.041667
0 0.849479 0.649479 0.046875 0.026042
0 0.919271 0.229687 0.055208 0.048958
0 0.411979 0.582292 0.042708 0.054167
0 0.204167 0.916667 0.037500 0.027083
0 0.332813 0.696875 0.051042 0.031250
0 0.842708 0.681771 0.033333 0.048958
0 0.798438 0.760938 0.032292 0.044792
0 0.670312 0.251563 0.040625 0.044792
0 0.822917 0.130208 0.045833 0.052083
0 0.179688 0.294792 0.036458 0.047917
0 0.426042 0.231771 0.039583 0.055208
0 0.258333 0.073958 0.052083 0.041667
0 0.666146 0.514062 0.044792 0.051042
0 0.758333 0.463542 0.035417 0.020833
0 0.593750 0.488542 0.041667 0.047917
0 0.445833 0.871875 0.027083 0.037500
0 0.372396 0.772396 0.051042 0.042708
0 0.240104 0.744271 0.038542 0.051042
0 0.069271 0.292187 0.032292 0.048958
0 0.196875 0.115625 0.052083 0.045833
0 0.668229 0.510938 0.046875 0.034375
0 0.151042 0.443229 0.022917 0.044792
0 0.848958 0.747917 0.029167 0.041667
0 0.772396 0.278646 0.023958 0.042708
0 0.136458 0.516146 0.054167 0.051042
0 0.447396 0.291667 0.028125 0.050000
0 0.390625 0.544792 0.031250 0.050000
0 0.750000 0.902604 0.043750 0.021875
0 0.177604 0.114583 0.044792 0.022917
0 0.884896 0.472396 0.044792 0.042708
0 0.874479 0.213021 0.040625 0.038542
0 0.354687 0.598437 0.032292 0.048958
0 0.252083 0.604167 0.039583 0.041667
0 0.891146 0.273438 0.048958 0.028125
0 0.603646 0.136458 0.038542 0.022917
0 0.123438 0.480208 0.036458 0.043750
0 0.641667 0.922917 0.043750 0.035417
0 0.913021 0.294792 0.042708 0.029167
0 0.264583 0.261979 0.022917 0.038542
0 0.323958 0.188021 0.043750 0.040625
0 0.188542 0.599479 0.033333 0.053125
0 0.783854 0.106771 0.034375 0.051042
0 0.280729 0.451042 0.046875 0.052083
0 0.370312 0.503125 0.038542 0.029167
0 0.671875 0.912500 0.037500 0.043750
0 0.269792 0.343750 0.045833 0.029167
0 0.122396 0.827604 0.046875 0.036458
0 0.181771 0.355208 0.034375 0.043750
0 0.281250 0.953125 0.045833 0.043750
0 0.630729 0.697396 0.044792 0.040625
0 0.431250 0.435937 0.047917 0.046875
0 0.650521 0.097917 0.048958 0.037500
0 0.535937 0.302604 0.044792 0.055208
0 0.786458 0.797396 0.039583 0.038542
0 0.504167 0.811979 0.037500 0.040625
0 0.927083 0.667708 0.043750 0.052083
0 0.230208 0.902604 0.050000 0.034375
0 0.099479 0.717187 0.028125 0.046875
0 0.531250 0.492708 0.037500 0.035417
0 0.826562 0.823438 0.038542 0.021875
0 0.963021 0.680208 0.048958 0.033333
0 0.685937 0.795312 0.051042 0.030208
0 0.957812 0.328646 0.040625 0.030208
0 0.580729 0.690104 0.051042 0.028125
0 0.974479 0.693229 0.053125 0.053125
0 0.077083 0.923438 0.027083 0.046875
0 0.486458 0.409375 0.047917 0.052083
0 0.721354 0.367188 0.040625 0.055208
0 0.742708 0.294792 0.050000 0.047917
0 0.138542 0.888542 0.027083 0.047917
0 0.182812 0.901563 0.044792 0.026042
0 0.377604 0.162500 0.044792 0.045833
0 0.606250 0.577604 0.043750 0.042708
0 0.846875 0.884375 0.037500 0.041667
0 0.130729 0.895312 0.051042 0.028125
0 0.628646 0.941146 0.046875 0.038542
0 0.718229 0.640104 0.055208 0.044792
0 0.782813 0.466667 0.026042 0.037500
0 0.255729 0.578646 0.040625 0.036458
0 0.471875 0.331250 0.033333 0.043750
0 0.213542 0.473958 0.025000 0.041667
0 0.087500 0.561458 0.020833 0.039583
0 0.386979 0.423958 0.030208 0.047917
0 0.781771 0.811979 0.040625 0.038542
0 0.885417 0.708854 0.039583 0.023958
0 0.157812 0.139583 0.051042 0.050000
0 0.768750 0.085938 0.037500 0.038542
0 0.094271 0.954688 0.055208 0.038542
0 0.757292 0.677083 0.039583 0.047917
0 0.825000 0.318229 0.052083 0.051042
0 0.335417 0.801042 0.041667 0.031250
0 0.457813 0.469792 0.046875 0.027083
0 0.833333 0.234896 0.047917 0.053125
0 0.580729 0.426563 0.042708 0.044792
0 0.174479 0.515104 0.051042 0.028125
0 0.875521 0.770312 0.030208 0.048958
0 0.800521 0.115104 0.040625 0.038542
0 0.479687 0.702604 0.032292 0.053125
0 0.413021 0.352604 0.044792 0.042708
0 0.147396 0.112500 0.038542 0.031250
0 0.481771 0.305729 0.032292 0.040625
0 0.299479 0.794792 0.044792 0.054167
0 0.858854 0.669271 0.046875 0.055208
0 0.608854 0.222917 0.023958 0.043750
0 0.502604 0.121875 0.021875 0.037500
0 0.589063 0.619271 0.044792 0.051042
0 0.729688 0.383854 0.038542 0.055208
0 0.873437 0.539062 0.046875 0.048958
0 0.379688 0.210938 0.046875 0.023958
0 0.426042 0.260417 0.027083 0.037500
0 0.422917 0.862500 0.037500 0.018750
0 0.256771 0.407813 0.051042 0.038542
0 0.957292 0.571354 0.039583 0.028125
0 0.273958 0.404687 0.043750 0.042708
0 0.451562 0.754167 0.048958 0.027083
0 0.226562 0.795833 0.053125 0.037500
0 0.520833 0.261979 0.043750 0.030208
0 0.179688 0.711979 0.055208 0.042708
0 0.078646 0.858854 0.038542 0.040625
0 0.831771 0.782292 0.053125 0.039583
0 0.204167 0.747917 0.043750 0.035417
0 0.296875 0.139063 0.050000 0.042708
0 0.687500 0.078125 0.018750 0.035417
0 0.725000 0.692187 0.033333 0.053125
0 0.705729 0.113021 0.030208 0.048958
0 0.824479 0.764062 0.040625 0.036458
0 0.498958 0.320312 0.050000 0.053125
0 0.093750 0.487500 0.045833 0.045833
0 0.475000 0.229167 0.052083 0.035417
0 0.868229 0.796354 0.040625 0.026042
0 0.846875 0.445833 0.050000 0.050000
0 0.181771 0.143750 0.040625 0.041667
0 0.376563 0.466667 0.042708 0.029167
0 0.928646 0.427604 0.023958 0.040625
0 0.148438 0.386458 0.026042 0.039583
0 0.076563 0.182812 0.044792 0.040625
0 0.215104 0.926562 0.053125 0.053125
0 0.714063 0.284375 0.038542 0.043750
0 0.159375 0.787500 0.052083 0.043750
0 0.779167 0.410417 0.043750 0.033333
0 0.587500 0.859896 0.039583 0.048958
0 0.409896 0.812500 0.042708 0.037500
0 0.423958 0.459375 0.045833 0.043750
0 0.295833 0.308854 0.018750 0.036458
0 0.591146 0.374479 0.048958 0.055208
0 0.870833 0.724479 0.041667 0.048958
0 0.875521 0.660417 0.048958 0.041667
0 0.333333 0.854688 0.039583 0.038542
0 0.221354 0.478125 0.042708 0.039583
0 0.471875 0.411979 0.022917 0.044792
0 0.190625 0.385937 0.041667 0.023958
0 0.531771 0.630208 0.040625 0.041667
0 0.363542 0.588542 0.037500 0.047917
0 0.528125 0.557813 0.039583 0.030208
0 0.971354 0.833333 0.046875 0.052083
0 0.198958 0.813542 0.041667 0.027083
0 0.845313 0.226562 0.034375 0.040625
0 0.122396 0.419792 0.048958 0.052083
0 0.594271 0.893229 0.023958 0.046875
0 0.952604 0.593229 0.044792 0.032292
0 0.419792 0.089583 0.037500 0.035417
0 0.925521 0.153125 0.040625 0.022917
0 0.950521 0.577083 0.019792 0.039583
0 0.410938 0.680729 0.044792 0.030208
0 0.795312 0.609375 0.032292 0.043750
0 0.185938 0.842187 0.036458 0.040625
0 0.335417 0.852083 0.045833 0.029167
0 0.425521 0.764062 0.032292 0.044792
0 0.072396 0.232813 0.040625 0.023958
0 0.870833 0.381250 0.037500 0.041667
0 0.322396 0.311458 0.053125 0.045833
0 0.314063 0.774479 0.053125 0.030208
0 0.568750 0.956250 0.043750 0.035417
0 0.923438 0.122396 0.034375 0.040625
0 0.513542 0.706771 0.050000 0.038542
0 0.347917 0.438542 0.037500 0.029167
0 0.308854 0.431771 0.038542 0.055208
0 0.514583 0.372396 0.033333 0.048958
0 0.516146 0.870833 0.053125 0.041667
0 0.752083 0.882292 0.052083 0.043750
0 0.794792 0.763021 0.022917 0.044792
0 0.876042 0.955208 0.039583 0.020833
0 0.635938 0.331250 0.051042 0.050000
0 0.906250 0.132292 0.043750 0.035417
0 0.084375 0.231250 0.037500 0.035417
0 0.312500 0.247396 0.050000 0.034375
0 0.742708 0.952083 0.037500 0.035417
0 0.695833 0.720833 0.035417 0.020833
0 0.265625 0.120833 0.020833 0.039583
0 0.078125 0.581250 0.043750 0.022917
0 0.510938 0.293229 0.046875 0.038542
0 0.576562 0.210938 0.036458 0.046875
0 0.422396 0.540104 0.044792 0.044792
0 0.803646 0.626042 0.046875 0.031250
0 0.802083 0.590104 0.016667 0.034375
0 0.217708 0.633854 0.043750 0.055208
0 0.416146 0.579688 0.044792 0.051042
0 0.261458 0.472396 0.025000 0.038542
0 0.656250 0.096875 0.037500 0.033333
0 0.758333 0.121354 0.045833 0.036458
0 0.081250 0.341146 0.027083 0.040625
0 0.648438 0.745833 0.053125 0.043750
0 0.404167 0.610938 0.039583 0.034375
0 0.838021 0.678125 0.040625 0.041667
0 0.765625 0.475521 0.047917 0.055208
0 0.907813 0.194271 0.023958 0.038542
0 0.522917 0.809896 0.029167 0.051042
0 0.689583 0.602604 0.045833 0.048958
0 0.536458 0.561458 0.035417 0.052083
0 0.410417 0.182812 0.033333 0.044792
0 0.605208 0.207813 0.045833 0.023958
0 0.121354 0.810937 0.044792 0.032292
0 0.132812 0.130729 0.036458 0.046875
0 0.216667 0.817187 0.043750 0.055208
0 0.579688 0.911979 0.053125 0.051042
0 0.341146 0.360938 0.026042 0.040625
0 0.730208 0.070833 0.052083 0.033333
0 0.079167 0.239583 0.047917 0.041667
0 0.459896 0.179167 0.040625 0.041667
0 0.165625 0.751042 0.029167 0.037500
0 0.111979 0.667708 0.042708 0.031250
0 0.599479 0.121354 0.055208 0.044792
0 0.297917 0.797396 0.050000 0.040625
0 0.453125 0.535937 0.054167 0.038542
0 0.521875 0.530208 0.041667 0.037500
0 0.338021 0.492708 0.036458 0.047917
0 0.815104 0.347396 0.044792 0.030208
0 0.842187 0.308854 0.044792 0.051042
0 0.417187 0.931771 0.048958 0.032292
0 0.682292 0.200000 0.052083 0.043750
0 0.671354 0.410938 0.042708 0.044792
0 0.632812 0.406771 0.051042 0.030208
0 0.949479 0.740625 0.023958 0.043750
0 0.325000 0.508333 0.031250 0.050000
0 0.176042 0.433854 0.037500 0.019792
0 0.772917 0.744792 0.043750 0.033333
0 0.490625 0.144271 0.037500 0.044792
0 0.878646 0.147396 0.040625 0.036458
0 0.342708 0.790625 0.018750 0.035417
0 0.180208 0.539062 0.029167 0.051042
0 0.152083 0.152083 0.047917 0.027083
0 0.718229 0.212500 0.051042 0.033333
0 0.091667 0.766667 0.033333 0.047917
0 0.734375 0.895312 0.043750 0.030208
0 0.823438 0.507812 0.040625 0.051042
0 0.807813 0.901563 0.044792 0.048958
0 0.585938 0.102604 0.040625 0.023958
0 0.762500 0.553125 0.041667 0.031250
0 0.618750 0.688542 0.033333 0.043750
0 0.523438 0.183333 0.046875 0.029167
0 0.591667 0.349479 0.047917 0.046875
0 0.070833 0.750521 0.029167 0.040625
0 0.450000 0.449479 0.031250 0.040625
0 0.091667 0.661458 0.041667 0.052083
0 0.355729 0.452083 0.048958 0.027083
0 0.423958 0.089063 0.039583 0.036458
0 0.224479 0.892188 0.046875 0.055208
0 0.875521 0.507812 0.044792 0.040625
0 0.435937 0.878125 0.048958 0.037500
0 0.939583 0.782813 0.045833 0.048958
0 0.375000 0.762500 0.037500 0.052083
0 0.582292 0.522917 0.047917 0.037500
0 0.685937 0.151042 0.034375 0.043750
0 0.754687 0.686458 0.038542 0.025000
0 0.409896 0.163021 0.034375 0.046875
0 0.506250 0.677083 0.035417 0.037500
0 0.751042 0.165104 0.022917 0.042708
0 0.201563 0.811458 0.040625 0.047917
0 0.307812 0.600000 0.046875 0.031250
0 0.273438 0.084375 0.038542 0.052083
0 0.444271 0.436979 0.026042 0.046875
0 0.204687 0.652083 0.034375 0.052083
0 0.723437 0.259375 0.046875 0.043750
0 0.244271 0.632292 0.038542 0.027083
0 0.454688 0.755729 0.040625 0.038542
0 0.140104 0.571875 0.038542 0.031250
0 0.487500 0.664062 0.039583 0.023958
0 0.626042 0.392188 0.050000 0.026042
0 0.829167 0.359896 0.037500 0.040625
0 0.846875 0.408333 0.037500 0.022917
0 0.227604 0.613021 0.044792 0.026042
0 0.682292 0.651042 0.043750 0.037500
0 0.856250 0.786979 0.039583 0.036458
0 0.472917 0.243229 0.022917 0.040625
0 0.705208 0.293229 0.022917 0.040625
0 0.351042 0.825000 0.047917 0.035417
0 0.356250 0.383854 0.050000 0.034375
0 0.337500 0.938542 0.039583 0.041667
0 0.395313 0.091667 0.044792 0.025000
0 0.417187 0.115625 0.053125 0.041667
0 0.802083 0.723437 0.037500 0.048958
0 0.634896 0.383854 0.051042 0.042708
0 0.265625 0.242188 0.025000 0.042708
0 0.153125 0.364063 0.050000 0.040625
0 0.541146 0.594271 0.044792 0.032292
0 0.715104 0.506771 0.055208 0.046875
0 0.345833 0.551562 0.039583 0.034375
0 0.885417 0.622396 0.045833 0.048958
0 0.430729 0.484375 0.044792 0.022917
0 0.750521 0.346875 0.028125 0.041667
0 0.143750 0.963021 0.041667 0.042708
0 0.699479 0.351042 0.053125 0.035417
0 0.450000 0.501563 0.035417 0.044792
0 0.535417 0.333854 0.050000 0.053125
0 0.404687 0.919792 0.048958 0.035417
0 0.323958 0.788021 0.045833 0.048958
0 0.595313 0.184896 0.034375 0.051042
0 0.332292 0.541146 0.029167 0.048958
0 0.115104 0.099479 0.055208 0.042708
0 0.133854 0.538021 0.044792 0.042708
0 0.065104 0.782813 0.021875 0.038542
0 0.557813 0.805729 0.051042 0.028125
0 0.336458 0.936458 0.039583 0.020833
0 0.290104 0.758854 0.030208 0.044792
0 0.378125 0.844792 0.041667 0.041667
0 0.366146 0.300521 0.021875 0.042708
0 0.962500 0.313021 0.041667 0.044792
0 0.138021 0.335938 0.055208 0.044792
0 0.852083 0.473438 0.047917 0.030208
0 0.834896 0.076042 0.042708 0.027083
0 0.424479 0.531771 0.044792 0.032292
0 0.565625 0.525521 0.047917 0.023958
0 0.203646 0.663542 0.044792 0.037500
0 0.558333 0.631250 0.035417 0.037500
0 0.508333 0.470313 0.045833 0.036458
0 0.675521 0.358854 0.044792 0.030208
0 0.354687 0.381771 0.026042 0.040625
0 0.118750 0.646875 0.039583 0.047917
0 0.614062 0.368229 0.030208 0.040625
0 0.858854 0.856250 0.040625 0.041667
0 0.917708 0.147396 0.033333 0.040625
0 0.621354 0.888542 0.038542 0.033333
0 0.550521 0.651563 0.038542 0.051042
0 0.876042 0.534375 0.043750 0.035417
0 0.151042 0.079167 0.039583 0.041667
0 0.157812 0.265625 0.051042 0.029167
0 0.931250 0.866146 0.039583 0.038542
0 0.548438 0.427083 0.042708 0.027083
0 0.658333 0.345833 0.050000 0.050000
0 0.760417 0.086979 0.050000 0.044792
0 0.429688 0.569792 0.036458 0.043750
0 0.728125 0.791146 0.035417 0.040625
0 0.513021 0.780729 0.040625 0.030208
0 0.338021 0.391146 0.023958 0.040625
0 0.818750 0.451562 0.045833 0.048958
0 0.909896 0.172396 0.044792 0.040625
0 0.517188 0.464583 0.026042 0.039583
0 0.486458 0.693229 0.050000 0.053125
0 0.318229 0.851562 0.044792 0.044792
0 0.181250 0.923958 0.043750 0.033333
0 0.305208 0.768229 0.027083 0.042708
0 0.747396 0.807292 0.038542 0.043750
0 0.197396 0.965104 0.032292 0.040625
0 0.782292 0.770312 0.052083 0.032292
0 0.147917 0.593229 0.054167 0.040625
0 0.841667 0.476562 0.052083 0.034375
0 0.951562 0.470313 0.026042 0.040625
0 0.830208 0.621875 0.018750 0.035417
0 0.337500 0.939583 0.029167 0.041667
0 0.236979 0.399479 0.038542 0.046875
0 0.203125 0.145833 0.041667 0.027083
0 0.102083 0.726042 0.043750 0.052083
0 0.454688 0.622917 0.019792 0.037500
0 0.929688 0.476042 0.034375 0.047917
0 0.146875 0.907292 0.035417 0.043750
0 0.914583 0.341146 0.045833 0.036458
0 0.194792 0.934375 0.037500 0.031250
0 0.461458 0.307292 0.037500 0.025000
0 0.196354 0.129167 0.038542 0.052083
0 0.925521 0.955208 0.051042 0.047917
0 0.972917 0.474479 0.052083 0.030208
0 0.652083 0.161979 0.035417 0.040625
0 0.587500 0.293750 0.020833 0.035417
0 0.700521 0.894792 0.048958 0.027083
0 0.324479 0.886458 0.042708 0.027083
0 0.836458 0.635417 0.033333 0.043750
0 0.657292 0.606250 0.045833 0.031250
0 0.407813 0.282292 0.038542 0.033333
0 0.445833 0.739062 0.052083 0.030208
0 0.722396 0.550521 0.034375 0.046875
0 0.835938 0.786458 0.053125 0.047917
0 0.744792 0.690104 0.047917 0.030208
0 0.781250 0.825521 0.033333 0.048958
0 0.283333 0.597396 0.050000 0.044792
0 0.376563 0.288021 0.046875 0.038542
0 0.551042 0.392708 0.050000 0.033333
0 0.465625 0.291146 0.029167 0.046875
0 0.080729 0.576042 0.040625 0.052083
0 0.538021 0.211979 0.038542 0.046875
0 0.511979 0.695833 0.036458 0.043750
0 0.653125 0.831771 0.047917 0.046875
0 0.163021 0.593750 0.023958 0.047917
0 0.468750 0.419792 0.025000 0.041667
0 0.947917 0.696875 0.041667 0.041667
0 0.202604 0.457813 0.028125 0.040625
0 0.338542 0.793750 0.035417 0.047917
0 0.756250 0.711458 0.043750 0.031250
0 0.176563 0.767708 0.053125 0.045833
0 0.287500 0.562500 0.041667 0.039583
0 0.394271 0.616667 0.053125 0.041667
0 0.599479 0.655729 0.026042 0.040625
0 0.710938 0.091146 0.040625 0.055208
0 0.888542 0.582292 0.031250 0.045833
0 0.215104 0.797917 0.021875 0.039583
0 0.218750 0.406250 0.035417 0.043750
0 0.710417 0.158333 0.031250 0.050000
0 0.904167 0.100000 0.037500 0.047917
0 0.385417 0.157812 0.054167 0.046875
0 0.289062 0.684375 0.040625 0.041667
0 0.776563 0.651563 0.028125 0.046875
0 0.259896 0.903125 0.034375 0.039583
0 0.571875 0.157812 0.039583 0.044792
0 0.650000 0.445312 0.054167 0.046875
0 0.934375 0.547396 0.047917 0.032292
0 0.208854 0.614583 0.042708 0.037500
0 0.102604 0.452083 0.040625 0.052083
0 0.446875 0.804688 0.037500 0.044792
0 0.830208 0.817708 0.039583 0.047917
0 0.955729 0.765104 0.044792 0.055208
0 0.182292 0.336979 0.041667 0.032292
0 0.532292 0.569792 0.045833 0.027083
0 0.303646 0.437500 0.053125 0.045833
0 0.783854 0.128646 0.044792 0.032292
0 0.504167 0.811458 0.035417 0.047917
0 0.327083 0.932813 0.039583 0.030208
0 0.285938 0.712500 0.048958 0.037500
0 0.300000 0.081771 0.039583 0.023958
0 0.695312 0.133333 0.040625 0.041667
0 0.156250 0.709375 0.041667 0.047917
0 0.792708 0.784896 0.041667 0.044792
0 0.900000 0.557292 0.047917 0.052083
0 0.952604 0.506771 0.044792 0.051042
0 0.604688 0.215104 0.036458 0.046875
0 0.644792 0.269271 0.041667 0.048958
0 0.706250 0.733333 0.039583 0.041667
0 0.591146 0.095833 0.042708 0.037500
0 0.159896 0.709896 0.051042 0.042708
0 0.710938 0.211979 0.042708 0.044792
0 0.870833 0.307812 0.050000 0.044792
0 0.931771 0.079167 0.038542 0.043750
0 0.450000 0.388542 0.045833 0.043750
0 0.598958 0.641667 0.033333 0.037500
0 0.305208 0.913021 0.043750 0.026042
0 0.291667 0.388021 0.050000 0.026042
0 0.173437 0.787500 0.023958 0.047917
0 0.313021 0.243750 0.044792 0.054167
0 0.263021 0.917708 0.051042 0.033333
0 0.533333 0.421354 0.041667 0.055208
0 0.227604 0.690104 0.051042 0.044792
0 0.644792 0.605729 0.039583 0.023958
0 0.191667 0.376563 0.037500 0.048958
0 0.742708 0.153125 0.043750 0.045833
0 0.266667 0.714583 0.037500 0.033333
0 0.145313 0.896875 0.040625 0.041667
0 0.589063 0.952083 0.038542 0.029167
0 0.769792 0.326562 0.039583 0.038542
0 0.762500 0.702083 0.052083 0.043750
0 0.353646 0.875521 0.026042 0.040625
0 0.485938 0.904167 0.042708 0.039583
0 0.453125 0.365104 0.039583 0.030208
0 0.161979 0.700521 0.021875 0.042708
0 0.765104 0.216667 0.046875 0.043750
0 0.497917 0.522917 0.039583 0.041667
0 0.471875 0.783854 0.050000 0.042708
0 0.122917 0.604167 0.022917 0.043750
0 0.695312 0.441667 0.051042 0.047917
0 0.188021 0.090104 0.055208 0.044792
0 0.728646 0.409375 0.026042 0.047917
0 0.131771 0.254688 0.040625 0.051042
0 0.651042 0.566667 0.035417 0.018750
0 0.347396 0.246354 0.055208 0.044792
0 0.302083 0.346875 0.020833 0.039583
0 0.504167 0.914062 0.047917 0.053125
0 0.670312 0.526563 0.044792 0.042708
0 0.550521 0.110417 0.040625 0.041667
0 0.797917 0.636458 0.052083 0.039583
0 0.833854 0.775521 0.036458 0.046875
0 0.343229 0.278125 0.019792 0.035417
0 0.813021 0.804688 0.019792 0.038542
0 0.636458 0.292187 0.031250 0.053125
0 0.720313 0.620313 0.023958 0.042708
0 0.534896 0.258854 0.048958 0.028125
0 0.870313 0.529167 0.046875 0.052083
0 0.290625 0.159896 0.039583 0.053125
0 0.796875 0.101042 0.050000 0.029167
0 0.618229 0.168229 0.044792 0.051042
0 0.602083 0.504167 0.052083 0.047917
0 0.813542 0.878125 0.047917 0.041667
0 0.770833 0.917708 0.050000 0.050000
0 0.500521 0.748437 0.046875 0.038542
0 0.363021 0.101042 0.042708 0.039583
0 0.844792 0.819271 0.047917 0.046875
0 0.669271 0.739062 0.055208 0.036458
0 0.230729 0.622917 0.053125 0.047917
0 0.820833 0.274479 0.022917 0.040625
0 0.450521 0.325521 0.048958 0.048958
0 0.578125 0.792708 0.027083 0.037500
0 0.421354 0.784896 0.034375 0.040625
0 0.906771 0.507292 0.044792 0.035417
0 0.795833 0.447396 0.043750 0.040625
0 0.489583 0.719271 0.050000 0.042708
0 0.912500 0.741667 0.041667 0.029167
0 0.831250 0.353125 0.050000 0.050000
0 0.291146 0.562500 0.053125 0.043750
0 0.842708 0.370833 0.020833 0.039583
0 0.677604 0.350000 0.048958 0.037500
0 0.267708 0.158333 0.037500 0.022917
0 0.286979 0.622917 0.038542 0.031250
0 0.319792 0.731250 0.045833 0.052083
0 0.550000 0.100521 0.045833 0.034375
0 0.196875 0.516667 0.041667 0.047917
0 0.805208 0.224479 0.050000 0.034375
0 0.685937 0.454167 0.046875 0.045833
0 0.555208 0.291146 0.043750 0.042708
0 0.071354 0.759896 0.038542 0.046875
0 0.542708 0.458333 0.029167 0.041667
0 0.591667 0.088542 0.052083 0.043750
0 0.193229 0.726562 0.053125 0.030208
0 0.717187 0.730729 0.042708 0.023958
0 0.179167 0.180729 0.054167 0.042708
0 0.747917 0.526563 0.037500 0.021875
0 0.383333 0.265104 0.039583 0.036458
0 0.464583 0.789583 0.039583 0.041667
0 0.715625 0.864062 0.037500 0.038542
0 0.285938 0.156771 0.044792 0.026042
0 0.935937 0.081771 0.046875 0.048958
0 0.503125 0.160417 0.047917 0.035417
0 0.784896 0.820833 0.030208 0.050000
0 0.688021 0.502604 0.044792 0.032292
0 0.276562 0.723437 0.055208 0.042708
0 0.194271 0.904167 0.042708 0.031250
0 0.163021 0.600521 0.023958 0.042708
0 0.727083 0.873437 0.043750 0.055208
0 0.411979 0.517708 0.040625 0.054167
0 0.121354 0.456771 0.040625 0.055208
0 0.316667 0.925521 0.045833 0.038542
0 0.300521 0.325521 0.040625 0.028125
0 0.556771 0.623958 0.046875 0.031250
0 0.686979 0.523958 0.042708 0.025000
0 0.661979 0.158333 0.051042 0.047917
0 0.314583 0.714063 0.050000 0.036458
0 0.724479 0.450521 0.032292 0.044792
0 0.520833 0.086458 0.047917 0.052083
0 0.873437 0.918229 0.051042 0.053125
0 0.857812 0.721354 0.048958 0.046875
0 0.442708 0.432292 0.027083 0.043750
0 0.544792 0.269271 0.037500 0.023958
0 0.497917 0.439583 0.043750 0.045833
0 0.726042 0.942708 0.025000 0.037500
0 0.335417 0.573438 0.027083 0.051042
0 0.643229 0.351562 0.048958 0.030208
0 0.425000 0.711458 0.052083 0.037500
0 0.496354 0.578646 0.026042 0.046875
0 0.300000 0.740625 0.041667 0.039583
0 0.093750 0.806771 0.027083 0.048958
0 0.331771 0.587500 0.044792 0.033333
0 0.459375 0.271875 0.033333 0.047917
0 0.826042 0.366146 0.035417 0.040625
0 0.431250 0.346875 0.041667 0.039583
0 0.630729 0.964063 0.034375 0.046875
0 0.682292 0.927604 0.045833 0.040625
0 0.790104 0.934375 0.026042 0.037500
0 0.798438 0.501042 0.034375 0.047917
0 0.553646 0.527604 0.023958 0.040625
0 0.368750 0.936979 0.054167 0.042708
0 0.491667 0.448958 0.037500 0.035417
0 0.234375 0.254167 0.022917 0.037500
0 0.438542 0.850000 0.033333 0.047917
0 0.725000 0.283333 0.037500 0.047917
0 0.847917 0.784375 0.037500 0.029167
0 0.492188 0.514062 0.040625 0.036458
0 0.186458 0.829688 0.050000 0.042708
0 0.728646 0.693229 0.034375 0.040625
0 0.626563 0.779687 0.028125 0.044792
0 0.830729 0.143750 0.053125 0.037500
0 0.658854 0.774479 0.046875 0.032292
0 0.075521 0.903646 0.042708 0.023958
0 0.870313 0.526563 0.046875 0.034375
0 0.902604 0.894271 0.044792 0.051042
0 0.579688 0.645833 0.053125 0.045833
0 0.743229 0.367708 0.036458 0.022917
0 0.376042 0.543229 0.039583 0.053125
0 0.462500 0.904687 0.033333 0.044792
0 0.227083 0.310417 0.033333 0.047917
0 0.343229 0.813542 0.036458 0.037500
0 0.808333 0.827083 0.043750 0.025000
0 0.250000 0.775000 0.035417 0.043750
0 0.314063 0.357292 0.021875 0.039583
0 0.535417 0.705208 0.037500 0.035417
0 0.473438 0.134375 0.051042 0.031250
0 0.889583 0.085938 0.039583 0.036458
0 0.608333 0.816146 0.039583 0.028125
0 0.326562 0.119792 0.051042 0.033333
0 0.919271 0.696875 0.034375 0.047917
0 0.722396 0.745833 0.040625 0.022917
0 0.875000 0.954688 0.039583 0.036458
0 0.818229 0.160417 0.038542 0.029167
0 0.460417 0.306250 0.033333 0.047917
0 0.606771 0.488021 0.042708 0.023958
0 0.491667 0.932292 0.039583 0.022917
0 0.397396 0.166146 0.034375 0.046875
0 0.832812 0.115625 0.044792 0.047917
0 0.580729 0.617708 0.034375 0.052083
0 0.907813 0.393750 0.048958 0.035417
0 0.294792 0.434375 0.027083 0.047917
0 0.217188 0.602604 0.034375 0.053125
0 0.372917 0.902604 0.045833 0.040625
0 0.358333 0.098958 0.027083 0.045833
0 0.929688 0.632292 0.032292 0.043750
0 0.575000 0.414583 0.041667 0.029167
0 0.853646 0.841667 0.053125 0.045833
0 0.478646 0.121354 0.023958 0.042708
0 0.782813 0.755208 0.038542 0.027083
0 0.884375 0.729167 0.052083 0.041667
0 0.738542 0.079687 0.045833 0.036458
0 0.458854 0.535417 0.046875 0.031250
0 0.712500 0.190625 0.041667 0.029167
0 0.865625 0.507812 0.037500 0.040625
0 0.663021 0.623958 0.032292 0.052083
0 0.877604 0.459375 0.051042 0.031250
0 0.832292 0.441667 0.045833 0.029167
0 0.344271 0.306250 0.028125 0.043750
0 0.651042 0.535937 0.045833 0.048958
0 0.751042 0.348438 0.039583 0.048958
0 0.734896 0.677083 0.048958 0.033333
0 0.502604 0.549479 0.042708 0.055208
0 0.810417 0.544271 0.045833 0.055208
0 0.680729 0.556250 0.019792 0.037500
0 0.745313 0.669792 0.042708 0.047917
0 0.091667 0.914583 0.047917 0.052083
0 0.800000 0.311979 0.027083 0.051042
0 0.811458 0.938021 0.033333 0.044792
0 0.660937 0.134375 0.019792 0.039583
0 0.896354 0.322396 0.028125 0.044792
0 0.859375 0.725521 0.047917 0.032292
0 0.709375 0.389062 0.041667 0.042708
0 0.725000 0.301563 0.043750 0.040625
0 0.359375 0.463542 0.039583 0.041667
0 0.828646 0.572396 0.055208 0.048958
0 0.736979 0.661458 0.032292 0.047917
0 0.363542 0.904687 0.050000 0.036458
0 0.185938 0.133333 0.034375 0.047917
0 0.763542 0.499479 0.035417 0.040625
0 0.975521 0.926562 0.055208 0.046875
0 0.495833 0.854167 0.041667 0.047917
0 0.163021 0.697917 0.032292 0.043750
0 0.837500 0.140104 0.043750 0.042708
0 0.075000 0.501042 0.027083 0.037500
0 0.100000 0.944792 0.041667 0.029167
0 0.594271 0.730729 0.055208 0.046875
0 0.564583 0.312500 0.037500 0.022917
0 0.721354 0.685937 0.034375 0.040625
0 0.866146 0.911979 0.048958 0.023958
0 0.790625 0.816146 0.025000 0.038542
0 0.274479 0.604167 0.042708 0.041667
0 0.966146 0.672396 0.048958 0.030208
0 0.308333 0.142187 0.047917 0.053125
0 0.620313 0.895312 0.040625 0.036458
0 0.655729 0.098437 0.042708 0.055208
0 0.313021 0.544792 0.032292 0.052083
0 0.642708 0.463021 0.031250 0.048958
0 0.405208 0.905729 0.039583 0.048958
0 0.904167 0.529167 0.037500 0.031250
0 0.479687 0.775521 0.042708 0.023958
0 0.800000 0.128646 0.029167 0.051042
0 0.345833 0.239063 0.043750 0.048958
0 0.835938 0.845833 0.030208 0.039583
0 0.854688 0.101562 0.046875 0.036458
0 0.718750 0.448958 0.050000 0.029167
0 0.390104 0.889583 0.017708 0.035417
0 0.834896 0.638021 0.038542 0.040625
0 0.861979 0.909896 0.051042 0.026042
0 0.204167 0.236979 0.050000 0.044792
0 0.544271 0.692187 0.032292 0.044792
0 0.676562 0.907813 0.040625 0.032292
0 0.716667 0.744792 0.047917 0.037500
0 0.158854 0.434896 0.028125 0.048958
0 0.387500 0.294792 0.043750 0.045833
0 0.265625 0.295312 0.035417 0.048958
0 0.610417 0.895312 0.045833 0.036458
0 0.383854 0.372917 0.042708 0.039583
0 0.920312 0.872917 0.051042 0.047917
0 0.914062 0.201042 0.048958 0.039583
0 0.086979 0.625521 0.040625 0.034375
0 0.393750 0.241667 0.039583 0.047917
0 0.259375 0.458854 0.045833 0.036458
0 0.796875 0.528646 0.050000 0.028125
0 0.538542 0.559375 0.035417 0.052083
0 0.134896 0.442708 0.044792 0.022917
0 0.762500 0.583854 0.025000 0.042708
0 0.279687 0.528646 0.046875 0.036458
0 0.681250 0.813542 0.035417 0.052083
0 0.221354 0.388542 0.028125 0.043750
0 0.404167 0.611979 0.052083 0.032292
0 0.142187 0.701042 0.034375 0.047917
0 0.198437 0.301563 0.046875 0.038542
0 0.329688 0.675000 0.044792 0.052083
0 0.259375 0.959896 0.043750 0.030208
0 0.752083 0.894792 0.031250 0.037500