0 0.885938 0.300521 0.032292 0.044792
0 0.519792 0.764062 0.037500 0.040625
0 0.639583 0.954167 0.039583 0.020833
0 0.080208 0.365104 0.050000 0.034375
0 0.310937 0.934375 0.042708 0.039583
0 0.818750 0.778125 0.033333 0.043750
0 0.677083 0.338542 0.045833 0.052083
0 0.950521 0.891146 0.046875 0.055208
0 0.613542 0.760938 0.047917 0.030208
0 0.420833 0.786458 0.041667 0.039583
0 0.100521 0.070833 0.042708 0.037500
0 0.742188 0.162500 0.019792 0.035417
0 0.324479 0.690625 0.042708 0.037500
0 0.703125 0.426563 0.045833 0.038542
0 0.091146 0.938542 0.040625 0.022917
0 0.473438 0.108333 0.036458 0.018750
0 0.413021 0.544792 0.034375 0.047917
0 0.910937 0.228125 0.040625 0.041667
0 0.081771 0.491146 0.040625 0.036458
0 0.306250 0.685937 0.043750 0.032292
0 0.609896 0.899479 0.038542 0.038542
0 0.898438 0.946875 0.042708 0.039583
0 0.645833 0.270833 0.025000 0.047917
0 0.268750 0.741667 0.052083 0.039583
0 0.915625 0.067187 0.039583 0.023958
0 0.792708 0.507292 0.035417 0.035417
0 0.950000 0.633854 0.039583 0.038542
0 0.584375 0.893229 0.047917 0.030208
0 0.076563 0.345833 0.048958 0.025000
0 0.703125 0.920312 0.039583 0.030208
0 0.413021 0.242708 0.038542 0.031250
0 0.516146 0.136979 0.046875 0.055208
0 0.610417 0.635938 0.031250 0.040625
0 0.201563 0.375521 0.023958 0.042708
0 0.513021 0.803646 0.040625 0.028125
0 0.943750 0.179167 0.025000 0.041667
0 0.801042 0.510938 0.043750 0.042708
0 0.538542 0.881771 0.031250 0.044792
0 0.801562 0.651042 0.042708 0.054167
0 0.246875 0.213021 0.045833 0.048958
0 0.658333 0.068750 0.043750 0.022917
0 0.706250 0.406771 0.039583 0.032292
0 0.436458 0.356250 0.045833 0.052083
0 0.757292 0.686458 0.047917 0.035417
0 0.708854 0.931771 0.038542 0.046875
0 0.766667 0.681250 0.037500 0.052083
0 0.084375 0.122396 0.043750 0.026042
0 0.144271 0.585938 0.048958 0.046875
0 0.107292 0.696875 0.052083 0.035417
0 0.336458 0.947396 0.045833 0.034375
0 0.468229 0.077083 0.036458 0.037500
0 0.960938 0.903125 0.030208 0.043750
0 0.095312 0.576562 0.051042 0.042708
0 0.287500 0.293229 0.045833 0.028125
0 0.076042 0.561979 0.035417 0.044792
0 0.596875 0.223958 0.052083 0.035417
0 0.111979 0.136979 0.055208 0.040625
0 0.834896 0.194792 0.040625 0.054167
0 0.638542 0.660417 0.035417 0.043750
0 0.140104 0.390625 0.044792 0.052083
0 0.451042 0.766146 0.020833 0.036458
0 0.302604 0.792708 0.032292 0.047917
0 0.798438 0.561979 0.040625 0.034375
0 0.116146 0.675521 0.028125 0.048958
0 0.765104 0.452604 0.019792 0.038542
0 0.964583 0.370833 0.052083 0.039583
0 0.390625 0.939583 0.025000 0.041667
0 0.729167 0.610938 0.052083 0.051042
0 0.556771 0.261458 0.046875 0.052083
0 0.338021 0.067708 0.040625 0.020833
0 0.416667 0.961979 0.054167 0.042708
0 0.088542 0.161979 0.039583 0.028125
0 0.143750 0.250000 0.045833 0.029167
0 0.950000 0.678125 0.037500 0.035417
0 0.687500 0.082812 0.045833 0.026042
0 0.869271 0.954167 0.038542 0.025000
0 0.372396 0.477604 0.053125 0.051042
0 0.655208 0.840625 0.025000 0.047917
0 0.359375 0.735417 0.041667 0.031250
0 0.170833 0.340625 0.045833 0.052083
0 0.810937 0.531771 0.046875 0.055208
0 0.338021 0.699479 0.046875 0.038542
0 0.631771 0.188021 0.046875 0.048958
0 0.258854 0.883854 0.044792 0.051042
0 0.103646 0.156250 0.038542 0.035417
0 0.871354 0.304167 0.044792 0.045833
0 0.264583 0.714063 0.043750 0.032292
0 0.741667 0.519271 0.052083 0.034375
0 0.404167 0.346875 0.045833 0.045833
0 0.417187 0.087500 0.026042 0.041667
0 0.336979 0.872917 0.042708 0.047917
0 0.128646 0.549479 0.040625 0.044792
0 0.253125 0.549479 0.041667 0.042708
0 0.255729 0.530208 0.042708 0.031250
0 0.319271 0.606250 0.021875 0.039583
0 0.102604 0.851042 0.046875 0.027083
0 0.927604 0.362500 0.044792 0.033333
0 0.196875 0.270833 0.050000 0.029167
0 0.582292 0.856771 0.039583 0.038542
0 0.412500 0.079167 0.039583 0.020833
0 0.630208 0.656771 0.052083 0.034375
0 0.948438 0.520312 0.044792 0.055208
0 0.409375 0.423438 0.035417 0.040625
0 0.734375 0.782813 0.047917 0.028125
0 0.871354 0.831250 0.038542 0.035417
0 0.836458 0.513021 0.041667 0.032292
0 0.250521 0.444271 0.026042 0.044792
0 0.301042 0.456771 0.041667 0.042708
0 0.823958 0.753646 0.052083 0.051042
0 0.669792 0.860938 0.050000 0.040625
0 0.509896 0.245833 0.030208 0.047917
0 0.380729 0.447396 0.044792 0.028125
0 0.091146 0.940104 0.030208 0.044792
0 0.382812 0.134375 0.023958 0.047917
0 0.731250 0.894271 0.052083 0.051042
0 0.359896 0.584896 0.051042 0.040625
0 0.584896 0.584375 0.042708 0.037500
0 0.742188 0.916667 0.046875 0.027083
0 0.595313 0.683333 0.034375 0.052083
0 0.936979 0.549479 0.046875 0.048958
0 0.545312 0.752083 0.026042 0.045833
0 0.967187 0.234896 0.040625 0.044792
0 0.748437 0.129688 0.038542 0.046875
0 0.090104 0.246875 0.038542 0.025000
0 0.489583 0.113542 0.027083 0.047917
0 0.789583 0.723958 0.043750 0.025000
0 0.342187 0.661979 0.044792 0.032292
0 0.163542 0.826042 0.039583 0.041667
0 0.943750 0.367708 0.033333 0.047917
0 0.220312 0.498958 0.053125 0.037500
0 0.293750 0.388021 0.039583 0.044792
0 0.226042 0.122917 0.025000 0.043750
0 0.785417 0.515625 0.052083 0.045833
0 0.960417 0.159896 0.039583 0.044792
0 0.820833 0.323958 0.029167 0.041667
0 0.918229 0.615625 0.053125 0.035417
0 0.788021 0.516146 0.051042 0.044792
0 0.415104 0.704688 0.055208 0.040625
0 0.659896 0.713021 0.032292 0.046875
0 0.097917 0.848958 0.018750 0.037500
0 0.680208 0.508333 0.045833 0.031250
0 0.652604 0.806250 0.048958 0.037500
0 0.330729 0.234375 0.048958 0.041667
0 0.747396 0.634375 0.046875 0.031250
0 0.081250 0.725000 0.043750 0.025000
0 0.293229 0.450521 0.023958 0.046875
0 0.870833 0.250000 0.047917 0.025000
0 0.857292 0.659896 0.020833 0.036458
0 0.344792 0.770312 0.054167 0.044792
0 0.203646 0.169271 0.040625 0.051042
0 0.344271 0.311458 0.019792 0.037500
0 0.207813 0.738542 0.030208 0.047917
0 0.159896 0.085938 0.036458 0.051042
0 0.874479 0.273958 0.042708 0.033333
0 0.893750 0.218229 0.043750 0.048958
0 0.279687 0.381771 0.040625 0.051042
0 0.449479 0.498437 0.040625 0.028125
0 0.342708 0.600000 0.045833 0.043750
0 0.408854 0.605208 0.026042 0.037500
0 0.320833 0.563542 0.039583 0.022917
0 0.889583 0.536979 0.041667 0.021875
0 0.300521 0.311458 0.046875 0.027083
0 0.728646 0.615625 0.034375 0.047917
0 0.457292 0.925521 0.033333 0.048958
0 0.303125 0.245833 0.045833 0.029167
0 0.413542 0.509896 0.047917 0.046875
0 0.757812 0.395833 0.046875 0.029167
0 0.660417 0.352604 0.043750 0.042708
0 0.140104 0.946875 0.042708 0.039583
0 0.355208 0.945312 0.035417 0.044792
0 0.500000 0.925521 0.031250 0.044792
0 0.337500 0.558854 0.041667 0.042708
0 0.424479 0.136458 0.048958 0.041667
0 0.289062 0.783854 0.038542 0.040625
0 0.632812 0.507812 0.040625 0.055208
0 0.741667 0.906771 0.037500 0.040625
0 0.541146 0.616146 0.044792 0.040625
0 0.729688 0.648958 0.042708 0.039583
0 0.464062 0.830208 0.028125 0.041667
0 0.517708 0.337500 0.027083 0.043750
0 0.306771 0.502083 0.028125 0.045833
0 0.128646 0.244271 0.021875 0.042708
0 0.390104 0.419792 0.038542 0.025000
0 0.628125 0.154688 0.050000 0.040625
0 0.447396 0.095312 0.036458 0.046875
0 0.706771 0.118750 0.042708 0.047917
0 0.657813 0.779167 0.048958 0.037500
0 0.941146 0.873958 0.040625 0.022917
0 0.568229 0.089063 0.023958 0.038542
0 0.183333 0.338542 0.025000 0.041667
0 0.328646 0.666146 0.051042 0.042708
0 0.416667 0.853646 0.054167 0.046875
0 0.567708 0.548958 0.039583 0.041667
0 0.440104 0.708333 0.044792 0.027083
0 0.532292 0.679167 0.039583 0.047917
0 0.801562 0.753125 0.021875 0.039583
0 0.190104 0.416146 0.055208 0.048958
0 0.195312 0.350000 0.042708 0.054167
0 0.664062 0.377083 0.044792 0.033333
0 0.080729 0.435417 0.051042 0.029167
0 0.199479 0.520312 0.042708 0.044792
0 0.538021 0.790104 0.032292 0.048958
0 0.561458 0.190625 0.033333 0.043750
0 0.406771 0.232292 0.044792 0.035417
0 0.214583 0.506771 0.027083 0.046875
0 0.776563 0.178646 0.038542 0.055208
0 0.762500 0.084375 0.052083 0.039583
0 0.551562 0.497396 0.040625 0.036458
0 0.287500 0.588542 0.052083 0.045833
0 0.118229 0.326042 0.046875 0.052083
0 0.766667 0.164062 0.027083 0.040625
0 0.579167 0.913542 0.037500 0.031250
0 0.790104 0.650521 0.034375 0.040625
0 0.419792 0.842187 0.039583 0.044792
0 0.898438 0.105729 0.046875 0.048958
0 0.629687 0.180208 0.034375 0.047917
0 0.577604 0.873437 0.032292 0.048958
0 0.431771 0.744792 0.038542 0.035417
0 0.808333 0.780208 0.022917 0.037500
0 0.347396 0.351562 0.044792 0.040625
0 0.650000 0.936458 0.047917 0.052083
0 0.938021 0.380208 0.053125 0.039583
0 0.884375 0.088542 0.045833 0.052083
0 0.479687 0.446354 0.046875 0.038542
0 0.617188 0.628125 0.032292 0.047917
0 0.810417 0.737500 0.041667 0.039583
0 0.132812 0.107813 0.051042 0.026042
0 0.427604 0.264062 0.036458 0.051042
0 0.242188 0.316146 0.055208 0.044792
0 0.498958 0.705729 0.045833 0.036458
0 0.452604 0.711458 0.026042 0.039583
0 0.535417 0.641146 0.037500 0.038542
0 0.811458 0.718750 0.037500 0.027083
0 0.104167 0.623437 0.037500 0.019792
0 0.088021 0.570312 0.040625 0.034375
0 0.733854 0.661458 0.032292 0.039583
0 0.148438 0.666146 0.046875 0.023958
0 0.829167 0.242708 0.037500 0.033333
0 0.751563 0.219271 0.053125 0.051042
0 0.749479 0.185417 0.038542 0.043750
0 0.680729 0.614062 0.044792 0.040625
0 0.966146 0.776563 0.046875 0.048958
0 0.371875 0.822396 0.025000 0.046875
0 0.502083 0.136458 0.050000 0.029167
0 0.721875 0.314063 0.037500 0.021875
0 0.874479 0.514062 0.046875 0.036458
0 0.154167 0.283854 0.020833 0.036458
0 0.227083 0.732812 0.031250 0.048958
0 0.851562 0.711458 0.036458 0.052083
0 0.588021 0.939063 0.040625 0.030208
0 0.671354 0.452083 0.040625 0.041667
0 0.536458 0.351042 0.050000 0.047917
0 0.319792 0.509375 0.041667 0.020833
0 0.424479 0.936979 0.044792 0.030208
0 0.814583 0.866667 0.039583 0.022917
0 0.692187 0.318750 0.038542 0.031250
0 0.741667 0.366146 0.045833 0.048958
0 0.431771 0.598437 0.046875 0.023958
0 0.260417 0.417187 0.050000 0.044792
0 0.844271 0.131250 0.034375 0.043750
0 0.942708 0.653125 0.025000 0.041667
0 0.319792 0.285417 0.037500 0.029167
0 0.080729 0.356771 0.044792 0.026042
0 0.821875 0.947917 0.043750 0.045833
0 0.168229 0.679688 0.055208 0.038542
0 0.111979 0.416667 0.038542 0.033333
0 0.623958 0.405208 0.035417 0.052083
0 0.691146 0.668229 0.044792 0.040625
0 0.449479 0.589063 0.044792 0.051042
0 0.592708 0.105208 0.031250 0.037500
0 0.269792 0.461458 0.035417 0.018750
0 0.578646 0.406771 0.044792 0.042708
0 0.595833 0.811979 0.047917 0.053125
0 0.381771 0.930729 0.023958 0.046875
0 0.192188 0.473958 0.048958 0.041667
0 0.305729 0.249479 0.055208 0.048958
0 0.704167 0.500000 0.025000 0.041667
0 0.600521 0.118229 0.046875 0.055208
0 0.376563 0.868750 0.042708 0.039583
0 0.263542 0.200521 0.043750 0.042708
0 0.597917 0.506771 0.047917 0.030208
0 0.503125 0.541667 0.045833 0.029167
0 0.294792 0.642188 0.041667 0.032292
0 0.535937 0.828646 0.048958 0.034375
0 0.458333 0.560417 0.031250 0.050000
0 0.417708 0.108333 0.035417 0.037500
0 0.606771 0.507292 0.038542 0.047917
0 0.211458 0.440625 0.045833 0.043750
0 0.095312 0.421354 0.055208 0.048958
0 0.698438 0.416667 0.040625 0.041667
0 0.651563 0.940625 0.023958 0.041667
0 0.548958 0.853646 0.035417 0.040625
0 0.380208 0.434375 0.037500 0.025000
0 0.763542 0.188021 0.041667 0.048958
0 0.088542 0.330208 0.035417 0.052083
0 0.261979 0.675000 0.042708 0.047917
0 0.821354 0.192188 0.051042 0.036458
0 0.902083 0.155208 0.047917 0.050000
0 0.844792 0.951042 0.041667 0.027083
0 0.931250 0.608333 0.035417 0.052083
0 0.754687 0.133854 0.044792 0.032292
0 0.679167 0.960417 0.022917 0.039583
0 0.516667 0.379167 0.037500 0.027083
0 0.157812 0.572396 0.038542 0.046875
0 0.214583 0.968750 0.043750 0.052083
0 0.114062 0.316667 0.036458 0.047917
0 0.503646 0.246875 0.038542 0.035417
0 0.546875 0.804688 0.045833 0.036458
0 0.704688 0.461979 0.044792 0.028125
0 0.277604 0.505208 0.044792 0.047917
0 0.260417 0.401562 0.050000 0.044792
0 0.808333 0.381771 0.037500 0.019792
0 0.194792 0.657292 0.047917 0.039583
0 0.491667 0.928125 0.039583 0.025000
0 0.307292 0.716146 0.043750 0.055208
0 0.475000 0.658854 0.054167 0.048958
0 0.180208 0.683854 0.045833 0.036458
0 0.193750 0.633333 0.037500 0.047917
0 0.548958 0.797917 0.022917 0.039583
0 0.706771 0.876042 0.036458 0.020833
0 0.947396 0.182292 0.036458 0.052083
0 0.077083 0.692708 0.037500 0.041667
0 0.847396 0.810937 0.026042 0.046875
0 0.761458 0.689063 0.050000 0.038542
0 0.599479 0.448958 0.038542 0.033333
0 0.383333 0.235937 0.047917 0.023958
0 0.654687 0.364583 0.021875 0.039583
0 0.402083 0.663542 0.052083 0.037500
0 0.197917 0.669792 0.050000 0.031250
0 0.605729 0.873958 0.044792 0.027083
0 0.708333 0.894271 0.039583 0.028125
0 0.488021 0.182292 0.038542 0.033333
0 0.624479 0.071875 0.038542 0.037500
0 0.074479 0.440625 0.032292 0.043750
0 0.172917 0.895312 0.020833 0.038542
0 0.368750 0.681250 0.020833 0.035417
0 0.700000 0.584896 0.018750 0.038542
0 0.717187 0.666146 0.021875 0.042708
0 0.535417 0.127083 0.033333 0.037500
0 0.663542 0.420833 0.047917 0.041667
0 0.419271 0.186979 0.038542 0.023958
0 0.391667 0.903646 0.037500 0.044792
0 0.894271 0.573958 0.053125 0.037500
0 0.825000 0.795833 0.027083 0.043750
0 0.803646 0.816146 0.040625 0.055208
0 0.869271 0.263021 0.051042 0.030208
0 0.312500 0.420312 0.045833 0.048958
0 0.588542 0.202083 0.052083 0.043750
0 0.313021 0.400000 0.048958 0.035417
0 0.595833 0.691667 0.029167 0.037500
0 0.849479 0.114583 0.042708 0.037500
0 0.603125 0.770312 0.050000 0.038542
0 0.719271 0.669271 0.034375 0.046875
0 0.422396 0.943750 0.021875 0.039583
0 0.931771 0.722917 0.023958 0.037500
0 0.559375 0.321354 0.054167 0.048958
0 0.235417 0.078646 0.039583 0.048958
0 0.268229 0.895833 0.042708 0.041667
0 0.623437 0.747396 0.038542 0.051042
0 0.179688 0.430729 0.046875 0.038542
0 0.768750 0.620833 0.037500 0.029167
0 0.145833 0.279687 0.022917 0.038542
0 0.804688 0.627604 0.048958 0.028125
0 0.396875 0.650521 0.029167 0.046875
0 0.380208 0.459375 0.050000 0.050000
0 0.596875 0.830729 0.043750 0.042708
0 0.787500 0.208333 0.039583 0.041667
0 0.204167 0.130729 0.052083 0.051042
0 0.143229 0.365625 0.028125 0.045833
0 0.614583 0.434896 0.029167 0.051042
0 0.714583 0.673438 0.025000 0.042708
0 0.931250 0.543229 0.033333 0.044792
0 0.285417 0.323958 0.025000 0.047917
0 0.233854 0.698958 0.038542 0.029167
0 0.357292 0.541667 0.029167 0.041667
0 0.816146 0.846875 0.023958 0.037500
0 0.143229 0.368750 0.051042 0.050000
0 0.395833 0.789583 0.018750 0.035417
0 0.648958 0.251042 0.035417 0.052083
0 0.932292 0.835417 0.039583 0.052083
0 0.283333 0.565625 0.047917 0.025000
0 0.513542 0.465625 0.041667 0.039583
0 0.372396 0.324479 0.048958 0.055208
0 0.867188 0.256250 0.028125 0.043750
0 0.354687 0.173437 0.026042 0.044792
0 0.454688 0.602604 0.028125 0.048958
0 0.223438 0.714583 0.046875 0.043750
0 0.308333 0.886979 0.047917 0.028125
0 0.596354 0.702604 0.044792 0.030208
0 0.197396 0.619271 0.055208 0.038542
0 0.238021 0.236458 0.038542 0.043750
0 0.490104 0.388021 0.023958 0.042708
0 0.811979 0.943750 0.053125 0.045833
0 0.305208 0.309375 0.020833 0.035417
0 0.830729 0.807292 0.040625 0.020833
0 0.734375 0.573958 0.052083 0.041667
0 0.422917 0.830729 0.045833 0.028125
0 0.575000 0.504167 0.045833 0.027083
0 0.753125 0.385937 0.045833 0.048958
0 0.709896 0.378125 0.040625 0.054167
0 0.160417 0.137500 0.033333 0.043750
0 0.808333 0.585938 0.045833 0.034375
0 0.302604 0.441667 0.038542 0.037500
0 0.449479 0.765104 0.048958 0.032292
0 0.126042 0.627604 0.043750 0.030208
0 0.794792 0.621354 0.045833 0.023958
0 0.942187 0.740104 0.032292 0.048958
0 0.756771 0.564583 0.048958 0.035417
0 0.238542 0.518750 0.037500 0.043750
0 0.835938 0.677604 0.055208 0.040625
0 0.964063 0.932292 0.034375 0.039583
0 0.611979 0.674479 0.048958 0.030208
0 0.161979 0.387500 0.034375 0.047917
0 0.542708 0.377083 0.041667 0.031250
0 0.684896 0.782813 0.040625 0.055208
0 0.801042 0.776042 0.020833 0.039583
0 0.586979 0.933854 0.038542 0.019792
0 0.421354 0.967708 0.053125 0.041667
0 0.903125 0.172396 0.050000 0.038542
0 0.541667 0.488542 0.047917 0.039583
0 0.379167 0.733333 0.039583 0.025000
0 0.679167 0.768229 0.045833 0.026042
0 0.834375 0.324479 0.054167 0.042708
0 0.150000 0.900000 0.041667 0.047917
0 0.759896 0.172396 0.046875 0.055208
0 0.394271 0.475521 0.044792 0.040625
0 0.095312 0.107813 0.055208 0.048958
0 0.440625 0.493229 0.037500 0.023958
0 0.592708 0.903646 0.037500 0.048958
0 0.560937 0.194792 0.034375 0.039583
0 0.331771 0.140625 0.048958 0.041667
0 0.720833 0.880729 0.054167 0.048958
0 0.105208 0.778646 0.041667 0.021875
0 0.704167 0.910417 0.045833 0.033333
0 0.394271 0.729688 0.040625 0.023958
0 0.457813 0.844792 0.038542 0.033333
0 0.442188 0.331771 0.055208 0.038542
0 0.558854 0.474479 0.051042 0.038542
0 0.911979 0.505729 0.040625 0.028125
0 0.816667 0.602083 0.029167 0.037500
0 0.106771 0.875521 0.038542 0.023958
0 0.225000 0.785937 0.045833 0.048958
0 0.341667 0.107292 0.037500 0.035417
0 0.264583 0.967187 0.039583 0.055208
0 0.136458 0.444271 0.025000 0.042708
0 0.909375 0.348438 0.039583 0.038542
0 0.827083 0.819792 0.029167 0.037500
0 0.865625 0.772917 0.020833 0.035417
0 0.467708 0.928646 0.043750 0.048958
0 0.447917 0.809896 0.025000 0.038542
0 0.657292 0.421875 0.047917 0.033333
0 0.561458 0.890625 0.020833 0.035417
0 0.398958 0.900000 0.052083 0.039583
0 0.895833 0.109896 0.039583 0.044792
0 0.839583 0.395833 0.031250 0.041667
0 0.300000 0.954688 0.031250 0.040625
0 0.106771 0.750521 0.053125 0.032292
0 0.930208 0.826562 0.035417 0.017708
0 0.657292 0.822917 0.052083 0.041667
0 0.484375 0.397917 0.041667 0.027083
0 0.624479 0.625000 0.036458 0.047917
0 0.913542 0.204167 0.045833 0.043750
0 0.619271 0.380729 0.046875 0.034375
0 0.883854 0.666146 0.036458 0.055208
0 0.856250 0.815104 0.043750 0.055208
0 0.682292 0.388021 0.041667 0.048958
0 0.303125 0.815625 0.043750 0.037500
0 0.734375 0.251563 0.027083 0.040625
0 0.809896 0.125521 0.044792 0.026042
0 0.428646 0.760938 0.051042 0.038542
0 0.472917 0.670833 0.043750 0.052083
0 0.238021 0.536458 0.030208 0.050000
0 0.472396 0.577083 0.038542 0.052083
0 0.941667 0.870833 0.052083 0.035417
0 0.120313 0.961458 0.038542 0.033333
0 0.932292 0.908854 0.050000 0.040625
0 0.579688 0.507292 0.038542 0.027083
0 0.262500 0.544271 0.054167 0.038542
0 0.429167 0.279167 0.045833 0.052083
0 0.795833 0.601042 0.045833 0.043750
0 0.262500 0.728125 0.027083 0.047917
0 0.179167 0.766667 0.025000 0.043750
0 0.335938 0.336979 0.038542 0.040625
0 0.324479 0.123958 0.044792 0.035417
0 0.269792 0.116146 0.043750 0.040625
0 0.953646 0.200521 0.044792 0.032292
0 0.294792 0.366146 0.039583 0.036458
0 0.451562 0.311458 0.034375 0.043750
0 0.310417 0.445833 0.037500 0.031250
0 0.929167 0.791146 0.050000 0.040625
0 0.773958 0.198437 0.050000 0.053125
0 0.361458 0.627083 0.052083 0.043750
0 0.510417 0.231250 0.047917 0.027083
0 0.194792 0.726562 0.016667 0.034375
0 0.295312 0.773958 0.046875 0.043750
0 0.692187 0.589583 0.038542 0.033333
0 0.779167 0.202083 0.047917 0.037500
0 0.119792 0.364583 0.043750 0.045833
0 0.177083 0.179167 0.029167 0.041667
0 0.283333 0.880729 0.039583 0.044792
0 0.862500 0.698438 0.039583 0.030208
0 0.477083 0.503646 0.020833 0.036458
0 0.781250 0.697396 0.022917 0.044792
0 0.184375 0.305729 0.050000 0.044792
0 0.929688 0.921875 0.046875 0.029167
0 0.765625 0.173437 0.050000 0.040625
0 0.241146 0.664062 0.026042 0.046875
0 0.335417 0.200000 0.052083 0.039583
0 0.522917 0.140104 0.054167 0.042708
0 0.164583 0.375000 0.045833 0.029167
0 0.840625 0.665625 0.041667 0.037500
0 0.666667 0.527083 0.041667 0.039583
0 0.797917 0.855729 0.027083 0.046875
0 0.345313 0.303125 0.038542 0.029167
0 0.251563 0.908333 0.030208 0.039583
0 0.928125 0.226042 0.035417 0.020833
0 0.761458 0.106250 0.035417 0.043750
0 0.342187 0.310417 0.030208 0.043750
0 0.594271 0.419271 0.046875 0.026042
0 0.588021 0.951562 0.040625 0.030208
0 0.353646 0.808333 0.038542 0.025000
0 0.244792 0.219271 0.052083 0.032292
0 0.384896 0.312500 0.046875 0.052083
0 0.352083 0.721354 0.020833 0.038542
0 0.735938 0.419792 0.044792 0.052083
0 0.691146 0.761979 0.040625 0.034375
0 0.816146 0.225000 0.053125 0.047917
0 0.321354 0.460938 0.036458 0.046875
0 0.559896 0.134896 0.036458 0.040625
0 0.426563 0.544271 0.038542 0.038542
0 0.680729 0.886458 0.034375 0.037500
0 0.338542 0.410417 0.037500 0.035417
0 0.769271 0.873437 0.051042 0.038542
0 0.671354 0.259375 0.019792 0.039583
0 0.822396 0.679167 0.026042 0.050000
0 0.512500 0.578125 0.025000 0.047917
0 0.803646 0.587500 0.046875 0.031250
0 0.833333 0.730208 0.041667 0.031250
0 0.372396 0.702083 0.051042 0.050000
0 0.583854 0.907813 0.042708 0.044792
0 0.880729 0.916146 0.051042 0.042708
0 0.492188 0.244271 0.055208 0.044792
0 0.097917 0.515104 0.035417 0.053125
0 0.081250 0.470833 0.029167 0.041667
0 0.765104 0.235417 0.046875 0.045833
0 0.275521 0.239583 0.038542 0.022917
0 0.837500 0.290625 0.037500 0.035417
0 0.535417 0.488021 0.050000 0.042708
0 0.685937 0.107813 0.051042 0.044792
0 0.553646 0.664062 0.038542 0.046875
0 0.226042 0.865625 0.029167 0.037500
0 0.419271 0.690625 0.036458 0.047917
0 0.305208 0.853646 0.043750 0.048958
0 0.178125 0.143229 0.020833 0.036458
0 0.111979 0.398958 0.032292 0.039583
0 0.705208 0.350521 0.043750 0.048958
0 0.375000 0.918750 0.035417 0.043750
0 0.759896 0.752083 0.048958 0.039583
0 0.155208 0.286458 0.041667 0.039583
0 0.129688 0.928125 0.038542 0.022917
0 0.249479 0.785417 0.034375 0.039583
0 0.694792 0.724479 0.047917 0.046875
0 0.396875 0.210938 0.033333 0.053125
0 0.733333 0.236458 0.037500 0.031250
0 0.434896 0.767708 0.048958 0.035417
0 0.956250 0.645312 0.029167 0.040625
0 0.671354 0.506250 0.023958 0.041667
0 0.807292 0.268750 0.033333 0.047917
0 0.878125 0.722396 0.029167 0.051042
0 0.229167 0.926042 0.025000 0.037500
0 0.883854 0.522396 0.038542 0.040625
0 0.143229 0.089063 0.032292 0.040625
0 0.445312 0.459896 0.040625 0.036458
0 0.615625 0.203125 0.041667 0.047917
0 0.086458 0.675521 0.037500 0.044792
0 0.906771 0.309896 0.040625 0.030208
0 0.403646 0.501042 0.051042 0.029167
0 0.843750 0.559896 0.039583 0.030208
0 0.506250 0.358854 0.047917 0.046875
0 0.355208 0.433854 0.052083 0.030208
0 0.304167 0.101562 0.045833 0.038542
0 0.478125 0.411458 0.050000 0.029167
0 0.214062 0.659896 0.040625 0.028125
0 0.705729 0.204687 0.042708 0.023958
0 0.609375 0.600521 0.035417 0.040625
0 0.730208 0.516146 0.054167 0.036458
0 0.109896 0.733854 0.046875 0.055208
0 0.430208 0.398438 0.052083 0.034375
0 0.147917 0.458854 0.041667 0.055208
0 0.793229 0.177083 0.036458 0.047917
0 0.190625 0.585938 0.039583 0.036458
0 0.586458 0.309375 0.035417 0.022917
0 0.246354 0.603125 0.040625 0.041667
0 0.196875 0.606250 0.037500 0.052083
0 0.881250 0.389062 0.054167 0.038542
0 0.444792 0.734896 0.047917 0.046875
0 0.225521 0.594271 0.040625 0.032292
0 0.862500 0.229167 0.027083 0.047917
0 0.339062 0.857292 0.038542 0.035417
0 0.617708 0.285417 0.041667 0.047917
0 0.814063 0.581771 0.051042 0.044792
0 0.702083 0.214583 0.037500 0.025000
0 0.446875 0.241667 0.045833 0.043750
0 0.853125 0.354167 0.035417 0.052083
0 0.830208 0.231250 0.047917 0.035417
0 0.563542 0.350000 0.052083 0.041667
0 0.789583 0.395833 0.043750 0.035417
0 0.670312 0.216146 0.034375 0.046875
0 0.901563 0.613021 0.046875 0.055208
0 0.756250 0.080729 0.025000 0.042708
0 0.098958 0.855208 0.043750 0.033333
0 0.403125 0.657813 0.022917 0.040625
0 0.961979 0.159896 0.036458 0.040625
0 0.770833 0.435937 0.054167 0.048958
0 0.558854 0.431250 0.044792 0.033333
0 0.504687 0.579688 0.051042 0.053125