0 0.146354 0.406771 0.038542 0.038542
0 0.866146 0.319792 0.040625 0.043750
0 0.310937 0.237500 0.046875 0.031250
0 0.683333 0.255208 0.029167 0.041667
0 0.698438 0.918229 0.048958 0.055208
0 0.188021 0.763542 0.038542 0.047917
0 0.676562 0.311458 0.048958 0.037500
0 0.959896 0.801042 0.044792 0.047917
0 0.826042 0.384896 0.035417 0.048958
0 0.865104 0.780208 0.023958 0.043750
0 0.808333 0.953125 0.022917 0.039583
0 0.651042 0.843750 0.050000 0.050000
0 0.539583 0.093229 0.054167 0.040625
0 0.141146 0.421875 0.048958 0.027083
0 0.647396 0.618229 0.046875 0.036458
0 0.153646 0.746875 0.021875 0.037500
0 0.458333 0.458854 0.041667 0.021875
0 0.203646 0.148958 0.040625 0.054167
0 0.467708 0.544792 0.037500 0.047917
0 0.505208 0.297917 0.047917 0.050000
0 0.431250 0.084375 0.047917 0.041667
0 0.359375 0.139583 0.039583 0.041667
0 0.766667 0.950000 0.020833 0.035417
0 0.544271 0.815625 0.023958 0.043750
0 0.432292 0.390625 0.025000 0.043750
0 0.101042 0.694792 0.047917 0.052083
0 0.469792 0.659896 0.041667 0.042708
0 0.893229 0.348958 0.032292 0.043750
0 0.654167 0.909375 0.037500 0.025000
0 0.918229 0.644271 0.044792 0.040625
0 0.118750 0.552604 0.037500 0.038542
0 0.362500 0.169792 0.039583 0.022917
0 0.315104 0.963542 0.040625 0.047917
0 0.537500 0.520312 0.047917 0.046875
0 0.690625 0.292708 0.029167 0.041667
0 0.553125 0.601042 0.031250 0.045833
0 0.569271 0.100521 0.021875 0.038542
0 0.308333 0.403125 0.025000 0.047917
0 0.815104 0.409375 0.034375 0.043750
0 0.104688 0.941667 0.042708 0.047917
0 0.865104 0.596354 0.040625 0.030208
0 0.903646 0.293229 0.038542 0.046875
0 0.823958 0.439063 0.039583 0.044792
0 0.715104 0.840104 0.040625 0.051042
0 0.403125 0.944271 0.043750 0.032292
0 0.847396 0.577083 0.038542 0.035417
0 0.483333 0.241667 0.043750 0.025000
0 0.439063 0.310417 0.038542 0.031250
0 0.235937 0.580729 0.044792 0.042708
0 0.924479 0.686458 0.038542 0.025000
0 0.850000 0.238542 0.045833 0.033333
0 0.529687 0.655208 0.046875 0.045833
0 0.181771 0.335417 0.019792 0.037500
0 0.390625 0.292708 0.050000 0.050000
0 0.270313 0.722396 0.044792 0.030208
0 0.700000 0.961979 0.054167 0.044792
0 0.580729 0.909375 0.021875 0.037500
0 0.805208 0.736458 0.027083 0.041667
0 0.598437 0.207292 0.046875 0.052083
0 0.134896 0.469792 0.036458 0.043750
0 0.756771 0.127083 0.030208 0.047917
0 0.888021 0.756250 0.053125 0.045833
0 0.535937 0.760417 0.036458 0.047917
0 0.881771 0.541146 0.048958 0.034375
0 0.382812 0.690625 0.040625 0.047917
0 0.407813 0.429167 0.026042 0.041667
0 0.814583 0.704167 0.037500 0.033333
0 0.220833 0.469792 0.045833 0.031250
0 0.616667 0.868229 0.045833 0.026042
0 0.505208 0.581250 0.052083 0.047917
0 0.094271 0.100521 0.034375 0.040625
0 0.773958 0.106250 0.043750 0.035417
0 0.418229 0.935937 0.040625 0.051042
0 0.720833 0.863021 0.039583 0.030208
0 0.377604 0.136979 0.044792 0.030208
0 0.425521 0.705208 0.030208 0.039583
0 0.261979 0.101562 0.036458 0.051042
0 0.581771 0.936979 0.048958 0.044792
0 0.600521 0.763542 0.040625 0.054167
0 0.363542 0.414062 0.035417 0.048958
0 0.774479 0.557292 0.044792 0.035417
0 0.407292 0.751042 0.037500 0.033333
0 0.853646 0.336458 0.028125 0.043750
0 0.868229 0.867188 0.030208 0.044792
0 0.935937 0.436458 0.032292 0.039583
0 0.703125 0.240625 0.037500 0.047917
0 0.170833 0.940104 0.052083 0.034375
0 0.251042 0.901563 0.037500 0.023958
0 0.432812 0.459375 0.048958 0.039583
0 0.691667 0.658854 0.045833 0.048958
0 0.183333 0.957292 0.033333 0.047917
0 0.905729 0.189062 0.038542 0.055208
0 0.402083 0.672917 0.045833 0.031250
0 0.383854 0.766146 0.040625 0.036458
0 0.144792 0.682813 0.037500 0.019792
0 0.827604 0.514062 0.046875 0.048958
0 0.213021 0.428125 0.042708 0.037500
0 0.271875 0.363542 0.043750 0.025000
0 0.601562 0.944271 0.046875 0.028125
0 0.460938 0.497917 0.028125 0.043750
0 0.256250 0.363021 0.041667 0.048958
0 0.962500 0.954688 0.039583 0.023958
0 0.713542 0.177604 0.041667 0.055208
0 0.900521 0.227083 0.053125 0.045833
0 0.682813 0.682813 0.051042 0.042708
0 0.884375 0.232292 0.031250 0.037500
0 0.132292 0.439063 0.047917 0.048958
0 0.632812 0.744792 0.030208 0.039583
0 0.757812 0.861458 0.028125 0.050000
0 0.578646 0.816667 0.036458 0.047917
0 0.308333 0.427604 0.045833 0.038542
0 0.861979 0.248958 0.026042 0.039583
0 0.330729 0.805729 0.046875 0.036458
0 0.603646 0.739062 0.040625 0.036458
0 0.375000 0.403125 0.025000 0.043750
0 0.364063 0.380208 0.038542 0.035417
0 0.594792 0.381250 0.050000 0.047917
0 0.700521 0.765104 0.030208 0.053125
0 0.338021 0.649479 0.055208 0.042708
0 0.657813 0.248438 0.026042 0.044792
0 0.853125 0.149479 0.050000 0.053125
0 0.101562 0.616146 0.044792 0.030208
0 0.646354 0.396354 0.028125 0.048958
0 0.280208 0.354167 0.041667 0.029167
0 0.206250 0.347396 0.054167 0.048958
0 0.584896 0.342708 0.046875 0.031250
0 0.488542 0.891146 0.043750 0.042708
0 0.407292 0.512500 0.050000 0.050000
0 0.654167 0.573438 0.022917 0.038542
0 0.248438 0.630729 0.046875 0.023958
0 0.687500 0.316667 0.045833 0.043750
0 0.942708 0.096354 0.050000 0.040625
0 0.558854 0.220312 0.048958 0.028125
0 0.721354 0.481250 0.044792 0.047917
0 0.644271 0.817187 0.040625 0.028125
0 0.675000 0.742708 0.031250 0.045833
0 0.334375 0.094271 0.027083 0.048958
0 0.630208 0.616667 0.039583 0.041667
0 0.890104 0.409896 0.028125 0.040625
0 0.536458 0.764062 0.033333 0.040625
0 0.230208 0.659896 0.043750 0.021875
0 0.503125 0.952604 0.054167 0.036458
0 0.951562 0.484896 0.036458 0.040625
0 0.706250 0.720313 0.054167 0.042708
0 0.210417 0.871354 0.033333 0.040625
0 0.650000 0.798438 0.039583 0.028125
0 0.662500 0.559896 0.041667 0.048958
0 0.298958 0.600521 0.043750 0.055208
0 0.884896 0.138021 0.040625 0.023958
0 0.551562 0.442188 0.055208 0.046875
0 0.257292 0.199479 0.035417 0.040625
0 0.314063 0.899479 0.048958 0.046875
0 0.853646 0.197396 0.044792 0.040625
0 0.628125 0.616667 0.020833 0.035417
0 0.346875 0.226042 0.043750 0.033333
0 0.969792 0.752604 0.045833 0.026042
0 0.616146 0.615104 0.053125 0.051042
0 0.758333 0.372917 0.031250 0.037500
0 0.732812 0.866146 0.044792 0.042708
0 0.175000 0.084896 0.033333 0.040625
0 0.650521 0.355729 0.044792 0.042708
0 0.327083 0.874479 0.039583 0.030208
0 0.295312 0.749479 0.044792 0.026042
0 0.544792 0.611979 0.054167 0.044792
0 0.617188 0.659896 0.051042 0.038542
0 0.706771 0.698438 0.048958 0.055208
0 0.101562 0.917188 0.051042 0.044792
0 0.082812 0.608854 0.040625 0.055208
0 0.562500 0.247917 0.045833 0.027083
0 0.429167 0.534896 0.050000 0.040625
0 0.736979 0.855208 0.048958 0.033333
0 0.559375 0.269792 0.052083 0.033333
0 0.718750 0.277604 0.045833 0.048958
0 0.664062 0.346875 0.040625 0.041667
0 0.705208 0.700000 0.047917 0.037500
0 0.883854 0.923438 0.038542 0.023958
0 0.841667 0.181250 0.052083 0.045833
0 0.483333 0.707292 0.050000 0.047917
0 0.261458 0.722396 0.054167 0.048958
0 0.655208 0.318229 0.039583 0.028125
0 0.886979 0.535937 0.034375 0.040625
0 0.170313 0.515104 0.044792 0.026042
0 0.732292 0.347917 0.022917 0.035417
0 0.732292 0.172396 0.043750 0.040625
0 0.238021 0.602604 0.046875 0.055208
0 0.349479 0.450000 0.036458 0.018750
0 0.879687 0.741146 0.053125 0.030208
0 0.889583 0.254167 0.027083 0.037500
0 0.760417 0.276042 0.050000 0.047917
0 0.467708 0.524479 0.020833 0.040625
0 0.422917 0.350521 0.037500 0.040625
0 0.214583 0.584896 0.041667 0.044792
0 0.559896 0.498958 0.046875 0.029167
0 0.518750 0.592708 0.041667 0.027083
0 0.218229 0.618750 0.038542 0.043750
0 0.795312 0.302083 0.040625 0.047917
0 0.936458 0.100521 0.025000 0.046875
0 0.611979 0.681771 0.019792 0.038542
0 0.116667 0.944792 0.050000 0.033333
0 0.465104 0.508333 0.036458 0.037500
0 0.639062 0.173437 0.034375 0.046875
0 0.457292 0.190625 0.047917 0.035417
0 0.301042 0.626042 0.041667 0.039583
0 0.763542 0.256250 0.031250 0.050000
0 0.875000 0.754687 0.035417 0.040625
0 0.337500 0.304167 0.052083 0.047917
0 0.161979 0.680729 0.042708 0.023958
0 0.829688 0.409375 0.034375 0.037500
0 0.134375 0.393229 0.029167 0.051042
0 0.571354 0.497917 0.046875 0.027083
0 0.488542 0.691667 0.037500 0.029167
0 0.640104 0.648958 0.030208 0.050000
0 0.812500 0.948438 0.037500 0.038542
0 0.454688 0.167708 0.036458 0.052083
0 0.235937 0.726042 0.048958 0.052083
0 0.072396 0.587500 0.028125 0.050000
0 0.471354 0.906250 0.048958 0.052083
0 0.122396 0.940104 0.040625 0.034375
0 0.948958 0.698958 0.045833 0.043750
0 0.582812 0.911458 0.028125 0.050000
0 0.517708 0.252083 0.037500 0.047917
0 0.272917 0.758333 0.027083 0.047917
0 0.260417 0.538542 0.018750 0.035417
0 0.726042 0.127604 0.037500 0.044792
0 0.898958 0.613542 0.043750 0.025000
0 0.173958 0.888021 0.047917 0.046875
0 0.697917 0.501563 0.050000 0.038542
0 0.804688 0.746354 0.046875 0.055208
0 0.772396 0.268750 0.036458 0.018750
0 0.833854 0.100521 0.046875 0.048958
0 0.950000 0.730729 0.043750 0.042708
0 0.332813 0.792708 0.032292 0.047917
0 0.473438 0.436979 0.040625 0.034375
0 0.201042 0.249479 0.050000 0.040625
0 0.070833 0.225000 0.029167 0.045833
0 0.942708 0.785937 0.039583 0.036458
0 0.231771 0.520833 0.038542 0.033333
0 0.370833 0.473438 0.037500 0.044792
0 0.747917 0.203646 0.043750 0.042708
0 0.956250 0.534896 0.045833 0.038542
0 0.686979 0.655208 0.048958 0.025000
0 0.133854 0.091146 0.028125 0.048958
0 0.285938 0.655729 0.055208 0.046875
0 0.841667 0.604167 0.043750 0.022917
0 0.781250 0.291667 0.052083 0.047917
0 0.154167 0.811979 0.045833 0.026042
0 0.395833 0.169792 0.043750 0.045833
0 0.450000 0.154688 0.041667 0.023958
0 0.409896 0.094792 0.051042 0.050000
0 0.610938 0.701562 0.053125 0.053125
0 0.763542 0.497396 0.037500 0.019792
0 0.935417 0.103646 0.018750 0.038542
0 0.791667 0.625000 0.047917 0.033333
0 0.655729 0.288542 0.042708 0.029167
0 0.673438 0.814583 0.038542 0.052083
0 0.272917 0.780208 0.052083 0.043750
0 0.756250 0.447917 0.052083 0.037500
0 0.694271 0.251042 0.030208 0.043750
0 0.314583 0.521354 0.045833 0.055208
0 0.943750 0.423958 0.027083 0.041667
0 0.831250 0.230729 0.045833 0.032292
0 0.214583 0.854688 0.033333 0.044792
0 0.230729 0.671875 0.030208 0.043750
0 0.649479 0.169271 0.030208 0.048958
0 0.550000 0.660937 0.050000 0.042708
0 0.178125 0.793750 0.031250 0.037500
0 0.642188 0.802604 0.044792 0.042708
0 0.810417 0.511979 0.050000 0.042708
0 0.605729 0.379167 0.044792 0.045833
0 0.329167 0.819792 0.043750 0.033333
0 0.665625 0.963542 0.037500 0.035417
0 0.601562 0.425521 0.030208 0.040625
0 0.084896 0.269792 0.046875 0.043750
0 0.623958 0.822917 0.039583 0.052083
0 0.241667 0.277604 0.033333 0.044792
0 0.731250 0.772396 0.047917 0.028125
0 0.425000 0.430729 0.037500 0.053125
0 0.707292 0.417708 0.041667 0.052083
0 0.843750 0.158333 0.045833 0.052083
0 0.564063 0.134896 0.048958 0.030208
0 0.234375 0.725521 0.045833 0.038542
0 0.784896 0.510938 0.048958 0.044792
0 0.585938 0.939583 0.038542 0.033333
0 0.411458 0.922396 0.050000 0.038542
0 0.441146 0.261458 0.040625 0.041667
0 0.490625 0.280208 0.041667 0.029167
0 0.239583 0.559375 0.037500 0.035417
0 0.172396 0.904167 0.051042 0.033333
0 0.836458 0.865104 0.043750 0.021875
0 0.780208 0.492188 0.052083 0.051042
0 0.717187 0.515625 0.028125 0.039583
0 0.114583 0.788542 0.041667 0.025000
0 0.613542 0.239063 0.054167 0.046875
0 0.229167 0.767708 0.047917 0.037500
0 0.181250 0.631771 0.054167 0.048958
0 0.755208 0.507812 0.033333 0.040625
0 0.838542 0.914062 0.045833 0.055208
0 0.738542 0.361458 0.043750 0.037500
0 0.276562 0.717187 0.036458 0.040625
0 0.375000 0.232813 0.043750 0.032292
0 0.673438 0.533854 0.040625 0.026042
0 0.313542 0.376563 0.033333 0.044792
0 0.832812 0.294792 0.034375 0.043750
0 0.725000 0.383854 0.037500 0.019792
0 0.591146 0.802604 0.040625 0.055208
0 0.625521 0.100000 0.036458 0.043750
0 0.367188 0.684896 0.040625 0.028125
0 0.418750 0.476562 0.054167 0.046875
0 0.630208 0.717708 0.027083 0.047917
0 0.166667 0.482292 0.035417 0.018750
0 0.910937 0.167187 0.036458 0.046875
0 0.350000 0.944271 0.045833 0.048958
0 0.417187 0.852083 0.038542 0.029167
0 0.628646 0.282813 0.036458 0.017708
0 0.685937 0.325521 0.032292 0.040625
0 0.837500 0.174479 0.025000 0.042708
0 0.445312 0.408333 0.048958 0.035417
0 0.231771 0.881250 0.036458 0.037500
0 0.153646 0.273958 0.023958 0.043750
0 0.108333 0.377083 0.047917 0.035417
0 0.817708 0.397917 0.045833 0.043750
0 0.628646 0.760938 0.053125 0.032292
0 0.753125 0.774479 0.050000 0.053125
0 0.147396 0.154688 0.036458 0.040625
0 0.856250 0.420833 0.050000 0.050000
0 0.283333 0.764583 0.045833 0.052083
0 0.696354 0.869792 0.048958 0.052083
0 0.291667 0.778646 0.043750 0.021875
0 0.290625 0.952083 0.045833 0.043750
0 0.669792 0.865104 0.045833 0.032292
0 0.913542 0.510417 0.037500 0.047917
0 0.638542 0.163021 0.039583 0.036458
0 0.134896 0.098958 0.036458 0.047917
0 0.182812 0.875000 0.028125 0.043750
0 0.209375 0.275000 0.047917 0.039583
0 0.252083 0.754167 0.033333 0.043750
0 0.746875 0.415104 0.037500 0.038542
0 0.144792 0.579167 0.039583 0.020833
0 0.742708 0.732812 0.037500 0.048958
0 0.595833 0.127604 0.033333 0.048958
0 0.175521 0.742708 0.032292 0.043750
0 0.583854 0.626563 0.051042 0.042708
0 0.652604 0.350521 0.026042 0.040625
0 0.209896 0.926562 0.055208 0.044792
0 0.879687 0.275000 0.046875 0.052083
0 0.069792 0.598437 0.020833 0.038542
0 0.756250 0.868229 0.045833 0.055208
0 0.634896 0.936979 0.021875 0.042708
0 0.597396 0.757812 0.044792 0.042708
0 0.716667 0.615625 0.045833 0.043750
0 0.150000 0.919792 0.052083 0.039583
0 0.565625 0.525000 0.035417 0.052083
0 0.230729 0.277604 0.032292 0.040625
0 0.927083 0.537500 0.025000 0.047917
0 0.817187 0.945312 0.021875 0.044792
0 0.823438 0.610938 0.040625 0.036458
0 0.370833 0.603646 0.039583 0.023958
0 0.509375 0.699479 0.045833 0.036458
0 0.624479 0.358854 0.055208 0.046875
0 0.326562 0.908333 0.030208 0.039583
0 0.108854 0.948958 0.051042 0.031250
0 0.927604 0.755729 0.046875 0.040625
0 0.107813 0.238542 0.026042 0.045833
0 0.777604 0.604688 0.053125 0.053125
0 0.254688 0.445312 0.040625 0.055208
0 0.464062 0.524479 0.046875 0.026042
0 0.595833 0.767188 0.041667 0.048958
0 0.180208 0.171875 0.033333 0.037500
0 0.629687 0.779687 0.040625 0.030208
0 0.701042 0.320833 0.041667 0.027083
0 0.835938 0.568229 0.036458 0.017708
0 0.736979 0.263542 0.042708 0.037500
0 0.769271 0.175521 0.048958 0.032292
0 0.472396 0.316667 0.044792 0.052083
0 0.289583 0.626042 0.041667 0.039583
0 0.700521 0.612500 0.034375 0.043750
0 0.566667 0.904687 0.043750 0.042708
0 0.951042 0.814583 0.041667 0.039583
0 0.959896 0.752083 0.044792 0.027083
0 0.480208 0.791667 0.043750 0.035417
0 0.797396 0.933854 0.040625 0.028125
0 0.642188 0.466146 0.055208 0.044792
0 0.955729 0.530729 0.028125 0.040625
0 0.920312 0.407292 0.038542 0.027083
0 0.129688 0.763542 0.036458 0.037500
0 0.133333 0.265625 0.033333 0.037500
0 0.432812 0.471354 0.034375 0.046875
0 0.652604 0.484896 0.040625 0.019792
0 0.909375 0.361979 0.054167 0.051042
0 0.821354 0.648438 0.051042 0.055208
0 0.466146 0.724479 0.055208 0.048958
0 0.346875 0.290625 0.027083 0.037500
0 0.734375 0.886458 0.037500 0.029167
0 0.948958 0.754167 0.035417 0.020833
0 0.468229 0.243750 0.036458 0.018750
0 0.451562 0.328646 0.040625 0.051042
0 0.776042 0.918229 0.043750 0.042708
0 0.501563 0.629167 0.048958 0.035417
0 0.257292 0.451042 0.020833 0.035417
0 0.270313 0.191146 0.044792 0.032292
0 0.232813 0.566667 0.032292 0.043750
0 0.454167 0.831771 0.050000 0.042708
0 0.778646 0.665104 0.055208 0.040625
0 0.403646 0.200000 0.040625 0.041667
0 0.093750 0.525521 0.054167 0.038542
0 0.936979 0.914062 0.051042 0.044792
0 0.682292 0.755729 0.050000 0.038542
0 0.776042 0.279167 0.037500 0.031250
0 0.248958 0.937500 0.035417 0.020833
0 0.576042 0.357812 0.050000 0.034375
0 0.357812 0.870833 0.021875 0.037500
0 0.659375 0.894792 0.043750 0.033333
0 0.667708 0.505729 0.035417 0.048958
0 0.497917 0.640625 0.041667 0.031250
0 0.127604 0.383854 0.038542 0.055208
0 0.747917 0.751563 0.039583 0.036458
0 0.745833 0.753646 0.018750 0.038542
0 0.416146 0.398958 0.038542 0.047917
0 0.091667 0.503646 0.027083 0.048958
0 0.545312 0.262500 0.038542 0.027083
0 0.379167 0.367188 0.029167 0.046875
0 0.372917 0.914583 0.050000 0.050000
0 0.410417 0.861458 0.035417 0.037500
0 0.860417 0.264583 0.027083 0.037500
0 0.891667 0.601562 0.033333 0.044792
0 0.785937 0.138542 0.051042 0.050000
0 0.593229 0.809375 0.023958 0.047917
0 0.194271 0.862500 0.026042 0.045833
0 0.117188 0.328125 0.040625 0.041667
0 0.963542 0.690625 0.037500 0.025000
0 0.425521 0.558854 0.026042 0.044792
0 0.612500 0.622396 0.025000 0.038542
0 0.823438 0.611979 0.051042 0.053125
0 0.323958 0.559375 0.031250 0.050000
0 0.417708 0.184375 0.037500 0.025000
0 0.351562 0.577083 0.038542 0.029167
0 0.144792 0.092188 0.039583 0.038542
0 0.681250 0.642708 0.025000 0.043750
0 0.896875 0.968750 0.029167 0.050000
0 0.938542 0.642708 0.043750 0.031250
0 0.502083 0.509375 0.029167 0.041667
0 0.069792 0.929167 0.035417 0.052083
0 0.547917 0.154688 0.054167 0.051042
0 0.928646 0.290104 0.030208 0.044792
0 0.315104 0.422917 0.044792 0.033333
0 0.522917 0.442708 0.035417 0.022917
0 0.117188 0.468750 0.053125 0.047917
0 0.810417 0.706771 0.054167 0.046875
0 0.844271 0.413021 0.034375 0.046875
0 0.584375 0.830729 0.027083 0.042708
0 0.251042 0.184375 0.043750 0.045833
0 0.641667 0.797396 0.037500 0.048958
0 0.872917 0.856771 0.039583 0.044792
0 0.294271 0.422917 0.053125 0.041667
0 0.280729 0.800521 0.034375 0.040625
0 0.656250 0.824479 0.043750 0.048958
0 0.747917 0.221875 0.031250 0.037500
0 0.469271 0.223958 0.036458 0.047917
0 0.092708 0.606771 0.054167 0.048958
0 0.857812 0.345313 0.055208 0.044792
0 0.593750 0.947917 0.039583 0.025000
0 0.417187 0.779167 0.048958 0.052083
0 0.534896 0.527604 0.036458 0.046875
0 0.263021 0.119792 0.048958 0.033333
0 0.907813 0.681250 0.032292 0.043750
0 0.504687 0.177604 0.023958 0.042708
0 0.160417 0.136458 0.031250 0.045833
0 0.329167 0.510417 0.031250 0.041667
0 0.296875 0.744271 0.037500 0.038542
0 0.594792 0.298438 0.039583 0.036458
0 0.901042 0.080729 0.050000 0.028125
0 0.631771 0.592187 0.044792 0.048958
0 0.921875 0.261458 0.033333 0.050000
0 0.203646 0.443229 0.040625 0.036458
0 0.140104 0.665625 0.048958 0.039583
0 0.818750 0.857292 0.052083 0.039583
0 0.591146 0.659375 0.042708 0.039583
0 0.126042 0.503125 0.037500 0.029167
0 0.228646 0.847396 0.023958 0.042708
0 0.457292 0.131250 0.052083 0.039583
0 0.830729 0.385937 0.040625 0.036458
0 0.844792 0.848437 0.027083 0.046875
0 0.584896 0.190625 0.046875 0.043750
0 0.271354 0.852083 0.021875 0.039583
0 0.232292 0.743229 0.045833 0.048958
0 0.777083 0.585938 0.039583 0.038542
0 0.080208 0.771354 0.045833 0.023958
0 0.738021 0.945833 0.028125 0.045833
0 0.729167 0.236458 0.043750 0.027083
0 0.830208 0.719792 0.045833 0.031250
0 0.382292 0.966146 0.035417 0.044792
0 0.971875 0.259375 0.047917 0.039583
0 0.280729 0.126042 0.038542 0.047917
0 0.225000 0.649479 0.037500 0.048958
0 0.392188 0.755729 0.055208 0.042708
0 0.562500 0.815104 0.035417 0.044792
0 0.313021 0.845313 0.040625 0.030208
0 0.619792 0.492188 0.039583 0.034375
0 0.617188 0.798958 0.040625 0.054167
0 0.553125 0.155208 0.022917 0.039583
0 0.953125 0.512500 0.050000 0.029167
0 0.498437 0.100521 0.044792 0.051042
0 0.256250 0.968750 0.033333 0.047917
0 0.569792 0.753646 0.031250 0.044792
0 0.361458 0.669271 0.054167 0.046875
0 0.244792 0.567708 0.052083 0.039583
0 0.942187 0.081250 0.030208 0.043750
0 0.753646 0.910937 0.040625 0.044792
0 0.130208 0.957292 0.041667 0.047917
0 0.264583 0.432292 0.047917 0.025000
0 0.624479 0.127083 0.030208 0.050000
0 0.872917 0.933854 0.054167 0.048958
0 0.875000 0.496354 0.043750 0.042708
0 0.123958 0.239583 0.025000 0.043750
0 0.330208 0.307292 0.027083 0.041667
0 0.839583 0.154688 0.054167 0.046875
0 0.654687 0.539062 0.055208 0.038542
0 0.496354 0.745313 0.044792 0.051042
0 0.465625 0.701042 0.033333 0.052083
0 0.496354 0.821875 0.040625 0.041667
0 0.446875 0.890104 0.047917 0.053125
0 0.405729 0.101042 0.038542 0.029167
0 0.933854 0.135937 0.038542 0.046875
0 0.907292 0.893229 0.022917 0.040625
0 0.750000 0.498437 0.052083 0.032292
0 0.485938 0.217708 0.023958 0.037500
0 0.228646 0.642708 0.038542 0.025000
0 0.600000 0.108854 0.031250 0.040625
0 0.468229 0.596354 0.055208 0.038542
0 0.304688 0.356250 0.026042 0.041667
0 0.520312 0.157812 0.051042 0.044792
0 0.659896 0.478646 0.028125 0.044792
0 0.208854 0.878125 0.044792 0.022917
0 0.193750 0.781250 0.045833 0.029167
0 0.882292 0.280208 0.018750 0.035417
0 0.078125 0.616146 0.039583 0.026042
0 0.753125 0.889062 0.052083 0.030208
0 0.479687 0.160417 0.028125 0.050000
0 0.100000 0.929688 0.043750 0.026042
0 0.521875 0.520833 0.031250 0.050000
0 0.341146 0.430208 0.040625 0.041667
0 0.310937 0.359896 0.046875 0.023958
0 0.724479 0.284896 0.040625 0.036458
0 0.822396 0.440625 0.046875 0.031250
0 0.897917 0.267708 0.027083 0.041667
0 0.432812 0.127083 0.048958 0.037500
0 0.854688 0.613021 0.028125 0.040625
0 0.197396 0.393229 0.051042 0.028125
0 0.217708 0.398438 0.039583 0.038542
0 0.354167 0.230729 0.039583 0.026042
0 0.755729 0.775000 0.042708 0.037500
0 0.392188 0.966146 0.028125 0.040625
0 0.188021 0.420312 0.023958 0.042708
0 0.459896 0.377083 0.038542 0.043750
0 0.188021 0.266146 0.030208 0.053125
0 0.327083 0.484896 0.039583 0.030208
0 0.121354 0.384375 0.028125 0.045833
0 0.367708 0.349479 0.027083 0.042708
0 0.547396 0.100521 0.046875 0.048958
0 0.554167 0.217188 0.050000 0.038542
0 0.136458 0.253125 0.022917 0.039583
0 0.479167 0.607292 0.043750 0.045833
0 0.689583 0.949479 0.039583 0.028125
0 0.563021 0.866146 0.051042 0.042708
0 0.218750 0.427083 0.037500 0.035417
0 0.220312 0.241146 0.030208 0.044792
0 0.501563 0.954688 0.021875 0.042708
0 0.622396 0.330729 0.019792 0.038542
0 0.371875 0.219792 0.035417 0.037500
0 0.916667 0.863021 0.027083 0.042708
0 0.471875 0.378646 0.043750 0.048958
0 0.332292 0.750521 0.031250 0.048958
0 0.254167 0.338542 0.020833 0.035417
0 0.091667 0.325000 0.039583 0.041667
0 0.766146 0.083333 0.036458 0.052083
0 0.205208 0.626563 0.050000 0.028125
0 0.146875 0.966146 0.043750 0.040625
0 0.393229 0.278125 0.051042 0.033333
0 0.071354 0.470833 0.030208 0.039583
0 0.415104 0.272917 0.038542 0.022917
0 0.548438 0.141146 0.051042 0.034375
0 0.566146 0.736979 0.040625 0.023958
0 0.245833 0.638021 0.041667 0.048958
0 0.394271 0.808854 0.030208 0.053125
0 0.886979 0.240104 0.055208 0.040625
0 0.870833 0.227604 0.039583 0.038542
0 0.788542 0.383854 0.031250 0.040625
0 0.866667 0.539583 0.037500 0.041667
0 0.669792 0.758333 0.039583 0.022917
0 0.784375 0.837500 0.033333 0.043750
0 0.292708 0.442708 0.037500 0.035417
0 0.133333 0.472917 0.041667 0.047917
0 0.439063 0.798438 0.038542 0.055208
0 0.675521 0.707292 0.051042 0.050000
0 0.176563 0.469792 0.044792 0.047917
0 0.123438 0.144271 0.055208 0.048958
0 0.645833 0.085938 0.022917 0.046875
0 0.081771 0.864062 0.042708 0.023958
0 0.083854 0.266146 0.030208 0.048958
0 0.315625 0.570833 0.037500 0.047917
0 0.261979 0.364583 0.036458 0.018750
0 0.503125 0.648958 0.041667 0.025000
0 0.904167 0.321875 0.047917 0.025000
0 0.211458 0.663542 0.029167 0.045833
0 0.731250 0.079167 0.041667 0.029167
0 0.090625 0.161458 0.035417 0.043750
0 0.420833 0.260417 0.039583 0.022917
0 0.543750 0.924479 0.020833 0.038542
0 0.465625 0.133854 0.033333 0.044792
0 0.761979 0.320312 0.032292 0.048958
0 0.538542 0.182812 0.033333 0.040625
0 0.920312 0.661979 0.046875 0.038542
0 0.529167 0.515104 0.050000 0.026042
0 0.352083 0.920312 0.047917 0.046875
0 0.361979 0.416146 0.055208 0.042708
0 0.316146 0.393229 0.040625 0.028125
0 0.427604 0.515104 0.021875 0.038542
0 0.651042 0.691146 0.039583 0.036458
0 0.742708 0.697396 0.050000 0.026042
0 0.343750 0.291667 0.029167 0.037500
0 0.826562 0.701042 0.028125 0.050000
0 0.078646 0.236979 0.032292 0.046875
0 0.311979 0.338542 0.038542 0.025000
0 0.510938 0.811458 0.023958 0.041667
0 0.758333 0.235417 0.041667 0.025000
0 0.216146 0.257292 0.053125 0.041667
0 0.758333 0.346875 0.037500 0.029167
0 0.713021 0.820833 0.046875 0.031250
0 0.523958 0.712500 0.052083 0.045833
0 0.916146 0.707812 0.038542 0.051042
0 0.875521 0.117188 0.030208 0.048958
0 0.867188 0.507812 0.044792 0.055208
0 0.657292 0.098437 0.037500 0.044792
0 0.166667 0.174479 0.037500 0.053125
0 0.966667 0.794271 0.039583 0.030208
0 0.740104 0.604167 0.044792 0.033333
0 0.898438 0.146875 0.038542 0.043750
0 0.546875 0.368750 0.047917 0.052083
0 0.730208 0.915104 0.037500 0.023958
0 0.852083 0.644792 0.029167 0.041667
0 0.380208 0.305208 0.047917 0.050000
0 0.924479 0.938542 0.038542 0.035417
0 0.739583 0.946875 0.035417 0.043750
0 0.088021 0.253125 0.021875 0.041667
0 0.876042 0.909896 0.041667 0.055208
0 0.921875 0.323958 0.033333 0.045833
0 0.331250 0.129167 0.052083 0.043750
0 0.265104 0.807813 0.046875 0.036458
0 0.479167 0.192708 0.043750 0.025000
0 0.880729 0.269271 0.042708 0.044792
0 0.533854 0.331250 0.030208 0.050000
0 0.890104 0.210417 0.038542 0.025000
0 0.079167 0.102083 0.041667 0.047917
0 0.376042 0.376042 0.027083 0.047917
0 0.589063 0.742708 0.034375 0.043750
0 0.507812 0.076042 0.053125 0.043750
0 0.655208 0.327604 0.054167 0.048958
0 0.575000 0.931250 0.050000 0.029167
0 0.465625 0.457813 0.050000 0.034375
0 0.553646 0.401042 0.023958 0.047917
0 0.748958 0.491667 0.043750 0.035417
0 0.642188 0.869271 0.032292 0.044792
0 0.276562 0.712500 0.044792 0.025000
0 0.189583 0.652083 0.031250 0.041667
0 0.915625 0.368750 0.045833 0.043750
0 0.436979 0.960417 0.028125 0.039583
0 0.736458 0.646354 0.033333 0.044792
0 0.441667 0.449479 0.022917 0.040625
0 0.494792 0.684896 0.037500 0.044792
0 0.755208 0.549479 0.045833 0.028125
0 0.194792 0.621354 0.045833 0.048958
0 0.207813 0.625000 0.028125 0.043750
0 0.400000 0.362500 0.037500 0.025000
0 0.186979 0.497396 0.051042 0.038542
0 0.545312 0.926042 0.042708 0.033333
0 0.507812 0.384375 0.036458 0.020833
0 0.386979 0.903125 0.042708 0.029167
0 0.874479 0.949479 0.055208 0.042708
0 0.611458 0.855208 0.047917 0.037500
0 0.895312 0.940104 0.044792 0.042708
0 0.252604 0.214583 0.048958 0.052083
0 0.799479 0.366667 0.038542 0.043750
0 0.682292 0.555729 0.039583 0.053125
0 0.206250 0.761458 0.031250 0.045833
0 0.222396 0.666667 0.036458 0.043750
0 0.363542 0.113542 0.037500 0.035417
0 0.779167 0.932292 0.031250 0.043750
0 0.525000 0.721875 0.043750 0.037500
0 0.504687 0.325521 0.026042 0.040625
0 0.946875 0.146875 0.039583 0.047917
0 0.687500 0.492188 0.033333 0.040625
0 0.723437 0.173958 0.053125 0.037500
0 0.299479 0.556250 0.048958 0.052083
0 0.862500 0.203646 0.033333 0.053125
0 0.656771 0.878646 0.032292 0.040625
0 0.261458 0.491146 0.054167 0.042708
0 0.404167 0.381250 0.035417 0.018750
0 0.464062 0.166667 0.042708 0.041667
0 0.613542 0.773958 0.039583 0.047917
0 0.292187 0.314583 0.034375 0.043750
0 0.435937 0.130729 0.053125 0.051042
0 0.088542 0.572917 0.027083 0.047917
0 0.676042 0.135937 0.041667 0.044792