0 0.434375 0.881250 0.031250 0.037500
0 0.784375 0.704167 0.025000 0.039583
0 0.765104 0.318229 0.042708 0.044792
0 0.363021 0.793229 0.051042 0.042708
0 0.179688 0.264062 0.023958 0.042708
0 0.686979 0.715625 0.040625 0.041667
0 0.225000 0.265625 0.045833 0.043750
0 0.390104 0.913542 0.019792 0.035417
0 0.465104 0.582292 0.030208 0.047917
0 0.568750 0.882292 0.029167 0.041667
0 0.963542 0.196875 0.047917 0.039583
0 0.727083 0.795833 0.029167 0.050000
0 0.606771 0.713021 0.040625 0.038542
0 0.232813 0.276042 0.028125 0.043750
0 0.782292 0.767188 0.035417 0.040625
0 0.862500 0.733333 0.022917 0.037500
0 0.509375 0.811458 0.037500 0.035417
0 0.135937 0.286979 0.038542 0.038542
0 0.114583 0.830208 0.041667 0.031250
0 0.390104 0.470833 0.048958 0.041667
0 0.892708 0.117188 0.029167 0.044792
0 0.618229 0.328646 0.030208 0.044792
0 0.452604 0.135417 0.034375 0.047917
0 0.535417 0.381771 0.041667 0.048958
0 0.456250 0.831250 0.039583 0.041667
0 0.746354 0.641146 0.019792 0.038542
0 0.116146 0.619271 0.021875 0.038542
0 0.518229 0.360417 0.038542 0.033333
0 0.641667 0.442188 0.043750 0.048958
0 0.215104 0.511458 0.028125 0.039583
0 0.917708 0.665104 0.054167 0.048958
0 0.533333 0.164583 0.043750 0.025000
0 0.247396 0.827604 0.044792 0.042708
0 0.687500 0.323437 0.033333 0.053125
0 0.306250 0.565104 0.045833 0.026042
0 0.563021 0.203646 0.038542 0.051042
0 0.416667 0.133333 0.033333 0.043750
0 0.720833 0.436979 0.052083 0.032292
0 0.867188 0.560937 0.026042 0.051042
0 0.379688 0.520833 0.040625 0.020833
0 0.227083 0.706771 0.043750 0.055208
0 0.337500 0.256771 0.041667 0.044792
0 0.728646 0.244792 0.038542 0.031250
0 0.685417 0.263021 0.045833 0.048958
0 0.781771 0.230729 0.046875 0.048958
0 0.469792 0.388542 0.031250 0.045833
0 0.677083 0.079167 0.029167 0.041667
0 0.449479 0.518229 0.040625 0.030208
0 0.183333 0.344792 0.033333 0.037500
0 0.667708 0.091667 0.037500 0.031250
0 0.475521 0.444792 0.053125 0.039583
0 0.899479 0.796354 0.046875 0.048958
0 0.351042 0.441667 0.052083 0.039583
0 0.821354 0.477083 0.048958 0.037500
0 0.687500 0.088542 0.027083 0.037500
0 0.863021 0.495833 0.046875 0.043750
0 0.113021 0.795312 0.040625 0.038542
0 0.546875 0.251563 0.043750 0.028125
0 0.483854 0.722396 0.044792 0.051042
0 0.820833 0.670833 0.039583 0.041667
0 0.506771 0.692708 0.042708 0.037500
0 0.365104 0.468229 0.034375 0.040625
0 0.576042 0.145833 0.052083 0.045833
0 0.844271 0.867708 0.046875 0.043750
0 0.131250 0.203125 0.039583 0.025000
0 0.844792 0.954167 0.052083 0.047917
0 0.118750 0.641146 0.041667 0.055208
0 0.569792 0.611979 0.033333 0.044792
0 0.568750 0.367188 0.035417 0.040625
0 0.382292 0.110417 0.043750 0.025000
0 0.443750 0.171875 0.031250 0.037500
0 0.115625 0.342708 0.047917 0.052083
0 0.517708 0.608854 0.045833 0.023958
0 0.327083 0.355729 0.054167 0.042708
0 0.206250 0.844271 0.045833 0.023958
0 0.700521 0.681250 0.036458 0.043750
0 0.140625 0.916146 0.022917 0.042708
0 0.272917 0.067708 0.050000 0.031250
0 0.422917 0.179167 0.039583 0.041667
0 0.595833 0.739062 0.041667 0.044792
0 0.423438 0.363021 0.044792 0.042708
0 0.843229 0.865104 0.048958 0.046875
0 0.594271 0.807292 0.042708 0.031250
0 0.966667 0.547917 0.052083 0.043750
0 0.542708 0.529687 0.022917 0.044792
0 0.716146 0.935937 0.040625 0.044792
0 0.713021 0.330208 0.048958 0.035417
0 0.863021 0.893750 0.053125 0.043750
0 0.120833 0.270833 0.039583 0.020833
0 0.596875 0.921875 0.041667 0.039583
0 0.178125 0.879687 0.035417 0.040625
0 0.325521 0.094792 0.046875 0.043750
0 0.861458 0.828646 0.022917 0.040625
0 0.494792 0.864062 0.045833 0.023958
0 0.431771 0.191146 0.051042 0.053125
0 0.952083 0.704167 0.037500 0.033333
0 0.331771 0.467187 0.036458 0.046875
0 0.878646 0.441667 0.048958 0.052083
0 0.788021 0.184896 0.048958 0.046875
0 0.084896 0.716667 0.046875 0.043750
0 0.393229 0.889062 0.042708 0.051042
0 0.541146 0.537500 0.034375 0.043750
0 0.578646 0.767188 0.048958 0.046875
0 0.602604 0.114583 0.053125 0.045833
0 0.300000 0.484896 0.041667 0.055208
0 0.468750 0.590104 0.043750 0.048958
0 0.931250 0.566667 0.041667 0.047917
0 0.615625 0.600000 0.035417 0.020833
0 0.580208 0.949479 0.054167 0.048958
0 0.835417 0.679167 0.031250 0.037500
0 0.374479 0.775000 0.028125 0.041667
0 0.450000 0.511458 0.052083 0.037500
0 0.151562 0.392188 0.055208 0.048958
0 0.896354 0.413021 0.030208 0.044792
0 0.320312 0.336458 0.036458 0.043750
0 0.348958 0.815625 0.052083 0.037500
0 0.794271 0.139583 0.051042 0.047917
0 0.619271 0.954688 0.048958 0.055208
0 0.353646 0.094792 0.030208 0.039583
0 0.524479 0.331771 0.044792 0.055208
0 0.651563 0.420833 0.038542 0.025000
0 0.520833 0.662500 0.047917 0.039583
0 0.296354 0.330729 0.032292 0.053125
0 0.888021 0.896354 0.044792 0.040625
0 0.843229 0.259896 0.040625 0.036458
0 0.354167 0.714063 0.031250 0.048958
0 0.922396 0.082812 0.044792 0.021875
0 0.465625 0.766667 0.045833 0.052083
0 0.550000 0.500521 0.031250 0.044792
0 0.904687 0.484896 0.048958 0.028125
0 0.311458 0.860938 0.047917 0.046875
0 0.228125 0.103646 0.043750 0.055208
0 0.627083 0.863542 0.041667 0.052083
0 0.082812 0.316146 0.044792 0.042708
0 0.347917 0.782813 0.041667 0.048958
0 0.516146 0.400521 0.036458 0.046875
0 0.169271 0.151042 0.019792 0.035417
0 0.905208 0.581771 0.027083 0.051042
0 0.960417 0.435937 0.050000 0.044792
0 0.340625 0.656250 0.039583 0.052083
0 0.934896 0.689583 0.051042 0.033333
0 0.722917 0.132812 0.041667 0.032292
0 0.805729 0.536979 0.040625 0.051042
0 0.651563 0.284375 0.042708 0.025000
0 0.477604 0.473958 0.042708 0.041667
0 0.402083 0.467187 0.039583 0.032292
0 0.515104 0.903646 0.048958 0.055208
0 0.626042 0.170313 0.045833 0.048958
0 0.828125 0.509375 0.033333 0.052083
0 0.640104 0.351042 0.036458 0.037500
0 0.933333 0.116146 0.031250 0.051042
0 0.788021 0.227083 0.048958 0.039583
0 0.606250 0.335938 0.041667 0.042708
0 0.617188 0.083333 0.032292 0.047917
0 0.173958 0.169792 0.035417 0.035417
0 0.497396 0.855729 0.055208 0.044792
0 0.379167 0.716667 0.047917 0.039583
0 0.766667 0.881250 0.045833 0.045833
0 0.706771 0.155208 0.028125 0.045833
0 0.792188 0.296354 0.040625 0.038542
0 0.755208 0.956250 0.033333 0.050000
0 0.406250 0.092708 0.052083 0.037500
0 0.736979 0.758854 0.055208 0.046875
0 0.635417 0.958854 0.029167 0.040625
0 0.350000 0.559896 0.054167 0.051042
0 0.769271 0.615104 0.036458 0.046875
0 0.158333 0.414583 0.039583 0.025000
0 0.533333 0.183333 0.033333 0.047917
0 0.597917 0.349479 0.043750 0.028125
0 0.258333 0.657813 0.033333 0.048958
0 0.336458 0.290104 0.041667 0.048958
0 0.311458 0.539583 0.041667 0.031250
0 0.587500 0.491146 0.039583 0.038542
0 0.779687 0.440104 0.044792 0.051042
0 0.147396 0.271875 0.023958 0.037500
0 0.217188 0.315104 0.042708 0.023958
0 0.946354 0.440625 0.038542 0.027083
0 0.685417 0.241146 0.018750 0.036458
0 0.367188 0.631250 0.053125 0.045833
0 0.904687 0.574479 0.044792 0.042708
0 0.251042 0.864583 0.037500 0.029167
0 0.947396 0.221875 0.034375 0.047917
0 0.319792 0.561458 0.029167 0.041667
0 0.223438 0.325000 0.038542 0.035417
0 0.778125 0.311458 0.037500 0.027083
0 0.668229 0.533854 0.053125 0.030208
0 0.548438 0.858854 0.055208 0.044792
0 0.788021 0.519792 0.026042 0.041667
0 0.583333 0.409896 0.045833 0.034375
0 0.465104 0.446354 0.040625 0.032292
0 0.607292 0.687500 0.035417 0.037500
0 0.536979 0.126562 0.051042 0.040625
0 0.437500 0.894792 0.035417 0.037500
0 0.728646 0.384375 0.036458 0.020833
0 0.845833 0.430208 0.027083 0.047917
0 0.182812 0.557813 0.046875 0.036458
0 0.189583 0.894271 0.054167 0.038542
0 0.601562 0.582812 0.048958 0.055208
0 0.905208 0.797917 0.031250 0.041667
0 0.761458 0.312500 0.020833 0.035417
0 0.137500 0.735938 0.054167 0.048958
0 0.674479 0.770833 0.051042 0.031250
0 0.195833 0.726562 0.050000 0.038542
0 0.075000 0.896875 0.041667 0.029167
0 0.320833 0.910937 0.031250 0.053125
0 0.809375 0.465625 0.029167 0.050000
0 0.357292 0.632812 0.031250 0.040625
0 0.402604 0.112500 0.034375 0.039583
0 0.721354 0.825521 0.046875 0.038542
0 0.267708 0.200521 0.037500 0.048958
0 0.506250 0.967187 0.033333 0.044792
0 0.770312 0.290625 0.019792 0.039583
0 0.431250 0.932813 0.039583 0.028125
0 0.764583 0.339062 0.050000 0.034375
0 0.552083 0.575000 0.031250 0.041667
0 0.750000 0.896354 0.052083 0.030208
0 0.724479 0.377604 0.026042 0.040625
0 0.783333 0.652604 0.039583 0.044792
0 0.629167 0.391667 0.045833 0.052083
0 0.608854 0.252083 0.048958 0.027083
0 0.511979 0.232813 0.044792 0.028125
0 0.689583 0.108333 0.035417 0.018750
0 0.471875 0.617188 0.039583 0.030208
0 0.820312 0.563021 0.040625 0.034375
0 0.408333 0.794271 0.043750 0.048958
0 0.665625 0.593750 0.047917 0.037500
0 0.621354 0.395313 0.051042 0.036458
0 0.827083 0.739583 0.039583 0.047917
0 0.690625 0.529167 0.035417 0.047917
0 0.432292 0.375000 0.043750 0.035417
0 0.115104 0.566146 0.048958 0.028125
0 0.519271 0.838542 0.032292 0.047917
0 0.242708 0.966146 0.020833 0.040625
0 0.451042 0.720313 0.022917 0.040625
0 0.452604 0.941146 0.055208 0.051042
0 0.230729 0.741146 0.040625 0.046875
0 0.563542 0.146875 0.047917 0.039583
0 0.086979 0.821875 0.051042 0.050000
0 0.769792 0.361979 0.022917 0.038542
0 0.651042 0.678125 0.029167 0.037500
0 0.552083 0.471354 0.054167 0.046875
0 0.232813 0.130208 0.030208 0.050000
0 0.239583 0.394271 0.037500 0.038542
0 0.175000 0.548438 0.054167 0.048958
0 0.569271 0.658333 0.021875 0.043750
0 0.732292 0.796875 0.045833 0.052083
0 0.676562 0.605729 0.040625 0.019792
0 0.886979 0.113021 0.048958 0.034375
0 0.556771 0.369271 0.051042 0.026042
0 0.781771 0.497396 0.034375 0.040625
0 0.191146 0.284896 0.023958 0.040625
0 0.095833 0.604688 0.039583 0.036458
0 0.643750 0.916667 0.043750 0.035417
0 0.316667 0.250000 0.025000 0.037500
0 0.912500 0.927083 0.043750 0.037500
0 0.295833 0.464062 0.050000 0.040625
0 0.349479 0.135937 0.042708 0.044792
0 0.836979 0.922917 0.030208 0.039583
0 0.944792 0.730208 0.037500 0.031250
0 0.139583 0.733854 0.043750 0.048958
0 0.318229 0.354687 0.046875 0.055208
0 0.531250 0.222396 0.047917 0.046875
0 0.268229 0.645833 0.051042 0.050000
0 0.777604 0.953646 0.042708 0.044792
0 0.548438 0.838021 0.053125 0.032292
0 0.936458 0.120833 0.045833 0.052083
0 0.077604 0.446875 0.036458 0.022917
0 0.951042 0.364063 0.035417 0.040625
0 0.871875 0.352083 0.043750 0.052083
0 0.378125 0.859896 0.039583 0.034375
0 0.363021 0.142187 0.036458 0.040625
0 0.359375 0.959375 0.045833 0.043750
0 0.546354 0.957292 0.038542 0.037500
0 0.906250 0.105208 0.037500 0.031250
0 0.951042 0.907813 0.031250 0.048958
0 0.347917 0.446875 0.039583 0.041667
0 0.644792 0.303125 0.047917 0.039583
0 0.160417 0.699479 0.022917 0.038542
0 0.875521 0.434896 0.040625 0.023958
0 0.130208 0.351562 0.043750 0.055208
0 0.441667 0.888542 0.037500 0.041667
0 0.589583 0.076563 0.047917 0.028125
0 0.584896 0.431250 0.030208 0.039583
0 0.252083 0.108854 0.031250 0.040625
0 0.091667 0.198958 0.029167 0.037500
0 0.491146 0.389062 0.051042 0.026042
0 0.677604 0.962500 0.036458 0.037500
0 0.147917 0.570312 0.045833 0.055208
0 0.838542 0.128125 0.045833 0.029167
0 0.610417 0.207292 0.037500 0.031250
0 0.502604 0.471875 0.046875 0.033333
0 0.204167 0.813021 0.029167 0.051042
0 0.719271 0.528646 0.044792 0.040625
0 0.408854 0.394271 0.023958 0.048958
0 0.190104 0.905729 0.038542 0.055208
0 0.960938 0.573958 0.053125 0.041667
0 0.804167 0.655729 0.047917 0.053125
0 0.541667 0.270833 0.039583 0.041667
0 0.686979 0.356250 0.042708 0.054167
0 0.435417 0.571875 0.043750 0.022917
0 0.912500 0.785937 0.037500 0.044792
0 0.097917 0.126562 0.054167 0.040625
0 0.584896 0.856250 0.023958 0.045833
0 0.442708 0.759896 0.050000 0.042708
0 0.362500 0.627083 0.041667 0.047917
0 0.757292 0.928125 0.043750 0.033333
0 0.635417 0.369271 0.027083 0.046875
0 0.926042 0.135417 0.047917 0.050000
0 0.298438 0.383333 0.044792 0.033333
0 0.396875 0.609896 0.054167 0.042708
0 0.786979 0.380208 0.046875 0.029167
0 0.356771 0.377083 0.042708 0.047917