0 0.172917 0.243750 0.027083 0.037500
0 0.832812 0.893750 0.019792 0.039583
0 0.844792 0.570312 0.045833 0.038542
0 0.746354 0.109896 0.028125 0.044792
0 0.138021 0.465625 0.053125 0.039583
0 0.920312 0.410417 0.048958 0.025000
0 0.724479 0.135937 0.040625 0.032292
0 0.634375 0.361979 0.039583 0.028125
0 0.693229 0.932813 0.040625 0.034375
0 0.426042 0.972917 0.035417 0.052083
0 0.889583 0.238542 0.029167 0.041667
0 0.479687 0.121875 0.030208 0.043750
0 0.337500 0.727083 0.047917 0.035417
0 0.825521 0.156250 0.032292 0.039583
0 0.431771 0.288021 0.051042 0.044792
0 0.294271 0.664583 0.036458 0.018750
0 0.396875 0.639062 0.045833 0.026042
0 0.411979 0.557813 0.038542 0.023958
0 0.835417 0.922396 0.037500 0.053125
0 0.331250 0.676562 0.033333 0.044792
0 0.912500 0.911458 0.041667 0.047917
0 0.073958 0.836979 0.043750 0.042708
0 0.615104 0.422396 0.034375 0.048958
0 0.388542 0.839583 0.037500 0.047917
0 0.809896 0.503646 0.048958 0.046875
0 0.691667 0.558333 0.029167 0.045833
0 0.542188 0.173958 0.032292 0.039583
0 0.608333 0.361458 0.050000 0.047917
0 0.153125 0.969271 0.033333 0.053125
0 0.322917 0.516146 0.045833 0.038542
0 0.298438 0.910937 0.036458 0.040625
0 0.684896 0.757812 0.044792 0.051042
0 0.467708 0.114583 0.025000 0.037500
0 0.211979 0.285417 0.028125 0.043750
0 0.755729 0.457292 0.046875 0.045833
0 0.252604 0.682813 0.023958 0.042708
0 0.447396 0.304167 0.036458 0.052083
0 0.306250 0.214583 0.050000 0.029167
0 0.116146 0.946354 0.040625 0.055208
0 0.607292 0.713021 0.031250 0.048958
0 0.251563 0.156250 0.036458 0.018750
0 0.503646 0.637500 0.036458 0.047917
0 0.836979 0.597917 0.030208 0.050000
0 0.326562 0.544792 0.046875 0.029167
0 0.120833 0.600000 0.037500 0.022917
0 0.416146 0.429167 0.036458 0.037500
0 0.870313 0.339583 0.040625 0.041667
0 0.573438 0.596875 0.042708 0.039583
0 0.453646 0.505208 0.042708 0.047917
0 0.501042 0.132812 0.022917 0.038542
0 0.481771 0.393750 0.038542 0.035417
0 0.203646 0.370833 0.040625 0.047917
0 0.741146 0.381250 0.046875 0.027083
0 0.817187 0.565104 0.048958 0.030208
0 0.365104 0.950000 0.048958 0.041667
0 0.203125 0.452604 0.052083 0.051042
0 0.113542 0.388542 0.033333 0.045833
0 0.854688 0.183333 0.026042 0.039583
0 0.781771 0.892188 0.032292 0.053125
0 0.259896 0.201563 0.044792 0.042708
0 0.791667 0.813021 0.041667 0.042708
0 0.111458 0.957292 0.045833 0.027083
0 0.741146 0.936979 0.028125 0.044792
0 0.317708 0.876563 0.027083 0.046875
0 0.845833 0.685417 0.025000 0.043750
0 0.461458 0.202083 0.037500 0.035417
0 0.930208 0.526042 0.041667 0.031250
0 0.192188 0.903125 0.034375 0.043750
0 0.105208 0.799479 0.047917 0.053125
0 0.515104 0.404167 0.032292 0.052083
0 0.330208 0.524479 0.025000 0.044792
0 0.197396 0.775000 0.051042 0.029167
0 0.269271 0.625521 0.055208 0.051042
0 0.507812 0.118750 0.044792 0.022917
0 0.463021 0.236979 0.021875 0.042708
0 0.219792 0.295833 0.029167 0.045833
0 0.690104 0.228125 0.028125 0.039583
0 0.415104 0.377604 0.042708 0.023958
0 0.699479 0.572917 0.042708 0.039583
0 0.249479 0.741146 0.028125 0.040625
0 0.843750 0.586979 0.043750 0.040625
0 0.818229 0.752604 0.051042 0.044792
0 0.694792 0.282813 0.039583 0.038542
0 0.922396 0.765104 0.040625 0.028125
0 0.263021 0.870313 0.028125 0.048958
0 0.456771 0.636979 0.040625 0.030208
0 0.877083 0.831250 0.037500 0.025000
0 0.215625 0.227083 0.020833 0.035417
0 0.902083 0.904687 0.047917 0.028125
0 0.426042 0.451562 0.054167 0.044792
0 0.496875 0.604688 0.045833 0.040625
0 0.262500 0.111458 0.041667 0.029167
0 0.827083 0.682813 0.041667 0.023958
0 0.692708 0.921875 0.045833 0.043750
0 0.873437 0.452604 0.044792 0.026042
0 0.247917 0.496354 0.037500 0.038542
0 0.768750 0.273438 0.027083 0.038542
0 0.779687 0.258854 0.051042 0.036458
0 0.202083 0.125000 0.035417 0.037500
0 0.387500 0.414062 0.045833 0.040625
0 0.759375 0.120313 0.029167 0.044792
0 0.313021 0.848958 0.051042 0.033333
0 0.352083 0.470833 0.045833 0.031250
0 0.589583 0.118750 0.047917 0.052083
0 0.953125 0.300521 0.039583 0.028125
0 0.646354 0.462500 0.044792 0.027083
0 0.499479 0.381771 0.053125 0.034375
0 0.763021 0.923958 0.032292 0.039583
0 0.767708 0.282292 0.037500 0.033333
0 0.598437 0.813021 0.028125 0.048958
0 0.117708 0.678125 0.029167 0.037500
0 0.109896 0.488542 0.036458 0.043750
0 0.472917 0.660937 0.043750 0.040625
0 0.088542 0.775521 0.041667 0.055208
0 0.446354 0.286979 0.048958 0.048958
0 0.356771 0.314063 0.051042 0.053125
0 0.751563 0.573438 0.040625 0.023958
0 0.596354 0.945312 0.046875 0.034375
0 0.348438 0.929167 0.048958 0.035417
0 0.626563 0.458333 0.036458 0.052083
0 0.260417 0.595313 0.054167 0.042708
0 0.606250 0.618750 0.052083 0.043750
0 0.760938 0.221354 0.040625 0.038542
0 0.578646 0.885938 0.040625 0.032292
0 0.734375 0.952083 0.035417 0.047917
0 0.390625 0.342708 0.029167 0.041667
0 0.539583 0.146875 0.022917 0.039583
0 0.307292 0.416146 0.027083 0.040625
0 0.161979 0.227604 0.044792 0.055208
0 0.632292 0.518229 0.037500 0.038542
0 0.490625 0.356250 0.039583 0.022917
0 0.706250 0.600521 0.031250 0.048958
0 0.458333 0.690625 0.037500 0.022917
0 0.526563 0.164583 0.048958 0.035417
0 0.300000 0.178646 0.050000 0.042708
0 0.666667 0.829167 0.025000 0.037500
0 0.361458 0.881250 0.047917 0.039583
0 0.639583 0.800521 0.043750 0.040625
0 0.604688 0.197396 0.048958 0.055208
0 0.178125 0.568750 0.041667 0.025000
0 0.457292 0.892188 0.050000 0.053125
0 0.549479 0.285417 0.021875 0.039583
0 0.598437 0.842708 0.046875 0.031250
0 0.390104 0.162500 0.048958 0.052083
0 0.959896 0.532292 0.051042 0.050000
0 0.449479 0.289583 0.028125 0.050000
0 0.521875 0.433854 0.027083 0.042708
0 0.180208 0.192708 0.025000 0.047917
0 0.668229 0.823438 0.044792 0.051042
0 0.181771 0.557292 0.044792 0.045833
0 0.507812 0.323958 0.048958 0.035417
0 0.603646 0.767188 0.030208 0.040625
0 0.426563 0.932813 0.038542 0.038542
0 0.262500 0.864583 0.041667 0.027083
0 0.482292 0.104167 0.037500 0.027083
0 0.872396 0.365104 0.028125 0.044792
0 0.342708 0.418750 0.041667 0.037500
0 0.128125 0.923958 0.033333 0.050000
0 0.849479 0.904687 0.048958 0.034375
0 0.524479 0.868750 0.051042 0.031250
0 0.835417 0.173958 0.039583 0.022917
0 0.250521 0.668229 0.026042 0.044792
0 0.829167 0.181771 0.050000 0.053125
0 0.745313 0.267708 0.044792 0.025000
0 0.472396 0.188542 0.026042 0.047917
0 0.235417 0.125000 0.041667 0.039583
0 0.242708 0.266146 0.039583 0.034375
0 0.153646 0.893229 0.055208 0.036458
0 0.748437 0.225000 0.040625 0.047917
0 0.157292 0.251563 0.031250 0.044792
0 0.880729 0.318229 0.032292 0.040625
0 0.538021 0.729688 0.026042 0.046875
0 0.468229 0.837500 0.042708 0.029167
0 0.481250 0.281250 0.052083 0.035417
0 0.914062 0.175521 0.048958 0.023958
0 0.179688 0.448958 0.042708 0.054167
0 0.156771 0.704167 0.028125 0.039583
0 0.324479 0.581250 0.044792 0.037500
0 0.615104 0.742188 0.038542 0.055208
0 0.277083 0.613542 0.037500 0.027083
0 0.952083 0.107813 0.041667 0.021875
0 0.941667 0.664062 0.052083 0.032292
0 0.271875 0.919792 0.033333 0.045833
0 0.177604 0.742188 0.051042 0.028125
0 0.263542 0.461979 0.037500 0.053125
0 0.157812 0.529687 0.032292 0.044792
0 0.926042 0.438542 0.045833 0.027083
0 0.588021 0.506771 0.040625 0.036458
0 0.335938 0.543229 0.044792 0.030208
0 0.950521 0.935937 0.048958 0.044792
0 0.489063 0.876563 0.034375 0.046875
0 0.184896 0.891667 0.019792 0.037500
0 0.930729 0.297396 0.038542 0.038542
0 0.257292 0.813021 0.043750 0.048958
0 0.920312 0.759375 0.030208 0.043750
0 0.169271 0.547917 0.038542 0.035417
0 0.202604 0.360938 0.036458 0.040625
0 0.666667 0.227604 0.054167 0.046875
0 0.676042 0.257292 0.039583 0.052083
0 0.732292 0.325521 0.033333 0.044792
0 0.440625 0.507812 0.039583 0.023958
0 0.464062 0.709896 0.026042 0.044792
0 0.095833 0.197917 0.052083 0.041667
0 0.138542 0.791667 0.041667 0.047917
0 0.117708 0.929688 0.043750 0.042708
0 0.260417 0.171875 0.047917 0.025000
0 0.552604 0.253646 0.055208 0.048958
0 0.868750 0.810937 0.045833 0.055208
0 0.311979 0.564583 0.026042 0.047917
0 0.806250 0.571875 0.029167 0.050000
0 0.819271 0.360417 0.038542 0.031250
0 0.429688 0.369792 0.048958 0.037500
0 0.838021 0.208854 0.038542 0.023958
0 0.382292 0.396354 0.039583 0.030208
0 0.254688 0.647396 0.051042 0.036458
0 0.543229 0.816146 0.053125 0.032292
0 0.092188 0.581250 0.046875 0.031250
0 0.422396 0.558333 0.023958 0.047917
0 0.583854 0.144792 0.038542 0.037500
0 0.810417 0.481250 0.052083 0.037500
0 0.660937 0.466146 0.038542 0.051042
0 0.628125 0.616667 0.050000 0.050000
0 0.839583 0.601042 0.020833 0.035417
0 0.540104 0.903646 0.038542 0.046875
0 0.120313 0.959896 0.030208 0.048958
0 0.754687 0.727604 0.044792 0.028125
0 0.422917 0.245833 0.037500 0.031250
0 0.428125 0.271875 0.041667 0.047917
0 0.840625 0.404167 0.033333 0.037500
0 0.814063 0.711458 0.042708 0.041667
0 0.704688 0.217188 0.030208 0.040625
0 0.836979 0.430729 0.053125 0.034375
0 0.454688 0.152083 0.053125 0.039583
0 0.521875 0.788542 0.033333 0.037500
0 0.946875 0.829167 0.039583 0.020833
0 0.702083 0.724479 0.029167 0.044792
0 0.620833 0.456250 0.033333 0.037500
0 0.308854 0.373437 0.023958 0.042708
0 0.090104 0.270313 0.055208 0.038542
0 0.220312 0.158854 0.055208 0.044792
0 0.083854 0.586458 0.042708 0.020833
0 0.575000 0.383854 0.047917 0.032292
0 0.122396 0.271354 0.040625 0.026042
0 0.702083 0.530729 0.029167 0.040625
0 0.428125 0.885938 0.033333 0.053125
0 0.195833 0.359896 0.043750 0.040625
0 0.846875 0.244271 0.035417 0.044792
0 0.339583 0.165104 0.050000 0.040625
0 0.460417 0.698958 0.041667 0.031250
0 0.091667 0.168750 0.047917 0.052083
0 0.139583 0.489583 0.041667 0.037500
0 0.089063 0.367188 0.046875 0.034375
0 0.811458 0.534896 0.029167 0.051042
0 0.941667 0.241667 0.050000 0.033333
0 0.916146 0.442708 0.044792 0.033333
0 0.942708 0.077083 0.033333 0.037500
0 0.373958 0.905208 0.052083 0.039583
0 0.467708 0.818229 0.027083 0.046875
0 0.077604 0.805729 0.034375 0.040625
0 0.165104 0.519792 0.046875 0.033333
0 0.230729 0.770312 0.034375 0.053125
0 0.773958 0.767708 0.047917 0.025000
0 0.904167 0.584375 0.041667 0.025000
0 0.343229 0.591667 0.046875 0.052083
0 0.238021 0.764583 0.046875 0.029167
0 0.110417 0.470313 0.039583 0.038542
0 0.252083 0.302604 0.050000 0.038542
0 0.840104 0.460417 0.032292 0.039583
0 0.175000 0.373437 0.052083 0.032292
0 0.214062 0.589063 0.038542 0.051042
0 0.497917 0.426563 0.033333 0.053125
0 0.075521 0.825000 0.040625 0.041667
0 0.368229 0.640625 0.051042 0.050000
0 0.772917 0.172917 0.037500 0.041667
0 0.827083 0.319792 0.045833 0.052083
0 0.539062 0.616146 0.055208 0.036458
0 0.757812 0.788542 0.042708 0.029167
0 0.211979 0.294271 0.021875 0.038542
0 0.392708 0.917708 0.037500 0.043750
0 0.511979 0.621875 0.048958 0.027083
0 0.738542 0.910417 0.047917 0.041667
0 0.792708 0.763021 0.027083 0.042708
0 0.202083 0.354687 0.025000 0.046875
0 0.088021 0.189583 0.053125 0.043750
0 0.510417 0.898438 0.045833 0.040625
0 0.684896 0.239063 0.042708 0.051042
0 0.703125 0.532813 0.037500 0.038542
0 0.428646 0.526563 0.028125 0.044792
0 0.447396 0.323437 0.026042 0.044792
0 0.334896 0.858333 0.023958 0.037500
0 0.073438 0.224479 0.026042 0.046875
0 0.149479 0.848958 0.040625 0.054167
0 0.634375 0.535417 0.043750 0.035417
0 0.163542 0.174479 0.043750 0.040625
0 0.121875 0.655208 0.020833 0.039583
0 0.722396 0.403125 0.044792 0.025000
0 0.092708 0.429688 0.041667 0.044792
0 0.335417 0.930208 0.027083 0.037500
0 0.084896 0.785937 0.034375 0.051042
0 0.867188 0.451562 0.055208 0.048958
0 0.486979 0.170833 0.038542 0.043750
0 0.334375 0.300521 0.054167 0.042708
0 0.561979 0.427083 0.044792 0.054167
0 0.082812 0.264062 0.040625 0.055208
0 0.925000 0.333854 0.052083 0.051042
0 0.373437 0.303646 0.051042 0.053125
0 0.496354 0.150521 0.038542 0.040625
0 0.434375 0.725521 0.039583 0.036458
0 0.651042 0.783333 0.027083 0.037500
0 0.862500 0.596875 0.037500 0.035417
0 0.822396 0.460417 0.051042 0.050000
0 0.234896 0.301563 0.051042 0.036458
0 0.218229 0.819271 0.036458 0.040625
0 0.855729 0.245312 0.028125 0.048958
0 0.194792 0.620313 0.041667 0.048958
0 0.296875 0.588542 0.037500 0.035417
0 0.731250 0.281250 0.035417 0.037500
0 0.406250 0.765104 0.039583 0.032292
0 0.914583 0.129167 0.043750 0.033333
0 0.208333 0.705729 0.047917 0.028125
0 0.845833 0.963542 0.037500 0.033333
0 0.759896 0.330729 0.038542 0.019792
0 0.471354 0.522396 0.030208 0.053125
0 0.653646 0.954688 0.046875 0.048958
0 0.310937 0.957292 0.032292 0.039583
0 0.377083 0.089063 0.025000 0.038542
0 0.876563 0.064062 0.042708 0.023958
0 0.173437 0.167708 0.044792 0.033333
0 0.642708 0.926042 0.039583 0.052083
0 0.568229 0.473438 0.055208 0.046875
0 0.544271 0.731771 0.021875 0.038542
0 0.098958 0.780729 0.039583 0.048958
0 0.279167 0.673438 0.054167 0.048958
0 0.177604 0.617708 0.044792 0.022917
0 0.631771 0.161458 0.038542 0.043750
0 0.674479 0.713021 0.055208 0.048958
0 0.788542 0.465625 0.052083 0.037500
0 0.274479 0.460417 0.030208 0.039583
0 0.421354 0.715104 0.028125 0.046875
0 0.229167 0.527604 0.043750 0.055208
0 0.304167 0.567187 0.025000 0.046875
0 0.702083 0.178125 0.047917 0.025000
0 0.609375 0.682292 0.022917 0.043750
0 0.844271 0.281771 0.053125 0.032292
0 0.491667 0.835417 0.043750 0.045833
0 0.634896 0.208854 0.023958 0.042708
0 0.264062 0.068750 0.036458 0.020833
0 0.543229 0.910937 0.026042 0.040625
0 0.677083 0.689583 0.047917 0.033333
0 0.705208 0.145833 0.022917 0.037500
0 0.246875 0.832292 0.041667 0.029167
0 0.323437 0.657813 0.042708 0.023958
0 0.567708 0.253646 0.041667 0.021875
0 0.519271 0.808333 0.051042 0.050000
0 0.513542 0.896875 0.047917 0.037500
0 0.316667 0.089063 0.037500 0.048958
0 0.713542 0.756771 0.037500 0.038542
0 0.861458 0.442188 0.054167 0.042708
0 0.468750 0.923958 0.037500 0.022917
0 0.126562 0.313021 0.046875 0.034375
0 0.666146 0.503125 0.042708 0.054167
0 0.485938 0.461979 0.028125 0.051042
0 0.140104 0.225521 0.040625 0.051042
0 0.092708 0.171354 0.039583 0.048958
0 0.257812 0.766667 0.026042 0.037500
0 0.728125 0.274479 0.052083 0.032292
0 0.135417 0.431771 0.039583 0.023958
0 0.945833 0.649479 0.031250 0.040625
0 0.268229 0.386458 0.036458 0.022917
0 0.273958 0.676042 0.020833 0.039583
0 0.596875 0.347917 0.047917 0.025000
0 0.638542 0.591667 0.041667 0.047917
0 0.966667 0.213542 0.052083 0.045833
0 0.142187 0.685417 0.042708 0.037500
0 0.544271 0.321354 0.038542 0.040625
0 0.409896 0.204687 0.023958 0.042708
0 0.641667 0.675000 0.047917 0.041667
0 0.631771 0.232813 0.046875 0.036458
0 0.679688 0.959896 0.030208 0.040625
0 0.611979 0.842708 0.038542 0.047917
0 0.557292 0.369271 0.041667 0.023958
0 0.557292 0.475000 0.037500 0.031250
0 0.506771 0.689063 0.038542 0.040625
0 0.303646 0.389062 0.030208 0.048958
0 0.472917 0.482292 0.043750 0.052083
0 0.361979 0.826042 0.036458 0.052083
0 0.583333 0.295833 0.027083 0.047917
0 0.305208 0.454688 0.037500 0.048958
0 0.758854 0.658854 0.055208 0.044792
0 0.283854 0.216146 0.040625 0.034375
0 0.486979 0.330729 0.036458 0.046875
0 0.850000 0.216667 0.045833 0.052083
0 0.238542 0.893229 0.035417 0.053125
0 0.488542 0.425000 0.047917 0.041667
0 0.722917 0.489063 0.039583 0.034375
0 0.093750 0.279167 0.037500 0.035417
0 0.327604 0.236979 0.040625 0.038542
0 0.198958 0.470833 0.037500 0.022917
0 0.706250 0.627604 0.037500 0.053125
0 0.458333 0.323437 0.052083 0.032292
0 0.308854 0.884896 0.046875 0.055208
0 0.442188 0.706250 0.042708 0.054167
0 0.330729 0.413542 0.042708 0.031250
0 0.180208 0.531771 0.039583 0.036458
0 0.597396 0.178646 0.046875 0.026042
0 0.077604 0.531771 0.040625 0.034375
0 0.307812 0.432812 0.026042 0.040625
0 0.559375 0.568750 0.033333 0.043750
0 0.510417 0.631250 0.047917 0.039583
0 0.402604 0.565625 0.034375 0.047917
0 0.861979 0.081250 0.046875 0.027083
0 0.238021 0.397917 0.044792 0.052083
0 0.838542 0.230729 0.041667 0.055208
0 0.798958 0.133333 0.041667 0.039583
0 0.347917 0.766146 0.043750 0.042708
0 0.584896 0.234375 0.026042 0.045833
0 0.097396 0.734375 0.030208 0.039583
0 0.889583 0.242188 0.052083 0.034375
0 0.192188 0.519271 0.048958 0.055208
0 0.457813 0.401042 0.048958 0.041667
0 0.176563 0.685417 0.042708 0.037500
0 0.581250 0.503125 0.027083 0.037500
0 0.859896 0.332292 0.042708 0.039583
0 0.228646 0.083854 0.048958 0.030208
0 0.161979 0.281771 0.042708 0.044792
0 0.207813 0.600521 0.042708 0.021875
0 0.898958 0.847917 0.037500 0.035417
0 0.669792 0.091146 0.033333 0.040625
0 0.526563 0.860417 0.038542 0.027083
0 0.221875 0.850000 0.045833 0.043750
0 0.768750 0.882812 0.035417 0.053125
0 0.416146 0.545833 0.053125 0.045833
0 0.530208 0.573958 0.045833 0.052083
0 0.130208 0.852604 0.033333 0.048958
0 0.731771 0.450521 0.051042 0.053125
0 0.891667 0.631250 0.041667 0.052083
0 0.841146 0.277083 0.053125 0.043750
0 0.441667 0.810417 0.047917 0.039583
0 0.224479 0.251563 0.036458 0.055208
0 0.937500 0.434375 0.022917 0.039583
0 0.590625 0.352604 0.027083 0.051042
0 0.128646 0.896354 0.040625 0.055208
0 0.230729 0.195312 0.042708 0.021875
0 0.386979 0.139583 0.038542 0.029167
0 0.199479 0.952083 0.042708 0.041667
0 0.505729 0.661979 0.051042 0.042708
0 0.798438 0.092708 0.026042 0.041667
0 0.659896 0.381771 0.044792 0.055208
0 0.244271 0.079167 0.032292 0.052083
0 0.936458 0.131771 0.041667 0.048958
0 0.459896 0.280208 0.048958 0.052083
0 0.420312 0.811979 0.044792 0.028125
0 0.493750 0.744792 0.045833 0.043750
0 0.119792 0.148958 0.035417 0.037500
0 0.584896 0.456771 0.028125 0.040625
0 0.324479 0.294792 0.053125 0.047917
0 0.552604 0.081771 0.040625 0.023958
0 0.105208 0.503125 0.041667 0.027083
0 0.234375 0.672917 0.031250 0.043750
0 0.603125 0.480729 0.027083 0.040625
0 0.883854 0.808854 0.055208 0.042708
0 0.879167 0.182812 0.043750 0.030208
0 0.905208 0.517188 0.022917 0.040625
0 0.707812 0.316667 0.021875 0.041667
0 0.904687 0.601042 0.048958 0.027083
0 0.167187 0.694271 0.051042 0.036458
0 0.082292 0.835938 0.045833 0.055208
0 0.725521 0.768229 0.017708 0.036458
0 0.672396 0.489583 0.042708 0.027083
0 0.098958 0.748437 0.039583 0.048958
0 0.875521 0.261458 0.023958 0.041667
0 0.863542 0.276562 0.027083 0.042708
0 0.343750 0.541146 0.050000 0.042708
0 0.284896 0.401562 0.044792 0.028125
0 0.517708 0.184896 0.041667 0.021875
0 0.483854 0.941146 0.055208 0.046875
0 0.924479 0.250000 0.036458 0.047917
0 0.684375 0.194271 0.039583 0.032292
0 0.538542 0.676562 0.041667 0.021875
0 0.399479 0.711979 0.036458 0.046875
0 0.245312 0.919792 0.046875 0.029167
0 0.408854 0.074479 0.040625 0.044792
0 0.340625 0.416667 0.035417 0.020833
0 0.103646 0.738542 0.036458 0.037500
0 0.953646 0.462500 0.042708 0.031250
0 0.332813 0.391146 0.042708 0.044792
0 0.288021 0.246354 0.046875 0.036458
0 0.799479 0.696354 0.038542 0.023958
0 0.351562 0.130208 0.048958 0.025000
0 0.971875 0.210938 0.052083 0.034375
0 0.466667 0.826562 0.025000 0.044792
0 0.619792 0.647396 0.043750 0.040625
0 0.838021 0.228125 0.051042 0.033333
0 0.069271 0.459375 0.028125 0.050000
0 0.604688 0.544271 0.044792 0.040625
0 0.920312 0.489583 0.034375 0.039583
0 0.198958 0.580208 0.037500 0.035417
0 0.759375 0.436458 0.037500 0.031250
0 0.242188 0.861458 0.021875 0.037500
0 0.785937 0.475000 0.038542 0.031250
0 0.325000 0.679167 0.047917 0.035417
0 0.526563 0.706771 0.046875 0.023958
0 0.563542 0.508854 0.047917 0.046875
0 0.595313 0.572917 0.044792 0.022917
0 0.913021 0.553125 0.036458 0.037500
0 0.176042 0.596354 0.052083 0.053125
0 0.764062 0.117188 0.055208 0.048958
0 0.288021 0.652604 0.053125 0.030208
0 0.825000 0.482812 0.039583 0.034375
0 0.853646 0.903646 0.055208 0.044792
0 0.616667 0.391146 0.018750 0.038542
0 0.826562 0.482292 0.051042 0.031250
0 0.659375 0.807813 0.054167 0.046875
0 0.380729 0.647917 0.053125 0.045833
0 0.893229 0.226562 0.021875 0.038542
0 0.730208 0.095833 0.022917 0.037500
0 0.249479 0.288021 0.048958 0.044792
0 0.248958 0.100000 0.045833 0.043750
0 0.745833 0.219271 0.020833 0.036458
0 0.822917 0.646354 0.050000 0.038542
0 0.743750 0.850000 0.016667 0.033333
0 0.709375 0.961458 0.037500 0.027083
0 0.823958 0.086458 0.052083 0.041667
0 0.837500 0.883333 0.033333 0.052083
0 0.200000 0.446354 0.050000 0.042708
0 0.129167 0.484896 0.052083 0.034375
0 0.406250 0.728125 0.022917 0.037500
0 0.213542 0.268750 0.043750 0.037500
0 0.332813 0.613542 0.042708 0.047917
0 0.637500 0.493750 0.045833 0.052083
0 0.271875 0.339583 0.037500 0.027083
0 0.557813 0.945312 0.026042 0.046875
0 0.581771 0.485938 0.053125 0.030208
0 0.760938 0.796354 0.026042 0.040625
0 0.138021 0.498958 0.026042 0.047917
0 0.502083 0.677604 0.050000 0.053125
0 0.624479 0.926562 0.040625 0.032292
0 0.685937 0.910417 0.038542 0.047917
0 0.625000 0.350521 0.041667 0.048958
0 0.889062 0.643750 0.034375 0.047917
0 0.857292 0.207292 0.022917 0.045833
0 0.181250 0.344792 0.022917 0.039583
0 0.669271 0.693229 0.048958 0.055208
0 0.755208 0.240625 0.025000 0.047917
0 0.134375 0.444271 0.025000 0.038542
0 0.615104 0.748437 0.040625 0.034375
0 0.807292 0.409375 0.041667 0.031250
0 0.960417 0.566667 0.041667 0.025000
0 0.773958 0.952604 0.029167 0.040625
0 0.708854 0.133333 0.038542 0.025000
0 0.330729 0.881771 0.046875 0.038542
0 0.163021 0.525521 0.055208 0.044792
0 0.722917 0.775000 0.035417 0.037500
0 0.291667 0.748958 0.031250 0.050000
0 0.446354 0.207292 0.028125 0.045833
0 0.546875 0.311979 0.039583 0.036458
0 0.566146 0.236979 0.051042 0.053125
0 0.415625 0.285938 0.043750 0.030208
0 0.253125 0.619792 0.039583 0.041667
0 0.143229 0.306250 0.038542 0.027083
0 0.240625 0.743229 0.047917 0.028125
0 0.146354 0.513542 0.019792 0.037500
0 0.966146 0.205208 0.048958 0.041667
0 0.453646 0.827604 0.040625 0.051042
0 0.755729 0.772917 0.046875 0.045833
0 0.799479 0.466667 0.028125 0.039583
0 0.723437 0.453125 0.034375 0.052083
0 0.247917 0.197917 0.052083 0.039583
0 0.156250 0.371354 0.037500 0.019792
0 0.135417 0.208854 0.025000 0.048958
0 0.570833 0.332813 0.031250 0.044792
0 0.100521 0.444271 0.044792 0.026042
0 0.866667 0.662500 0.027083 0.041667
0 0.948438 0.537500 0.038542 0.033333
0 0.421875 0.913542 0.050000 0.031250
0 0.773438 0.600521 0.034375 0.048958
0 0.641667 0.178125 0.037500 0.033333
0 0.630729 0.619792 0.036458 0.052083
0 0.453125 0.486458 0.031250 0.041667
0 0.652083 0.952604 0.037500 0.044792
0 0.307292 0.690104 0.033333 0.044792
0 0.476042 0.066667 0.047917 0.025000
0 0.322396 0.545833 0.032292 0.047917
0 0.328125 0.501042 0.037500 0.035417
0 0.832292 0.928646 0.054167 0.042708
0 0.092188 0.926042 0.053125 0.047917
0 0.524479 0.503125 0.036458 0.052083
0 0.177083 0.791667 0.041667 0.039583
0 0.811458 0.507292 0.039583 0.041667
0 0.264583 0.596875 0.037500 0.052083
0 0.268229 0.394271 0.042708 0.044792
0 0.682813 0.607292 0.048958 0.035417
0 0.293229 0.818750 0.044792 0.052083
0 0.551042 0.831250 0.039583 0.052083
0 0.393750 0.941667 0.047917 0.050000
0 0.698438 0.853125 0.028125 0.045833
0 0.645833 0.619271 0.033333 0.040625
0 0.873958 0.598958 0.043750 0.052083
0 0.066146 0.462500 0.026042 0.047917
0 0.482812 0.554167 0.023958 0.041667
0 0.767708 0.410417 0.037500 0.033333
0 0.628125 0.855208 0.041667 0.047917
0 0.579688 0.676562 0.053125 0.032292
0 0.693750 0.696875 0.045833 0.043750
0 0.865104 0.237500 0.028125 0.039583
0 0.416146 0.760938 0.040625 0.026042
0 0.115104 0.907292 0.048958 0.037500
0 0.854167 0.935417 0.050000 0.029167
0 0.836458 0.596354 0.041667 0.032292
0 0.478125 0.853125 0.022917 0.037500
0 0.469792 0.890625 0.022917 0.037500
0 0.453125 0.146354 0.041667 0.042708
0 0.550521 0.966146 0.055208 0.040625
0 0.512500 0.459896 0.054167 0.042708
0 0.136458 0.656250 0.037500 0.047917
0 0.229687 0.526042 0.044792 0.037500
0 0.163542 0.538542 0.047917 0.035417
0 0.942187 0.975521 0.040625 0.055208