0 0.111458 0.827604 0.043750 0.030208
0 0.127604 0.559375 0.038542 0.035417
0 0.549479 0.778646 0.042708 0.051042
0 0.707292 0.571354 0.037500 0.048958
0 0.488021 0.331771 0.038542 0.021875
0 0.375521 0.805729 0.046875 0.055208
0 0.131250 0.095833 0.025000 0.037500
0 0.879687 0.746875 0.026042 0.045833
0 0.255729 0.454167 0.048958 0.027083
0 0.517188 0.755208 0.048958 0.041667
0 0.765104 0.689063 0.038542 0.055208
0 0.938021 0.917188 0.032292 0.040625
0 0.557813 0.329688 0.048958 0.046875
0 0.715104 0.503646 0.038542 0.055208
0 0.404687 0.758333 0.040625 0.052083
0 0.818750 0.834896 0.037500 0.048958
0 0.853125 0.773958 0.025000 0.037500
0 0.315625 0.555729 0.020833 0.036458
0 0.688542 0.684375 0.047917 0.039583
0 0.936458 0.268750 0.045833 0.043750
0 0.769271 0.345313 0.051042 0.026042
0 0.948438 0.568750 0.026042 0.037500
0 0.685417 0.514062 0.045833 0.028125
0 0.793750 0.437500 0.037500 0.029167
0 0.773958 0.636458 0.039583 0.025000
0 0.926562 0.322917 0.046875 0.052083
0 0.630729 0.797917 0.042708 0.037500
0 0.298958 0.471875 0.041667 0.031250
0 0.829688 0.852604 0.028125 0.051042
0 0.141146 0.262500 0.023958 0.041667
0 0.525521 0.546354 0.051042 0.055208
0 0.943229 0.857292 0.040625 0.043750
0 0.340104 0.732292 0.028125 0.050000
0 0.665104 0.677604 0.048958 0.046875
0 0.327604 0.776042 0.051042 0.047917
0 0.592708 0.604688 0.043750 0.030208
0 0.529167 0.568750 0.022917 0.043750
0 0.379688 0.161979 0.034375 0.053125
0 0.293229 0.920312 0.023958 0.040625
0 0.532292 0.851042 0.052083 0.033333
0 0.349479 0.141667 0.048958 0.025000
0 0.533333 0.926562 0.037500 0.053125
0 0.970313 0.343750 0.046875 0.045833
0 0.370312 0.477083 0.053125 0.045833
0 0.643750 0.839583 0.052083 0.037500
0 0.459896 0.316667 0.042708 0.041667
0 0.464062 0.781771 0.044792 0.055208
0 0.697917 0.964063 0.050000 0.038542
0 0.666667 0.358854 0.041667 0.021875
0 0.448958 0.309375 0.052083 0.041667
0 0.797396 0.369792 0.040625 0.047917
0 0.664583 0.118750 0.035417 0.043750
0 0.388542 0.334896 0.039583 0.030208
0 0.646354 0.415625 0.051042 0.031250
0 0.833333 0.807813 0.043750 0.026042
0 0.619792 0.102083 0.045833 0.029167
0 0.538542 0.414583 0.035417 0.020833
0 0.310937 0.115104 0.040625 0.032292
0 0.493750 0.445833 0.047917 0.050000
0 0.309375 0.909375 0.027083 0.047917
0 0.741667 0.740625 0.041667 0.047917
0 0.600000 0.383333 0.047917 0.037500
0 0.898438 0.500000 0.036458 0.047917
0 0.557813 0.694792 0.044792 0.022917
0 0.877604 0.386458 0.053125 0.047917
0 0.681250 0.611979 0.027083 0.038542
0 0.179167 0.344792 0.041667 0.039583
0 0.115625 0.605729 0.052083 0.034375
0 0.293229 0.158854 0.038542 0.046875
0 0.284896 0.796354 0.032292 0.053125
0 0.089583 0.753125 0.043750 0.035417
0 0.492188 0.111458 0.042708 0.031250
0 0.794271 0.280208 0.042708 0.037500
0 0.421875 0.849479 0.031250 0.044792
0 0.228125 0.414583 0.039583 0.020833
0 0.425521 0.263021 0.034375 0.046875
0 0.141146 0.092708 0.046875 0.033333
0 0.171875 0.095312 0.045833 0.038542
0 0.256250 0.759375 0.047917 0.033333
0 0.171354 0.376042 0.023958 0.043750
0 0.580208 0.118750 0.047917 0.037500
0 0.198958 0.614062 0.039583 0.053125
0 0.592187 0.567187 0.046875 0.055208
0 0.645312 0.482812 0.036458 0.040625
0 0.900000 0.315104 0.039583 0.028125
0 0.936979 0.805208 0.040625 0.047917
0 0.583333 0.155729 0.050000 0.028125
0 0.975000 0.163021 0.054167 0.051042
0 0.737500 0.409896 0.043750 0.042708
0 0.385417 0.327083 0.050000 0.050000
0 0.455208 0.273438 0.035417 0.053125
0 0.588021 0.663021 0.032292 0.048958
0 0.179688 0.647396 0.040625 0.055208
0 0.363021 0.300521 0.040625 0.030208
0 0.291146 0.421875 0.044792 0.047917
0 0.820833 0.876042 0.037500 0.047917
0 0.111458 0.423438 0.033333 0.040625
0 0.945312 0.928646 0.046875 0.040625
0 0.123438 0.325000 0.042708 0.039583
0 0.535417 0.333854 0.052083 0.034375
0 0.930729 0.627604 0.051042 0.036458
0 0.304688 0.609896 0.040625 0.055208
0 0.714063 0.629167 0.023958 0.037500
0 0.711458 0.808333 0.031250 0.050000
0 0.602083 0.779687 0.054167 0.038542
0 0.461458 0.123958 0.043750 0.025000
0 0.918750 0.479687 0.054167 0.044792
0 0.528646 0.584375 0.019792 0.039583
0 0.161458 0.135417 0.037500 0.025000
0 0.386979 0.353125 0.038542 0.033333
0 0.104167 0.379167 0.041667 0.031250
0 0.775000 0.258854 0.043750 0.028125
0 0.496875 0.935417 0.037500 0.033333
0 0.522917 0.088542 0.039583 0.041667
0 0.442708 0.078646 0.039583 0.048958
0 0.462500 0.970833 0.035417 0.052083
0 0.566667 0.690104 0.050000 0.026042
0 0.226562 0.781771 0.055208 0.051042
0 0.723437 0.450521 0.034375 0.046875
0 0.177083 0.436458 0.039583 0.020833
0 0.707292 0.242188 0.033333 0.048958
0 0.454167 0.725521 0.041667 0.023958
0 0.582292 0.581771 0.037500 0.021875
0 0.434375 0.719792 0.052083 0.039583
0 0.225521 0.943229 0.028125 0.040625
0 0.257812 0.756250 0.046875 0.052083
0 0.947917 0.348958 0.031250 0.043750
0 0.859896 0.096875 0.048958 0.025000
0 0.582292 0.366146 0.047917 0.028125
0 0.166146 0.296354 0.034375 0.040625
0 0.409375 0.344271 0.031250 0.044792
0 0.659375 0.861458 0.041667 0.047917
0 0.671354 0.838021 0.053125 0.051042
0 0.460938 0.461458 0.038542 0.029167
0 0.310417 0.102083 0.043750 0.035417
0 0.557292 0.747917 0.050000 0.050000
0 0.920833 0.748958 0.039583 0.020833
0 0.546354 0.276042 0.053125 0.039583
0 0.275000 0.790625 0.037500 0.041667
0 0.218229 0.456250 0.048958 0.025000
0 0.317708 0.320833 0.041667 0.039583
0 0.208333 0.875521 0.054167 0.046875
0 0.555208 0.288021 0.041667 0.042708
0 0.156250 0.396354 0.039583 0.038542
0 0.175000 0.307812 0.050000 0.036458
0 0.517188 0.571875 0.046875 0.031250
0 0.139063 0.857812 0.026042 0.046875
0 0.522396 0.523958 0.038542 0.035417
0 0.608854 0.613021 0.038542 0.046875
0 0.773958 0.574479 0.045833 0.048958
0 0.148438 0.619271 0.040625 0.026042
0 0.268750 0.866667 0.052083 0.035417
0 0.631250 0.198958 0.039583 0.020833
0 0.278125 0.754687 0.029167 0.040625
0 0.884896 0.561979 0.048958 0.030208
0 0.392188 0.485938 0.042708 0.021875
0 0.346354 0.539583 0.048958 0.035417
0 0.919271 0.600000 0.023958 0.041667
0 0.153646 0.543750 0.044792 0.047917
0 0.564583 0.930729 0.020833 0.038542
0 0.176042 0.206771 0.029167 0.040625
0 0.243229 0.855208 0.034375 0.047917
0 0.530208 0.640104 0.039583 0.036458
0 0.254688 0.801562 0.036458 0.051042
0 0.081771 0.541667 0.030208 0.050000
0 0.473958 0.923958 0.041667 0.029167
0 0.431771 0.231250 0.042708 0.031250
0 0.257292 0.286458 0.052083 0.043750
0 0.332813 0.168750 0.044792 0.047917
0 0.065625 0.172396 0.025000 0.038542
0 0.790104 0.632292 0.030208 0.043750
0 0.451562 0.429167 0.038542 0.025000
0 0.142187 0.519271 0.028125 0.048958
0 0.567708 0.112500 0.052083 0.043750
0 0.785937 0.247396 0.040625 0.038542
0 0.102083 0.114062 0.054167 0.042708
0 0.493750 0.382292 0.052083 0.035417
0 0.558854 0.113021 0.034375 0.040625
0 0.329688 0.796875 0.040625 0.041667
0 0.242708 0.262500 0.043750 0.022917
0 0.489583 0.729688 0.045833 0.034375
0 0.129688 0.563542 0.046875 0.045833
0 0.322396 0.528646 0.038542 0.019792
0 0.596875 0.955208 0.037500 0.047917
0 0.605208 0.643229 0.033333 0.044792
0 0.844792 0.087500 0.027083 0.047917
0 0.865104 0.611979 0.038542 0.046875
0 0.374479 0.242708 0.044792 0.045833
0 0.945833 0.282292 0.043750 0.035417
0 0.668750 0.519792 0.050000 0.047917
0 0.736979 0.100521 0.044792 0.042708
0 0.822396 0.158333 0.038542 0.031250
0 0.185417 0.859896 0.033333 0.040625
0 0.561979 0.174479 0.036458 0.051042
0 0.780729 0.125521 0.040625 0.028125
0 0.172396 0.539583 0.053125 0.037500
0 0.275000 0.878125 0.029167 0.037500
0 0.482292 0.731250 0.037500 0.029167
0 0.746875 0.638021 0.041667 0.021875
0 0.337500 0.905208 0.037500 0.041667
0 0.196875 0.126562 0.039583 0.028125
0 0.815104 0.304167 0.053125 0.043750
0 0.396354 0.145833 0.032292 0.047917
0 0.366667 0.164583 0.035417 0.037500
0 0.443229 0.767188 0.040625 0.036458
0 0.632812 0.622396 0.042708 0.044792
0 0.579167 0.472917 0.045833 0.031250
0 0.245312 0.642188 0.042708 0.023958
0 0.880729 0.294792 0.053125 0.045833
0 0.723437 0.167708 0.019792 0.037500
0 0.151562 0.675521 0.036458 0.040625
0 0.477083 0.659375 0.041667 0.029167
0 0.497396 0.668750 0.042708 0.041667
0 0.319792 0.803125 0.045833 0.043750
0 0.139583 0.313021 0.054167 0.046875
0 0.744271 0.081250 0.042708 0.054167
0 0.249479 0.920833 0.038542 0.035417
0 0.778125 0.203646 0.050000 0.036458
0 0.654167 0.704688 0.037500 0.048958
0 0.873437 0.313021 0.042708 0.021875
0 0.923958 0.257292 0.033333 0.050000
0 0.935937 0.223958 0.051042 0.029167
0 0.893750 0.184375 0.039583 0.041667
0 0.573438 0.581250 0.038542 0.043750
0 0.332292 0.951562 0.043750 0.048958
0 0.570312 0.113021 0.040625 0.030208
0 0.241667 0.357292 0.025000 0.047917
0 0.189583 0.176042 0.043750 0.031250
0 0.932813 0.118229 0.046875 0.036458
0 0.233854 0.445833 0.026042 0.041667
0 0.665104 0.535937 0.046875 0.048958
0 0.688542 0.736458 0.022917 0.039583
0 0.894271 0.757292 0.042708 0.031250
0 0.910417 0.583333 0.018750 0.035417
0 0.965625 0.381771 0.037500 0.040625
0 0.618229 0.204167 0.019792 0.035417
0 0.894792 0.260417 0.047917 0.027083
0 0.576042 0.827083 0.029167 0.045833
0 0.401042 0.302083 0.037500 0.018750
0 0.660937 0.628125 0.040625 0.025000
0 0.200000 0.827604 0.039583 0.044792
0 0.713021 0.602083 0.038542 0.033333
0 0.886979 0.571875 0.048958 0.027083
0 0.541146 0.366146 0.048958 0.055208
0 0.234896 0.286458 0.042708 0.039583
0 0.154167 0.898438 0.025000 0.044792
0 0.915104 0.698438 0.044792 0.042708
0 0.860417 0.236458 0.035417 0.047917
0 0.913021 0.119792 0.038542 0.025000
0 0.939063 0.223958 0.051042 0.029167
0 0.847917 0.627083 0.045833 0.031250
0 0.275000 0.864062 0.020833 0.036458
0 0.600000 0.926562 0.041667 0.055208
0 0.752604 0.948438 0.040625 0.044792
0 0.167187 0.911979 0.046875 0.048958
0 0.488542 0.098437 0.027083 0.038542
0 0.450000 0.593750 0.027083 0.037500
0 0.073958 0.145313 0.037500 0.048958
0 0.392708 0.605729 0.050000 0.044792
0 0.727604 0.374479 0.040625 0.051042
0 0.123438 0.199479 0.040625 0.028125
0 0.742188 0.125521 0.044792 0.040625
0 0.366146 0.239583 0.019792 0.037500
0 0.750000 0.253125 0.052083 0.045833
0 0.235417 0.668750 0.018750 0.037500
0 0.861979 0.567187 0.040625 0.055208
0 0.172396 0.566667 0.046875 0.029167
0 0.460417 0.675521 0.039583 0.036458
0 0.545312 0.179167 0.042708 0.047917
0 0.579688 0.255208 0.053125 0.041667
0 0.700521 0.249479 0.051042 0.053125
0 0.670833 0.765625 0.022917 0.035417
0 0.916146 0.588021 0.026042 0.040625
0 0.405208 0.071354 0.050000 0.038542
0 0.904687 0.600521 0.032292 0.044792
0 0.091146 0.111979 0.055208 0.048958
0 0.745313 0.085417 0.021875 0.037500
0 0.331250 0.066667 0.037500 0.027083
0 0.105208 0.177604 0.041667 0.044792
0 0.233854 0.725000 0.028125 0.043750
0 0.232813 0.348438 0.034375 0.051042
0 0.697396 0.636458 0.044792 0.052083
0 0.205208 0.673438 0.041667 0.044792
0 0.708333 0.144792 0.037500 0.033333
0 0.691667 0.486979 0.054167 0.042708
0 0.402083 0.490625 0.047917 0.027083
0 0.761458 0.557292 0.052083 0.047917
0 0.471875 0.930729 0.043750 0.042708
0 0.620833 0.132292 0.039583 0.041667
0 0.334375 0.882292 0.043750 0.052083
0 0.614062 0.528646 0.040625 0.028125
0 0.541146 0.496354 0.032292 0.053125
0 0.267708 0.500521 0.022917 0.038542
0 0.361458 0.938542 0.041667 0.025000
0 0.941146 0.576562 0.040625 0.036458
0 0.533333 0.623958 0.052083 0.037500
0 0.403125 0.366146 0.047917 0.028125
0 0.340104 0.220312 0.046875 0.034375
0 0.259375 0.208333 0.047917 0.033333
0 0.842708 0.686979 0.033333 0.048958
0 0.532292 0.217188 0.045833 0.040625
0 0.169271 0.693229 0.051042 0.036458
0 0.779687 0.883333 0.038542 0.035417
0 0.750521 0.967187 0.055208 0.048958
0 0.832812 0.189062 0.032292 0.053125
0 0.227083 0.696875 0.041667 0.039583
0 0.450521 0.829688 0.040625 0.051042
0 0.156250 0.593750 0.033333 0.043750
0 0.081771 0.126042 0.034375 0.043750
0 0.205208 0.203646 0.039583 0.034375
0 0.140625 0.274479 0.041667 0.042708
0 0.876563 0.792188 0.046875 0.026042
0 0.456250 0.177604 0.020833 0.036458
0 0.653125 0.427604 0.045833 0.038542
0 0.932292 0.442708 0.035417 0.037500
0 0.880208 0.216146 0.043750 0.026042
0 0.792188 0.480729 0.046875 0.032292
0 0.923438 0.217708 0.040625 0.047917
0 0.739583 0.463021 0.027083 0.051042
0 0.080208 0.790104 0.037500 0.038542
0 0.235937 0.159375 0.032292 0.039583
0 0.600000 0.923958 0.047917 0.041667
0 0.330729 0.208854 0.040625 0.036458
0 0.585417 0.852604 0.041667 0.021875
0 0.860417 0.084896 0.037500 0.038542
0 0.770312 0.836979 0.038542 0.038542
0 0.713542 0.940104 0.045833 0.040625
0 0.855729 0.548958 0.044792 0.045833
0 0.469792 0.725000 0.041667 0.025000
0 0.900000 0.941667 0.052083 0.045833
0 0.678125 0.863021 0.039583 0.036458
0 0.640625 0.411458 0.045833 0.043750
0 0.658854 0.539583 0.042708 0.054167
0 0.075000 0.765104 0.039583 0.044792
0 0.785937 0.433333 0.030208 0.039583
0 0.367708 0.417708 0.029167 0.037500
0 0.259896 0.934375 0.053125 0.039583
0 0.824479 0.845833 0.051042 0.050000
0 0.454688 0.711979 0.051042 0.038542
0 0.577604 0.694792 0.046875 0.045833
0 0.086979 0.259375 0.038542 0.025000
0 0.138542 0.695312 0.039583 0.030208
0 0.096875 0.120313 0.035417 0.048958
0 0.962500 0.483854 0.054167 0.046875
0 0.780729 0.595833 0.042708 0.039583
0 0.551562 0.733854 0.034375 0.046875
0 0.540625 0.757292 0.029167 0.041667
0 0.800521 0.365104 0.044792 0.032292
0 0.418750 0.292187 0.054167 0.046875
0 0.697396 0.782292 0.026042 0.045833
0 0.117708 0.357292 0.027083 0.037500
0 0.451562 0.558333 0.038542 0.033333
0 0.394271 0.848958 0.034375 0.016667
0 0.422917 0.110417 0.035417 0.047917
0 0.235417 0.541667 0.047917 0.037500
0 0.303646 0.805729 0.030208 0.048958
0 0.582812 0.647917 0.026042 0.039583
0 0.596354 0.125000 0.040625 0.047917
0 0.779167 0.630729 0.043750 0.042708
0 0.690104 0.477083 0.034375 0.039583
0 0.694271 0.507292 0.048958 0.039583
0 0.385937 0.870313 0.051042 0.026042
0 0.504687 0.738542 0.042708 0.047917
0 0.203125 0.471354 0.043750 0.040625
0 0.319271 0.821875 0.030208 0.050000
0 0.296354 0.284896 0.032292 0.044792
0 0.644792 0.654687 0.045833 0.034375
0 0.898958 0.821354 0.054167 0.036458
0 0.534896 0.912500 0.034375 0.052083
0 0.085938 0.879167 0.023958 0.041667
0 0.083854 0.511979 0.048958 0.032292
0 0.751563 0.870833 0.048958 0.027083
0 0.746875 0.629687 0.041667 0.044792
0 0.503646 0.286458 0.044792 0.035417
0 0.473958 0.764583 0.043750 0.033333
0 0.523438 0.613542 0.044792 0.045833
0 0.745833 0.175521 0.025000 0.038542
0 0.222396 0.552083 0.030208 0.043750
0 0.450521 0.126042 0.051042 0.033333
0 0.347396 0.398438 0.038542 0.046875
0 0.734375 0.674479 0.052083 0.051042
0 0.930208 0.919792 0.052083 0.043750
0 0.196354 0.891667 0.044792 0.047917
0 0.591146 0.350000 0.042708 0.047917
0 0.117708 0.478646 0.039583 0.023958
0 0.123438 0.270833 0.044792 0.025000
0 0.381250 0.944271 0.050000 0.034375
0 0.678125 0.188021 0.050000 0.036458
0 0.396354 0.902083 0.023958 0.041667
0 0.309896 0.311458 0.042708 0.037500
0 0.648958 0.706771 0.054167 0.048958
0 0.254167 0.773958 0.037500 0.041667
0 0.221354 0.696354 0.044792 0.040625
0 0.301563 0.492188 0.042708 0.044792
0 0.667708 0.439583 0.035417 0.037500
0 0.589583 0.150000 0.047917 0.037500
0 0.656771 0.850521 0.038542 0.021875
0 0.325000 0.909896 0.022917 0.040625
0 0.225521 0.102604 0.044792 0.055208
0 0.391667 0.338021 0.031250 0.051042
0 0.436979 0.108333 0.038542 0.043750
0 0.145313 0.947396 0.055208 0.044792
0 0.949479 0.467708 0.044792 0.022917
0 0.866667 0.639062 0.054167 0.038542
0 0.771354 0.464583 0.048958 0.039583
0 0.274479 0.209375 0.042708 0.037500
0 0.753125 0.804167 0.018750 0.035417
0 0.286979 0.502083 0.034375 0.039583
0 0.636979 0.834375 0.042708 0.047917
0 0.263542 0.747396 0.047917 0.046875
0 0.589063 0.443750 0.040625 0.054167
0 0.681250 0.320833 0.033333 0.043750
0 0.311458 0.339062 0.047917 0.046875
0 0.320312 0.534896 0.048958 0.032292
0 0.712500 0.506250 0.047917 0.039583
0 0.504687 0.629687 0.044792 0.028125
0 0.371875 0.444271 0.031250 0.040625
0 0.731771 0.430729 0.032292 0.048958
0 0.152083 0.133854 0.050000 0.044792
0 0.081771 0.545833 0.040625 0.047917
0 0.658333 0.266667 0.035417 0.047917
0 0.256250 0.189583 0.052083 0.037500
0 0.514062 0.915104 0.044792 0.042708
0 0.933333 0.235417 0.045833 0.043750
0 0.712500 0.654167 0.035417 0.037500
0 0.384896 0.421354 0.036458 0.046875
0 0.169271 0.747396 0.053125 0.032292
0 0.667708 0.932813 0.025000 0.038542
0 0.750521 0.917708 0.048958 0.037500
0 0.700521 0.549479 0.051042 0.036458
0 0.813542 0.711458 0.043750 0.033333
0 0.485417 0.802083 0.031250 0.037500
0 0.892708 0.301042 0.041667 0.052083
0 0.201563 0.109896 0.040625 0.051042
0 0.881771 0.419271 0.034375 0.040625
0 0.729167 0.081771 0.045833 0.026042
0 0.788542 0.878646 0.029167 0.046875
0 0.075521 0.575521 0.040625 0.034375
0 0.657292 0.414583 0.033333 0.037500
0 0.381771 0.286458 0.023958 0.041667
0 0.281250 0.312500 0.045833 0.052083
0 0.147917 0.082812 0.043750 0.030208
0 0.236458 0.840625 0.033333 0.052083
0 0.516146 0.875521 0.042708 0.044792
0 0.180208 0.289062 0.047917 0.046875
0 0.251042 0.444792 0.033333 0.047917
0 0.377083 0.432292 0.041667 0.039583
0 0.575521 0.863542 0.046875 0.029167
0 0.903646 0.932813 0.040625 0.051042
0 0.473438 0.266146 0.040625 0.023958
0 0.766667 0.806771 0.020833 0.038542
0 0.235417 0.376042 0.047917 0.035417
0 0.940625 0.485938 0.033333 0.040625
0 0.927604 0.774479 0.051042 0.038542
0 0.377604 0.600000 0.023958 0.041667
0 0.275000 0.517188 0.047917 0.032292
0 0.291667 0.472396 0.037500 0.021875
0 0.222917 0.184896 0.037500 0.021875
0 0.175000 0.340104 0.050000 0.053125
0 0.379688 0.334896 0.055208 0.042708
0 0.392708 0.475000 0.047917 0.041667
0 0.284375 0.731250 0.041667 0.041667
0 0.766146 0.425000 0.038542 0.035417
0 0.067187 0.784375 0.023958 0.047917
0 0.141667 0.100000 0.043750 0.045833
0 0.349479 0.870313 0.030208 0.051042
0 0.098958 0.705729 0.045833 0.038542
0 0.086979 0.856250 0.046875 0.045833
0 0.191146 0.507292 0.042708 0.054167
0 0.357292 0.640625 0.035417 0.035417
0 0.246875 0.656771 0.045833 0.055208
0 0.322917 0.423438 0.039583 0.023958
0 0.939063 0.605729 0.028125 0.044792
0 0.336979 0.732292 0.038542 0.029167
0 0.496354 0.267708 0.042708 0.033333
0 0.147917 0.291667 0.022917 0.039583
0 0.200521 0.444271 0.030208 0.044792
0 0.827604 0.291146 0.051042 0.038542
0 0.400000 0.451562 0.037500 0.048958