0 0.534375 0.539062 0.039583 0.028125
0 0.191146 0.740625 0.036458 0.037500
0 0.800521 0.073958 0.042708 0.027083
0 0.609375 0.385417 0.050000 0.050000
0 0.406771 0.748958 0.051042 0.031250
0 0.701562 0.193750 0.044792 0.045833
0 0.377604 0.712500 0.042708 0.041667
0 0.402083 0.916146 0.037500 0.048958
0 0.648958 0.192708 0.035417 0.043750
0 0.688542 0.338542 0.043750 0.035417
0 0.877604 0.266667 0.026042 0.037500
0 0.196875 0.258854 0.037500 0.021875
0 0.558854 0.900521 0.055208 0.046875
0 0.877604 0.428125 0.038542 0.035417
0 0.901042 0.591146 0.045833 0.040625
0 0.616667 0.711458 0.025000 0.041667
0 0.294271 0.720313 0.038542 0.046875
0 0.102083 0.727083 0.039583 0.047917
0 0.893229 0.725000 0.053125 0.037500
0 0.422396 0.719792 0.053125 0.039583
0 0.332813 0.453646 0.032292 0.053125
0 0.294271 0.858854 0.040625 0.055208
0 0.896354 0.498958 0.036458 0.022917
0 0.114583 0.691146 0.033333 0.044792
0 0.382292 0.524479 0.037500 0.040625
0 0.083333 0.540625 0.047917 0.039583
0 0.820312 0.765625 0.036458 0.052083
0 0.133333 0.135937 0.039583 0.036458
0 0.114583 0.279167 0.031250 0.041667
0 0.816667 0.088021 0.052083 0.051042
0 0.087500 0.474479 0.050000 0.040625
0 0.921354 0.210417 0.044792 0.033333
0 0.861979 0.913542 0.021875 0.043750
0 0.953125 0.138021 0.047917 0.046875
0 0.623958 0.938542 0.037500 0.027083
0 0.225521 0.479167 0.048958 0.052083
0 0.619271 0.194792 0.038542 0.035417
0 0.571875 0.317188 0.039583 0.053125
0 0.559896 0.336458 0.026042 0.039583
0 0.529687 0.170313 0.040625 0.055208
0 0.839063 0.663542 0.032292 0.039583
0 0.814063 0.401562 0.048958 0.028125
0 0.134375 0.600000 0.033333 0.043750
0 0.766146 0.500521 0.055208 0.048958
0 0.432292 0.110417 0.031250 0.041667
0 0.772396 0.237500 0.042708 0.027083
0 0.364063 0.197396 0.042708 0.044792
0 0.900521 0.152083 0.048958 0.037500
0 0.092188 0.232292 0.034375 0.047917
0 0.829688 0.877604 0.051042 0.042708
0 0.252083 0.293229 0.033333 0.040625
0 0.916146 0.313542 0.048958 0.039583
0 0.325000 0.960417 0.052083 0.041667
0 0.154688 0.549479 0.048958 0.028125
0 0.728646 0.695312 0.053125 0.051042
0 0.082812 0.437500 0.032292 0.052083
0 0.450000 0.201563 0.035417 0.044792
0 0.638542 0.110417 0.043750 0.022917
0 0.515104 0.085417 0.030208 0.047917
0 0.888021 0.353125 0.036458 0.037500
0 0.415104 0.369271 0.042708 0.044792
0 0.542708 0.215625 0.047917 0.052083
0 0.945833 0.161979 0.045833 0.048958
0 0.445312 0.076563 0.028125 0.040625
0 0.775000 0.079167 0.033333 0.047917
0 0.669271 0.255729 0.048958 0.055208
0 0.277604 0.476042 0.046875 0.031250
0 0.179688 0.261979 0.046875 0.026042
0 0.577604 0.775521 0.048958 0.030208
0 0.780729 0.190104 0.036458 0.055208
0 0.899479 0.401042 0.028125 0.043750
0 0.715625 0.246875 0.027083 0.047917
0 0.293229 0.572396 0.046875 0.036458
0 0.443750 0.711458 0.037500 0.022917
0 0.311458 0.111979 0.041667 0.044792
0 0.936979 0.345313 0.048958 0.046875
0 0.705729 0.701042 0.038542 0.035417
0 0.583854 0.809375 0.051042 0.050000
0 0.709375 0.535417 0.022917 0.039583
0 0.272396 0.350000 0.048958 0.052083
0 0.534375 0.080208 0.045833 0.043750
0 0.775521 0.191667 0.046875 0.022917
0 0.476042 0.841667 0.018750 0.037500
0 0.369792 0.409375 0.041667 0.047917
0 0.596875 0.131771 0.043750 0.042708
0 0.444792 0.801042 0.050000 0.031250
0 0.347917 0.140625 0.045833 0.043750
0 0.927604 0.859896 0.055208 0.046875
0 0.146875 0.181771 0.047917 0.032292
0 0.833333 0.849479 0.039583 0.034375
0 0.136458 0.156771 0.050000 0.053125
0 0.664062 0.755729 0.040625 0.036458
0 0.730208 0.670833 0.052083 0.041667
0 0.783333 0.488542 0.033333 0.050000
0 0.836458 0.544271 0.039583 0.036458
0 0.708854 0.797396 0.040625 0.028125
0 0.547396 0.542188 0.055208 0.042708
0 0.684375 0.300000 0.039583 0.052083
0 0.364583 0.588021 0.039583 0.044792
0 0.268229 0.565104 0.048958 0.055208
0 0.780208 0.070312 0.037500 0.019792
0 0.900000 0.955729 0.025000 0.048958
0 0.327604 0.747396 0.051042 0.044792
0 0.596354 0.325521 0.040625 0.038542
0 0.644792 0.279167 0.029167 0.037500
0 0.173437 0.420312 0.023958 0.040625
0 0.295833 0.767188 0.043750 0.040625
0 0.513542 0.168229 0.045833 0.038542
0 0.225521 0.705729 0.040625 0.051042
0 0.217188 0.238542 0.042708 0.047917
0 0.755208 0.727083 0.052083 0.033333
0 0.275521 0.660417 0.053125 0.041667
0 0.475521 0.526042 0.038542 0.043750
0 0.726562 0.817187 0.038542 0.046875
0 0.921354 0.835938 0.038542 0.021875
0 0.721875 0.484896 0.050000 0.053125
0 0.739583 0.351042 0.029167 0.041667
0 0.547917 0.222396 0.047917 0.032292
0 0.380729 0.104688 0.028125 0.051042
0 0.440104 0.711979 0.036458 0.055208
0 0.175521 0.708333 0.028125 0.050000
0 0.555729 0.330208 0.034375 0.043750
0 0.718750 0.436979 0.045833 0.026042
0 0.619271 0.398958 0.040625 0.041667
0 0.702604 0.363021 0.051042 0.028125
0 0.272396 0.184375 0.038542 0.033333
0 0.958854 0.137500 0.036458 0.052083
0 0.855729 0.635417 0.051042 0.050000
0 0.515104 0.425521 0.055208 0.051042
0 0.928125 0.189583 0.037500 0.031250
0 0.940625 0.759375 0.022917 0.035417
0 0.332813 0.369792 0.028125 0.039583
0 0.883854 0.423958 0.040625 0.043750
0 0.756250 0.445312 0.054167 0.048958
0 0.135937 0.441667 0.030208 0.043750
0 0.292708 0.167708 0.041667 0.027083
0 0.779687 0.448958 0.053125 0.039583
0 0.548438 0.410417 0.044792 0.035417
0 0.294792 0.503646 0.050000 0.036458
0 0.547917 0.354167 0.047917 0.037500
0 0.312500 0.696875 0.039583 0.041667
0 0.413542 0.300000 0.025000 0.041667
0 0.760938 0.445312 0.040625 0.034375
0 0.093229 0.156250 0.038542 0.029167
0 0.794271 0.408854 0.036458 0.040625
0 0.936979 0.173437 0.046875 0.055208
0 0.337500 0.652604 0.041667 0.032292
0 0.258333 0.950000 0.022917 0.039583
0 0.642188 0.129167 0.026042 0.037500
0 0.950000 0.612500 0.043750 0.025000
0 0.148438 0.931250 0.046875 0.043750
0 0.335938 0.948958 0.019792 0.037500
0 0.836979 0.351562 0.026042 0.046875
0 0.136458 0.957292 0.029167 0.041667
0 0.421875 0.308333 0.033333 0.043750
0 0.101562 0.469792 0.036458 0.043750
0 0.128646 0.540625 0.048958 0.025000
0 0.816146 0.569792 0.053125 0.041667
0 0.113021 0.192708 0.051042 0.031250
0 0.799479 0.872396 0.040625 0.034375
0 0.842187 0.828646 0.044792 0.032292
0 0.114062 0.072396 0.044792 0.040625
0 0.845313 0.684375 0.040625 0.052083
0 0.264583 0.817708 0.037500 0.029167
0 0.199479 0.628125 0.030208 0.039583
0 0.535937 0.527083 0.053125 0.039583
0 0.906250 0.633854 0.035417 0.040625
0 0.213542 0.695312 0.045833 0.026042
0 0.286979 0.651042 0.034375 0.047917
0 0.591146 0.552083 0.023958 0.043750
0 0.243750 0.592708 0.043750 0.045833
0 0.658333 0.168229 0.045833 0.038542
0 0.507812 0.728125 0.044792 0.052083
0 0.684375 0.595313 0.043750 0.042708
0 0.211979 0.145313 0.048958 0.055208
0 0.591146 0.594271 0.042708 0.021875
0 0.566667 0.315104 0.037500 0.044792
0 0.238542 0.784375 0.035417 0.037500
0 0.707292 0.268750 0.035417 0.047917
0 0.379167 0.445833 0.052083 0.037500
0 0.412500 0.905208 0.035417 0.043750
0 0.107813 0.509375 0.044792 0.047917
0 0.643229 0.935417 0.048958 0.052083
0 0.887500 0.744271 0.029167 0.044792
0 0.901563 0.094271 0.040625 0.036458
0 0.225521 0.492188 0.028125 0.051042
0 0.865625 0.689583 0.041667 0.047917
0 0.196875 0.610417 0.037500 0.027083
0 0.281771 0.116146 0.028125 0.048958
0 0.858854 0.211979 0.042708 0.044792
0 0.081250 0.715104 0.047917 0.048958
0 0.170833 0.440104 0.022917 0.044792
0 0.605208 0.184375 0.029167 0.045833
0 0.342187 0.383333 0.042708 0.027083
0 0.625000 0.249479 0.052083 0.032292
0 0.593229 0.299479 0.046875 0.023958
0 0.551562 0.143750 0.040625 0.054167
0 0.106250 0.597917 0.045833 0.052083
0 0.122396 0.254167 0.038542 0.018750
0 0.744271 0.678646 0.044792 0.040625
0 0.393750 0.586979 0.035417 0.040625
0 0.457813 0.353125 0.028125 0.039583
0 0.313542 0.330729 0.022917 0.038542
0 0.897396 0.498958 0.051042 0.047917
0 0.194271 0.554688 0.046875 0.048958
0 0.600521 0.643229 0.038542 0.021875
0 0.351562 0.690104 0.028125 0.040625
0 0.352083 0.437500 0.050000 0.029167
0 0.419271 0.502604 0.040625 0.023958
0 0.323958 0.134896 0.054167 0.040625
0 0.734896 0.240625 0.038542 0.033333
0 0.084896 0.717708 0.028125 0.041667
0 0.847917 0.536458 0.037500 0.035417
0 0.182812 0.626042 0.028125 0.045833
0 0.144271 0.868750 0.048958 0.052083
0 0.456771 0.159375 0.053125 0.043750
0 0.194271 0.354167 0.034375 0.047917
0 0.289583 0.461979 0.020833 0.036458
0 0.301563 0.557813 0.040625 0.044792
0 0.480208 0.480729 0.052083 0.032292
0 0.766146 0.595833 0.053125 0.039583
0 0.868750 0.322396 0.054167 0.042708
0 0.355729 0.673438 0.034375 0.048958
0 0.328646 0.483333 0.040625 0.047917
0 0.432812 0.452083 0.028125 0.045833
0 0.176563 0.116146 0.021875 0.038542
0 0.299479 0.134896 0.048958 0.034375
0 0.304688 0.551562 0.040625 0.028125
0 0.431250 0.756250 0.031250 0.037500
0 0.419792 0.125521 0.035417 0.044792
0 0.923438 0.283854 0.044792 0.026042
0 0.086979 0.496354 0.051042 0.055208
0 0.100521 0.690104 0.021875 0.038542
0 0.858854 0.232292 0.042708 0.039583
0 0.858854 0.157812 0.038542 0.055208
0 0.092188 0.522917 0.030208 0.047917
0 0.610417 0.757812 0.050000 0.042708
0 0.831250 0.382292 0.039583 0.041667
0 0.852604 0.739583 0.030208 0.050000
0 0.288021 0.126562 0.036458 0.040625
0 0.897917 0.079167 0.037500 0.033333
0 0.715104 0.761979 0.036458 0.040625
0 0.691146 0.486458 0.040625 0.047917
0 0.954688 0.833333 0.026042 0.039583
0 0.860417 0.386979 0.025000 0.042708
0 0.409896 0.697396 0.034375 0.051042
0 0.727083 0.470313 0.031250 0.040625
0 0.333854 0.655208 0.053125 0.043750
0 0.204167 0.158333 0.031250 0.043750
0 0.833854 0.963021 0.042708 0.055208
0 0.818229 0.333854 0.038542 0.021875
0 0.518750 0.784896 0.052083 0.034375
0 0.371875 0.926562 0.050000 0.038542
0 0.865625 0.481771 0.043750 0.055208
0 0.374479 0.355729 0.040625 0.032292
0 0.171354 0.572396 0.038542 0.019792
0 0.485938 0.190104 0.030208 0.051042
0 0.176563 0.394792 0.030208 0.047917
0 0.333854 0.542708 0.040625 0.047917
0 0.918750 0.595833 0.037500 0.047917
0 0.867708 0.930729 0.041667 0.021875
0 0.727083 0.627604 0.020833 0.038542
0 0.285938 0.723437 0.021875 0.038542
0 0.833333 0.359375 0.037500 0.027083
0 0.484896 0.808333 0.026042 0.037500
0 0.938542 0.448958 0.031250 0.045833
0 0.901042 0.904687 0.045833 0.038542
0 0.256771 0.429167 0.032292 0.043750
0 0.357292 0.667188 0.047917 0.046875
0 0.283333 0.682292 0.033333 0.047917
0 0.110417 0.654167 0.027083 0.045833
0 0.777604 0.078125 0.044792 0.047917
0 0.268229 0.340104 0.028125 0.040625
0 0.294271 0.448958 0.046875 0.022917
0 0.377083 0.814063 0.054167 0.042708
0 0.481250 0.253646 0.047917 0.030208
0 0.435937 0.603646 0.044792 0.030208
0 0.304688 0.685417 0.038542 0.031250
0 0.828125 0.725000 0.033333 0.037500
0 0.669792 0.297396 0.031250 0.051042
0 0.761458 0.217188 0.050000 0.036458
0 0.169792 0.169271 0.054167 0.036458
0 0.401562 0.538021 0.044792 0.032292
0 0.575521 0.468229 0.038542 0.051042
0 0.388021 0.828125 0.042708 0.039583
0 0.650000 0.436458 0.025000 0.043750
0 0.300000 0.863542 0.045833 0.052083
0 0.253125 0.630729 0.029167 0.051042
0 0.651042 0.315104 0.027083 0.051042
0 0.790625 0.551042 0.031250 0.050000
0 0.728125 0.600521 0.020833 0.038542
0 0.439583 0.909896 0.022917 0.038542
0 0.936979 0.913021 0.028125 0.044792
0 0.140104 0.653646 0.023958 0.038542
0 0.316667 0.192708 0.041667 0.031250
0 0.740104 0.664062 0.032292 0.053125
0 0.554688 0.844271 0.055208 0.040625
0 0.343750 0.527604 0.045833 0.038542
0 0.214583 0.734896 0.054167 0.038542
0 0.140625 0.091667 0.052083 0.045833
0 0.292708 0.322396 0.033333 0.048958
0 0.546354 0.786458 0.036458 0.020833
0 0.191667 0.406250 0.045833 0.052083
0 0.322917 0.760938 0.033333 0.044792
0 0.777083 0.627083 0.043750 0.033333
0 0.726562 0.886458 0.053125 0.045833
0 0.149479 0.256771 0.044792 0.042708
0 0.346875 0.232292 0.025000 0.047917
0 0.616667 0.126042 0.041667 0.027083
0 0.621354 0.400000 0.040625 0.052083
0 0.756250 0.172396 0.027083 0.042708
0 0.573438 0.078125 0.048958 0.035417
0 0.223958 0.533333 0.047917 0.035417
0 0.858854 0.748437 0.019792 0.038542
0 0.539062 0.504687 0.046875 0.048958
0 0.414583 0.773438 0.045833 0.034375
0 0.311458 0.882812 0.045833 0.055208
0 0.573438 0.621875 0.021875 0.043750
0 0.651563 0.492188 0.032292 0.040625
0 0.601042 0.963021 0.022917 0.044792
0 0.334896 0.748958 0.048958 0.035417
0 0.388542 0.464583 0.052083 0.041667
0 0.192708 0.192708 0.029167 0.050000
0 0.220833 0.197396 0.050000 0.034375
0 0.392188 0.265104 0.040625 0.051042
0 0.455208 0.702604 0.022917 0.038542
0 0.303125 0.298438 0.050000 0.036458
0 0.577083 0.547396 0.041667 0.044792
0 0.877083 0.632812 0.047917 0.046875
0 0.196354 0.543229 0.034375 0.053125
0 0.695312 0.625000 0.034375 0.052083
0 0.759896 0.411979 0.023958 0.042708
0 0.131250 0.288542 0.039583 0.047917
0 0.949479 0.176042 0.048958 0.037500
0 0.806250 0.147917 0.041667 0.027083
0 0.171875 0.191146 0.043750 0.026042
0 0.582292 0.375521 0.041667 0.055208
0 0.823958 0.304167 0.041667 0.039583
0 0.260417 0.322396 0.039583 0.044792
0 0.585938 0.630208 0.040625 0.054167
0 0.432812 0.165625 0.019792 0.039583
0 0.564583 0.939583 0.041667 0.052083
0 0.247917 0.396875 0.047917 0.027083
0 0.608854 0.653646 0.038542 0.046875
0 0.437500 0.224479 0.052083 0.053125
0 0.083333 0.201563 0.039583 0.030208
0 0.819271 0.678646 0.028125 0.044792
0 0.376042 0.541667 0.037500 0.035417
0 0.641667 0.166146 0.031250 0.040625
0 0.751042 0.761458 0.047917 0.033333
0 0.856771 0.946875 0.030208 0.043750
0 0.230729 0.911458 0.053125 0.045833
0 0.828646 0.226562 0.030208 0.040625
0 0.491146 0.102604 0.032292 0.053125
0 0.163542 0.914062 0.043750 0.032292
0 0.269792 0.126562 0.045833 0.028125
0 0.926562 0.634896 0.048958 0.046875
0 0.495312 0.153646 0.044792 0.051042
0 0.818229 0.497396 0.030208 0.040625
0 0.352083 0.676042 0.033333 0.043750
0 0.771875 0.889062 0.037500 0.048958
0 0.308333 0.294792 0.035417 0.047917
0 0.773438 0.342187 0.040625 0.044792
0 0.771875 0.256771 0.041667 0.044792
0 0.211458 0.479167 0.029167 0.037500
0 0.912500 0.599479 0.050000 0.053125
0 0.549479 0.708333 0.032292 0.039583
0 0.159375 0.667708 0.050000 0.033333
0 0.525000 0.423958 0.041667 0.041667
0 0.153125 0.630208 0.025000 0.043750
0 0.458854 0.591667 0.048958 0.025000
0 0.773958 0.236979 0.050000 0.034375
0 0.650521 0.759375 0.051042 0.050000
0 0.785417 0.298438 0.029167 0.044792
0 0.792188 0.207292 0.046875 0.043750
0 0.767708 0.619792 0.035417 0.052083
0 0.396875 0.672917 0.029167 0.037500
0 0.888021 0.319271 0.046875 0.036458
0 0.863542 0.259375 0.052083 0.043750
0 0.078125 0.407292 0.025000 0.041667
0 0.142187 0.674479 0.044792 0.051042
0 0.282292 0.878646 0.054167 0.040625
0 0.305208 0.692708 0.052083 0.047917
0 0.446875 0.160938 0.052083 0.030208
0 0.891146 0.769271 0.048958 0.046875
0 0.691667 0.567187 0.039583 0.034375
0 0.905208 0.192188 0.039583 0.032292
0 0.259375 0.592708 0.039583 0.020833
0 0.347396 0.861458 0.036458 0.020833
0 0.378646 0.284375 0.036458 0.018750
0 0.071354 0.518750 0.034375 0.039583
0 0.872396 0.776563 0.046875 0.026042
0 0.774479 0.636979 0.021875 0.042708
0 0.147917 0.921354 0.043750 0.042708
0 0.738021 0.830208 0.038542 0.025000
0 0.211979 0.685417 0.038542 0.043750
0 0.594271 0.813021 0.028125 0.040625
0 0.473958 0.450000 0.037500 0.031250
0 0.263021 0.648958 0.038542 0.031250
0 0.747917 0.742188 0.054167 0.040625
0 0.284375 0.196875 0.035417 0.043750
0 0.704167 0.388021 0.050000 0.042708
0 0.534375 0.199479 0.047917 0.044792