0 0.331250 0.923438 0.041667 0.023958
0 0.313021 0.258333 0.048958 0.052083
0 0.100521 0.145833 0.038542 0.029167
0 0.703646 0.429688 0.048958 0.046875
0 0.670312 0.771354 0.040625 0.028125
0 0.289583 0.439063 0.050000 0.044792
0 0.965104 0.601562 0.048958 0.055208
0 0.880729 0.368750 0.023958 0.047917
0 0.292708 0.868750 0.020833 0.035417
0 0.293229 0.804167 0.042708 0.027083
0 0.253646 0.165104 0.034375 0.051042
0 0.144271 0.753125 0.046875 0.031250
0 0.271354 0.449479 0.030208 0.048958
0 0.322396 0.409375 0.034375 0.052083
0 0.487500 0.509896 0.043750 0.032292
0 0.641146 0.472917 0.028125 0.043750
0 0.769271 0.833854 0.055208 0.040625
0 0.427604 0.306250 0.036458 0.047917
0 0.482812 0.630729 0.046875 0.026042
0 0.873437 0.510417 0.051042 0.050000
0 0.722917 0.704688 0.052083 0.034375
0 0.600521 0.222396 0.053125 0.051042
0 0.535417 0.295312 0.039583 0.044792
0 0.478125 0.309375 0.052083 0.043750
0 0.686458 0.470313 0.043750 0.048958
0 0.706250 0.219271 0.043750 0.042708
0 0.488021 0.406771 0.055208 0.051042
0 0.673958 0.705208 0.037500 0.043750
0 0.860417 0.728646 0.047917 0.046875
0 0.585417 0.177083 0.037500 0.033333
0 0.485417 0.507292 0.027083 0.045833
0 0.518750 0.570312 0.027083 0.042708
0 0.508333 0.275521 0.054167 0.046875
0 0.876042 0.131250 0.035417 0.037500
0 0.375521 0.792708 0.030208 0.039583
0 0.100521 0.802083 0.040625 0.054167
0 0.720833 0.306771 0.054167 0.042708
0 0.784896 0.351042 0.038542 0.047917
0 0.680729 0.653125 0.044792 0.022917
0 0.692187 0.273438 0.055208 0.046875
0 0.266146 0.327083 0.048958 0.039583
0 0.739583 0.635938 0.035417 0.044792
0 0.496875 0.152083 0.037500 0.025000
0 0.779687 0.504167 0.023958 0.043750
0 0.505208 0.597396 0.043750 0.055208
0 0.586458 0.769271 0.045833 0.036458
0 0.361979 0.916146 0.051042 0.036458
0 0.267188 0.665625 0.038542 0.031250
0 0.834896 0.589583 0.053125 0.045833
0 0.594792 0.352604 0.050000 0.034375
0 0.799479 0.851562 0.051042 0.038542
0 0.852083 0.271354 0.050000 0.053125
0 0.556250 0.778125 0.043750 0.045833
0 0.359896 0.866146 0.036458 0.046875
0 0.753646 0.673438 0.034375 0.046875
0 0.578125 0.756771 0.054167 0.036458
0 0.733333 0.914583 0.047917 0.033333
0 0.754167 0.356250 0.037500 0.035417
0 0.796354 0.859896 0.044792 0.028125
0 0.754687 0.420833 0.030208 0.047917
0 0.387500 0.730729 0.050000 0.053125
0 0.491667 0.376042 0.043750 0.022917
0 0.781771 0.163542 0.021875 0.037500
0 0.815625 0.341667 0.037500 0.035417
0 0.289062 0.769271 0.048958 0.023958
0 0.791667 0.409896 0.031250 0.044792
0 0.723958 0.819792 0.031250 0.045833
0 0.674479 0.243750 0.042708 0.031250
0 0.264583 0.954167 0.041667 0.037500
0 0.090104 0.775521 0.021875 0.042708
0 0.545833 0.670312 0.045833 0.036458
0 0.154688 0.821354 0.026042 0.040625
0 0.075000 0.091667 0.041667 0.037500
0 0.292187 0.218750 0.040625 0.022917
0 0.690104 0.818750 0.051042 0.031250
0 0.719792 0.109375 0.052083 0.043750
0 0.337500 0.240104 0.027083 0.051042
0 0.127604 0.889583 0.040625 0.020833
0 0.513021 0.292708 0.026042 0.045833
0 0.620313 0.750521 0.038542 0.023958
0 0.355208 0.863021 0.043750 0.055208
0 0.539062 0.571354 0.040625 0.026042
0 0.799479 0.457813 0.055208 0.040625
0 0.161979 0.630208 0.038542 0.043750
0 0.669792 0.392708 0.027083 0.037500
0 0.492708 0.420312 0.035417 0.044792
0 0.602604 0.213542 0.034375 0.039583
0 0.896875 0.767708 0.037500 0.047917
0 0.258333 0.349479 0.037500 0.021875
0 0.395313 0.918229 0.040625 0.028125
0 0.519271 0.401562 0.040625 0.044792
0 0.250521 0.663021 0.026042 0.046875
0 0.663021 0.677604 0.036458 0.040625
0 0.308854 0.309896 0.042708 0.044792
0 0.479687 0.168229 0.040625 0.023958
0 0.085417 0.698438 0.022917 0.038542
0 0.180729 0.612500 0.053125 0.039583
0 0.642708 0.115104 0.052083 0.051042
0 0.940104 0.250521 0.044792 0.042708
0 0.479687 0.093229 0.053125 0.051042
0 0.672396 0.788021 0.048958 0.046875
0 0.182292 0.167187 0.041667 0.021875
0 0.517708 0.154688 0.043750 0.021875
0 0.675000 0.399479 0.052083 0.051042
0 0.506771 0.935937 0.051042 0.040625
0 0.394271 0.834375 0.044792 0.052083
0 0.265104 0.365625 0.051042 0.047917
0 0.687500 0.889062 0.052083 0.032292
0 0.183854 0.305729 0.030208 0.048958
0 0.502604 0.116667 0.038542 0.037500
0 0.406771 0.276042 0.032292 0.052083
0 0.239063 0.154167 0.053125 0.037500
0 0.729688 0.946875 0.051042 0.050000
0 0.766146 0.689583 0.048958 0.050000
0 0.887500 0.291146 0.052083 0.030208
0 0.078646 0.593229 0.046875 0.026042
0 0.390625 0.762500 0.045833 0.043750
0 0.403125 0.900000 0.025000 0.047917
0 0.782292 0.102604 0.037500 0.019792
0 0.905208 0.386458 0.041667 0.037500
0 0.958854 0.553125 0.048958 0.027083
0 0.758854 0.133854 0.048958 0.046875
0 0.336979 0.114583 0.042708 0.031250
0 0.771354 0.208333 0.053125 0.043750
0 0.646875 0.542188 0.031250 0.051042
0 0.815625 0.280208 0.045833 0.052083
0 0.435417 0.077083 0.045833 0.031250
0 0.926042 0.816146 0.037500 0.048958
0 0.531250 0.513021 0.039583 0.038542
0 0.415104 0.583854 0.053125 0.051042
0 0.326562 0.359896 0.048958 0.055208
0 0.125521 0.913021 0.051042 0.036458
0 0.601042 0.333333 0.037500 0.035417
0 0.489583 0.106250 0.029167 0.045833
0 0.946875 0.153125 0.033333 0.052083
0 0.720833 0.521875 0.047917 0.052083
0 0.947917 0.786458 0.037500 0.035417
0 0.290625 0.924479 0.043750 0.055208
0 0.249479 0.515104 0.038542 0.051042
0 0.843750 0.747917 0.031250 0.041667
0 0.474479 0.235417 0.042708 0.037500
0 0.885417 0.861979 0.050000 0.042708
0 0.732812 0.094792 0.053125 0.041667
0 0.697917 0.801562 0.041667 0.021875
0 0.877083 0.555208 0.050000 0.033333
0 0.641146 0.805208 0.042708 0.027083
0 0.294271 0.613021 0.040625 0.023958
0 0.644271 0.217188 0.040625 0.034375
0 0.932813 0.628646 0.032292 0.053125
0 0.845833 0.580208 0.035417 0.043750
0 0.659375 0.313542 0.039583 0.041667
0 0.395833 0.743229 0.031250 0.053125
0 0.816667 0.670833 0.022917 0.039583
0 0.680729 0.829688 0.053125 0.051042
0 0.796875 0.648958 0.037500 0.035417
0 0.759375 0.280208 0.033333 0.016667
0 0.633333 0.367708 0.043750 0.035417
0 0.967187 0.225521 0.044792 0.042708
0 0.520833 0.891146 0.045833 0.036458
0 0.628646 0.766146 0.026042 0.040625
0 0.511979 0.379688 0.028125 0.040625
0 0.936979 0.641667 0.048958 0.037500
0 0.814583 0.909896 0.027083 0.046875
0 0.814063 0.463542 0.040625 0.022917
0 0.692187 0.845833 0.038542 0.027083
0 0.334375 0.766667 0.029167 0.050000
0 0.626563 0.571354 0.032292 0.046875
0 0.379167 0.520833 0.033333 0.045833
0 0.079687 0.900000 0.038542 0.052083
0 0.607292 0.510417 0.029167 0.037500
0 0.302083 0.752604 0.043750 0.021875
0 0.157292 0.095312 0.050000 0.040625
0 0.621875 0.289583 0.027083 0.037500
0 0.524479 0.460938 0.051042 0.053125
0 0.941146 0.315104 0.028125 0.040625
0 0.855729 0.193229 0.048958 0.046875
0 0.332813 0.372396 0.044792 0.042708
0 0.314583 0.933333 0.047917 0.035417
0 0.850521 0.183333 0.032292 0.039583
0 0.785417 0.296354 0.052083 0.051042
0 0.569792 0.572396 0.054167 0.036458
0 0.235417 0.471354 0.033333 0.040625
0 0.551562 0.684375 0.048958 0.037500
0 0.476042 0.869271 0.033333 0.040625
0 0.815625 0.297396 0.025000 0.046875
0 0.778125 0.905729 0.047917 0.046875
0 0.533333 0.161458 0.050000 0.047917
0 0.198958 0.288021 0.043750 0.026042
0 0.216667 0.248958 0.039583 0.041667
0 0.129688 0.880208 0.042708 0.037500
0 0.841667 0.452604 0.054167 0.044792
0 0.638542 0.704688 0.052083 0.030208
0 0.626563 0.531771 0.040625 0.051042
0 0.159375 0.537500 0.022917 0.037500
0 0.602083 0.109896 0.035417 0.040625
0 0.805208 0.256250 0.035417 0.018750
0 0.677604 0.323437 0.053125 0.030208
0 0.680729 0.238542 0.034375 0.016667
0 0.241146 0.167187 0.048958 0.044792
0 0.604167 0.532292 0.043750 0.025000
0 0.965625 0.256250 0.050000 0.050000
0 0.710938 0.202083 0.053125 0.037500
0 0.959896 0.782292 0.038542 0.052083
0 0.149479 0.360938 0.034375 0.046875
0 0.741667 0.257812 0.050000 0.042708
0 0.833854 0.851042 0.048958 0.050000
0 0.605208 0.487500 0.043750 0.045833
0 0.335417 0.498958 0.037500 0.041667
0 0.456250 0.308333 0.052083 0.037500
0 0.408854 0.354687 0.040625 0.026042
0 0.367188 0.327604 0.048958 0.046875
0 0.158854 0.561458 0.042708 0.029167
0 0.514062 0.353125 0.032292 0.043750
0 0.891146 0.917708 0.038542 0.033333
0 0.647917 0.356250 0.025000 0.041667
0 0.289062 0.891146 0.040625 0.046875
0 0.399479 0.873437 0.048958 0.046875
0 0.394271 0.105729 0.051042 0.044792
0 0.291146 0.726562 0.046875 0.026042
0 0.094271 0.340625 0.030208 0.050000
0 0.462500 0.267708 0.020833 0.035417
0 0.441667 0.949479 0.039583 0.028125
0 0.726042 0.833854 0.039583 0.030208
0 0.264583 0.755729 0.031250 0.040625
0 0.442188 0.844792 0.036458 0.047917
0 0.216667 0.378125 0.039583 0.025000
0 0.145313 0.177083 0.036458 0.043750
0 0.101042 0.554167 0.047917 0.037500
0 0.886458 0.741146 0.054167 0.040625
0 0.864062 0.596354 0.026042 0.040625
0 0.372917 0.465104 0.054167 0.044792
0 0.365625 0.369792 0.037500 0.025000
0 0.328125 0.457292 0.033333 0.043750
0 0.576562 0.659375 0.042708 0.041667
0 0.717708 0.441146 0.037500 0.048958
0 0.950000 0.861458 0.047917 0.027083
0 0.118750 0.079687 0.033333 0.044792
0 0.330208 0.436979 0.027083 0.038542
0 0.615625 0.367708 0.050000 0.029167
0 0.446875 0.539583 0.035417 0.037500
0 0.475521 0.726562 0.053125 0.032292
0 0.527083 0.130208 0.043750 0.035417
0 0.258854 0.301042 0.051042 0.033333
0 0.798958 0.743229 0.025000 0.042708
0 0.943229 0.179167 0.053125 0.039583
0 0.669792 0.700521 0.039583 0.036458
0 0.698958 0.451562 0.052083 0.051042
0 0.176563 0.786979 0.038542 0.038542
0 0.661458 0.940104 0.025000 0.038542
0 0.315625 0.115625 0.031250 0.041667
0 0.353125 0.760938 0.025000 0.046875
0 0.492188 0.345833 0.053125 0.039583
0 0.702604 0.707292 0.048958 0.039583
0 0.639062 0.342708 0.034375 0.052083
0 0.578646 0.697396 0.044792 0.030208
0 0.669271 0.594271 0.021875 0.044792
0 0.491667 0.927083 0.035417 0.020833
0 0.277604 0.595833 0.048958 0.027083
0 0.960417 0.259375 0.039583 0.047917
0 0.179167 0.264583 0.031250 0.045833
0 0.857292 0.789583 0.047917 0.050000
0 0.343229 0.168229 0.030208 0.048958
0 0.920833 0.234896 0.037500 0.040625
0 0.953646 0.834896 0.048958 0.046875
0 0.702083 0.493750 0.047917 0.050000
0 0.476042 0.120833 0.027083 0.041667
0 0.966146 0.751042 0.042708 0.041667
0 0.324479 0.460417 0.038542 0.035417
0 0.101042 0.672917 0.029167 0.041667
0 0.738542 0.585417 0.050000 0.047917
0 0.722917 0.832292 0.047917 0.041667
0 0.958854 0.917188 0.051042 0.055208
0 0.965104 0.556771 0.038542 0.021875
0 0.905729 0.815104 0.046875 0.048958
0 0.657292 0.608333 0.029167 0.037500
0 0.765104 0.931250 0.034375 0.047917
0 0.184896 0.897917 0.019792 0.037500
0 0.712500 0.493750 0.041667 0.037500
0 0.785937 0.494271 0.028125 0.040625
0 0.225000 0.336979 0.045833 0.032292
0 0.500000 0.160938 0.045833 0.034375
0 0.379688 0.530729 0.044792 0.030208
0 0.101042 0.928125 0.031250 0.043750
0 0.104167 0.965625 0.027083 0.037500
0 0.597917 0.170833 0.029167 0.041667
0 0.608333 0.851042 0.029167 0.045833
0 0.880729 0.093750 0.038542 0.031250
0 0.870833 0.761458 0.045833 0.052083
0 0.366146 0.882292 0.044792 0.025000
0 0.778125 0.407813 0.033333 0.053125
0 0.944271 0.954167 0.046875 0.029167
0 0.916146 0.172917 0.038542 0.031250
0 0.848958 0.633854 0.037500 0.021875
0 0.916146 0.178646 0.040625 0.044792
0 0.383854 0.210938 0.019792 0.038542
0 0.485417 0.154167 0.041667 0.025000
0 0.223958 0.329167 0.047917 0.052083
0 0.584375 0.159375 0.041667 0.039583
0 0.279687 0.770312 0.028125 0.051042
0 0.649479 0.697396 0.044792 0.042708
0 0.598958 0.583854 0.025000 0.038542
0 0.132292 0.872917 0.039583 0.052083
0 0.739062 0.668229 0.028125 0.040625
0 0.365625 0.427083 0.047917 0.050000
0 0.889583 0.450521 0.027083 0.042708
0 0.528646 0.168229 0.055208 0.044792
0 0.623958 0.681250 0.052083 0.043750
0 0.911979 0.274479 0.046875 0.036458
0 0.299479 0.775000 0.032292 0.039583
0 0.526042 0.823438 0.018750 0.036458
0 0.339583 0.837500 0.035417 0.037500
0 0.211979 0.878125 0.026042 0.037500
0 0.220833 0.864062 0.041667 0.032292
0 0.213542 0.727083 0.037500 0.043750
0 0.886979 0.247396 0.048958 0.046875
0 0.382812 0.870313 0.048958 0.055208
0 0.650000 0.133333 0.043750 0.045833
0 0.516146 0.675521 0.034375 0.051042
0 0.634375 0.105729 0.050000 0.042708
0 0.843750 0.372396 0.045833 0.055208
0 0.206250 0.407813 0.054167 0.042708
0 0.680208 0.569792 0.043750 0.037500
0 0.953646 0.934375 0.040625 0.022917
0 0.614062 0.830729 0.046875 0.026042
0 0.243750 0.406250 0.052083 0.035417
0 0.122917 0.674479 0.047917 0.032292
0 0.253125 0.484896 0.052083 0.030208
0 0.748437 0.848958 0.046875 0.033333
0 0.885938 0.764062 0.046875 0.034375
0 0.367708 0.808854 0.045833 0.048958
0 0.769271 0.349479 0.051042 0.040625
0 0.192708 0.461458 0.037500 0.025000
0 0.756771 0.859375 0.038542 0.029167
0 0.743750 0.084375 0.037500 0.025000
0 0.484896 0.921875 0.026042 0.045833
0 0.609375 0.941146 0.050000 0.034375
0 0.661979 0.145833 0.038542 0.033333
0 0.402083 0.400000 0.037500 0.027083
0 0.130729 0.511458 0.028125 0.043750
0 0.603646 0.699479 0.046875 0.026042
0 0.653125 0.825000 0.029167 0.041667
0 0.402083 0.660417 0.037500 0.022917
0 0.887500 0.286458 0.018750 0.035417
0 0.334375 0.131250 0.047917 0.025000
0 0.773438 0.216667 0.036458 0.043750
0 0.170833 0.278125 0.039583 0.022917
0 0.923958 0.070833 0.027083 0.037500
0 0.796354 0.769271 0.044792 0.032292
0 0.597396 0.825000 0.046875 0.043750
0 0.359896 0.936979 0.030208 0.048958
0 0.712500 0.833854 0.045833 0.036458
0 0.269792 0.726042 0.033333 0.043750
0 0.576562 0.460938 0.026042 0.044792
0 0.910937 0.742188 0.034375 0.040625
0 0.458854 0.586458 0.036458 0.043750
0 0.481771 0.270313 0.040625 0.034375
0 0.481771 0.559896 0.040625 0.038542
0 0.750521 0.152604 0.046875 0.055208
0 0.572396 0.938542 0.036458 0.037500
0 0.777604 0.370312 0.038542 0.051042
0 0.314063 0.541667 0.042708 0.031250
0 0.488021 0.201042 0.023958 0.037500
0 0.469792 0.143229 0.047917 0.023958
0 0.125521 0.921875 0.048958 0.052083
0 0.236458 0.784375 0.047917 0.035417
0 0.433333 0.507292 0.035417 0.037500
0 0.756771 0.859896 0.032292 0.044792
0 0.901042 0.616146 0.037500 0.044792
0 0.293750 0.365104 0.041667 0.055208
0 0.165104 0.826562 0.036458 0.051042
0 0.164062 0.876563 0.051042 0.038542
0 0.413021 0.130729 0.026042 0.046875
0 0.330729 0.372396 0.034375 0.048958
0 0.620313 0.151042 0.030208 0.043750
0 0.921875 0.752083 0.031250 0.050000
0 0.742188 0.436458 0.034375 0.052083
0 0.563021 0.243229 0.051042 0.034375
0 0.457813 0.240104 0.053125 0.032292
0 0.226562 0.711458 0.044792 0.025000
0 0.928125 0.526042 0.041667 0.029167
0 0.377083 0.548438 0.045833 0.036458
0 0.410417 0.139063 0.039583 0.044792
0 0.522396 0.095312 0.019792 0.038542
0 0.682292 0.472917 0.041667 0.047917
0 0.454688 0.245833 0.034375 0.039583
0 0.860938 0.100000 0.042708 0.041667
0 0.327604 0.222396 0.048958 0.055208
0 0.336458 0.354167 0.020833 0.039583
0 0.829167 0.542188 0.027083 0.048958
0 0.418750 0.566146 0.047917 0.030208
0 0.598437 0.936458 0.042708 0.037500
0 0.347396 0.182292 0.040625 0.041667
0 0.170313 0.791667 0.046875 0.031250
0 0.748958 0.341146 0.037500 0.044792
0 0.694271 0.666667 0.048958 0.039583
0 0.386979 0.488021 0.036458 0.055208
0 0.402083 0.670833 0.022917 0.039583
0 0.938021 0.702604 0.032292 0.053125
0 0.872917 0.956250 0.020833 0.039583
0 0.273958 0.379167 0.041667 0.025000
0 0.078125 0.651563 0.039583 0.036458
0 0.670312 0.136458 0.036458 0.043750
0 0.267188 0.218750 0.023958 0.037500
0 0.140625 0.948438 0.027083 0.048958
0 0.851562 0.304688 0.048958 0.046875
0 0.314583 0.377604 0.047917 0.032292
0 0.491146 0.539583 0.048958 0.041667
0 0.612500 0.138542 0.033333 0.050000
0 0.581771 0.715625 0.034375 0.043750
0 0.601042 0.472917 0.047917 0.041667
0 0.151042 0.219792 0.047917 0.025000
0 0.897396 0.733854 0.032292 0.044792
0 0.883333 0.933333 0.045833 0.029167
0 0.638542 0.554167 0.047917 0.050000
0 0.822396 0.540625 0.040625 0.041667
0 0.375000 0.192708 0.027083 0.037500
0 0.194792 0.902083 0.029167 0.045833
0 0.547917 0.872917 0.029167 0.037500
0 0.288021 0.346875 0.040625 0.020833
0 0.245833 0.747917 0.022917 0.043750
0 0.470833 0.805208 0.022917 0.039583
0 0.923958 0.317708 0.041667 0.025000
0 0.411979 0.962500 0.038542 0.033333
0 0.957812 0.609375 0.028125 0.045833
0 0.172917 0.472917 0.031250 0.037500
0 0.136979 0.560937 0.044792 0.028125
0 0.137500 0.271875 0.018750 0.035417
0 0.385937 0.554167 0.038542 0.035417
0 0.372396 0.370833 0.038542 0.025000
0 0.482812 0.473438 0.046875 0.048958
0 0.287500 0.482292 0.031250 0.037500
0 0.372917 0.930729 0.043750 0.048958
0 0.088542 0.500521 0.022917 0.044792
0 0.250521 0.478646 0.040625 0.046875
0 0.624479 0.612500 0.046875 0.029167
0 0.127083 0.212500 0.029167 0.037500
0 0.539583 0.635417 0.045833 0.045833
0 0.528646 0.248958 0.048958 0.052083
0 0.813021 0.126042 0.048958 0.033333
0 0.177083 0.297917 0.041667 0.047917
0 0.130208 0.809375 0.037500 0.025000
0 0.101042 0.483854 0.035417 0.040625
0 0.329167 0.130729 0.029167 0.040625
0 0.869271 0.919792 0.046875 0.029167
0 0.769792 0.503125 0.025000 0.041667
0 0.424479 0.940104 0.051042 0.040625
0 0.230208 0.708333 0.052083 0.039583
0 0.141667 0.162500 0.037500 0.029167
0 0.206250 0.284896 0.018750 0.036458
0 0.523438 0.863021 0.030208 0.048958
0 0.128646 0.402083 0.023958 0.043750
0 0.255208 0.833333 0.027083 0.041667
0 0.406250 0.584375 0.037500 0.031250
0 0.185417 0.339062 0.050000 0.042708
0 0.277604 0.116667 0.042708 0.031250
0 0.943750 0.551042 0.025000 0.043750
0 0.527604 0.843229 0.038542 0.046875
0 0.507292 0.580729 0.050000 0.040625
0 0.528646 0.895312 0.053125 0.053125
0 0.176563 0.128646 0.048958 0.030208
0 0.150000 0.455729 0.037500 0.044792
0 0.526042 0.384896 0.052083 0.053125
0 0.954688 0.402083 0.053125 0.043750
0 0.220312 0.869271 0.040625 0.051042
0 0.781250 0.784375 0.022917 0.039583
0 0.889062 0.771354 0.038542 0.051042
0 0.116667 0.098958 0.041667 0.039583
0 0.511458 0.468229 0.045833 0.038542
0 0.189062 0.914583 0.038542 0.027083
0 0.814583 0.204687 0.054167 0.048958
0 0.882812 0.296875 0.030208 0.043750
0 0.241146 0.505729 0.036458 0.040625
0 0.815625 0.742188 0.027083 0.046875
0 0.198958 0.541667 0.037500 0.018750
0 0.555208 0.507292 0.050000 0.047917
0 0.308333 0.430729 0.045833 0.048958
0 0.617188 0.620313 0.036458 0.040625
0 0.188542 0.158333 0.037500 0.033333
0 0.665104 0.365625 0.048958 0.033333
0 0.269792 0.811458 0.039583 0.041667
0 0.893229 0.511979 0.038542 0.021875
0 0.748437 0.667708 0.053125 0.045833
0 0.414583 0.090625 0.037500 0.027083
0 0.121875 0.656250 0.041667 0.047917
0 0.615625 0.105208 0.039583 0.020833
0 0.176563 0.491146 0.030208 0.053125
0 0.936458 0.714583 0.020833 0.041667
0 0.400000 0.258854 0.054167 0.044792
0 0.719271 0.098958 0.030208 0.043750
0 0.609375 0.525521 0.052083 0.032292
0 0.391667 0.592708 0.037500 0.031250
0 0.274479 0.576042 0.028125 0.039583
0 0.445833 0.229687 0.047917 0.046875
0 0.898958 0.261979 0.043750 0.030208
0 0.316667 0.561458 0.041667 0.025000
0 0.616667 0.215104 0.025000 0.038542
0 0.548438 0.365104 0.055208 0.040625
0 0.905208 0.562500 0.033333 0.043750
0 0.326042 0.896875 0.050000 0.050000
0 0.609375 0.562500 0.025000 0.041667
0 0.525000 0.702604 0.052083 0.034375
0 0.794792 0.847396 0.045833 0.026042
0 0.654687 0.335417 0.034375 0.047917
0 0.295833 0.557813 0.039583 0.048958
0 0.153646 0.936458 0.026042 0.041667
0 0.417187 0.891667 0.053125 0.039583
0 0.954688 0.477604 0.040625 0.055208
0 0.737500 0.216667 0.029167 0.037500
0 0.654687 0.855208 0.053125 0.045833
0 0.620833 0.195312 0.035417 0.053125
0 0.775521 0.336458 0.034375 0.047917
0 0.292708 0.072396 0.052083 0.030208
0 0.682813 0.534896 0.048958 0.030208
0 0.550000 0.880729 0.054167 0.048958
0 0.800000 0.395313 0.050000 0.034375
0 0.751563 0.252083 0.040625 0.047917
0 0.149479 0.250521 0.040625 0.036458
0 0.676042 0.329688 0.041667 0.048958
0 0.245833 0.270313 0.033333 0.044792
0 0.422917 0.818750 0.041667 0.027083
0 0.157292 0.520833 0.037500 0.035417
0 0.417187 0.323437 0.042708 0.044792
0 0.079167 0.520312 0.043750 0.028125
0 0.640104 0.845833 0.040625 0.041667
0 0.682813 0.315625 0.051042 0.050000
0 0.474479 0.467708 0.042708 0.054167
0 0.776042 0.593229 0.029167 0.044792
0 0.101562 0.791667 0.046875 0.029167
0 0.337500 0.402604 0.039583 0.032292
0 0.564583 0.667188 0.043750 0.030208
0 0.699479 0.318229 0.048958 0.046875
0 0.488542 0.565104 0.035417 0.044792
0 0.789583 0.809896 0.039583 0.028125
0 0.654687 0.652604 0.030208 0.048958
0 0.107292 0.695312 0.045833 0.055208
0 0.491146 0.282292 0.026042 0.050000
0 0.675000 0.527604 0.054167 0.038542
0 0.731771 0.604688 0.055208 0.046875
0 0.739583 0.143750 0.041667 0.037500
0 0.727604 0.875521 0.046875 0.048958
0 0.552604 0.325000 0.046875 0.043750
0 0.256250 0.449479 0.039583 0.044792
0 0.857812 0.906771 0.030208 0.040625
0 0.123438 0.333854 0.042708 0.044792
0 0.505208 0.765104 0.037500 0.038542
0 0.402083 0.114062 0.033333 0.040625
0 0.128125 0.227083 0.025000 0.037500
0 0.944792 0.909375 0.037500 0.025000
0 0.180208 0.922396 0.037500 0.048958
0 0.340625 0.352604 0.031250 0.048958
0 0.154167 0.696354 0.050000 0.053125
0 0.776563 0.400521 0.030208 0.044792
0 0.300000 0.945312 0.037500 0.048958
0 0.835938 0.220312 0.053125 0.053125
0 0.392708 0.294792 0.039583 0.052083
0 0.586458 0.497396 0.031250 0.051042
0 0.610938 0.235937 0.038542 0.040625
0 0.607292 0.818229 0.045833 0.036458
0 0.477083 0.301042 0.037500 0.022917
0 0.441146 0.703646 0.044792 0.042708
0 0.628646 0.382812 0.053125 0.030208
0 0.172917 0.290104 0.043750 0.028125
0 0.243229 0.821875 0.040625 0.047917
0 0.720313 0.264062 0.055208 0.044792
0 0.788021 0.420833 0.040625 0.043750
0 0.359896 0.272917 0.040625 0.041667
0 0.270833 0.772396 0.035417 0.044792
0 0.501042 0.551562 0.031250 0.051042
0 0.320833 0.650000 0.052083 0.037500
0 0.833333 0.114062 0.037500 0.019792
0 0.421875 0.739062 0.045833 0.055208
0 0.223958 0.864583 0.025000 0.041667
0 0.776563 0.660937 0.048958 0.046875
0 0.534896 0.917708 0.042708 0.031250
0 0.835938 0.343750 0.036458 0.037500
0 0.209375 0.919271 0.052083 0.032292
0 0.866667 0.476042 0.025000 0.043750
0 0.071875 0.846875 0.022917 0.037500
0 0.303125 0.163021 0.027083 0.048958
0 0.780729 0.388542 0.023958 0.047917
0 0.369271 0.731250 0.038542 0.052083
0 0.119792 0.401562 0.050000 0.038542
0 0.566667 0.718750 0.029167 0.045833
0 0.860417 0.633854 0.045833 0.048958
0 0.518750 0.280208 0.045833 0.043750
0 0.228646 0.624479 0.051042 0.044792
0 0.554167 0.839063 0.052083 0.034375
0 0.100521 0.746354 0.055208 0.048958
0 0.132812 0.571875 0.038542 0.029167
0 0.083854 0.840625 0.028125 0.039583
0 0.915625 0.654687 0.039583 0.030208
0 0.420833 0.660937 0.035417 0.044792
0 0.370833 0.791146 0.039583 0.034375
0 0.541667 0.660417 0.031250 0.041667
0 0.586458 0.852083 0.020833 0.035417
0 0.168229 0.469271 0.051042 0.026042
0 0.577604 0.871875 0.030208 0.039583
0 0.717708 0.122917 0.022917 0.043750
0 0.327604 0.483854 0.044792 0.055208
0 0.846354 0.268750 0.017708 0.035417
0 0.435417 0.906771 0.045833 0.026042
0 0.304167 0.347917 0.045833 0.033333
0 0.796354 0.580208 0.038542 0.052083
0 0.468750 0.504167 0.035417 0.043750
0 0.162500 0.951562 0.045833 0.040625
0 0.227604 0.627604 0.038542 0.021875
0 0.518750 0.251042 0.045833 0.043750
0 0.420312 0.507292 0.044792 0.035417
0 0.664583 0.219792 0.037500 0.041667
0 0.936458 0.926562 0.031250 0.040625
0 0.171875 0.801562 0.050000 0.042708
0 0.623958 0.410417 0.033333 0.037500
0 0.627083 0.167708 0.043750 0.033333
0 0.126042 0.422396 0.039583 0.023958
0 0.580208 0.779687 0.041667 0.044792
0 0.157292 0.898438 0.020833 0.038542
0 0.692187 0.397917 0.051042 0.031250
0 0.220833 0.326042 0.035417 0.043750
0 0.703125 0.433854 0.018750 0.036458
0 0.656771 0.965625 0.042708 0.054167
0 0.686458 0.915104 0.043750 0.026042
0 0.739062 0.114583 0.034375 0.039583
0 0.874479 0.098958 0.038542 0.027083
0 0.411458 0.826042 0.050000 0.050000
0 0.875521 0.657813 0.034375 0.046875
0 0.685937 0.439063 0.044792 0.021875
0 0.863021 0.299479 0.042708 0.044792