0 0.900000 0.947917 0.047917 0.035417
0 0.784375 0.104167 0.039583 0.041667
0 0.761458 0.132812 0.045833 0.048958
0 0.615104 0.098437 0.055208 0.048958
0 0.759375 0.080208 0.041667 0.031250
0 0.418750 0.104688 0.050000 0.040625
0 0.490625 0.704688 0.047917 0.046875
0 0.798958 0.153646 0.041667 0.023958
0 0.086979 0.555729 0.044792 0.030208
0 0.462500 0.421354 0.039583 0.028125
0 0.771875 0.613542 0.037500 0.035417
0 0.411979 0.136979 0.051042 0.028125
0 0.193750 0.315625 0.029167 0.037500
0 0.139063 0.632292 0.042708 0.033333
0 0.764062 0.457813 0.036458 0.040625
0 0.093229 0.381250 0.046875 0.052083
0 0.196875 0.797396 0.037500 0.021875
0 0.317188 0.119271 0.038542 0.051042
0 0.672396 0.112500 0.042708 0.039583
0 0.678125 0.252604 0.052083 0.032292
0 0.539062 0.536458 0.026042 0.037500
0 0.626042 0.514062 0.045833 0.032292
0 0.436458 0.280208 0.031250 0.041667
0 0.402083 0.493229 0.041667 0.044792
0 0.097396 0.618229 0.053125 0.032292
0 0.172917 0.204167 0.025000 0.039583
0 0.805729 0.085938 0.046875 0.038542
0 0.823958 0.953646 0.043750 0.028125
0 0.866667 0.638021 0.045833 0.034375
0 0.401042 0.162500 0.027083 0.037500
0 0.391667 0.861458 0.020833 0.035417
0 0.246354 0.386979 0.034375 0.048958
0 0.560937 0.143229 0.019792 0.038542
0 0.079687 0.509375 0.040625 0.022917
0 0.470833 0.802083 0.041667 0.047917
0 0.910417 0.533854 0.035417 0.048958
0 0.761458 0.604688 0.039583 0.028125
0 0.959375 0.632812 0.029167 0.040625
0 0.794271 0.206250 0.034375 0.047917
0 0.627083 0.619792 0.047917 0.041667
0 0.758854 0.575521 0.042708 0.044792
0 0.665104 0.270833 0.038542 0.029167
0 0.940625 0.433854 0.035417 0.040625
0 0.300521 0.423438 0.046875 0.038542
0 0.776563 0.227604 0.046875 0.026042
0 0.501563 0.492188 0.038542 0.038542
0 0.488542 0.818750 0.037500 0.031250
0 0.254167 0.075000 0.022917 0.039583
0 0.379688 0.804167 0.017708 0.035417
0 0.751563 0.283854 0.034375 0.051042
0 0.901042 0.747396 0.041667 0.023958
0 0.663542 0.378125 0.033333 0.050000
0 0.326562 0.140104 0.036458 0.040625
0 0.970833 0.101562 0.047917 0.046875
0 0.473438 0.522396 0.046875 0.026042
0 0.850521 0.682813 0.021875 0.038542
0 0.243750 0.878125 0.045833 0.027083
0 0.905208 0.757812 0.020833 0.036458
0 0.529687 0.398438 0.038542 0.040625
0 0.228125 0.646875 0.043750 0.035417
0 0.100521 0.387500 0.028125 0.039583
0 0.248438 0.666146 0.040625 0.026042
0 0.418750 0.819271 0.039583 0.044792
0 0.719792 0.276562 0.043750 0.040625
0 0.752083 0.418750 0.031250 0.037500
0 0.111979 0.890625 0.048958 0.052083
0 0.282292 0.716667 0.027083 0.045833
0 0.308854 0.151562 0.055208 0.046875
0 0.490625 0.573958 0.035417 0.037500
0 0.162500 0.184896 0.047917 0.023958
0 0.329167 0.209896 0.039583 0.032292
0 0.458333 0.765104 0.020833 0.038542
0 0.581250 0.768750 0.031250 0.037500
0 0.608333 0.406771 0.022917 0.042708
0 0.738021 0.839063 0.055208 0.048958
0 0.213542 0.531771 0.039583 0.038542
0 0.210938 0.505729 0.051042 0.028125
0 0.916146 0.614062 0.046875 0.026042
0 0.532813 0.644271 0.055208 0.046875
0 0.290625 0.786458 0.050000 0.029167
0 0.486979 0.160938 0.032292 0.044792
0 0.449479 0.792188 0.032292 0.040625
0 0.394792 0.215625 0.052083 0.037500
0 0.425000 0.120313 0.050000 0.053125
0 0.563021 0.897917 0.051042 0.047917
0 0.931250 0.832292 0.037500 0.052083
0 0.841667 0.694271 0.043750 0.040625
0 0.071354 0.681250 0.026042 0.039583
0 0.334375 0.189062 0.050000 0.040625
0 0.627083 0.938021 0.033333 0.053125
0 0.629687 0.161979 0.026042 0.046875
0 0.632812 0.700000 0.042708 0.027083
0 0.577083 0.151562 0.025000 0.038542
0 0.801042 0.212500 0.052083 0.043750
0 0.121875 0.138021 0.027083 0.046875
0 0.351042 0.324479 0.039583 0.044792
0 0.953646 0.902604 0.055208 0.051042
0 0.132812 0.668229 0.046875 0.032292
0 0.813542 0.507812 0.047917 0.053125
0 0.090625 0.689583 0.031250 0.041667
0 0.704167 0.681771 0.041667 0.048958
0 0.087500 0.830208 0.045833 0.033333
0 0.689063 0.335417 0.044792 0.052083
0 0.554167 0.541667 0.041667 0.029167
0 0.283333 0.896354 0.054167 0.042708
0 0.379167 0.702083 0.037500 0.027083
0 0.190104 0.493229 0.046875 0.036458
0 0.878646 0.127604 0.023958 0.042708
0 0.465104 0.917708 0.030208 0.039583
0 0.565625 0.694792 0.052083 0.045833
0 0.553125 0.851042 0.039583 0.041667
0 0.171875 0.528125 0.052083 0.045833
0 0.270313 0.121354 0.040625 0.019792
0 0.677083 0.247917 0.035417 0.047917
0 0.953646 0.540104 0.038542 0.040625
0 0.508333 0.648958 0.045833 0.029167
0 0.292708 0.942187 0.047917 0.030208
0 0.427083 0.548438 0.054167 0.042708
0 0.368750 0.243229 0.022917 0.040625
0 0.537500 0.607812 0.054167 0.044792
0 0.166146 0.648438 0.048958 0.046875
0 0.722917 0.282813 0.052083 0.032292
0 0.849479 0.395313 0.034375 0.040625
0 0.637500 0.877604 0.025000 0.048958
0 0.571875 0.141146 0.037500 0.038542
0 0.119271 0.186979 0.055208 0.044792
0 0.394271 0.501042 0.026042 0.037500
0 0.420833 0.578646 0.043750 0.042708
0 0.764062 0.907292 0.036458 0.037500
0 0.088542 0.668750 0.033333 0.043750
0 0.314583 0.548438 0.043750 0.040625
0 0.802083 0.216146 0.045833 0.055208
0 0.553125 0.357812 0.039583 0.034375
0 0.643750 0.581771 0.039583 0.038542
0 0.530208 0.190104 0.041667 0.021875
0 0.167187 0.605208 0.046875 0.043750
0 0.785417 0.083333 0.031250 0.045833
0 0.080208 0.095312 0.043750 0.055208
0 0.523958 0.293229 0.047917 0.046875
0 0.836979 0.293229 0.055208 0.046875
0 0.105208 0.708854 0.052083 0.032292
0 0.364063 0.572396 0.040625 0.034375
0 0.619792 0.667188 0.052083 0.051042
0 0.536458 0.515625 0.039583 0.041667
0 0.206250 0.939583 0.047917 0.039583
0 0.206771 0.458333 0.021875 0.037500
0 0.088021 0.703125 0.036458 0.018750
0 0.839063 0.646354 0.046875 0.023958
0 0.661979 0.633333 0.053125 0.047917
0 0.768229 0.543229 0.040625 0.030208
0 0.582292 0.095833 0.052083 0.047917
0 0.084896 0.588542 0.038542 0.043750
0 0.237500 0.409375 0.047917 0.052083
0 0.742708 0.299479 0.027083 0.046875
0 0.931771 0.498958 0.042708 0.047917
0 0.629167 0.797396 0.027083 0.051042
0 0.442188 0.394792 0.051042 0.050000
0 0.961979 0.554688 0.038542 0.038542
0 0.624479 0.114062 0.038542 0.021875
0 0.775000 0.515625 0.039583 0.025000
0 0.275521 0.410938 0.036458 0.051042
0 0.766667 0.254167 0.047917 0.041667
0 0.352083 0.302083 0.045833 0.043750
0 0.177083 0.646354 0.045833 0.055208
0 0.895312 0.630729 0.053125 0.034375
0 0.843750 0.729688 0.039583 0.048958
0 0.489063 0.687500 0.046875 0.029167
0 0.133854 0.792188 0.048958 0.046875
0 0.891667 0.367708 0.043750 0.035417
0 0.868750 0.546354 0.039583 0.026042
0 0.908854 0.911979 0.040625 0.032292
0 0.645312 0.354687 0.030208 0.048958
0 0.646875 0.605208 0.052083 0.039583
0 0.409375 0.518750 0.047917 0.041667
0 0.850521 0.588542 0.044792 0.022917
0 0.777083 0.572917 0.037500 0.035417
0 0.240625 0.850521 0.054167 0.044792
0 0.243750 0.303125 0.043750 0.035417
0 0.076563 0.775000 0.028125 0.043750
0 0.610938 0.664062 0.044792 0.028125
0 0.559896 0.201042 0.030208 0.039583
0 0.792188 0.857292 0.048958 0.041667
0 0.377604 0.271875 0.028125 0.039583
0 0.475521 0.683854 0.032292 0.046875
0 0.850000 0.477083 0.045833 0.027083
0 0.745833 0.380208 0.033333 0.037500
0 0.462500 0.498958 0.041667 0.029167
0 0.075000 0.105208 0.039583 0.047917
0 0.883333 0.379688 0.041667 0.048958
0 0.386458 0.451562 0.052083 0.051042
0 0.748437 0.389583 0.038542 0.043750
0 0.244271 0.400000 0.038542 0.035417
0 0.302604 0.490625 0.046875 0.045833
0 0.394271 0.264062 0.032292 0.044792
0 0.797917 0.729167 0.035417 0.020833
0 0.388021 0.684896 0.051042 0.026042
0 0.251042 0.357812 0.050000 0.034375
0 0.778646 0.108333 0.048958 0.052083
0 0.157812 0.855208 0.053125 0.035417
0 0.730729 0.286458 0.048958 0.027083
0 0.229687 0.210938 0.019792 0.038542
0 0.470833 0.616667 0.043750 0.045833
0 0.347917 0.365104 0.050000 0.040625
0 0.471354 0.779687 0.048958 0.023958
0 0.343229 0.328125 0.038542 0.047917
0 0.472396 0.965104 0.044792 0.040625
0 0.186458 0.426042 0.035417 0.018750
0 0.516146 0.477604 0.051042 0.044792
0 0.564063 0.128646 0.030208 0.044792
0 0.611458 0.249479 0.043750 0.055208
0 0.204167 0.289583 0.050000 0.031250
0 0.325000 0.619271 0.029167 0.044792
0 0.615625 0.328125 0.052083 0.043750
0 0.686979 0.289062 0.042708 0.051042
0 0.426042 0.886458 0.033333 0.047917
0 0.624479 0.421354 0.048958 0.046875
0 0.244271 0.130208 0.040625 0.041667
0 0.590104 0.073958 0.023958 0.043750
0 0.479687 0.972396 0.053125 0.051042
0 0.733333 0.178125 0.039583 0.041667
0 0.118229 0.764062 0.030208 0.053125
0 0.909896 0.563542 0.044792 0.035417
0 0.244271 0.691667 0.034375 0.052083
0 0.267708 0.650521 0.031250 0.044792
0 0.830208 0.815625 0.047917 0.033333
0 0.658333 0.550000 0.052083 0.043750
0 0.468229 0.225000 0.048958 0.035417
0 0.161979 0.309896 0.042708 0.021875
0 0.473958 0.947917 0.041667 0.029167
0 0.554167 0.440104 0.047917 0.046875
0 0.296875 0.606771 0.027083 0.046875
0 0.243229 0.592708 0.051042 0.050000
0 0.433854 0.776563 0.048958 0.028125
0 0.772396 0.846354 0.046875 0.036458
0 0.582812 0.365104 0.044792 0.026042
0 0.519792 0.145833 0.025000 0.037500
0 0.833333 0.109896 0.039583 0.034375
0 0.094271 0.921354 0.030208 0.048958
0 0.948958 0.408854 0.043750 0.048958
0 0.639062 0.786458 0.044792 0.025000
0 0.917708 0.184896 0.022917 0.042708
0 0.143229 0.787500 0.046875 0.052083
0 0.832812 0.636979 0.040625 0.051042
0 0.506771 0.759375 0.023958 0.037500
0 0.169271 0.951042 0.044792 0.035417
0 0.838542 0.469792 0.052083 0.047917
0 0.338021 0.535417 0.034375 0.052083
0 0.258333 0.692708 0.025000 0.037500
0 0.814583 0.421354 0.039583 0.026042
0 0.957292 0.836458 0.047917 0.033333
0 0.821875 0.077083 0.041667 0.025000
0 0.539062 0.896354 0.051042 0.044792
0 0.230208 0.275521 0.045833 0.034375
0 0.559375 0.530208 0.041667 0.025000
0 0.234375 0.163542 0.050000 0.050000
0 0.869271 0.916667 0.042708 0.020833
0 0.153646 0.195312 0.036458 0.040625
0 0.775521 0.297917 0.042708 0.041667
0 0.958333 0.772396 0.022917 0.044792
0 0.644271 0.717187 0.040625 0.023958
0 0.514062 0.898958 0.038542 0.031250
0 0.498958 0.881250 0.035417 0.018750
0 0.479687 0.971354 0.046875 0.055208
0 0.873958 0.715104 0.054167 0.046875
0 0.108854 0.357292 0.038542 0.031250
0 0.761979 0.213021 0.032292 0.048958
0 0.615104 0.376042 0.042708 0.027083
0 0.810417 0.416146 0.033333 0.048958
0 0.107292 0.531771 0.039583 0.044792
0 0.140104 0.191667 0.042708 0.037500
0 0.420833 0.320312 0.050000 0.044792
0 0.841146 0.436458 0.048958 0.035417
0 0.113021 0.890625 0.042708 0.027083
0 0.667708 0.771875 0.045833 0.052083
0 0.338542 0.655208 0.041667 0.039583
0 0.409896 0.873437 0.038542 0.040625
0 0.569792 0.346354 0.039583 0.030208
0 0.082292 0.591146 0.039583 0.028125
0 0.253125 0.082292 0.052083 0.037500
0 0.904167 0.194271 0.047917 0.046875
0 0.789062 0.868229 0.051042 0.040625
0 0.947917 0.632812 0.045833 0.026042
0 0.544271 0.559896 0.051042 0.038542
0 0.084896 0.151562 0.044792 0.040625
0 0.609375 0.879687 0.027083 0.040625
0 0.556771 0.528646 0.038542 0.040625
0 0.130729 0.175521 0.038542 0.038542
0 0.091667 0.717708 0.035417 0.037500
0 0.782292 0.954688 0.039583 0.030208
0 0.348958 0.335938 0.041667 0.044792
0 0.151562 0.942187 0.042708 0.055208
0 0.414062 0.630729 0.051042 0.028125
0 0.898438 0.541667 0.042708 0.029167
0 0.388021 0.698438 0.040625 0.051042
0 0.759896 0.265625 0.042708 0.039583
0 0.480208 0.539062 0.045833 0.023958
0 0.684375 0.317188 0.043750 0.040625
0 0.164062 0.286458 0.040625 0.020833
0 0.719792 0.318229 0.041667 0.044792
0 0.484896 0.106250 0.036458 0.037500
0 0.932813 0.429688 0.036458 0.055208
0 0.215625 0.756250 0.043750 0.037500
0 0.261979 0.463542 0.036458 0.020833
0 0.249479 0.805208 0.040625 0.041667
0 0.404687 0.629167 0.053125 0.041667
0 0.750000 0.278125 0.025000 0.037500
0 0.852604 0.623958 0.051042 0.050000
0 0.916667 0.290104 0.045833 0.034375
0 0.619271 0.828125 0.021875 0.037500
0 0.440625 0.866667 0.052083 0.041667