0 0.239063 0.189583 0.051042 0.050000
0 0.351562 0.725000 0.044792 0.037500
0 0.783333 0.930729 0.035417 0.044792
0 0.898958 0.442708 0.025000 0.047917
0 0.395833 0.380208 0.022917 0.039583
0 0.825000 0.439583 0.052083 0.041667
0 0.682292 0.835938 0.043750 0.021875
0 0.327604 0.441146 0.055208 0.040625
0 0.453125 0.813021 0.039583 0.032292
0 0.936458 0.655729 0.039583 0.038542
0 0.852083 0.307292 0.043750 0.033333
0 0.096354 0.785937 0.055208 0.040625
0 0.740104 0.709896 0.042708 0.044792
0 0.118229 0.115625 0.021875 0.039583
0 0.715625 0.182292 0.022917 0.039583
0 0.754167 0.223438 0.047917 0.046875
0 0.615104 0.103646 0.042708 0.055208
0 0.838021 0.332292 0.044792 0.047917
0 0.946354 0.729688 0.042708 0.023958
0 0.148438 0.814583 0.036458 0.018750
0 0.718750 0.251042 0.037500 0.029167
0 0.392708 0.343750 0.033333 0.043750
0 0.146875 0.527083 0.029167 0.045833
0 0.452604 0.825000 0.053125 0.043750
0 0.659896 0.691667 0.038542 0.031250
0 0.721354 0.152604 0.044792 0.032292
0 0.490625 0.728646 0.025000 0.044792
0 0.381771 0.877083 0.044792 0.045833
0 0.248958 0.135417 0.039583 0.052083
0 0.295312 0.286979 0.046875 0.026042
0 0.315104 0.820833 0.032292 0.047917
0 0.626042 0.881771 0.029167 0.044792
0 0.758333 0.731771 0.045833 0.038542
0 0.101042 0.205729 0.022917 0.040625
0 0.609896 0.234896 0.053125 0.030208
0 0.083333 0.912500 0.052083 0.043750
0 0.894271 0.342187 0.046875 0.048958
0 0.400000 0.266146 0.041667 0.044792
0 0.220833 0.256771 0.047917 0.030208
0 0.457813 0.827604 0.044792 0.032292
0 0.467708 0.804688 0.027083 0.042708
0 0.503646 0.853646 0.038542 0.051042
0 0.439063 0.492708 0.028125 0.045833
0 0.623437 0.275521 0.046875 0.034375
0 0.200521 0.296354 0.046875 0.034375
0 0.131250 0.730729 0.037500 0.021875
0 0.668750 0.351042 0.041667 0.039583
0 0.800000 0.099479 0.045833 0.032292
0 0.743750 0.638542 0.043750 0.025000
0 0.253646 0.552083 0.044792 0.025000
0 0.593750 0.216667 0.035417 0.035417
0 0.404167 0.733854 0.052083 0.032292
0 0.841667 0.416146 0.054167 0.042708
0 0.892708 0.394792 0.027083 0.041667
0 0.621875 0.746875 0.047917 0.027083
0 0.794792 0.937500 0.033333 0.037500
0 0.364583 0.354687 0.039583 0.026042
0 0.131771 0.608854 0.038542 0.055208
0 0.884896 0.302604 0.044792 0.055208
0 0.481771 0.382812 0.038542 0.038542
0 0.230208 0.185417 0.041667 0.027083
0 0.116667 0.150000 0.027083 0.041667
0 0.826562 0.079687 0.034375 0.046875
0 0.693750 0.432812 0.045833 0.038542
0 0.610417 0.434375 0.025000 0.041667
0 0.829688 0.316146 0.026042 0.046875
0 0.384375 0.266667 0.043750 0.035417
0 0.270313 0.478646 0.028125 0.040625
0 0.196875 0.268229 0.039583 0.038542
0 0.100521 0.936979 0.044792 0.021875
0 0.448437 0.844792 0.038542 0.047917
0 0.758333 0.862500 0.018750 0.035417
0 0.818750 0.866146 0.039583 0.034375
0 0.497396 0.670312 0.038542 0.019792
0 0.382292 0.567708 0.037500 0.033333
0 0.391667 0.695833 0.031250 0.037500
0 0.256771 0.463021 0.040625 0.051042
0 0.733854 0.923438 0.034375 0.046875
0 0.515104 0.687500 0.042708 0.029167
0 0.688542 0.913021 0.050000 0.026042
0 0.542188 0.822917 0.038542 0.027083
0 0.766667 0.350000 0.045833 0.052083
0 0.910937 0.183333 0.030208 0.050000
0 0.902083 0.168750 0.043750 0.022917
0 0.154167 0.124479 0.025000 0.046875
0 0.545833 0.109375 0.045833 0.045833
0 0.885938 0.207292 0.053125 0.035417
0 0.808854 0.777083 0.034375 0.039583
0 0.398958 0.384896 0.041667 0.023958
0 0.370833 0.371354 0.035417 0.044792
0 0.274479 0.740625 0.053125 0.041667
0 0.763542 0.219792 0.020833 0.039583
0 0.545312 0.866146 0.040625 0.030208
0 0.659896 0.604167 0.053125 0.045833
0 0.868229 0.918750 0.048958 0.035417
0 0.200000 0.594271 0.029167 0.046875
0 0.151042 0.689063 0.045833 0.028125
0 0.444271 0.530729 0.038542 0.019792
0 0.860417 0.362500 0.037500 0.031250
0 0.902604 0.236458 0.048958 0.050000
0 0.159896 0.909375 0.030208 0.047917
0 0.568229 0.322917 0.032292 0.039583
0 0.846875 0.335938 0.033333 0.044792
0 0.702604 0.559896 0.046875 0.048958
0 0.632292 0.502083 0.052083 0.043750
0 0.559375 0.718229 0.039583 0.023958
0 0.861458 0.104688 0.043750 0.040625
0 0.218750 0.478125 0.037500 0.025000
0 0.207292 0.584896 0.050000 0.044792
0 0.928646 0.271875 0.046875 0.045833
0 0.119271 0.106250 0.053125 0.045833
0 0.957292 0.941146 0.052083 0.051042
0 0.367188 0.837500 0.019792 0.037500
0 0.654167 0.543229 0.033333 0.040625
0 0.147917 0.635417 0.039583 0.047917
0 0.740104 0.639062 0.040625 0.044792
0 0.578125 0.838021 0.031250 0.040625
0 0.527604 0.532292 0.051042 0.047917
0 0.512500 0.421875 0.041667 0.039583
0 0.930729 0.576562 0.046875 0.034375
0 0.376042 0.335938 0.045833 0.034375
0 0.266146 0.753646 0.048958 0.028125
0 0.856250 0.389062 0.031250 0.040625
0 0.469792 0.684896 0.039583 0.026042
0 0.740625 0.941667 0.041667 0.031250
0 0.237500 0.542708 0.037500 0.022917
0 0.694792 0.916146 0.043750 0.055208
0 0.581771 0.380729 0.046875 0.048958
0 0.565625 0.695312 0.043750 0.040625
0 0.946875 0.072917 0.035417 0.037500
0 0.853125 0.906771 0.022917 0.040625
0 0.189062 0.351562 0.038542 0.051042
0 0.619792 0.713542 0.035417 0.020833
0 0.784375 0.406250 0.035417 0.052083
0 0.776563 0.101562 0.046875 0.038542
0 0.395833 0.177604 0.054167 0.048958
0 0.411458 0.321354 0.039583 0.044792
0 0.513021 0.826042 0.038542 0.033333
0 0.213021 0.331771 0.040625 0.026042
0 0.692708 0.431771 0.037500 0.021875
0 0.795833 0.465625 0.037500 0.033333
0 0.752604 0.576562 0.038542 0.051042
0 0.380208 0.719271 0.045833 0.048958
0 0.441667 0.868750 0.052083 0.045833
0 0.499479 0.398958 0.046875 0.029167
0 0.723958 0.584896 0.029167 0.044792
0 0.620833 0.427083 0.047917 0.025000
0 0.337500 0.080729 0.037500 0.038542
0 0.222396 0.896354 0.026042 0.046875
0 0.695312 0.637500 0.021875 0.037500
0 0.553125 0.358333 0.033333 0.047917
0 0.840625 0.293750 0.033333 0.043750
0 0.220833 0.806250 0.041667 0.025000
0 0.459896 0.103125 0.026042 0.039583
0 0.299479 0.318750 0.042708 0.039583
0 0.109375 0.648958 0.029167 0.037500
0 0.474479 0.823438 0.040625 0.036458
0 0.436979 0.111458 0.036458 0.037500
0 0.813542 0.768229 0.037500 0.044792
0 0.120833 0.429688 0.039583 0.048958
0 0.928125 0.618229 0.041667 0.042708
0 0.857292 0.884896 0.031250 0.040625
0 0.466146 0.725521 0.046875 0.036458
0 0.625000 0.678125 0.045833 0.043750
0 0.612500 0.854167 0.041667 0.020833
0 0.396354 0.481771 0.023958 0.046875
0 0.100000 0.417708 0.035417 0.037500
0 0.188021 0.345833 0.053125 0.041667
0 0.547396 0.078646 0.053125 0.051042
0 0.806771 0.920833 0.038542 0.025000
0 0.779167 0.201042 0.043750 0.035417
0 0.239063 0.677083 0.021875 0.041667
0 0.502604 0.153125 0.034375 0.039583
0 0.932813 0.257292 0.038542 0.043750
0 0.319271 0.595313 0.021875 0.044792
0 0.742708 0.370833 0.043750 0.033333
0 0.486979 0.864583 0.046875 0.045833
0 0.263542 0.270833 0.027083 0.037500
0 0.730729 0.919271 0.048958 0.046875
0 0.625000 0.464583 0.027083 0.037500
0 0.332292 0.622917 0.037500 0.031250
0 0.584375 0.809375 0.022917 0.037500
0 0.174479 0.085417 0.048958 0.033333
0 0.811458 0.906771 0.022917 0.040625
0 0.656771 0.907813 0.021875 0.044792
0 0.840104 0.510417 0.042708 0.029167
0 0.471354 0.934896 0.044792 0.042708
0 0.256250 0.148958 0.029167 0.037500
0 0.760417 0.528125 0.031250 0.037500
0 0.332292 0.570312 0.039583 0.044792
0 0.092708 0.853646 0.054167 0.036458
0 0.418229 0.496875 0.048958 0.035417
0 0.548438 0.915625 0.042708 0.037500
0 0.527604 0.830208 0.042708 0.037500
0 0.751563 0.676042 0.042708 0.047917
0 0.154688 0.309375 0.042708 0.054167
0 0.317708 0.283333 0.050000 0.050000
0 0.875521 0.361979 0.040625 0.034375
0 0.507292 0.434896 0.052083 0.051042
0 0.844792 0.691667 0.022917 0.037500
0 0.792188 0.223958 0.048958 0.027083
0 0.214062 0.498958 0.046875 0.029167
0 0.172396 0.953646 0.048958 0.055208
0 0.872396 0.503125 0.042708 0.047917
0 0.906250 0.440104 0.039583 0.055208
0 0.839063 0.943750 0.021875 0.039583
0 0.099479 0.958854 0.051042 0.044792
0 0.543229 0.584896 0.023958 0.046875
0 0.656250 0.268750 0.037500 0.025000
0 0.184896 0.275000 0.032292 0.043750
0 0.540104 0.206250 0.048958 0.052083
0 0.931771 0.518750 0.038542 0.025000
0 0.286458 0.903125 0.035417 0.020833
0 0.319792 0.551562 0.054167 0.044792
0 0.340104 0.600000 0.026042 0.041667
0 0.816667 0.424479 0.031250 0.044792
0 0.335417 0.675000 0.047917 0.037500
0 0.408854 0.597396 0.036458 0.051042
0 0.395313 0.579167 0.021875 0.037500
0 0.570833 0.703125 0.045833 0.031250
0 0.901042 0.170313 0.025000 0.042708
0 0.926562 0.588021 0.051042 0.055208
0 0.229687 0.114583 0.042708 0.039583
0 0.809375 0.378125 0.041667 0.025000
0 0.503125 0.914583 0.041667 0.039583
0 0.961979 0.708333 0.053125 0.047917
0 0.613021 0.404687 0.051042 0.053125
0 0.770833 0.402604 0.039583 0.053125
0 0.614062 0.465625 0.042708 0.047917
0 0.456250 0.160417 0.041667 0.027083
0 0.840104 0.711979 0.053125 0.030208
0 0.248438 0.877604 0.046875 0.028125
0 0.910937 0.729167 0.053125 0.047917
0 0.642708 0.650521 0.037500 0.044792
0 0.578646 0.432812 0.046875 0.036458
0 0.522917 0.637500 0.047917 0.037500
0 0.806250 0.260417 0.047917 0.033333
0 0.477083 0.834896 0.031250 0.044792
0 0.135417 0.515104 0.043750 0.055208
0 0.744271 0.788021 0.036458 0.046875
0 0.685937 0.440625 0.036458 0.052083
0 0.786979 0.739062 0.040625 0.030208
0 0.145833 0.701042 0.035417 0.037500
0 0.938542 0.173958 0.039583 0.041667
0 0.820312 0.449479 0.034375 0.051042
0 0.685937 0.866146 0.055208 0.040625
0 0.444792 0.870833 0.033333 0.037500
0 0.763021 0.422917 0.042708 0.047917
0 0.402083 0.565104 0.031250 0.048958
0 0.564063 0.452604 0.038542 0.055208
0 0.352083 0.930729 0.054167 0.044792
0 0.384375 0.677604 0.037500 0.021875
0 0.971354 0.242708 0.051042 0.035417
0 0.394271 0.467708 0.038542 0.035417
0 0.265625 0.839583 0.043750 0.035417
0 0.123958 0.604688 0.022917 0.038542
0 0.386458 0.343750 0.052083 0.037500
0 0.423438 0.770312 0.048958 0.046875
0 0.801562 0.117708 0.036458 0.047917
0 0.613542 0.169792 0.035417 0.043750
0 0.158333 0.343229 0.043750 0.026042
0 0.506771 0.800521 0.051042 0.053125
0 0.363021 0.736458 0.034375 0.052083
0 0.771875 0.823438 0.033333 0.048958
0 0.164062 0.754687 0.034375 0.046875
0 0.210417 0.538021 0.043750 0.030208
0 0.930208 0.265625 0.043750 0.035417
0 0.709375 0.516667 0.037500 0.031250
0 0.123958 0.292708 0.035417 0.043750
0 0.444792 0.180208 0.033333 0.037500
0 0.558333 0.144271 0.033333 0.040625
0 0.481250 0.105208 0.033333 0.043750
0 0.485417 0.869792 0.039583 0.041667
0 0.660417 0.592708 0.037500 0.029167
0 0.823438 0.779167 0.030208 0.050000
0 0.104688 0.934375 0.044792 0.052083
0 0.301042 0.847917 0.047917 0.037500
0 0.428125 0.895833 0.052083 0.035417
0 0.764062 0.263542 0.028125 0.039583
0 0.316146 0.255208 0.046875 0.045833
0 0.650000 0.337500 0.037500 0.031250
0 0.631771 0.401562 0.030208 0.053125
0 0.528125 0.206771 0.029167 0.048958
0 0.376563 0.418229 0.034375 0.040625
0 0.792188 0.848958 0.042708 0.027083
0 0.861458 0.889583 0.041667 0.037500
0 0.748437 0.189062 0.040625 0.036458
0 0.088542 0.561458 0.052083 0.043750
0 0.315104 0.664062 0.053125 0.051042
0 0.946875 0.530729 0.047917 0.032292
0 0.195833 0.165104 0.045833 0.048958
0 0.482292 0.680729 0.029167 0.051042
0 0.330729 0.244792 0.042708 0.037500
0 0.795833 0.446875 0.041667 0.027083
0 0.305729 0.923438 0.032292 0.053125
0 0.884896 0.695833 0.048958 0.033333
0 0.888021 0.243750 0.051042 0.050000
0 0.412500 0.456771 0.029167 0.044792
0 0.520312 0.346354 0.044792 0.032292
0 0.511458 0.570312 0.037500 0.038542
0 0.656250 0.293229 0.050000 0.036458
0 0.780729 0.429167 0.051042 0.033333
0 0.335417 0.805729 0.043750 0.026042
0 0.922396 0.409375 0.053125 0.035417
0 0.264062 0.456771 0.055208 0.040625
0 0.727604 0.944792 0.042708 0.039583
0 0.434896 0.946354 0.044792 0.051042
0 0.642188 0.615104 0.042708 0.044792
0 0.733854 0.913021 0.026042 0.044792
0 0.634375 0.951562 0.052083 0.053125
0 0.381771 0.327083 0.044792 0.045833
0 0.280729 0.795833 0.042708 0.041667
0 0.499479 0.744271 0.040625 0.038542
0 0.421354 0.738021 0.030208 0.040625
0 0.782292 0.480208 0.027083 0.041667
0 0.873958 0.662500 0.039583 0.047917
0 0.076563 0.501042 0.046875 0.045833
0 0.717708 0.665104 0.041667 0.032292
0 0.067708 0.387500 0.025000 0.039583
0 0.099479 0.898958 0.038542 0.031250
0 0.650521 0.922917 0.019792 0.037500
0 0.440625 0.237500 0.035417 0.047917
0 0.906250 0.243750 0.035417 0.043750
0 0.091146 0.501563 0.044792 0.028125
0 0.956250 0.325000 0.043750 0.052083
0 0.479167 0.645312 0.037500 0.040625
0 0.224479 0.429167 0.042708 0.054167
0 0.746875 0.202083 0.052083 0.039583
0 0.593229 0.140625 0.042708 0.031250
0 0.800000 0.411458 0.037500 0.041667
0 0.197396 0.885938 0.048958 0.028125
0 0.760417 0.269271 0.035417 0.053125
0 0.841146 0.547396 0.055208 0.038542
0 0.290104 0.962500 0.028125 0.050000
0 0.704167 0.739062 0.039583 0.036458
0 0.189062 0.647917 0.048958 0.037500
0 0.176563 0.893750 0.044792 0.047917
0 0.596354 0.814583 0.038542 0.025000
0 0.509375 0.941146 0.037500 0.019792
0 0.188542 0.418229 0.039583 0.048958
0 0.663542 0.779167 0.037500 0.047917
0 0.359375 0.787500 0.045833 0.052083
0 0.743750 0.894271 0.043750 0.040625
0 0.367708 0.228646 0.043750 0.055208
0 0.259375 0.571354 0.035417 0.048958
0 0.206250 0.281250 0.052083 0.045833
0 0.159375 0.896354 0.037500 0.038542
0 0.672917 0.697396 0.025000 0.038542
0 0.748437 0.266667 0.042708 0.039583
0 0.236979 0.935417 0.038542 0.022917
0 0.911979 0.864062 0.046875 0.026042
0 0.611979 0.234896 0.044792 0.044792
0 0.228125 0.963542 0.033333 0.043750
0 0.419792 0.447917 0.020833 0.039583
0 0.443229 0.154688 0.055208 0.051042
0 0.213021 0.456250 0.038542 0.029167
0 0.448958 0.175521 0.045833 0.048958
0 0.576042 0.577604 0.054167 0.048958
0 0.705208 0.645833 0.043750 0.025000
0 0.837500 0.697396 0.039583 0.036458
0 0.383333 0.871875 0.037500 0.025000
0 0.254688 0.836458 0.038542 0.047917
0 0.516667 0.764583 0.035417 0.018750
0 0.144271 0.917188 0.048958 0.032292
0 0.871354 0.691667 0.038542 0.035417
0 0.808333 0.836979 0.050000 0.042708
0 0.573958 0.703125 0.037500 0.047917
0 0.194792 0.939063 0.054167 0.042708
0 0.575000 0.116667 0.031250 0.037500
0 0.182292 0.860938 0.047917 0.044792
0 0.355208 0.685937 0.052083 0.053125
0 0.162500 0.686458 0.041667 0.039583
0 0.445312 0.900521 0.048958 0.055208
0 0.077604 0.956250 0.019792 0.035417
0 0.239583 0.635417 0.037500 0.022917
0 0.453646 0.594271 0.032292 0.040625
0 0.147396 0.324479 0.026042 0.046875
0 0.855729 0.285417 0.042708 0.031250
0 0.153125 0.692708 0.041667 0.025000
0 0.957292 0.660937 0.052083 0.030208
0 0.852604 0.490104 0.036458 0.040625
0 0.279167 0.460938 0.037500 0.038542
0 0.282292 0.262500 0.043750 0.045833
0 0.780729 0.707292 0.028125 0.050000
0 0.207292 0.114062 0.043750 0.042708
0 0.120313 0.632292 0.044792 0.047917
0 0.961458 0.371354 0.029167 0.046875
0 0.388021 0.239583 0.048958 0.041667
0 0.503125 0.154167 0.043750 0.027083
0 0.712500 0.625521 0.045833 0.038542
0 0.324479 0.264062 0.023958 0.042708
0 0.632292 0.275000 0.037500 0.031250
0 0.137500 0.595313 0.022917 0.044792
0 0.669271 0.187500 0.044792 0.022917
0 0.295312 0.098437 0.032292 0.048958
0 0.558333 0.236458 0.052083 0.045833
0 0.195312 0.671354 0.038542 0.055208
0 0.660417 0.781250 0.035417 0.022917
0 0.352083 0.472396 0.047917 0.044792
0 0.614583 0.393229 0.031250 0.040625
0 0.334896 0.867708 0.038542 0.035417
0 0.179688 0.898958 0.048958 0.041667
0 0.836979 0.908333 0.053125 0.045833
0 0.766667 0.741146 0.045833 0.055208
0 0.289062 0.758854 0.044792 0.030208
0 0.250521 0.426563 0.055208 0.046875
0 0.251563 0.264062 0.046875 0.048958
0 0.825000 0.886458 0.037500 0.027083
0 0.610938 0.913542 0.042708 0.029167
0 0.415104 0.463021 0.038542 0.040625
0 0.480729 0.774479 0.046875 0.055208
0 0.423958 0.078125 0.050000 0.050000
0 0.940104 0.847917 0.038542 0.035417
0 0.694792 0.867188 0.045833 0.040625
0 0.719792 0.701562 0.050000 0.042708
0 0.411458 0.109375 0.043750 0.037500
0 0.778646 0.504167 0.028125 0.050000
0 0.170313 0.490625 0.042708 0.031250
0 0.834375 0.595313 0.050000 0.034375
0 0.385417 0.526042 0.029167 0.050000
0 0.949479 0.911979 0.040625 0.036458
0 0.333854 0.479167 0.038542 0.033333
0 0.910417 0.750521 0.037500 0.048958
0 0.398438 0.194792 0.046875 0.043750
0 0.939583 0.576042 0.045833 0.052083
0 0.482812 0.676042 0.038542 0.047917
0 0.141146 0.497396 0.032292 0.040625
0 0.113542 0.788021 0.045833 0.048958
0 0.105208 0.081771 0.054167 0.051042
0 0.170313 0.361458 0.040625 0.025000
0 0.377083 0.327604 0.050000 0.040625
0 0.687500 0.796875 0.052083 0.037500
0 0.743750 0.643750 0.033333 0.037500
0 0.659375 0.509375 0.041667 0.020833
0 0.849479 0.241667 0.038542 0.025000
0 0.843750 0.378125 0.020833 0.035417
0 0.113542 0.959896 0.054167 0.038542
0 0.408333 0.398958 0.047917 0.037500
0 0.627083 0.595313 0.050000 0.053125
0 0.688021 0.385937 0.055208 0.042708
0 0.232813 0.920833 0.038542 0.027083
0 0.898958 0.489583 0.033333 0.037500
0 0.506771 0.094271 0.051042 0.026042
0 0.795833 0.833854 0.045833 0.038542
0 0.700000 0.379167 0.039583 0.047917
0 0.191146 0.472917 0.038542 0.031250
0 0.675521 0.482292 0.030208 0.039583
0 0.717187 0.878125 0.034375 0.039583
0 0.075521 0.781250 0.044792 0.052083
0 0.706250 0.145313 0.045833 0.026042
0 0.203125 0.426563 0.043750 0.030208
0 0.684375 0.536979 0.022917 0.038542
0 0.333854 0.392188 0.021875 0.042708
0 0.414062 0.196875 0.036458 0.037500
0 0.495312 0.234375 0.046875 0.043750
0 0.155208 0.497396 0.039583 0.048958
0 0.216667 0.116667 0.037500 0.033333
0 0.385937 0.716667 0.040625 0.047917
0 0.625521 0.831771 0.042708 0.021875
0 0.252083 0.804688 0.027083 0.042708
0 0.502604 0.659375 0.036458 0.018750
0 0.491667 0.913542 0.050000 0.033333
0 0.209896 0.118750 0.046875 0.029167
0 0.656771 0.213542 0.042708 0.025000
0 0.173958 0.509375 0.031250 0.037500
0 0.316146 0.403646 0.040625 0.030208
0 0.686979 0.572917 0.044792 0.025000
0 0.829688 0.261979 0.040625 0.038542
0 0.617188 0.451562 0.030208 0.044792
0 0.298958 0.102604 0.025000 0.038542
0 0.257292 0.119271 0.029167 0.044792
0 0.758333 0.593750 0.052083 0.037500
0 0.831250 0.126562 0.043750 0.026042
0 0.338542 0.379167 0.052083 0.037500
0 0.206771 0.814063 0.036458 0.051042
0 0.811979 0.359375 0.042708 0.037500
0 0.461458 0.086458 0.052083 0.043750
0 0.844792 0.422396 0.039583 0.044792
0 0.176563 0.724479 0.036458 0.017708
0 0.752083 0.833854 0.039583 0.034375
0 0.082812 0.238542 0.044792 0.047917
0 0.385937 0.133854 0.036458 0.046875
0 0.788542 0.439583 0.045833 0.031250
0 0.880729 0.694792 0.040625 0.052083
0 0.923438 0.613021 0.032292 0.053125
0 0.352604 0.629687 0.038542 0.040625
0 0.679688 0.159896 0.030208 0.040625
0 0.256771 0.167187 0.036458 0.040625
0 0.621875 0.546875 0.047917 0.033333
0 0.445833 0.198437 0.035417 0.053125
0 0.843750 0.726562 0.041667 0.048958
0 0.736458 0.130729 0.052083 0.034375
0 0.675521 0.911979 0.044792 0.028125
0 0.127083 0.169792 0.025000 0.037500
0 0.541146 0.765104 0.053125 0.030208
0 0.289583 0.916667 0.029167 0.041667
0 0.487500 0.558333 0.052083 0.043750
0 0.353125 0.470313 0.043750 0.026042
0 0.442188 0.362500 0.034375 0.043750
0 0.643750 0.179688 0.054167 0.040625
0 0.242188 0.762500 0.044792 0.035417
0 0.878125 0.212500 0.041667 0.029167
0 0.357292 0.447917 0.041667 0.047917
0 0.781771 0.324479 0.055208 0.042708
0 0.704167 0.804167 0.043750 0.052083
0 0.520833 0.778646 0.039583 0.038542
0 0.205208 0.479167 0.033333 0.037500
0 0.294792 0.239583 0.027083 0.045833
0 0.503125 0.806771 0.054167 0.038542
0 0.679167 0.791667 0.043750 0.033333
0 0.172917 0.151562 0.027083 0.046875
0 0.643750 0.869792 0.029167 0.050000
0 0.260417 0.394792 0.050000 0.047917
0 0.742188 0.366667 0.044792 0.045833
0 0.557292 0.669271 0.035417 0.017708
0 0.205208 0.127083 0.043750 0.052083
0 0.905208 0.908333 0.041667 0.037500
0 0.258333 0.229687 0.041667 0.023958
0 0.095833 0.553125 0.041667 0.039583
0 0.463542 0.271354 0.033333 0.053125
0 0.533854 0.631771 0.044792 0.040625
0 0.117708 0.554688 0.029167 0.044792
0 0.920312 0.357292 0.040625 0.020833
0 0.882292 0.154167 0.035417 0.020833
0 0.816146 0.090625 0.053125 0.045833
0 0.870313 0.779167 0.030208 0.050000
0 0.659375 0.947396 0.037500 0.019792
0 0.264062 0.510417 0.042708 0.039583
0 0.691667 0.751563 0.054167 0.048958
0 0.618229 0.470313 0.046875 0.036458
0 0.240625 0.280729 0.045833 0.034375
0 0.774479 0.625000 0.036458 0.018750
0 0.220833 0.152083 0.039583 0.025000
0 0.472917 0.917188 0.020833 0.036458
0 0.748958 0.835938 0.037500 0.044792
0 0.133854 0.466667 0.038542 0.027083
0 0.247396 0.618229 0.026042 0.046875
0 0.650000 0.077083 0.043750 0.045833
0 0.304167 0.108333 0.041667 0.025000
0 0.535937 0.239583 0.040625 0.047917
0 0.968229 0.197396 0.040625 0.026042
0 0.845833 0.278646 0.045833 0.028125
0 0.081771 0.707292 0.044792 0.033333
0 0.853646 0.235417 0.046875 0.045833
0 0.251042 0.537500 0.041667 0.029167
0 0.201042 0.451562 0.033333 0.048958
0 0.743229 0.813542 0.053125 0.039583