0 0.648438 0.455208 0.038542 0.022917
0 0.258333 0.155729 0.037500 0.021875
0 0.425521 0.742708 0.026042 0.045833
0 0.081250 0.807292 0.050000 0.050000
0 0.278646 0.142708 0.038542 0.025000
0 0.890104 0.810937 0.040625 0.034375
0 0.276562 0.707812 0.044792 0.055208
0 0.896875 0.749479 0.039583 0.053125
0 0.146875 0.351042 0.052083 0.047917
0 0.753125 0.891146 0.033333 0.044792
0 0.878125 0.859896 0.047917 0.046875
0 0.462500 0.689583 0.043750 0.035417
0 0.657292 0.664583 0.047917 0.052083
0 0.640625 0.687500 0.052083 0.045833
0 0.692187 0.403646 0.053125 0.030208
0 0.277604 0.506250 0.036458 0.043750
0 0.730208 0.482812 0.050000 0.040625
0 0.134375 0.684375 0.039583 0.020833
0 0.698438 0.532292 0.044792 0.025000
0 0.143229 0.150000 0.046875 0.045833
0 0.658854 0.944792 0.026042 0.039583
0 0.406250 0.754167 0.037500 0.031250
0 0.107813 0.714063 0.051042 0.042708
0 0.542708 0.861979 0.050000 0.044792
0 0.468229 0.951042 0.053125 0.045833
0 0.887500 0.344792 0.027083 0.045833
0 0.241146 0.569792 0.023958 0.041667
0 0.810937 0.443229 0.048958 0.055208
0 0.196354 0.892708 0.046875 0.045833
0 0.189062 0.391146 0.051042 0.028125
0 0.432292 0.429688 0.054167 0.040625
0 0.627604 0.839063 0.038542 0.055208
0 0.683854 0.788542 0.053125 0.037500
0 0.885938 0.742188 0.040625 0.051042
0 0.108854 0.960417 0.030208 0.047917
0 0.601042 0.605729 0.031250 0.040625
0 0.564583 0.730729 0.041667 0.044792
0 0.233333 0.163021 0.039583 0.048958
0 0.794792 0.471354 0.047917 0.046875
0 0.670312 0.798958 0.040625 0.041667
0 0.607292 0.361458 0.037500 0.035417
0 0.669271 0.293229 0.026042 0.044792
0 0.266146 0.142708 0.042708 0.025000
0 0.640104 0.503125 0.038542 0.025000
0 0.607292 0.209375 0.052083 0.045833
0 0.133854 0.492708 0.028125 0.050000
0 0.427083 0.889062 0.043750 0.030208
0 0.378125 0.853125 0.045833 0.029167
0 0.488542 0.093229 0.054167 0.036458
0 0.416667 0.518750 0.045833 0.031250
0 0.222917 0.697396 0.031250 0.044792
0 0.745313 0.111458 0.046875 0.045833
0 0.670312 0.428646 0.019792 0.038542
0 0.878646 0.126562 0.028125 0.040625
0 0.290104 0.298958 0.030208 0.047917
0 0.508854 0.557292 0.021875 0.043750
0 0.251563 0.842708 0.042708 0.029167
0 0.403125 0.458854 0.047917 0.046875
0 0.668229 0.864062 0.036458 0.040625
0 0.451562 0.908854 0.040625 0.032292
0 0.205208 0.461458 0.018750 0.035417
0 0.514062 0.193750 0.034375 0.016667
0 0.911979 0.209896 0.034375 0.046875
0 0.150000 0.195312 0.050000 0.042708
0 0.085938 0.410938 0.028125 0.044792
0 0.822396 0.139063 0.028125 0.040625
0 0.360938 0.939583 0.036458 0.037500
0 0.542188 0.339583 0.028125 0.050000
0 0.960938 0.816667 0.026042 0.045833
0 0.442708 0.233333 0.033333 0.045833
0 0.399479 0.920833 0.051042 0.029167
0 0.415104 0.271875 0.053125 0.041667
0 0.613542 0.835938 0.054167 0.042708
0 0.746354 0.433854 0.044792 0.055208
0 0.487500 0.821354 0.029167 0.040625
0 0.383854 0.521354 0.040625 0.030208
0 0.278646 0.108333 0.028125 0.050000
0 0.516146 0.231250 0.023958 0.047917
0 0.610417 0.200000 0.041667 0.047917
0 0.765104 0.918750 0.023958 0.037500
0 0.671875 0.865104 0.027083 0.040625
0 0.507812 0.343750 0.032292 0.039583
0 0.122917 0.656250 0.037500 0.031250
0 0.727604 0.318750 0.030208 0.050000
0 0.420312 0.769271 0.046875 0.055208
0 0.493229 0.228646 0.046875 0.048958
0 0.113021 0.445312 0.044792 0.032292
0 0.455208 0.214583 0.045833 0.029167
0 0.695312 0.740104 0.048958 0.028125
0 0.656771 0.868229 0.028125 0.044792
0 0.569792 0.394792 0.029167 0.050000
0 0.860938 0.425521 0.028125 0.040625
0 0.150521 0.096875 0.019792 0.039583
0 0.928125 0.682292 0.029167 0.041667
0 0.253125 0.433854 0.045833 0.055208
0 0.752083 0.214062 0.029167 0.040625
0 0.430208 0.267188 0.037500 0.048958
0 0.366146 0.709896 0.036458 0.051042
0 0.504687 0.430208 0.053125 0.043750
0 0.265625 0.151042 0.039583 0.047917
0 0.664062 0.570833 0.051042 0.033333
0 0.234375 0.574479 0.031250 0.051042
0 0.732292 0.842187 0.050000 0.053125
0 0.630208 0.607292 0.027083 0.041667
0 0.493229 0.680208 0.048958 0.052083
0 0.425521 0.821354 0.028125 0.044792
0 0.144792 0.242708 0.022917 0.043750
0 0.701562 0.913021 0.038542 0.019792
0 0.472917 0.311458 0.047917 0.035417
0 0.346875 0.853646 0.031250 0.044792
0 0.565104 0.135417 0.051042 0.033333
0 0.191146 0.386458 0.019792 0.037500
0 0.807292 0.858854 0.027083 0.042708
0 0.255729 0.330729 0.021875 0.042708
0 0.416146 0.686979 0.046875 0.034375
0 0.576562 0.255208 0.032292 0.047917
0 0.756250 0.676042 0.029167 0.045833
0 0.718750 0.501042 0.025000 0.037500
0 0.500521 0.153125 0.021875 0.041667
0 0.390625 0.846875 0.041667 0.037500
0 0.747917 0.266667 0.029167 0.045833
0 0.470833 0.544792 0.052083 0.039583
0 0.831771 0.520833 0.036458 0.018750
0 0.548958 0.958333 0.052083 0.045833
0 0.122396 0.852604 0.032292 0.044792
0 0.291667 0.209375 0.022917 0.039583
0 0.494792 0.923958 0.037500 0.033333
0 0.960417 0.172396 0.039583 0.036458
0 0.683854 0.828646 0.030208 0.048958
0 0.332292 0.120313 0.033333 0.044792
0 0.477604 0.902604 0.034375 0.048958
0 0.436979 0.137500 0.034375 0.047917
0 0.935937 0.779687 0.046875 0.048958
0 0.110937 0.659896 0.040625 0.032292
0 0.667708 0.410417 0.020833 0.035417
0 0.655208 0.433333 0.039583 0.041667
0 0.614583 0.702604 0.039583 0.023958
0 0.950000 0.229687 0.050000 0.044792
0 0.736458 0.179167 0.022917 0.035417
0 0.755208 0.267188 0.050000 0.038542
0 0.917708 0.375521 0.037500 0.044792
0 0.658333 0.360938 0.033333 0.040625
0 0.385417 0.807813 0.050000 0.042708
0 0.885938 0.868229 0.040625 0.038542
0 0.850000 0.185938 0.052083 0.032292
0 0.227083 0.416146 0.035417 0.044792
0 0.398438 0.699479 0.026042 0.044792
0 0.820833 0.431250 0.037500 0.052083
0 0.358333 0.146354 0.043750 0.021875
0 0.436458 0.700521 0.047917 0.048958
0 0.075521 0.159896 0.046875 0.048958
0 0.675521 0.848958 0.053125 0.039583
0 0.399479 0.520833 0.053125 0.043750
0 0.329167 0.577083 0.047917 0.041667
0 0.491667 0.727604 0.039583 0.044792
0 0.575521 0.502083 0.038542 0.052083
0 0.440625 0.670312 0.045833 0.048958
0 0.661979 0.371875 0.036458 0.037500
0 0.445312 0.428125 0.030208 0.039583
0 0.515625 0.655729 0.054167 0.038542
0 0.481771 0.803646 0.040625 0.023958
0 0.840104 0.894271 0.046875 0.026042
0 0.096875 0.328646 0.050000 0.042708
0 0.761979 0.967708 0.032292 0.047917
0 0.207813 0.256771 0.040625 0.044792
0 0.591667 0.091146 0.039583 0.026042
0 0.234896 0.937500 0.046875 0.043750
0 0.820312 0.966667 0.019792 0.037500
0 0.744792 0.527083 0.035417 0.037500
0 0.127604 0.073438 0.040625 0.032292
0 0.573958 0.876563 0.039583 0.055208
0 0.111458 0.600000 0.029167 0.041667
0 0.127604 0.474479 0.036458 0.040625
0 0.395833 0.177604 0.045833 0.038542
0 0.321354 0.194792 0.036458 0.037500
0 0.530208 0.472396 0.050000 0.026042
0 0.502083 0.822917 0.018750 0.035417
0 0.657292 0.817708 0.033333 0.037500
0 0.411458 0.789062 0.045833 0.048958
0 0.341667 0.075000 0.043750 0.022917
0 0.823958 0.876563 0.027083 0.040625
0 0.164583 0.835417 0.020833 0.035417
0 0.804688 0.692187 0.048958 0.046875
0 0.529687 0.935937 0.053125 0.053125
0 0.089063 0.675521 0.040625 0.036458
0 0.914062 0.202604 0.038542 0.051042
0 0.790104 0.948958 0.036458 0.047917
0 0.779167 0.694792 0.031250 0.037500
0 0.133854 0.605729 0.051042 0.044792
0 0.573438 0.831250 0.053125 0.037500
0 0.852604 0.702083 0.038542 0.033333
0 0.247396 0.593229 0.023958 0.040625
0 0.308333 0.441667 0.035417 0.047917
0 0.356250 0.659375 0.037500 0.029167
0 0.850000 0.946354 0.031250 0.044792
0 0.962500 0.160938 0.043750 0.042708
0 0.836458 0.251563 0.050000 0.044792
0 0.253125 0.214583 0.043750 0.045833
0 0.657813 0.114583 0.048958 0.035417
0 0.754687 0.175521 0.051042 0.038542
0 0.752083 0.960417 0.037500 0.027083
0 0.092708 0.583854 0.050000 0.053125
0 0.790625 0.368750 0.031250 0.037500
0 0.670833 0.485417 0.022917 0.037500
0 0.191667 0.127604 0.035417 0.040625
0 0.282292 0.779687 0.041667 0.048958
0 0.842187 0.579688 0.034375 0.046875
0 0.281771 0.340625 0.026042 0.045833
0 0.805729 0.757812 0.040625 0.044792
0 0.098437 0.276562 0.051042 0.038542
0 0.758854 0.700000 0.051042 0.033333
0 0.135937 0.194792 0.038542 0.031250
0 0.207292 0.309896 0.045833 0.036458
0 0.681771 0.175521 0.048958 0.044792
0 0.794271 0.873437 0.046875 0.048958
0 0.825521 0.500521 0.051042 0.040625
0 0.329167 0.405208 0.033333 0.037500
0 0.545833 0.275000 0.050000 0.050000
0 0.438542 0.544271 0.033333 0.048958
0 0.081250 0.399479 0.047917 0.046875
0 0.525000 0.216667 0.039583 0.041667
0 0.732292 0.108333 0.052083 0.043750
0 0.132292 0.201563 0.039583 0.034375
0 0.335417 0.303646 0.039583 0.044792
0 0.129167 0.453125 0.052083 0.045833
0 0.477604 0.310937 0.034375 0.040625
0 0.729688 0.481250 0.038542 0.037500
0 0.276042 0.954688 0.035417 0.040625
0 0.351562 0.935417 0.038542 0.047917
0 0.771875 0.300521 0.035417 0.048958
0 0.331771 0.210417 0.051042 0.050000
0 0.696875 0.742188 0.052083 0.032292
0 0.638542 0.152604 0.025000 0.038542
0 0.494271 0.224479 0.055208 0.044792
0 0.363021 0.911979 0.038542 0.040625
0 0.600521 0.296875 0.051042 0.050000
0 0.399479 0.418229 0.032292 0.048958
0 0.768750 0.662500 0.041667 0.047917
0 0.407292 0.637500 0.037500 0.052083
0 0.828125 0.367708 0.041667 0.031250
0 0.313021 0.235937 0.044792 0.051042
0 0.357292 0.614583 0.041667 0.047917
0 0.114062 0.457292 0.030208 0.039583
0 0.256771 0.189583 0.036458 0.043750
0 0.755208 0.083854 0.031250 0.044792
0 0.121875 0.957812 0.043750 0.042708
0 0.811458 0.715625 0.022917 0.043750
0 0.352083 0.284896 0.037500 0.038542
0 0.556771 0.324479 0.044792 0.055208
0 0.246354 0.794271 0.038542 0.046875
0 0.367708 0.868229 0.033333 0.053125
0 0.800521 0.956250 0.040625 0.041667
0 0.733333 0.616146 0.043750 0.040625
0 0.777083 0.845313 0.025000 0.048958
0 0.361979 0.716667 0.042708 0.054167
0 0.158333 0.569271 0.054167 0.046875
0 0.191667 0.596875 0.029167 0.050000
0 0.469271 0.636979 0.040625 0.055208
0 0.661458 0.304167 0.041667 0.027083
0 0.706771 0.275000 0.048958 0.037500
0 0.901042 0.278125 0.043750 0.033333
0 0.581250 0.709375 0.033333 0.037500
0 0.285938 0.784896 0.026042 0.044792
0 0.912500 0.690104 0.054167 0.048958
0 0.852604 0.636979 0.034375 0.040625
0 0.651042 0.185417 0.020833 0.039583
0 0.082292 0.369792 0.052083 0.039583
0 0.703646 0.287500 0.036458 0.018750
0 0.391146 0.893229 0.046875 0.032292
0 0.112500 0.109896 0.039583 0.048958
0 0.938021 0.566667 0.023958 0.041667
0 0.545312 0.608854 0.044792 0.051042
0 0.875000 0.929167 0.033333 0.052083
0 0.660937 0.483854 0.023958 0.042708
0 0.386979 0.921875 0.053125 0.039583
0 0.500521 0.879687 0.036458 0.046875
0 0.957292 0.886458 0.022917 0.043750
0 0.424479 0.752083 0.038542 0.035417
0 0.676562 0.132292 0.044792 0.033333
0 0.159375 0.428125 0.045833 0.031250
0 0.876042 0.273958 0.041667 0.039583
0 0.390625 0.534896 0.054167 0.042708
0 0.908854 0.775000 0.038542 0.052083
0 0.525000 0.142187 0.045833 0.038542
0 0.521354 0.123438 0.034375 0.048958
0 0.890625 0.377604 0.050000 0.036458
0 0.273438 0.586458 0.048958 0.037500
0 0.914062 0.251042 0.040625 0.047917
0 0.685417 0.867708 0.041667 0.037500
0 0.821875 0.845833 0.018750 0.035417
0 0.363021 0.286458 0.044792 0.035417
0 0.932813 0.661979 0.034375 0.046875
0 0.253125 0.685937 0.043750 0.042708
0 0.104167 0.808333 0.027083 0.037500
0 0.613021 0.403125 0.030208 0.043750
0 0.280729 0.131771 0.044792 0.055208
0 0.802083 0.697917 0.050000 0.050000
0 0.505729 0.806250 0.028125 0.039583
0 0.228646 0.340104 0.046875 0.048958
0 0.194271 0.630729 0.046875 0.034375
0 0.829688 0.731771 0.026042 0.044792
0 0.700521 0.557813 0.044792 0.030208
0 0.081771 0.356771 0.030208 0.053125
0 0.568750 0.952604 0.050000 0.034375
0 0.864062 0.965625 0.034375 0.037500
0 0.803646 0.628125 0.053125 0.041667
0 0.104167 0.890625 0.052083 0.045833
0 0.969271 0.343750 0.053125 0.047917
0 0.369792 0.700000 0.052083 0.045833
0 0.465104 0.359375 0.032292 0.047917
0 0.252604 0.470833 0.046875 0.052083
0 0.893750 0.507812 0.054167 0.040625
0 0.702083 0.869271 0.043750 0.042708
0 0.829688 0.357812 0.044792 0.042708
0 0.142708 0.085938 0.045833 0.048958
0 0.375521 0.195312 0.032292 0.044792
0 0.961979 0.184896 0.036458 0.040625
0 0.363542 0.340625 0.033333 0.043750
0 0.658333 0.922917 0.045833 0.043750
0 0.286979 0.238542 0.040625 0.041667
0 0.519271 0.184375 0.042708 0.039583
0 0.791667 0.425000 0.043750 0.033333
0 0.852083 0.269792 0.047917 0.035417
0 0.602083 0.644271 0.039583 0.036458
0 0.428125 0.165104 0.029167 0.048958
0 0.394792 0.678125 0.045833 0.029167
0 0.827604 0.764583 0.044792 0.025000
0 0.507292 0.851562 0.035417 0.044792
0 0.888542 0.119271 0.050000 0.053125
0 0.304688 0.420312 0.038542 0.055208
0 0.834896 0.611979 0.044792 0.051042
0 0.475521 0.387500 0.019792 0.039583
0 0.142708 0.368229 0.041667 0.021875
0 0.487500 0.358333 0.052083 0.035417
0 0.544271 0.708854 0.046875 0.032292
0 0.335938 0.393229 0.048958 0.030208
0 0.135937 0.869271 0.048958 0.023958
0 0.540104 0.370312 0.023958 0.042708
0 0.717187 0.718229 0.044792 0.028125
0 0.362500 0.612500 0.039583 0.041667
0 0.379167 0.868750 0.039583 0.041667
0 0.809375 0.460417 0.047917 0.052083
0 0.452604 0.849479 0.053125 0.032292
0 0.456771 0.632812 0.055208 0.044792