0 0.327604 0.568229 0.040625 0.030208
0 0.191667 0.942187 0.054167 0.038542
0 0.913542 0.661979 0.047917 0.046875
0 0.755208 0.179688 0.035417 0.053125
0 0.706771 0.248438 0.042708 0.044792
0 0.370312 0.852604 0.055208 0.044792
0 0.800000 0.784375 0.045833 0.052083
0 0.550521 0.523958 0.051042 0.029167
0 0.930729 0.882292 0.048958 0.050000
0 0.136979 0.703646 0.038542 0.051042
0 0.563021 0.539583 0.038542 0.029167
0 0.222396 0.862500 0.042708 0.039583
0 0.167708 0.381771 0.047917 0.046875
0 0.301042 0.284896 0.037500 0.044792
0 0.765104 0.571875 0.042708 0.037500
0 0.863021 0.619792 0.048958 0.052083
0 0.628646 0.358333 0.034375 0.052083
0 0.443229 0.178646 0.040625 0.034375
0 0.563542 0.859375 0.045833 0.031250
0 0.459375 0.913021 0.022917 0.040625
0 0.948958 0.169271 0.050000 0.038542
0 0.144271 0.804167 0.044792 0.045833
0 0.767188 0.570312 0.040625 0.055208
0 0.859375 0.108854 0.033333 0.044792
0 0.793229 0.097396 0.019792 0.038542
0 0.920833 0.298958 0.039583 0.020833
0 0.697917 0.306250 0.037500 0.022917
0 0.742708 0.515104 0.037500 0.040625
0 0.951562 0.563021 0.042708 0.044792
0 0.610417 0.700000 0.035417 0.018750
0 0.794271 0.566667 0.038542 0.027083
0 0.295833 0.080208 0.037500 0.035417
0 0.478646 0.688542 0.044792 0.052083
0 0.319271 0.143229 0.030208 0.048958
0 0.082812 0.616146 0.048958 0.032292
0 0.456771 0.191146 0.040625 0.055208
0 0.240625 0.334896 0.039583 0.023958
0 0.208333 0.702083 0.041667 0.027083
0 0.270313 0.382812 0.051042 0.042708
0 0.505729 0.884375 0.048958 0.041667
0 0.723958 0.561979 0.052083 0.032292
0 0.496875 0.694271 0.039583 0.036458
0 0.634896 0.219271 0.021875 0.038542
0 0.240625 0.690104 0.039583 0.034375
0 0.260417 0.596354 0.039583 0.048958
0 0.885938 0.448958 0.044792 0.045833
0 0.407813 0.440625 0.046875 0.043750
0 0.088542 0.534375 0.052083 0.043750
0 0.209375 0.848437 0.047917 0.053125
0 0.366667 0.447917 0.052083 0.039583
0 0.733333 0.611979 0.050000 0.038542
0 0.631771 0.627083 0.038542 0.018750
0 0.165625 0.429167 0.039583 0.041667
0 0.955208 0.893750 0.035417 0.047917
0 0.543750 0.465104 0.050000 0.028125
0 0.442708 0.611458 0.047917 0.039583
0 0.301042 0.683854 0.039583 0.028125
0 0.106250 0.634896 0.039583 0.034375
0 0.542708 0.253125 0.047917 0.052083
0 0.613021 0.302083 0.034375 0.039583
0 0.892708 0.267708 0.025000 0.039583
0 0.410938 0.284375 0.044792 0.037500
0 0.930208 0.886979 0.050000 0.044792
0 0.913021 0.405729 0.040625 0.044792
0 0.672917 0.419271 0.045833 0.023958
0 0.734375 0.940625 0.041667 0.029167
0 0.170313 0.700000 0.030208 0.039583
0 0.895312 0.792188 0.026042 0.044792
0 0.476562 0.106771 0.040625 0.038542
0 0.085938 0.203125 0.044792 0.035417
0 0.937500 0.572917 0.027083 0.047917
0 0.828646 0.707292 0.038542 0.025000
0 0.414062 0.291146 0.040625 0.023958
0 0.363021 0.468229 0.038542 0.021875
0 0.756250 0.877083 0.029167 0.037500
0 0.571875 0.175000 0.025000 0.043750
0 0.755208 0.697396 0.045833 0.055208
0 0.578125 0.202604 0.039583 0.044792
0 0.903125 0.888542 0.041667 0.027083
0 0.251563 0.821354 0.053125 0.051042
0 0.520833 0.097917 0.050000 0.033333
0 0.584375 0.847396 0.043750 0.042708
0 0.400000 0.669792 0.037500 0.035417
0 0.354167 0.564583 0.052083 0.037500
0 0.670833 0.363542 0.037500 0.052083
0 0.185417 0.488021 0.029167 0.040625
0 0.674479 0.215625 0.038542 0.035417
0 0.315104 0.163021 0.051042 0.044792
0 0.425000 0.628125 0.037500 0.025000
0 0.947917 0.401042 0.029167 0.050000
0 0.660937 0.542188 0.051042 0.036458
0 0.480729 0.695312 0.040625 0.044792
0 0.477083 0.772396 0.043750 0.048958
0 0.183854 0.738542 0.036458 0.037500
0 0.642188 0.312500 0.046875 0.031250
0 0.880208 0.890104 0.050000 0.053125
0 0.613021 0.473958 0.051042 0.029167
0 0.867188 0.626563 0.040625 0.032292
0 0.966146 0.798438 0.044792 0.044792
0 0.908333 0.355208 0.029167 0.041667
0 0.543229 0.542708 0.038542 0.031250
0 0.453646 0.906771 0.038542 0.051042
0 0.343229 0.113542 0.048958 0.052083
0 0.946875 0.855729 0.025000 0.038542
0 0.155208 0.923958 0.039583 0.052083
0 0.391667 0.666146 0.041667 0.048958
0 0.853125 0.448437 0.033333 0.040625
0 0.871875 0.355729 0.043750 0.042708
0 0.596875 0.571875 0.035417 0.018750
0 0.861979 0.757292 0.042708 0.025000
0 0.672396 0.535417 0.032292 0.043750
0 0.655208 0.811458 0.027083 0.043750
0 0.188021 0.299479 0.044792 0.044792
0 0.651042 0.284375 0.029167 0.050000
0 0.707812 0.767188 0.038542 0.046875
0 0.440625 0.561458 0.027083 0.041667
0 0.785937 0.530208 0.036458 0.043750
0 0.460938 0.213021 0.036458 0.051042
0 0.315104 0.633854 0.040625 0.051042
0 0.679167 0.294271 0.052083 0.051042
0 0.612500 0.683333 0.022917 0.039583
0 0.360417 0.189583 0.020833 0.035417
0 0.908854 0.322917 0.023958 0.043750
0 0.738021 0.861979 0.044792 0.026042
0 0.886458 0.772396 0.052083 0.051042
0 0.896875 0.427604 0.041667 0.032292
0 0.515104 0.438542 0.026042 0.041667
0 0.576562 0.763021 0.048958 0.032292
0 0.391146 0.419792 0.038542 0.047917
0 0.883333 0.284375 0.041667 0.039583
0 0.695312 0.252083 0.042708 0.033333
0 0.154167 0.209896 0.050000 0.040625
0 0.889062 0.244792 0.053125 0.039583
0 0.579167 0.109375 0.039583 0.041667
0 0.581771 0.503646 0.038542 0.046875
0 0.967708 0.160417 0.050000 0.047917
0 0.255729 0.325000 0.038542 0.031250
0 0.691146 0.101562 0.036458 0.046875
0 0.788021 0.427604 0.040625 0.028125
0 0.927083 0.172917 0.035417 0.020833
0 0.480729 0.566667 0.046875 0.029167
0 0.609375 0.520833 0.020833 0.035417
0 0.724479 0.775521 0.051042 0.055208
0 0.148958 0.467708 0.037500 0.035417
0 0.947917 0.639062 0.037500 0.023958
0 0.420833 0.799479 0.050000 0.042708
0 0.618229 0.138542 0.036458 0.052083
0 0.524479 0.701562 0.038542 0.046875
0 0.127083 0.478646 0.050000 0.034375
0 0.302083 0.738542 0.041667 0.047917
0 0.969792 0.178125 0.047917 0.041667
0 0.264062 0.830729 0.021875 0.042708
0 0.837500 0.085938 0.039583 0.048958
0 0.364063 0.534896 0.044792 0.051042
0 0.191146 0.578125 0.038542 0.035417
0 0.794792 0.469792 0.047917 0.039583
0 0.589063 0.505208 0.051042 0.033333
0 0.244271 0.848958 0.053125 0.041667
0 0.344792 0.489583 0.041667 0.039583
0 0.394792 0.077604 0.039583 0.026042
0 0.584896 0.646354 0.055208 0.038542
0 0.696354 0.768229 0.051042 0.053125
0 0.619271 0.207292 0.046875 0.043750
0 0.874479 0.800000 0.044792 0.035417
0 0.874479 0.529687 0.040625 0.038542
0 0.546875 0.315625 0.039583 0.041667
0 0.081250 0.660417 0.043750 0.035417
0 0.202604 0.152604 0.051042 0.036458
0 0.226042 0.866667 0.045833 0.022917
0 0.263542 0.357812 0.035417 0.044792
0 0.535417 0.728125 0.037500 0.047917
0 0.309896 0.496875 0.048958 0.027083
0 0.638542 0.622396 0.037500 0.038542
0 0.422396 0.950521 0.040625 0.055208
0 0.914583 0.744792 0.041667 0.037500
0 0.689063 0.422396 0.032292 0.040625
0 0.598437 0.614062 0.030208 0.044792
0 0.963542 0.489063 0.045833 0.036458
0 0.331250 0.346875 0.043750 0.052083
0 0.550000 0.142187 0.050000 0.042708
0 0.913021 0.818750 0.048958 0.027083
0 0.495833 0.604167 0.050000 0.047917
0 0.778646 0.966667 0.044792 0.052083
0 0.740625 0.335417 0.041667 0.039583
0 0.096875 0.456250 0.052083 0.037500
0 0.876563 0.161458 0.040625 0.052083
0 0.296354 0.945312 0.038542 0.055208
0 0.818750 0.623958 0.047917 0.041667
0 0.748958 0.630729 0.041667 0.055208
0 0.908333 0.353646 0.029167 0.046875
0 0.272396 0.181771 0.051042 0.040625
0 0.861979 0.475000 0.048958 0.025000
0 0.446354 0.189062 0.048958 0.030208
0 0.377604 0.732812 0.028125 0.040625
0 0.320833 0.841667 0.039583 0.041667
0 0.755208 0.190625 0.037500 0.027083
0 0.934375 0.235417 0.022917 0.039583
0 0.647396 0.182812 0.051042 0.042708
0 0.385417 0.964063 0.045833 0.034375
0 0.619792 0.619271 0.054167 0.040625
0 0.908854 0.371875 0.032292 0.039583
0 0.770833 0.165104 0.043750 0.040625
0 0.682292 0.292187 0.045833 0.038542
0 0.796354 0.226562 0.055208 0.036458
0 0.258854 0.250521 0.034375 0.051042
0 0.464062 0.127604 0.053125 0.053125
0 0.223438 0.214062 0.040625 0.023958
0 0.157812 0.854167 0.038542 0.025000
0 0.358333 0.900521 0.039583 0.028125
0 0.396354 0.880729 0.040625 0.026042
0 0.469271 0.853125 0.038542 0.033333
0 0.286979 0.821875 0.053125 0.035417
0 0.161979 0.423438 0.023958 0.042708
0 0.375000 0.757812 0.027083 0.048958
0 0.686458 0.488542 0.037500 0.041667
0 0.715625 0.234375 0.043750 0.025000
0 0.843750 0.513542 0.035417 0.020833
0 0.189583 0.960417 0.025000 0.041667
0 0.392188 0.610417 0.044792 0.052083
0 0.636979 0.722396 0.032292 0.044792
0 0.459375 0.741146 0.050000 0.044792
0 0.522917 0.461458 0.041667 0.031250
0 0.892188 0.119271 0.055208 0.042708
0 0.718750 0.641146 0.050000 0.042708
0 0.535417 0.554167 0.039583 0.052083
0 0.668750 0.793750 0.031250 0.045833
0 0.588542 0.272917 0.052083 0.045833
0 0.670312 0.562500 0.038542 0.047917
0 0.853646 0.198958 0.042708 0.029167
0 0.234375 0.186979 0.035417 0.044792
0 0.310417 0.954167 0.020833 0.035417
0 0.645833 0.691146 0.029167 0.051042
0 0.250521 0.118750 0.032292 0.047917
0 0.218750 0.738021 0.043750 0.026042
0 0.085417 0.160417 0.043750 0.045833
0 0.110417 0.221354 0.027083 0.040625
0 0.357812 0.083333 0.038542 0.052083
0 0.835938 0.722917 0.038542 0.029167
0 0.516146 0.373958 0.038542 0.031250
0 0.729167 0.931771 0.039583 0.038542
0 0.189583 0.359375 0.039583 0.041667
0 0.335938 0.960938 0.040625 0.028125
0 0.888021 0.356771 0.046875 0.036458
0 0.640104 0.176042 0.048958 0.052083
0 0.878125 0.351042 0.050000 0.047917
0 0.396875 0.395833 0.045833 0.022917
0 0.560417 0.160417 0.043750 0.035417
0 0.770312 0.880208 0.044792 0.052083
0 0.860417 0.412500 0.043750 0.045833
0 0.410417 0.239063 0.037500 0.021875
0 0.304167 0.374479 0.039583 0.032292
0 0.957812 0.165104 0.028125 0.044792
0 0.168229 0.415104 0.019792 0.038542
0 0.155208 0.119792 0.033333 0.037500
0 0.929167 0.151042 0.041667 0.029167
0 0.433854 0.816667 0.023958 0.047917
0 0.800000 0.122917 0.043750 0.052083
0 0.553646 0.593229 0.036458 0.040625
0 0.678646 0.672917 0.042708 0.041667
0 0.895312 0.955208 0.048958 0.041667
0 0.516667 0.299479 0.045833 0.034375
0 0.503125 0.489583 0.037500 0.035417
0 0.770312 0.894271 0.026042 0.046875
0 0.364583 0.830729 0.033333 0.048958
0 0.748437 0.390104 0.019792 0.038542
0 0.096875 0.881771 0.039583 0.030208
0 0.184375 0.319792 0.045833 0.043750
0 0.436979 0.721354 0.044792 0.028125
0 0.121875 0.437500 0.027083 0.041667
0 0.925000 0.570833 0.047917 0.039583
0 0.423958 0.135937 0.029167 0.040625
0 0.197917 0.597917 0.037500 0.022917
0 0.454688 0.677083 0.023958 0.041667
0 0.610417 0.683333 0.043750 0.033333
0 0.383854 0.440625 0.021875 0.043750
0 0.378125 0.576042 0.050000 0.029167
0 0.139063 0.141146 0.030208 0.051042
0 0.279687 0.632292 0.038542 0.031250
0 0.934375 0.317188 0.043750 0.042708
0 0.840104 0.261979 0.038542 0.040625
0 0.646875 0.411979 0.039583 0.034375
0 0.611458 0.968750 0.027083 0.045833
0 0.826042 0.525521 0.035417 0.044792
0 0.291667 0.872917 0.045833 0.033333
0 0.769271 0.175521 0.044792 0.026042
0 0.453125 0.690625 0.039583 0.022917
0 0.657292 0.195833 0.033333 0.047917
0 0.280729 0.588021 0.055208 0.048958
0 0.145313 0.661979 0.046875 0.036458
0 0.758854 0.885938 0.048958 0.046875
0 0.121875 0.685937 0.043750 0.042708
0 0.919271 0.423958 0.034375 0.037500
0 0.933854 0.146875 0.053125 0.045833
0 0.841146 0.944271 0.030208 0.048958
0 0.940625 0.573958 0.033333 0.037500
0 0.128646 0.913021 0.048958 0.055208
0 0.128646 0.373958 0.044792 0.052083
0 0.153646 0.742188 0.051042 0.055208
0 0.752604 0.171354 0.030208 0.048958
0 0.255729 0.927604 0.053125 0.051042
0 0.923438 0.360938 0.034375 0.053125
0 0.256771 0.247917 0.044792 0.033333
0 0.782813 0.764062 0.053125 0.034375