0 0.076042 0.082292 0.031250 0.045833
0 0.385417 0.949479 0.035417 0.017708
0 0.580208 0.473438 0.037500 0.021875
0 0.488021 0.308333 0.044792 0.035417
0 0.123438 0.388542 0.034375 0.052083
0 0.329688 0.677604 0.055208 0.042708
0 0.118229 0.628125 0.048958 0.052083
0 0.211979 0.639583 0.042708 0.025000
0 0.153646 0.186979 0.036458 0.046875
0 0.575000 0.258854 0.043750 0.040625
0 0.807292 0.090104 0.039583 0.036458
0 0.826042 0.607812 0.047917 0.046875
0 0.370312 0.154167 0.038542 0.029167
0 0.963021 0.787500 0.044792 0.045833
0 0.414062 0.607812 0.053125 0.034375
0 0.696875 0.906250 0.041667 0.052083
0 0.813021 0.427083 0.036458 0.020833
0 0.558333 0.179688 0.031250 0.053125
0 0.282813 0.389062 0.046875 0.038542
0 0.827083 0.312500 0.047917 0.037500
0 0.886979 0.726042 0.044792 0.045833
0 0.339062 0.666146 0.040625 0.023958
0 0.377083 0.437500 0.041667 0.037500
0 0.311979 0.792708 0.038542 0.033333
0 0.384375 0.356771 0.039583 0.032292
0 0.751563 0.332292 0.046875 0.031250
0 0.422917 0.406250 0.041667 0.031250
0 0.652604 0.210938 0.040625 0.034375
0 0.234375 0.422917 0.020833 0.035417
0 0.241667 0.112500 0.047917 0.041667
0 0.401562 0.959896 0.051042 0.053125
0 0.607812 0.132292 0.028125 0.045833
0 0.652604 0.114062 0.032292 0.044792
0 0.749479 0.954688 0.038542 0.046875
0 0.342708 0.774479 0.037500 0.053125
0 0.261458 0.957812 0.033333 0.053125
0 0.617708 0.234896 0.045833 0.048958
0 0.385417 0.568229 0.047917 0.046875
0 0.501042 0.724479 0.037500 0.038542
0 0.294271 0.898958 0.044792 0.047917
0 0.925000 0.558333 0.033333 0.037500
0 0.686979 0.856250 0.044792 0.025000
0 0.206771 0.935417 0.046875 0.043750
0 0.688542 0.492708 0.047917 0.041667
0 0.881250 0.804688 0.037500 0.019792
0 0.946354 0.214583 0.051042 0.031250
0 0.747917 0.144792 0.018750 0.037500
0 0.738021 0.347917 0.048958 0.039583
0 0.753125 0.176042 0.018750 0.035417
0 0.353646 0.093750 0.030208 0.039583
0 0.069792 0.707292 0.031250 0.037500
0 0.712500 0.904167 0.037500 0.033333
0 0.285938 0.279687 0.051042 0.053125
0 0.782292 0.332813 0.041667 0.048958
0 0.812500 0.947917 0.047917 0.035417
0 0.825521 0.947396 0.040625 0.038542
0 0.873958 0.342187 0.045833 0.023958
0 0.283333 0.633854 0.037500 0.038542
0 0.588542 0.707292 0.052083 0.041667
0 0.725000 0.788021 0.031250 0.040625
0 0.211979 0.123438 0.028125 0.040625
0 0.453646 0.569271 0.055208 0.044792
0 0.909375 0.405208 0.041667 0.039583
0 0.572917 0.583333 0.052083 0.045833
0 0.936979 0.089063 0.044792 0.040625
0 0.943750 0.905729 0.037500 0.038542
0 0.359896 0.583333 0.036458 0.052083
0 0.468750 0.360938 0.029167 0.044792
0 0.293229 0.402604 0.046875 0.034375
0 0.186979 0.878646 0.028125 0.040625
0 0.279687 0.178646 0.046875 0.026042
0 0.154688 0.092708 0.040625 0.020833
0 0.857292 0.129688 0.043750 0.040625
0 0.908854 0.965625 0.034375 0.039583
0 0.323958 0.706771 0.033333 0.044792
0 0.160417 0.630208 0.047917 0.052083
0 0.565104 0.359375 0.023958 0.037500
0 0.104167 0.722917 0.033333 0.016667
0 0.750521 0.791667 0.038542 0.027083
0 0.395313 0.861458 0.032292 0.047917
0 0.308333 0.384896 0.054167 0.042708
0 0.721354 0.689063 0.023958 0.040625
0 0.377083 0.946354 0.052083 0.032292
0 0.083333 0.678646 0.050000 0.038542
0 0.601562 0.725000 0.046875 0.043750
0 0.556771 0.542708 0.042708 0.047917
0 0.140104 0.655729 0.042708 0.044792
0 0.136458 0.585417 0.033333 0.016667
0 0.900521 0.673958 0.051042 0.031250
0 0.928125 0.786458 0.035417 0.020833
0 0.841667 0.120833 0.037500 0.022917
0 0.510938 0.072396 0.040625 0.026042
0 0.738542 0.151562 0.039583 0.026042
0 0.290104 0.914583 0.034375 0.039583
0 0.779167 0.731250 0.033333 0.050000
0 0.954167 0.611458 0.025000 0.041667
0 0.246875 0.115625 0.047917 0.039583
0 0.741667 0.367188 0.054167 0.042708
0 0.291667 0.368229 0.045833 0.026042
0 0.641667 0.714583 0.047917 0.052083
0 0.408854 0.197396 0.048958 0.034375
0 0.573438 0.080208 0.053125 0.047917
0 0.754687 0.721875 0.046875 0.043750
0 0.155729 0.954688 0.038542 0.038542
0 0.204687 0.639062 0.040625 0.046875
0 0.919792 0.226562 0.041667 0.055208
0 0.423958 0.960938 0.039583 0.034375
0 0.803646 0.089063 0.048958 0.044792
0 0.614062 0.661458 0.042708 0.031250
0 0.675000 0.327604 0.025000 0.048958
0 0.383333 0.312500 0.022917 0.037500
0 0.364583 0.158333 0.020833 0.039583
0 0.313542 0.863542 0.047917 0.050000
0 0.371875 0.077083 0.029167 0.050000
0 0.296875 0.356250 0.041667 0.041667
0 0.814583 0.780208 0.031250 0.037500
0 0.518229 0.434896 0.034375 0.040625
0 0.415625 0.460938 0.054167 0.046875
0 0.586979 0.827083 0.042708 0.037500
0 0.085938 0.721354 0.055208 0.040625
0 0.357292 0.903646 0.025000 0.038542
0 0.833854 0.746354 0.040625 0.051042
0 0.621875 0.223958 0.022917 0.035417
0 0.416667 0.303125 0.035417 0.043750
0 0.259375 0.122917 0.041667 0.025000
0 0.709896 0.870833 0.051042 0.050000
0 0.129167 0.897917 0.037500 0.047917
0 0.711979 0.230729 0.032292 0.044792
0 0.741146 0.613542 0.038542 0.037500
0 0.299479 0.850000 0.042708 0.054167
0 0.843229 0.941146 0.048958 0.046875
0 0.833854 0.392708 0.046875 0.043750
0 0.717708 0.577083 0.037500 0.025000
0 0.961979 0.351042 0.038542 0.031250
0 0.616667 0.916667 0.043750 0.027083
0 0.371354 0.317708 0.032292 0.043750
0 0.740625 0.444792 0.020833 0.035417
0 0.300000 0.946875 0.041667 0.031250
0 0.772396 0.489583 0.036458 0.043750
0 0.734375 0.782813 0.047917 0.046875
0 0.147396 0.435417 0.053125 0.035417
0 0.514062 0.428125 0.021875 0.039583
0 0.956250 0.865104 0.050000 0.044792
0 0.480729 0.317708 0.048958 0.027083
0 0.627083 0.519271 0.025000 0.042708
0 0.329688 0.246354 0.046875 0.048958
0 0.232813 0.146354 0.040625 0.034375
0 0.806771 0.241667 0.026042 0.037500
0 0.709896 0.804688 0.042708 0.023958
0 0.763542 0.668229 0.025000 0.038542
0 0.640625 0.258333 0.037500 0.031250
0 0.727083 0.815104 0.054167 0.046875
0 0.596875 0.355208 0.052083 0.039583
0 0.509896 0.095833 0.030208 0.039583
0 0.664583 0.601042 0.050000 0.033333
0 0.932813 0.614583 0.038542 0.035417
0 0.482292 0.527083 0.037500 0.041667
0 0.489583 0.858333 0.043750 0.022917
0 0.617188 0.194792 0.040625 0.025000
0 0.892188 0.891146 0.028125 0.044792
0 0.206771 0.663542 0.038542 0.035417
0 0.623437 0.671354 0.034375 0.053125
0 0.599479 0.943750 0.044792 0.047917
0 0.219271 0.293229 0.032292 0.053125
0 0.500521 0.673438 0.053125 0.032292
0 0.592708 0.097396 0.045833 0.040625
0 0.442188 0.246875 0.046875 0.052083
0 0.798958 0.876042 0.037500 0.025000
0 0.871354 0.612500 0.036458 0.052083
0 0.393229 0.879687 0.053125 0.034375
0 0.712500 0.592708 0.047917 0.035417
0 0.341146 0.102604 0.055208 0.048958
0 0.514583 0.778646 0.043750 0.040625
0 0.547917 0.554688 0.031250 0.051042
0 0.790625 0.602083 0.050000 0.047917
0 0.079687 0.285938 0.028125 0.051042
0 0.436979 0.434375 0.046875 0.033333
0 0.241667 0.391146 0.039583 0.038542
0 0.607812 0.513542 0.038542 0.047917
0 0.917188 0.481771 0.030208 0.053125
0 0.818750 0.683854 0.041667 0.021875
0 0.435937 0.491146 0.023958 0.046875
0 0.239063 0.433333 0.048958 0.037500
0 0.404687 0.854167 0.040625 0.054167
0 0.594271 0.473958 0.032292 0.039583
0 0.773958 0.175000 0.052083 0.035417
0 0.137500 0.445833 0.025000 0.047917
0 0.138542 0.074479 0.050000 0.040625
0 0.830729 0.759896 0.044792 0.026042
0 0.332813 0.558854 0.044792 0.051042
0 0.578125 0.203125 0.035417 0.037500
0 0.720313 0.766667 0.042708 0.029167
0 0.250521 0.965104 0.051042 0.038542
0 0.417187 0.267708 0.019792 0.035417
0 0.628125 0.270833 0.035417 0.020833
0 0.360417 0.203646 0.045833 0.036458
0 0.509896 0.330729 0.030208 0.048958
0 0.308854 0.239583 0.038542 0.047917
0 0.244271 0.108333 0.038542 0.037500
0 0.080208 0.302604 0.037500 0.044792
0 0.100000 0.686458 0.033333 0.050000
0 0.466146 0.124479 0.051042 0.038542
0 0.861458 0.788021 0.050000 0.040625
0 0.321354 0.351042 0.038542 0.033333
0 0.614583 0.419271 0.039583 0.026042
0 0.857812 0.962500 0.038542 0.033333
0 0.891667 0.331771 0.025000 0.042708
0 0.271354 0.643750 0.044792 0.045833
0 0.535937 0.072396 0.019792 0.038542
0 0.110937 0.879167 0.038542 0.027083
0 0.804688 0.508333 0.042708 0.037500
0 0.453646 0.106771 0.046875 0.048958
0 0.395833 0.625521 0.022917 0.040625
0 0.588542 0.106771 0.043750 0.040625
0 0.113021 0.653646 0.040625 0.034375
0 0.907292 0.469271 0.037500 0.038542
0 0.068229 0.697396 0.032292 0.040625
0 0.456771 0.511458 0.040625 0.047917
0 0.092188 0.421354 0.048958 0.046875
0 0.477083 0.237500 0.037500 0.047917
0 0.417708 0.838542 0.037500 0.041667
0 0.498437 0.601042 0.053125 0.045833
0 0.507292 0.542188 0.037500 0.053125
0 0.873958 0.123958 0.039583 0.047917
0 0.445833 0.788542 0.043750 0.037500
0 0.428646 0.908854 0.032292 0.044792
0 0.609375 0.474479 0.050000 0.034375
0 0.638021 0.861979 0.032292 0.044792
0 0.141146 0.316667 0.053125 0.043750
0 0.291667 0.670312 0.022917 0.046875
0 0.441146 0.394271 0.051042 0.042708
0 0.386458 0.733854 0.037500 0.044792
0 0.071354 0.925521 0.038542 0.038542
0 0.398958 0.593750 0.043750 0.035417
0 0.715104 0.581771 0.040625 0.038542
0 0.597396 0.838021 0.044792 0.026042
0 0.115625 0.163542 0.041667 0.027083
0 0.395833 0.764583 0.047917 0.052083
0 0.385937 0.460417 0.036458 0.020833
0 0.792188 0.238542 0.034375 0.043750
0 0.424479 0.276562 0.023958 0.042708
0 0.459375 0.223958 0.029167 0.037500
0 0.416146 0.647396 0.038542 0.040625
0 0.939583 0.189062 0.037500 0.019792
0 0.489063 0.573438 0.048958 0.046875
0 0.198958 0.295833 0.039583 0.025000
0 0.432292 0.218750 0.035417 0.052083
0 0.579167 0.791667 0.027083 0.045833
0 0.483854 0.613542 0.053125 0.041667
0 0.334375 0.602083 0.037500 0.035417
0 0.186979 0.260937 0.036458 0.040625
0 0.257812 0.582292 0.030208 0.050000
0 0.120313 0.443229 0.040625 0.038542
0 0.443229 0.463542 0.042708 0.025000
0 0.132812 0.101562 0.040625 0.036458
0 0.825000 0.584896 0.022917 0.044792
0 0.683333 0.497917 0.039583 0.047917
0 0.498437 0.780208 0.046875 0.022917
0 0.836458 0.448437 0.033333 0.040625
0 0.589063 0.805729 0.044792 0.042708
0 0.825000 0.532813 0.020833 0.040625
0 0.534896 0.903125 0.044792 0.052083
0 0.682813 0.943229 0.038542 0.021875
0 0.764583 0.377083 0.037500 0.031250
0 0.277083 0.619271 0.050000 0.042708
0 0.245833 0.665625 0.047917 0.025000
0 0.903646 0.214583 0.051042 0.050000
0 0.593229 0.486979 0.053125 0.034375
0 0.527083 0.378646 0.029167 0.051042
0 0.420833 0.700521 0.039583 0.032292
0 0.407813 0.077604 0.032292 0.044792
0 0.288542 0.237500 0.045833 0.031250
0 0.369271 0.906250 0.046875 0.043750
0 0.246354 0.521875 0.042708 0.037500
0 0.850000 0.449479 0.037500 0.053125
0 0.236458 0.820833 0.041667 0.047917
0 0.358333 0.769271 0.037500 0.044792
0 0.282292 0.736458 0.027083 0.045833
0 0.503125 0.524479 0.050000 0.034375
0 0.448958 0.617188 0.039583 0.036458
0 0.703646 0.534896 0.051042 0.042708
0 0.120833 0.431250 0.035417 0.018750
0 0.308854 0.426563 0.048958 0.048958
0 0.313021 0.268750 0.048958 0.033333
0 0.609896 0.255729 0.021875 0.038542
0 0.760938 0.472917 0.042708 0.037500
0 0.327083 0.533333 0.029167 0.045833
0 0.802083 0.103125 0.033333 0.043750
0 0.216667 0.107813 0.022917 0.044792
0 0.591667 0.473958 0.027083 0.043750
0 0.384896 0.894271 0.023958 0.038542
0 0.601562 0.805729 0.051042 0.026042
0 0.339583 0.328646 0.047917 0.032292
0 0.940104 0.088021 0.046875 0.026042
0 0.410938 0.721354 0.042708 0.044792
0 0.522917 0.487500 0.041667 0.027083
0 0.586979 0.821875 0.044792 0.047917
0 0.097917 0.803646 0.050000 0.034375
0 0.123958 0.747917 0.052083 0.037500
0 0.861979 0.458333 0.026042 0.050000
0 0.563542 0.700000 0.020833 0.039583
0 0.684375 0.943750 0.052083 0.035417
0 0.934896 0.511979 0.053125 0.034375
0 0.667708 0.289583 0.022917 0.039583
0 0.475521 0.791146 0.046875 0.034375
0 0.600000 0.752083 0.043750 0.022917
0 0.139063 0.639062 0.046875 0.034375
0 0.077604 0.098437 0.036458 0.040625
0 0.822917 0.241146 0.039583 0.044792
0 0.173437 0.433333 0.042708 0.025000
0 0.365625 0.161458 0.025000 0.043750
0 0.680729 0.116146 0.053125 0.051042
0 0.295833 0.427083 0.029167 0.041667
0 0.483333 0.847917 0.018750 0.035417
0 0.354687 0.198437 0.032292 0.048958
0 0.460938 0.436458 0.042708 0.025000
0 0.774479 0.203125 0.036458 0.037500
0 0.183333 0.080729 0.052083 0.034375
0 0.943229 0.382812 0.042708 0.023958
0 0.815104 0.748958 0.021875 0.041667
0 0.284375 0.108854 0.041667 0.023958
0 0.312500 0.867708 0.037500 0.031250
0 0.703646 0.856771 0.023958 0.046875
0 0.716146 0.654687 0.055208 0.044792
0 0.674479 0.164583 0.038542 0.031250
0 0.285938 0.108333 0.042708 0.039583
0 0.693229 0.564063 0.030208 0.040625
0 0.741667 0.636979 0.047917 0.046875
0 0.572917 0.730729 0.029167 0.046875
0 0.076042 0.926562 0.022917 0.044792
0 0.681250 0.628125 0.037500 0.027083
0 0.586979 0.378125 0.048958 0.035417
0 0.714063 0.888542 0.046875 0.043750
0 0.579688 0.652083 0.042708 0.047917
0 0.404167 0.167187 0.054167 0.048958
0 0.442708 0.841146 0.039583 0.044792
0 0.207292 0.647396 0.047917 0.030208
0 0.718229 0.388542 0.023958 0.041667
0 0.959896 0.905729 0.040625 0.026042
0 0.096875 0.236979 0.050000 0.053125
0 0.766146 0.349479 0.032292 0.053125
0 0.216667 0.685937 0.052083 0.034375
0 0.152083 0.594792 0.050000 0.029167
0 0.096875 0.833854 0.050000 0.040625
0 0.870833 0.786458 0.043750 0.052083
0 0.578646 0.395833 0.030208 0.050000
0 0.205729 0.332292 0.036458 0.047917
0 0.888021 0.330729 0.036458 0.046875
0 0.502083 0.465625 0.037500 0.025000
0 0.212500 0.882812 0.033333 0.040625
0 0.389062 0.787500 0.026042 0.041667
0 0.396354 0.248438 0.040625 0.036458
0 0.890104 0.108333 0.044792 0.047917
0 0.410417 0.168750 0.027083 0.037500
0 0.922396 0.760417 0.038542 0.029167
0 0.888021 0.649479 0.042708 0.044792
0 0.492188 0.865104 0.032292 0.048958
0 0.446354 0.732812 0.040625 0.038542
0 0.946875 0.325521 0.047917 0.030208
0 0.754687 0.321875 0.030208 0.047917
0 0.436458 0.597396 0.022917 0.040625
0 0.709896 0.698438 0.048958 0.028125
0 0.650521 0.654167 0.028125 0.039583
0 0.164062 0.825000 0.053125 0.035417
0 0.656250 0.861458 0.039583 0.022917
0 0.264062 0.677604 0.051042 0.042708
0 0.766667 0.632292 0.037500 0.031250
0 0.472396 0.093750 0.053125 0.039583
0 0.331250 0.126562 0.035417 0.040625
0 0.492708 0.914583 0.043750 0.033333
0 0.605729 0.755729 0.042708 0.055208
0 0.240625 0.420833 0.037500 0.033333
0 0.919792 0.890104 0.033333 0.044792
0 0.839583 0.846875 0.047917 0.041667
0 0.133333 0.915104 0.033333 0.040625
0 0.559375 0.169792 0.035417 0.052083
0 0.324479 0.135417 0.032292 0.039583
0 0.363021 0.296875 0.038542 0.043750
0 0.216667 0.196875 0.035417 0.018750
0 0.372396 0.175000 0.048958 0.041667
0 0.451042 0.269271 0.052083 0.030208
0 0.629167 0.103646 0.052083 0.051042
0 0.865104 0.388021 0.034375 0.040625
0 0.197396 0.172396 0.040625 0.032292
0 0.525521 0.187500 0.038542 0.022917
0 0.784375 0.256771 0.037500 0.044792
0 0.640625 0.930208 0.031250 0.041667
0 0.947396 0.842708 0.028125 0.045833
0 0.436458 0.273958 0.041667 0.047917
0 0.524479 0.368229 0.048958 0.032292
0 0.253646 0.178646 0.044792 0.032292
0 0.185417 0.607292 0.050000 0.050000
0 0.496354 0.602083 0.038542 0.043750
0 0.957812 0.745313 0.034375 0.040625
0 0.603125 0.310937 0.052083 0.053125
0 0.116146 0.918229 0.032292 0.040625
0 0.578125 0.661458 0.047917 0.041667
0 0.476562 0.414583 0.044792 0.045833
0 0.182812 0.250521 0.051042 0.053125
0 0.906250 0.402083 0.025000 0.041667
0 0.930729 0.591667 0.023958 0.047917
0 0.244271 0.475000 0.038542 0.052083
0 0.420312 0.746875 0.023958 0.037500
0 0.786458 0.461458 0.022917 0.037500
0 0.218229 0.171354 0.032292 0.040625
0 0.103646 0.271354 0.028125 0.051042
0 0.403125 0.502083 0.031250 0.041667
0 0.193229 0.844792 0.023958 0.037500
0 0.939063 0.853125 0.038542 0.031250
0 0.857812 0.620833 0.044792 0.052083
0 0.429167 0.650521 0.037500 0.048958
0 0.142708 0.307812 0.054167 0.038542
0 0.571875 0.482812 0.052083 0.030208
0 0.271875 0.282813 0.050000 0.038542
0 0.172917 0.498437 0.054167 0.036458
0 0.553125 0.748437 0.039583 0.048958
0 0.540104 0.691146 0.036458 0.017708
0 0.091667 0.517188 0.052083 0.051042
0 0.340625 0.602083 0.043750 0.045833
0 0.704167 0.402083 0.022917 0.039583
0 0.386979 0.572917 0.053125 0.041667
0 0.692187 0.721875 0.044792 0.037500
0 0.293229 0.215104 0.044792 0.040625
0 0.564583 0.730729 0.031250 0.048958
0 0.670833 0.478125 0.025000 0.037500
0 0.803646 0.315625 0.036458 0.047917
0 0.332813 0.188021 0.026042 0.040625
0 0.892188 0.721875 0.036458 0.037500
0 0.698438 0.720833 0.038542 0.052083
0 0.353646 0.448958 0.023958 0.043750
0 0.538021 0.941146 0.040625 0.038542
0 0.202083 0.608333 0.039583 0.052083
0 0.592187 0.931771 0.051042 0.028125
0 0.464583 0.489063 0.054167 0.042708
0 0.478646 0.306771 0.023958 0.040625
0 0.222917 0.494792 0.041667 0.039583
0 0.906250 0.760417 0.035417 0.043750
0 0.729167 0.871354 0.025000 0.042708
0 0.497917 0.804688 0.050000 0.038542
0 0.334896 0.240625 0.051042 0.050000
0 0.609896 0.311979 0.040625 0.044792
0 0.129167 0.633333 0.041667 0.025000
0 0.554688 0.438542 0.042708 0.031250
0 0.807292 0.719271 0.043750 0.048958
0 0.964583 0.921875 0.041667 0.037500
0 0.299479 0.706771 0.051042 0.034375
0 0.102604 0.371875 0.038542 0.047917
0 0.246875 0.347396 0.039583 0.048958
0 0.705729 0.948958 0.048958 0.027083
0 0.886458 0.550000 0.027083 0.043750
0 0.608333 0.441146 0.047917 0.032292
0 0.499479 0.504687 0.048958 0.046875
0 0.735417 0.334375 0.050000 0.047917
0 0.125000 0.264062 0.037500 0.040625
0 0.228125 0.318750 0.045833 0.031250
0 0.155208 0.245833 0.029167 0.050000
0 0.854688 0.366667 0.040625 0.047917
0 0.807292 0.704688 0.035417 0.040625
0 0.887500 0.707292 0.047917 0.039583
0 0.518229 0.746875 0.023958 0.041667
0 0.459375 0.429167 0.031250 0.045833
0 0.886458 0.496354 0.039583 0.030208
0 0.858333 0.740104 0.016667 0.034375
0 0.594792 0.537500 0.039583 0.047917
0 0.838542 0.437500 0.041667 0.047917
0 0.873437 0.303125 0.042708 0.047917
0 0.450000 0.632292 0.035417 0.043750
0 0.535417 0.521354 0.037500 0.053125
0 0.240625 0.934896 0.020833 0.036458
0 0.907292 0.788542 0.033333 0.016667
0 0.422396 0.133854 0.051042 0.053125
0 0.805729 0.596354 0.042708 0.044792
0 0.525000 0.314063 0.035417 0.040625
0 0.679167 0.914062 0.047917 0.055208
0 0.802083 0.965625 0.052083 0.045833
0 0.414062 0.883333 0.042708 0.047917
0 0.459375 0.245833 0.025000 0.041667
0 0.563542 0.227604 0.050000 0.026042
0 0.742708 0.354167 0.033333 0.037500
0 0.379688 0.238021 0.030208 0.048958
0 0.741146 0.128125 0.042708 0.025000
0 0.655729 0.896354 0.048958 0.046875
0 0.804167 0.882812 0.047917 0.046875
0 0.375000 0.848958 0.027083 0.041667
0 0.226042 0.397396 0.047917 0.053125
0 0.610938 0.378125 0.038542 0.029167
0 0.542188 0.182292 0.048958 0.052083
0 0.407813 0.725000 0.036458 0.043750
0 0.222396 0.682813 0.044792 0.044792
0 0.436458 0.334896 0.045833 0.038542
0 0.871875 0.373437 0.047917 0.046875
0 0.668229 0.618229 0.051042 0.053125
0 0.852083 0.610938 0.037500 0.038542
0 0.576042 0.670833 0.035417 0.037500
0 0.642708 0.485938 0.054167 0.036458
0 0.860417 0.552083 0.043750 0.033333
0 0.554167 0.936979 0.027083 0.040625
0 0.204687 0.426042 0.053125 0.047917
0 0.945312 0.711458 0.044792 0.047917
0 0.527604 0.494792 0.053125 0.035417
0 0.942708 0.789583 0.022917 0.039583
0 0.260937 0.288021 0.046875 0.023958
0 0.322396 0.302083 0.030208 0.050000
0 0.943750 0.388021 0.029167 0.040625
0 0.611458 0.707812 0.043750 0.040625
0 0.161979 0.901563 0.042708 0.051042
0 0.816146 0.354687 0.051042 0.028125
0 0.561458 0.114583 0.033333 0.037500
0 0.292187 0.439583 0.034375 0.043750
0 0.517188 0.274479 0.046875 0.026042
0 0.244792 0.703125 0.039583 0.047917
0 0.646875 0.487500 0.047917 0.027083
0 0.819271 0.405729 0.026042 0.051042
0 0.330208 0.076563 0.050000 0.044792
0 0.846354 0.197917 0.023958 0.045833
0 0.146875 0.142187 0.043750 0.042708
0 0.361979 0.943750 0.042708 0.037500
0 0.940104 0.698438 0.046875 0.048958
0 0.544792 0.466146 0.045833 0.048958
0 0.122917 0.630208 0.025000 0.041667
0 0.701042 0.783854 0.037500 0.048958
0 0.129688 0.089583 0.042708 0.037500
0 0.352604 0.301563 0.019792 0.038542
0 0.638542 0.356771 0.054167 0.046875
0 0.929688 0.379167 0.042708 0.027083
0 0.126042 0.731771 0.033333 0.040625
0 0.160938 0.873437 0.044792 0.026042
0 0.236979 0.834375 0.021875 0.037500
0 0.551042 0.888542 0.052083 0.039583
0 0.448437 0.296875 0.053125 0.045833
0 0.208854 0.746875 0.042708 0.037500
0 0.085417 0.496875 0.039583 0.041667
0 0.931250 0.263021 0.037500 0.053125
0 0.498437 0.398438 0.040625 0.044792
0 0.247917 0.915104 0.050000 0.042708
0 0.292708 0.722396 0.045833 0.032292
0 0.936458 0.800521 0.027083 0.042708
0 0.751042 0.394271 0.047917 0.030208
0 0.501563 0.096354 0.021875 0.038542
0 0.780729 0.163021 0.036458 0.051042
0 0.153125 0.827604 0.043750 0.048958
0 0.581771 0.965104 0.021875 0.042708
0 0.513021 0.388542 0.036458 0.037500
0 0.954688 0.146354 0.051042 0.036458
0 0.337500 0.147917 0.041667 0.027083
0 0.652083 0.447396 0.031250 0.044792
0 0.638542 0.110937 0.033333 0.040625
0 0.341667 0.663542 0.018750 0.035417
0 0.577083 0.931250 0.047917 0.027083
0 0.863542 0.493750 0.025000 0.037500
0 0.634375 0.085417 0.052083 0.041667
0 0.552604 0.933333 0.032292 0.043750
0 0.213542 0.535937 0.033333 0.044792
0 0.511979 0.653125 0.036458 0.020833
0 0.500521 0.490104 0.048958 0.023958
0 0.259896 0.883333 0.053125 0.039583
0 0.727604 0.112500 0.038542 0.047917
0 0.575521 0.894271 0.032292 0.053125
0 0.581250 0.905729 0.035417 0.044792
0 0.093229 0.627604 0.051042 0.026042
0 0.418229 0.127083 0.036458 0.037500
0 0.899479 0.772917 0.038542 0.031250
0 0.231771 0.691667 0.038542 0.043750
0 0.340104 0.272917 0.030208 0.039583
0 0.083854 0.752604 0.053125 0.053125
0 0.622917 0.084896 0.052083 0.034375
0 0.852604 0.316667 0.053125 0.043750
0 0.847917 0.598958 0.037500 0.033333
0 0.786979 0.104167 0.038542 0.052083
0 0.588021 0.434375 0.053125 0.047917
0 0.488542 0.916667 0.025000 0.039583
0 0.299479 0.816146 0.044792 0.055208
0 0.704688 0.801562 0.042708 0.051042
0 0.275000 0.747917 0.037500 0.041667
0 0.822917 0.271354 0.037500 0.023958
0 0.228646 0.501042 0.023958 0.043750
0 0.711979 0.854167 0.023958 0.043750
0 0.882292 0.195312 0.054167 0.038542
0 0.960938 0.097917 0.026042 0.045833
0 0.705729 0.667188 0.028125 0.051042
0 0.794792 0.538542 0.025000 0.043750
0 0.630729 0.483333 0.042708 0.041667
0 0.544271 0.697917 0.053125 0.037500
0 0.221875 0.879687 0.043750 0.055208
0 0.691667 0.397917 0.033333 0.037500
0 0.491667 0.220312 0.039583 0.036458
0 0.610938 0.140625 0.038542 0.025000
0 0.680208 0.237500 0.043750 0.035417
0 0.171354 0.592187 0.038542 0.021875
0 0.411979 0.865625 0.040625 0.022917
0 0.369271 0.866667 0.023958 0.041667
0 0.331250 0.454688 0.033333 0.044792
0 0.147396 0.555729 0.040625 0.051042
0 0.186979 0.116667 0.036458 0.043750
0 0.852083 0.952604 0.027083 0.040625
0 0.934896 0.688542 0.038542 0.031250
0 0.098958 0.281771 0.039583 0.032292
0 0.786458 0.596875 0.035417 0.047917
0 0.679167 0.248958 0.045833 0.052083
0 0.086458 0.281771 0.041667 0.032292
0 0.766667 0.879687 0.050000 0.028125
0 0.793750 0.860417 0.047917 0.041667
0 0.450000 0.316667 0.039583 0.041667
0 0.588021 0.275000 0.034375 0.043750
0 0.681771 0.217708 0.036458 0.018750
0 0.751042 0.859375 0.039583 0.020833
0 0.707292 0.585938 0.041667 0.023958
0 0.466667 0.728125 0.052083 0.039583
0 0.247396 0.883333 0.030208 0.043750
0 0.382292 0.448958 0.052083 0.043750
0 0.353125 0.390625 0.043750 0.027083
0 0.311458 0.154688 0.045833 0.036458
0 0.098958 0.305729 0.045833 0.034375
0 0.215104 0.693229 0.051042 0.040625
0 0.448958 0.298438 0.029167 0.040625
0 0.897396 0.426563 0.040625 0.051042
0 0.370312 0.893750 0.053125 0.039583
0 0.828125 0.305729 0.031250 0.040625
0 0.210938 0.677083 0.053125 0.041667
0 0.313542 0.408333 0.031250 0.041667
0 0.350000 0.607812 0.050000 0.038542
0 0.177604 0.332813 0.046875 0.048958
0 0.706250 0.368229 0.035417 0.040625
0 0.866146 0.803125 0.044792 0.033333
0 0.670833 0.748958 0.041667 0.020833
0 0.908333 0.118229 0.050000 0.053125
0 0.501042 0.379688 0.039583 0.044792
0 0.728125 0.915625 0.052083 0.039583
0 0.141146 0.373437 0.053125 0.034375
0 0.203125 0.401042 0.037500 0.033333
0 0.379688 0.217708 0.038542 0.029167
0 0.785417 0.451042 0.031250 0.041667
0 0.169792 0.122917 0.041667 0.031250
0 0.303125 0.121875 0.029167 0.050000
0 0.482292 0.097396 0.033333 0.040625
0 0.254688 0.862500 0.042708 0.039583
0 0.670833 0.200000 0.025000 0.043750
0 0.525000 0.185417 0.025000 0.037500
0 0.253646 0.373437 0.042708 0.023958
0 0.465625 0.429688 0.041667 0.021875
0 0.849479 0.263542 0.048958 0.041667
0 0.463021 0.856250 0.044792 0.033333
0 0.834375 0.159896 0.025000 0.038542
0 0.598437 0.439583 0.023958 0.045833
0 0.697396 0.552083 0.048958 0.037500
0 0.138021 0.890625 0.046875 0.029167
0 0.099479 0.489063 0.053125 0.032292
0 0.722396 0.852083 0.042708 0.031250
0 0.552083 0.965625 0.029167 0.050000
0 0.428646 0.618229 0.044792 0.042708
0 0.410938 0.427604 0.046875 0.036458
0 0.613542 0.598437 0.043750 0.028125
0 0.208854 0.342187 0.053125 0.034375
0 0.867188 0.400521 0.053125 0.032292
0 0.260417 0.293229 0.039583 0.028125
0 0.869792 0.593750 0.041667 0.031250
0 0.651042 0.479167 0.043750 0.033333
0 0.776042 0.918229 0.029167 0.040625
0 0.297917 0.395313 0.045833 0.023958
0 0.800521 0.530208 0.040625 0.041667
0 0.586458 0.889583 0.052083 0.043750
0 0.287500 0.926042 0.033333 0.052083
0 0.960938 0.129167 0.046875 0.029167
0 0.554167 0.403646 0.041667 0.032292
0 0.420312 0.247396 0.023958 0.042708
0 0.154167 0.794271 0.025000 0.038542
0 0.580208 0.222917 0.041667 0.031250
0 0.831771 0.640104 0.036458 0.055208
0 0.823958 0.508854 0.031250 0.044792
0 0.184375 0.601562 0.045833 0.036458
0 0.741146 0.423958 0.040625 0.020833
0 0.351562 0.075521 0.048958 0.046875
0 0.511979 0.438021 0.040625 0.051042
0 0.472396 0.957812 0.040625 0.032292
0 0.658333 0.777604 0.041667 0.055208
0 0.086979 0.809896 0.042708 0.051042
0 0.159375 0.305208 0.043750 0.045833
0 0.177083 0.825521 0.031250 0.040625
0 0.372396 0.522917 0.019792 0.035417
0 0.483333 0.390625 0.041667 0.037500
0 0.413021 0.650000 0.048958 0.035417
0 0.179167 0.278125 0.050000 0.031250
0 0.746354 0.340104 0.038542 0.038542
0 0.850521 0.482292 0.053125 0.041667
0 0.436979 0.257292 0.028125 0.043750
0 0.867188 0.847917 0.053125 0.045833
0 0.506250 0.227604 0.029167 0.040625
0 0.746875 0.517708 0.052083 0.047917
0 0.819792 0.628646 0.054167 0.044792
0 0.120833 0.084896 0.025000 0.042708
0 0.732292 0.434896 0.033333 0.040625
0 0.662500 0.514062 0.050000 0.036458
0 0.303646 0.698958 0.028125 0.039583
0 0.950000 0.597396 0.045833 0.023958
0 0.182812 0.704167 0.044792 0.035417
0 0.451042 0.930729 0.054167 0.046875
0 0.600521 0.222396 0.046875 0.026042
0 0.535417 0.711979 0.054167 0.046875
0 0.954688 0.692187 0.034375 0.040625
0 0.634375 0.486458 0.037500 0.025000
0 0.844271 0.238542 0.046875 0.027083
0 0.631771 0.238542 0.034375 0.047917
0 0.248438 0.439063 0.044792 0.021875
0 0.325000 0.265104 0.041667 0.048958
0 0.273438 0.200521 0.044792 0.040625
0 0.262500 0.907292 0.047917 0.041667
0 0.643750 0.288542 0.052083 0.039583
0 0.538021 0.398958 0.048958 0.025000
0 0.884896 0.717187 0.038542 0.046875
0 0.839583 0.566146 0.043750 0.042708
0 0.577083 0.861979 0.052083 0.051042
0 0.565104 0.735938 0.044792 0.042708
0 0.720313 0.121354 0.038542 0.021875
0 0.336979 0.891146 0.036458 0.046875
0 0.146354 0.419271 0.051042 0.053125
0 0.095312 0.101562 0.046875 0.036458
0 0.928125 0.192188 0.037500 0.048958
0 0.607292 0.192708 0.033333 0.050000
0 0.495833 0.791146 0.037500 0.021875