0 0.189062 0.968750 0.030208 0.047917
0 0.833854 0.159375 0.042708 0.047917
0 0.169792 0.220833 0.037500 0.033333
0 0.592187 0.744271 0.044792 0.051042
0 0.272396 0.413021 0.044792 0.021875
0 0.766146 0.785417 0.034375 0.047917
0 0.337500 0.292187 0.033333 0.040625
0 0.359375 0.665104 0.043750 0.055208
0 0.486458 0.331250 0.047917 0.037500
0 0.459896 0.138542 0.038542 0.035417
0 0.606250 0.535417 0.043750 0.037500
0 0.558333 0.454167 0.050000 0.029167
0 0.172917 0.700521 0.054167 0.048958
0 0.251042 0.492708 0.037500 0.035417
0 0.688021 0.160417 0.030208 0.039583
0 0.818229 0.489583 0.038542 0.047917
0 0.555208 0.626042 0.033333 0.052083
0 0.359375 0.571354 0.025000 0.046875
0 0.205729 0.880729 0.021875 0.038542
0 0.435937 0.117188 0.040625 0.036458
0 0.413542 0.123958 0.031250 0.043750
0 0.111458 0.536979 0.054167 0.036458
0 0.323958 0.504687 0.050000 0.038542
0 0.406771 0.513542 0.048958 0.052083
0 0.099479 0.849479 0.040625 0.036458
0 0.314063 0.106250 0.044792 0.033333
0 0.701562 0.901563 0.042708 0.055208
0 0.334896 0.339062 0.046875 0.034375
0 0.780208 0.522917 0.033333 0.050000
0 0.298438 0.589063 0.048958 0.055208
0 0.825521 0.450000 0.046875 0.031250
0 0.691146 0.632292 0.026042 0.037500
0 0.756771 0.151562 0.042708 0.023958
0 0.387500 0.418229 0.045833 0.036458
0 0.361979 0.332813 0.046875 0.048958
0 0.439063 0.688021 0.038542 0.046875
0 0.651563 0.142187 0.019792 0.038542
0 0.882292 0.741146 0.035417 0.053125
0 0.673958 0.473958 0.018750 0.035417
0 0.570312 0.503125 0.040625 0.020833
0 0.770833 0.387500 0.043750 0.045833
0 0.121875 0.145833 0.020833 0.035417
0 0.673438 0.431771 0.040625 0.032292
0 0.113542 0.797396 0.035417 0.053125
0 0.619271 0.260417 0.046875 0.027083
0 0.651563 0.795833 0.036458 0.037500
0 0.544792 0.785417 0.020833 0.039583
0 0.204687 0.684375 0.038542 0.027083
0 0.941667 0.101562 0.054167 0.048958
0 0.626042 0.669271 0.039583 0.030208
0 0.224479 0.191146 0.051042 0.038542
0 0.884896 0.811458 0.042708 0.047917
0 0.481771 0.220312 0.042708 0.051042
0 0.920312 0.853125 0.038542 0.029167
0 0.172396 0.241667 0.044792 0.052083
0 0.455208 0.223958 0.052083 0.033333
0 0.748437 0.208333 0.036458 0.043750
0 0.443750 0.908854 0.054167 0.040625
0 0.743229 0.077604 0.034375 0.040625
0 0.186979 0.291146 0.040625 0.055208
0 0.711979 0.480208 0.046875 0.045833
0 0.879687 0.824479 0.044792 0.055208
0 0.442708 0.797396 0.050000 0.036458
0 0.207292 0.333854 0.025000 0.038542
0 0.406250 0.694271 0.031250 0.048958
0 0.605208 0.296354 0.047917 0.046875
0 0.367708 0.257292 0.045833 0.027083
0 0.455208 0.495312 0.045833 0.036458
0 0.617188 0.548958 0.053125 0.045833
0 0.770833 0.848437 0.025000 0.044792
0 0.192188 0.598437 0.026042 0.040625
0 0.083333 0.558333 0.043750 0.037500
0 0.144271 0.527083 0.017708 0.035417
0 0.671875 0.305729 0.035417 0.044792
0 0.311458 0.154167 0.045833 0.043750
0 0.940104 0.095312 0.051042 0.038542
0 0.702083 0.616146 0.050000 0.053125
0 0.452083 0.458854 0.039583 0.030208
0 0.590104 0.722917 0.051042 0.047917
0 0.243750 0.621354 0.052083 0.030208
0 0.903646 0.943750 0.030208 0.050000
0 0.398958 0.746354 0.054167 0.040625
0 0.273958 0.070312 0.039583 0.030208
0 0.611979 0.323958 0.036458 0.052083
0 0.963542 0.333333 0.037500 0.025000
0 0.164583 0.951562 0.043750 0.055208
0 0.931250 0.928125 0.041667 0.025000
0 0.807813 0.752083 0.036458 0.037500
0 0.498437 0.388021 0.046875 0.026042
0 0.942187 0.344271 0.053125 0.051042
0 0.234375 0.520312 0.041667 0.055208
0 0.755729 0.306771 0.046875 0.028125
0 0.092708 0.968750 0.045833 0.052083
0 0.656250 0.582292 0.052083 0.045833
0 0.522917 0.143750 0.050000 0.029167
0 0.326562 0.946354 0.026042 0.040625
0 0.256250 0.207813 0.041667 0.048958
0 0.154167 0.965104 0.043750 0.040625
0 0.484375 0.323437 0.037500 0.038542
0 0.473438 0.766667 0.048958 0.035417
0 0.087500 0.465625 0.041667 0.052083
0 0.472396 0.664583 0.048958 0.035417
0 0.084375 0.636458 0.037500 0.052083
0 0.473438 0.582292 0.042708 0.054167
0 0.143229 0.370833 0.044792 0.033333
0 0.573438 0.673958 0.038542 0.018750
0 0.512500 0.736979 0.052083 0.034375
0 0.523438 0.098437 0.048958 0.028125
0 0.860417 0.953125 0.018750 0.035417
0 0.596875 0.284896 0.045833 0.026042
0 0.478646 0.956250 0.021875 0.043750
0 0.656771 0.680208 0.038542 0.025000
0 0.522917 0.268229 0.054167 0.036458
0 0.672917 0.465104 0.050000 0.038542
0 0.331250 0.139063 0.039583 0.036458
0 0.162500 0.633333 0.033333 0.037500
0 0.391146 0.830208 0.034375 0.039583
0 0.220833 0.891667 0.035417 0.043750
0 0.756250 0.785417 0.041667 0.029167
0 0.515625 0.715625 0.025000 0.043750
0 0.474479 0.804688 0.040625 0.044792
0 0.194271 0.850521 0.038542 0.046875
0 0.798438 0.585417 0.051042 0.050000
0 0.938021 0.263021 0.040625 0.026042
0 0.184375 0.628646 0.050000 0.028125
0 0.424479 0.339062 0.051042 0.034375
0 0.758333 0.205729 0.037500 0.053125
0 0.363542 0.695833 0.043750 0.045833
0 0.858333 0.153125 0.029167 0.050000
0 0.742708 0.948958 0.041667 0.029167
0 0.784375 0.482812 0.043750 0.042708
0 0.322396 0.223438 0.044792 0.028125
0 0.347396 0.613542 0.038542 0.033333
0 0.628646 0.151042 0.042708 0.039583
0 0.608333 0.525521 0.035417 0.044792
0 0.313542 0.745833 0.035417 0.020833
0 0.706771 0.413542 0.034375 0.039583
0 0.544271 0.138021 0.034375 0.040625
0 0.130208 0.217708 0.035417 0.043750
0 0.825000 0.217188 0.039583 0.038542
0 0.341146 0.310417 0.036458 0.037500
0 0.158854 0.799479 0.044792 0.028125
0 0.364583 0.876042 0.033333 0.043750
0 0.532813 0.227604 0.051042 0.053125
0 0.904167 0.389062 0.050000 0.042708
0 0.272396 0.110937 0.046875 0.038542
0 0.798438 0.081250 0.042708 0.047917
0 0.857292 0.669792 0.039583 0.020833
0 0.578646 0.769792 0.032292 0.039583
0 0.967187 0.313021 0.038542 0.046875
0 0.351562 0.295833 0.038542 0.047917
0 0.129167 0.252604 0.052083 0.053125
0 0.234896 0.766667 0.040625 0.047917
0 0.300000 0.926042 0.031250 0.037500
0 0.295833 0.178646 0.029167 0.040625
0 0.601042 0.576562 0.045833 0.038542
0 0.286458 0.509896 0.047917 0.053125
0 0.728646 0.660937 0.046875 0.036458
0 0.434896 0.926042 0.053125 0.045833
0 0.697396 0.189062 0.040625 0.034375
0 0.296875 0.384896 0.025000 0.042708
0 0.096354 0.790104 0.042708 0.023958
0 0.727604 0.822396 0.023958 0.038542
0 0.518229 0.465104 0.034375 0.046875
0 0.831250 0.846354 0.031250 0.051042
0 0.715625 0.517708 0.047917 0.027083
0 0.295833 0.190625 0.045833 0.043750
0 0.350000 0.742188 0.033333 0.044792
0 0.850000 0.195312 0.037500 0.053125
0 0.677604 0.910937 0.034375 0.046875
0 0.648958 0.581250 0.047917 0.041667
0 0.211458 0.202604 0.031250 0.044792
0 0.736979 0.124479 0.042708 0.023958
0 0.076042 0.219792 0.035417 0.052083
0 0.211458 0.239583 0.045833 0.045833
0 0.306771 0.451562 0.051042 0.034375
0 0.852604 0.934896 0.030208 0.048958
0 0.268229 0.572917 0.030208 0.047917
0 0.761979 0.319792 0.036458 0.018750
0 0.789062 0.316146 0.026042 0.044792
0 0.104167 0.326042 0.037500 0.033333
0 0.191667 0.073438 0.050000 0.040625
0 0.260417 0.830729 0.033333 0.044792
0 0.856250 0.361979 0.047917 0.053125
0 0.518750 0.463021 0.025000 0.042708
0 0.564063 0.404167 0.038542 0.035417
0 0.143229 0.970833 0.023958 0.047917
0 0.641667 0.110417 0.052083 0.041667
0 0.653125 0.405208 0.052083 0.037500
0 0.794271 0.486458 0.046875 0.043750
0 0.169792 0.501042 0.020833 0.035417
0 0.439063 0.231771 0.026042 0.044792
0 0.929167 0.519271 0.054167 0.042708
0 0.726562 0.693229 0.023958 0.038542
0 0.695312 0.559896 0.030208 0.051042
0 0.365104 0.573958 0.038542 0.031250
0 0.362500 0.236979 0.039583 0.036458
0 0.496354 0.558854 0.034375 0.048958
0 0.410417 0.536458 0.045833 0.029167
0 0.706250 0.410938 0.039583 0.030208
0 0.454688 0.315625 0.042708 0.054167
0 0.189583 0.797917 0.045833 0.052083
0 0.182812 0.140104 0.023958 0.042708
0 0.445833 0.076042 0.037500 0.033333
0 0.788021 0.571875 0.046875 0.043750
0 0.718229 0.209375 0.048958 0.039583
0 0.443750 0.582812 0.054167 0.044792
0 0.514062 0.744792 0.042708 0.020833
0 0.931771 0.134375 0.019792 0.039583
0 0.869792 0.776563 0.043750 0.042708
0 0.124479 0.436979 0.055208 0.046875
0 0.778646 0.453125 0.042708 0.025000
0 0.638542 0.444792 0.052083 0.045833
0 0.900000 0.147917 0.039583 0.047917
0 0.176042 0.147917 0.027083 0.041667
0 0.395313 0.867188 0.048958 0.030208
0 0.640104 0.839583 0.032292 0.043750
0 0.142187 0.475000 0.042708 0.027083
0 0.584375 0.756250 0.043750 0.035417
0 0.713021 0.286979 0.038542 0.040625
0 0.675521 0.156250 0.044792 0.035417
0 0.466146 0.134375 0.023958 0.041667
0 0.338021 0.495312 0.044792 0.021875
0 0.329688 0.664062 0.048958 0.046875
0 0.879687 0.960417 0.028125 0.043750
0 0.294271 0.361458 0.038542 0.033333
0 0.607292 0.317188 0.043750 0.055208
0 0.793750 0.182812 0.045833 0.048958
0 0.290625 0.364063 0.045833 0.048958
0 0.843229 0.821875 0.032292 0.039583
0 0.239063 0.718229 0.038542 0.051042
0 0.814063 0.125000 0.042708 0.054167
0 0.966667 0.159896 0.045833 0.036458
0 0.886458 0.894271 0.022917 0.042708
0 0.507812 0.788542 0.053125 0.037500
0 0.459375 0.715625 0.041667 0.047917
0 0.946875 0.693229 0.043750 0.048958
0 0.583333 0.742708 0.037500 0.041667
0 0.296354 0.309375 0.048958 0.037500
0 0.917708 0.452083 0.052083 0.043750
0 0.675000 0.118750 0.041667 0.031250
0 0.870833 0.929688 0.041667 0.044792
0 0.691146 0.759896 0.036458 0.040625
0 0.520312 0.517188 0.053125 0.032292
0 0.301042 0.729167 0.041667 0.047917
0 0.102083 0.520312 0.050000 0.034375
0 0.776042 0.938542 0.037500 0.025000
0 0.373958 0.951042 0.025000 0.043750
0 0.812500 0.834896 0.039583 0.030208
0 0.314063 0.872917 0.030208 0.047917
0 0.348958 0.408333 0.031250 0.045833
0 0.605729 0.615104 0.038542 0.040625
0 0.721875 0.688542 0.031250 0.050000
0 0.096354 0.520312 0.040625 0.036458
0 0.393229 0.300000 0.053125 0.045833
0 0.180208 0.798438 0.037500 0.038542
0 0.372396 0.470833 0.019792 0.037500
0 0.483333 0.726562 0.025000 0.042708
0 0.245833 0.558854 0.050000 0.026042
0 0.713021 0.946354 0.040625 0.032292
0 0.721875 0.442188 0.033333 0.044792
0 0.738021 0.331250 0.021875 0.039583
0 0.339583 0.269271 0.045833 0.034375
0 0.359375 0.924479 0.050000 0.028125
0 0.742708 0.495833 0.033333 0.037500
0 0.763542 0.941667 0.018750 0.035417
0 0.786458 0.427604 0.039583 0.038542
0 0.563021 0.107292 0.030208 0.050000
0 0.314583 0.120833 0.043750 0.037500
0 0.806250 0.653125 0.050000 0.031250
0 0.483333 0.594792 0.041667 0.027083
0 0.116146 0.140104 0.019792 0.040625
0 0.833333 0.570312 0.039583 0.038542
0 0.486458 0.114062 0.022917 0.038542
0 0.147917 0.081771 0.041667 0.044792
0 0.628646 0.292187 0.038542 0.038542
0 0.926042 0.969271 0.035417 0.048958
0 0.860938 0.199479 0.036458 0.040625
0 0.694792 0.626563 0.050000 0.026042
0 0.800521 0.633854 0.038542 0.038542
0 0.245833 0.509896 0.037500 0.021875
0 0.483854 0.525521 0.034375 0.048958
0 0.721875 0.151562 0.037500 0.038542
0 0.856771 0.601562 0.038542 0.038542
0 0.956250 0.384375 0.037500 0.031250
0 0.408333 0.631250 0.039583 0.020833
0 0.695312 0.408333 0.019792 0.037500
0 0.782813 0.113542 0.044792 0.033333
0 0.154167 0.416667 0.039583 0.041667
0 0.851562 0.255208 0.034375 0.043750
0 0.738021 0.296875 0.032292 0.039583
0 0.323437 0.200521 0.044792 0.026042
0 0.781771 0.826562 0.046875 0.026042
0 0.106771 0.323437 0.042708 0.055208
0 0.687500 0.416667 0.043750 0.045833
0 0.270313 0.897396 0.046875 0.055208
0 0.498437 0.602604 0.046875 0.023958
0 0.894792 0.724479 0.041667 0.044792
0 0.364583 0.485938 0.029167 0.051042
0 0.476562 0.219792 0.038542 0.033333
0 0.691146 0.723437 0.048958 0.028125
0 0.256250 0.470833 0.047917 0.033333
0 0.802083 0.886458 0.047917 0.037500
0 0.789062 0.557292 0.036458 0.043750
0 0.485417 0.550000 0.037500 0.022917
0 0.955729 0.902083 0.048958 0.052083
0 0.754687 0.689583 0.030208 0.043750
0 0.302604 0.651042 0.042708 0.033333
0 0.905729 0.235417 0.034375 0.039583
0 0.347917 0.521875 0.047917 0.041667
0 0.827604 0.543750 0.028125 0.050000
0 0.401562 0.154688 0.038542 0.038542
0 0.541146 0.280729 0.034375 0.040625
0 0.203646 0.145313 0.055208 0.042708
0 0.220833 0.459896 0.037500 0.053125
0 0.531250 0.570312 0.041667 0.048958
0 0.655208 0.296354 0.041667 0.032292
0 0.817187 0.570833 0.053125 0.043750
0 0.566667 0.722917 0.027083 0.037500
0 0.891667 0.868229 0.035417 0.040625
0 0.900521 0.807292 0.032292 0.039583
0 0.830208 0.853125 0.035417 0.037500
0 0.254688 0.193229 0.040625 0.055208
0 0.205208 0.663021 0.045833 0.048958
0 0.823958 0.943750 0.031250 0.043750
0 0.846354 0.362500 0.053125 0.037500
0 0.170833 0.286979 0.027083 0.048958
0 0.301563 0.159896 0.055208 0.046875
0 0.452604 0.825521 0.055208 0.044792
0 0.704688 0.158854 0.040625 0.051042
0 0.263021 0.885417 0.044792 0.035417
0 0.288021 0.630208 0.040625 0.022917
0 0.425000 0.836458 0.041667 0.041667
0 0.583333 0.139063 0.039583 0.034375
0 0.794271 0.409375 0.048958 0.027083
0 0.821875 0.560937 0.033333 0.053125
0 0.516667 0.408854 0.041667 0.042708
0 0.203125 0.727604 0.037500 0.019792
0 0.939063 0.832812 0.055208 0.044792
0 0.430208 0.282813 0.022917 0.046875
0 0.126042 0.500521 0.039583 0.036458
0 0.521354 0.180729 0.038542 0.021875
0 0.753646 0.292708 0.036458 0.037500
0 0.294792 0.430729 0.039583 0.036458
0 0.197917 0.588021 0.047917 0.028125
0 0.396354 0.892188 0.048958 0.046875
0 0.610938 0.741667 0.036458 0.052083
0 0.467187 0.122917 0.048958 0.052083
0 0.245312 0.327604 0.042708 0.055208
0 0.716146 0.119792 0.053125 0.035417
0 0.897917 0.208333 0.039583 0.047917
0 0.159375 0.456250 0.035417 0.037500
0 0.606250 0.802604 0.031250 0.044792
0 0.160417 0.148958 0.047917 0.041667
0 0.547917 0.520833 0.027083 0.045833
0 0.146875 0.410417 0.029167 0.037500
0 0.262500 0.523438 0.054167 0.036458
0 0.733854 0.828125 0.028125 0.050000
0 0.648438 0.962500 0.042708 0.031250
0 0.627604 0.461458 0.038542 0.043750
0 0.640625 0.902604 0.025000 0.044792
0 0.083333 0.411979 0.033333 0.040625
0 0.613542 0.379167 0.029167 0.045833
0 0.919271 0.819271 0.040625 0.044792
0 0.419792 0.198958 0.041667 0.037500
0 0.395313 0.625000 0.040625 0.041667
0 0.713542 0.733333 0.020833 0.035417
0 0.680729 0.652604 0.038542 0.051042
0 0.557292 0.889583 0.027083 0.041667
0 0.743750 0.805208 0.050000 0.031250
0 0.426563 0.236458 0.048958 0.027083
0 0.180729 0.338021 0.048958 0.032292
0 0.074479 0.529167 0.044792 0.045833
0 0.260937 0.073958 0.051042 0.035417
0 0.207813 0.620313 0.044792 0.032292
0 0.764583 0.867708 0.020833 0.035417
0 0.415625 0.307812 0.050000 0.026042
0 0.363021 0.211458 0.042708 0.041667
0 0.734896 0.808854 0.046875 0.038542
0 0.775521 0.891146 0.038542 0.046875
0 0.828125 0.548438 0.050000 0.028125
0 0.401562 0.708333 0.038542 0.025000
0 0.467187 0.231771 0.055208 0.040625
0 0.962500 0.546875 0.039583 0.047917
0 0.857812 0.309896 0.044792 0.028125
0 0.386979 0.771875 0.040625 0.047917
0 0.728646 0.245833 0.046875 0.027083
0 0.493229 0.532292 0.023958 0.043750
0 0.485417 0.518229 0.054167 0.048958
0 0.717187 0.758854 0.034375 0.051042
0 0.782813 0.906250 0.046875 0.029167
0 0.571875 0.387500 0.031250 0.037500
0 0.554688 0.142708 0.021875 0.041667
0 0.183854 0.407813 0.044792 0.026042
0 0.090104 0.814583 0.028125 0.050000
0 0.183854 0.917188 0.040625 0.051042
0 0.128646 0.772917 0.032292 0.039583
0 0.534375 0.130729 0.025000 0.042708
0 0.640104 0.652604 0.028125 0.040625
0 0.798958 0.767708 0.037500 0.052083
0 0.569271 0.254688 0.036458 0.051042
0 0.731250 0.585417 0.041667 0.039583
0 0.233854 0.427604 0.051042 0.042708
0 0.495833 0.417187 0.054167 0.048958
0 0.130208 0.702604 0.054167 0.036458
0 0.194792 0.722396 0.041667 0.042708
0 0.734896 0.750521 0.019792 0.038542
0 0.491146 0.728646 0.040625 0.028125
0 0.688021 0.534896 0.038542 0.021875
0 0.527604 0.646354 0.046875 0.048958
0 0.853646 0.542188 0.046875 0.036458
0 0.693229 0.915104 0.040625 0.051042
0 0.147396 0.753125 0.046875 0.052083
0 0.277604 0.159375 0.042708 0.020833
0 0.430208 0.358854 0.037500 0.053125
0 0.795833 0.377083 0.041667 0.031250
0 0.498958 0.767708 0.031250 0.050000
0 0.427604 0.906250 0.023958 0.041667
0 0.220833 0.851562 0.045833 0.036458
0 0.251042 0.266667 0.039583 0.025000
0 0.768750 0.608333 0.033333 0.016667
0 0.404167 0.354687 0.050000 0.040625
0 0.508333 0.778646 0.045833 0.038542
0 0.501563 0.912500 0.053125 0.043750
0 0.854688 0.285417 0.032292 0.043750
0 0.804688 0.166146 0.042708 0.051042
0 0.646354 0.391667 0.048958 0.025000
0 0.850000 0.619271 0.033333 0.044792
0 0.714063 0.366667 0.036458 0.043750
0 0.817708 0.307292 0.033333 0.016667
0 0.151042 0.451562 0.037500 0.040625
0 0.150521 0.349479 0.036458 0.046875
0 0.086979 0.426563 0.040625 0.051042
0 0.830208 0.469271 0.037500 0.019792
0 0.696875 0.460938 0.047917 0.046875
0 0.618229 0.554167 0.053125 0.035417
0 0.734375 0.400000 0.039583 0.047917
0 0.092708 0.409375 0.027083 0.037500
0 0.824479 0.671354 0.051042 0.030208
0 0.200000 0.200000 0.045833 0.052083
0 0.391667 0.254688 0.037500 0.038542
0 0.182292 0.661458 0.047917 0.027083
0 0.095833 0.390625 0.045833 0.045833
0 0.507812 0.510938 0.023958 0.042708
0 0.306771 0.168229 0.040625 0.051042
0 0.290625 0.322917 0.043750 0.035417
0 0.599479 0.127083 0.030208 0.039583
0 0.175000 0.238021 0.045833 0.026042
0 0.606250 0.559896 0.054167 0.044792
0 0.242708 0.284375 0.045833 0.043750
0 0.531771 0.678125 0.023958 0.037500
0 0.449479 0.470833 0.042708 0.054167
0 0.583854 0.408333 0.046875 0.052083
0 0.523438 0.116667 0.042708 0.031250
0 0.348438 0.366146 0.040625 0.034375
0 0.884896 0.269792 0.026042 0.039583
0 0.351562 0.865104 0.051042 0.040625
0 0.953125 0.316667 0.035417 0.043750
0 0.130729 0.950000 0.028125 0.041667
0 0.402083 0.557292 0.037500 0.031250
0 0.227083 0.236979 0.025000 0.046875
0 0.352604 0.326562 0.040625 0.034375
0 0.155208 0.208854 0.054167 0.048958
0 0.654167 0.480729 0.041667 0.042708
0 0.342708 0.359896 0.025000 0.046875
0 0.619792 0.624479 0.043750 0.048958
0 0.506771 0.281250 0.036458 0.037500
0 0.623437 0.748437 0.021875 0.042708
0 0.663542 0.576042 0.050000 0.031250
0 0.248958 0.688542 0.031250 0.045833
0 0.544271 0.456771 0.038542 0.051042
0 0.955729 0.335938 0.046875 0.048958
0 0.342187 0.437500 0.038542 0.025000
0 0.226562 0.576042 0.026042 0.037500
0 0.167708 0.222396 0.041667 0.021875
0 0.280729 0.102083 0.034375 0.039583
0 0.341146 0.170833 0.053125 0.035417
0 0.669792 0.562500 0.029167 0.041667
0 0.879167 0.468750 0.035417 0.037500
0 0.248958 0.798438 0.047917 0.028125
0 0.711979 0.345833 0.044792 0.037500
0 0.680729 0.893750 0.017708 0.035417
0 0.773958 0.697396 0.050000 0.044792
0 0.544792 0.716667 0.031250 0.050000
0 0.543750 0.301042 0.027083 0.043750
0 0.680729 0.400000 0.044792 0.025000
0 0.083333 0.924479 0.033333 0.040625
0 0.506771 0.128646 0.051042 0.053125
0 0.176563 0.339062 0.046875 0.048958
0 0.075521 0.691667 0.036458 0.043750
0 0.445833 0.677604 0.047917 0.046875
0 0.375000 0.394271 0.029167 0.046875
0 0.663021 0.759896 0.034375 0.048958
0 0.153646 0.786979 0.034375 0.046875
0 0.548958 0.684375 0.041667 0.027083
0 0.303125 0.451042 0.025000 0.041667
0 0.390625 0.717708 0.052083 0.045833
0 0.275000 0.554167 0.052083 0.041667
0 0.299479 0.580729 0.023958 0.046875
0 0.748958 0.339583 0.027083 0.045833
0 0.753646 0.368229 0.051042 0.030208
0 0.413542 0.845313 0.041667 0.044792
0 0.913542 0.528646 0.031250 0.048958
0 0.827604 0.599479 0.048958 0.034375
0 0.078125 0.182292 0.045833 0.045833
0 0.360417 0.926562 0.031250 0.051042
0 0.501042 0.697917 0.043750 0.052083
0 0.106250 0.107292 0.035417 0.043750
0 0.543229 0.584896 0.048958 0.030208
0 0.642188 0.319271 0.046875 0.034375
0 0.671875 0.915625 0.039583 0.041667
0 0.471875 0.254167 0.035417 0.043750
0 0.324479 0.306250 0.046875 0.043750
0 0.580729 0.702083 0.028125 0.043750
0 0.916667 0.108333 0.025000 0.047917
0 0.844271 0.156771 0.055208 0.044792
0 0.785417 0.920312 0.039583 0.038542
0 0.152604 0.145313 0.028125 0.044792
0 0.486979 0.634375 0.042708 0.041667
0 0.416667 0.795833 0.050000 0.050000
0 0.592187 0.889583 0.048958 0.052083
0 0.969271 0.552604 0.051042 0.053125
0 0.794271 0.817708 0.048958 0.041667
0 0.229687 0.927604 0.023958 0.046875
0 0.831771 0.405729 0.040625 0.036458
0 0.422396 0.859896 0.051042 0.053125
0 0.245833 0.122917 0.041667 0.031250
0 0.219792 0.320312 0.045833 0.034375
0 0.448958 0.939583 0.029167 0.050000
0 0.522917 0.458854 0.027083 0.048958
0 0.271875 0.264583 0.025000 0.041667
0 0.804167 0.381250 0.039583 0.022917
0 0.430729 0.618229 0.036458 0.040625
0 0.159896 0.966146 0.044792 0.040625
0 0.891146 0.738542 0.028125 0.039583
0 0.342187 0.683333 0.042708 0.037500
0 0.563021 0.335938 0.034375 0.053125
0 0.320833 0.419792 0.037500 0.029167
0 0.091667 0.508333 0.041667 0.029167
0 0.883854 0.295833 0.036458 0.047917
0 0.962500 0.908333 0.045833 0.029167
0 0.145833 0.546354 0.043750 0.028125
0 0.776042 0.943750 0.037500 0.035417
0 0.310417 0.476042 0.025000 0.037500
0 0.472396 0.854167 0.051042 0.031250
0 0.870833 0.424479 0.043750 0.040625
0 0.381771 0.366146 0.023958 0.040625
0 0.839063 0.418229 0.040625 0.026042
0 0.233854 0.699479 0.021875 0.044792
0 0.685937 0.440104 0.042708 0.023958
0 0.228646 0.809375 0.046875 0.045833
0 0.504687 0.563542 0.042708 0.039583
0 0.880729 0.696875 0.053125 0.045833
0 0.602083 0.663542 0.037500 0.043750
0 0.795312 0.816667 0.044792 0.035417
0 0.274479 0.772396 0.040625 0.044792
0 0.155729 0.433333 0.046875 0.043750
0 0.203125 0.634896 0.041667 0.023958
0 0.194792 0.553646 0.033333 0.040625
0 0.694792 0.169271 0.045833 0.038542
0 0.141146 0.193750 0.048958 0.033333
0 0.728125 0.809375 0.041667 0.031250
0 0.426042 0.394792 0.037500 0.035417
0 0.436979 0.328646 0.032292 0.046875
0 0.541667 0.452604 0.047917 0.046875
0 0.443229 0.671875 0.046875 0.043750
0 0.517188 0.367708 0.038542 0.031250
0 0.604688 0.811979 0.040625 0.038542
0 0.442708 0.843750 0.047917 0.037500
0 0.617708 0.439063 0.039583 0.044792
0 0.516146 0.945312 0.023958 0.042708
0 0.872917 0.657813 0.047917 0.053125
0 0.335938 0.773438 0.017708 0.036458
0 0.931771 0.436979 0.023958 0.048958
0 0.716146 0.295833 0.053125 0.035417
0 0.217708 0.235417 0.045833 0.027083
0 0.650521 0.310937 0.044792 0.051042
0 0.197396 0.454167 0.032292 0.039583
0 0.314583 0.847917 0.029167 0.037500
0 0.419271 0.149479 0.051042 0.044792
0 0.871354 0.339583 0.046875 0.045833
0 0.922396 0.833333 0.038542 0.047917
0 0.970313 0.242708 0.048958 0.041667
0 0.654167 0.542708 0.047917 0.041667
0 0.288542 0.667708 0.043750 0.045833
0 0.382292 0.803125 0.035417 0.037500
0 0.147917 0.305208 0.041667 0.025000
0 0.314583 0.251563 0.039583 0.053125
0 0.173958 0.963542 0.043750 0.033333
0 0.352083 0.401042 0.039583 0.020833
0 0.924479 0.458333 0.044792 0.035417
0 0.534896 0.755729 0.055208 0.046875
0 0.136458 0.301042 0.031250 0.037500
0 0.680729 0.108333 0.038542 0.025000
0 0.155729 0.370833 0.030208 0.043750
0 0.784896 0.757812 0.044792 0.032292
0 0.728646 0.549479 0.044792 0.040625
0 0.418229 0.192708 0.040625 0.041667
0 0.534896 0.654167 0.048958 0.052083
0 0.903646 0.122917 0.030208 0.039583
0 0.864062 0.918229 0.034375 0.051042
0 0.515104 0.569271 0.040625 0.051042
0 0.742188 0.556250 0.026042 0.041667
0 0.207292 0.389062 0.039583 0.044792
0 0.380729 0.766146 0.038542 0.038542
0 0.561979 0.258854 0.040625 0.028125
0 0.251563 0.369792 0.023958 0.041667
0 0.957812 0.660937 0.051042 0.040625
0 0.474479 0.152604 0.044792 0.040625
0 0.922917 0.571875 0.045833 0.043750
0 0.500000 0.868229 0.041667 0.044792
0 0.499479 0.508854 0.048958 0.032292
0 0.296875 0.891146 0.037500 0.021875
0 0.196875 0.536979 0.054167 0.042708
0 0.813542 0.927083 0.035417 0.043750
0 0.160938 0.953125 0.042708 0.041667
0 0.400000 0.387500 0.041667 0.027083
0 0.395833 0.186458 0.047917 0.037500
0 0.370312 0.625000 0.034375 0.039583
0 0.671354 0.537500 0.038542 0.027083
0 0.165625 0.481250 0.047917 0.033333
0 0.538021 0.908333 0.046875 0.043750
0 0.187500 0.915104 0.022917 0.042708
0 0.430208 0.208854 0.041667 0.044792
0 0.793229 0.920312 0.051042 0.026042
0 0.348958 0.661979 0.039583 0.044792
0 0.930729 0.829167 0.026042 0.041667
0 0.801562 0.538542 0.034375 0.047917
0 0.533333 0.117708 0.035417 0.037500
0 0.360417 0.119271 0.039583 0.036458
0 0.897396 0.444792 0.042708 0.037500
0 0.152083 0.471354 0.045833 0.048958
0 0.093229 0.316146 0.036458 0.051042
0 0.279167 0.183854 0.031250 0.044792
0 0.219792 0.956771 0.039583 0.038542
0 0.146875 0.342708 0.037500 0.043750
0 0.339583 0.151562 0.033333 0.044792