0 0.858333 0.188542 0.045833 0.029167
0 0.569792 0.102083 0.037500 0.033333
0 0.265104 0.238021 0.038542 0.051042
0 0.400000 0.522917 0.052083 0.037500
0 0.934896 0.201563 0.044792 0.026042
0 0.486979 0.153125 0.028125 0.043750
0 0.766146 0.916146 0.036458 0.046875
0 0.714063 0.587500 0.038542 0.018750
0 0.301042 0.382292 0.050000 0.031250
0 0.142708 0.202083 0.052083 0.041667
0 0.501042 0.155729 0.033333 0.048958
0 0.459375 0.561458 0.035417 0.037500
0 0.556250 0.916146 0.037500 0.053125
0 0.270313 0.450000 0.036458 0.047917
0 0.951562 0.219271 0.048958 0.023958
0 0.504687 0.651563 0.040625 0.030208
0 0.348438 0.801562 0.040625 0.032292
0 0.514062 0.914583 0.048958 0.050000
0 0.386458 0.622917 0.043750 0.052083
0 0.834896 0.351042 0.023958 0.043750
0 0.192188 0.630208 0.036458 0.018750
0 0.179688 0.653646 0.038542 0.046875
0 0.623437 0.830729 0.026042 0.044792
0 0.697396 0.438542 0.038542 0.035417
0 0.826042 0.376563 0.022917 0.042708
0 0.654167 0.266146 0.039583 0.053125
0 0.855729 0.961458 0.042708 0.033333
0 0.620313 0.866146 0.044792 0.051042
0 0.699479 0.606771 0.048958 0.030208
0 0.829167 0.480729 0.041667 0.042708
0 0.535937 0.122396 0.038542 0.051042
0 0.822396 0.200521 0.051042 0.038542
0 0.789062 0.083333 0.026042 0.050000
0 0.288542 0.463021 0.027083 0.046875
0 0.664583 0.964063 0.035417 0.053125
0 0.578125 0.184375 0.033333 0.045833
0 0.136458 0.251563 0.041667 0.042708
0 0.495312 0.808333 0.038542 0.031250
0 0.682292 0.324479 0.037500 0.044792
0 0.260417 0.684896 0.041667 0.021875
0 0.558854 0.640104 0.036458 0.051042
0 0.869792 0.307292 0.047917 0.027083
0 0.444792 0.861979 0.037500 0.053125
0 0.178646 0.243229 0.044792 0.042708
0 0.822917 0.476562 0.037500 0.048958
0 0.577083 0.295833 0.041667 0.047917
0 0.634896 0.757292 0.042708 0.047917
0 0.805208 0.706250 0.025000 0.039583
0 0.649479 0.931771 0.055208 0.046875
0 0.355729 0.208854 0.048958 0.046875
0 0.415625 0.506771 0.050000 0.053125
0 0.679167 0.500521 0.022917 0.044792
0 0.625000 0.095312 0.050000 0.036458
0 0.480729 0.516146 0.036458 0.055208
0 0.255729 0.343229 0.026042 0.040625
0 0.701562 0.846875 0.044792 0.045833
0 0.339062 0.227604 0.023958 0.042708
0 0.772396 0.195833 0.021875 0.043750
0 0.679167 0.654167 0.047917 0.025000
0 0.380729 0.121354 0.051042 0.053125
0 0.763542 0.495833 0.041667 0.031250
0 0.119792 0.526042 0.041667 0.031250
0 0.648438 0.758333 0.048958 0.039583
0 0.849479 0.379167 0.026042 0.045833
0 0.570312 0.452083 0.028125 0.043750
0 0.849479 0.623958 0.040625 0.041667
0 0.740625 0.592187 0.041667 0.048958
0 0.510417 0.535937 0.029167 0.048958
0 0.453646 0.668229 0.055208 0.046875
0 0.269792 0.332813 0.039583 0.048958
0 0.339062 0.591146 0.044792 0.048958
0 0.561979 0.391667 0.046875 0.033333
0 0.670833 0.599479 0.045833 0.048958
0 0.240625 0.366667 0.043750 0.022917
0 0.254688 0.774479 0.046875 0.040625
0 0.433333 0.517708 0.045833 0.052083
0 0.426042 0.382812 0.033333 0.044792
0 0.374479 0.170313 0.040625 0.032292
0 0.545833 0.695833 0.025000 0.037500
0 0.125521 0.130729 0.038542 0.055208
0 0.180729 0.415625 0.038542 0.043750
0 0.449479 0.387500 0.030208 0.039583
0 0.661458 0.224479 0.045833 0.048958
0 0.233854 0.635938 0.038542 0.046875
0 0.119271 0.877083 0.036458 0.037500
0 0.841146 0.791146 0.040625 0.036458
0 0.859375 0.932292 0.045833 0.043750
0 0.076563 0.937500 0.042708 0.054167
0 0.094792 0.825521 0.041667 0.044792
0 0.411979 0.895833 0.026042 0.041667
0 0.390104 0.217708 0.019792 0.039583
0 0.939063 0.122917 0.032292 0.039583
0 0.288542 0.319792 0.043750 0.045833
0 0.513542 0.887500 0.043750 0.035417
0 0.458854 0.480208 0.034375 0.047917
0 0.741667 0.083333 0.029167 0.050000
0 0.159896 0.490104 0.040625 0.051042
0 0.318750 0.796354 0.041667 0.044792
0 0.578125 0.562500 0.052083 0.039583
0 0.636458 0.508333 0.037500 0.025000
0 0.488021 0.763542 0.036458 0.020833
0 0.872396 0.644792 0.038542 0.025000
0 0.190104 0.850521 0.032292 0.040625
0 0.596875 0.150521 0.047917 0.046875
0 0.544792 0.940104 0.045833 0.055208
0 0.753646 0.117188 0.051042 0.053125
0 0.162500 0.359896 0.035417 0.017708
0 0.775000 0.735417 0.031250 0.037500
0 0.969792 0.635938 0.054167 0.040625
0 0.456771 0.948958 0.038542 0.047917
0 0.814583 0.560937 0.047917 0.046875
0 0.550521 0.263542 0.053125 0.043750
0 0.500521 0.137500 0.044792 0.025000
0 0.339583 0.179688 0.033333 0.044792
0 0.704167 0.692708 0.027083 0.043750
0 0.798438 0.861979 0.028125 0.051042
0 0.373958 0.281771 0.022917 0.038542
0 0.342187 0.878646 0.040625 0.034375
0 0.229687 0.192188 0.028125 0.040625
0 0.778646 0.406250 0.053125 0.045833
0 0.896354 0.171354 0.055208 0.042708
0 0.206771 0.784375 0.038542 0.031250
0 0.108854 0.310937 0.055208 0.046875
0 0.694792 0.304167 0.050000 0.031250
0 0.609375 0.160417 0.041667 0.047917
0 0.353646 0.069271 0.040625 0.030208
0 0.944271 0.748437 0.032292 0.044792
0 0.490625 0.402604 0.031250 0.044792
0 0.599479 0.331771 0.044792 0.028125
0 0.886458 0.671875 0.027083 0.045833
0 0.668750 0.588021 0.029167 0.040625
0 0.567187 0.863542 0.026042 0.041667
0 0.659375 0.604167 0.022917 0.037500
0 0.782292 0.661979 0.037500 0.048958
0 0.391667 0.543750 0.052083 0.043750
0 0.588021 0.315625 0.042708 0.054167
0 0.906771 0.958333 0.030208 0.039583
0 0.926562 0.325521 0.042708 0.044792
0 0.306250 0.693229 0.045833 0.034375
0 0.870313 0.405208 0.051042 0.050000
0 0.741667 0.638021 0.025000 0.042708
0 0.315625 0.319271 0.050000 0.053125
0 0.677083 0.827083 0.041667 0.047917
0 0.959375 0.370833 0.039583 0.041667
0 0.843750 0.448437 0.039583 0.030208
0 0.575521 0.296354 0.055208 0.051042
0 0.131771 0.341146 0.032292 0.046875
0 0.788021 0.798958 0.019792 0.037500
0 0.818229 0.430729 0.040625 0.032292
0 0.815104 0.656250 0.028125 0.045833
0 0.320833 0.526042 0.037500 0.041667
0 0.100000 0.138542 0.037500 0.029167
0 0.334896 0.589063 0.040625 0.036458
0 0.439063 0.252083 0.042708 0.033333
0 0.884896 0.175521 0.046875 0.048958
0 0.078125 0.562500 0.043750 0.037500
0 0.926042 0.922917 0.041667 0.027083
0 0.947396 0.264062 0.044792 0.032292
0 0.417187 0.768750 0.044792 0.025000
0 0.329688 0.967708 0.036458 0.052083
0 0.915625 0.373958 0.025000 0.041667
0 0.494792 0.727083 0.045833 0.027083
0 0.495312 0.090104 0.028125 0.046875
0 0.741146 0.511458 0.023958 0.043750
0 0.484896 0.495312 0.051042 0.044792
0 0.630729 0.468750 0.048958 0.027083
0 0.416667 0.689583 0.037500 0.027083
0 0.427083 0.708854 0.029167 0.046875
0 0.969792 0.404687 0.045833 0.028125
0 0.766146 0.160938 0.026042 0.051042
0 0.943750 0.424479 0.052083 0.032292
0 0.532292 0.435937 0.050000 0.040625
0 0.154167 0.469271 0.037500 0.040625
0 0.868750 0.140104 0.054167 0.048958
0 0.947396 0.352083 0.051042 0.033333
0 0.219792 0.913542 0.047917 0.037500
0 0.429167 0.598958 0.029167 0.045833
0 0.166146 0.818229 0.046875 0.023958
0 0.335938 0.728646 0.044792 0.040625
0 0.227604 0.397917 0.048958 0.052083
0 0.662500 0.506250 0.037500 0.035417
0 0.170833 0.796354 0.050000 0.042708
0 0.646875 0.275000 0.037500 0.029167
0 0.759375 0.459896 0.045833 0.055208
0 0.853125 0.573958 0.045833 0.052083
0 0.132812 0.421354 0.040625 0.038542
0 0.102083 0.075000 0.033333 0.037500
0 0.356250 0.128646 0.050000 0.028125
0 0.634896 0.654687 0.055208 0.040625
0 0.702604 0.735417 0.044792 0.052083
0 0.553125 0.566667 0.041667 0.052083
0 0.265625 0.934896 0.037500 0.038542
0 0.375000 0.107813 0.037500 0.044792
0 0.880208 0.785937 0.035417 0.053125
0 0.619792 0.945833 0.039583 0.052083
0 0.421875 0.589583 0.052083 0.035417
0 0.715104 0.630208 0.046875 0.043750
0 0.698438 0.658854 0.038542 0.038542
0 0.196354 0.414062 0.053125 0.030208
0 0.538021 0.899479 0.040625 0.044792
0 0.729688 0.543229 0.038542 0.038542
0 0.264583 0.784375 0.029167 0.045833
0 0.784375 0.133854 0.039583 0.034375
0 0.815104 0.923958 0.023958 0.045833
0 0.289062 0.705208 0.051042 0.050000
0 0.553646 0.868229 0.034375 0.040625
0 0.472396 0.115625 0.038542 0.022917
0 0.839063 0.253646 0.046875 0.036458
0 0.184896 0.395313 0.051042 0.040625
0 0.501563 0.605729 0.040625 0.023958
0 0.899479 0.306250 0.053125 0.045833
0 0.680208 0.826042 0.045833 0.033333
0 0.801042 0.960938 0.031250 0.040625
0 0.676562 0.344271 0.040625 0.032292
0 0.933854 0.402604 0.051042 0.044792
0 0.525000 0.660417 0.043750 0.027083
0 0.255208 0.829688 0.045833 0.055208
0 0.931250 0.142708 0.020833 0.039583
0 0.585938 0.542188 0.040625 0.030208
0 0.515625 0.342708 0.043750 0.052083
0 0.091146 0.292708 0.038542 0.031250
0 0.367708 0.417708 0.047917 0.035417
0 0.851562 0.175521 0.040625 0.034375
0 0.550000 0.490104 0.037500 0.038542
0 0.369792 0.300000 0.041667 0.029167
0 0.354687 0.686458 0.042708 0.039583
0 0.837500 0.544792 0.050000 0.050000
0 0.770833 0.197917 0.041667 0.031250
0 0.908854 0.712500 0.038542 0.033333
0 0.815104 0.823958 0.023958 0.037500
0 0.271354 0.262500 0.036458 0.037500
0 0.100521 0.678646 0.055208 0.044792
0 0.633854 0.703125 0.028125 0.039583
0 0.846354 0.166146 0.040625 0.030208
0 0.241146 0.802083 0.046875 0.052083
0 0.640104 0.848958 0.032292 0.039583
0 0.282292 0.797917 0.043750 0.035417
0 0.208333 0.241667 0.050000 0.050000
0 0.360938 0.783854 0.044792 0.042708
0 0.506771 0.501042 0.042708 0.031250
0 0.521875 0.846875 0.037500 0.033333
0 0.469271 0.490104 0.038542 0.019792
0 0.908333 0.823438 0.041667 0.021875
0 0.933333 0.132812 0.043750 0.042708
0 0.443229 0.618750 0.032292 0.043750
0 0.176563 0.950521 0.051042 0.042708
0 0.657813 0.353125 0.051042 0.029167
0 0.469271 0.483854 0.048958 0.028125
0 0.347917 0.228646 0.035417 0.044792
0 0.787500 0.118750 0.018750 0.035417
0 0.398438 0.207813 0.051042 0.055208
0 0.439063 0.821354 0.044792 0.042708
0 0.383333 0.500521 0.054167 0.046875
0 0.559896 0.091667 0.038542 0.047917
0 0.294792 0.625000 0.047917 0.039583
0 0.434896 0.590104 0.051042 0.040625
0 0.605208 0.623958 0.043750 0.045833
0 0.393750 0.896354 0.050000 0.040625
0 0.683333 0.443229 0.052083 0.034375
0 0.629687 0.532813 0.044792 0.026042
0 0.482812 0.673438 0.044792 0.055208
0 0.073438 0.811458 0.036458 0.037500
0 0.420833 0.573958 0.045833 0.027083
0 0.705729 0.946354 0.046875 0.036458
0 0.214583 0.864062 0.047917 0.053125
0 0.540625 0.440625 0.033333 0.052083
0 0.352604 0.350000 0.036458 0.047917
0 0.165625 0.497396 0.039583 0.026042
0 0.435417 0.856250 0.041667 0.039583
0 0.084375 0.213542 0.037500 0.031250
0 0.740625 0.531771 0.047917 0.046875
0 0.440104 0.527083 0.023958 0.043750
0 0.675521 0.389583 0.030208 0.039583
0 0.478125 0.687500 0.037500 0.031250
0 0.655208 0.629687 0.027083 0.046875
0 0.337500 0.932292 0.025000 0.041667
0 0.692187 0.527604 0.051042 0.042708
0 0.371354 0.772396 0.032292 0.044792
0 0.335938 0.450000 0.044792 0.033333
0 0.401562 0.425000 0.042708 0.054167
0 0.698958 0.605729 0.043750 0.055208
0 0.081771 0.579167 0.034375 0.043750
0 0.657813 0.152604 0.021875 0.038542
0 0.123438 0.178646 0.046875 0.036458
0 0.458333 0.530208 0.029167 0.037500
0 0.226042 0.466667 0.027083 0.037500
0 0.703646 0.469792 0.044792 0.035417
0 0.822917 0.521354 0.045833 0.034375
0 0.271875 0.559896 0.052083 0.053125
0 0.531250 0.150000 0.047917 0.035417
0 0.302083 0.844792 0.037500 0.047917
0 0.577083 0.154688 0.039583 0.036458
0 0.483333 0.652083 0.045833 0.043750
0 0.781250 0.918229 0.033333 0.040625
0 0.348958 0.460938 0.041667 0.042708
0 0.429167 0.330208 0.043750 0.025000
0 0.306771 0.725521 0.040625 0.055208
0 0.144792 0.732812 0.029167 0.044792
0 0.773958 0.262500 0.039583 0.047917
0 0.421354 0.379688 0.046875 0.023958
0 0.361458 0.618750 0.025000 0.037500
0 0.493750 0.895312 0.041667 0.023958
0 0.591146 0.330208 0.051042 0.029167
0 0.440104 0.496354 0.051042 0.053125
0 0.186458 0.575521 0.054167 0.036458
0 0.160417 0.858854 0.047917 0.046875
0 0.262500 0.285417 0.041667 0.025000
0 0.689583 0.243750 0.047917 0.033333
0 0.120833 0.140625 0.045833 0.027083
0 0.893229 0.697917 0.021875 0.037500
0 0.139063 0.715625 0.032292 0.043750
0 0.212500 0.388021 0.045833 0.034375
0 0.168750 0.768229 0.050000 0.042708
0 0.850521 0.589583 0.032292 0.039583
0 0.901042 0.713542 0.031250 0.050000
0 0.906250 0.324479 0.039583 0.036458
0 0.607292 0.936979 0.050000 0.038542
0 0.817708 0.123958 0.050000 0.031250
0 0.860938 0.627604 0.046875 0.023958
0 0.475000 0.944271 0.047917 0.046875
0 0.095833 0.367708 0.037500 0.025000
0 0.260937 0.908854 0.038542 0.040625
0 0.219271 0.144792 0.034375 0.043750
0 0.941146 0.941667 0.048958 0.052083
0 0.360938 0.625521 0.044792 0.051042
0 0.416667 0.714583 0.035417 0.047917
0 0.902604 0.915104 0.040625 0.030208
0 0.289062 0.530729 0.038542 0.046875
0 0.917188 0.347917 0.038542 0.022917
0 0.719271 0.453646 0.053125 0.034375
0 0.140625 0.073438 0.039583 0.036458
0 0.936979 0.814063 0.044792 0.042708
0 0.548958 0.187500 0.041667 0.037500
0 0.451562 0.376563 0.048958 0.034375
0 0.553125 0.492708 0.039583 0.022917
0 0.625521 0.290625 0.042708 0.037500
0 0.494271 0.651042 0.038542 0.043750
0 0.744792 0.431771 0.050000 0.034375
0 0.682292 0.283333 0.018750 0.035417
0 0.871354 0.252604 0.036458 0.040625
0 0.271354 0.920312 0.040625 0.032292
0 0.572917 0.078646 0.033333 0.048958
0 0.356250 0.695833 0.039583 0.041667
0 0.580208 0.193750 0.037500 0.047917
0 0.848437 0.511458 0.051042 0.047917
0 0.914583 0.388542 0.037500 0.027083
0 0.452604 0.213542 0.040625 0.041667
0 0.780208 0.197917 0.037500 0.025000
0 0.812500 0.738021 0.054167 0.040625
0 0.239063 0.165104 0.032292 0.048958
0 0.547917 0.178646 0.043750 0.042708
0 0.872396 0.258854 0.038542 0.046875
0 0.746354 0.516146 0.038542 0.051042
0 0.720313 0.736979 0.051042 0.044792
0 0.686979 0.924479 0.036458 0.046875
0 0.759896 0.343229 0.030208 0.040625
0 0.164062 0.111979 0.055208 0.038542
0 0.738021 0.922396 0.044792 0.026042
0 0.248438 0.619271 0.048958 0.048958
0 0.958854 0.930208 0.044792 0.022917
0 0.080729 0.739583 0.034375 0.039583
0 0.661458 0.908854 0.050000 0.053125
0 0.386979 0.682813 0.026042 0.040625
0 0.884896 0.125521 0.026042 0.044792
0 0.579167 0.493750 0.033333 0.037500
0 0.161979 0.743750 0.053125 0.043750
0 0.623437 0.856250 0.038542 0.033333
0 0.071875 0.356250 0.035417 0.037500
0 0.194792 0.801562 0.033333 0.053125
0 0.605729 0.091667 0.046875 0.045833
0 0.179167 0.211458 0.016667 0.033333
0 0.750521 0.096354 0.032292 0.048958
0 0.451042 0.628125 0.050000 0.029167
0 0.303646 0.121354 0.051042 0.038542
0 0.486979 0.865104 0.051042 0.044792
0 0.246354 0.076042 0.042708 0.029167
0 0.521354 0.233854 0.040625 0.036458
0 0.869792 0.527083 0.045833 0.052083
0 0.185938 0.426042 0.038542 0.033333
0 0.827083 0.543229 0.027083 0.042708
0 0.390625 0.414583 0.022917 0.039583
0 0.543229 0.629687 0.048958 0.048958
0 0.675000 0.558854 0.039583 0.030208
0 0.175521 0.355208 0.032292 0.039583
0 0.457813 0.842708 0.021875 0.039583
0 0.276562 0.733854 0.048958 0.028125
0 0.719271 0.765104 0.038542 0.019792
0 0.226562 0.839583 0.053125 0.035417
0 0.174479 0.316146 0.051042 0.028125
0 0.444271 0.568750 0.046875 0.052083
0 0.194792 0.855208 0.047917 0.025000
0 0.855208 0.638542 0.029167 0.050000
0 0.113542 0.175521 0.039583 0.030208
0 0.386458 0.563542 0.039583 0.022917
0 0.302604 0.605729 0.051042 0.028125
0 0.311979 0.427083 0.036458 0.037500
0 0.448437 0.412500 0.036458 0.037500
0 0.904167 0.926042 0.033333 0.037500
0 0.703125 0.626563 0.050000 0.042708
0 0.918750 0.923438 0.018750 0.038542
0 0.444792 0.527604 0.020833 0.038542
0 0.222396 0.629167 0.038542 0.027083
0 0.683333 0.546875 0.047917 0.041667
0 0.946354 0.502604 0.046875 0.055208
0 0.650000 0.754687 0.045833 0.036458
0 0.321875 0.385417 0.037500 0.031250
0 0.578125 0.600521 0.052083 0.053125
0 0.947917 0.150521 0.047917 0.046875
0 0.373437 0.110937 0.040625 0.038542
0 0.231250 0.469271 0.039583 0.048958
0 0.728125 0.298438 0.037500 0.044792
0 0.595833 0.889583 0.041667 0.025000
0 0.356771 0.302604 0.040625 0.032292
0 0.545833 0.666146 0.050000 0.042708
0 0.684375 0.684375 0.037500 0.047917
0 0.638021 0.218750 0.038542 0.033333
0 0.306250 0.885938 0.039583 0.019792
0 0.681250 0.536979 0.045833 0.023958
0 0.105729 0.765625 0.038542 0.043750
0 0.727604 0.321354 0.019792 0.038542
0 0.436979 0.780208 0.048958 0.041667
0 0.710938 0.565104 0.048958 0.046875
0 0.840625 0.265104 0.045833 0.028125
0 0.596354 0.095312 0.055208 0.036458
0 0.088542 0.947917 0.035417 0.037500
0 0.078125 0.125000 0.043750 0.033333
0 0.717187 0.326042 0.032292 0.043750
0 0.289583 0.398438 0.039583 0.038542
0 0.552604 0.556771 0.051042 0.055208
0 0.916146 0.247396 0.055208 0.048958
0 0.120313 0.454688 0.044792 0.040625
0 0.549479 0.551042 0.048958 0.035417
0 0.358854 0.680208 0.038542 0.047917
0 0.872396 0.507292 0.036458 0.043750
0 0.151042 0.440625 0.052083 0.037500
0 0.813542 0.285938 0.039583 0.030208
0 0.113021 0.891667 0.042708 0.047917
0 0.598437 0.663021 0.032292 0.044792
0 0.879687 0.424479 0.036458 0.040625
0 0.554688 0.602604 0.021875 0.038542
0 0.200521 0.248438 0.038542 0.046875
0 0.222396 0.250521 0.051042 0.038542
0 0.084896 0.882292 0.046875 0.031250
0 0.407292 0.091667 0.043750 0.037500
0 0.314583 0.245312 0.039583 0.034375
0 0.789583 0.184896 0.045833 0.048958
0 0.416667 0.711458 0.033333 0.037500
0 0.271875 0.948958 0.037500 0.027083
0 0.440104 0.555208 0.042708 0.033333
0 0.653646 0.102083 0.044792 0.052083
0 0.585417 0.416146 0.039583 0.032292
0 0.686979 0.891146 0.040625 0.023958
0 0.341667 0.843750 0.050000 0.029167
0 0.436979 0.228646 0.055208 0.038542
0 0.192708 0.964063 0.043750 0.042708
0 0.902083 0.788021 0.039583 0.026042
0 0.577604 0.357812 0.040625 0.028125
0 0.642708 0.515625 0.043750 0.031250
0 0.271354 0.781771 0.026042 0.046875
0 0.756771 0.376563 0.034375 0.040625
0 0.261458 0.670312 0.054167 0.048958
0 0.379167 0.466667 0.041667 0.039583
0 0.940104 0.837500 0.048958 0.052083
0 0.916667 0.954688 0.035417 0.044792
0 0.618750 0.377083 0.052083 0.035417
0 0.464062 0.424479 0.040625 0.044792
0 0.065104 0.720313 0.019792 0.038542
0 0.950000 0.221354 0.025000 0.042708
0 0.667188 0.380208 0.030208 0.047917
0 0.958854 0.506771 0.055208 0.040625
0 0.150521 0.878125 0.046875 0.027083
0 0.206250 0.816146 0.045833 0.048958
0 0.658854 0.686458 0.038542 0.047917
0 0.633333 0.377604 0.045833 0.032292
0 0.100521 0.686979 0.032292 0.044792
0 0.257812 0.829688 0.055208 0.040625
0 0.772917 0.345313 0.054167 0.042708
0 0.686979 0.486979 0.038542 0.046875
0 0.240625 0.620313 0.020833 0.038542
0 0.957292 0.321354 0.039583 0.036458
0 0.563021 0.645833 0.040625 0.052083
0 0.550000 0.594792 0.031250 0.037500
0 0.468750 0.867188 0.039583 0.048958
0 0.753125 0.668229 0.045833 0.036458
0 0.824479 0.239063 0.042708 0.051042
0 0.651563 0.411979 0.046875 0.048958
0 0.887500 0.696875 0.052083 0.045833
0 0.627083 0.665625 0.045833 0.052083
0 0.548438 0.770312 0.040625 0.030208
0 0.672396 0.696354 0.040625 0.026042
0 0.884896 0.298438 0.040625 0.026042
0 0.470313 0.560417 0.042708 0.039583
0 0.935417 0.098958 0.043750 0.045833
0 0.483333 0.904687 0.043750 0.048958
0 0.633854 0.752083 0.026042 0.039583
0 0.505208 0.119792 0.027083 0.037500
0 0.942708 0.445833 0.039583 0.041667
0 0.360938 0.079167 0.023958 0.041667
0 0.320312 0.752083 0.038542 0.043750
0 0.694271 0.513542 0.030208 0.043750
0 0.166667 0.255208 0.041667 0.047917
0 0.406250 0.922396 0.041667 0.044792
0 0.163542 0.841146 0.050000 0.036458
0 0.398438 0.604167 0.030208 0.050000
0 0.829688 0.278125 0.038542 0.031250
0 0.457813 0.571354 0.030208 0.048958
0 0.598958 0.941667 0.052083 0.043750
0 0.376563 0.813542 0.046875 0.033333
0 0.232813 0.389583 0.044792 0.033333
0 0.796354 0.226562 0.038542 0.019792
0 0.147917 0.664583 0.020833 0.039583
0 0.140104 0.211458 0.038542 0.033333
0 0.071354 0.217708 0.036458 0.018750
0 0.237500 0.297917 0.039583 0.041667
0 0.541667 0.692187 0.054167 0.038542
0 0.318750 0.092708 0.020833 0.039583
0 0.619792 0.935417 0.033333 0.047917
0 0.371875 0.159896 0.045833 0.036458
0 0.932292 0.090104 0.039583 0.048958
0 0.390625 0.626563 0.047917 0.055208
0 0.396875 0.383333 0.041667 0.031250
0 0.218750 0.339062 0.045833 0.048958
0 0.870833 0.177083 0.041667 0.047917
0 0.907292 0.497917 0.035417 0.022917
0 0.568750 0.219271 0.025000 0.044792
0 0.748437 0.614583 0.046875 0.043750
0 0.148438 0.776563 0.046875 0.048958
0 0.504167 0.147396 0.027083 0.051042
0 0.705729 0.881250 0.042708 0.039583
0 0.113021 0.558333 0.023958 0.037500
0 0.393229 0.398958 0.036458 0.018750
0 0.160417 0.123438 0.043750 0.048958
0 0.213542 0.935417 0.039583 0.041667
0 0.887500 0.179688 0.039583 0.038542
0 0.536979 0.274479 0.040625 0.030208
0 0.333854 0.918750 0.051042 0.050000
0 0.618229 0.729167 0.040625 0.052083
0 0.385937 0.321354 0.042708 0.044792
0 0.235417 0.514062 0.047917 0.032292
0 0.845313 0.536979 0.028125 0.040625
0 0.952083 0.139583 0.047917 0.037500
0 0.376563 0.659375 0.051042 0.050000
0 0.560417 0.620833 0.020833 0.035417
0 0.542188 0.465625 0.032292 0.039583
0 0.721875 0.088021 0.025000 0.042708
0 0.665104 0.301042 0.042708 0.033333
0 0.515625 0.931250 0.037500 0.052083
0 0.202604 0.198437 0.051042 0.044792
0 0.121875 0.093229 0.027083 0.046875
0 0.764062 0.302083 0.044792 0.047917
0 0.508333 0.702604 0.052083 0.032292
0 0.691146 0.097917 0.053125 0.039583
0 0.530208 0.694792 0.047917 0.027083
0 0.501563 0.929688 0.046875 0.038542
0 0.096354 0.214583 0.040625 0.022917
0 0.895312 0.191667 0.021875 0.037500
0 0.347396 0.416667 0.040625 0.054167
0 0.762500 0.269271 0.039583 0.030208
0 0.339062 0.333854 0.036458 0.046875
0 0.202604 0.247396 0.044792 0.055208
0 0.211458 0.790625 0.052083 0.043750
0 0.382812 0.679167 0.021875 0.039583
0 0.114583 0.359896 0.039583 0.038542
0 0.694792 0.508854 0.043750 0.048958
0 0.963021 0.752604 0.051042 0.053125
0 0.542708 0.627604 0.039583 0.032292
0 0.743229 0.448958 0.038542 0.025000
0 0.171354 0.909896 0.038542 0.046875
0 0.326042 0.132812 0.020833 0.040625
0 0.735938 0.106771 0.044792 0.040625
0 0.534375 0.370833 0.050000 0.029167
0 0.347917 0.267188 0.020833 0.036458
0 0.665104 0.515104 0.046875 0.034375
0 0.116146 0.604688 0.036458 0.040625
0 0.758854 0.269271 0.042708 0.051042
0 0.294271 0.232813 0.028125 0.044792
0 0.334896 0.164583 0.051042 0.050000
0 0.215625 0.803125 0.052083 0.045833
0 0.894271 0.521354 0.030208 0.044792
0 0.451042 0.493229 0.054167 0.036458
0 0.388021 0.665625 0.028125 0.039583
0 0.386979 0.894792 0.051042 0.033333
0 0.672917 0.641146 0.050000 0.042708
0 0.309375 0.557292 0.035417 0.018750
0 0.837500 0.823958 0.020833 0.035417
0 0.903646 0.800521 0.034375 0.040625
0 0.760417 0.804167 0.035417 0.037500
0 0.806771 0.182292 0.042708 0.020833
0 0.479687 0.660417 0.044792 0.033333
0 0.507292 0.757812 0.047917 0.030208
0 0.886979 0.150521 0.042708 0.023958
0 0.749479 0.674479 0.044792 0.044792
0 0.281771 0.629687 0.026042 0.044792
0 0.599479 0.408854 0.040625 0.034375
0 0.846354 0.893750 0.034375 0.052083
0 0.843750 0.874479 0.035417 0.040625
0 0.269792 0.471875 0.041667 0.025000
0 0.306250 0.385417 0.043750 0.052083
0 0.508333 0.597917 0.031250 0.045833
0 0.126042 0.769271 0.054167 0.046875
0 0.855208 0.360417 0.029167 0.041667
0 0.802083 0.838542 0.041667 0.052083
0 0.386979 0.663542 0.038542 0.052083
0 0.883854 0.919792 0.048958 0.041667
0 0.942708 0.377604 0.045833 0.034375
0 0.380729 0.551562 0.053125 0.032292
0 0.384375 0.629687 0.031250 0.051042
0 0.607812 0.869792 0.044792 0.035417
0 0.342708 0.729688 0.045833 0.040625
0 0.141667 0.443229 0.045833 0.048958
0 0.963542 0.209375 0.050000 0.031250
0 0.402604 0.709896 0.028125 0.044792
0 0.506250 0.144792 0.025000 0.041667
0 0.889583 0.392708 0.016667 0.033333
0 0.832292 0.700000 0.018750 0.035417
0 0.768229 0.676562 0.032292 0.048958
0 0.725521 0.260937 0.034375 0.048958
0 0.525521 0.811458 0.038542 0.022917
0 0.645312 0.876563 0.036458 0.051042
0 0.468750 0.958333 0.022917 0.037500
0 0.596875 0.550000 0.045833 0.027083
0 0.879687 0.935937 0.040625 0.051042
0 0.478646 0.812500 0.042708 0.047917
0 0.766667 0.317708 0.025000 0.039583
0 0.357292 0.260417 0.043750 0.035417
0 0.640104 0.345833 0.044792 0.045833
0 0.721354 0.303646 0.044792 0.028125
0 0.702604 0.594792 0.038542 0.025000
0 0.465625 0.592708 0.047917 0.037500
0 0.094792 0.960938 0.050000 0.040625
0 0.439063 0.084375 0.042708 0.047917
0 0.833854 0.944271 0.046875 0.026042
0 0.118229 0.405729 0.030208 0.044792
0 0.919792 0.382812 0.039583 0.053125
0 0.299479 0.769792 0.040625 0.025000
0 0.766667 0.264062 0.029167 0.040625
0 0.752083 0.485417 0.035417 0.020833
0 0.905729 0.940104 0.026042 0.044792
0 0.172396 0.652604 0.034375 0.048958
0 0.681771 0.669271 0.032292 0.048958
0 0.118750 0.669271 0.039583 0.028125
0 0.567708 0.175000 0.043750 0.022917
0 0.946875 0.664583 0.050000 0.029167
0 0.668229 0.785937 0.051042 0.034375
0 0.070312 0.532813 0.030208 0.044792
0 0.939583 0.952083 0.047917 0.035417
0 0.235417 0.204687 0.050000 0.044792
0 0.938542 0.578646 0.045833 0.055208
0 0.202604 0.447917 0.053125 0.039583