0 0.681771 0.545833 0.042708 0.027083
0 0.370833 0.180208 0.043750 0.045833
0 0.188542 0.963542 0.043750 0.035417
0 0.204687 0.822396 0.042708 0.021875
0 0.514062 0.191146 0.055208 0.051042
0 0.106250 0.540104 0.047917 0.046875
0 0.844792 0.142187 0.043750 0.042708
0 0.085417 0.584896 0.050000 0.038542
0 0.736979 0.346354 0.048958 0.028125
0 0.383854 0.805208 0.053125 0.041667
0 0.691146 0.257812 0.034375 0.046875
0 0.859896 0.806250 0.040625 0.043750
0 0.613542 0.273958 0.045833 0.052083
0 0.427083 0.468229 0.039583 0.038542
0 0.123958 0.958333 0.029167 0.045833
0 0.384375 0.613542 0.041667 0.027083
0 0.221354 0.157812 0.023958 0.042708
0 0.227604 0.530208 0.046875 0.045833
0 0.169271 0.519792 0.042708 0.025000
0 0.325521 0.221354 0.051042 0.042708
0 0.158333 0.277083 0.031250 0.041667
0 0.639583 0.347396 0.022917 0.038542
0 0.522396 0.894271 0.038542 0.019792
0 0.490104 0.349479 0.044792 0.055208
0 0.142708 0.105208 0.027083 0.041667
0 0.893229 0.205208 0.044792 0.052083
0 0.684896 0.385417 0.051042 0.033333
0 0.513021 0.243229 0.023958 0.042708
0 0.821875 0.293229 0.041667 0.055208
0 0.896354 0.964583 0.053125 0.039583
0 0.245833 0.427604 0.045833 0.038542
0 0.750521 0.573958 0.046875 0.052083
0 0.614583 0.791146 0.039583 0.036458
0 0.528646 0.740625 0.023958 0.043750
0 0.280729 0.423438 0.040625 0.028125
0 0.950000 0.280208 0.041667 0.047917
0 0.655208 0.959375 0.035417 0.043750
0 0.328646 0.464062 0.034375 0.046875
0 0.596875 0.481250 0.020833 0.035417
0 0.888021 0.552604 0.030208 0.044792
0 0.742188 0.953646 0.051042 0.034375
0 0.621875 0.435937 0.045833 0.032292
0 0.203646 0.109375 0.046875 0.031250
0 0.128646 0.902604 0.038542 0.040625
0 0.719271 0.448958 0.042708 0.029167
0 0.227604 0.420312 0.040625 0.028125
0 0.518750 0.727604 0.020833 0.038542
0 0.644271 0.410938 0.040625 0.036458
0 0.713542 0.645833 0.039583 0.041667
0 0.393229 0.776042 0.036458 0.022917
0 0.953125 0.399479 0.052083 0.030208
0 0.540625 0.458333 0.052083 0.045833
0 0.668229 0.688542 0.034375 0.047917
0 0.313542 0.465104 0.031250 0.040625
0 0.730729 0.646354 0.034375 0.046875
0 0.637500 0.368750 0.041667 0.039583
0 0.819271 0.689063 0.034375 0.046875
0 0.716146 0.779167 0.044792 0.047917
0 0.944271 0.953125 0.040625 0.047917
0 0.311458 0.731250 0.047917 0.041667
0 0.333333 0.337500 0.047917 0.041667
0 0.313021 0.869271 0.046875 0.034375
0 0.348958 0.573438 0.035417 0.053125
0 0.826042 0.744271 0.035417 0.044792
0 0.453125 0.763021 0.020833 0.036458
0 0.293229 0.164062 0.055208 0.040625
0 0.342708 0.165104 0.043750 0.042708
0 0.741146 0.610938 0.040625 0.044792
0 0.473438 0.557292 0.034375 0.016667
0 0.156250 0.317708 0.037500 0.041667
0 0.171875 0.380208 0.031250 0.045833
0 0.915104 0.759375 0.053125 0.035417
0 0.754687 0.380208 0.044792 0.033333
0 0.703646 0.931771 0.046875 0.032292
0 0.196875 0.403646 0.037500 0.044792
0 0.144271 0.898958 0.051042 0.050000
0 0.210938 0.894792 0.046875 0.031250
0 0.899479 0.811979 0.051042 0.028125
0 0.322396 0.200000 0.040625 0.054167
0 0.695833 0.853646 0.052083 0.051042
0 0.429688 0.611979 0.040625 0.036458
0 0.757812 0.292187 0.034375 0.051042
0 0.204167 0.304167 0.045833 0.045833
0 0.677083 0.529687 0.035417 0.044792
0 0.917708 0.718750 0.037500 0.022917
0 0.706771 0.785937 0.044792 0.051042
0 0.417187 0.959896 0.036458 0.051042
0 0.697396 0.457292 0.051042 0.050000
0 0.518229 0.759896 0.042708 0.051042
0 0.769792 0.320312 0.033333 0.048958
0 0.288542 0.714583 0.050000 0.031250
0 0.494271 0.381771 0.044792 0.030208
0 0.767188 0.797917 0.048958 0.037500
0 0.534896 0.344271 0.023958 0.042708
0 0.586458 0.318750 0.052083 0.039583
0 0.096875 0.542708 0.035417 0.037500
0 0.567708 0.430208 0.031250 0.050000
0 0.736458 0.457292 0.035417 0.018750
0 0.625000 0.381771 0.031250 0.044792
0 0.492708 0.409896 0.037500 0.040625
0 0.083854 0.701042 0.036458 0.043750
0 0.339062 0.680208 0.038542 0.033333
0 0.672917 0.358333 0.037500 0.025000
0 0.136979 0.697396 0.040625 0.032292
0 0.136458 0.943229 0.025000 0.044792
0 0.356250 0.192188 0.039583 0.044792
0 0.477604 0.211979 0.036458 0.051042
0 0.784375 0.739062 0.025000 0.044792
0 0.185417 0.900000 0.033333 0.037500
0 0.408854 0.517188 0.040625 0.028125
0 0.742708 0.342708 0.029167 0.050000
0 0.432292 0.880208 0.029167 0.045833
0 0.916667 0.882812 0.043750 0.055208
0 0.796354 0.969271 0.032292 0.053125
0 0.900521 0.646875 0.048958 0.025000
0 0.185938 0.719792 0.051042 0.050000
0 0.575000 0.171354 0.035417 0.040625
0 0.858333 0.476042 0.052083 0.039583
0 0.098958 0.528646 0.052083 0.051042
0 0.678646 0.790625 0.038542 0.033333
0 0.343229 0.348958 0.030208 0.047917
0 0.207292 0.582812 0.041667 0.032292
0 0.837500 0.115104 0.050000 0.026042
0 0.888021 0.224479 0.051042 0.040625
0 0.935417 0.795833 0.027083 0.047917
0 0.689583 0.964583 0.035417 0.047917
0 0.322917 0.257812 0.041667 0.021875
0 0.300000 0.323958 0.027083 0.037500
0 0.175521 0.309375 0.044792 0.045833
0 0.316667 0.255208 0.045833 0.043750
0 0.315104 0.787500 0.044792 0.052083
0 0.859375 0.909375 0.029167 0.045833
0 0.725000 0.480729 0.039583 0.048958
0 0.559375 0.304688 0.039583 0.034375
0 0.453646 0.965625 0.034375 0.047917
0 0.791667 0.881250 0.052083 0.045833
0 0.744271 0.667188 0.044792 0.051042
0 0.796354 0.684375 0.038542 0.035417
0 0.721354 0.358854 0.032292 0.044792
0 0.600000 0.248958 0.047917 0.037500
0 0.116146 0.415104 0.040625 0.023958
0 0.546875 0.774479 0.039583 0.036458
0 0.207292 0.889583 0.047917 0.052083
0 0.539583 0.716667 0.043750 0.035417
0 0.587500 0.410938 0.039583 0.038542
0 0.205729 0.191146 0.038542 0.021875
0 0.634896 0.093229 0.023958 0.042708
0 0.571875 0.930729 0.039583 0.026042
0 0.617188 0.168750 0.042708 0.047917
0 0.742708 0.948958 0.031250 0.037500
0 0.521875 0.750000 0.037500 0.018750
0 0.394271 0.821354 0.051042 0.026042
0 0.955729 0.563542 0.053125 0.045833
0 0.651563 0.546354 0.053125 0.051042
0 0.773438 0.632812 0.023958 0.040625
0 0.158333 0.404687 0.035417 0.048958
0 0.084375 0.728646 0.039583 0.048958
0 0.830208 0.490104 0.035417 0.044792
0 0.782292 0.933333 0.039583 0.047917
0 0.129167 0.377083 0.035417 0.020833
0 0.932292 0.583333 0.037500 0.029167
0 0.523438 0.125000 0.044792 0.022917
0 0.185938 0.175000 0.051042 0.050000
0 0.833333 0.769271 0.035417 0.044792
0 0.698958 0.094271 0.045833 0.023958
0 0.543229 0.439583 0.040625 0.054167
0 0.192708 0.118750 0.022917 0.037500
0 0.723437 0.544271 0.048958 0.032292
0 0.325000 0.135937 0.031250 0.044792
0 0.923958 0.151042 0.041667 0.029167
0 0.958333 0.613542 0.025000 0.041667
0 0.803125 0.241146 0.047917 0.046875
0 0.341146 0.202604 0.053125 0.034375
0 0.326042 0.498437 0.047917 0.046875
0 0.928646 0.105729 0.038542 0.046875
0 0.579167 0.839583 0.047917 0.050000
0 0.931250 0.276562 0.027083 0.046875
0 0.882812 0.253646 0.055208 0.040625
0 0.838542 0.622396 0.050000 0.034375
0 0.719792 0.840104 0.039583 0.026042
0 0.154688 0.882292 0.038542 0.033333
0 0.721875 0.454167 0.037500 0.035417
0 0.364063 0.625521 0.040625 0.038542
0 0.511979 0.407292 0.034375 0.052083
0 0.462500 0.670833 0.029167 0.037500
0 0.265625 0.749479 0.043750 0.055208
0 0.704167 0.762500 0.022917 0.045833
0 0.408333 0.738021 0.041667 0.055208
0 0.360938 0.623958 0.048958 0.035417
0 0.257292 0.654167 0.027083 0.045833
0 0.440104 0.084896 0.038542 0.038542
0 0.085417 0.719792 0.047917 0.041667
0 0.783854 0.634375 0.038542 0.047917
0 0.481250 0.800000 0.037500 0.033333
0 0.280208 0.132292 0.045833 0.045833
0 0.761979 0.334375 0.028125 0.043750
0 0.796354 0.779167 0.044792 0.052083
0 0.898958 0.759896 0.039583 0.044792
0 0.523958 0.139583 0.041667 0.047917
0 0.252604 0.213021 0.038542 0.046875
0 0.567187 0.200000 0.030208 0.039583
0 0.455729 0.120313 0.023958 0.042708
0 0.555729 0.399479 0.032292 0.053125
0 0.884896 0.921354 0.040625 0.038542
0 0.767708 0.927083 0.029167 0.037500
0 0.074479 0.852083 0.042708 0.037500
0 0.735417 0.734896 0.020833 0.038542
0 0.400521 0.906771 0.028125 0.040625
0 0.189583 0.108854 0.039583 0.028125
0 0.921875 0.311979 0.029167 0.044792
0 0.634375 0.355208 0.037500 0.041667
0 0.267708 0.171354 0.027083 0.040625
0 0.303125 0.389062 0.041667 0.055208
0 0.507812 0.667188 0.044792 0.028125
0 0.684896 0.389062 0.046875 0.034375
0 0.257812 0.284375 0.042708 0.027083
0 0.254167 0.296354 0.054167 0.044792
0 0.151042 0.608333 0.050000 0.047917
0 0.938021 0.499479 0.023958 0.042708
0 0.568229 0.277604 0.040625 0.032292
0 0.123438 0.502083 0.048958 0.039583
0 0.247396 0.297396 0.042708 0.044792
0 0.612500 0.473438 0.033333 0.044792
0 0.620833 0.844792 0.050000 0.047917
0 0.158333 0.795312 0.031250 0.051042
0 0.394271 0.768750 0.038542 0.018750
0 0.703646 0.211979 0.046875 0.038542
0 0.874479 0.298958 0.038542 0.027083
0 0.358333 0.412500 0.035417 0.037500
0 0.621354 0.195833 0.053125 0.045833
0 0.707812 0.547917 0.038542 0.052083
0 0.775521 0.479687 0.055208 0.040625
0 0.164583 0.098437 0.047917 0.046875
0 0.795833 0.438542 0.050000 0.050000
0 0.211979 0.736458 0.034375 0.043750
0 0.464062 0.571875 0.026042 0.039583
0 0.172917 0.310937 0.033333 0.040625
0 0.884375 0.125521 0.041667 0.042708
0 0.689583 0.654687 0.054167 0.036458
0 0.163021 0.418229 0.023958 0.040625
0 0.858333 0.944271 0.054167 0.044792
0 0.771875 0.644792 0.043750 0.031250
0 0.872917 0.895312 0.047917 0.030208
0 0.325521 0.637500 0.032292 0.052083
0 0.741146 0.861458 0.051042 0.050000
0 0.484375 0.159375 0.039583 0.022917
0 0.311979 0.279687 0.042708 0.051042
0 0.359375 0.421875 0.045833 0.052083
0 0.216667 0.914062 0.045833 0.032292
0 0.503646 0.792188 0.051042 0.055208
0 0.579688 0.137500 0.038542 0.033333
0 0.574479 0.963021 0.044792 0.048958
0 0.855729 0.446354 0.040625 0.036458
0 0.213021 0.279687 0.046875 0.048958
0 0.502604 0.475521 0.042708 0.051042
0 0.492188 0.616146 0.038542 0.038542
0 0.106250 0.619271 0.039583 0.023958
0 0.551042 0.584896 0.020833 0.038542
0 0.274479 0.559375 0.044792 0.047917
0 0.723958 0.956250 0.035417 0.037500
0 0.271875 0.471354 0.050000 0.028125
0 0.122396 0.828125 0.048958 0.052083
0 0.094792 0.208854 0.039583 0.034375
0 0.663542 0.200521 0.047917 0.032292
0 0.841146 0.354167 0.046875 0.029167
0 0.313542 0.630208 0.037500 0.029167
0 0.168229 0.919271 0.051042 0.044792
0 0.405208 0.186458 0.041667 0.047917
0 0.202604 0.342187 0.051042 0.040625
0 0.384375 0.514583 0.047917 0.033333
0 0.899479 0.819271 0.040625 0.030208
0 0.208333 0.716667 0.043750 0.045833
0 0.893229 0.217188 0.038542 0.055208
0 0.745833 0.396354 0.045833 0.032292
0 0.340625 0.452083 0.035417 0.052083
0 0.342187 0.436979 0.044792 0.026042
0 0.320312 0.669792 0.048958 0.052083
0 0.191667 0.649479 0.041667 0.044792
0 0.844271 0.397396 0.046875 0.048958
0 0.841667 0.503125 0.047917 0.037500
0 0.086458 0.263542 0.025000 0.041667
0 0.405208 0.531771 0.018750 0.038542
0 0.306250 0.678646 0.045833 0.055208
0 0.356250 0.864062 0.043750 0.048958
0 0.317188 0.907292 0.053125 0.039583
0 0.371354 0.930729 0.028125 0.040625