0 0.409896 0.516667 0.023958 0.041667
0 0.356771 0.118229 0.051042 0.036458
0 0.667188 0.545833 0.030208 0.039583
0 0.105208 0.385937 0.045833 0.038542
0 0.287500 0.590104 0.029167 0.044792
0 0.270313 0.756250 0.040625 0.047917
0 0.350000 0.350000 0.041667 0.025000
0 0.857812 0.369792 0.042708 0.039583
0 0.220312 0.440625 0.042708 0.039583
0 0.095312 0.691146 0.023958 0.040625
0 0.554167 0.380729 0.054167 0.044792
0 0.438542 0.497917 0.041667 0.025000
0 0.240104 0.880729 0.051042 0.026042
0 0.745833 0.432812 0.033333 0.053125
0 0.819792 0.832292 0.033333 0.052083
0 0.344271 0.247917 0.051042 0.033333
0 0.905208 0.689063 0.054167 0.048958
0 0.446875 0.671354 0.022917 0.040625
0 0.573958 0.913542 0.045833 0.043750
0 0.902083 0.531771 0.041667 0.042708
0 0.143750 0.301042 0.047917 0.052083
0 0.343750 0.126042 0.037500 0.035417
0 0.229167 0.860417 0.035417 0.037500
0 0.076042 0.484375 0.041667 0.031250
0 0.118750 0.513021 0.054167 0.040625
0 0.546354 0.520833 0.051042 0.050000
0 0.358333 0.604688 0.045833 0.026042
0 0.137500 0.625000 0.033333 0.043750
0 0.537500 0.856250 0.035417 0.052083
0 0.853646 0.248958 0.030208 0.050000
0 0.902604 0.593229 0.030208 0.040625
0 0.639583 0.740104 0.043750 0.021875
0 0.298438 0.853125 0.032292 0.047917
0 0.534896 0.734375 0.044792 0.033333
0 0.473438 0.589583 0.040625 0.052083
0 0.481250 0.583854 0.045833 0.038542
0 0.232292 0.541146 0.047917 0.032292
0 0.253125 0.403125 0.047917 0.050000
0 0.277083 0.400521 0.045833 0.048958
0 0.241667 0.544792 0.047917 0.052083
0 0.708333 0.489063 0.039583 0.044792
0 0.221875 0.448437 0.050000 0.053125
0 0.751042 0.468750 0.041667 0.039583
0 0.115104 0.495833 0.051042 0.050000
0 0.179167 0.156771 0.045833 0.055208
0 0.648958 0.453646 0.050000 0.040625
0 0.094271 0.841146 0.038542 0.040625
0 0.698438 0.629167 0.038542 0.031250
0 0.789062 0.420833 0.038542 0.043750
0 0.709375 0.955729 0.050000 0.053125
0 0.662500 0.536458 0.039583 0.041667
0 0.598958 0.150000 0.033333 0.047917
0 0.350521 0.109375 0.044792 0.035417
0 0.438021 0.231771 0.038542 0.040625
0 0.810937 0.784896 0.038542 0.040625
0 0.577083 0.923438 0.037500 0.040625
0 0.786979 0.161979 0.034375 0.040625
0 0.350521 0.680208 0.042708 0.041667
0 0.940104 0.223958 0.032292 0.052083
0 0.387500 0.197396 0.050000 0.038542
0 0.777604 0.902083 0.038542 0.031250
0 0.811979 0.098437 0.023958 0.040625
0 0.335417 0.928646 0.025000 0.042708
0 0.161979 0.079687 0.048958 0.032292
0 0.222396 0.155729 0.034375 0.046875
0 0.446354 0.739062 0.051042 0.036458
0 0.352604 0.457813 0.046875 0.038542
0 0.856250 0.463021 0.027083 0.046875
0 0.378125 0.192708 0.050000 0.047917
0 0.256250 0.589583 0.050000 0.047917
0 0.295312 0.521354 0.019792 0.038542
0 0.612500 0.793750 0.035417 0.020833
0 0.264583 0.375521 0.047917 0.053125
0 0.605208 0.675521 0.054167 0.040625
0 0.353125 0.082292 0.052083 0.039583
0 0.305208 0.430729 0.050000 0.044792
0 0.905208 0.756771 0.031250 0.040625
0 0.488542 0.793229 0.039583 0.032292
0 0.695312 0.094271 0.044792 0.032292
0 0.904167 0.469792 0.041667 0.027083
0 0.392708 0.716667 0.035417 0.043750
0 0.756250 0.510938 0.054167 0.051042
0 0.613021 0.872396 0.036458 0.046875
0 0.240104 0.182812 0.055208 0.051042
0 0.954688 0.218750 0.036458 0.037500
0 0.944792 0.073958 0.037500 0.031250
0 0.289062 0.586458 0.044792 0.033333
0 0.394792 0.689063 0.039583 0.023958
0 0.298958 0.462500 0.050000 0.033333
0 0.201042 0.238021 0.047917 0.030208
0 0.945833 0.823438 0.045833 0.038542
0 0.358854 0.852604 0.040625 0.036458
0 0.856771 0.178125 0.048958 0.041667
0 0.894792 0.154688 0.025000 0.038542
0 0.258854 0.290104 0.026042 0.051042
0 0.727083 0.282813 0.045833 0.032292
0 0.883333 0.154167 0.031250 0.041667
0 0.293229 0.424479 0.055208 0.051042
0 0.908333 0.261979 0.020833 0.036458
0 0.104167 0.863542 0.052083 0.039583
0 0.271875 0.114062 0.033333 0.053125
0 0.163542 0.731771 0.031250 0.051042
0 0.907813 0.965104 0.038542 0.046875
0 0.903125 0.087500 0.047917 0.041667
0 0.298958 0.634896 0.039583 0.023958
0 0.373437 0.304688 0.034375 0.051042
0 0.568750 0.889583 0.029167 0.041667
0 0.653125 0.096875 0.037500 0.047917
0 0.128125 0.540104 0.027083 0.040625
0 0.709375 0.172917 0.027083 0.047917
0 0.215625 0.737500 0.045833 0.045833
0 0.230729 0.466146 0.051042 0.034375
0 0.183854 0.495312 0.055208 0.040625
0 0.958333 0.550521 0.029167 0.040625
0 0.767708 0.622917 0.039583 0.052083
0 0.166146 0.450000 0.040625 0.020833
0 0.765104 0.366146 0.048958 0.032292
0 0.788021 0.500521 0.051042 0.042708
0 0.778646 0.760417 0.034375 0.039583
0 0.422917 0.242188 0.043750 0.042708
0 0.537500 0.647396 0.039583 0.048958
0 0.836458 0.691667 0.020833 0.039583
0 0.151042 0.406250 0.033333 0.047917
0 0.550521 0.770833 0.042708 0.039583
0 0.217708 0.294792 0.052083 0.043750
0 0.514062 0.519271 0.048958 0.032292
0 0.779167 0.871354 0.029167 0.044792
0 0.897917 0.526563 0.052083 0.034375
0 0.610417 0.898958 0.045833 0.045833
0 0.870313 0.151042 0.044792 0.047917
0 0.506771 0.434375 0.021875 0.039583
0 0.869271 0.115625 0.044792 0.052083
0 0.589583 0.506771 0.043750 0.048958
0 0.238542 0.466667 0.041667 0.025000
0 0.793229 0.207813 0.038542 0.019792
0 0.116667 0.810417 0.043750 0.025000
0 0.275521 0.463021 0.051042 0.026042
0 0.539583 0.322396 0.025000 0.044792
0 0.201042 0.450000 0.039583 0.020833
0 0.644792 0.561979 0.047917 0.030208
0 0.605208 0.280729 0.039583 0.055208
0 0.525521 0.792188 0.038542 0.046875
0 0.438542 0.222917 0.037500 0.031250
0 0.726562 0.788021 0.040625 0.034375
0 0.159375 0.809896 0.047917 0.032292
0 0.376042 0.151562 0.027083 0.040625
0 0.496875 0.883333 0.031250 0.037500
0 0.542708 0.107813 0.027083 0.040625
0 0.103125 0.867188 0.054167 0.048958
0 0.458854 0.603125 0.042708 0.020833
0 0.571875 0.283854 0.027083 0.042708
0 0.444271 0.925000 0.036458 0.043750
0 0.839063 0.514583 0.051042 0.035417
0 0.453125 0.710417 0.037500 0.029167
0 0.714063 0.636458 0.021875 0.041667
0 0.592708 0.658333 0.033333 0.043750
0 0.882812 0.744792 0.038542 0.033333
0 0.430729 0.606250 0.040625 0.020833
0 0.393750 0.919271 0.035417 0.053125
0 0.909896 0.305208 0.046875 0.033333
0 0.461979 0.722396 0.030208 0.040625
0 0.944271 0.585417 0.021875 0.037500
0 0.971354 0.953646 0.053125 0.034375
0 0.347917 0.956771 0.043750 0.040625
0 0.843750 0.273958 0.037500 0.041667
0 0.462500 0.170833 0.037500 0.033333
0 0.594792 0.389583 0.047917 0.025000
0 0.841146 0.096354 0.044792 0.040625
0 0.733333 0.081250 0.052083 0.037500
0 0.556771 0.580729 0.038542 0.051042
0 0.842187 0.471354 0.040625 0.038542
0 0.233854 0.645833 0.040625 0.047917
0 0.807292 0.500000 0.035417 0.043750
0 0.559896 0.103646 0.048958 0.032292
0 0.460417 0.734375 0.050000 0.047917
0 0.893750 0.747917 0.039583 0.041667
0 0.400521 0.918229 0.046875 0.048958
0 0.281771 0.656771 0.019792 0.038542
0 0.556771 0.417708 0.038542 0.043750
0 0.426563 0.948438 0.028125 0.040625
0 0.852604 0.217708 0.042708 0.031250
0 0.929167 0.326562 0.039583 0.026042
0 0.231250 0.691667 0.027083 0.047917
0 0.231250 0.357292 0.041667 0.029167
0 0.122396 0.510938 0.053125 0.034375
0 0.219271 0.244271 0.048958 0.032292
0 0.325521 0.520833 0.038542 0.035417
0 0.798958 0.728646 0.043750 0.042708
0 0.181771 0.119792 0.051042 0.029167
0 0.337500 0.797396 0.045833 0.036458
0 0.942708 0.225521 0.037500 0.040625
0 0.123438 0.324479 0.019792 0.038542
0 0.224479 0.789062 0.040625 0.030208
0 0.838542 0.122396 0.025000 0.046875
0 0.120833 0.406250 0.050000 0.033333
0 0.754167 0.372396 0.050000 0.042708
0 0.296875 0.798438 0.039583 0.030208
0 0.418750 0.141146 0.031250 0.053125
0 0.916146 0.536458 0.053125 0.039583
0 0.610938 0.578646 0.021875 0.038542
0 0.411458 0.219271 0.054167 0.048958
0 0.245312 0.253125 0.026042 0.041667
0 0.929167 0.670833 0.041667 0.039583
0 0.932813 0.715625 0.053125 0.039583
0 0.957812 0.790625 0.028125 0.041667
0 0.575000 0.443229 0.041667 0.048958
0 0.156250 0.602083 0.037500 0.052083
0 0.250000 0.426563 0.027083 0.046875
0 0.799479 0.572396 0.042708 0.023958
0 0.657813 0.921354 0.040625 0.019792
0 0.478646 0.095833 0.042708 0.047917
0 0.959896 0.585938 0.051042 0.044792
0 0.529167 0.239583 0.047917 0.050000
0 0.293229 0.189062 0.044792 0.030208
0 0.084375 0.405208 0.031250 0.043750
0 0.860417 0.148958 0.041667 0.047917
0 0.372917 0.221354 0.041667 0.021875
0 0.969792 0.573438 0.045833 0.048958
0 0.686458 0.695312 0.039583 0.048958
0 0.688542 0.794271 0.039583 0.038542
0 0.843229 0.080208 0.040625 0.047917
0 0.582292 0.285417 0.029167 0.041667
0 0.361458 0.692187 0.047917 0.046875
0 0.399479 0.371354 0.046875 0.048958
0 0.887500 0.793229 0.039583 0.036458
0 0.831250 0.213542 0.037500 0.035417
0 0.435937 0.785417 0.053125 0.045833
0 0.273958 0.552604 0.054167 0.038542
0 0.354167 0.620833 0.033333 0.037500
0 0.491667 0.311979 0.039583 0.053125
0 0.185938 0.316667 0.038542 0.018750
0 0.728125 0.834896 0.022917 0.038542
0 0.877604 0.316667 0.042708 0.031250
0 0.736979 0.451042 0.051042 0.050000
0 0.196354 0.752083 0.044792 0.047917
0 0.298438 0.579167 0.040625 0.047917
0 0.621354 0.157292 0.038542 0.035417
0 0.556250 0.388021 0.025000 0.044792
0 0.589063 0.506771 0.051042 0.038542
0 0.170833 0.529167 0.022917 0.043750
0 0.511979 0.929167 0.042708 0.039583
0 0.551562 0.707292 0.044792 0.052083
0 0.105208 0.957292 0.027083 0.047917
0 0.389062 0.919271 0.042708 0.044792
0 0.625521 0.744271 0.051042 0.034375
0 0.368229 0.663542 0.042708 0.047917
0 0.901042 0.258854 0.047917 0.032292
0 0.970833 0.186979 0.054167 0.036458
0 0.530208 0.102604 0.050000 0.042708
0 0.913021 0.966146 0.051042 0.042708
0 0.478646 0.728646 0.044792 0.040625
0 0.553646 0.155208 0.044792 0.025000
0 0.359896 0.420833 0.038542 0.029167
0 0.651042 0.222396 0.035417 0.048958
0 0.571875 0.659896 0.050000 0.036458
0 0.230729 0.956250 0.053125 0.041667
0 0.237500 0.502604 0.031250 0.040625
0 0.352604 0.305208 0.044792 0.027083
0 0.074479 0.595313 0.042708 0.044792
0 0.782292 0.621354 0.047917 0.048958
0 0.453646 0.217188 0.051042 0.042708
0 0.778646 0.173958 0.038542 0.037500
0 0.834896 0.423958 0.042708 0.031250
0 0.238542 0.511458 0.041667 0.039583
0 0.912500 0.644792 0.039583 0.041667
0 0.554167 0.751042 0.029167 0.050000
0 0.558854 0.313542 0.042708 0.041667
0 0.450000 0.745833 0.043750 0.025000
0 0.551562 0.311979 0.055208 0.044792
0 0.372917 0.097396 0.047917 0.046875
0 0.927604 0.900000 0.032292 0.039583
0 0.734375 0.802083 0.039583 0.041667
0 0.522396 0.373437 0.042708 0.044792
0 0.285938 0.676562 0.038542 0.040625
0 0.257292 0.240104 0.047917 0.044792
0 0.841146 0.383854 0.055208 0.040625
0 0.491667 0.105729 0.027083 0.038542
0 0.310417 0.769271 0.052083 0.034375
0 0.593229 0.623437 0.040625 0.055208
0 0.809375 0.856250 0.039583 0.052083
0 0.080208 0.802083 0.037500 0.022917
0 0.860938 0.220312 0.044792 0.026042
0 0.801562 0.214583 0.026042 0.037500
0 0.935937 0.550521 0.021875 0.044792
0 0.092188 0.870313 0.051042 0.053125
0 0.642188 0.620313 0.046875 0.028125
0 0.217188 0.691667 0.023958 0.041667
0 0.800521 0.206250 0.032292 0.039583
0 0.270833 0.921354 0.045833 0.034375
0 0.520833 0.926042 0.043750 0.022917
0 0.203125 0.075000 0.047917 0.037500
0 0.339583 0.125000 0.025000 0.037500
0 0.540104 0.240104 0.028125 0.051042
0 0.513542 0.478646 0.025000 0.046875
0 0.969271 0.209896 0.046875 0.048958
0 0.270313 0.891667 0.053125 0.043750
0 0.855208 0.919271 0.050000 0.042708
0 0.352604 0.852604 0.046875 0.023958
0 0.200000 0.235937 0.043750 0.040625
0 0.506771 0.916146 0.040625 0.036458
0 0.485938 0.646354 0.040625 0.034375
0 0.713542 0.392708 0.037500 0.031250
0 0.325000 0.647396 0.025000 0.038542
0 0.810937 0.480208 0.040625 0.041667
0 0.396354 0.557813 0.048958 0.034375
0 0.598437 0.339583 0.038542 0.035417
0 0.657813 0.259375 0.046875 0.027083
0 0.205208 0.897917 0.039583 0.052083
0 0.425521 0.291146 0.055208 0.046875
0 0.471354 0.915104 0.036458 0.040625
0 0.118750 0.418750 0.047917 0.050000
0 0.316667 0.275000 0.037500 0.033333
0 0.878125 0.418229 0.045833 0.036458
0 0.486458 0.897396 0.031250 0.044792
0 0.585417 0.893750 0.041667 0.039583
0 0.337500 0.391667 0.037500 0.035417
0 0.244792 0.689583 0.033333 0.037500
0 0.656250 0.324479 0.035417 0.044792
0 0.473958 0.461979 0.041667 0.055208
0 0.285417 0.916667 0.047917 0.025000
0 0.638542 0.825000 0.029167 0.050000
0 0.792708 0.365104 0.054167 0.044792
0 0.638021 0.402604 0.046875 0.026042
0 0.469792 0.573438 0.045833 0.032292
0 0.449479 0.187500 0.051042 0.035417
0 0.606771 0.100000 0.042708 0.031250
0 0.286979 0.182812 0.051042 0.036458
0 0.886458 0.605729 0.035417 0.048958
0 0.250000 0.613021 0.025000 0.042708
0 0.965625 0.144271 0.045833 0.034375
0 0.759375 0.162500 0.035417 0.037500
0 0.097917 0.469271 0.047917 0.055208
0 0.154167 0.794271 0.029167 0.040625
0 0.406250 0.270833 0.037500 0.035417
0 0.766146 0.831250 0.036458 0.020833
0 0.254167 0.439583 0.041667 0.031250
0 0.771354 0.905208 0.042708 0.027083
0 0.543229 0.091146 0.026042 0.046875
0 0.909896 0.684375 0.053125 0.041667
0 0.498437 0.291667 0.036458 0.020833
0 0.460938 0.449479 0.023958 0.042708
0 0.879167 0.924479 0.037500 0.038542
0 0.760417 0.954688 0.039583 0.048958
0 0.450521 0.450000 0.032292 0.052083
0 0.197917 0.901563 0.043750 0.042708
0 0.198437 0.611979 0.042708 0.051042
0 0.557292 0.196354 0.031250 0.044792
0 0.621354 0.917188 0.036458 0.046875
0 0.070833 0.578125 0.025000 0.037500
0 0.528646 0.332813 0.051042 0.038542
0 0.954167 0.372917 0.041667 0.029167
0 0.074479 0.693750 0.040625 0.047917
0 0.744271 0.294271 0.046875 0.048958
0 0.188021 0.196875 0.038542 0.031250
0 0.891667 0.320312 0.031250 0.040625
0 0.827604 0.147917 0.038542 0.031250
0 0.231771 0.850000 0.048958 0.050000
0 0.186458 0.269271 0.033333 0.040625
0 0.616667 0.145833 0.035417 0.037500
0 0.800000 0.240625 0.037500 0.025000
0 0.586979 0.601562 0.044792 0.051042
0 0.802604 0.823438 0.053125 0.051042
0 0.431771 0.395833 0.038542 0.022917
0 0.579167 0.921875 0.043750 0.052083
0 0.308333 0.921875 0.035417 0.043750
0 0.260417 0.739583 0.047917 0.041667
0 0.668229 0.542188 0.053125 0.051042
0 0.402604 0.918229 0.046875 0.055208
0 0.846875 0.451042 0.039583 0.041667
0 0.766667 0.620313 0.039583 0.028125
0 0.201563 0.895312 0.028125 0.048958
0 0.310417 0.203125 0.039583 0.047917
0 0.702604 0.462500 0.036458 0.052083
0 0.370833 0.521875 0.039583 0.022917
0 0.704167 0.604688 0.037500 0.038542
0 0.447917 0.902083 0.037500 0.022917
0 0.717708 0.631771 0.047917 0.044792
0 0.654687 0.471875 0.030208 0.047917
0 0.636458 0.556250 0.037500 0.025000
0 0.610417 0.788542 0.035417 0.037500
0 0.504167 0.694792 0.052083 0.043750
0 0.543750 0.740104 0.054167 0.042708
0 0.936458 0.511458 0.027083 0.037500
0 0.810937 0.703646 0.038542 0.021875
0 0.397917 0.129167 0.033333 0.052083
0 0.448958 0.481250 0.037500 0.035417
0 0.329167 0.664062 0.047917 0.046875
0 0.625521 0.816146 0.044792 0.042708
0 0.806250 0.572917 0.037500 0.035417
0 0.912500 0.595833 0.041667 0.037500
0 0.928125 0.292187 0.045833 0.028125
0 0.545312 0.094271 0.040625 0.036458
0 0.615625 0.345313 0.045833 0.038542
0 0.370833 0.846875 0.035417 0.020833
0 0.780208 0.795833 0.035417 0.037500
0 0.419792 0.691146 0.045833 0.023958
0 0.289583 0.335417 0.039583 0.041667
0 0.194271 0.838542 0.036458 0.020833
0 0.303125 0.937500 0.031250 0.037500
0 0.262500 0.952604 0.039583 0.032292
0 0.294792 0.551562 0.039583 0.032292
0 0.526563 0.959896 0.030208 0.040625
0 0.539583 0.451042 0.041667 0.052083
0 0.665104 0.368229 0.036458 0.051042
0 0.685417 0.588542 0.029167 0.041667
0 0.385937 0.846875 0.042708 0.041667
0 0.611458 0.398438 0.041667 0.044792
0 0.924479 0.356771 0.040625 0.038542
0 0.527083 0.708854 0.037500 0.038542
0 0.552083 0.898958 0.037500 0.022917
0 0.765104 0.578646 0.055208 0.040625
0 0.733854 0.284896 0.038542 0.038542
0 0.515625 0.431771 0.052083 0.034375
0 0.139583 0.466146 0.025000 0.042708
0 0.692187 0.581771 0.030208 0.051042
0 0.864062 0.697396 0.055208 0.046875
0 0.709896 0.400521 0.055208 0.044792
0 0.549479 0.196875 0.038542 0.035417
0 0.656771 0.801042 0.048958 0.035417
0 0.408854 0.260417 0.030208 0.043750
0 0.680208 0.270833 0.041667 0.039583
0 0.131250 0.335938 0.029167 0.051042
0 0.657813 0.331250 0.044792 0.035417
0 0.198958 0.129167 0.047917 0.052083
0 0.379167 0.714583 0.047917 0.035417
0 0.572396 0.743750 0.026042 0.039583
0 0.504167 0.327083 0.041667 0.037500
0 0.432812 0.455729 0.040625 0.036458
0 0.926042 0.667188 0.039583 0.034375
0 0.538021 0.164062 0.032292 0.044792
0 0.201563 0.617188 0.040625 0.032292
0 0.199479 0.811458 0.021875 0.039583
0 0.237500 0.191667 0.033333 0.037500
0 0.250000 0.691667 0.033333 0.037500
0 0.241667 0.345833 0.041667 0.047917
0 0.309896 0.483854 0.040625 0.036458
0 0.944271 0.772917 0.042708 0.039583
0 0.854688 0.568229 0.036458 0.051042
0 0.164583 0.132812 0.033333 0.048958
0 0.442708 0.303125 0.039583 0.041667
0 0.173437 0.220833 0.019792 0.039583
0 0.527083 0.377083 0.037500 0.029167
0 0.361979 0.815625 0.034375 0.039583
0 0.841667 0.673438 0.025000 0.038542
0 0.292187 0.531250 0.042708 0.041667
0 0.453646 0.412500 0.036458 0.020833
0 0.308854 0.119271 0.023958 0.042708
0 0.207813 0.451562 0.042708 0.055208
0 0.669271 0.115104 0.044792 0.032292
0 0.892188 0.893750 0.038542 0.033333
0 0.826042 0.314583 0.039583 0.020833
0 0.307292 0.709896 0.047917 0.032292
0 0.630208 0.198437 0.043750 0.028125
0 0.389062 0.833854 0.038542 0.038542
0 0.615625 0.257812 0.050000 0.036458
0 0.936979 0.622917 0.044792 0.025000
0 0.327604 0.461979 0.032292 0.053125
0 0.084896 0.611979 0.038542 0.040625
0 0.164062 0.910417 0.048958 0.039583
0 0.386979 0.437500 0.036458 0.037500
0 0.382292 0.185417 0.037500 0.035417
0 0.378646 0.698958 0.044792 0.033333
0 0.845833 0.245312 0.050000 0.034375
0 0.711458 0.684375 0.052083 0.047917
0 0.389583 0.310417 0.047917 0.035417
0 0.687500 0.864583 0.047917 0.039583
0 0.534375 0.855729 0.037500 0.044792
0 0.744271 0.566667 0.044792 0.033333
0 0.171354 0.772917 0.042708 0.025000
0 0.664062 0.682813 0.042708 0.044792
0 0.242708 0.539583 0.033333 0.047917
0 0.690104 0.702083 0.036458 0.018750
0 0.891667 0.472917 0.025000 0.041667
0 0.275521 0.428125 0.046875 0.043750
0 0.693229 0.851042 0.023958 0.041667
0 0.092708 0.516667 0.052083 0.043750
0 0.406250 0.093229 0.037500 0.048958
0 0.818750 0.868229 0.039583 0.053125
0 0.524479 0.284375 0.044792 0.022917
0 0.546354 0.859896 0.017708 0.036458
0 0.861458 0.206250 0.041667 0.029167
0 0.276042 0.814583 0.025000 0.043750
0 0.920833 0.945312 0.035417 0.017708
0 0.600521 0.650521 0.053125 0.030208
0 0.115104 0.248958 0.051042 0.031250
0 0.414062 0.916146 0.040625 0.036458
0 0.742188 0.486979 0.051042 0.053125
0 0.233333 0.693750 0.041667 0.031250
0 0.605208 0.353125 0.033333 0.047917
0 0.323437 0.942187 0.051042 0.028125
0 0.928125 0.632812 0.033333 0.044792
0 0.947396 0.506771 0.051042 0.044792
0 0.727604 0.859896 0.023958 0.040625
0 0.925521 0.317188 0.040625 0.036458
0 0.653125 0.214062 0.045833 0.038542
0 0.401042 0.143750 0.041667 0.039583
0 0.666667 0.646354 0.031250 0.048958
0 0.229687 0.327083 0.034375 0.047917
0 0.954167 0.770312 0.041667 0.048958
0 0.208854 0.853125 0.046875 0.052083
0 0.318750 0.409375 0.037500 0.031250
0 0.829688 0.444271 0.048958 0.048958
0 0.128125 0.772396 0.035417 0.053125
0 0.883333 0.886458 0.041667 0.047917
0 0.892188 0.072917 0.046875 0.029167
0 0.656771 0.498958 0.032292 0.047917
0 0.933333 0.916146 0.041667 0.044792
0 0.346875 0.714063 0.047917 0.053125
0 0.910417 0.422917 0.035417 0.037500