0 0.962500 0.810937 0.052083 0.030208
0 0.514583 0.190625 0.027083 0.041667
0 0.146354 0.736979 0.051042 0.053125
0 0.645312 0.470313 0.032292 0.040625
0 0.620313 0.091667 0.040625 0.041667
0 0.128646 0.205208 0.053125 0.041667
0 0.659375 0.172917 0.047917 0.052083
0 0.268750 0.531771 0.050000 0.053125
0 0.414062 0.191146 0.046875 0.048958
0 0.132812 0.947917 0.048958 0.037500
0 0.497396 0.323437 0.044792 0.048958
0 0.088542 0.972917 0.050000 0.050000
0 0.915104 0.916667 0.044792 0.047917
0 0.811458 0.433333 0.037500 0.052083
0 0.666146 0.069271 0.048958 0.032292
0 0.814583 0.918229 0.050000 0.036458
0 0.257292 0.831250 0.043750 0.052083
0 0.597917 0.758854 0.047917 0.032292
0 0.785937 0.132812 0.046875 0.032292
0 0.565104 0.220833 0.034375 0.043750
0 0.329167 0.968229 0.029167 0.040625
0 0.953125 0.773438 0.052083 0.051042
0 0.530208 0.260417 0.041667 0.047917
0 0.691146 0.884375 0.044792 0.052083
0 0.786458 0.370833 0.041667 0.025000
0 0.596875 0.107292 0.047917 0.039583
0 0.382812 0.165625 0.038542 0.031250
0 0.656771 0.516667 0.042708 0.047917
0 0.657292 0.325521 0.045833 0.048958
0 0.432292 0.801042 0.043750 0.035417
0 0.265104 0.191146 0.019792 0.038542
0 0.375521 0.116146 0.046875 0.048958
0 0.445833 0.896875 0.035417 0.052083
0 0.724479 0.945312 0.040625 0.044792
0 0.577604 0.466667 0.038542 0.035417
0 0.910937 0.776563 0.040625 0.034375
0 0.335938 0.439583 0.030208 0.039583
0 0.143229 0.514583 0.034375 0.052083
0 0.568229 0.786979 0.046875 0.036458
0 0.958854 0.253125 0.038542 0.035417
0 0.871354 0.593750 0.023958 0.041667
0 0.638021 0.594792 0.048958 0.050000
0 0.576562 0.545312 0.030208 0.053125
0 0.907813 0.270833 0.048958 0.033333
0 0.580729 0.273438 0.040625 0.030208
0 0.525000 0.240625 0.037500 0.047917
0 0.592708 0.105208 0.022917 0.039583
0 0.191146 0.578646 0.046875 0.055208
0 0.517708 0.897917 0.047917 0.033333
0 0.433333 0.175521 0.047917 0.046875
0 0.467708 0.856771 0.043750 0.026042
0 0.395833 0.761979 0.041667 0.042708
0 0.133333 0.696354 0.027083 0.046875
0 0.482292 0.323958 0.037500 0.022917
0 0.763542 0.722396 0.029167 0.044792
0 0.825521 0.384896 0.021875 0.038542
0 0.787500 0.630729 0.045833 0.048958
0 0.805729 0.489583 0.038542 0.033333
0 0.746875 0.310937 0.031250 0.048958
0 0.872396 0.644792 0.038542 0.035417
0 0.915104 0.884896 0.021875 0.044792
0 0.244792 0.355208 0.037500 0.033333
0 0.391146 0.084375 0.032292 0.047917
0 0.725521 0.477083 0.042708 0.027083
0 0.640104 0.544792 0.040625 0.054167
0 0.078646 0.643750 0.026042 0.041667
0 0.577604 0.500521 0.040625 0.036458
0 0.076563 0.920312 0.040625 0.044792
0 0.561979 0.519792 0.053125 0.037500
0 0.261458 0.495312 0.031250 0.040625
0 0.469271 0.956250 0.042708 0.027083
0 0.963542 0.398438 0.047917 0.044792
0 0.711458 0.596354 0.029167 0.044792
0 0.926042 0.449479 0.047917 0.046875
0 0.957812 0.374479 0.028125 0.048958
0 0.498437 0.786458 0.019792 0.037500
0 0.765104 0.362500 0.028125 0.039583
0 0.802083 0.117188 0.052083 0.032292
0 0.584896 0.634375 0.046875 0.027083
0 0.546354 0.672396 0.021875 0.038542
0 0.119792 0.856250 0.052083 0.035417
0 0.729688 0.918229 0.044792 0.051042
0 0.799479 0.228125 0.051042 0.031250
0 0.942187 0.605729 0.044792 0.032292
0 0.109375 0.230208 0.033333 0.043750
0 0.728646 0.965104 0.046875 0.038542
0 0.829688 0.608333 0.038542 0.043750
0 0.551562 0.530729 0.051042 0.053125
0 0.315625 0.175000 0.027083 0.045833
0 0.376042 0.410938 0.054167 0.042708
0 0.613021 0.252083 0.036458 0.052083
0 0.423958 0.435417 0.041667 0.039583
0 0.268750 0.930208 0.039583 0.047917
0 0.788542 0.207813 0.033333 0.040625
0 0.505729 0.751042 0.040625 0.022917
0 0.317188 0.080208 0.053125 0.041667
0 0.783854 0.079687 0.040625 0.034375
0 0.545833 0.802083 0.035417 0.018750
0 0.310937 0.579688 0.044792 0.026042
0 0.603125 0.318229 0.035417 0.044792
0 0.382812 0.408333 0.046875 0.031250
0 0.305729 0.201563 0.036458 0.046875
0 0.640104 0.585938 0.038542 0.019792
0 0.868750 0.187500 0.033333 0.037500
0 0.738542 0.761979 0.039583 0.048958
0 0.603125 0.763542 0.022917 0.043750
0 0.304167 0.152083 0.050000 0.050000
0 0.326042 0.750521 0.037500 0.038542
0 0.283333 0.628646 0.050000 0.026042
0 0.793229 0.110417 0.021875 0.037500
0 0.868229 0.842708 0.032292 0.039583
0 0.090104 0.794271 0.021875 0.042708
0 0.300000 0.687500 0.031250 0.050000
0 0.697396 0.406771 0.038542 0.055208
0 0.525000 0.190104 0.050000 0.034375
0 0.578125 0.111458 0.041667 0.047917
0 0.460938 0.212500 0.019792 0.035417
0 0.495833 0.315625 0.031250 0.041667
0 0.138542 0.446875 0.041667 0.029167
0 0.967187 0.944271 0.040625 0.036458
0 0.961979 0.575000 0.053125 0.043750
0 0.928125 0.163542 0.037500 0.031250
0 0.126562 0.828125 0.038542 0.025000
0 0.575000 0.638021 0.027083 0.051042
0 0.205729 0.516667 0.023958 0.047917
0 0.572396 0.233854 0.044792 0.028125
0 0.845833 0.964583 0.047917 0.050000
0 0.655208 0.861979 0.047917 0.048958
0 0.411458 0.343750 0.047917 0.025000
0 0.740625 0.605208 0.031250 0.037500
0 0.385417 0.170833 0.035417 0.020833
0 0.875521 0.733854 0.038542 0.046875
0 0.192188 0.769271 0.040625 0.032292
0 0.436979 0.316667 0.038542 0.031250
0 0.246875 0.160417 0.037500 0.031250
0 0.576042 0.542708 0.035417 0.037500
0 0.758854 0.678646 0.038542 0.051042
0 0.494792 0.936458 0.033333 0.045833
0 0.675521 0.349479 0.051042 0.038542
0 0.118750 0.335417 0.041667 0.039583
0 0.792188 0.089583 0.023958 0.043750
0 0.686979 0.707812 0.040625 0.038542
0 0.561458 0.311979 0.043750 0.042708
0 0.258333 0.584375 0.037500 0.027083
0 0.752083 0.441146 0.039583 0.030208
0 0.194792 0.833333 0.052083 0.043750
0 0.871354 0.553125 0.046875 0.031250
0 0.115104 0.714583 0.046875 0.029167
0 0.259896 0.268229 0.036458 0.040625
0 0.445312 0.102083 0.044792 0.047917
0 0.111979 0.700000 0.017708 0.035417
0 0.789062 0.592187 0.044792 0.042708
0 0.434896 0.891667 0.038542 0.029167
0 0.179688 0.899479 0.026042 0.051042
0 0.545312 0.509896 0.051042 0.044792
0 0.955208 0.966146 0.050000 0.038542
0 0.602083 0.733854 0.033333 0.040625
0 0.332813 0.914062 0.055208 0.048958
0 0.948958 0.898958 0.043750 0.033333
0 0.750521 0.371354 0.046875 0.026042
0 0.147396 0.538542 0.042708 0.025000
0 0.325000 0.848437 0.050000 0.036458
0 0.478646 0.741667 0.048958 0.039583
0 0.907813 0.417187 0.032292 0.048958
0 0.246875 0.873958 0.037500 0.027083
0 0.784375 0.152604 0.031250 0.040625
0 0.770312 0.941146 0.038542 0.021875
0 0.606771 0.785937 0.048958 0.046875
0 0.269271 0.516146 0.055208 0.040625
0 0.684375 0.668229 0.047917 0.044792
0 0.501042 0.282292 0.043750 0.025000
0 0.313542 0.731771 0.054167 0.040625
0 0.144792 0.385937 0.054167 0.036458
0 0.872396 0.359896 0.040625 0.019792
0 0.316146 0.412500 0.042708 0.025000
0 0.598437 0.871875 0.042708 0.029167
0 0.630729 0.626563 0.042708 0.023958
0 0.578646 0.118229 0.048958 0.030208
0 0.624479 0.655208 0.036458 0.047917
0 0.716667 0.753125 0.052083 0.043750
0 0.172917 0.145833 0.025000 0.039583
0 0.171875 0.850000 0.041667 0.031250
0 0.324479 0.069792 0.038542 0.029167
0 0.430208 0.672396 0.050000 0.038542
0 0.192188 0.621354 0.046875 0.026042
0 0.158854 0.109896 0.046875 0.038542
0 0.420312 0.647396 0.042708 0.044792
0 0.455208 0.822917 0.047917 0.050000
0 0.214062 0.673438 0.051042 0.028125
0 0.286458 0.117708 0.031250 0.037500
0 0.875000 0.726042 0.031250 0.045833
0 0.319792 0.537500 0.047917 0.039583
0 0.209896 0.475000 0.053125 0.045833
0 0.831771 0.123438 0.048958 0.028125
0 0.410417 0.524479 0.045833 0.032292
0 0.225000 0.867188 0.043750 0.055208
0 0.667188 0.523438 0.048958 0.034375
0 0.670833 0.144271 0.039583 0.053125
0 0.944792 0.422917 0.041667 0.037500
0 0.518750 0.467708 0.041667 0.039583
0 0.300000 0.148958 0.033333 0.050000
0 0.172917 0.769271 0.047917 0.046875
0 0.691667 0.891667 0.041667 0.039583
0 0.844271 0.452604 0.046875 0.026042
0 0.078125 0.467708 0.047917 0.050000
0 0.454167 0.636979 0.035417 0.053125
0 0.489583 0.587500 0.045833 0.029167
0 0.477083 0.442188 0.041667 0.023958
0 0.608333 0.066146 0.039583 0.026042
0 0.664062 0.616667 0.017708 0.035417
0 0.318229 0.464583 0.042708 0.039583
0 0.342187 0.719271 0.053125 0.034375
0 0.176563 0.926042 0.053125 0.041667
0 0.531250 0.470833 0.039583 0.047917
0 0.895312 0.750521 0.042708 0.023958
0 0.480208 0.729167 0.031250 0.041667
0 0.843750 0.685937 0.050000 0.038542
0 0.150000 0.767708 0.025000 0.041667
0 0.078125 0.806771 0.035417 0.040625
0 0.702083 0.932292 0.045833 0.043750
0 0.607292 0.769271 0.039583 0.055208
0 0.289583 0.488021 0.035417 0.053125
0 0.902083 0.740104 0.050000 0.034375
0 0.102083 0.141146 0.025000 0.038542
0 0.527083 0.645833 0.037500 0.031250
0 0.508333 0.881771 0.031250 0.048958
0 0.740625 0.960938 0.047917 0.030208
0 0.264062 0.669792 0.044792 0.052083
0 0.199479 0.341667 0.030208 0.043750
0 0.273438 0.213021 0.055208 0.048958
0 0.596875 0.909375 0.045833 0.045833
0 0.589063 0.480729 0.040625 0.028125
0 0.392188 0.721354 0.042708 0.055208
0 0.161458 0.406250 0.050000 0.047917
0 0.430208 0.294271 0.039583 0.044792
0 0.072917 0.613021 0.033333 0.053125
0 0.859375 0.961979 0.054167 0.036458
0 0.593229 0.270313 0.046875 0.038542
0 0.222917 0.692187 0.045833 0.038542
0 0.859375 0.711979 0.025000 0.038542
0 0.897396 0.197917 0.048958 0.052083
0 0.710417 0.263542 0.041667 0.047917
0 0.129688 0.179688 0.044792 0.040625
0 0.345313 0.579688 0.036458 0.040625
0 0.612500 0.442708 0.043750 0.045833
0 0.476562 0.452083 0.017708 0.035417
0 0.629167 0.701562 0.043750 0.055208
0 0.325000 0.952083 0.045833 0.029167
0 0.816146 0.853646 0.051042 0.044792
0 0.435417 0.677604 0.027083 0.040625
0 0.306250 0.834375 0.035417 0.043750
0 0.790104 0.106250 0.030208 0.050000
0 0.833854 0.422917 0.036458 0.018750
0 0.835417 0.472917 0.018750 0.035417
0 0.620313 0.945312 0.048958 0.055208
0 0.781771 0.199479 0.042708 0.044792
0 0.586979 0.278125 0.053125 0.041667
0 0.123438 0.245833 0.038542 0.035417
0 0.573958 0.156250 0.041667 0.025000
0 0.121875 0.466146 0.031250 0.051042
0 0.100000 0.874479 0.031250 0.040625
0 0.402604 0.481771 0.021875 0.042708
0 0.651563 0.757812 0.026042 0.046875
0 0.585417 0.657292 0.045833 0.031250
0 0.292187 0.710417 0.051042 0.050000
0 0.115625 0.822917 0.039583 0.020833
0 0.244792 0.863021 0.054167 0.044792
0 0.821875 0.082292 0.041667 0.039583
0 0.327604 0.212500 0.036458 0.020833
0 0.578125 0.905208 0.029167 0.045833
0 0.770312 0.739062 0.040625 0.023958
0 0.636458 0.569792 0.018750 0.035417
0 0.189583 0.214062 0.039583 0.023958
0 0.579167 0.842708 0.041667 0.027083
0 0.945833 0.526563 0.054167 0.046875
0 0.553125 0.420833 0.018750 0.035417
0 0.367708 0.210938 0.031250 0.040625
0 0.466667 0.339062 0.045833 0.048958
0 0.971354 0.452604 0.053125 0.032292
0 0.187500 0.360417 0.047917 0.033333
0 0.618750 0.764062 0.047917 0.046875