0 0.360938 0.594271 0.042708 0.023958
0 0.501042 0.258333 0.037500 0.035417
0 0.678125 0.854167 0.041667 0.039583
0 0.858333 0.840625 0.043750 0.035417
0 0.601562 0.653125 0.038542 0.043750
0 0.557813 0.304688 0.040625 0.055208
0 0.730208 0.925521 0.039583 0.026042
0 0.232292 0.220312 0.033333 0.040625
0 0.860938 0.905729 0.032292 0.053125
0 0.570833 0.696875 0.047917 0.041667
0 0.434375 0.158333 0.041667 0.037500
0 0.250000 0.297917 0.045833 0.043750
0 0.506250 0.166667 0.020833 0.039583
0 0.555208 0.481250 0.031250 0.041667
0 0.750000 0.755729 0.043750 0.055208
0 0.475521 0.804688 0.044792 0.040625
0 0.782813 0.201563 0.042708 0.051042
0 0.826042 0.548958 0.022917 0.037500
0 0.944271 0.628646 0.040625 0.055208
0 0.570833 0.158333 0.043750 0.035417
0 0.957812 0.265625 0.044792 0.033333
0 0.582812 0.578125 0.051042 0.031250
0 0.644271 0.111458 0.030208 0.039583
0 0.825521 0.950000 0.044792 0.033333
0 0.416667 0.405729 0.039583 0.048958
0 0.317188 0.818229 0.042708 0.044792
0 0.603646 0.645312 0.023958 0.042708
0 0.594792 0.176042 0.039583 0.041667
0 0.155729 0.298958 0.040625 0.041667
0 0.906771 0.909896 0.040625 0.028125
0 0.638021 0.907813 0.040625 0.023958
0 0.636979 0.152604 0.044792 0.042708
0 0.094271 0.369271 0.044792 0.040625
0 0.775521 0.772917 0.048958 0.052083
0 0.115625 0.598958 0.037500 0.031250
0 0.875521 0.323958 0.038542 0.022917
0 0.502083 0.104167 0.037500 0.022917
0 0.279687 0.463021 0.038542 0.046875
0 0.558854 0.397396 0.055208 0.044792
0 0.266667 0.113542 0.050000 0.031250
0 0.679167 0.402083 0.037500 0.022917
0 0.369271 0.317188 0.042708 0.021875
0 0.516667 0.870313 0.050000 0.038542
0 0.920833 0.136458 0.031250 0.045833
0 0.592187 0.166667 0.040625 0.022917
0 0.242188 0.304167 0.053125 0.043750
0 0.551562 0.364583 0.042708 0.039583
0 0.264062 0.941146 0.055208 0.038542
0 0.101042 0.563021 0.027083 0.046875
0 0.531771 0.487500 0.028125 0.039583
0 0.558333 0.778125 0.041667 0.029167
0 0.724479 0.526042 0.036458 0.043750
0 0.768750 0.630208 0.050000 0.031250
0 0.190104 0.764062 0.055208 0.046875
0 0.672917 0.380729 0.050000 0.053125
0 0.405729 0.920312 0.048958 0.055208
0 0.693750 0.853125 0.029167 0.041667
0 0.431771 0.679688 0.040625 0.030208
0 0.737500 0.890104 0.031250 0.044792
0 0.139063 0.882292 0.053125 0.045833
0 0.577083 0.312500 0.039583 0.022917
0 0.475000 0.114583 0.052083 0.041667
0 0.358333 0.629167 0.043750 0.052083
0 0.119271 0.384896 0.053125 0.053125
0 0.173958 0.437500 0.029167 0.045833
0 0.089063 0.123438 0.040625 0.034375
0 0.431250 0.211458 0.033333 0.037500
0 0.164062 0.880729 0.044792 0.042708
0 0.555208 0.775000 0.050000 0.033333
0 0.455208 0.887500 0.041667 0.041667
0 0.184375 0.119271 0.050000 0.034375
0 0.794792 0.414062 0.052083 0.030208
0 0.872396 0.645833 0.048958 0.037500
0 0.532292 0.138542 0.052083 0.039583
0 0.139063 0.840625 0.042708 0.054167
0 0.588542 0.310417 0.035417 0.035417
0 0.828646 0.265104 0.038542 0.046875
0 0.518750 0.954167 0.052083 0.039583
0 0.672396 0.709375 0.036458 0.020833
0 0.093229 0.110937 0.040625 0.038542
0 0.336979 0.837500 0.044792 0.052083
0 0.844271 0.481771 0.055208 0.048958
0 0.761979 0.666667 0.042708 0.029167
0 0.331250 0.256771 0.035417 0.053125
0 0.673958 0.133333 0.047917 0.037500
0 0.641667 0.200521 0.027083 0.040625
0 0.232813 0.751563 0.034375 0.046875
0 0.150000 0.343229 0.039583 0.036458
0 0.902604 0.617708 0.026042 0.041667
0 0.495312 0.944792 0.028125 0.039583
0 0.470833 0.639583 0.027083 0.043750
0 0.561458 0.627604 0.039583 0.026042
0 0.654687 0.201042 0.042708 0.031250
0 0.421354 0.382812 0.038542 0.019792
0 0.967708 0.469792 0.045833 0.043750
0 0.761458 0.314583 0.043750 0.025000
0 0.175521 0.588542 0.030208 0.043750
0 0.820833 0.750521 0.045833 0.032292
0 0.803125 0.404167 0.050000 0.033333
0 0.276042 0.933333 0.033333 0.037500
0 0.764062 0.308333 0.051042 0.033333
0 0.796354 0.276042 0.034375 0.052083
0 0.271875 0.583854 0.047917 0.046875
0 0.470833 0.887500 0.043750 0.045833
0 0.209896 0.117708 0.038542 0.052083
0 0.150521 0.910417 0.044792 0.047917
0 0.338542 0.743229 0.020833 0.038542
0 0.604688 0.393750 0.044792 0.054167
0 0.146875 0.271354 0.027083 0.046875
0 0.564583 0.402604 0.041667 0.044792
0 0.244271 0.610938 0.038542 0.019792
0 0.422917 0.306771 0.039583 0.055208
0 0.923958 0.181250 0.027083 0.037500
0 0.919792 0.286458 0.025000 0.041667
0 0.791146 0.450000 0.053125 0.037500
0 0.338021 0.295833 0.046875 0.027083
0 0.473958 0.664062 0.045833 0.038542
0 0.746875 0.495312 0.054167 0.048958
0 0.164062 0.645312 0.028125 0.051042
0 0.333333 0.922917 0.029167 0.045833
0 0.872917 0.507812 0.043750 0.048958
0 0.365625 0.231771 0.035417 0.048958
0 0.279687 0.614062 0.046875 0.040625
0 0.208333 0.291667 0.033333 0.037500
0 0.848958 0.573438 0.050000 0.042708
0 0.505729 0.372917 0.053125 0.035417
0 0.189583 0.581771 0.039583 0.036458
0 0.610938 0.643750 0.042708 0.039583
0 0.857812 0.881250 0.051042 0.031250
0 0.882292 0.420833 0.052083 0.037500
0 0.206771 0.202604 0.028125 0.044792
0 0.568229 0.336458 0.053125 0.047917
0 0.779687 0.476042 0.028125 0.039583
0 0.305729 0.596354 0.046875 0.038542
0 0.795312 0.452083 0.053125 0.045833
0 0.503125 0.665104 0.054167 0.042708
0 0.710938 0.520312 0.053125 0.030208
0 0.335938 0.948958 0.026042 0.041667
0 0.525521 0.192708 0.032292 0.047917
0 0.809896 0.829167 0.048958 0.052083
0 0.586458 0.152083 0.043750 0.033333
0 0.528125 0.370312 0.037500 0.023958
0 0.605208 0.221354 0.041667 0.032292
0 0.678646 0.341667 0.040625 0.047917
0 0.102604 0.507292 0.051042 0.050000
0 0.432292 0.828646 0.020833 0.038542
0 0.904167 0.912500 0.037500 0.035417
0 0.726042 0.312500 0.018750 0.037500
0 0.839583 0.576042 0.039583 0.041667
0 0.358854 0.425000 0.030208 0.047917
0 0.533854 0.514583 0.040625 0.041667
0 0.706771 0.284375 0.048958 0.050000
0 0.431250 0.347917 0.037500 0.029167
0 0.376563 0.164062 0.055208 0.042708
0 0.270833 0.461458 0.039583 0.041667
0 0.522396 0.436979 0.046875 0.048958
0 0.341146 0.704688 0.055208 0.040625
0 0.170833 0.855208 0.039583 0.047917
0 0.552083 0.761979 0.054167 0.044792
0 0.777083 0.674479 0.047917 0.046875
0 0.497917 0.843750 0.052083 0.037500
0 0.882812 0.527083 0.051042 0.029167
0 0.308333 0.126562 0.047917 0.030208
0 0.538021 0.190104 0.040625 0.036458
0 0.782813 0.134896 0.044792 0.028125
0 0.313542 0.394792 0.033333 0.045833
0 0.378125 0.108333 0.037500 0.052083
0 0.313542 0.285938 0.031250 0.044792
0 0.210938 0.179688 0.034375 0.040625
0 0.798958 0.109375 0.041667 0.047917
0 0.362500 0.847917 0.022917 0.037500
0 0.109375 0.277083 0.045833 0.052083
0 0.700521 0.354687 0.048958 0.034375
0 0.360938 0.762500 0.044792 0.047917
0 0.712500 0.825521 0.045833 0.048958
0 0.497917 0.559896 0.047917 0.046875
0 0.526563 0.422396 0.051042 0.034375
0 0.904687 0.192708 0.028125 0.043750
0 0.768750 0.427083 0.033333 0.047917
0 0.893229 0.169271 0.046875 0.032292
0 0.797396 0.451042 0.040625 0.054167
0 0.402083 0.729688 0.045833 0.038542
0 0.314063 0.514062 0.044792 0.026042
0 0.283854 0.666146 0.040625 0.051042
0 0.149479 0.801042 0.051042 0.047917
0 0.165104 0.728125 0.048958 0.052083
0 0.858333 0.669792 0.025000 0.041667
0 0.786458 0.923438 0.029167 0.046875
0 0.886458 0.883333 0.035417 0.037500
0 0.793750 0.547917 0.041667 0.037500
0 0.794792 0.860938 0.050000 0.034375
0 0.946354 0.781250 0.042708 0.047917
0 0.870313 0.078125 0.034375 0.047917
0 0.530208 0.348958 0.047917 0.050000
0 0.315104 0.394271 0.032292 0.040625
0 0.382292 0.915625 0.035417 0.043750
0 0.882812 0.885417 0.040625 0.043750
0 0.750000 0.880208 0.041667 0.027083
0 0.562500 0.708854 0.039583 0.036458
0 0.908854 0.789583 0.048958 0.039583
0 0.721875 0.330208 0.047917 0.039583
0 0.555208 0.244792 0.039583 0.047917
0 0.083854 0.263021 0.046875 0.038542
0 0.241146 0.098437 0.051042 0.038542
0 0.384896 0.639583 0.026042 0.041667
0 0.731771 0.810937 0.055208 0.038542
0 0.128125 0.673438 0.031250 0.053125
0 0.131771 0.771875 0.038542 0.035417
0 0.196875 0.774479 0.027083 0.040625
0 0.659896 0.448437 0.034375 0.040625
0 0.622917 0.916146 0.039583 0.032292
0 0.401042 0.267708 0.037500 0.035417
0 0.736458 0.908333 0.033333 0.045833
0 0.101562 0.667188 0.046875 0.032292
0 0.079167 0.564583 0.029167 0.045833
0 0.875000 0.726562 0.029167 0.044792
0 0.313021 0.833854 0.026042 0.044792
0 0.153646 0.327604 0.044792 0.026042
0 0.817708 0.209375 0.043750 0.022917
0 0.854688 0.877083 0.044792 0.033333
0 0.780208 0.391667 0.039583 0.052083
0 0.954167 0.494792 0.029167 0.045833
0 0.714583 0.238021 0.045833 0.048958
0 0.459375 0.128125 0.050000 0.047917
0 0.855729 0.315625 0.028125 0.045833
0 0.944792 0.833333 0.027083 0.045833
0 0.430208 0.263542 0.022917 0.039583
0 0.223958 0.156250 0.020833 0.041667
0 0.467708 0.372917 0.043750 0.035417
0 0.510938 0.458854 0.036458 0.040625
0 0.344271 0.851562 0.038542 0.040625
0 0.165104 0.104167 0.023958 0.041667
0 0.256771 0.855208 0.038542 0.052083
0 0.727604 0.820833 0.042708 0.054167
0 0.821354 0.733333 0.053125 0.045833
0 0.371875 0.904167 0.043750 0.035417
0 0.153125 0.955729 0.047917 0.023958
0 0.450521 0.325000 0.051042 0.050000
0 0.655729 0.867708 0.040625 0.041667
0 0.426563 0.797917 0.023958 0.041667
0 0.720833 0.318229 0.050000 0.053125
0 0.951562 0.296354 0.051042 0.044792
0 0.559375 0.366146 0.029167 0.040625
0 0.253125 0.577604 0.039583 0.055208
0 0.599479 0.270313 0.044792 0.021875
0 0.793229 0.141146 0.034375 0.046875
0 0.459375 0.268750 0.037500 0.029167
0 0.768750 0.508333 0.043750 0.025000
0 0.498437 0.106771 0.040625 0.023958
0 0.557813 0.493750 0.038542 0.035417
0 0.557813 0.385417 0.038542 0.027083
0 0.885417 0.488542 0.027083 0.045833
0 0.461458 0.713542 0.039583 0.047917
0 0.818750 0.709375 0.041667 0.039583
0 0.864062 0.214062 0.055208 0.040625
0 0.322396 0.175521 0.051042 0.038542
0 0.307292 0.071875 0.041667 0.029167
0 0.631771 0.302604 0.032292 0.040625
0 0.565625 0.407813 0.039583 0.030208
0 0.873437 0.861979 0.040625 0.030208
0 0.265104 0.768229 0.030208 0.040625
0 0.563021 0.917708 0.019792 0.035417
0 0.214062 0.088542 0.051042 0.029167
0 0.195833 0.132292 0.035417 0.052083
0 0.542188 0.493750 0.023958 0.037500
0 0.658854 0.945312 0.040625 0.023958
0 0.494271 0.270833 0.036458 0.037500
0 0.929688 0.461979 0.032292 0.048958
0 0.440104 0.152604 0.023958 0.040625
0 0.564063 0.748958 0.046875 0.052083
0 0.243229 0.564583 0.030208 0.050000
0 0.268750 0.839063 0.027083 0.042708
0 0.845313 0.145313 0.042708 0.044792
0 0.550000 0.565625 0.035417 0.037500
0 0.577083 0.686979 0.045833 0.038542
0 0.309896 0.579167 0.026042 0.037500
0 0.883333 0.642708 0.052083 0.043750
0 0.391667 0.569271 0.050000 0.026042
0 0.929688 0.669792 0.032292 0.039583
0 0.635938 0.167708 0.021875 0.037500
0 0.828125 0.404687 0.047917 0.046875
0 0.079687 0.814583 0.048958 0.037500
0 0.128125 0.446875 0.041667 0.029167
0 0.632812 0.252083 0.048958 0.033333
0 0.191146 0.244792 0.048958 0.041667
0 0.239583 0.913542 0.045833 0.043750
0 0.387500 0.800000 0.037500 0.033333
0 0.658854 0.587500 0.046875 0.022917
0 0.777604 0.775000 0.044792 0.045833
0 0.496354 0.326042 0.021875 0.039583
0 0.595833 0.401562 0.029167 0.044792
0 0.715104 0.566146 0.051042 0.042708
0 0.181771 0.077604 0.046875 0.038542
0 0.082292 0.729167 0.041667 0.029167
0 0.197396 0.580729 0.032292 0.053125
0 0.959375 0.314583 0.050000 0.031250
0 0.093750 0.700521 0.050000 0.036458
0 0.301042 0.310417 0.041667 0.027083
0 0.233854 0.161979 0.036458 0.040625
0 0.936979 0.838542 0.048958 0.033333
0 0.670833 0.694271 0.035417 0.053125
0 0.846354 0.690625 0.042708 0.054167
0 0.803125 0.535417 0.050000 0.047917
0 0.495312 0.147396 0.028125 0.044792
0 0.867708 0.098437 0.054167 0.044792
0 0.183854 0.589063 0.040625 0.055208
0 0.911979 0.399479 0.055208 0.048958
0 0.589063 0.302083 0.040625 0.022917
0 0.929167 0.260937 0.033333 0.044792
0 0.180208 0.588542 0.027083 0.047917
0 0.752083 0.296354 0.054167 0.051042
0 0.704167 0.117188 0.045833 0.026042
0 0.130729 0.210938 0.034375 0.053125
0 0.517188 0.414062 0.055208 0.042708
0 0.520833 0.554167 0.052083 0.037500
0 0.643229 0.964063 0.055208 0.042708
0 0.392708 0.507292 0.035417 0.047917
0 0.597917 0.870833 0.033333 0.045833
0 0.772917 0.432292 0.045833 0.031250
0 0.828125 0.781771 0.041667 0.023958
0 0.230208 0.945312 0.029167 0.046875
0 0.172917 0.966146 0.037500 0.040625
0 0.120833 0.238542 0.022917 0.037500
0 0.464583 0.786979 0.045833 0.026042
0 0.509375 0.273438 0.035417 0.053125
0 0.088542 0.940625 0.033333 0.037500
0 0.728646 0.364583 0.030208 0.047917
0 0.832292 0.236458 0.039583 0.022917
0 0.575000 0.942187 0.047917 0.023958
0 0.360938 0.776563 0.038542 0.038542
0 0.389583 0.207813 0.039583 0.053125
0 0.246354 0.594792 0.048958 0.033333
0 0.689063 0.944271 0.044792 0.028125
0 0.473958 0.644792 0.035417 0.043750
0 0.696875 0.179167 0.039583 0.041667
0 0.477083 0.193229 0.045833 0.055208
0 0.314583 0.848958 0.027083 0.041667
0 0.525000 0.434375 0.018750 0.035417
0 0.903646 0.952083 0.038542 0.043750
0 0.083333 0.643229 0.050000 0.038542
0 0.406771 0.864583 0.026042 0.045833
0 0.570833 0.710417 0.033333 0.037500
0 0.537500 0.516667 0.041667 0.052083
0 0.082292 0.897917 0.043750 0.033333
0 0.079687 0.929688 0.044792 0.055208
0 0.570312 0.485938 0.038542 0.051042
0 0.234896 0.588021 0.053125 0.053125
0 0.891146 0.823438 0.046875 0.048958
0 0.156771 0.160417 0.026042 0.039583
0 0.914062 0.389062 0.048958 0.030208
0 0.547917 0.132292 0.047917 0.037500
0 0.606250 0.364063 0.054167 0.048958
0 0.196354 0.232813 0.044792 0.040625
0 0.908854 0.608854 0.021875 0.042708
0 0.419271 0.397396 0.026042 0.051042
0 0.692708 0.921354 0.025000 0.042708
0 0.464583 0.081771 0.039583 0.030208
0 0.604167 0.963021 0.029167 0.046875
0 0.662500 0.632812 0.029167 0.051042
0 0.415104 0.646875 0.038542 0.043750
0 0.245833 0.275521 0.050000 0.036458
0 0.753646 0.738021 0.042708 0.023958
0 0.172396 0.937500 0.036458 0.020833
0 0.598958 0.370833 0.033333 0.047917
0 0.196354 0.859375 0.048958 0.025000
0 0.275521 0.692708 0.026042 0.039583
0 0.724479 0.129688 0.044792 0.040625
0 0.359375 0.740104 0.037500 0.021875
0 0.427604 0.409896 0.032292 0.053125
0 0.257812 0.720313 0.044792 0.030208
0 0.731250 0.469792 0.022917 0.039583
0 0.352083 0.342708 0.041667 0.027083
0 0.801562 0.217708 0.053125 0.041667
0 0.667708 0.408854 0.043750 0.026042
0 0.310417 0.892708 0.033333 0.037500
0 0.576042 0.184896 0.039583 0.036458
0 0.950521 0.901042 0.053125 0.047917
0 0.831250 0.091667 0.043750 0.035417
0 0.635417 0.759375 0.025000 0.043750
0 0.251563 0.640625 0.034375 0.047917
0 0.902604 0.582292 0.042708 0.047917
0 0.567187 0.340625 0.030208 0.043750
0 0.614062 0.567708 0.038542 0.043750
0 0.958333 0.184896 0.020833 0.040625
0 0.530729 0.595833 0.044792 0.033333
0 0.269271 0.183333 0.028125 0.039583
0 0.736979 0.601562 0.040625 0.026042
0 0.293229 0.376042 0.032292 0.047917
0 0.376563 0.915104 0.036458 0.040625
0 0.233333 0.904167 0.041667 0.047917
0 0.621354 0.476042 0.028125 0.039583
0 0.941146 0.854167 0.051042 0.033333
0 0.764583 0.771875 0.025000 0.037500
0 0.902083 0.899479 0.052083 0.034375
0 0.931250 0.237500 0.047917 0.025000
0 0.094271 0.952083 0.053125 0.035417
0 0.350000 0.532813 0.039583 0.028125
0 0.438542 0.863021 0.037500 0.053125
0 0.453646 0.521354 0.032292 0.053125
0 0.238542 0.956250 0.039583 0.041667
0 0.371354 0.702083 0.021875 0.039583
0 0.328646 0.178646 0.042708 0.021875
0 0.405729 0.732292 0.042708 0.025000
0 0.615104 0.578646 0.026042 0.040625
0 0.829688 0.844792 0.048958 0.052083
0 0.157812 0.851042 0.034375 0.052083
0 0.819271 0.169271 0.038542 0.021875
0 0.110937 0.269792 0.034375 0.047917
0 0.434896 0.959896 0.038542 0.055208
0 0.139063 0.262500 0.042708 0.039583
0 0.206250 0.844792 0.022917 0.037500
0 0.393750 0.608854 0.045833 0.026042
0 0.300521 0.270833 0.038542 0.027083
0 0.780729 0.965104 0.044792 0.051042
0 0.883333 0.362500 0.041667 0.041667
0 0.856250 0.770312 0.039583 0.044792
0 0.522396 0.421354 0.030208 0.053125
0 0.804167 0.784896 0.031250 0.040625
0 0.931771 0.447917 0.044792 0.035417
0 0.353646 0.661979 0.034375 0.040625
0 0.386979 0.542188 0.051042 0.053125
0 0.593229 0.097396 0.042708 0.021875
0 0.381771 0.793750 0.038542 0.043750
0 0.133854 0.753125 0.021875 0.039583
0 0.420833 0.439063 0.045833 0.038542
0 0.747917 0.718229 0.047917 0.032292
0 0.515104 0.838542 0.048958 0.037500
0 0.582812 0.263542 0.036458 0.020833
0 0.203125 0.159375 0.025000 0.043750
0 0.107813 0.100000 0.034375 0.016667
0 0.810937 0.434896 0.040625 0.026042
0 0.875521 0.746875 0.038542 0.029167
0 0.573958 0.784375 0.029167 0.050000
0 0.619271 0.325000 0.042708 0.047917
0 0.415104 0.315104 0.040625 0.032292
0 0.675521 0.814583 0.038542 0.027083
0 0.606771 0.811458 0.044792 0.033333
0 0.135417 0.730729 0.039583 0.044792
0 0.240104 0.756250 0.053125 0.041667
0 0.398438 0.257812 0.040625 0.051042
0 0.513021 0.834896 0.046875 0.055208
0 0.291146 0.309896 0.044792 0.055208
0 0.218750 0.922396 0.045833 0.038542
0 0.502604 0.259375 0.036458 0.018750
0 0.294271 0.767188 0.046875 0.026042
0 0.179167 0.523958 0.033333 0.037500
0 0.760417 0.086979 0.029167 0.046875
0 0.380208 0.557813 0.031250 0.048958
0 0.613542 0.130729 0.043750 0.028125
0 0.075000 0.763021 0.029167 0.048958
0 0.186979 0.603646 0.048958 0.023958
0 0.576562 0.586979 0.030208 0.044792
0 0.258333 0.615625 0.035417 0.052083
0 0.160938 0.439583 0.042708 0.031250
0 0.280729 0.133854 0.044792 0.032292
0 0.832812 0.074479 0.019792 0.038542
0 0.813542 0.802083 0.041667 0.047917
0 0.877083 0.304167 0.041667 0.029167
0 0.708333 0.189062 0.027083 0.040625
0 0.296875 0.400000 0.033333 0.037500
0 0.269271 0.802083 0.038542 0.037500
0 0.293750 0.555729 0.052083 0.034375
0 0.631771 0.554167 0.036458 0.020833
0 0.110937 0.718750 0.030208 0.043750
0 0.333333 0.522396 0.025000 0.042708
0 0.157812 0.130208 0.036458 0.018750