0 0.351042 0.853125 0.029167 0.041667
0 0.919792 0.203125 0.052083 0.041667
0 0.243750 0.245312 0.043750 0.040625
0 0.864062 0.308333 0.053125 0.045833
0 0.904167 0.132812 0.047917 0.055208
0 0.945312 0.281250 0.038542 0.047917
0 0.606771 0.446875 0.042708 0.029167
0 0.264583 0.954167 0.035417 0.037500
0 0.919792 0.729688 0.025000 0.046875
0 0.428125 0.376563 0.027083 0.040625
0 0.806250 0.798958 0.041667 0.039583
0 0.434375 0.350000 0.047917 0.035417
0 0.941667 0.953646 0.033333 0.040625
0 0.395833 0.852083 0.037500 0.018750
0 0.778125 0.450521 0.052083 0.034375
0 0.415104 0.944271 0.046875 0.038542
0 0.309896 0.346354 0.028125 0.046875
0 0.458854 0.905208 0.032292 0.047917
0 0.555729 0.075521 0.042708 0.044792
0 0.604688 0.909375 0.032292 0.039583
0 0.228646 0.948438 0.038542 0.055208
0 0.523958 0.384375 0.047917 0.039583
0 0.701562 0.834896 0.048958 0.032292
0 0.631250 0.506250 0.039583 0.047917
0 0.809896 0.283333 0.032292 0.039583
0 0.691667 0.816146 0.025000 0.046875
0 0.875521 0.422917 0.046875 0.043750
0 0.617188 0.794271 0.040625 0.051042
0 0.778125 0.630729 0.041667 0.044792
0 0.806771 0.714063 0.044792 0.032292
0 0.473438 0.963021 0.044792 0.051042
0 0.418229 0.915625 0.032292 0.047917
0 0.972396 0.816667 0.051042 0.050000
0 0.780208 0.608854 0.043750 0.040625
0 0.694271 0.523958 0.032292 0.039583
0 0.679688 0.122396 0.046875 0.023958
0 0.568229 0.539062 0.044792 0.040625
0 0.303125 0.297396 0.045833 0.034375
0 0.278125 0.125000 0.037500 0.018750
0 0.433854 0.462500 0.048958 0.037500
0 0.940625 0.959896 0.054167 0.051042
0 0.383854 0.546354 0.040625 0.023958
0 0.095833 0.491146 0.035417 0.048958
0 0.563021 0.633333 0.040625 0.041667
0 0.254688 0.691146 0.032292 0.044792
0 0.891667 0.525521 0.045833 0.038542
0 0.369792 0.950000 0.041667 0.039583
0 0.272917 0.222396 0.047917 0.030208
0 0.913542 0.403646 0.022917 0.038542
0 0.095833 0.848958 0.050000 0.050000
0 0.376563 0.848958 0.038542 0.035417
0 0.104688 0.347396 0.038542 0.046875
0 0.459375 0.438542 0.022917 0.043750
0 0.793750 0.589583 0.035417 0.052083
0 0.715625 0.856250 0.043750 0.022917
0 0.888021 0.807813 0.023958 0.040625
0 0.189062 0.155208 0.038542 0.035417
0 0.946354 0.667708 0.044792 0.022917
0 0.539062 0.236979 0.048958 0.048958
0 0.188021 0.821875 0.032292 0.043750
0 0.490625 0.759896 0.045833 0.032292
0 0.330208 0.436979 0.039583 0.030208
0 0.491146 0.778646 0.044792 0.030208
0 0.603646 0.493229 0.034375 0.051042
0 0.263021 0.244271 0.021875 0.038542
0 0.332292 0.487500 0.047917 0.041667
0 0.362500 0.139583 0.031250 0.037500
0 0.114583 0.807292 0.039583 0.041667
0 0.521875 0.829688 0.027083 0.046875
0 0.898438 0.318750 0.042708 0.054167
0 0.125521 0.363542 0.044792 0.052083
0 0.261979 0.289062 0.044792 0.032292
0 0.201042 0.637500 0.035417 0.022917
0 0.790104 0.869792 0.042708 0.029167
0 0.589063 0.191667 0.023958 0.043750
0 0.256771 0.856250 0.048958 0.039583
0 0.257812 0.373437 0.038542 0.046875
0 0.381771 0.306250 0.048958 0.035417
0 0.719792 0.659896 0.039583 0.038542
0 0.268229 0.719271 0.042708 0.044792
0 0.809896 0.852604 0.040625 0.019792
0 0.148438 0.701562 0.026042 0.046875
0 0.488021 0.327604 0.040625 0.030208
0 0.518750 0.205729 0.025000 0.042708
0 0.884896 0.559375 0.048958 0.037500
0 0.075000 0.223438 0.043750 0.042708
0 0.325521 0.336979 0.040625 0.055208
0 0.519792 0.439583 0.047917 0.050000
0 0.505208 0.219271 0.027083 0.042708
0 0.950521 0.504167 0.038542 0.029167
0 0.747396 0.687500 0.051042 0.033333
0 0.903646 0.657292 0.028125 0.039583
0 0.478125 0.672917 0.029167 0.037500
0 0.856250 0.575521 0.043750 0.055208
0 0.342187 0.824479 0.053125 0.051042
0 0.350000 0.274479 0.050000 0.026042
0 0.231771 0.450000 0.038542 0.035417
0 0.931771 0.368229 0.036458 0.046875
0 0.473438 0.605729 0.040625 0.030208
0 0.263542 0.227604 0.041667 0.044792
0 0.226042 0.722396 0.043750 0.042708
0 0.905208 0.661458 0.035417 0.037500
0 0.612500 0.802604 0.027083 0.046875
0 0.586458 0.632812 0.041667 0.044792
0 0.634896 0.729167 0.023958 0.041667
0 0.334375 0.267708 0.043750 0.052083
0 0.196875 0.734375 0.052083 0.043750
0 0.888021 0.088542 0.026042 0.039583
0 0.846354 0.361458 0.034375 0.037500
0 0.894792 0.572917 0.020833 0.035417
0 0.219792 0.509375 0.041667 0.029167
0 0.650521 0.785937 0.040625 0.036458
0 0.491667 0.796875 0.043750 0.045833
0 0.634375 0.714063 0.045833 0.036458
0 0.623437 0.449479 0.046875 0.048958
0 0.745833 0.248958 0.052083 0.045833
0 0.497917 0.222917 0.037500 0.047917
0 0.519271 0.345833 0.048958 0.033333
0 0.492708 0.877604 0.039583 0.044792
0 0.637500 0.825521 0.045833 0.036458
0 0.666146 0.342187 0.038542 0.021875
0 0.406250 0.733854 0.050000 0.053125
0 0.595833 0.173958 0.041667 0.041667
0 0.732812 0.229687 0.038542 0.040625
0 0.881250 0.756771 0.043750 0.055208
0 0.628125 0.780729 0.041667 0.048958
0 0.598958 0.116146 0.054167 0.040625
0 0.527604 0.705729 0.053125 0.034375
0 0.647396 0.879167 0.021875 0.039583
0 0.780208 0.394792 0.035417 0.043750
0 0.385417 0.961979 0.037500 0.053125
0 0.504167 0.875521 0.045833 0.055208
0 0.577604 0.454688 0.036458 0.046875
0 0.884375 0.821875 0.022917 0.043750
0 0.879167 0.609375 0.050000 0.050000
0 0.833854 0.084375 0.051042 0.031250
0 0.316146 0.202083 0.038542 0.031250
0 0.729688 0.433854 0.023958 0.038542
0 0.638542 0.842708 0.043750 0.033333
0 0.148958 0.438542 0.037500 0.041667
0 0.540104 0.275521 0.038542 0.038542
0 0.921354 0.367708 0.040625 0.052083
0 0.322917 0.192188 0.025000 0.042708
0 0.578646 0.618229 0.040625 0.051042
0 0.630208 0.279167 0.037500 0.035417
0 0.510417 0.506250 0.022917 0.039583
0 0.236979 0.119792 0.038542 0.047917
0 0.161979 0.100000 0.051042 0.033333
0 0.785937 0.782292 0.044792 0.022917
0 0.367188 0.921875 0.026042 0.045833
0 0.459375 0.140625 0.041667 0.047917
0 0.551042 0.514062 0.050000 0.042708
0 0.735938 0.293229 0.040625 0.023958
0 0.759375 0.300000 0.052083 0.047917
0 0.326042 0.713542 0.025000 0.041667
0 0.223958 0.726562 0.050000 0.053125
0 0.223438 0.173958 0.038542 0.035417
0 0.413021 0.175521 0.051042 0.038542
0 0.748958 0.516146 0.039583 0.030208
0 0.120313 0.528125 0.038542 0.033333
0 0.632292 0.815104 0.054167 0.048958
0 0.592187 0.351042 0.051042 0.033333
0 0.639583 0.557813 0.047917 0.053125
0 0.702604 0.409896 0.040625 0.051042
0 0.480729 0.397396 0.046875 0.038542
0 0.458854 0.897917 0.042708 0.047917
0 0.834375 0.076042 0.037500 0.041667
0 0.827083 0.950521 0.047917 0.032292
0 0.726042 0.614062 0.047917 0.030208
0 0.862500 0.377083 0.022917 0.043750
0 0.600521 0.369271 0.032292 0.040625
0 0.084896 0.386458 0.034375 0.043750
0 0.402604 0.097396 0.044792 0.042708
0 0.579688 0.640625 0.021875 0.043750
0 0.123958 0.954688 0.037500 0.040625
0 0.476042 0.618229 0.039583 0.034375
0 0.491667 0.610417 0.043750 0.052083
0 0.106771 0.930208 0.034375 0.043750
0 0.340625 0.126562 0.027083 0.040625
0 0.081771 0.484896 0.042708 0.021875
0 0.737500 0.071875 0.033333 0.037500
0 0.239063 0.662500 0.023958 0.047917
0 0.311458 0.845313 0.031250 0.040625
0 0.522396 0.230208 0.042708 0.039583
0 0.184896 0.321875 0.040625 0.047917
0 0.525000 0.715104 0.037500 0.021875
0 0.468750 0.490625 0.045833 0.052083
0 0.498958 0.215104 0.027083 0.038542
0 0.158854 0.282292 0.042708 0.027083
0 0.960417 0.537500 0.045833 0.043750
0 0.097396 0.348958 0.046875 0.029167
0 0.489583 0.818229 0.050000 0.036458
0 0.308333 0.136458 0.047917 0.039583
0 0.088021 0.168229 0.053125 0.051042
0 0.695312 0.224479 0.051042 0.042708
0 0.720313 0.749479 0.051042 0.038542
0 0.241667 0.704688 0.045833 0.038542
0 0.534896 0.336458 0.026042 0.037500
0 0.467187 0.318750 0.042708 0.025000
0 0.288021 0.214583 0.051042 0.031250
0 0.392188 0.778646 0.055208 0.044792
0 0.109375 0.729688 0.037500 0.019792
0 0.471354 0.605729 0.055208 0.046875
0 0.292708 0.796875 0.027083 0.047917
0 0.307292 0.828125 0.025000 0.037500
0 0.764583 0.739062 0.037500 0.019792
0 0.608854 0.620313 0.034375 0.046875
0 0.934375 0.189583 0.020833 0.039583
0 0.835938 0.807813 0.048958 0.032292
0 0.228125 0.572396 0.052083 0.032292
0 0.831771 0.723958 0.036458 0.043750
0 0.466146 0.304167 0.046875 0.045833
0 0.441146 0.182812 0.038542 0.019792
0 0.091146 0.723958 0.038542 0.043750
0 0.693229 0.075521 0.038542 0.040625
0 0.369792 0.509896 0.039583 0.038542
0 0.494792 0.265625 0.043750 0.045833
0 0.811979 0.460417 0.044792 0.052083
0 0.161458 0.848958 0.045833 0.043750
0 0.892188 0.923958 0.046875 0.029167
0 0.697917 0.247396 0.039583 0.044792
0 0.562500 0.721354 0.050000 0.040625
0 0.721354 0.667708 0.051042 0.031250
0 0.904167 0.516146 0.041667 0.023958
0 0.395833 0.859896 0.022917 0.042708
0 0.705208 0.135937 0.041667 0.021875
0 0.683854 0.133333 0.046875 0.022917
0 0.652604 0.675521 0.048958 0.055208
0 0.263021 0.937500 0.046875 0.052083
0 0.569271 0.704167 0.036458 0.052083
0 0.560937 0.885417 0.044792 0.033333
0 0.456771 0.843750 0.048958 0.037500
0 0.320833 0.927083 0.035417 0.043750
0 0.698438 0.554167 0.044792 0.052083
0 0.884375 0.974479 0.035417 0.053125
0 0.733854 0.323437 0.055208 0.040625
0 0.117708 0.877083 0.039583 0.022917
0 0.789062 0.875000 0.046875 0.033333
0 0.441146 0.858854 0.046875 0.036458
0 0.744792 0.603646 0.020833 0.038542
0 0.540625 0.509896 0.050000 0.040625
0 0.343750 0.318229 0.047917 0.023958
0 0.759896 0.372396 0.028125 0.044792
0 0.648958 0.260417 0.050000 0.047917
0 0.811979 0.793750 0.044792 0.045833
0 0.895833 0.576562 0.043750 0.028125
0 0.474479 0.926042 0.051042 0.033333
0 0.898958 0.106771 0.050000 0.036458
0 0.259375 0.909896 0.029167 0.040625
0 0.768750 0.433854 0.041667 0.042708
0 0.730729 0.515625 0.044792 0.037500
0 0.694792 0.339062 0.041667 0.044792
0 0.305208 0.850521 0.050000 0.038542
0 0.873437 0.553646 0.044792 0.055208
0 0.702083 0.227083 0.022917 0.039583
0 0.776042 0.737500 0.031250 0.037500
0 0.638021 0.604688 0.044792 0.055208
0 0.867188 0.340625 0.042708 0.039583
0 0.887500 0.441667 0.041667 0.037500
0 0.652083 0.101562 0.027083 0.042708
0 0.201042 0.370312 0.035417 0.040625
0 0.950000 0.626563 0.043750 0.040625
0 0.291667 0.881771 0.022917 0.040625
0 0.220312 0.839583 0.044792 0.047917
0 0.147917 0.630729 0.025000 0.044792
0 0.433333 0.695312 0.029167 0.040625
0 0.542188 0.936458 0.036458 0.052083
0 0.295833 0.197396 0.041667 0.021875
0 0.401042 0.872917 0.035417 0.035417
0 0.183854 0.694792 0.036458 0.043750
0 0.529167 0.866146 0.045833 0.036458
0 0.936979 0.932813 0.034375 0.053125
0 0.760417 0.240625 0.037500 0.025000
0 0.845313 0.865625 0.036458 0.043750
0 0.723437 0.160938 0.046875 0.028125
0 0.208333 0.783854 0.027083 0.038542
0 0.354687 0.400521 0.051042 0.040625
0 0.573958 0.436458 0.022917 0.045833
0 0.928646 0.245833 0.042708 0.037500
0 0.216146 0.659375 0.038542 0.047917
0 0.943229 0.316667 0.038542 0.025000
0 0.129688 0.724479 0.030208 0.044792
0 0.570833 0.408333 0.025000 0.041667
0 0.700000 0.206250 0.041667 0.047917
0 0.575521 0.325521 0.032292 0.040625
0 0.871354 0.468229 0.055208 0.046875
0 0.205729 0.653646 0.046875 0.048958
0 0.524479 0.677604 0.028125 0.051042
0 0.893229 0.218750 0.034375 0.039583
0 0.094271 0.236458 0.032292 0.052083
0 0.435417 0.756250 0.029167 0.041667
0 0.421875 0.264583 0.050000 0.050000
0 0.532813 0.144271 0.048958 0.028125
0 0.320833 0.598958 0.037500 0.031250
0 0.231771 0.840625 0.038542 0.043750
0 0.910417 0.925521 0.033333 0.053125
0 0.394271 0.668229 0.030208 0.048958
0 0.084375 0.255208 0.025000 0.047917
0 0.443229 0.469792 0.044792 0.047917
0 0.762500 0.760417 0.025000 0.041667
0 0.271875 0.459896 0.050000 0.038542
0 0.237500 0.533854 0.050000 0.038542
0 0.759896 0.129688 0.032292 0.053125
0 0.745833 0.945833 0.031250 0.050000
0 0.940625 0.612500 0.039583 0.041667
0 0.780729 0.653646 0.053125 0.032292
0 0.915104 0.910937 0.026042 0.051042
0 0.114583 0.244792 0.018750 0.035417
0 0.681250 0.381771 0.045833 0.032292
0 0.585938 0.515104 0.038542 0.019792
0 0.517188 0.344271 0.044792 0.055208
0 0.396875 0.143229 0.037500 0.044792
0 0.636458 0.201563 0.039583 0.055208
0 0.117188 0.890104 0.053125 0.053125
0 0.107813 0.763542 0.034375 0.037500
0 0.936979 0.683854 0.042708 0.023958
0 0.245312 0.924479 0.030208 0.048958
0 0.948958 0.668229 0.054167 0.046875
0 0.965625 0.891667 0.043750 0.035417
0 0.528646 0.922917 0.048958 0.033333
0 0.636979 0.715625 0.023958 0.037500
0 0.645833 0.630729 0.031250 0.040625
0 0.960417 0.952604 0.033333 0.044792
0 0.088542 0.710938 0.037500 0.044792
0 0.536458 0.403646 0.039583 0.038542
0 0.475000 0.636979 0.043750 0.030208
0 0.901563 0.600521 0.053125 0.030208
0 0.784375 0.331250 0.043750 0.031250
0 0.880729 0.096354 0.046875 0.048958
0 0.811458 0.477083 0.037500 0.033333
0 0.886979 0.848437 0.032292 0.053125
0 0.729167 0.545833 0.052083 0.037500
0 0.647917 0.531771 0.037500 0.048958
0 0.794271 0.441667 0.046875 0.031250
0 0.261979 0.777083 0.053125 0.041667
0 0.218750 0.464583 0.039583 0.052083
0 0.627083 0.605208 0.022917 0.037500
0 0.854688 0.520312 0.042708 0.051042
0 0.670312 0.270833 0.019792 0.035417
0 0.439583 0.292187 0.041667 0.055208
0 0.568750 0.366667 0.043750 0.045833
0 0.566667 0.251563 0.031250 0.044792
0 0.944271 0.132292 0.053125 0.045833
0 0.383333 0.078646 0.052083 0.053125
0 0.306250 0.856250 0.041667 0.037500
0 0.828646 0.472396 0.046875 0.034375
0 0.179688 0.888542 0.038542 0.033333
0 0.839583 0.900000 0.045833 0.043750
0 0.240625 0.479167 0.047917 0.037500
0 0.236458 0.333333 0.033333 0.037500
0 0.691146 0.729167 0.030208 0.039583
0 0.304167 0.197917 0.027083 0.041667
0 0.572396 0.135417 0.036458 0.043750
0 0.612500 0.081771 0.041667 0.032292
0 0.659896 0.522917 0.032292 0.052083
0 0.553125 0.285417 0.035417 0.037500
0 0.273958 0.259375 0.037500 0.033333
0 0.400521 0.592708 0.028125 0.039583
0 0.480208 0.164062 0.027083 0.048958
0 0.763021 0.730208 0.019792 0.037500
0 0.766667 0.464583 0.041667 0.041667
0 0.632812 0.596354 0.032292 0.046875
0 0.502083 0.961979 0.052083 0.034375
0 0.458854 0.184896 0.036458 0.040625
0 0.109896 0.927604 0.028125 0.051042
0 0.728125 0.460938 0.047917 0.032292
0 0.456250 0.233854 0.050000 0.042708
0 0.336979 0.650000 0.038542 0.043750
0 0.629167 0.708854 0.035417 0.044792
0 0.779687 0.544792 0.023958 0.041667
0 0.882812 0.249479 0.034375 0.048958
0 0.700000 0.569271 0.039583 0.044792
0 0.381250 0.951042 0.047917 0.035417
0 0.364583 0.338021 0.027083 0.046875
0 0.897396 0.741667 0.051042 0.047917
0 0.096354 0.405208 0.046875 0.043750
0 0.905729 0.245833 0.034375 0.039583
0 0.689583 0.095833 0.043750 0.052083
0 0.225521 0.442708 0.048958 0.037500
0 0.772917 0.504167 0.050000 0.047917
0 0.390625 0.411979 0.035417 0.040625
0 0.185938 0.495833 0.046875 0.045833
0 0.359375 0.660417 0.037500 0.025000
0 0.570312 0.818750 0.034375 0.039583
0 0.070833 0.107813 0.031250 0.053125
0 0.445312 0.166146 0.032292 0.053125
0 0.157812 0.538021 0.044792 0.051042
0 0.909375 0.343750 0.041667 0.039583
0 0.891146 0.696354 0.053125 0.034375
0 0.304167 0.782292 0.029167 0.050000
0 0.668229 0.421875 0.023958 0.041667
0 0.270833 0.214583 0.025000 0.043750
0 0.564063 0.331250 0.044792 0.045833
0 0.941146 0.464583 0.023958 0.041667
0 0.565104 0.451562 0.051042 0.055208
0 0.349479 0.968229 0.044792 0.048958
0 0.593750 0.911458 0.047917 0.039583
0 0.586979 0.805729 0.036458 0.040625
0 0.772917 0.264062 0.050000 0.053125
0 0.572396 0.494792 0.048958 0.027083
0 0.302083 0.109375 0.031250 0.041667
0 0.226562 0.320833 0.021875 0.037500
0 0.744271 0.760417 0.036458 0.020833
0 0.244792 0.156771 0.043750 0.042708
0 0.102083 0.414062 0.016667 0.034375
0 0.078125 0.410938 0.041667 0.023958
0 0.097917 0.846875 0.041667 0.047917
0 0.671354 0.816667 0.044792 0.052083
0 0.523438 0.832812 0.053125 0.034375
0 0.328125 0.470833 0.041667 0.029167
0 0.583333 0.112500 0.041667 0.052083
0 0.132292 0.803125 0.045833 0.033333
0 0.803646 0.394792 0.046875 0.052083
0 0.421354 0.630729 0.046875 0.038542
0 0.157812 0.421354 0.046875 0.040625
0 0.622396 0.123958 0.053125 0.043750
0 0.575000 0.295312 0.031250 0.051042
0 0.261458 0.231250 0.029167 0.045833
0 0.529167 0.821875 0.041667 0.025000
0 0.892188 0.081771 0.040625 0.036458
0 0.960417 0.294792 0.031250 0.050000
0 0.878646 0.077604 0.048958 0.044792
0 0.181771 0.609375 0.040625 0.022917
0 0.342708 0.732292 0.027083 0.041667
0 0.872917 0.471875 0.043750 0.045833
0 0.701562 0.675521 0.051042 0.042708
0 0.436979 0.340625 0.048958 0.033333
0 0.406771 0.590104 0.051042 0.053125
0 0.450521 0.770312 0.046875 0.055208
0 0.882812 0.877083 0.053125 0.037500
0 0.121354 0.576042 0.021875 0.037500
0 0.354687 0.893229 0.048958 0.046875
0 0.702604 0.945833 0.021875 0.037500
0 0.430208 0.427083 0.037500 0.047917
0 0.806771 0.600000 0.032292 0.039583
0 0.580729 0.320312 0.023958 0.042708
0 0.223958 0.644271 0.043750 0.026042
0 0.466146 0.693229 0.034375 0.053125
0 0.783854 0.627083 0.021875 0.043750
0 0.456250 0.771875 0.041667 0.052083
0 0.482812 0.558333 0.044792 0.052083
0 0.572396 0.120833 0.028125 0.043750
0 0.428125 0.134375 0.031250 0.037500
0 0.702604 0.509896 0.048958 0.032292
0 0.801562 0.747396 0.051042 0.036458
0 0.119792 0.940625 0.052083 0.041667
0 0.655729 0.292187 0.053125 0.032292
0 0.404167 0.854167 0.039583 0.047917
0 0.272917 0.932292 0.037500 0.035417
0 0.738021 0.472396 0.028125 0.044792
0 0.076563 0.211458 0.046875 0.027083
0 0.418229 0.759896 0.048958 0.055208
0 0.781250 0.078125 0.052083 0.039583
0 0.193750 0.261458 0.039583 0.022917
0 0.177604 0.639062 0.021875 0.038542
0 0.895312 0.627604 0.038542 0.051042
0 0.807813 0.493750 0.026042 0.039583
0 0.785937 0.195312 0.044792 0.026042
0 0.548958 0.883333 0.025000 0.041667
0 0.428125 0.853646 0.031250 0.044792
0 0.760417 0.223438 0.045833 0.055208
0 0.267708 0.497396 0.020833 0.036458
0 0.887500 0.213021 0.037500 0.038542
0 0.618750 0.720833 0.050000 0.029167
0 0.421354 0.576042 0.034375 0.043750
0 0.461458 0.660937 0.050000 0.053125
0 0.215625 0.445833 0.043750 0.045833
0 0.210417 0.724479 0.029167 0.040625
0 0.911458 0.471875 0.043750 0.045833
0 0.396875 0.258854 0.033333 0.048958
0 0.952604 0.779687 0.055208 0.042708
0 0.145313 0.803125 0.048958 0.052083
0 0.186458 0.931250 0.035417 0.037500
0 0.528646 0.222396 0.046875 0.026042
0 0.512500 0.297396 0.037500 0.044792
0 0.385417 0.255729 0.029167 0.040625
0 0.599479 0.523438 0.023958 0.042708
0 0.668750 0.610938 0.027083 0.040625
0 0.387500 0.504687 0.041667 0.032292
0 0.642708 0.942187 0.031250 0.048958
0 0.176042 0.472917 0.037500 0.041667
0 0.601562 0.909896 0.053125 0.034375
0 0.339583 0.269271 0.039583 0.030208
0 0.617188 0.121354 0.055208 0.044792
0 0.102083 0.839583 0.031250 0.037500
0 0.638542 0.839063 0.039583 0.030208
0 0.915625 0.110417 0.050000 0.029167
0 0.142708 0.794792 0.047917 0.027083
0 0.199479 0.147396 0.044792 0.040625
0 0.792188 0.919792 0.042708 0.037500
0 0.722396 0.223438 0.051042 0.044792
0 0.889583 0.777083 0.037500 0.027083
0 0.119792 0.613542 0.037500 0.035417
0 0.095312 0.648438 0.044792 0.028125
0 0.129167 0.872917 0.033333 0.037500
0 0.720833 0.694271 0.054167 0.048958
0 0.645833 0.346875 0.043750 0.033333
0 0.873958 0.103646 0.033333 0.053125
0 0.864062 0.296875 0.032292 0.047917
0 0.620313 0.555208 0.048958 0.037500
0 0.761979 0.812500 0.053125 0.039583
0 0.256250 0.656771 0.043750 0.055208
0 0.435417 0.541146 0.039583 0.038542
0 0.805208 0.361979 0.050000 0.042708
0 0.681771 0.104167 0.023958 0.041667
0 0.387500 0.463542 0.031250 0.050000
0 0.277604 0.637500 0.042708 0.025000
0 0.579688 0.359375 0.051042 0.033333
0 0.493229 0.254688 0.040625 0.044792
0 0.115104 0.206250 0.053125 0.035417
0 0.897396 0.520833 0.028125 0.043750
0 0.106250 0.604688 0.039583 0.038542
0 0.736979 0.494792 0.048958 0.052083
0 0.665104 0.083333 0.048958 0.041667
0 0.449479 0.480208 0.042708 0.039583
0 0.571354 0.528646 0.048958 0.046875
0 0.253125 0.467708 0.037500 0.018750
0 0.819792 0.303125 0.029167 0.045833
0 0.682813 0.344792 0.051042 0.050000
0 0.788542 0.465625 0.052083 0.045833
0 0.092708 0.692187 0.052083 0.053125
0 0.327604 0.338021 0.044792 0.030208
0 0.331250 0.508333 0.045833 0.031250
0 0.434375 0.140625 0.037500 0.027083
0 0.942187 0.830729 0.030208 0.044792
0 0.086979 0.145313 0.023958 0.046875
0 0.775521 0.875000 0.048958 0.037500
0 0.137500 0.270313 0.039583 0.036458
0 0.715104 0.814583 0.038542 0.027083
0 0.210938 0.376042 0.038542 0.022917
0 0.494792 0.803125 0.052083 0.045833
0 0.468750 0.695833 0.047917 0.027083
0 0.234896 0.916146 0.046875 0.038542
0 0.361458 0.380729 0.045833 0.038542
0 0.735417 0.720313 0.039583 0.036458
0 0.327604 0.201563 0.042708 0.023958
0 0.111458 0.118750 0.039583 0.020833
0 0.821875 0.520833 0.039583 0.041667
0 0.751563 0.838542 0.040625 0.047917
0 0.109375 0.388021 0.039583 0.044792
0 0.424479 0.215625 0.051042 0.050000
0 0.072917 0.105729 0.025000 0.038542
0 0.228125 0.148438 0.050000 0.053125
0 0.194792 0.657813 0.035417 0.040625
0 0.098437 0.522917 0.051042 0.031250
0 0.454167 0.714063 0.039583 0.036458
0 0.461458 0.409896 0.039583 0.032292
0 0.287500 0.965104 0.043750 0.042708
0 0.136458 0.767188 0.045833 0.036458
0 0.775000 0.873958 0.022917 0.039583
0 0.077604 0.811458 0.040625 0.047917
0 0.645312 0.482812 0.040625 0.038542
0 0.169792 0.244271 0.041667 0.048958
0 0.551562 0.179688 0.051042 0.038542
0 0.311979 0.624479 0.048958 0.055208
0 0.211458 0.824479 0.043750 0.028125
0 0.758854 0.181771 0.051042 0.038542
0 0.688021 0.818750 0.036458 0.037500
0 0.877604 0.875000 0.026042 0.039583
0 0.126562 0.934896 0.044792 0.026042
0 0.102083 0.166667 0.031250 0.041667
0 0.478125 0.934375 0.041667 0.039583
0 0.170833 0.928646 0.045833 0.038542
0 0.176563 0.740104 0.055208 0.042708
0 0.644271 0.865625 0.032292 0.039583
0 0.274479 0.774479 0.026042 0.044792
0 0.737500 0.183854 0.029167 0.040625
0 0.251042 0.795312 0.035417 0.048958
0 0.836979 0.536979 0.046875 0.040625
0 0.682292 0.145833 0.037500 0.043750
0 0.127083 0.862500 0.031250 0.045833
0 0.571354 0.930729 0.051042 0.026042
0 0.669792 0.450000 0.039583 0.047917
0 0.281771 0.431250 0.046875 0.031250
0 0.820312 0.868750 0.032292 0.047917
0 0.638542 0.450521 0.022917 0.038542
0 0.823958 0.592187 0.027083 0.040625
0 0.716667 0.260937 0.043750 0.021875
0 0.400521 0.116146 0.053125 0.051042
0 0.120313 0.146354 0.028125 0.044792
0 0.513542 0.734896 0.039583 0.030208
0 0.373437 0.418229 0.051042 0.053125
0 0.545833 0.433854 0.039583 0.026042
0 0.440104 0.478125 0.042708 0.047917
0 0.783333 0.585938 0.039583 0.030208
0 0.618229 0.768229 0.030208 0.048958
0 0.820833 0.432292 0.039583 0.020833
0 0.529687 0.705729 0.051042 0.040625
0 0.798958 0.179167 0.045833 0.052083
0 0.818750 0.582292 0.037500 0.047917
0 0.222396 0.563021 0.053125 0.051042
0 0.228125 0.820312 0.037500 0.040625
0 0.482812 0.431250 0.048958 0.035417
0 0.254688 0.248438 0.032292 0.048958
0 0.871875 0.735938 0.031250 0.044792
0 0.074479 0.832292 0.021875 0.039583
0 0.238021 0.804688 0.026042 0.046875
0 0.290104 0.294792 0.038542 0.031250
0 0.801562 0.934375 0.042708 0.029167
0 0.253646 0.876563 0.051042 0.044792
0 0.705208 0.601562 0.037500 0.021875
0 0.131250 0.180729 0.037500 0.038542
0 0.506250 0.247917 0.045833 0.043750
0 0.732812 0.427604 0.040625 0.044792
0 0.448958 0.823438 0.050000 0.038542
0 0.375521 0.326562 0.023958 0.040625
0 0.081250 0.344271 0.041667 0.055208
0 0.840625 0.072917 0.043750 0.033333
0 0.779687 0.507292 0.036458 0.047917
0 0.521875 0.581771 0.043750 0.048958
0 0.859375 0.252083 0.041667 0.025000
0 0.735417 0.404687 0.047917 0.053125
0 0.240104 0.230208 0.023958 0.041667
0 0.573438 0.891146 0.040625 0.038542
0 0.406250 0.800000 0.025000 0.043750
0 0.240625 0.259375 0.047917 0.052083
0 0.610417 0.685417 0.050000 0.050000
0 0.929688 0.368229 0.026042 0.044792
0 0.794271 0.922396 0.038542 0.051042
0 0.632812 0.840625 0.038542 0.052083
0 0.717708 0.569792 0.020833 0.035417
0 0.736458 0.837500 0.033333 0.037500
0 0.369271 0.547917 0.046875 0.029167
0 0.140104 0.340625 0.048958 0.035417
0 0.418229 0.938542 0.038542 0.033333
0 0.152083 0.191146 0.039583 0.053125
0 0.357292 0.122396 0.031250 0.053125
0 0.944792 0.259896 0.035417 0.048958
0 0.898438 0.471354 0.044792 0.026042
0 0.442188 0.445833 0.036458 0.037500
0 0.879687 0.842708 0.044792 0.045833
0 0.130208 0.537500 0.039583 0.047917
0 0.271354 0.730208 0.038542 0.025000
0 0.900521 0.937500 0.053125 0.039583
0 0.318750 0.180729 0.039583 0.044792
0 0.190104 0.289062 0.023958 0.040625
0 0.434375 0.500000 0.029167 0.041667
0 0.536979 0.557292 0.026042 0.041667
0 0.750000 0.909375 0.035417 0.037500
0 0.846875 0.341667 0.039583 0.041667
0 0.152083 0.711979 0.027083 0.051042
0 0.532813 0.332292 0.044792 0.045833
0 0.146875 0.622396 0.054167 0.040625
0 0.532292 0.966146 0.050000 0.053125
0 0.647396 0.542708 0.023958 0.043750
0 0.858854 0.711458 0.046875 0.045833
0 0.083854 0.738542 0.032292 0.047917
0 0.717708 0.380729 0.037500 0.038542
0 0.131250 0.454688 0.041667 0.048958
0 0.962500 0.297917 0.050000 0.031250
0 0.723437 0.841667 0.036458 0.037500
0 0.206771 0.471354 0.040625 0.046875
0 0.915104 0.892188 0.036458 0.040625
0 0.458854 0.258333 0.019792 0.035417
0 0.201563 0.355208 0.038542 0.025000
0 0.586979 0.847917 0.023958 0.041667
0 0.557292 0.380729 0.052083 0.051042
0 0.648958 0.807292 0.041667 0.027083
0 0.821354 0.670312 0.055208 0.038542
0 0.535417 0.233333 0.047917 0.035417
0 0.621354 0.213542 0.034375 0.039583
0 0.579167 0.669271 0.027083 0.040625
0 0.897396 0.662500 0.038542 0.052083
0 0.553646 0.563542 0.040625 0.054167